solid CATIA STL
  facet normal  0.000000e+000 -1.000000e+000  0.000000e+000
    outer loop
      vertex -4.531250e-001 -2.968750e-001 -2.656250e-001
      vertex -4.495222e-001 -2.968750e-001 -3.022044e-001
      vertex -4.388524e-001 -2.968750e-001 -3.373781e-001
    endloop
  endfacet
  facet normal  0.000000e+000 -1.000000e+000  0.000000e+000
    outer loop
      vertex -4.531250e-001 -2.968750e-001 -2.656250e-001
      vertex -4.388524e-001 -2.968750e-001 -3.373781e-001
      vertex -4.215255e-001 -2.968750e-001 -3.697944e-001
    endloop
  endfacet
  facet normal  0.000000e+000 -1.000000e+000  0.000000e+000
    outer loop
      vertex -4.531250e-001 -2.968750e-001 -2.656250e-001
      vertex -4.215255e-001 -2.968750e-001 -3.697944e-001
      vertex -3.982075e-001 -2.968750e-001 -3.982075e-001
    endloop
  endfacet
  facet normal  0.000000e+000 -1.000000e+000  0.000000e+000
    outer loop
      vertex -4.531250e-001 -2.968750e-001 -2.656250e-001
      vertex -3.982075e-001 -2.968750e-001 -3.982075e-001
      vertex -3.697944e-001 -2.968750e-001 -4.215255e-001
    endloop
  endfacet
  facet normal  0.000000e+000 -1.000000e+000  0.000000e+000
    outer loop
      vertex -4.531250e-001 -2.968750e-001 -2.656250e-001
      vertex -3.697944e-001 -2.968750e-001 -4.215255e-001
      vertex -3.373781e-001 -2.968750e-001 -4.388524e-001
    endloop
  endfacet
  facet normal  0.000000e+000 -1.000000e+000  0.000000e+000
    outer loop
      vertex -4.531250e-001 -2.968750e-001 -2.656250e-001
      vertex -3.373781e-001 -2.968750e-001 -4.388524e-001
      vertex -3.022044e-001 -2.968750e-001 -4.495222e-001
    endloop
  endfacet
  facet normal  0.000000e+000 -1.000000e+000  0.000000e+000
    outer loop
      vertex -4.531250e-001 -2.968750e-001 -2.656250e-001
      vertex -3.022044e-001 -2.968750e-001 -4.495222e-001
      vertex -2.656250e-001 -2.968750e-001 -4.531250e-001
    endloop
  endfacet
  facet normal  0.000000e+000 -1.000000e+000  0.000000e+000
    outer loop
      vertex -4.531250e-001 -2.968750e-001 -2.656250e-001
      vertex -2.656250e-001 -2.968750e-001 -4.531250e-001
      vertex  4.453125e-001 -2.968750e-001 -4.531250e-001
    endloop
  endfacet
  facet normal  0.000000e+000 -9.999999e-001  0.000000e+000
    outer loop
      vertex -4.531250e-001 -2.968750e-001 -2.656250e-001
      vertex  4.453125e-001 -2.968750e-001 -4.531250e-001
      vertex  4.453125e-001 -2.968750e-001  4.453125e-001
    endloop
  endfacet
  facet normal  -0.000000e+000 -9.999999e-001  0.000000e+000
    outer loop
      vertex -4.531250e-001 -2.968750e-001 -2.656250e-001
      vertex  4.453125e-001 -2.968750e-001  4.453125e-001
      vertex -4.531250e-001 -2.968750e-001  4.453125e-001
    endloop
  endfacet
  facet normal -5.551115e-017  9.999999e-001 -5.551115e-017
    outer loop
      vertex -4.531250e-001  1.040834e-017 -2.656250e-001
      vertex -4.531250e-001  4.987330e-017  4.453125e-001
      vertex  4.453125e-001  9.974660e-017  4.453125e-001
    endloop
  endfacet
  facet normal -5.551115e-017  9.999999e-001 -5.551115e-017
    outer loop
      vertex -4.531250e-001  1.040834e-017 -2.656250e-001
      vertex  4.453125e-001  9.974660e-017  4.453125e-001
      vertex  4.453125e-001  4.987330e-017 -4.531250e-001
    endloop
  endfacet
  facet normal -5.551115e-017  1.000000e+000 -5.551115e-017
    outer loop
      vertex -4.531250e-001  1.040834e-017 -2.656250e-001
      vertex  4.453125e-001  4.987330e-017 -4.531250e-001
      vertex -2.656250e-001  1.040834e-017 -4.531250e-001
    endloop
  endfacet
  facet normal -5.551118e-017  1.000000e+000 -5.551118e-017
    outer loop
      vertex -4.531250e-001  1.040834e-017 -2.656250e-001
      vertex -2.656250e-001  1.040834e-017 -4.531250e-001
      vertex -3.022044e-001  8.577768e-018 -4.495222e-001
    endloop
  endfacet
  facet normal -5.551116e-017  1.000000e+000 -5.551116e-017
    outer loop
      vertex -4.531250e-001  1.040834e-017 -2.656250e-001
      vertex -3.022044e-001  8.577768e-018 -4.495222e-001
      vertex -3.373781e-001  7.217529e-018 -4.388524e-001
    endloop
  endfacet
  facet normal -5.551113e-017  1.000000e+000 -5.551114e-017
    outer loop
      vertex -4.531250e-001  1.040834e-017 -2.656250e-001
      vertex -3.373781e-001  7.217529e-018 -4.388524e-001
      vertex -3.697944e-001  6.379898e-018 -4.215255e-001
    endloop
  endfacet
  facet normal -5.551118e-017  1.000000e+000 -5.551117e-017
    outer loop
      vertex -4.531250e-001  1.040834e-017 -2.656250e-001
      vertex -3.697944e-001  6.379898e-018 -4.215255e-001
      vertex -3.982075e-001  6.097065e-018 -3.982075e-001
    endloop
  endfacet
  facet normal -5.551113e-017  1.000000e+000 -5.551114e-017
    outer loop
      vertex -4.531250e-001  1.040834e-017 -2.656250e-001
      vertex -3.982075e-001  6.097065e-018 -3.982075e-001
      vertex -4.215255e-001  6.379898e-018 -3.697944e-001
    endloop
  endfacet
  facet normal -5.551122e-017  1.000000e+000 -5.551118e-017
    outer loop
      vertex -4.531250e-001  1.040834e-017 -2.656250e-001
      vertex -4.215255e-001  6.379898e-018 -3.697944e-001
      vertex -4.388524e-001  7.217529e-018 -3.373781e-001
    endloop
  endfacet
  facet normal -5.551126e-017  1.000000e+000 -5.551118e-017
    outer loop
      vertex -4.531250e-001  1.040834e-017 -2.656250e-001
      vertex -4.388524e-001  7.217529e-018 -3.373781e-001
      vertex -4.495222e-001  8.577768e-018 -3.022044e-001
    endloop
  endfacet
  facet normal -1.000000e+000  -0.000000e+000  0.000000e+000
    outer loop
      vertex -4.531250e-001 -2.968750e-001  4.453125e-001
      vertex -4.531250e-001  4.987330e-017  4.453125e-001
      vertex -4.531250e-001 -2.968750e-001 -2.656250e-001
    endloop
  endfacet
  facet normal -1.000000e+000  0.000000e+000  0.000000e+000
    outer loop
      vertex -4.531250e-001 -2.968750e-001 -2.656250e-001
      vertex -4.531250e-001  4.987330e-017  4.453125e-001
      vertex -4.531250e-001  1.040834e-017 -2.656250e-001
    endloop
  endfacet
  facet normal  0.000000e+000  0.000000e+000 -1.000000e+000
    outer loop
      vertex -2.656250e-001 -2.968750e-001 -4.531250e-001
      vertex -2.656250e-001  1.040834e-017 -4.531250e-001
      vertex  4.453125e-001 -2.968750e-001 -4.531250e-001
    endloop
  endfacet
  facet normal  0.000000e+000  0.000000e+000 -1.000000e+000
    outer loop
      vertex  4.453125e-001 -2.968750e-001 -4.531250e-001
      vertex -2.656250e-001  1.040834e-017 -4.531250e-001
      vertex  4.453125e-001  4.987330e-017 -4.531250e-001
    endloop
  endfacet
  facet normal -9.801750e-002  0.000000e+000 -9.951847e-001
    outer loop
      vertex -2.656250e-001  1.040834e-017 -4.531250e-001
      vertex -2.656250e-001 -2.968750e-001 -4.531250e-001
      vertex -3.022044e-001  8.577768e-018 -4.495222e-001
    endloop
  endfacet
  facet normal -9.801750e-002  -0.000000e+000 -9.951847e-001
    outer loop
      vertex -3.022044e-001  8.577768e-018 -4.495222e-001
      vertex -2.656250e-001 -2.968750e-001 -4.531250e-001
      vertex -3.022044e-001 -2.968750e-001 -4.495222e-001
    endloop
  endfacet
  facet normal -2.902846e-001  0.000000e+000 -9.569403e-001
    outer loop
      vertex -3.022044e-001  8.577768e-018 -4.495222e-001
      vertex -3.022044e-001 -2.968750e-001 -4.495222e-001
      vertex -3.373781e-001  7.217529e-018 -4.388524e-001
    endloop
  endfacet
  facet normal -2.902846e-001  -0.000000e+000 -9.569403e-001
    outer loop
      vertex -3.373781e-001  7.217529e-018 -4.388524e-001
      vertex -3.022044e-001 -2.968750e-001 -4.495222e-001
      vertex -3.373781e-001 -2.968750e-001 -4.388524e-001
    endloop
  endfacet
  facet normal -4.713967e-001  0.000000e+000 -8.819213e-001
    outer loop
      vertex -3.373781e-001  7.217529e-018 -4.388524e-001
      vertex -3.373781e-001 -2.968750e-001 -4.388524e-001
      vertex -3.697944e-001  6.379898e-018 -4.215255e-001
    endloop
  endfacet
  facet normal -4.713967e-001  -0.000000e+000 -8.819213e-001
    outer loop
      vertex -3.697944e-001  6.379898e-018 -4.215255e-001
      vertex -3.373781e-001 -2.968750e-001 -4.388524e-001
      vertex -3.697944e-001 -2.968750e-001 -4.215255e-001
    endloop
  endfacet
  facet normal -6.343933e-001  0.000000e+000 -7.730104e-001
    outer loop
      vertex -3.697944e-001  6.379898e-018 -4.215255e-001
      vertex -3.697944e-001 -2.968750e-001 -4.215255e-001
      vertex -3.982075e-001  6.097065e-018 -3.982075e-001
    endloop
  endfacet
  facet normal -6.343933e-001  -0.000000e+000 -7.730104e-001
    outer loop
      vertex -3.982075e-001  6.097065e-018 -3.982075e-001
      vertex -3.697944e-001 -2.968750e-001 -4.215255e-001
      vertex -3.982075e-001 -2.968750e-001 -3.982075e-001
    endloop
  endfacet
  facet normal -7.730104e-001  0.000000e+000 -6.343933e-001
    outer loop
      vertex -3.982075e-001  6.097065e-018 -3.982075e-001
      vertex -3.982075e-001 -2.968750e-001 -3.982075e-001
      vertex -4.215255e-001  6.379898e-018 -3.697944e-001
    endloop
  endfacet
  facet normal -7.730104e-001  -0.000000e+000 -6.343933e-001
    outer loop
      vertex -4.215255e-001  6.379898e-018 -3.697944e-001
      vertex -3.982075e-001 -2.968750e-001 -3.982075e-001
      vertex -4.215255e-001 -2.968750e-001 -3.697944e-001
    endloop
  endfacet
  facet normal -8.819213e-001  0.000000e+000 -4.713967e-001
    outer loop
      vertex -4.215255e-001  6.379898e-018 -3.697944e-001
      vertex -4.215255e-001 -2.968750e-001 -3.697944e-001
      vertex -4.388524e-001  7.217529e-018 -3.373781e-001
    endloop
  endfacet
  facet normal -8.819213e-001  -0.000000e+000 -4.713967e-001
    outer loop
      vertex -4.388524e-001  7.217529e-018 -3.373781e-001
      vertex -4.215255e-001 -2.968750e-001 -3.697944e-001
      vertex -4.388524e-001 -2.968750e-001 -3.373781e-001
    endloop
  endfacet
  facet normal -9.569403e-001  0.000000e+000 -2.902846e-001
    outer loop
      vertex -4.388524e-001  7.217529e-018 -3.373781e-001
      vertex -4.388524e-001 -2.968750e-001 -3.373781e-001
      vertex -4.495222e-001  8.577768e-018 -3.022044e-001
    endloop
  endfacet
  facet normal -9.569403e-001  -0.000000e+000 -2.902846e-001
    outer loop
      vertex -4.495222e-001  8.577768e-018 -3.022044e-001
      vertex -4.388524e-001 -2.968750e-001 -3.373781e-001
      vertex -4.495222e-001 -2.968750e-001 -3.022044e-001
    endloop
  endfacet
  facet normal -9.951847e-001  0.000000e+000 -9.801750e-002
    outer loop
      vertex -4.495222e-001  8.577768e-018 -3.022044e-001
      vertex -4.495222e-001 -2.968750e-001 -3.022044e-001
      vertex -4.531250e-001  1.040834e-017 -2.656250e-001
    endloop
  endfacet
  facet normal -9.951847e-001  -0.000000e+000 -9.801750e-002
    outer loop
      vertex -4.531250e-001  1.040834e-017 -2.656250e-001
      vertex -4.495222e-001 -2.968750e-001 -3.022044e-001
      vertex -4.531250e-001 -2.968750e-001 -2.656250e-001
    endloop
  endfacet
  facet normal  0.000000e+000  0.000000e+000  1.000000e+000
    outer loop
      vertex  4.453125e-001 -2.968750e-001  4.453125e-001
      vertex  4.453125e-001  9.974660e-017  4.453125e-001
      vertex -4.531250e-001 -2.968750e-001  4.453125e-001
    endloop
  endfacet
  facet normal  0.000000e+000  0.000000e+000  1.000000e+000
    outer loop
      vertex -4.531250e-001 -2.968750e-001  4.453125e-001
      vertex  4.453125e-001  9.974660e-017  4.453125e-001
      vertex -4.531250e-001  4.987330e-017  4.453125e-001
    endloop
  endfacet
  facet normal  1.000000e+000  0.000000e+000  0.000000e+000
    outer loop
      vertex  4.453125e-001 -2.968750e-001 -4.531250e-001
      vertex  4.453125e-001  4.987330e-017 -4.531250e-001
      vertex  4.453125e-001 -2.968750e-001  4.453125e-001
    endloop
  endfacet
  facet normal  1.000000e+000  -0.000000e+000  0.000000e+000
    outer loop
      vertex  4.453125e-001 -2.968750e-001  4.453125e-001
      vertex  4.453125e-001  4.987330e-017 -4.531250e-001
      vertex  4.453125e-001  9.974660e-017  4.453125e-001
    endloop
  endfacet
endsolid CATIA STL
