solid CATIA STL
  facet normal -1.110223e-016  1.000000e+000 -6.798155e-033
    outer loop
      vertex -7.500000e-001  0.000000e+000  0.000000e+000
      vertex -7.500000e-001  5.098616e-033  7.500000e-001
      vertex -5.468750e-002  7.719519e-017 -4.257561e-017
    endloop
  endfacet
  facet normal -1.110223e-016  1.000000e+000  0.000000e+000
    outer loop
      vertex -5.468750e-002  7.719519e-017 -4.257561e-017
      vertex -7.500000e-001  5.098616e-033  7.500000e-001
      vertex -5.468750e-002  7.719519e-017  7.500000e-001
    endloop
  endfacet
  facet normal  0.000000e+000  0.000000e+000  1.000000e+000
    outer loop
      vertex  5.199579e-017 -5.468750e-002  7.500000e-001
      vertex -1.050805e-003 -4.401850e-002  7.500000e-001
      vertex -4.162838e-003 -3.375950e-002  7.500000e-001
    endloop
  endfacet
  facet normal  0.000000e+000  0.000000e+000  1.000000e+000
    outer loop
      vertex  5.199579e-017 -5.468750e-002  7.500000e-001
      vertex -4.162838e-003 -3.375950e-002  7.500000e-001
      vertex -9.216506e-003 -2.430475e-002  7.500000e-001
    endloop
  endfacet
  facet normal  0.000000e+000  0.000000e+000  1.000000e+000
    outer loop
      vertex  5.199579e-017 -5.468750e-002  7.500000e-001
      vertex -9.216506e-003 -2.430475e-002  7.500000e-001
      vertex -1.601760e-002 -1.601760e-002  7.500000e-001
    endloop
  endfacet
  facet normal  0.000000e+000  0.000000e+000  1.000000e+000
    outer loop
      vertex  5.199579e-017 -5.468750e-002  7.500000e-001
      vertex -1.601760e-002 -1.601760e-002  7.500000e-001
      vertex -2.430475e-002 -9.216506e-003  7.500000e-001
    endloop
  endfacet
  facet normal  0.000000e+000  0.000000e+000  1.000000e+000
    outer loop
      vertex  5.199579e-017 -5.468750e-002  7.500000e-001
      vertex -2.430475e-002 -9.216506e-003  7.500000e-001
      vertex -3.375950e-002 -4.162838e-003  7.500000e-001
    endloop
  endfacet
  facet normal  0.000000e+000  0.000000e+000  1.000000e+000
    outer loop
      vertex  5.199579e-017 -5.468750e-002  7.500000e-001
      vertex -3.375950e-002 -4.162838e-003  7.500000e-001
      vertex -4.401850e-002 -1.050805e-003  7.500000e-001
    endloop
  endfacet
  facet normal  0.000000e+000  0.000000e+000  1.000000e+000
    outer loop
      vertex  5.199579e-017 -5.468750e-002  7.500000e-001
      vertex -4.401850e-002 -1.050805e-003  7.500000e-001
      vertex -5.468750e-002  7.719519e-017  7.500000e-001
    endloop
  endfacet
  facet normal  0.000000e+000  0.000000e+000  1.000000e+000
    outer loop
      vertex  5.199579e-017 -5.468750e-002  7.500000e-001
      vertex -5.468750e-002  7.719519e-017  7.500000e-001
      vertex -7.500000e-001  5.098616e-033  7.500000e-001
    endloop
  endfacet
  facet normal  0.000000e+000  0.000000e+000  1.000000e+000
    outer loop
      vertex  5.199579e-017 -5.468750e-002  7.500000e-001
      vertex -7.500000e-001  5.098616e-033  7.500000e-001
      vertex -7.500000e-001 -7.500000e-001  7.500000e-001
    endloop
  endfacet
  facet normal  0.000000e+000  0.000000e+000  1.000000e+000
    outer loop
      vertex  5.199579e-017 -5.468750e-002  7.500000e-001
      vertex -7.500000e-001 -7.500000e-001  7.500000e-001
      vertex  1.569466e-016 -7.500000e-001  7.500000e-001
    endloop
  endfacet
  facet normal  1.000000e+000  1.509404e-016 -6.123234e-017
    outer loop
      vertex  6.071532e-018 -5.468750e-002 -4.592425e-017
      vertex  5.199579e-017 -5.468750e-002  7.500000e-001
      vertex  1.110223e-016 -7.500000e-001 -4.592425e-017
    endloop
  endfacet
  facet normal  1.000000e+000  1.509405e-016 -6.123235e-017
    outer loop
      vertex  1.110223e-016 -7.500000e-001 -4.592425e-017
      vertex  5.199579e-017 -5.468750e-002  7.500000e-001
      vertex  1.569466e-016 -7.500000e-001  7.500000e-001
    endloop
  endfacet
  facet normal -6.123234e-017 -4.524523e-022 -1.000000e+000
    outer loop
      vertex -5.468750e-002  7.719519e-017 -4.257561e-017
      vertex -4.401850e-002 -1.050805e-003 -4.322890e-017
      vertex -7.500000e-001  0.000000e+000  0.000000e+000
    endloop
  endfacet
  facet normal -6.123234e-017 -9.242436e-033 -1.000000e+000
    outer loop
      vertex  6.071532e-018 -5.468750e-002 -4.592425e-017
      vertex  1.110223e-016 -7.500000e-001 -4.592425e-017
      vertex -7.500000e-001 -7.500000e-001  0.000000e+000
    endloop
  endfacet
  facet normal -6.123234e-017  0.000000e+000 -1.000000e+000
    outer loop
      vertex  6.071532e-018 -5.468750e-002 -4.592425e-017
      vertex -7.500000e-001 -7.500000e-001  0.000000e+000
      vertex -7.500000e-001  0.000000e+000  0.000000e+000
    endloop
  endfacet
  facet normal -6.123234e-017 -2.612839e-023 -9.999999e-001
    outer loop
      vertex  6.071532e-018 -5.468750e-002 -4.592425e-017
      vertex -7.500000e-001  0.000000e+000  0.000000e+000
      vertex -4.401850e-002 -1.050805e-003 -4.322890e-017
    endloop
  endfacet
  facet normal -6.123256e-017 -1.959260e-022 -1.000000e+000
    outer loop
      vertex  6.071532e-018 -5.468750e-002 -4.592425e-017
      vertex -4.401850e-002 -1.050805e-003 -4.322890e-017
      vertex -3.375950e-002 -4.162838e-003 -4.385708e-017
    endloop
  endfacet
  facet normal -6.123197e-017  2.002848e-022 -1.000000e+000
    outer loop
      vertex  6.071532e-018 -5.468750e-002 -4.592425e-017
      vertex -3.375950e-002 -4.162838e-003 -4.385708e-017
      vertex -2.430475e-002 -9.216506e-003 -4.443602e-017
    endloop
  endfacet
  facet normal -6.123240e-017 -3.125212e-023 -1.000000e+000
    outer loop
      vertex  6.071532e-018 -5.468750e-002 -4.592425e-017
      vertex -2.430475e-002 -9.216506e-003 -4.443602e-017
      vertex -1.601760e-002 -1.601760e-002 -4.494346e-017
    endloop
  endfacet
  facet normal -6.123304e-017 -2.999480e-022 -1.000000e+000
    outer loop
      vertex  6.071532e-018 -5.468750e-002 -4.592425e-017
      vertex -1.601760e-002 -1.601760e-002 -4.494346e-017
      vertex -9.216506e-003 -2.430475e-002 -4.535991e-017
    endloop
  endfacet
  facet normal -6.123287e-017 -2.482829e-022 -1.000000e+000
    outer loop
      vertex  6.071532e-018 -5.468750e-002 -4.592425e-017
      vertex -9.216506e-003 -2.430475e-002 -4.535991e-017
      vertex -4.162838e-003 -3.375950e-002 -4.566936e-017
    endloop
  endfacet
  facet normal -6.123264e-017 -2.009341e-022 -1.000000e+000
    outer loop
      vertex  6.071532e-018 -5.468750e-002 -4.592425e-017
      vertex -4.162838e-003 -3.375950e-002 -4.566936e-017
      vertex -1.050805e-003 -4.401850e-002 -4.585991e-017
    endloop
  endfacet
  facet normal  9.801716e-002  9.951847e-001  0.000000e+000
    outer loop
      vertex -5.468750e-002  7.719519e-017 -4.257561e-017
      vertex -5.468750e-002  7.719519e-017  7.500000e-001
      vertex -4.401850e-002 -1.050805e-003 -4.322890e-017
    endloop
  endfacet
  facet normal  9.801716e-002  9.951847e-001  -0.000000e+000
    outer loop
      vertex -4.401850e-002 -1.050805e-003 -4.322890e-017
      vertex -5.468750e-002  7.719519e-017  7.500000e-001
      vertex -4.401850e-002 -1.050805e-003  7.500000e-001
    endloop
  endfacet
  facet normal  2.902847e-001  9.569403e-001  0.000000e+000
    outer loop
      vertex -4.401850e-002 -1.050805e-003 -4.322890e-017
      vertex -4.401850e-002 -1.050805e-003  7.500000e-001
      vertex -3.375950e-002 -4.162838e-003 -4.385708e-017
    endloop
  endfacet
  facet normal  2.902847e-001  9.569403e-001  -0.000000e+000
    outer loop
      vertex -3.375950e-002 -4.162838e-003 -4.385708e-017
      vertex -4.401850e-002 -1.050805e-003  7.500000e-001
      vertex -3.375950e-002 -4.162838e-003  7.500000e-001
    endloop
  endfacet
  facet normal  4.713967e-001  8.819212e-001  0.000000e+000
    outer loop
      vertex -3.375950e-002 -4.162838e-003 -4.385708e-017
      vertex -3.375950e-002 -4.162838e-003  7.500000e-001
      vertex -2.430475e-002 -9.216506e-003 -4.443602e-017
    endloop
  endfacet
  facet normal  4.713967e-001  8.819212e-001  -0.000000e+000
    outer loop
      vertex -2.430475e-002 -9.216506e-003 -4.443602e-017
      vertex -3.375950e-002 -4.162838e-003  7.500000e-001
      vertex -2.430475e-002 -9.216506e-003  7.500000e-001
    endloop
  endfacet
  facet normal  6.343932e-001  7.730106e-001  0.000000e+000
    outer loop
      vertex -2.430475e-002 -9.216506e-003 -4.443602e-017
      vertex -2.430475e-002 -9.216506e-003  7.500000e-001
      vertex -1.601760e-002 -1.601760e-002 -4.494346e-017
    endloop
  endfacet
  facet normal  6.343932e-001  7.730106e-001  -0.000000e+000
    outer loop
      vertex -1.601760e-002 -1.601760e-002 -4.494346e-017
      vertex -2.430475e-002 -9.216506e-003  7.500000e-001
      vertex -1.601760e-002 -1.601760e-002  7.500000e-001
    endloop
  endfacet
  facet normal  7.730106e-001  6.343932e-001  0.000000e+000
    outer loop
      vertex -1.601760e-002 -1.601760e-002 -4.494346e-017
      vertex -1.601760e-002 -1.601760e-002  7.500000e-001
      vertex -9.216506e-003 -2.430475e-002 -4.535991e-017
    endloop
  endfacet
  facet normal  7.730106e-001  6.343932e-001  -0.000000e+000
    outer loop
      vertex -9.216506e-003 -2.430475e-002 -4.535991e-017
      vertex -1.601760e-002 -1.601760e-002  7.500000e-001
      vertex -9.216506e-003 -2.430475e-002  7.500000e-001
    endloop
  endfacet
  facet normal  8.819212e-001  4.713967e-001  0.000000e+000
    outer loop
      vertex -9.216506e-003 -2.430475e-002 -4.535991e-017
      vertex -9.216506e-003 -2.430475e-002  7.500000e-001
      vertex -4.162838e-003 -3.375950e-002 -4.566936e-017
    endloop
  endfacet
  facet normal  8.819212e-001  4.713967e-001  -0.000000e+000
    outer loop
      vertex -4.162838e-003 -3.375950e-002 -4.566936e-017
      vertex -9.216506e-003 -2.430475e-002  7.500000e-001
      vertex -4.162838e-003 -3.375950e-002  7.500000e-001
    endloop
  endfacet
  facet normal  9.569403e-001  2.902847e-001  0.000000e+000
    outer loop
      vertex -4.162838e-003 -3.375950e-002 -4.566936e-017
      vertex -4.162838e-003 -3.375950e-002  7.500000e-001
      vertex -1.050805e-003 -4.401850e-002 -4.585991e-017
    endloop
  endfacet
  facet normal  9.569403e-001  2.902847e-001  -0.000000e+000
    outer loop
      vertex -1.050805e-003 -4.401850e-002 -4.585991e-017
      vertex -4.162838e-003 -3.375950e-002  7.500000e-001
      vertex -1.050805e-003 -4.401850e-002  7.500000e-001
    endloop
  endfacet
  facet normal  9.951847e-001  9.801716e-002  0.000000e+000
    outer loop
      vertex -1.050805e-003 -4.401850e-002 -4.585991e-017
      vertex -1.050805e-003 -4.401850e-002  7.500000e-001
      vertex  6.071532e-018 -5.468750e-002 -4.592425e-017
    endloop
  endfacet
  facet normal  9.951847e-001  9.801716e-002 -6.093749e-017
    outer loop
      vertex  6.071532e-018 -5.468750e-002 -4.592425e-017
      vertex -1.050805e-003 -4.401850e-002  7.500000e-001
      vertex  5.199579e-017 -5.468750e-002  7.500000e-001
    endloop
  endfacet
  facet normal  0.000000e+000 -1.000000e+000  0.000000e+000
    outer loop
      vertex -7.500000e-001 -7.500000e-001  0.000000e+000
      vertex  1.110223e-016 -7.500000e-001 -4.592425e-017
      vertex -7.500000e-001 -7.500000e-001  7.500000e-001
    endloop
  endfacet
  facet normal  0.000000e+000 -1.000000e+000  0.000000e+000
    outer loop
      vertex -7.500000e-001 -7.500000e-001  7.500000e-001
      vertex  1.110223e-016 -7.500000e-001 -4.592425e-017
      vertex  1.569466e-016 -7.500000e-001  7.500000e-001
    endloop
  endfacet
  facet normal -1.000000e+000  0.000000e+000  0.000000e+000
    outer loop
      vertex -7.500000e-001  5.098616e-033  7.500000e-001
      vertex -7.500000e-001  0.000000e+000  0.000000e+000
      vertex -7.500000e-001 -7.500000e-001  7.500000e-001
    endloop
  endfacet
  facet normal -1.000000e+000  0.000000e+000  0.000000e+000
    outer loop
      vertex -7.500000e-001 -7.500000e-001  7.500000e-001
      vertex -7.500000e-001  0.000000e+000  0.000000e+000
      vertex -7.500000e-001 -7.500000e-001  0.000000e+000
    endloop
  endfacet
endsolid CATIA STL
