solid CATIA STL
  facet normal  0.000000e+000 -1.000000e+000  -0.000000e+000
    outer loop
      vertex  7.500000e-001 -7.500000e-001 -7.500000e-001
      vertex  7.500000e-001 -7.500000e-001  7.894737e-003
      vertex  6.438668e-001 -7.500000e-001 -2.171012e-002
    endloop
  endfacet
  facet normal  0.000000e+000 -1.000000e+000  -0.000000e+000
    outer loop
      vertex  7.500000e-001 -7.500000e-001 -7.500000e-001
      vertex  6.438668e-001 -7.500000e-001 -2.171012e-002
      vertex  5.340322e-001 -7.500000e-001 -3.048992e-002
    endloop
  endfacet
  facet normal  0.000000e+000 -1.000000e+000  -0.000000e+000
    outer loop
      vertex  7.500000e-001 -7.500000e-001 -7.500000e-001
      vertex  5.340322e-001 -7.500000e-001 -3.048992e-002
      vertex -7.500000e-001 -7.500000e-001 -7.500000e-001
    endloop
  endfacet
  facet normal  -0.000000e+000 -1.000000e+000  0.000000e+000
    outer loop
      vertex -7.500000e-001 -7.500000e-001 -7.500000e-001
      vertex  5.340322e-001 -7.500000e-001 -3.048992e-002
      vertex  4.245437e-001 -7.500000e-001 -1.812113e-002
    endloop
  endfacet
  facet normal  -0.000000e+000 -1.000000e+000  0.000000e+000
    outer loop
      vertex -7.500000e-001 -7.500000e-001 -7.500000e-001
      vertex  4.245437e-001 -7.500000e-001 -1.812113e-002
      vertex  3.194360e-001 -7.500000e-001  1.494045e-002
    endloop
  endfacet
  facet normal  -0.000000e+000 -1.000000e+000  0.000000e+000
    outer loop
      vertex -7.500000e-001 -7.500000e-001 -7.500000e-001
      vertex  3.194360e-001 -7.500000e-001  1.494045e-002
      vertex  2.225821e-001 -7.500000e-001  6.747653e-002
    endloop
  endfacet
  facet normal  -0.000000e+000 -1.000000e+000  0.000000e+000
    outer loop
      vertex -7.500000e-001 -7.500000e-001 -7.500000e-001
      vertex  2.225821e-001 -7.500000e-001  6.747653e-002
      vertex  1.375512e-001 -7.500000e-001  1.375512e-001
    endloop
  endfacet
  facet normal  -0.000000e+000 -1.000000e+000  0.000000e+000
    outer loop
      vertex -7.500000e-001 -7.500000e-001 -7.500000e-001
      vertex  1.375512e-001 -7.500000e-001  1.375512e-001
      vertex  6.747653e-002 -7.500000e-001  2.225821e-001
    endloop
  endfacet
  facet normal  -0.000000e+000 -1.000000e+000  0.000000e+000
    outer loop
      vertex -7.500000e-001 -7.500000e-001 -7.500000e-001
      vertex  6.747653e-002 -7.500000e-001  2.225821e-001
      vertex  1.494045e-002 -7.500000e-001  3.194360e-001
    endloop
  endfacet
  facet normal  -0.000000e+000 -9.999999e-001  0.000000e+000
    outer loop
      vertex -7.500000e-001 -7.500000e-001 -7.500000e-001
      vertex  1.494045e-002 -7.500000e-001  3.194360e-001
      vertex -1.812113e-002 -7.500000e-001  4.245437e-001
    endloop
  endfacet
  facet normal  -0.000000e+000 -1.000000e+000  0.000000e+000
    outer loop
      vertex -7.500000e-001 -7.500000e-001 -7.500000e-001
      vertex -1.812113e-002 -7.500000e-001  4.245437e-001
      vertex -3.048992e-002 -7.500000e-001  5.340322e-001
    endloop
  endfacet
  facet normal  -0.000000e+000 -1.000000e+000  0.000000e+000
    outer loop
      vertex -7.500000e-001 -7.500000e-001 -7.500000e-001
      vertex -3.048992e-002 -7.500000e-001  5.340322e-001
      vertex -2.171012e-002 -7.500000e-001  6.438668e-001
    endloop
  endfacet
  facet normal  -0.000000e+000 -1.000000e+000  0.000000e+000
    outer loop
      vertex -7.500000e-001 -7.500000e-001 -7.500000e-001
      vertex -2.171012e-002 -7.500000e-001  6.438668e-001
      vertex -7.500000e-001 -7.500000e-001  7.187500e-001
    endloop
  endfacet
  facet normal  0.000000e+000 -1.000000e+000  0.000000e+000
    outer loop
      vertex -7.500000e-001 -7.500000e-001  7.187500e-001
      vertex -2.171012e-002 -7.500000e-001  6.438668e-001
      vertex -7.187500e-001 -7.500000e-001  7.500000e-001
    endloop
  endfacet
  facet normal  0.000000e+000 -9.999999e-001  0.000000e+000
    outer loop
      vertex -7.187500e-001 -7.500000e-001  7.500000e-001
      vertex -2.171012e-002 -7.500000e-001  6.438668e-001
      vertex  7.894737e-003 -7.500000e-001  7.500000e-001
    endloop
  endfacet
  facet normal -1.110223e-016  1.000000e+000 -9.762152e-017
    outer loop
      vertex  7.500000e-001  1.665335e-016 -7.500000e-001
      vertex -7.500000e-001  0.000000e+000 -7.500000e-001
      vertex  5.340322e-001  2.127959e-016 -3.048992e-002
    endloop
  endfacet
  facet normal -1.120685e-016  1.000000e+000 -9.793554e-017
    outer loop
      vertex  7.500000e-001  1.665335e-016 -7.500000e-001
      vertex  5.340322e-001  2.127959e-016 -3.048992e-002
      vertex  6.438668e-001  2.259647e-016 -2.171012e-002
    endloop
  endfacet
  facet normal -2.018703e-016  1.000000e+000 -1.110223e-016
    outer loop
      vertex  7.500000e-001  1.665335e-016 -7.500000e-001
      vertex  6.438668e-001  2.259647e-016 -2.171012e-002
      vertex  7.500000e-001  2.506767e-016  7.894737e-003
    endloop
  endfacet
  facet normal -9.778307e-017  1.000000e+000 -1.110223e-016
    outer loop
      vertex -7.500000e-001  0.000000e+000 -7.500000e-001
      vertex -7.500000e-001  1.630640e-016  7.187500e-001
      vertex -2.171012e-002  2.259647e-016  6.438668e-001
    endloop
  endfacet
  facet normal -9.539159e-017  1.000000e+000 -1.122719e-016
    outer loop
      vertex -7.500000e-001  0.000000e+000 -7.500000e-001
      vertex -2.171012e-002  2.259647e-016  6.438668e-001
      vertex -3.048992e-002  2.127959e-016  5.340322e-001
    endloop
  endfacet
  facet normal -9.986990e-017  1.000000e+000 -1.097624e-016
    outer loop
      vertex -7.500000e-001  0.000000e+000 -7.500000e-001
      vertex -3.048992e-002  2.127959e-016  5.340322e-001
      vertex -1.812113e-002  2.020134e-016  4.245437e-001
    endloop
  endfacet
  facet normal -1.022675e-016  1.000000e+000 -1.082684e-016
    outer loop
      vertex -7.500000e-001  0.000000e+000 -7.500000e-001
      vertex -1.812113e-002  2.020134e-016  4.245437e-001
      vertex  1.494045e-002  1.940147e-016  3.194360e-001
    endloop
  endfacet
  facet normal -1.038536e-016  1.000000e+000 -1.071339e-016
    outer loop
      vertex -7.500000e-001  0.000000e+000 -7.500000e-001
      vertex  1.494045e-002  1.940147e-016  3.194360e-001
      vertex  6.747653e-002  1.890944e-016  2.225821e-001
    endloop
  endfacet
  facet normal -1.050668e-016  1.000000e+000 -1.061142e-016
    outer loop
      vertex -7.500000e-001  0.000000e+000 -7.500000e-001
      vertex  6.747653e-002  1.890944e-016  2.225821e-001
      vertex  1.375512e-001  1.874340e-016  1.375512e-001
    endloop
  endfacet
  facet normal -1.061142e-016  1.000000e+000 -1.050668e-016
    outer loop
      vertex -7.500000e-001  0.000000e+000 -7.500000e-001
      vertex  1.375512e-001  1.874340e-016  1.375512e-001
      vertex  2.225821e-001  1.890944e-016  6.747653e-002
    endloop
  endfacet
  facet normal -1.071339e-016  1.000000e+000 -1.038536e-016
    outer loop
      vertex -7.500000e-001  0.000000e+000 -7.500000e-001
      vertex  2.225821e-001  1.890944e-016  6.747653e-002
      vertex  3.194360e-001  1.940147e-016  1.494045e-002
    endloop
  endfacet
  facet normal -1.082684e-016  9.999999e-001 -1.022675e-016
    outer loop
      vertex -7.500000e-001  0.000000e+000 -7.500000e-001
      vertex  3.194360e-001  1.940147e-016  1.494045e-002
      vertex  4.245437e-001  2.020134e-016 -1.812113e-002
    endloop
  endfacet
  facet normal -1.097624e-016  1.000000e+000 -9.986990e-017
    outer loop
      vertex -7.500000e-001  0.000000e+000 -7.500000e-001
      vertex  4.245437e-001  2.020134e-016 -1.812113e-002
      vertex  5.340322e-001  2.127959e-016 -3.048992e-002
    endloop
  endfacet
  facet normal -9.901743e-017  1.000000e+000 -1.230272e-016
    outer loop
      vertex -7.500000e-001  1.630640e-016  7.187500e-001
      vertex -7.187500e-001  1.700029e-016  7.500000e-001
      vertex -2.171012e-002  2.259647e-016  6.438668e-001
    endloop
  endfacet
  facet normal -9.775311e-017  1.000000e+000 -1.147237e-016
    outer loop
      vertex -2.171012e-002  2.259647e-016  6.438668e-001
      vertex -7.187500e-001  1.700029e-016  7.500000e-001
      vertex  7.894737e-003  2.410347e-016  7.500000e-001
    endloop
  endfacet
  facet normal -9.999999e-001  -0.000000e+000  0.000000e+000
    outer loop
      vertex -7.500000e-001 -7.500000e-001  7.187500e-001
      vertex -7.500000e-001  1.630640e-016  7.187500e-001
      vertex -7.500000e-001 -7.500000e-001 -7.500000e-001
    endloop
  endfacet
  facet normal -9.999999e-001  0.000000e+000  0.000000e+000
    outer loop
      vertex -7.500000e-001 -7.500000e-001 -7.500000e-001
      vertex -7.500000e-001  1.630640e-016  7.187500e-001
      vertex -7.500000e-001  0.000000e+000 -7.500000e-001
    endloop
  endfacet
  facet normal  0.000000e+000  0.000000e+000  1.000000e+000
    outer loop
      vertex  7.894737e-003 -7.500000e-001  7.500000e-001
      vertex  7.894737e-003  2.410347e-016  7.500000e-001
      vertex -7.187500e-001 -7.500000e-001  7.500000e-001
    endloop
  endfacet
  facet normal  0.000000e+000  0.000000e+000  1.000000e+000
    outer loop
      vertex -7.187500e-001 -7.500000e-001  7.500000e-001
      vertex  7.894737e-003  2.410347e-016  7.500000e-001
      vertex -7.187500e-001  1.700029e-016  7.500000e-001
    endloop
  endfacet
  facet normal -7.071068e-001  0.000000e+000  7.071068e-001
    outer loop
      vertex -7.187500e-001  1.700029e-016  7.500000e-001
      vertex -7.500000e-001  1.630640e-016  7.187500e-001
      vertex -7.187500e-001 -7.500000e-001  7.500000e-001
    endloop
  endfacet
  facet normal -7.071068e-001  0.000000e+000  7.071068e-001
    outer loop
      vertex -7.187500e-001 -7.500000e-001  7.500000e-001
      vertex -7.500000e-001  1.630640e-016  7.187500e-001
      vertex -7.500000e-001 -7.500000e-001  7.187500e-001
    endloop
  endfacet
  facet normal  6.359731e-001  -0.000000e+000  7.717113e-001
    outer loop
      vertex  1.375512e-001  1.874340e-016  1.375512e-001
      vertex  2.225821e-001 -7.500000e-001  6.747653e-002
      vertex  2.225821e-001  1.890944e-016  6.747653e-002
    endloop
  endfacet
  facet normal  4.767993e-001  0.000000e+000  8.790122e-001
    outer loop
      vertex  2.225821e-001  1.890944e-016  6.747653e-002
      vertex  2.225821e-001 -7.500000e-001  6.747653e-002
      vertex  3.194360e-001 -7.500000e-001  1.494045e-002
    endloop
  endfacet
  facet normal  4.767993e-001  -0.000000e+000  8.790122e-001
    outer loop
      vertex  2.225821e-001  1.890944e-016  6.747653e-002
      vertex  3.194360e-001 -7.500000e-001  1.494045e-002
      vertex  3.194360e-001  1.940147e-016  1.494045e-002
    endloop
  endfacet
  facet normal  3.000555e-001  0.000000e+000  9.539218e-001
    outer loop
      vertex  3.194360e-001  1.940147e-016  1.494045e-002
      vertex  3.194360e-001 -7.500000e-001  1.494045e-002
      vertex  4.245437e-001 -7.500000e-001 -1.812113e-002
    endloop
  endfacet
  facet normal  3.000555e-001  -0.000000e+000  9.539218e-001
    outer loop
      vertex  3.194360e-001  1.940147e-016  1.494045e-002
      vertex  4.245437e-001 -7.500000e-001 -1.812113e-002
      vertex  4.245437e-001  2.020134e-016 -1.812113e-002
    endloop
  endfacet
  facet normal  1.122548e-001  0.000000e+000  9.936795e-001
    outer loop
      vertex  4.245437e-001  2.020134e-016 -1.812113e-002
      vertex  4.245437e-001 -7.500000e-001 -1.812113e-002
      vertex  5.340322e-001 -7.500000e-001 -3.048992e-002
    endloop
  endfacet
  facet normal  1.122548e-001  -0.000000e+000  9.936795e-001
    outer loop
      vertex  4.245437e-001  2.020134e-016 -1.812113e-002
      vertex  5.340322e-001 -7.500000e-001 -3.048992e-002
      vertex  5.340322e-001  2.127959e-016 -3.048992e-002
    endloop
  endfacet
  facet normal -7.968245e-002  0.000000e+000  9.968203e-001
    outer loop
      vertex  5.340322e-001  2.127959e-016 -3.048992e-002
      vertex  5.340322e-001 -7.500000e-001 -3.048992e-002
      vertex  6.438668e-001 -7.500000e-001 -2.171012e-002
    endloop
  endfacet
  facet normal -7.968245e-002  0.000000e+000  9.968203e-001
    outer loop
      vertex  5.340322e-001  2.127959e-016 -3.048992e-002
      vertex  6.438668e-001 -7.500000e-001 -2.171012e-002
      vertex  6.438668e-001  2.259647e-016 -2.171012e-002
    endloop
  endfacet
  facet normal -2.686835e-001  0.000000e+000  9.632285e-001
    outer loop
      vertex  6.438668e-001  2.259647e-016 -2.171012e-002
      vertex  6.438668e-001 -7.500000e-001 -2.171012e-002
      vertex  7.500000e-001 -7.500000e-001  7.894737e-003
    endloop
  endfacet
  facet normal -2.686835e-001  0.000000e+000  9.632285e-001
    outer loop
      vertex  6.438668e-001  2.259647e-016 -2.171012e-002
      vertex  7.500000e-001 -7.500000e-001  7.894737e-003
      vertex  7.500000e-001  2.506767e-016  7.894737e-003
    endloop
  endfacet
  facet normal  6.359731e-001  0.000000e+000  7.717113e-001
    outer loop
      vertex  2.225821e-001 -7.500000e-001  6.747653e-002
      vertex  1.375512e-001  1.874340e-016  1.375512e-001
      vertex  1.375512e-001 -7.500000e-001  1.375512e-001
    endloop
  endfacet
  facet normal  7.717113e-001  -0.000000e+000  6.359731e-001
    outer loop
      vertex  1.375512e-001 -7.500000e-001  1.375512e-001
      vertex  1.375512e-001  1.874340e-016  1.375512e-001
      vertex  6.747653e-002  1.890944e-016  2.225821e-001
    endloop
  endfacet
  facet normal  7.717113e-001  0.000000e+000  6.359731e-001
    outer loop
      vertex  1.375512e-001 -7.500000e-001  1.375512e-001
      vertex  6.747653e-002  1.890944e-016  2.225821e-001
      vertex  6.747653e-002 -7.500000e-001  2.225821e-001
    endloop
  endfacet
  facet normal  8.790122e-001  -0.000000e+000  4.767993e-001
    outer loop
      vertex  6.747653e-002 -7.500000e-001  2.225821e-001
      vertex  6.747653e-002  1.890944e-016  2.225821e-001
      vertex  1.494045e-002  1.940147e-016  3.194360e-001
    endloop
  endfacet
  facet normal  8.790122e-001  0.000000e+000  4.767993e-001
    outer loop
      vertex  6.747653e-002 -7.500000e-001  2.225821e-001
      vertex  1.494045e-002  1.940147e-016  3.194360e-001
      vertex  1.494045e-002 -7.500000e-001  3.194360e-001
    endloop
  endfacet
  facet normal  9.539218e-001  -0.000000e+000  3.000555e-001
    outer loop
      vertex  1.494045e-002 -7.500000e-001  3.194360e-001
      vertex  1.494045e-002  1.940147e-016  3.194360e-001
      vertex -1.812113e-002  2.020134e-016  4.245437e-001
    endloop
  endfacet
  facet normal  9.539218e-001  0.000000e+000  3.000555e-001
    outer loop
      vertex  1.494045e-002 -7.500000e-001  3.194360e-001
      vertex -1.812113e-002  2.020134e-016  4.245437e-001
      vertex -1.812113e-002 -7.500000e-001  4.245437e-001
    endloop
  endfacet
  facet normal  9.936795e-001  -0.000000e+000  1.122548e-001
    outer loop
      vertex -1.812113e-002 -7.500000e-001  4.245437e-001
      vertex -1.812113e-002  2.020134e-016  4.245437e-001
      vertex -3.048992e-002  2.127959e-016  5.340322e-001
    endloop
  endfacet
  facet normal  9.936795e-001  0.000000e+000  1.122548e-001
    outer loop
      vertex -1.812113e-002 -7.500000e-001  4.245437e-001
      vertex -3.048992e-002  2.127959e-016  5.340322e-001
      vertex -3.048992e-002 -7.500000e-001  5.340322e-001
    endloop
  endfacet
  facet normal  9.968203e-001  0.000000e+000 -7.968245e-002
    outer loop
      vertex -3.048992e-002 -7.500000e-001  5.340322e-001
      vertex -3.048992e-002  2.127959e-016  5.340322e-001
      vertex -2.171012e-002  2.259647e-016  6.438668e-001
    endloop
  endfacet
  facet normal  9.968203e-001  0.000000e+000 -7.968245e-002
    outer loop
      vertex -3.048992e-002 -7.500000e-001  5.340322e-001
      vertex -2.171012e-002  2.259647e-016  6.438668e-001
      vertex -2.171012e-002 -7.500000e-001  6.438668e-001
    endloop
  endfacet
  facet normal  9.632285e-001  0.000000e+000 -2.686835e-001
    outer loop
      vertex -2.171012e-002 -7.500000e-001  6.438668e-001
      vertex -2.171012e-002  2.259647e-016  6.438668e-001
      vertex  7.894737e-003  2.410347e-016  7.500000e-001
    endloop
  endfacet
  facet normal  9.632285e-001  0.000000e+000 -2.686835e-001
    outer loop
      vertex -2.171012e-002 -7.500000e-001  6.438668e-001
      vertex  7.894737e-003  2.410347e-016  7.500000e-001
      vertex  7.894737e-003 -7.500000e-001  7.500000e-001
    endloop
  endfacet
  facet normal  1.000000e+000  0.000000e+000  0.000000e+000
    outer loop
      vertex  7.500000e-001 -7.500000e-001 -7.500000e-001
      vertex  7.500000e-001  1.665335e-016 -7.500000e-001
      vertex  7.500000e-001 -7.500000e-001  7.894737e-003
    endloop
  endfacet
  facet normal  1.000000e+000  -0.000000e+000  0.000000e+000
    outer loop
      vertex  7.500000e-001 -7.500000e-001  7.894737e-003
      vertex  7.500000e-001  1.665335e-016 -7.500000e-001
      vertex  7.500000e-001  2.506767e-016  7.894737e-003
    endloop
  endfacet
  facet normal  0.000000e+000  0.000000e+000 -1.000000e+000
    outer loop
      vertex -7.500000e-001 -7.500000e-001 -7.500000e-001
      vertex -7.500000e-001  0.000000e+000 -7.500000e-001
      vertex  7.500000e-001 -7.500000e-001 -7.500000e-001
    endloop
  endfacet
  facet normal  0.000000e+000  0.000000e+000 -1.000000e+000
    outer loop
      vertex  7.500000e-001 -7.500000e-001 -7.500000e-001
      vertex -7.500000e-001  0.000000e+000 -7.500000e-001
      vertex  7.500000e-001  1.665335e-016 -7.500000e-001
    endloop
  endfacet
endsolid CATIA STL
