solid CATIA STL
  facet normal  0.000000e+000 -1.000000e+000  0.000000e+000
    outer loop
      vertex  3.789474e-001 -3.750000e-001  3.789474e-001
      vertex  7.500000e-001 -3.750000e-001  3.789474e-001
      vertex  7.500000e-001 -3.750000e-001  6.796875e-001
    endloop
  endfacet
  facet normal  -0.000000e+000 -1.000000e+000  0.000000e+000
    outer loop
      vertex  3.789474e-001 -3.750000e-001  3.789474e-001
      vertex  7.500000e-001 -3.750000e-001  6.796875e-001
      vertex  7.486489e-001 -3.750000e-001  6.934048e-001
    endloop
  endfacet
  facet normal  -0.000000e+000 -1.000000e+000  0.000000e+000
    outer loop
      vertex  3.789474e-001 -3.750000e-001  3.789474e-001
      vertex  7.486489e-001 -3.750000e-001  6.934048e-001
      vertex  7.446478e-001 -3.750000e-001  7.065949e-001
    endloop
  endfacet
  facet normal  -0.000000e+000 -1.000000e+000  0.000000e+000
    outer loop
      vertex  3.789474e-001 -3.750000e-001  3.789474e-001
      vertex  7.446478e-001 -3.750000e-001  7.065949e-001
      vertex  7.381502e-001 -3.750000e-001  7.187510e-001
    endloop
  endfacet
  facet normal  -0.000000e+000 -1.000000e+000  0.000000e+000
    outer loop
      vertex  3.789474e-001 -3.750000e-001  3.789474e-001
      vertex  7.381502e-001 -3.750000e-001  7.187510e-001
      vertex  7.294059e-001 -3.750000e-001  7.294059e-001
    endloop
  endfacet
  facet normal  -0.000000e+000 -1.000000e+000  0.000000e+000
    outer loop
      vertex  3.789474e-001 -3.750000e-001  3.789474e-001
      vertex  7.294059e-001 -3.750000e-001  7.294059e-001
      vertex  7.187510e-001 -3.750000e-001  7.381502e-001
    endloop
  endfacet
  facet normal  -0.000000e+000 -1.000000e+000  0.000000e+000
    outer loop
      vertex  3.789474e-001 -3.750000e-001  3.789474e-001
      vertex  7.187510e-001 -3.750000e-001  7.381502e-001
      vertex  7.065949e-001 -3.750000e-001  7.446478e-001
    endloop
  endfacet
  facet normal  -0.000000e+000 -1.000000e+000  0.000000e+000
    outer loop
      vertex  3.789474e-001 -3.750000e-001  3.789474e-001
      vertex  7.065949e-001 -3.750000e-001  7.446478e-001
      vertex  6.934048e-001 -3.750000e-001  7.486489e-001
    endloop
  endfacet
  facet normal  -0.000000e+000 -1.000000e+000  0.000000e+000
    outer loop
      vertex  3.789474e-001 -3.750000e-001  3.789474e-001
      vertex  6.934048e-001 -3.750000e-001  7.486489e-001
      vertex  6.796875e-001 -3.750000e-001  7.500000e-001
    endloop
  endfacet
  facet normal  -0.000000e+000 -1.000000e+000  0.000000e+000
    outer loop
      vertex  3.789474e-001 -3.750000e-001  3.789474e-001
      vertex  6.796875e-001 -3.750000e-001  7.500000e-001
      vertex  4.592425e-017 -3.750000e-001  7.500000e-001
    endloop
  endfacet
  facet normal  0.000000e+000 -1.000000e+000  -0.000000e+000
    outer loop
      vertex  3.789474e-001 -3.750000e-001  3.789474e-001
      vertex  4.592425e-017 -3.750000e-001  7.500000e-001
      vertex  0.000000e+000 -3.750000e-001  0.000000e+000
    endloop
  endfacet
  facet normal  0.000000e+000 -1.000000e+000  0.000000e+000
    outer loop
      vertex  3.789474e-001 -3.750000e-001  3.789474e-001
      vertex  0.000000e+000 -3.750000e-001  0.000000e+000
      vertex  3.789474e-001 -3.750000e-001 -2.320383e-017
    endloop
  endfacet
  facet normal  0.000000e+000  1.000000e+000  -0.000000e+000
    outer loop
      vertex  3.789474e-001  0.000000e+000  3.789474e-001
      vertex  3.789474e-001  0.000000e+000 -2.320383e-017
      vertex  0.000000e+000  0.000000e+000  0.000000e+000
    endloop
  endfacet
  facet normal  0.000000e+000  1.000000e+000  0.000000e+000
    outer loop
      vertex  3.789474e-001  0.000000e+000  3.789474e-001
      vertex  0.000000e+000  0.000000e+000  0.000000e+000
      vertex  4.592425e-017  0.000000e+000  7.500000e-001
    endloop
  endfacet
  facet normal  -0.000000e+000  1.000000e+000  0.000000e+000
    outer loop
      vertex  3.789474e-001  0.000000e+000  3.789474e-001
      vertex  4.592425e-017  0.000000e+000  7.500000e-001
      vertex  6.796875e-001  0.000000e+000  7.500000e-001
    endloop
  endfacet
  facet normal  0.000000e+000  1.000000e+000  0.000000e+000
    outer loop
      vertex  3.789474e-001  0.000000e+000  3.789474e-001
      vertex  6.796875e-001  0.000000e+000  7.500000e-001
      vertex  6.934048e-001  0.000000e+000  7.486489e-001
    endloop
  endfacet
  facet normal  0.000000e+000  1.000000e+000  0.000000e+000
    outer loop
      vertex  3.789474e-001  0.000000e+000  3.789474e-001
      vertex  6.934048e-001  0.000000e+000  7.486489e-001
      vertex  7.065949e-001  0.000000e+000  7.446478e-001
    endloop
  endfacet
  facet normal  0.000000e+000  1.000000e+000  0.000000e+000
    outer loop
      vertex  3.789474e-001  0.000000e+000  3.789474e-001
      vertex  7.065949e-001  0.000000e+000  7.446478e-001
      vertex  7.187510e-001  0.000000e+000  7.381502e-001
    endloop
  endfacet
  facet normal  0.000000e+000  1.000000e+000  0.000000e+000
    outer loop
      vertex  3.789474e-001  0.000000e+000  3.789474e-001
      vertex  7.187510e-001  0.000000e+000  7.381502e-001
      vertex  7.294059e-001  0.000000e+000  7.294059e-001
    endloop
  endfacet
  facet normal  0.000000e+000  1.000000e+000  0.000000e+000
    outer loop
      vertex  3.789474e-001  0.000000e+000  3.789474e-001
      vertex  7.294059e-001  0.000000e+000  7.294059e-001
      vertex  7.381502e-001  0.000000e+000  7.187510e-001
    endloop
  endfacet
  facet normal  0.000000e+000  1.000000e+000  0.000000e+000
    outer loop
      vertex  3.789474e-001  0.000000e+000  3.789474e-001
      vertex  7.381502e-001  0.000000e+000  7.187510e-001
      vertex  7.446478e-001  0.000000e+000  7.065949e-001
    endloop
  endfacet
  facet normal  0.000000e+000  1.000000e+000  0.000000e+000
    outer loop
      vertex  3.789474e-001  0.000000e+000  3.789474e-001
      vertex  7.446478e-001  0.000000e+000  7.065949e-001
      vertex  7.486489e-001  0.000000e+000  6.934048e-001
    endloop
  endfacet
  facet normal  0.000000e+000  1.000000e+000  0.000000e+000
    outer loop
      vertex  3.789474e-001  0.000000e+000  3.789474e-001
      vertex  7.486489e-001  0.000000e+000  6.934048e-001
      vertex  7.500000e-001  0.000000e+000  6.796875e-001
    endloop
  endfacet
  facet normal  0.000000e+000  1.000000e+000  0.000000e+000
    outer loop
      vertex  3.789474e-001  0.000000e+000  3.789474e-001
      vertex  7.500000e-001  0.000000e+000  6.796875e-001
      vertex  7.500000e-001  0.000000e+000  3.789474e-001
    endloop
  endfacet
  facet normal  0.000000e+000  0.000000e+000  1.000000e+000
    outer loop
      vertex  6.796875e-001 -3.750000e-001  7.500000e-001
      vertex  6.796875e-001  0.000000e+000  7.500000e-001
      vertex  4.592425e-017 -3.750000e-001  7.500000e-001
    endloop
  endfacet
  facet normal  0.000000e+000  0.000000e+000  1.000000e+000
    outer loop
      vertex  4.592425e-017 -3.750000e-001  7.500000e-001
      vertex  6.796875e-001  0.000000e+000  7.500000e-001
      vertex  4.592425e-017  0.000000e+000  7.500000e-001
    endloop
  endfacet
  facet normal  9.999999e-001  0.000000e+000  0.000000e+000
    outer loop
      vertex  7.500000e-001  0.000000e+000  3.789474e-001
      vertex  7.500000e-001  0.000000e+000  6.796875e-001
      vertex  7.500000e-001 -3.750000e-001  3.789474e-001
    endloop
  endfacet
  facet normal  9.999999e-001  0.000000e+000  0.000000e+000
    outer loop
      vertex  7.500000e-001 -3.750000e-001  3.789474e-001
      vertex  7.500000e-001  0.000000e+000  6.796875e-001
      vertex  7.500000e-001 -3.750000e-001  6.796875e-001
    endloop
  endfacet
  facet normal  9.801879e-002  -0.000000e+000  9.951845e-001
    outer loop
      vertex  6.796875e-001  0.000000e+000  7.500000e-001
      vertex  6.796875e-001 -3.750000e-001  7.500000e-001
      vertex  6.934048e-001  0.000000e+000  7.486489e-001
    endloop
  endfacet
  facet normal  9.801879e-002  0.000000e+000  9.951845e-001
    outer loop
      vertex  6.934048e-001  0.000000e+000  7.486489e-001
      vertex  6.796875e-001 -3.750000e-001  7.500000e-001
      vertex  6.934048e-001 -3.750000e-001  7.486489e-001
    endloop
  endfacet
  facet normal  2.902815e-001  -0.000000e+000  9.569414e-001
    outer loop
      vertex  6.934048e-001  0.000000e+000  7.486489e-001
      vertex  6.934048e-001 -3.750000e-001  7.486489e-001
      vertex  7.065949e-001  0.000000e+000  7.446478e-001
    endloop
  endfacet
  facet normal  2.902815e-001  0.000000e+000  9.569414e-001
    outer loop
      vertex  7.065949e-001  0.000000e+000  7.446478e-001
      vertex  6.934048e-001 -3.750000e-001  7.486489e-001
      vertex  7.065949e-001 -3.750000e-001  7.446478e-001
    endloop
  endfacet
  facet normal  4.714005e-001  -0.000000e+000  8.819193e-001
    outer loop
      vertex  7.065949e-001  0.000000e+000  7.446478e-001
      vertex  7.065949e-001 -3.750000e-001  7.446478e-001
      vertex  7.187510e-001  0.000000e+000  7.381502e-001
    endloop
  endfacet
  facet normal  4.714005e-001  0.000000e+000  8.819193e-001
    outer loop
      vertex  7.187510e-001  0.000000e+000  7.381502e-001
      vertex  7.065949e-001 -3.750000e-001  7.446478e-001
      vertex  7.187510e-001 -3.750000e-001  7.381502e-001
    endloop
  endfacet
  facet normal  6.343919e-001  -0.000000e+000  7.730116e-001
    outer loop
      vertex  7.187510e-001  0.000000e+000  7.381502e-001
      vertex  7.187510e-001 -3.750000e-001  7.381502e-001
      vertex  7.294059e-001  0.000000e+000  7.294059e-001
    endloop
  endfacet
  facet normal  6.343919e-001  0.000000e+000  7.730116e-001
    outer loop
      vertex  7.294059e-001  0.000000e+000  7.294059e-001
      vertex  7.187510e-001 -3.750000e-001  7.381502e-001
      vertex  7.294059e-001 -3.750000e-001  7.294059e-001
    endloop
  endfacet
  facet normal  7.730116e-001  -0.000000e+000  6.343919e-001
    outer loop
      vertex  7.294059e-001  0.000000e+000  7.294059e-001
      vertex  7.294059e-001 -3.750000e-001  7.294059e-001
      vertex  7.381502e-001  0.000000e+000  7.187510e-001
    endloop
  endfacet
  facet normal  7.730116e-001  0.000000e+000  6.343919e-001
    outer loop
      vertex  7.381502e-001  0.000000e+000  7.187510e-001
      vertex  7.294059e-001 -3.750000e-001  7.294059e-001
      vertex  7.381502e-001 -3.750000e-001  7.187510e-001
    endloop
  endfacet
  facet normal  8.819193e-001  -0.000000e+000  4.714005e-001
    outer loop
      vertex  7.381502e-001  0.000000e+000  7.187510e-001
      vertex  7.381502e-001 -3.750000e-001  7.187510e-001
      vertex  7.446478e-001  0.000000e+000  7.065949e-001
    endloop
  endfacet
  facet normal  8.819193e-001  0.000000e+000  4.714005e-001
    outer loop
      vertex  7.446478e-001  0.000000e+000  7.065949e-001
      vertex  7.381502e-001 -3.750000e-001  7.187510e-001
      vertex  7.446478e-001 -3.750000e-001  7.065949e-001
    endloop
  endfacet
  facet normal  9.569414e-001  -0.000000e+000  2.902815e-001
    outer loop
      vertex  7.446478e-001  0.000000e+000  7.065949e-001
      vertex  7.446478e-001 -3.750000e-001  7.065949e-001
      vertex  7.486489e-001  0.000000e+000  6.934048e-001
    endloop
  endfacet
  facet normal  9.569414e-001  0.000000e+000  2.902815e-001
    outer loop
      vertex  7.486489e-001  0.000000e+000  6.934048e-001
      vertex  7.446478e-001 -3.750000e-001  7.065949e-001
      vertex  7.486489e-001 -3.750000e-001  6.934048e-001
    endloop
  endfacet
  facet normal  9.951845e-001  -0.000000e+000  9.801879e-002
    outer loop
      vertex  7.486489e-001  0.000000e+000  6.934048e-001
      vertex  7.486489e-001 -3.750000e-001  6.934048e-001
      vertex  7.500000e-001  0.000000e+000  6.796875e-001
    endloop
  endfacet
  facet normal  9.951845e-001  0.000000e+000  9.801879e-002
    outer loop
      vertex  7.500000e-001  0.000000e+000  6.796875e-001
      vertex  7.486489e-001 -3.750000e-001  6.934048e-001
      vertex  7.500000e-001 -3.750000e-001  6.796875e-001
    endloop
  endfacet
  facet normal -1.000000e+000  0.000000e+000  6.123234e-017
    outer loop
      vertex  4.592425e-017 -3.750000e-001  7.500000e-001
      vertex  4.592425e-017  0.000000e+000  7.500000e-001
      vertex  0.000000e+000 -3.750000e-001  0.000000e+000
    endloop
  endfacet
  facet normal -1.000000e+000  0.000000e+000  6.123234e-017
    outer loop
      vertex  0.000000e+000 -3.750000e-001  0.000000e+000
      vertex  4.592425e-017  0.000000e+000  7.500000e-001
      vertex  0.000000e+000  0.000000e+000  0.000000e+000
    endloop
  endfacet
  facet normal  -0.000000e+000  0.000000e+000 -1.000000e+000
    outer loop
      vertex  3.789474e-001  0.000000e+000  3.789474e-001
      vertex  7.500000e-001  0.000000e+000  3.789474e-001
      vertex  3.789474e-001 -3.750000e-001  3.789474e-001
    endloop
  endfacet
  facet normal  0.000000e+000  0.000000e+000 -1.000000e+000
    outer loop
      vertex  3.789474e-001 -3.750000e-001  3.789474e-001
      vertex  7.500000e-001  0.000000e+000  3.789474e-001
      vertex  7.500000e-001 -3.750000e-001  3.789474e-001
    endloop
  endfacet
  facet normal  1.000000e+000  0.000000e+000  0.000000e+000
    outer loop
      vertex  3.789474e-001 -3.750000e-001 -2.320383e-017
      vertex  3.789474e-001  0.000000e+000 -2.320383e-017
      vertex  3.789474e-001 -3.750000e-001  3.789474e-001
    endloop
  endfacet
  facet normal  1.000000e+000  -0.000000e+000  0.000000e+000
    outer loop
      vertex  3.789474e-001 -3.750000e-001  3.789474e-001
      vertex  3.789474e-001  0.000000e+000 -2.320383e-017
      vertex  3.789474e-001  0.000000e+000  3.789474e-001
    endloop
  endfacet
  facet normal -6.123234e-017  -0.000000e+000 -1.000000e+000
    outer loop
      vertex  0.000000e+000 -3.750000e-001  0.000000e+000
      vertex  0.000000e+000  0.000000e+000  0.000000e+000
      vertex  3.789474e-001 -3.750000e-001 -2.320383e-017
    endloop
  endfacet
  facet normal -6.123234e-017  0.000000e+000 -1.000000e+000
    outer loop
      vertex  3.789474e-001 -3.750000e-001 -2.320383e-017
      vertex  0.000000e+000  0.000000e+000  0.000000e+000
      vertex  3.789474e-001  0.000000e+000 -2.320383e-017
    endloop
  endfacet
endsolid CATIA STL
