solid CATIA STL
  facet normal  0.000000e+000 -1.000000e+000  0.000000e+000
    outer loop
      vertex  7.031250e-001 -2.421875e-001  7.500000e-001
      vertex  7.210633e-001 -2.421875e-001  7.464318e-001
      vertex  7.122698e-001 -2.421875e-001  7.490993e-001
    endloop
  endfacet
  facet normal  0.000000e+000 -1.000000e+000  0.000000e+000
    outer loop
      vertex -7.031250e-001 -2.421875e-001  7.500000e-001
      vertex -7.031250e-001 -2.421875e-001 -7.500000e-001
      vertex  7.500000e-001 -2.421875e-001 -7.500000e-001
    endloop
  endfacet
  facet normal  0.000000e+000 -1.000000e+000  0.000000e+000
    outer loop
      vertex -7.031250e-001 -2.421875e-001  7.500000e-001
      vertex  7.500000e-001 -2.421875e-001 -7.500000e-001
      vertex  7.500000e-001 -2.421875e-001  7.031250e-001
    endloop
  endfacet
  facet normal  0.000000e+000 -1.000000e+000  0.000000e+000
    outer loop
      vertex -7.031250e-001 -2.421875e-001  7.500000e-001
      vertex  7.500000e-001 -2.421875e-001  7.031250e-001
      vertex  7.490993e-001 -2.421875e-001  7.122698e-001
    endloop
  endfacet
  facet normal  0.000000e+000 -9.999999e-001  0.000000e+000
    outer loop
      vertex -7.031250e-001 -2.421875e-001  7.500000e-001
      vertex  7.490993e-001 -2.421875e-001  7.122698e-001
      vertex  7.464318e-001 -2.421875e-001  7.210633e-001
    endloop
  endfacet
  facet normal  0.000000e+000 -9.999999e-001  0.000000e+000
    outer loop
      vertex -7.031250e-001 -2.421875e-001  7.500000e-001
      vertex  7.464318e-001 -2.421875e-001  7.210633e-001
      vertex  7.421001e-001 -2.421875e-001  7.291673e-001
    endloop
  endfacet
  facet normal  0.000000e+000 -9.999999e-001  0.000000e+000
    outer loop
      vertex -7.031250e-001 -2.421875e-001  7.500000e-001
      vertex  7.421001e-001 -2.421875e-001  7.291673e-001
      vertex  7.362706e-001 -2.421875e-001  7.362706e-001
    endloop
  endfacet
  facet normal  0.000000e+000 -1.000000e+000  0.000000e+000
    outer loop
      vertex -7.031250e-001 -2.421875e-001  7.500000e-001
      vertex  7.362706e-001 -2.421875e-001  7.362706e-001
      vertex  7.291673e-001 -2.421875e-001  7.421001e-001
    endloop
  endfacet
  facet normal  0.000000e+000 -1.000000e+000  0.000000e+000
    outer loop
      vertex -7.031250e-001 -2.421875e-001  7.500000e-001
      vertex  7.291673e-001 -2.421875e-001  7.421001e-001
      vertex  7.210633e-001 -2.421875e-001  7.464318e-001
    endloop
  endfacet
  facet normal  0.000000e+000 -1.000000e+000  0.000000e+000
    outer loop
      vertex -7.031250e-001 -2.421875e-001  7.500000e-001
      vertex  7.210633e-001 -2.421875e-001  7.464318e-001
      vertex  7.031250e-001 -2.421875e-001  7.500000e-001
    endloop
  endfacet
  facet normal  0.000000e+000  0.000000e+000  9.999999e-001
    outer loop
      vertex  7.031250e-001 -2.421875e-001  7.500000e-001
      vertex  7.031250e-001  3.278627e-016  7.500000e-001
      vertex -7.031250e-001 -2.421875e-001  7.500000e-001
    endloop
  endfacet
  facet normal  0.000000e+000  -0.000000e+000  1.000000e+000
    outer loop
      vertex -7.031250e-001 -2.421875e-001  7.500000e-001
      vertex  7.031250e-001  3.278627e-016  7.500000e-001
      vertex -7.500000e-001  1.665335e-016  7.500000e-001
    endloop
  endfacet
  facet normal  0.000000e+000  0.000000e+000  1.000000e+000
    outer loop
      vertex -7.031250e-001 -2.421875e-001  7.500000e-001
      vertex -7.500000e-001  1.665335e-016  7.500000e-001
      vertex -7.500000e-001 -2.265625e-001  7.500000e-001
    endloop
  endfacet
  facet normal -1.110244e-016  1.000000e+000 -1.110294e-016
    outer loop
      vertex  7.122698e-001  3.287780e-016  7.490993e-001
      vertex  7.210633e-001  3.294581e-016  7.464318e-001
      vertex  7.031250e-001  3.278627e-016  7.500000e-001
    endloop
  endfacet
  facet normal -1.110223e-016  1.000000e+000 -1.110186e-016
    outer loop
      vertex -7.500000e-001  1.665335e-016  7.500000e-001
      vertex  7.031250e-001  3.278627e-016  7.500000e-001
      vertex  7.210633e-001  3.294581e-016  7.464318e-001
    endloop
  endfacet
  facet normal -1.110223e-016  1.000000e+000 -1.110254e-016
    outer loop
      vertex -7.500000e-001  1.665335e-016  7.500000e-001
      vertex  7.210633e-001  3.294581e-016  7.464318e-001
      vertex  7.291673e-001  3.298770e-016  7.421001e-001
    endloop
  endfacet
  facet normal -1.110223e-016  1.000000e+000 -1.110200e-016
    outer loop
      vertex -7.500000e-001  1.665335e-016  7.500000e-001
      vertex  7.291673e-001  3.298770e-016  7.421001e-001
      vertex  7.362706e-001  3.300184e-016  7.362706e-001
    endloop
  endfacet
  facet normal -1.110223e-016  1.000000e+000 -1.110242e-016
    outer loop
      vertex -7.500000e-001  1.665335e-016  7.500000e-001
      vertex  7.362706e-001  3.300184e-016  7.362706e-001
      vertex  7.421001e-001  3.298770e-016  7.291673e-001
    endloop
  endfacet
  facet normal -1.110223e-016  1.000000e+000 -1.110207e-016
    outer loop
      vertex -7.500000e-001  1.665335e-016  7.500000e-001
      vertex  7.421001e-001  3.298770e-016  7.291673e-001
      vertex  7.464318e-001  3.294581e-016  7.210633e-001
    endloop
  endfacet
  facet normal -1.110223e-016  1.000000e+000 -1.110223e-016
    outer loop
      vertex -7.500000e-001  1.665335e-016  7.500000e-001
      vertex  7.464318e-001  3.294581e-016  7.210633e-001
      vertex  7.490993e-001  3.287780e-016  7.122698e-001
    endloop
  endfacet
  facet normal -1.110224e-016  9.999999e-001 -1.110237e-016
    outer loop
      vertex -7.500000e-001  1.665335e-016  7.500000e-001
      vertex  7.490993e-001  3.287780e-016  7.122698e-001
      vertex  7.500000e-001  3.278627e-016  7.031250e-001
    endloop
  endfacet
  facet normal -1.110223e-016  1.000000e+000 -1.110223e-016
    outer loop
      vertex -7.500000e-001  1.665335e-016  7.500000e-001
      vertex  7.500000e-001  3.278627e-016  7.031250e-001
      vertex  7.500000e-001  1.665335e-016 -7.500000e-001
    endloop
  endfacet
  facet normal -1.110223e-016  1.000000e+000 -1.110223e-016
    outer loop
      vertex -7.500000e-001  1.665335e-016  7.500000e-001
      vertex  7.500000e-001  1.665335e-016 -7.500000e-001
      vertex -7.500000e-001  0.000000e+000 -7.500000e-001
    endloop
  endfacet
  facet normal  1.000000e+000  0.000000e+000  0.000000e+000
    outer loop
      vertex  7.500000e-001 -2.421875e-001 -7.500000e-001
      vertex  7.500000e-001  1.665335e-016 -7.500000e-001
      vertex  7.500000e-001 -2.421875e-001  7.031250e-001
    endloop
  endfacet
  facet normal  1.000000e+000  -0.000000e+000  0.000000e+000
    outer loop
      vertex  7.500000e-001 -2.421875e-001  7.031250e-001
      vertex  7.500000e-001  1.665335e-016 -7.500000e-001
      vertex  7.500000e-001  3.278627e-016  7.031250e-001
    endloop
  endfacet
  facet normal  9.801686e-002  -0.000000e+000  9.951848e-001
    outer loop
      vertex  7.031250e-001  3.278627e-016  7.500000e-001
      vertex  7.031250e-001 -2.421875e-001  7.500000e-001
      vertex  7.122698e-001  3.287780e-016  7.490993e-001
    endloop
  endfacet
  facet normal  9.801686e-002  0.000000e+000  9.951848e-001
    outer loop
      vertex  7.122698e-001  3.287780e-016  7.490993e-001
      vertex  7.031250e-001 -2.421875e-001  7.500000e-001
      vertex  7.122698e-001 -2.421875e-001  7.490993e-001
    endloop
  endfacet
  facet normal  2.902880e-001  -0.000000e+000  9.569393e-001
    outer loop
      vertex  7.122698e-001  3.287780e-016  7.490993e-001
      vertex  7.122698e-001 -2.421875e-001  7.490993e-001
      vertex  7.210633e-001  3.294581e-016  7.464318e-001
    endloop
  endfacet
  facet normal  2.902880e-001  0.000000e+000  9.569393e-001
    outer loop
      vertex  7.210633e-001  3.294581e-016  7.464318e-001
      vertex  7.122698e-001 -2.421875e-001  7.490993e-001
      vertex  7.210633e-001 -2.421875e-001  7.464318e-001
    endloop
  endfacet
  facet normal  4.713954e-001  -0.000000e+000  8.819220e-001
    outer loop
      vertex  7.210633e-001  3.294581e-016  7.464318e-001
      vertex  7.210633e-001 -2.421875e-001  7.464318e-001
      vertex  7.291673e-001  3.298770e-016  7.421001e-001
    endloop
  endfacet
  facet normal  4.713954e-001  0.000000e+000  8.819220e-001
    outer loop
      vertex  7.291673e-001  3.298770e-016  7.421001e-001
      vertex  7.210633e-001 -2.421875e-001  7.464318e-001
      vertex  7.291673e-001 -2.421875e-001  7.421001e-001
    endloop
  endfacet
  facet normal  6.343943e-001  -0.000000e+000  7.730097e-001
    outer loop
      vertex  7.291673e-001  3.298770e-016  7.421001e-001
      vertex  7.291673e-001 -2.421875e-001  7.421001e-001
      vertex  7.362706e-001  3.300184e-016  7.362706e-001
    endloop
  endfacet
  facet normal  6.343943e-001  0.000000e+000  7.730097e-001
    outer loop
      vertex  7.362706e-001  3.300184e-016  7.362706e-001
      vertex  7.291673e-001 -2.421875e-001  7.421001e-001
      vertex  7.362706e-001 -2.421875e-001  7.362706e-001
    endloop
  endfacet
  facet normal  7.730097e-001  -0.000000e+000  6.343943e-001
    outer loop
      vertex  7.362706e-001  3.300184e-016  7.362706e-001
      vertex  7.362706e-001 -2.421875e-001  7.362706e-001
      vertex  7.421001e-001  3.298770e-016  7.291673e-001
    endloop
  endfacet
  facet normal  7.730097e-001  0.000000e+000  6.343943e-001
    outer loop
      vertex  7.421001e-001  3.298770e-016  7.291673e-001
      vertex  7.362706e-001 -2.421875e-001  7.362706e-001
      vertex  7.421001e-001 -2.421875e-001  7.291673e-001
    endloop
  endfacet
  facet normal  8.819220e-001  -0.000000e+000  4.713954e-001
    outer loop
      vertex  7.421001e-001  3.298770e-016  7.291673e-001
      vertex  7.421001e-001 -2.421875e-001  7.291673e-001
      vertex  7.464318e-001  3.294581e-016  7.210633e-001
    endloop
  endfacet
  facet normal  8.819220e-001  0.000000e+000  4.713954e-001
    outer loop
      vertex  7.464318e-001  3.294581e-016  7.210633e-001
      vertex  7.421001e-001 -2.421875e-001  7.291673e-001
      vertex  7.464318e-001 -2.421875e-001  7.210633e-001
    endloop
  endfacet
  facet normal  9.569393e-001  -0.000000e+000  2.902880e-001
    outer loop
      vertex  7.464318e-001  3.294581e-016  7.210633e-001
      vertex  7.464318e-001 -2.421875e-001  7.210633e-001
      vertex  7.490993e-001  3.287780e-016  7.122698e-001
    endloop
  endfacet
  facet normal  9.569393e-001  0.000000e+000  2.902880e-001
    outer loop
      vertex  7.490993e-001  3.287780e-016  7.122698e-001
      vertex  7.464318e-001 -2.421875e-001  7.210633e-001
      vertex  7.490993e-001 -2.421875e-001  7.122698e-001
    endloop
  endfacet
  facet normal  9.951848e-001  -0.000000e+000  9.801686e-002
    outer loop
      vertex  7.490993e-001  3.287780e-016  7.122698e-001
      vertex  7.490993e-001 -2.421875e-001  7.122698e-001
      vertex  7.500000e-001  3.278627e-016  7.031250e-001
    endloop
  endfacet
  facet normal  9.951848e-001  0.000000e+000  9.801686e-002
    outer loop
      vertex  7.500000e-001  3.278627e-016  7.031250e-001
      vertex  7.490993e-001 -2.421875e-001  7.122698e-001
      vertex  7.500000e-001 -2.421875e-001  7.031250e-001
    endloop
  endfacet
  facet normal -1.000000e+000  -0.000000e+000  0.000000e+000
    outer loop
      vertex -7.500000e-001 -2.265625e-001  7.500000e-001
      vertex -7.500000e-001  1.665335e-016  7.500000e-001
      vertex -7.500000e-001 -2.265625e-001 -7.500000e-001
    endloop
  endfacet
  facet normal -1.000000e+000  0.000000e+000  0.000000e+000
    outer loop
      vertex -7.500000e-001 -2.265625e-001 -7.500000e-001
      vertex -7.500000e-001  1.665335e-016  7.500000e-001
      vertex -7.500000e-001  0.000000e+000 -7.500000e-001
    endloop
  endfacet
  facet normal  0.000000e+000  0.000000e+000 -1.000000e+000
    outer loop
      vertex  7.500000e-001  1.665335e-016 -7.500000e-001
      vertex  7.500000e-001 -2.421875e-001 -7.500000e-001
      vertex -7.500000e-001  0.000000e+000 -7.500000e-001
    endloop
  endfacet
  facet normal  0.000000e+000  0.000000e+000 -1.000000e+000
    outer loop
      vertex -7.500000e-001  0.000000e+000 -7.500000e-001
      vertex  7.500000e-001 -2.421875e-001 -7.500000e-001
      vertex -7.031250e-001 -2.421875e-001 -7.500000e-001
    endloop
  endfacet
  facet normal  0.000000e+000  0.000000e+000 -1.000000e+000
    outer loop
      vertex -7.500000e-001  0.000000e+000 -7.500000e-001
      vertex -7.031250e-001 -2.421875e-001 -7.500000e-001
      vertex -7.500000e-001 -2.265625e-001 -7.500000e-001
    endloop
  endfacet
  facet normal -3.162278e-001 -9.486833e-001  -0.000000e+000
    outer loop
      vertex -7.031250e-001 -2.421875e-001 -7.500000e-001
      vertex -7.031250e-001 -2.421875e-001  7.500000e-001
      vertex -7.500000e-001 -2.265625e-001 -7.500000e-001
    endloop
  endfacet
  facet normal -3.162278e-001 -9.486833e-001  0.000000e+000
    outer loop
      vertex -7.500000e-001 -2.265625e-001 -7.500000e-001
      vertex -7.031250e-001 -2.421875e-001  7.500000e-001
      vertex -7.500000e-001 -2.265625e-001  7.500000e-001
    endloop
  endfacet
endsolid CATIA STL
