solid CATIA STL
  facet normal  0.000000e+000  0.000000e+000 -1.000000e+000
    outer loop
      vertex  0.000000e+000  1.406250e-001  0.000000e+000
      vertex  0.000000e+000  6.078947e-001  0.000000e+000
      vertex  7.500000e-001  1.406250e-001  0.000000e+000
    endloop
  endfacet
  facet normal  0.000000e+000  0.000000e+000 -1.000000e+000
    outer loop
      vertex  7.500000e-001  1.406250e-001  0.000000e+000
      vertex  0.000000e+000  6.078947e-001  0.000000e+000
      vertex  7.500000e-001  6.078947e-001  0.000000e+000
    endloop
  endfacet
  facet normal -1.000000e+000  -0.000000e+000  -0.000000e+000
    outer loop
      vertex  0.000000e+000  0.000000e+000  2.890625e-001
      vertex  0.000000e+000  6.078947e-001  2.890625e-001
      vertex  0.000000e+000  6.078947e-001  0.000000e+000
    endloop
  endfacet
  facet normal -1.000000e+000  0.000000e+000  0.000000e+000
    outer loop
      vertex  0.000000e+000  0.000000e+000  2.890625e-001
      vertex  0.000000e+000  6.078947e-001  0.000000e+000
      vertex  0.000000e+000  1.406250e-001  0.000000e+000
    endloop
  endfacet
  facet normal -1.000000e+000  0.000000e+000  0.000000e+000
    outer loop
      vertex  0.000000e+000  0.000000e+000  2.890625e-001
      vertex  0.000000e+000  1.406250e-001  0.000000e+000
      vertex  0.000000e+000  1.131904e-001  2.702070e-003
    endloop
  endfacet
  facet normal -1.000000e+000  0.000000e+000  0.000000e+000
    outer loop
      vertex  0.000000e+000  0.000000e+000  2.890625e-001
      vertex  0.000000e+000  1.131904e-001  2.702070e-003
      vertex  0.000000e+000  8.681014e-002  1.070444e-002
    endloop
  endfacet
  facet normal -1.000000e+000  0.000000e+000  0.000000e+000
    outer loop
      vertex  0.000000e+000  0.000000e+000  2.890625e-001
      vertex  0.000000e+000  8.681014e-002  1.070444e-002
      vertex  0.000000e+000  6.249794e-002  2.369959e-002
    endloop
  endfacet
  facet normal -1.000000e+000  0.000000e+000  0.000000e+000
    outer loop
      vertex  0.000000e+000  0.000000e+000  2.890625e-001
      vertex  0.000000e+000  6.249794e-002  2.369959e-002
      vertex  0.000000e+000  4.118811e-002  4.118811e-002
    endloop
  endfacet
  facet normal -1.000000e+000  0.000000e+000  0.000000e+000
    outer loop
      vertex  0.000000e+000  0.000000e+000  2.890625e-001
      vertex  0.000000e+000  4.118811e-002  4.118811e-002
      vertex  0.000000e+000  2.369959e-002  6.249794e-002
    endloop
  endfacet
  facet normal -1.000000e+000  0.000000e+000  0.000000e+000
    outer loop
      vertex  0.000000e+000  0.000000e+000  2.890625e-001
      vertex  0.000000e+000  2.369959e-002  6.249794e-002
      vertex  0.000000e+000  1.070444e-002  8.681014e-002
    endloop
  endfacet
  facet normal -1.000000e+000  0.000000e+000  0.000000e+000
    outer loop
      vertex  0.000000e+000  0.000000e+000  2.890625e-001
      vertex  0.000000e+000  1.070444e-002  8.681014e-002
      vertex  0.000000e+000  2.702070e-003  1.131904e-001
    endloop
  endfacet
  facet normal -1.000000e+000  0.000000e+000  0.000000e+000
    outer loop
      vertex  0.000000e+000  0.000000e+000  2.890625e-001
      vertex  0.000000e+000  2.702070e-003  1.131904e-001
      vertex  0.000000e+000  0.000000e+000  1.406250e-001
    endloop
  endfacet
  facet normal  1.000000e+000  0.000000e+000  0.000000e+000
    outer loop
      vertex  7.500000e-001  0.000000e+000  1.406250e-001
      vertex  7.500000e-001  2.702070e-003  1.131904e-001
      vertex  7.500000e-001  0.000000e+000  2.890625e-001
    endloop
  endfacet
  facet normal  1.000000e+000  0.000000e+000  -0.000000e+000
    outer loop
      vertex  7.500000e-001  1.406250e-001  0.000000e+000
      vertex  7.500000e-001  6.078947e-001  0.000000e+000
      vertex  7.500000e-001  6.078947e-001  2.890625e-001
    endloop
  endfacet
  facet normal  1.000000e+000  0.000000e+000  0.000000e+000
    outer loop
      vertex  7.500000e-001  1.406250e-001  0.000000e+000
      vertex  7.500000e-001  6.078947e-001  2.890625e-001
      vertex  7.500000e-001  0.000000e+000  2.890625e-001
    endloop
  endfacet
  facet normal  1.000000e+000  0.000000e+000  0.000000e+000
    outer loop
      vertex  7.500000e-001  1.406250e-001  0.000000e+000
      vertex  7.500000e-001  0.000000e+000  2.890625e-001
      vertex  7.500000e-001  2.702070e-003  1.131904e-001
    endloop
  endfacet
  facet normal  1.000000e+000  0.000000e+000  0.000000e+000
    outer loop
      vertex  7.500000e-001  1.406250e-001  0.000000e+000
      vertex  7.500000e-001  2.702070e-003  1.131904e-001
      vertex  7.500000e-001  1.070444e-002  8.681014e-002
    endloop
  endfacet
  facet normal  1.000000e+000  0.000000e+000  0.000000e+000
    outer loop
      vertex  7.500000e-001  1.406250e-001  0.000000e+000
      vertex  7.500000e-001  1.070444e-002  8.681014e-002
      vertex  7.500000e-001  2.369959e-002  6.249794e-002
    endloop
  endfacet
  facet normal  1.000000e+000  0.000000e+000  0.000000e+000
    outer loop
      vertex  7.500000e-001  1.406250e-001  0.000000e+000
      vertex  7.500000e-001  2.369959e-002  6.249794e-002
      vertex  7.500000e-001  4.118811e-002  4.118811e-002
    endloop
  endfacet
  facet normal  1.000000e+000  0.000000e+000  0.000000e+000
    outer loop
      vertex  7.500000e-001  1.406250e-001  0.000000e+000
      vertex  7.500000e-001  4.118811e-002  4.118811e-002
      vertex  7.500000e-001  6.249794e-002  2.369959e-002
    endloop
  endfacet
  facet normal  1.000000e+000  0.000000e+000  0.000000e+000
    outer loop
      vertex  7.500000e-001  1.406250e-001  0.000000e+000
      vertex  7.500000e-001  6.249794e-002  2.369959e-002
      vertex  7.500000e-001  8.681014e-002  1.070444e-002
    endloop
  endfacet
  facet normal  1.000000e+000  0.000000e+000  0.000000e+000
    outer loop
      vertex  7.500000e-001  1.406250e-001  0.000000e+000
      vertex  7.500000e-001  8.681014e-002  1.070444e-002
      vertex  7.500000e-001  1.131904e-001  2.702070e-003
    endloop
  endfacet
  facet normal  0.000000e+000 -1.000000e+000  0.000000e+000
    outer loop
      vertex  0.000000e+000  0.000000e+000  2.890625e-001
      vertex  0.000000e+000  0.000000e+000  1.406250e-001
      vertex  7.500000e-001  0.000000e+000  2.890625e-001
    endloop
  endfacet
  facet normal  0.000000e+000 -1.000000e+000  -0.000000e+000
    outer loop
      vertex  7.500000e-001  0.000000e+000  2.890625e-001
      vertex  0.000000e+000  0.000000e+000  1.406250e-001
      vertex  7.500000e-001  0.000000e+000  1.406250e-001
    endloop
  endfacet
  facet normal  -0.000000e+000 -9.801712e-002 -9.951847e-001
    outer loop
      vertex  0.000000e+000  1.406250e-001  0.000000e+000
      vertex  7.500000e-001  1.406250e-001  0.000000e+000
      vertex  0.000000e+000  1.131904e-001  2.702070e-003
    endloop
  endfacet
  facet normal  0.000000e+000 -9.801712e-002 -9.951847e-001
    outer loop
      vertex  0.000000e+000  1.131904e-001  2.702070e-003
      vertex  7.500000e-001  1.406250e-001  0.000000e+000
      vertex  7.500000e-001  1.131904e-001  2.702070e-003
    endloop
  endfacet
  facet normal  -0.000000e+000 -2.902847e-001 -9.569404e-001
    outer loop
      vertex  0.000000e+000  1.131904e-001  2.702070e-003
      vertex  7.500000e-001  1.131904e-001  2.702070e-003
      vertex  0.000000e+000  8.681014e-002  1.070444e-002
    endloop
  endfacet
  facet normal  0.000000e+000 -2.902847e-001 -9.569404e-001
    outer loop
      vertex  0.000000e+000  8.681014e-002  1.070444e-002
      vertex  7.500000e-001  1.131904e-001  2.702070e-003
      vertex  7.500000e-001  8.681014e-002  1.070444e-002
    endloop
  endfacet
  facet normal  -0.000000e+000 -4.713967e-001 -8.819212e-001
    outer loop
      vertex  0.000000e+000  8.681014e-002  1.070444e-002
      vertex  7.500000e-001  8.681014e-002  1.070444e-002
      vertex  0.000000e+000  6.249794e-002  2.369959e-002
    endloop
  endfacet
  facet normal  0.000000e+000 -4.713967e-001 -8.819212e-001
    outer loop
      vertex  0.000000e+000  6.249794e-002  2.369959e-002
      vertex  7.500000e-001  8.681014e-002  1.070444e-002
      vertex  7.500000e-001  6.249794e-002  2.369959e-002
    endloop
  endfacet
  facet normal  -0.000000e+000 -6.343933e-001 -7.730104e-001
    outer loop
      vertex  0.000000e+000  6.249794e-002  2.369959e-002
      vertex  7.500000e-001  6.249794e-002  2.369959e-002
      vertex  0.000000e+000  4.118811e-002  4.118811e-002
    endloop
  endfacet
  facet normal  0.000000e+000 -6.343933e-001 -7.730104e-001
    outer loop
      vertex  0.000000e+000  4.118811e-002  4.118811e-002
      vertex  7.500000e-001  6.249794e-002  2.369959e-002
      vertex  7.500000e-001  4.118811e-002  4.118811e-002
    endloop
  endfacet
  facet normal  -0.000000e+000 -7.730104e-001 -6.343933e-001
    outer loop
      vertex  0.000000e+000  4.118811e-002  4.118811e-002
      vertex  7.500000e-001  4.118811e-002  4.118811e-002
      vertex  0.000000e+000  2.369959e-002  6.249794e-002
    endloop
  endfacet
  facet normal  0.000000e+000 -7.730104e-001 -6.343933e-001
    outer loop
      vertex  0.000000e+000  2.369959e-002  6.249794e-002
      vertex  7.500000e-001  4.118811e-002  4.118811e-002
      vertex  7.500000e-001  2.369959e-002  6.249794e-002
    endloop
  endfacet
  facet normal  -0.000000e+000 -8.819212e-001 -4.713967e-001
    outer loop
      vertex  0.000000e+000  2.369959e-002  6.249794e-002
      vertex  7.500000e-001  2.369959e-002  6.249794e-002
      vertex  0.000000e+000  1.070444e-002  8.681014e-002
    endloop
  endfacet
  facet normal  0.000000e+000 -8.819212e-001 -4.713967e-001
    outer loop
      vertex  0.000000e+000  1.070444e-002  8.681014e-002
      vertex  7.500000e-001  2.369959e-002  6.249794e-002
      vertex  7.500000e-001  1.070444e-002  8.681014e-002
    endloop
  endfacet
  facet normal  -0.000000e+000 -9.569404e-001 -2.902847e-001
    outer loop
      vertex  0.000000e+000  1.070444e-002  8.681014e-002
      vertex  7.500000e-001  1.070444e-002  8.681014e-002
      vertex  0.000000e+000  2.702070e-003  1.131904e-001
    endloop
  endfacet
  facet normal  0.000000e+000 -9.569404e-001 -2.902847e-001
    outer loop
      vertex  0.000000e+000  2.702070e-003  1.131904e-001
      vertex  7.500000e-001  1.070444e-002  8.681014e-002
      vertex  7.500000e-001  2.702070e-003  1.131904e-001
    endloop
  endfacet
  facet normal  -0.000000e+000 -9.951847e-001 -9.801712e-002
    outer loop
      vertex  0.000000e+000  2.702070e-003  1.131904e-001
      vertex  7.500000e-001  2.702070e-003  1.131904e-001
      vertex  0.000000e+000  0.000000e+000  1.406250e-001
    endloop
  endfacet
  facet normal  0.000000e+000 -9.951847e-001 -9.801712e-002
    outer loop
      vertex  0.000000e+000  0.000000e+000  1.406250e-001
      vertex  7.500000e-001  2.702070e-003  1.131904e-001
      vertex  7.500000e-001  0.000000e+000  1.406250e-001
    endloop
  endfacet
  facet normal  0.000000e+000  0.000000e+000  1.000000e+000
    outer loop
      vertex  0.000000e+000  0.000000e+000  2.890625e-001
      vertex  7.500000e-001  0.000000e+000  2.890625e-001
      vertex  0.000000e+000  6.078947e-001  2.890625e-001
    endloop
  endfacet
  facet normal  -0.000000e+000  0.000000e+000  1.000000e+000
    outer loop
      vertex  0.000000e+000  6.078947e-001  2.890625e-001
      vertex  7.500000e-001  0.000000e+000  2.890625e-001
      vertex  7.500000e-001  6.078947e-001  2.890625e-001
    endloop
  endfacet
  facet normal  0.000000e+000  1.000000e+000  -0.000000e+000
    outer loop
      vertex  7.500000e-001  6.078947e-001  2.890625e-001
      vertex  7.500000e-001  6.078947e-001  0.000000e+000
      vertex  0.000000e+000  6.078947e-001  2.890625e-001
    endloop
  endfacet
  facet normal  0.000000e+000  1.000000e+000  0.000000e+000
    outer loop
      vertex  0.000000e+000  6.078947e-001  2.890625e-001
      vertex  7.500000e-001  6.078947e-001  0.000000e+000
      vertex  0.000000e+000  6.078947e-001  0.000000e+000
    endloop
  endfacet
endsolid CATIA STL
