solid CATIA STL
  facet normal  0.000000e+000  0.000000e+000  1.000000e+000
    outer loop
      vertex -4.687500e-002  1.562500e-002  7.500000e-001
      vertex -3.453947e-003  3.906250e-002  7.500000e-001
      vertex -4.687500e-002  3.906250e-002  7.500000e-001
    endloop
  endfacet
  facet normal  0.000000e+000  0.000000e+000  1.000000e+000
    outer loop
      vertex  3.906250e-002 -3.453947e-003  7.500000e-001
      vertex  3.906250e-002  3.906250e-002  7.500000e-001
      vertex -3.453947e-003  3.906250e-002  7.500000e-001
    endloop
  endfacet
  facet normal  0.000000e+000  0.000000e+000  1.000000e+000
    outer loop
      vertex  3.906250e-002 -3.453947e-003  7.500000e-001
      vertex -3.453947e-003  3.906250e-002  7.500000e-001
      vertex -4.687500e-002  1.562500e-002  7.500000e-001
    endloop
  endfacet
  facet normal  0.000000e+000  0.000000e+000  1.000000e+000
    outer loop
      vertex  3.906250e-002 -3.453947e-003  7.500000e-001
      vertex -4.687500e-002  1.562500e-002  7.500000e-001
      vertex -4.567408e-002  3.431855e-003  7.500000e-001
    endloop
  endfacet
  facet normal  0.000000e+000  0.000000e+000  1.000000e+000
    outer loop
      vertex  3.906250e-002 -3.453947e-003  7.500000e-001
      vertex -4.567408e-002  3.431855e-003  7.500000e-001
      vertex -4.211747e-002 -8.292714e-003  7.500000e-001
    endloop
  endfacet
  facet normal  -0.000000e+000  0.000000e+000  1.000000e+000
    outer loop
      vertex  3.906250e-002 -3.453947e-003  7.500000e-001
      vertex -4.211747e-002 -8.292714e-003  7.500000e-001
      vertex -3.634185e-002 -1.909814e-002  7.500000e-001
    endloop
  endfacet
  facet normal  -0.000000e+000  0.000000e+000  1.000000e+000
    outer loop
      vertex  3.906250e-002 -3.453947e-003  7.500000e-001
      vertex -3.634185e-002 -1.909814e-002  7.500000e-001
      vertex -2.856917e-002 -2.856917e-002  7.500000e-001
    endloop
  endfacet
  facet normal  -0.000000e+000  0.000000e+000  1.000000e+000
    outer loop
      vertex  3.906250e-002 -3.453947e-003  7.500000e-001
      vertex -2.856917e-002 -2.856917e-002  7.500000e-001
      vertex -1.909814e-002 -3.634185e-002  7.500000e-001
    endloop
  endfacet
  facet normal  -0.000000e+000  0.000000e+000  1.000000e+000
    outer loop
      vertex  3.906250e-002 -3.453947e-003  7.500000e-001
      vertex -1.909814e-002 -3.634185e-002  7.500000e-001
      vertex -8.292714e-003 -4.211747e-002  7.500000e-001
    endloop
  endfacet
  facet normal  -0.000000e+000  0.000000e+000  1.000000e+000
    outer loop
      vertex  3.906250e-002 -3.453947e-003  7.500000e-001
      vertex -8.292714e-003 -4.211747e-002  7.500000e-001
      vertex  3.431855e-003 -4.567408e-002  7.500000e-001
    endloop
  endfacet
  facet normal  -0.000000e+000  0.000000e+000  9.999999e-001
    outer loop
      vertex  3.906250e-002 -3.453947e-003  7.500000e-001
      vertex  3.431855e-003 -4.567408e-002  7.500000e-001
      vertex  1.562500e-002 -4.687500e-002  7.500000e-001
    endloop
  endfacet
  facet normal  0.000000e+000  0.000000e+000  1.000000e+000
    outer loop
      vertex  3.906250e-002 -3.453947e-003  7.500000e-001
      vertex  1.562500e-002 -4.687500e-002  7.500000e-001
      vertex  3.906250e-002 -4.687500e-002  7.500000e-001
    endloop
  endfacet
  facet normal  -0.000000e+000  0.000000e+000 -1.000000e+000
    outer loop
      vertex -4.687500e-002  3.906250e-002  0.000000e+000
      vertex -3.453947e-003  3.906250e-002  0.000000e+000
      vertex -4.687500e-002  1.562500e-002  0.000000e+000
    endloop
  endfacet
  facet normal  0.000000e+000  0.000000e+000 -1.000000e+000
    outer loop
      vertex  3.906250e-002 -3.453947e-003  0.000000e+000
      vertex  3.906250e-002 -4.687500e-002  0.000000e+000
      vertex  1.562500e-002 -4.687500e-002  0.000000e+000
    endloop
  endfacet
  facet normal  0.000000e+000  0.000000e+000 -9.999999e-001
    outer loop
      vertex  3.906250e-002 -3.453947e-003  0.000000e+000
      vertex  1.562500e-002 -4.687500e-002  0.000000e+000
      vertex  3.431855e-003 -4.567408e-002  0.000000e+000
    endloop
  endfacet
  facet normal  0.000000e+000  0.000000e+000 -1.000000e+000
    outer loop
      vertex  3.906250e-002 -3.453947e-003  0.000000e+000
      vertex  3.431855e-003 -4.567408e-002  0.000000e+000
      vertex -8.292714e-003 -4.211747e-002  0.000000e+000
    endloop
  endfacet
  facet normal  0.000000e+000  0.000000e+000 -1.000000e+000
    outer loop
      vertex  3.906250e-002 -3.453947e-003  0.000000e+000
      vertex -8.292714e-003 -4.211747e-002  0.000000e+000
      vertex -1.909814e-002 -3.634185e-002  0.000000e+000
    endloop
  endfacet
  facet normal  0.000000e+000  0.000000e+000 -1.000000e+000
    outer loop
      vertex  3.906250e-002 -3.453947e-003  0.000000e+000
      vertex -1.909814e-002 -3.634185e-002  0.000000e+000
      vertex -2.856917e-002 -2.856917e-002  0.000000e+000
    endloop
  endfacet
  facet normal  0.000000e+000  0.000000e+000 -1.000000e+000
    outer loop
      vertex  3.906250e-002 -3.453947e-003  0.000000e+000
      vertex -2.856917e-002 -2.856917e-002  0.000000e+000
      vertex -3.634185e-002 -1.909814e-002  0.000000e+000
    endloop
  endfacet
  facet normal  0.000000e+000  0.000000e+000 -1.000000e+000
    outer loop
      vertex  3.906250e-002 -3.453947e-003  0.000000e+000
      vertex -3.634185e-002 -1.909814e-002  0.000000e+000
      vertex -4.211747e-002 -8.292714e-003  0.000000e+000
    endloop
  endfacet
  facet normal  0.000000e+000  0.000000e+000 -1.000000e+000
    outer loop
      vertex  3.906250e-002 -3.453947e-003  0.000000e+000
      vertex -4.211747e-002 -8.292714e-003  0.000000e+000
      vertex -4.567408e-002  3.431855e-003  0.000000e+000
    endloop
  endfacet
  facet normal  0.000000e+000  0.000000e+000 -1.000000e+000
    outer loop
      vertex  3.906250e-002 -3.453947e-003  0.000000e+000
      vertex -4.567408e-002  3.431855e-003  0.000000e+000
      vertex -4.687500e-002  1.562500e-002  0.000000e+000
    endloop
  endfacet
  facet normal  0.000000e+000  0.000000e+000 -1.000000e+000
    outer loop
      vertex  3.906250e-002 -3.453947e-003  0.000000e+000
      vertex -4.687500e-002  1.562500e-002  0.000000e+000
      vertex -3.453947e-003  3.906250e-002  0.000000e+000
    endloop
  endfacet
  facet normal  0.000000e+000  0.000000e+000 -1.000000e+000
    outer loop
      vertex  3.906250e-002 -3.453947e-003  0.000000e+000
      vertex -3.453947e-003  3.906250e-002  0.000000e+000
      vertex  3.906250e-002  3.906250e-002  0.000000e+000
    endloop
  endfacet
  facet normal -1.000000e+000  0.000000e+000  0.000000e+000
    outer loop
      vertex -4.687500e-002  3.906250e-002  0.000000e+000
      vertex -4.687500e-002  1.562500e-002  0.000000e+000
      vertex -4.687500e-002  3.906250e-002  7.500000e-001
    endloop
  endfacet
  facet normal -1.000000e+000  -0.000000e+000  0.000000e+000
    outer loop
      vertex -4.687500e-002  3.906250e-002  7.500000e-001
      vertex -4.687500e-002  1.562500e-002  0.000000e+000
      vertex -4.687500e-002  1.562500e-002  7.500000e-001
    endloop
  endfacet
  facet normal  0.000000e+000 -1.000000e+000  0.000000e+000
    outer loop
      vertex  1.562500e-002 -4.687500e-002  0.000000e+000
      vertex  3.906250e-002 -4.687500e-002  0.000000e+000
      vertex  1.562500e-002 -4.687500e-002  7.500000e-001
    endloop
  endfacet
  facet normal  0.000000e+000 -1.000000e+000  0.000000e+000
    outer loop
      vertex  1.562500e-002 -4.687500e-002  7.500000e-001
      vertex  3.906250e-002 -4.687500e-002  0.000000e+000
      vertex  3.906250e-002 -4.687500e-002  7.500000e-001
    endloop
  endfacet
  facet normal -9.951848e-001 -9.801729e-002  0.000000e+000
    outer loop
      vertex -4.687500e-002  1.562500e-002  7.500000e-001
      vertex -4.687500e-002  1.562500e-002  0.000000e+000
      vertex -4.567408e-002  3.431855e-003  7.500000e-001
    endloop
  endfacet
  facet normal -9.951848e-001 -9.801729e-002  -0.000000e+000
    outer loop
      vertex -4.567408e-002  3.431855e-003  7.500000e-001
      vertex -4.687500e-002  1.562500e-002  0.000000e+000
      vertex -4.567408e-002  3.431855e-003  0.000000e+000
    endloop
  endfacet
  facet normal -9.569404e-001 -2.902847e-001  0.000000e+000
    outer loop
      vertex -4.567408e-002  3.431855e-003  7.500000e-001
      vertex -4.567408e-002  3.431855e-003  0.000000e+000
      vertex -4.211747e-002 -8.292714e-003  7.500000e-001
    endloop
  endfacet
  facet normal -9.569404e-001 -2.902847e-001  -0.000000e+000
    outer loop
      vertex -4.211747e-002 -8.292714e-003  7.500000e-001
      vertex -4.567408e-002  3.431855e-003  0.000000e+000
      vertex -4.211747e-002 -8.292714e-003  0.000000e+000
    endloop
  endfacet
  facet normal -8.819214e-001 -4.713967e-001  0.000000e+000
    outer loop
      vertex -4.211747e-002 -8.292714e-003  7.500000e-001
      vertex -4.211747e-002 -8.292714e-003  0.000000e+000
      vertex -3.634185e-002 -1.909814e-002  7.500000e-001
    endloop
  endfacet
  facet normal -8.819214e-001 -4.713967e-001  -0.000000e+000
    outer loop
      vertex -3.634185e-002 -1.909814e-002  7.500000e-001
      vertex -4.211747e-002 -8.292714e-003  0.000000e+000
      vertex -3.634185e-002 -1.909814e-002  0.000000e+000
    endloop
  endfacet
  facet normal -7.730104e-001 -6.343933e-001  0.000000e+000
    outer loop
      vertex -3.634185e-002 -1.909814e-002  7.500000e-001
      vertex -3.634185e-002 -1.909814e-002  0.000000e+000
      vertex -2.856917e-002 -2.856917e-002  7.500000e-001
    endloop
  endfacet
  facet normal -7.730104e-001 -6.343933e-001  -0.000000e+000
    outer loop
      vertex -2.856917e-002 -2.856917e-002  7.500000e-001
      vertex -3.634185e-002 -1.909814e-002  0.000000e+000
      vertex -2.856917e-002 -2.856917e-002  0.000000e+000
    endloop
  endfacet
  facet normal -6.343933e-001 -7.730104e-001  0.000000e+000
    outer loop
      vertex -2.856917e-002 -2.856917e-002  7.500000e-001
      vertex -2.856917e-002 -2.856917e-002  0.000000e+000
      vertex -1.909814e-002 -3.634185e-002  7.500000e-001
    endloop
  endfacet
  facet normal -6.343933e-001 -7.730104e-001  -0.000000e+000
    outer loop
      vertex -1.909814e-002 -3.634185e-002  7.500000e-001
      vertex -2.856917e-002 -2.856917e-002  0.000000e+000
      vertex -1.909814e-002 -3.634185e-002  0.000000e+000
    endloop
  endfacet
  facet normal -4.713967e-001 -8.819214e-001  0.000000e+000
    outer loop
      vertex -1.909814e-002 -3.634185e-002  7.500000e-001
      vertex -1.909814e-002 -3.634185e-002  0.000000e+000
      vertex -8.292714e-003 -4.211747e-002  7.500000e-001
    endloop
  endfacet
  facet normal -4.713967e-001 -8.819214e-001  -0.000000e+000
    outer loop
      vertex -8.292714e-003 -4.211747e-002  7.500000e-001
      vertex -1.909814e-002 -3.634185e-002  0.000000e+000
      vertex -8.292714e-003 -4.211747e-002  0.000000e+000
    endloop
  endfacet
  facet normal -2.902847e-001 -9.569404e-001  0.000000e+000
    outer loop
      vertex -8.292714e-003 -4.211747e-002  7.500000e-001
      vertex -8.292714e-003 -4.211747e-002  0.000000e+000
      vertex  3.431855e-003 -4.567408e-002  7.500000e-001
    endloop
  endfacet
  facet normal -2.902847e-001 -9.569404e-001  -0.000000e+000
    outer loop
      vertex  3.431855e-003 -4.567408e-002  7.500000e-001
      vertex -8.292714e-003 -4.211747e-002  0.000000e+000
      vertex  3.431855e-003 -4.567408e-002  0.000000e+000
    endloop
  endfacet
  facet normal -9.801729e-002 -9.951848e-001  0.000000e+000
    outer loop
      vertex  3.431855e-003 -4.567408e-002  7.500000e-001
      vertex  3.431855e-003 -4.567408e-002  0.000000e+000
      vertex  1.562500e-002 -4.687500e-002  7.500000e-001
    endloop
  endfacet
  facet normal -9.801729e-002 -9.951848e-001  -0.000000e+000
    outer loop
      vertex  1.562500e-002 -4.687500e-002  7.500000e-001
      vertex  3.431855e-003 -4.567408e-002  0.000000e+000
      vertex  1.562500e-002 -4.687500e-002  0.000000e+000
    endloop
  endfacet
  facet normal  0.000000e+000  1.000000e+000  0.000000e+000
    outer loop
      vertex -3.453947e-003  3.906250e-002  0.000000e+000
      vertex -4.687500e-002  3.906250e-002  0.000000e+000
      vertex -3.453947e-003  3.906250e-002  7.500000e-001
    endloop
  endfacet
  facet normal  0.000000e+000  1.000000e+000  0.000000e+000
    outer loop
      vertex -3.453947e-003  3.906250e-002  7.500000e-001
      vertex -4.687500e-002  3.906250e-002  0.000000e+000
      vertex -4.687500e-002  3.906250e-002  7.500000e-001
    endloop
  endfacet
  facet normal  0.000000e+000  1.000000e+000  0.000000e+000
    outer loop
      vertex  3.906250e-002  3.906250e-002  0.000000e+000
      vertex -3.453947e-003  3.906250e-002  0.000000e+000
      vertex  3.906250e-002  3.906250e-002  7.500000e-001
    endloop
  endfacet
  facet normal  0.000000e+000  1.000000e+000  0.000000e+000
    outer loop
      vertex  3.906250e-002  3.906250e-002  7.500000e-001
      vertex -3.453947e-003  3.906250e-002  0.000000e+000
      vertex -3.453947e-003  3.906250e-002  7.500000e-001
    endloop
  endfacet
  facet normal  1.000000e+000  0.000000e+000  0.000000e+000
    outer loop
      vertex  3.906250e-002 -3.453947e-003  0.000000e+000
      vertex  3.906250e-002  3.906250e-002  0.000000e+000
      vertex  3.906250e-002 -3.453947e-003  7.500000e-001
    endloop
  endfacet
  facet normal  1.000000e+000  -0.000000e+000  0.000000e+000
    outer loop
      vertex  3.906250e-002 -3.453947e-003  7.500000e-001
      vertex  3.906250e-002  3.906250e-002  0.000000e+000
      vertex  3.906250e-002  3.906250e-002  7.500000e-001
    endloop
  endfacet
  facet normal  1.000000e+000  0.000000e+000  0.000000e+000
    outer loop
      vertex  3.906250e-002 -4.687500e-002  0.000000e+000
      vertex  3.906250e-002 -3.453947e-003  0.000000e+000
      vertex  3.906250e-002 -4.687500e-002  7.500000e-001
    endloop
  endfacet
  facet normal  1.000000e+000  -0.000000e+000  0.000000e+000
    outer loop
      vertex  3.906250e-002 -4.687500e-002  7.500000e-001
      vertex  3.906250e-002 -3.453947e-003  0.000000e+000
      vertex  3.906250e-002 -3.453947e-003  7.500000e-001
    endloop
  endfacet
endsolid CATIA STL
