solid CATIA STL
  facet normal  1.000000e+000  -0.000000e+000  0.000000e+000
    outer loop
      vertex  7.500000e-001  1.488487e-002  3.289474e-003
      vertex  7.500000e-001 -7.072369e-003  3.289474e-003
      vertex  7.500000e-001 -7.072369e-003  7.401316e-004
    endloop
  endfacet
  facet normal  1.000000e+000  -0.000000e+000  0.000000e+000
    outer loop
      vertex  7.500000e-001  1.488487e-002  3.289474e-003
      vertex  7.500000e-001 -7.072369e-003  7.401316e-004
      vertex  7.500000e-001 -6.922253e-003 -7.840116e-004
    endloop
  endfacet
  facet normal  1.000000e+000  -0.000000e+000  0.000000e+000
    outer loop
      vertex  7.500000e-001  1.488487e-002  3.289474e-003
      vertex  7.500000e-001 -6.922253e-003 -7.840116e-004
      vertex  7.500000e-001 -6.477677e-003 -2.249583e-003
    endloop
  endfacet
  facet normal  1.000000e+000  -0.000000e+000  0.000000e+000
    outer loop
      vertex  7.500000e-001  1.488487e-002  3.289474e-003
      vertex  7.500000e-001 -6.477677e-003 -2.249583e-003
      vertex  7.500000e-001 -5.755725e-003 -3.600261e-003
    endloop
  endfacet
  facet normal  1.000000e+000  -0.000000e+000  0.000000e+000
    outer loop
      vertex  7.500000e-001  1.488487e-002  3.289474e-003
      vertex  7.500000e-001 -5.755725e-003 -3.600261e-003
      vertex  7.500000e-001 -4.784140e-003 -4.784140e-003
    endloop
  endfacet
  facet normal  9.999999e-001  -0.000000e+000  0.000000e+000
    outer loop
      vertex  7.500000e-001  1.488487e-002  3.289474e-003
      vertex  7.500000e-001 -4.784140e-003 -4.784140e-003
      vertex  7.500000e-001 -3.600261e-003 -5.755725e-003
    endloop
  endfacet
  facet normal  1.000000e+000  -0.000000e+000  0.000000e+000
    outer loop
      vertex  7.500000e-001  1.488487e-002  3.289474e-003
      vertex  7.500000e-001 -3.600261e-003 -5.755725e-003
      vertex  7.500000e-001 -2.249583e-003 -6.477677e-003
    endloop
  endfacet
  facet normal  1.000000e+000  -0.000000e+000  0.000000e+000
    outer loop
      vertex  7.500000e-001  1.488487e-002  3.289474e-003
      vertex  7.500000e-001 -2.249583e-003 -6.477677e-003
      vertex  7.500000e-001 -7.840116e-004 -6.922253e-003
    endloop
  endfacet
  facet normal  1.000000e+000  -0.000000e+000  0.000000e+000
    outer loop
      vertex  7.500000e-001  1.488487e-002  3.289474e-003
      vertex  7.500000e-001 -7.840116e-004 -6.922253e-003
      vertex  7.500000e-001  7.401316e-004 -7.072369e-003
    endloop
  endfacet
  facet normal  1.000000e+000  0.000000e+000  0.000000e+000
    outer loop
      vertex  7.500000e-001  1.488487e-002  3.289474e-003
      vertex  7.500000e-001  7.401316e-004 -7.072369e-003
      vertex  7.500000e-001  1.488487e-002 -7.072369e-003
    endloop
  endfacet
  facet normal -1.000000e+000  -0.000000e+000 -6.158267e-017
    outer loop
      vertex -6.836893e-019  1.488487e-002  3.289474e-003
      vertex -4.557929e-020  1.488487e-002 -7.072369e-003
      vertex -4.557929e-020  7.401316e-004 -7.072369e-003
    endloop
  endfacet
  facet normal -1.000000e+000 -8.389217e-024 -6.158266e-017
    outer loop
      vertex -6.836893e-019  1.488487e-002  3.289474e-003
      vertex -4.557929e-020  7.401316e-004 -7.072369e-003
      vertex -5.482377e-020 -7.840116e-004 -6.922253e-003
    endloop
  endfacet
  facet normal -1.000000e+000 -6.222308e-025 -6.158268e-017
    outer loop
      vertex -6.836893e-019  1.488487e-002  3.289474e-003
      vertex -5.482377e-020 -7.840116e-004 -6.922253e-003
      vertex -8.220197e-020 -2.249583e-003 -6.477677e-003
    endloop
  endfacet
  facet normal -1.000000e+000 -4.603447e-025 -6.158269e-017
    outer loop
      vertex -6.836893e-019  1.488487e-002  3.289474e-003
      vertex -8.220197e-020 -2.249583e-003 -6.477677e-003
      vertex -1.266617e-019 -3.600261e-003 -5.755725e-003
    endloop
  endfacet
  facet normal -1.000000e+000  1.346056e-024 -6.158269e-017
    outer loop
      vertex -6.836893e-019  1.488487e-002  3.289474e-003
      vertex -1.266617e-019 -3.600261e-003 -5.755725e-003
      vertex -1.864945e-019 -4.784140e-003 -4.784140e-003
    endloop
  endfacet
  facet normal -1.000000e+000  2.120719e-024 -6.158268e-017
    outer loop
      vertex -6.836893e-019  1.488487e-002  3.289474e-003
      vertex -1.864945e-019 -4.784140e-003 -4.784140e-003
      vertex -2.594010e-019 -5.755725e-003 -3.600261e-003
    endloop
  endfacet
  facet normal -1.000000e+000 -1.191633e-024 -6.158268e-017
    outer loop
      vertex -6.836893e-019  1.488487e-002  3.289474e-003
      vertex -2.594010e-019 -5.755725e-003 -3.600261e-003
      vertex -3.425794e-019 -6.477677e-003 -2.249583e-003
    endloop
  endfacet
  facet normal -1.000000e+000  9.253884e-025 -6.158269e-017
    outer loop
      vertex -6.836893e-019  1.488487e-002  3.289474e-003
      vertex -3.425794e-019 -6.477677e-003 -2.249583e-003
      vertex -4.328332e-019 -6.922253e-003 -7.840116e-004
    endloop
  endfacet
  facet normal -1.000000e+000  1.062250e-024 -6.158268e-017
    outer loop
      vertex -6.836893e-019  1.488487e-002  3.289474e-003
      vertex -4.328332e-019 -6.922253e-003 -7.840116e-004
      vertex -5.266940e-019 -7.072369e-003  7.401316e-004
    endloop
  endfacet
  facet normal -1.000000e+000  0.000000e+000 -6.158268e-017
    outer loop
      vertex -6.836893e-019  1.488487e-002  3.289474e-003
      vertex -5.266940e-019 -7.072369e-003  7.401316e-004
      vertex -6.836893e-019 -7.072369e-003  3.289474e-003
    endloop
  endfacet
  facet normal  0.000000e+000 -1.000000e+000  0.000000e+000
    outer loop
      vertex -6.836893e-019 -7.072369e-003  3.289474e-003
      vertex -5.266940e-019 -7.072369e-003  7.401316e-004
      vertex  7.500000e-001 -7.072369e-003  3.289474e-003
    endloop
  endfacet
  facet normal  0.000000e+000 -1.000000e+000  -0.000000e+000
    outer loop
      vertex  7.500000e-001 -7.072369e-003  3.289474e-003
      vertex -5.266940e-019 -7.072369e-003  7.401316e-004
      vertex  7.500000e-001 -7.072369e-003  7.401316e-004
    endloop
  endfacet
  facet normal  0.000000e+000  0.000000e+000 -1.000000e+000
    outer loop
      vertex -4.557929e-020  7.401316e-004 -7.072369e-003
      vertex -4.557929e-020  1.488487e-002 -7.072369e-003
      vertex  7.500000e-001  7.401316e-004 -7.072369e-003
    endloop
  endfacet
  facet normal  0.000000e+000  0.000000e+000 -1.000000e+000
    outer loop
      vertex  7.500000e-001  7.401316e-004 -7.072369e-003
      vertex -4.557929e-020  1.488487e-002 -7.072369e-003
      vertex  7.500000e-001  1.488487e-002 -7.072369e-003
    endloop
  endfacet
  facet normal  -0.000000e+000 -9.801729e-002 -9.951848e-001
    outer loop
      vertex -4.557929e-020  7.401316e-004 -7.072369e-003
      vertex  7.500000e-001  7.401316e-004 -7.072369e-003
      vertex -5.482377e-020 -7.840116e-004 -6.922253e-003
    endloop
  endfacet
  facet normal  0.000000e+000 -9.801729e-002 -9.951848e-001
    outer loop
      vertex -5.482377e-020 -7.840116e-004 -6.922253e-003
      vertex  7.500000e-001  7.401316e-004 -7.072369e-003
      vertex  7.500000e-001 -7.840116e-004 -6.922253e-003
    endloop
  endfacet
  facet normal  -0.000000e+000 -2.902847e-001 -9.569404e-001
    outer loop
      vertex -5.482377e-020 -7.840116e-004 -6.922253e-003
      vertex  7.500000e-001 -7.840116e-004 -6.922253e-003
      vertex -8.220197e-020 -2.249583e-003 -6.477677e-003
    endloop
  endfacet
  facet normal  0.000000e+000 -2.902847e-001 -9.569404e-001
    outer loop
      vertex -8.220197e-020 -2.249583e-003 -6.477677e-003
      vertex  7.500000e-001 -7.840116e-004 -6.922253e-003
      vertex  7.500000e-001 -2.249583e-003 -6.477677e-003
    endloop
  endfacet
  facet normal  -0.000000e+000 -4.713967e-001 -8.819214e-001
    outer loop
      vertex -8.220197e-020 -2.249583e-003 -6.477677e-003
      vertex  7.500000e-001 -2.249583e-003 -6.477677e-003
      vertex -1.266617e-019 -3.600261e-003 -5.755725e-003
    endloop
  endfacet
  facet normal  0.000000e+000 -4.713967e-001 -8.819214e-001
    outer loop
      vertex -1.266617e-019 -3.600261e-003 -5.755725e-003
      vertex  7.500000e-001 -2.249583e-003 -6.477677e-003
      vertex  7.500000e-001 -3.600261e-003 -5.755725e-003
    endloop
  endfacet
  facet normal  -0.000000e+000 -6.343933e-001 -7.730105e-001
    outer loop
      vertex -1.266617e-019 -3.600261e-003 -5.755725e-003
      vertex  7.500000e-001 -3.600261e-003 -5.755725e-003
      vertex -1.864945e-019 -4.784140e-003 -4.784140e-003
    endloop
  endfacet
  facet normal  0.000000e+000 -6.343933e-001 -7.730105e-001
    outer loop
      vertex -1.864945e-019 -4.784140e-003 -4.784140e-003
      vertex  7.500000e-001 -3.600261e-003 -5.755725e-003
      vertex  7.500000e-001 -4.784140e-003 -4.784140e-003
    endloop
  endfacet
  facet normal  -0.000000e+000 -7.730105e-001 -6.343933e-001
    outer loop
      vertex -1.864945e-019 -4.784140e-003 -4.784140e-003
      vertex  7.500000e-001 -4.784140e-003 -4.784140e-003
      vertex -2.594010e-019 -5.755725e-003 -3.600261e-003
    endloop
  endfacet
  facet normal  0.000000e+000 -7.730105e-001 -6.343933e-001
    outer loop
      vertex -2.594010e-019 -5.755725e-003 -3.600261e-003
      vertex  7.500000e-001 -4.784140e-003 -4.784140e-003
      vertex  7.500000e-001 -5.755725e-003 -3.600261e-003
    endloop
  endfacet
  facet normal  -0.000000e+000 -8.819214e-001 -4.713967e-001
    outer loop
      vertex -2.594010e-019 -5.755725e-003 -3.600261e-003
      vertex  7.500000e-001 -5.755725e-003 -3.600261e-003
      vertex -3.425794e-019 -6.477677e-003 -2.249583e-003
    endloop
  endfacet
  facet normal  0.000000e+000 -8.819214e-001 -4.713967e-001
    outer loop
      vertex -3.425794e-019 -6.477677e-003 -2.249583e-003
      vertex  7.500000e-001 -5.755725e-003 -3.600261e-003
      vertex  7.500000e-001 -6.477677e-003 -2.249583e-003
    endloop
  endfacet
  facet normal  -0.000000e+000 -9.569404e-001 -2.902847e-001
    outer loop
      vertex -3.425794e-019 -6.477677e-003 -2.249583e-003
      vertex  7.500000e-001 -6.477677e-003 -2.249583e-003
      vertex -4.328332e-019 -6.922253e-003 -7.840116e-004
    endloop
  endfacet
  facet normal  0.000000e+000 -9.569404e-001 -2.902847e-001
    outer loop
      vertex -4.328332e-019 -6.922253e-003 -7.840116e-004
      vertex  7.500000e-001 -6.477677e-003 -2.249583e-003
      vertex  7.500000e-001 -6.922253e-003 -7.840116e-004
    endloop
  endfacet
  facet normal  -0.000000e+000 -9.951848e-001 -9.801729e-002
    outer loop
      vertex -4.328332e-019 -6.922253e-003 -7.840116e-004
      vertex  7.500000e-001 -6.922253e-003 -7.840116e-004
      vertex -5.266940e-019 -7.072369e-003  7.401316e-004
    endloop
  endfacet
  facet normal  0.000000e+000 -9.951848e-001 -9.801729e-002
    outer loop
      vertex -5.266940e-019 -7.072369e-003  7.401316e-004
      vertex  7.500000e-001 -6.922253e-003 -7.840116e-004
      vertex  7.500000e-001 -7.072369e-003  7.401316e-004
    endloop
  endfacet
  facet normal  0.000000e+000  0.000000e+000  1.000000e+000
    outer loop
      vertex -6.836893e-019  1.488487e-002  3.289474e-003
      vertex -6.836893e-019 -7.072369e-003  3.289474e-003
      vertex  7.500000e-001  1.488487e-002  3.289474e-003
    endloop
  endfacet
  facet normal  0.000000e+000  0.000000e+000  1.000000e+000
    outer loop
      vertex  7.500000e-001  1.488487e-002  3.289474e-003
      vertex -6.836893e-019 -7.072369e-003  3.289474e-003
      vertex  7.500000e-001 -7.072369e-003  3.289474e-003
    endloop
  endfacet
  facet normal  0.000000e+000  1.000000e+000  0.000000e+000
    outer loop
      vertex -4.557929e-020  1.488487e-002 -7.072369e-003
      vertex -6.836893e-019  1.488487e-002  3.289474e-003
      vertex  7.500000e-001  1.488487e-002 -7.072369e-003
    endloop
  endfacet
  facet normal  0.000000e+000  1.000000e+000  -0.000000e+000
    outer loop
      vertex  7.500000e-001  1.488487e-002 -7.072369e-003
      vertex -6.836893e-019  1.488487e-002  3.289474e-003
      vertex  7.500000e-001  1.488487e-002  3.289474e-003
    endloop
  endfacet
endsolid CATIA STL
