solid CATIA STL
  facet normal  0.000000e+000  0.000000e+000  1.000000e+000
    outer loop
      vertex  2.421875e-001  1.406250e-001  8.593750e-002
      vertex  1.093750e-001 -3.281250e-001  8.593750e-002
      vertex  2.421875e-001 -2.812500e-001  8.593750e-002
    endloop
  endfacet
  facet normal  0.000000e+000  0.000000e+000  1.000000e+000
    outer loop
      vertex -3.281250e-001 -2.421875e-001  8.593750e-002
      vertex -3.264737e-001 -2.589531e-001  8.593750e-002
      vertex -3.281250e-001  1.406250e-001  8.593750e-002
    endloop
  endfacet
  facet normal  0.000000e+000  -0.000000e+000  1.000000e+000
    outer loop
      vertex -2.421875e-001 -3.281250e-001  8.593750e-002
      vertex  1.093750e-001 -3.281250e-001  8.593750e-002
      vertex  2.421875e-001  1.406250e-001  8.593750e-002
    endloop
  endfacet
  facet normal  0.000000e+000  0.000000e+000  1.000000e+000
    outer loop
      vertex -2.421875e-001 -3.281250e-001  8.593750e-002
      vertex  2.421875e-001  1.406250e-001  8.593750e-002
      vertex -3.281250e-001  1.406250e-001  8.593750e-002
    endloop
  endfacet
  facet normal  0.000000e+000  0.000000e+000  1.000000e+000
    outer loop
      vertex -2.421875e-001 -3.281250e-001  8.593750e-002
      vertex -3.281250e-001  1.406250e-001  8.593750e-002
      vertex -3.264737e-001 -2.589531e-001  8.593750e-002
    endloop
  endfacet
  facet normal  0.000000e+000  0.000000e+000  1.000000e+000
    outer loop
      vertex -2.421875e-001 -3.281250e-001  8.593750e-002
      vertex -3.264737e-001 -2.589531e-001  8.593750e-002
      vertex -3.215834e-001 -2.750744e-001  8.593750e-002
    endloop
  endfacet
  facet normal  0.000000e+000  0.000000e+000  1.000000e+000
    outer loop
      vertex -2.421875e-001 -3.281250e-001  8.593750e-002
      vertex -3.215834e-001 -2.750744e-001  8.593750e-002
      vertex -3.136419e-001 -2.899318e-001  8.593750e-002
    endloop
  endfacet
  facet normal  0.000000e+000  0.000000e+000  1.000000e+000
    outer loop
      vertex -2.421875e-001 -3.281250e-001  8.593750e-002
      vertex -3.136419e-001 -2.899318e-001  8.593750e-002
      vertex -3.029545e-001 -3.029545e-001  8.593750e-002
    endloop
  endfacet
  facet normal  0.000000e+000  0.000000e+000  1.000000e+000
    outer loop
      vertex -2.421875e-001 -3.281250e-001  8.593750e-002
      vertex -3.029545e-001 -3.029545e-001  8.593750e-002
      vertex -2.899318e-001 -3.136419e-001  8.593750e-002
    endloop
  endfacet
  facet normal  0.000000e+000  0.000000e+000  1.000000e+000
    outer loop
      vertex -2.421875e-001 -3.281250e-001  8.593750e-002
      vertex -2.899318e-001 -3.136419e-001  8.593750e-002
      vertex -2.750744e-001 -3.215834e-001  8.593750e-002
    endloop
  endfacet
  facet normal  0.000000e+000  0.000000e+000  1.000000e+000
    outer loop
      vertex -2.421875e-001 -3.281250e-001  8.593750e-002
      vertex -2.750744e-001 -3.215834e-001  8.593750e-002
      vertex -2.589531e-001 -3.264737e-001  8.593750e-002
    endloop
  endfacet
  facet normal  0.000000e+000  -0.000000e+000 -1.000000e+000
    outer loop
      vertex  1.093750e-001 -3.281250e-001  6.502467e-001
      vertex  2.421875e-001  1.406250e-001  6.502467e-001
      vertex  2.421875e-001 -2.812500e-001  6.502467e-001
    endloop
  endfacet
  facet normal  -0.000000e+000  0.000000e+000 -1.000000e+000
    outer loop
      vertex -3.281250e-001  1.406250e-001  6.502467e-001
      vertex  2.421875e-001  1.406250e-001  6.502467e-001
      vertex  1.093750e-001 -3.281250e-001  6.502467e-001
    endloop
  endfacet
  facet normal  0.000000e+000  0.000000e+000 -1.000000e+000
    outer loop
      vertex -3.281250e-001  1.406250e-001  6.502467e-001
      vertex  1.093750e-001 -3.281250e-001  6.502467e-001
      vertex -2.421875e-001 -3.281250e-001  6.502467e-001
    endloop
  endfacet
  facet normal  0.000000e+000  0.000000e+000 -1.000000e+000
    outer loop
      vertex -3.281250e-001  1.406250e-001  6.502467e-001
      vertex -2.421875e-001 -3.281250e-001  6.502467e-001
      vertex -2.589531e-001 -3.264737e-001  6.502467e-001
    endloop
  endfacet
  facet normal  0.000000e+000  0.000000e+000 -1.000000e+000
    outer loop
      vertex -3.281250e-001  1.406250e-001  6.502467e-001
      vertex -2.589531e-001 -3.264737e-001  6.502467e-001
      vertex -2.750744e-001 -3.215834e-001  6.502467e-001
    endloop
  endfacet
  facet normal  0.000000e+000  0.000000e+000 -1.000000e+000
    outer loop
      vertex -3.281250e-001  1.406250e-001  6.502467e-001
      vertex -2.750744e-001 -3.215834e-001  6.502467e-001
      vertex -2.899318e-001 -3.136419e-001  6.502467e-001
    endloop
  endfacet
  facet normal  0.000000e+000  0.000000e+000 -1.000000e+000
    outer loop
      vertex -3.281250e-001  1.406250e-001  6.502467e-001
      vertex -2.899318e-001 -3.136419e-001  6.502467e-001
      vertex -3.029545e-001 -3.029545e-001  6.502467e-001
    endloop
  endfacet
  facet normal  0.000000e+000  0.000000e+000 -1.000000e+000
    outer loop
      vertex -3.281250e-001  1.406250e-001  6.502467e-001
      vertex -3.029545e-001 -3.029545e-001  6.502467e-001
      vertex -3.136419e-001 -2.899318e-001  6.502467e-001
    endloop
  endfacet
  facet normal  0.000000e+000  0.000000e+000 -1.000000e+000
    outer loop
      vertex -3.281250e-001  1.406250e-001  6.502467e-001
      vertex -3.136419e-001 -2.899318e-001  6.502467e-001
      vertex -3.215834e-001 -2.750744e-001  6.502467e-001
    endloop
  endfacet
  facet normal  0.000000e+000  0.000000e+000 -1.000000e+000
    outer loop
      vertex -3.281250e-001  1.406250e-001  6.502467e-001
      vertex -3.215834e-001 -2.750744e-001  6.502467e-001
      vertex -3.264737e-001 -2.589531e-001  6.502467e-001
    endloop
  endfacet
  facet normal  0.000000e+000  0.000000e+000 -1.000000e+000
    outer loop
      vertex -3.281250e-001  1.406250e-001  6.502467e-001
      vertex -3.264737e-001 -2.589531e-001  6.502467e-001
      vertex -3.281250e-001 -2.421875e-001  6.502467e-001
    endloop
  endfacet
  facet normal  1.000000e+000  0.000000e+000  0.000000e+000
    outer loop
      vertex  2.421875e-001 -2.812500e-001  7.500000e-001
      vertex  2.421875e-001 -2.812500e-001  6.502467e-001
      vertex  2.421875e-001  2.421875e-001  7.500000e-001
    endloop
  endfacet
  facet normal  1.000000e+000  0.000000e+000  0.000000e+000
    outer loop
      vertex  2.421875e-001  2.421875e-001  7.500000e-001
      vertex  2.421875e-001 -2.812500e-001  6.502467e-001
      vertex  2.421875e-001  1.406250e-001  6.502467e-001
    endloop
  endfacet
  facet normal  1.000000e+000  -0.000000e+000  0.000000e+000
    outer loop
      vertex  2.421875e-001  2.421875e-001  7.500000e-001
      vertex  2.421875e-001  1.406250e-001  6.502467e-001
      vertex  2.421875e-001  2.421875e-001  0.000000e+000
    endloop
  endfacet
  facet normal  9.999999e-001  0.000000e+000  0.000000e+000
    outer loop
      vertex  2.421875e-001  2.421875e-001  0.000000e+000
      vertex  2.421875e-001  1.406250e-001  6.502467e-001
      vertex  2.421875e-001  1.406250e-001  8.593750e-002
    endloop
  endfacet
  facet normal  1.000000e+000  0.000000e+000  0.000000e+000
    outer loop
      vertex  2.421875e-001  2.421875e-001  0.000000e+000
      vertex  2.421875e-001  1.406250e-001  8.593750e-002
      vertex  2.421875e-001 -2.812500e-001  0.000000e+000
    endloop
  endfacet
  facet normal  1.000000e+000  0.000000e+000  0.000000e+000
    outer loop
      vertex  2.421875e-001 -2.812500e-001  0.000000e+000
      vertex  2.421875e-001  1.406250e-001  8.593750e-002
      vertex  2.421875e-001 -2.812500e-001  8.593750e-002
    endloop
  endfacet
  facet normal  3.328201e-001 -9.429903e-001  0.000000e+000
    outer loop
      vertex  1.093750e-001 -3.281250e-001  7.500000e-001
      vertex  1.093750e-001 -3.281250e-001  6.502467e-001
      vertex  2.421875e-001 -2.812500e-001  7.500000e-001
    endloop
  endfacet
  facet normal  3.328201e-001 -9.429903e-001  0.000000e+000
    outer loop
      vertex  2.421875e-001 -2.812500e-001  7.500000e-001
      vertex  1.093750e-001 -3.281250e-001  6.502467e-001
      vertex  2.421875e-001 -2.812500e-001  6.502467e-001
    endloop
  endfacet
  facet normal  3.328201e-001 -9.429904e-001  0.000000e+000
    outer loop
      vertex  1.093750e-001 -3.281250e-001  8.593750e-002
      vertex  1.093750e-001 -3.281250e-001  0.000000e+000
      vertex  2.421875e-001 -2.812500e-001  8.593750e-002
    endloop
  endfacet
  facet normal  3.328201e-001 -9.429904e-001  0.000000e+000
    outer loop
      vertex  2.421875e-001 -2.812500e-001  8.593750e-002
      vertex  1.093750e-001 -3.281250e-001  0.000000e+000
      vertex  2.421875e-001 -2.812500e-001  0.000000e+000
    endloop
  endfacet
  facet normal -1.000000e+000  0.000000e+000  0.000000e+000
    outer loop
      vertex -3.281250e-001 -2.421875e-001  0.000000e+000
      vertex -3.281250e-001 -2.421875e-001  8.593750e-002
      vertex -3.281250e-001  2.421875e-001  0.000000e+000
    endloop
  endfacet
  facet normal -1.000000e+000  0.000000e+000  0.000000e+000
    outer loop
      vertex -3.281250e-001  2.421875e-001  0.000000e+000
      vertex -3.281250e-001 -2.421875e-001  8.593750e-002
      vertex -3.281250e-001  1.406250e-001  8.593750e-002
    endloop
  endfacet
  facet normal -1.000000e+000  0.000000e+000  0.000000e+000
    outer loop
      vertex -3.281250e-001  2.421875e-001  0.000000e+000
      vertex -3.281250e-001  1.406250e-001  8.593750e-002
      vertex -3.281250e-001  2.421875e-001  7.500000e-001
    endloop
  endfacet
  facet normal -9.999999e-001  0.000000e+000  0.000000e+000
    outer loop
      vertex -3.281250e-001  2.421875e-001  7.500000e-001
      vertex -3.281250e-001  1.406250e-001  8.593750e-002
      vertex -3.281250e-001  1.406250e-001  6.502467e-001
    endloop
  endfacet
  facet normal -1.000000e+000  0.000000e+000  0.000000e+000
    outer loop
      vertex -3.281250e-001  2.421875e-001  7.500000e-001
      vertex -3.281250e-001  1.406250e-001  6.502467e-001
      vertex -3.281250e-001 -2.421875e-001  7.500000e-001
    endloop
  endfacet
  facet normal -9.999999e-001  0.000000e+000  0.000000e+000
    outer loop
      vertex -3.281250e-001 -2.421875e-001  7.500000e-001
      vertex -3.281250e-001  1.406250e-001  6.502467e-001
      vertex -3.281250e-001 -2.421875e-001  6.502467e-001
    endloop
  endfacet
  facet normal  0.000000e+000 -1.000000e+000  0.000000e+000
    outer loop
      vertex -2.421875e-001 -3.281250e-001  0.000000e+000
      vertex  1.093750e-001 -3.281250e-001  0.000000e+000
      vertex -2.421875e-001 -3.281250e-001  8.593750e-002
    endloop
  endfacet
  facet normal  0.000000e+000 -1.000000e+000  0.000000e+000
    outer loop
      vertex -2.421875e-001 -3.281250e-001  8.593750e-002
      vertex  1.093750e-001 -3.281250e-001  0.000000e+000
      vertex  1.093750e-001 -3.281250e-001  8.593750e-002
    endloop
  endfacet
  facet normal  0.000000e+000 -1.000000e+000  0.000000e+000
    outer loop
      vertex -2.421875e-001 -3.281250e-001  6.502467e-001
      vertex  1.093750e-001 -3.281250e-001  6.502467e-001
      vertex -2.421875e-001 -3.281250e-001  7.500000e-001
    endloop
  endfacet
  facet normal  0.000000e+000 -1.000000e+000  0.000000e+000
    outer loop
      vertex -2.421875e-001 -3.281250e-001  7.500000e-001
      vertex  1.093750e-001 -3.281250e-001  6.502467e-001
      vertex  1.093750e-001 -3.281250e-001  7.500000e-001
    endloop
  endfacet
  facet normal -9.801675e-002 -9.951848e-001  -0.000000e+000
    outer loop
      vertex -2.421875e-001 -3.281250e-001  6.502467e-001
      vertex -2.421875e-001 -3.281250e-001  7.500000e-001
      vertex -2.589531e-001 -3.264737e-001  6.502467e-001
    endloop
  endfacet
  facet normal -9.801675e-002 -9.951848e-001  0.000000e+000
    outer loop
      vertex -2.589531e-001 -3.264737e-001  6.502467e-001
      vertex -2.421875e-001 -3.281250e-001  7.500000e-001
      vertex -2.589531e-001 -3.264737e-001  7.500000e-001
    endloop
  endfacet
  facet normal -2.902852e-001 -9.569402e-001  -0.000000e+000
    outer loop
      vertex -2.589531e-001 -3.264737e-001  6.502467e-001
      vertex -2.589531e-001 -3.264737e-001  7.500000e-001
      vertex -2.750744e-001 -3.215834e-001  6.502467e-001
    endloop
  endfacet
  facet normal -2.902852e-001 -9.569402e-001  0.000000e+000
    outer loop
      vertex -2.750744e-001 -3.215834e-001  6.502467e-001
      vertex -2.589531e-001 -3.264737e-001  7.500000e-001
      vertex -2.750744e-001 -3.215834e-001  7.500000e-001
    endloop
  endfacet
  facet normal -4.713975e-001 -8.819209e-001  -0.000000e+000
    outer loop
      vertex -2.750744e-001 -3.215834e-001  6.502467e-001
      vertex -2.750744e-001 -3.215834e-001  7.500000e-001
      vertex -2.899318e-001 -3.136419e-001  6.502467e-001
    endloop
  endfacet
  facet normal -4.713975e-001 -8.819209e-001  0.000000e+000
    outer loop
      vertex -2.899318e-001 -3.136419e-001  6.502467e-001
      vertex -2.750744e-001 -3.215834e-001  7.500000e-001
      vertex -2.899318e-001 -3.136419e-001  7.500000e-001
    endloop
  endfacet
  facet normal -6.343920e-001 -7.730115e-001  -0.000000e+000
    outer loop
      vertex -2.899318e-001 -3.136419e-001  6.502467e-001
      vertex -2.899318e-001 -3.136419e-001  7.500000e-001
      vertex -3.029545e-001 -3.029545e-001  6.502467e-001
    endloop
  endfacet
  facet normal -6.343920e-001 -7.730115e-001  0.000000e+000
    outer loop
      vertex -3.029545e-001 -3.029545e-001  6.502467e-001
      vertex -2.899318e-001 -3.136419e-001  7.500000e-001
      vertex -3.029545e-001 -3.029545e-001  7.500000e-001
    endloop
  endfacet
  facet normal -7.730115e-001 -6.343920e-001  -0.000000e+000
    outer loop
      vertex -3.029545e-001 -3.029545e-001  6.502467e-001
      vertex -3.029545e-001 -3.029545e-001  7.500000e-001
      vertex -3.136419e-001 -2.899318e-001  6.502467e-001
    endloop
  endfacet
  facet normal -7.730115e-001 -6.343920e-001  0.000000e+000
    outer loop
      vertex -3.136419e-001 -2.899318e-001  6.502467e-001
      vertex -3.029545e-001 -3.029545e-001  7.500000e-001
      vertex -3.136419e-001 -2.899318e-001  7.500000e-001
    endloop
  endfacet
  facet normal -8.819209e-001 -4.713975e-001  -0.000000e+000
    outer loop
      vertex -3.136419e-001 -2.899318e-001  6.502467e-001
      vertex -3.136419e-001 -2.899318e-001  7.500000e-001
      vertex -3.215834e-001 -2.750744e-001  6.502467e-001
    endloop
  endfacet
  facet normal -8.819209e-001 -4.713975e-001  0.000000e+000
    outer loop
      vertex -3.215834e-001 -2.750744e-001  6.502467e-001
      vertex -3.136419e-001 -2.899318e-001  7.500000e-001
      vertex -3.215834e-001 -2.750744e-001  7.500000e-001
    endloop
  endfacet
  facet normal -9.569402e-001 -2.902852e-001  -0.000000e+000
    outer loop
      vertex -3.215834e-001 -2.750744e-001  6.502467e-001
      vertex -3.215834e-001 -2.750744e-001  7.500000e-001
      vertex -3.264737e-001 -2.589531e-001  6.502467e-001
    endloop
  endfacet
  facet normal -9.569402e-001 -2.902852e-001  0.000000e+000
    outer loop
      vertex -3.264737e-001 -2.589531e-001  6.502467e-001
      vertex -3.215834e-001 -2.750744e-001  7.500000e-001
      vertex -3.264737e-001 -2.589531e-001  7.500000e-001
    endloop
  endfacet
  facet normal -9.951848e-001 -9.801675e-002  -0.000000e+000
    outer loop
      vertex -3.264737e-001 -2.589531e-001  6.502467e-001
      vertex -3.264737e-001 -2.589531e-001  7.500000e-001
      vertex -3.281250e-001 -2.421875e-001  6.502467e-001
    endloop
  endfacet
  facet normal -9.951848e-001 -9.801675e-002  0.000000e+000
    outer loop
      vertex -3.281250e-001 -2.421875e-001  6.502467e-001
      vertex -3.264737e-001 -2.589531e-001  7.500000e-001
      vertex -3.281250e-001 -2.421875e-001  7.500000e-001
    endloop
  endfacet
  facet normal -9.801675e-002 -9.951848e-001  -0.000000e+000
    outer loop
      vertex -2.421875e-001 -3.281250e-001  0.000000e+000
      vertex -2.421875e-001 -3.281250e-001  8.593750e-002
      vertex -2.589531e-001 -3.264737e-001  0.000000e+000
    endloop
  endfacet
  facet normal -9.801675e-002 -9.951848e-001  0.000000e+000
    outer loop
      vertex -2.589531e-001 -3.264737e-001  0.000000e+000
      vertex -2.421875e-001 -3.281250e-001  8.593750e-002
      vertex -2.589531e-001 -3.264737e-001  8.593750e-002
    endloop
  endfacet
  facet normal -2.902852e-001 -9.569402e-001  -0.000000e+000
    outer loop
      vertex -2.589531e-001 -3.264737e-001  0.000000e+000
      vertex -2.589531e-001 -3.264737e-001  8.593750e-002
      vertex -2.750744e-001 -3.215834e-001  0.000000e+000
    endloop
  endfacet
  facet normal -2.902852e-001 -9.569402e-001  0.000000e+000
    outer loop
      vertex -2.750744e-001 -3.215834e-001  0.000000e+000
      vertex -2.589531e-001 -3.264737e-001  8.593750e-002
      vertex -2.750744e-001 -3.215834e-001  8.593750e-002
    endloop
  endfacet
  facet normal -4.713975e-001 -8.819208e-001  -0.000000e+000
    outer loop
      vertex -2.750744e-001 -3.215834e-001  0.000000e+000
      vertex -2.750744e-001 -3.215834e-001  8.593750e-002
      vertex -2.899318e-001 -3.136419e-001  0.000000e+000
    endloop
  endfacet
  facet normal -4.713975e-001 -8.819208e-001  0.000000e+000
    outer loop
      vertex -2.899318e-001 -3.136419e-001  0.000000e+000
      vertex -2.750744e-001 -3.215834e-001  8.593750e-002
      vertex -2.899318e-001 -3.136419e-001  8.593750e-002
    endloop
  endfacet
  facet normal -6.343920e-001 -7.730114e-001  -0.000000e+000
    outer loop
      vertex -2.899318e-001 -3.136419e-001  0.000000e+000
      vertex -2.899318e-001 -3.136419e-001  8.593750e-002
      vertex -3.029545e-001 -3.029545e-001  0.000000e+000
    endloop
  endfacet
  facet normal -6.343920e-001 -7.730114e-001  0.000000e+000
    outer loop
      vertex -3.029545e-001 -3.029545e-001  0.000000e+000
      vertex -2.899318e-001 -3.136419e-001  8.593750e-002
      vertex -3.029545e-001 -3.029545e-001  8.593750e-002
    endloop
  endfacet
  facet normal -7.730114e-001 -6.343920e-001  -0.000000e+000
    outer loop
      vertex -3.029545e-001 -3.029545e-001  0.000000e+000
      vertex -3.029545e-001 -3.029545e-001  8.593750e-002
      vertex -3.136419e-001 -2.899318e-001  0.000000e+000
    endloop
  endfacet
  facet normal -7.730114e-001 -6.343920e-001  0.000000e+000
    outer loop
      vertex -3.136419e-001 -2.899318e-001  0.000000e+000
      vertex -3.029545e-001 -3.029545e-001  8.593750e-002
      vertex -3.136419e-001 -2.899318e-001  8.593750e-002
    endloop
  endfacet
  facet normal -8.819208e-001 -4.713975e-001  -0.000000e+000
    outer loop
      vertex -3.136419e-001 -2.899318e-001  0.000000e+000
      vertex -3.136419e-001 -2.899318e-001  8.593750e-002
      vertex -3.215834e-001 -2.750744e-001  0.000000e+000
    endloop
  endfacet
  facet normal -8.819208e-001 -4.713975e-001  0.000000e+000
    outer loop
      vertex -3.215834e-001 -2.750744e-001  0.000000e+000
      vertex -3.136419e-001 -2.899318e-001  8.593750e-002
      vertex -3.215834e-001 -2.750744e-001  8.593750e-002
    endloop
  endfacet
  facet normal -9.569402e-001 -2.902852e-001  -0.000000e+000
    outer loop
      vertex -3.215834e-001 -2.750744e-001  0.000000e+000
      vertex -3.215834e-001 -2.750744e-001  8.593750e-002
      vertex -3.264737e-001 -2.589531e-001  0.000000e+000
    endloop
  endfacet
  facet normal -9.569402e-001 -2.902852e-001  0.000000e+000
    outer loop
      vertex -3.264737e-001 -2.589531e-001  0.000000e+000
      vertex -3.215834e-001 -2.750744e-001  8.593750e-002
      vertex -3.264737e-001 -2.589531e-001  8.593750e-002
    endloop
  endfacet
  facet normal -9.951848e-001 -9.801675e-002  -0.000000e+000
    outer loop
      vertex -3.264737e-001 -2.589531e-001  0.000000e+000
      vertex -3.264737e-001 -2.589531e-001  8.593750e-002
      vertex -3.281250e-001 -2.421875e-001  0.000000e+000
    endloop
  endfacet
  facet normal -9.951848e-001 -9.801675e-002  0.000000e+000
    outer loop
      vertex -3.281250e-001 -2.421875e-001  0.000000e+000
      vertex -3.264737e-001 -2.589531e-001  8.593750e-002
      vertex -3.281250e-001 -2.421875e-001  8.593750e-002
    endloop
  endfacet
  facet normal  0.000000e+000 -1.000000e+000  0.000000e+000
    outer loop
      vertex -3.281250e-001  1.406250e-001  8.593750e-002
      vertex  2.421875e-001  1.406250e-001  8.593750e-002
      vertex -3.281250e-001  1.406250e-001  6.502467e-001
    endloop
  endfacet
  facet normal  0.000000e+000 -1.000000e+000  0.000000e+000
    outer loop
      vertex -3.281250e-001  1.406250e-001  6.502467e-001
      vertex  2.421875e-001  1.406250e-001  8.593750e-002
      vertex  2.421875e-001  1.406250e-001  6.502467e-001
    endloop
  endfacet
  facet normal  0.000000e+000  0.000000e+000  9.999999e-001
    outer loop
      vertex  2.421875e-001 -2.812500e-001  7.500000e-001
      vertex  2.421875e-001  2.421875e-001  7.500000e-001
      vertex -3.281250e-001  2.421875e-001  7.500000e-001
    endloop
  endfacet
  facet normal  0.000000e+000  0.000000e+000  1.000000e+000
    outer loop
      vertex  2.421875e-001 -2.812500e-001  7.500000e-001
      vertex -3.281250e-001  2.421875e-001  7.500000e-001
      vertex -3.281250e-001 -2.421875e-001  7.500000e-001
    endloop
  endfacet
  facet normal  0.000000e+000  0.000000e+000  1.000000e+000
    outer loop
      vertex  2.421875e-001 -2.812500e-001  7.500000e-001
      vertex -3.281250e-001 -2.421875e-001  7.500000e-001
      vertex -3.264737e-001 -2.589531e-001  7.500000e-001
    endloop
  endfacet
  facet normal  0.000000e+000  0.000000e+000  1.000000e+000
    outer loop
      vertex  2.421875e-001 -2.812500e-001  7.500000e-001
      vertex -3.264737e-001 -2.589531e-001  7.500000e-001
      vertex -3.215834e-001 -2.750744e-001  7.500000e-001
    endloop
  endfacet
  facet normal  0.000000e+000  0.000000e+000  9.999999e-001
    outer loop
      vertex  2.421875e-001 -2.812500e-001  7.500000e-001
      vertex -3.215834e-001 -2.750744e-001  7.500000e-001
      vertex -3.136419e-001 -2.899318e-001  7.500000e-001
    endloop
  endfacet
  facet normal  -0.000000e+000  0.000000e+000  1.000000e+000
    outer loop
      vertex  2.421875e-001 -2.812500e-001  7.500000e-001
      vertex -3.136419e-001 -2.899318e-001  7.500000e-001
      vertex -3.029545e-001 -3.029545e-001  7.500000e-001
    endloop
  endfacet
  facet normal  -0.000000e+000  0.000000e+000  1.000000e+000
    outer loop
      vertex  2.421875e-001 -2.812500e-001  7.500000e-001
      vertex -3.029545e-001 -3.029545e-001  7.500000e-001
      vertex -2.899318e-001 -3.136419e-001  7.500000e-001
    endloop
  endfacet
  facet normal  -0.000000e+000  0.000000e+000  1.000000e+000
    outer loop
      vertex  2.421875e-001 -2.812500e-001  7.500000e-001
      vertex -2.899318e-001 -3.136419e-001  7.500000e-001
      vertex -2.750744e-001 -3.215834e-001  7.500000e-001
    endloop
  endfacet
  facet normal  -0.000000e+000  0.000000e+000  1.000000e+000
    outer loop
      vertex  2.421875e-001 -2.812500e-001  7.500000e-001
      vertex -2.750744e-001 -3.215834e-001  7.500000e-001
      vertex -2.589531e-001 -3.264737e-001  7.500000e-001
    endloop
  endfacet
  facet normal  -0.000000e+000  0.000000e+000  1.000000e+000
    outer loop
      vertex  2.421875e-001 -2.812500e-001  7.500000e-001
      vertex -2.589531e-001 -3.264737e-001  7.500000e-001
      vertex -2.421875e-001 -3.281250e-001  7.500000e-001
    endloop
  endfacet
  facet normal  0.000000e+000  0.000000e+000  1.000000e+000
    outer loop
      vertex  2.421875e-001 -2.812500e-001  7.500000e-001
      vertex -2.421875e-001 -3.281250e-001  7.500000e-001
      vertex  1.093750e-001 -3.281250e-001  7.500000e-001
    endloop
  endfacet
  facet normal  0.000000e+000  0.000000e+000 -1.000000e+000
    outer loop
      vertex  2.421875e-001 -2.812500e-001  0.000000e+000
      vertex  1.093750e-001 -3.281250e-001  0.000000e+000
      vertex -2.421875e-001 -3.281250e-001  0.000000e+000
    endloop
  endfacet
  facet normal  0.000000e+000  0.000000e+000 -1.000000e+000
    outer loop
      vertex  2.421875e-001 -2.812500e-001  0.000000e+000
      vertex -2.421875e-001 -3.281250e-001  0.000000e+000
      vertex -2.589531e-001 -3.264737e-001  0.000000e+000
    endloop
  endfacet
  facet normal  0.000000e+000  0.000000e+000 -1.000000e+000
    outer loop
      vertex  2.421875e-001 -2.812500e-001  0.000000e+000
      vertex -2.589531e-001 -3.264737e-001  0.000000e+000
      vertex -2.750744e-001 -3.215834e-001  0.000000e+000
    endloop
  endfacet
  facet normal  0.000000e+000  0.000000e+000 -1.000000e+000
    outer loop
      vertex  2.421875e-001 -2.812500e-001  0.000000e+000
      vertex -2.750744e-001 -3.215834e-001  0.000000e+000
      vertex -2.899318e-001 -3.136419e-001  0.000000e+000
    endloop
  endfacet
  facet normal  0.000000e+000  0.000000e+000 -1.000000e+000
    outer loop
      vertex  2.421875e-001 -2.812500e-001  0.000000e+000
      vertex -2.899318e-001 -3.136419e-001  0.000000e+000
      vertex -3.029545e-001 -3.029545e-001  0.000000e+000
    endloop
  endfacet
  facet normal  0.000000e+000  0.000000e+000 -1.000000e+000
    outer loop
      vertex  2.421875e-001 -2.812500e-001  0.000000e+000
      vertex -3.029545e-001 -3.029545e-001  0.000000e+000
      vertex -3.136419e-001 -2.899318e-001  0.000000e+000
    endloop
  endfacet
  facet normal  0.000000e+000  0.000000e+000 -9.999999e-001
    outer loop
      vertex  2.421875e-001 -2.812500e-001  0.000000e+000
      vertex -3.136419e-001 -2.899318e-001  0.000000e+000
      vertex -3.215834e-001 -2.750744e-001  0.000000e+000
    endloop
  endfacet
  facet normal  0.000000e+000  0.000000e+000 -1.000000e+000
    outer loop
      vertex  2.421875e-001 -2.812500e-001  0.000000e+000
      vertex -3.215834e-001 -2.750744e-001  0.000000e+000
      vertex -3.264737e-001 -2.589531e-001  0.000000e+000
    endloop
  endfacet
  facet normal  0.000000e+000  0.000000e+000 -1.000000e+000
    outer loop
      vertex  2.421875e-001 -2.812500e-001  0.000000e+000
      vertex -3.264737e-001 -2.589531e-001  0.000000e+000
      vertex -3.281250e-001 -2.421875e-001  0.000000e+000
    endloop
  endfacet
  facet normal  0.000000e+000  0.000000e+000 -1.000000e+000
    outer loop
      vertex  2.421875e-001 -2.812500e-001  0.000000e+000
      vertex -3.281250e-001 -2.421875e-001  0.000000e+000
      vertex -3.281250e-001  2.421875e-001  0.000000e+000
    endloop
  endfacet
  facet normal  0.000000e+000  0.000000e+000 -9.999999e-001
    outer loop
      vertex  2.421875e-001 -2.812500e-001  0.000000e+000
      vertex -3.281250e-001  2.421875e-001  0.000000e+000
      vertex  2.421875e-001  2.421875e-001  0.000000e+000
    endloop
  endfacet
  facet normal  0.000000e+000  9.999999e-001  0.000000e+000
    outer loop
      vertex  2.421875e-001  2.421875e-001  0.000000e+000
      vertex -3.281250e-001  2.421875e-001  0.000000e+000
      vertex  2.421875e-001  2.421875e-001  7.500000e-001
    endloop
  endfacet
  facet normal  0.000000e+000  9.999999e-001  0.000000e+000
    outer loop
      vertex  2.421875e-001  2.421875e-001  7.500000e-001
      vertex -3.281250e-001  2.421875e-001  0.000000e+000
      vertex -3.281250e-001  2.421875e-001  7.500000e-001
    endloop
  endfacet
endsolid CATIA STL
