solid CATIA STL
  facet normal  -0.000000e+000  -0.000000e+000  1.000000e+000
    outer loop
      vertex -7.109375e-001 -5.703125e-001  7.500000e-001
      vertex -7.082354e-001 -5.977471e-001  7.500000e-001
      vertex -7.002330e-001 -6.241273e-001  7.500000e-001
    endloop
  endfacet
  facet normal  -0.000000e+000  -0.000000e+000  1.000000e+000
    outer loop
      vertex -7.109375e-001 -5.703125e-001  7.500000e-001
      vertex -7.002330e-001 -6.241273e-001  7.500000e-001
      vertex -6.872379e-001 -6.484396e-001  7.500000e-001
    endloop
  endfacet
  facet normal  -0.000000e+000  -0.000000e+000  9.999999e-001
    outer loop
      vertex -7.109375e-001 -5.703125e-001  7.500000e-001
      vertex -6.872379e-001 -6.484396e-001  7.500000e-001
      vertex -6.697494e-001 -6.697494e-001  7.500000e-001
    endloop
  endfacet
  facet normal  -0.000000e+000  -0.000000e+000  1.000000e+000
    outer loop
      vertex -7.109375e-001 -5.703125e-001  7.500000e-001
      vertex -6.697494e-001 -6.697494e-001  7.500000e-001
      vertex -6.484396e-001 -6.872379e-001  7.500000e-001
    endloop
  endfacet
  facet normal  -0.000000e+000  -0.000000e+000  1.000000e+000
    outer loop
      vertex -7.109375e-001 -5.703125e-001  7.500000e-001
      vertex -6.484396e-001 -6.872379e-001  7.500000e-001
      vertex -6.241273e-001 -7.002330e-001  7.500000e-001
    endloop
  endfacet
  facet normal  -0.000000e+000  -0.000000e+000  1.000000e+000
    outer loop
      vertex -7.109375e-001 -5.703125e-001  7.500000e-001
      vertex -6.241273e-001 -7.002330e-001  7.500000e-001
      vertex -5.977471e-001 -7.082354e-001  7.500000e-001
    endloop
  endfacet
  facet normal  -0.000000e+000  -0.000000e+000  1.000000e+000
    outer loop
      vertex -7.109375e-001 -5.703125e-001  7.500000e-001
      vertex -5.977471e-001 -7.082354e-001  7.500000e-001
      vertex -5.703125e-001 -7.109375e-001  7.500000e-001
    endloop
  endfacet
  facet normal  0.000000e+000  -0.000000e+000  1.000000e+000
    outer loop
      vertex -7.109375e-001 -5.703125e-001  7.500000e-001
      vertex -5.703125e-001 -7.109375e-001  7.500000e-001
      vertex  7.109375e-001 -7.109375e-001  7.500000e-001
    endloop
  endfacet
  facet normal  0.000000e+000  -0.000000e+000  1.000000e+000
    outer loop
      vertex -7.109375e-001 -5.703125e-001  7.500000e-001
      vertex  7.109375e-001 -7.109375e-001  7.500000e-001
      vertex  7.109375e-001  7.109375e-001  7.500000e-001
    endloop
  endfacet
  facet normal  0.000000e+000  0.000000e+000  1.000000e+000
    outer loop
      vertex -7.109375e-001 -5.703125e-001  7.500000e-001
      vertex  7.109375e-001  7.109375e-001  7.500000e-001
      vertex -7.109375e-001  7.109375e-001  7.500000e-001
    endloop
  endfacet
  facet normal  0.000000e+000  0.000000e+000 -1.000000e+000
    outer loop
      vertex -7.109375e-001 -5.703125e-001 -7.500000e-001
      vertex -7.109375e-001  7.109375e-001 -7.500000e-001
      vertex  7.109375e-001  7.109375e-001 -7.500000e-001
    endloop
  endfacet
  facet normal  0.000000e+000  -0.000000e+000 -1.000000e+000
    outer loop
      vertex -7.109375e-001 -5.703125e-001 -7.500000e-001
      vertex  7.109375e-001  7.109375e-001 -7.500000e-001
      vertex  7.109375e-001 -7.109375e-001 -7.500000e-001
    endloop
  endfacet
  facet normal  0.000000e+000  0.000000e+000 -1.000000e+000
    outer loop
      vertex -7.109375e-001 -5.703125e-001 -7.500000e-001
      vertex  7.109375e-001 -7.109375e-001 -7.500000e-001
      vertex -5.703125e-001 -7.109375e-001 -7.500000e-001
    endloop
  endfacet
  facet normal  0.000000e+000  0.000000e+000 -1.000000e+000
    outer loop
      vertex -7.109375e-001 -5.703125e-001 -7.500000e-001
      vertex -5.703125e-001 -7.109375e-001 -7.500000e-001
      vertex -5.977471e-001 -7.082354e-001 -7.500000e-001
    endloop
  endfacet
  facet normal  0.000000e+000  0.000000e+000 -1.000000e+000
    outer loop
      vertex -7.109375e-001 -5.703125e-001 -7.500000e-001
      vertex -5.977471e-001 -7.082354e-001 -7.500000e-001
      vertex -6.241273e-001 -7.002330e-001 -7.500000e-001
    endloop
  endfacet
  facet normal  0.000000e+000  0.000000e+000 -1.000000e+000
    outer loop
      vertex -7.109375e-001 -5.703125e-001 -7.500000e-001
      vertex -6.241273e-001 -7.002330e-001 -7.500000e-001
      vertex -6.484396e-001 -6.872379e-001 -7.500000e-001
    endloop
  endfacet
  facet normal  0.000000e+000  0.000000e+000 -1.000000e+000
    outer loop
      vertex -7.109375e-001 -5.703125e-001 -7.500000e-001
      vertex -6.484396e-001 -6.872379e-001 -7.500000e-001
      vertex -6.697494e-001 -6.697494e-001 -7.500000e-001
    endloop
  endfacet
  facet normal  0.000000e+000  0.000000e+000 -9.999999e-001
    outer loop
      vertex -7.109375e-001 -5.703125e-001 -7.500000e-001
      vertex -6.697494e-001 -6.697494e-001 -7.500000e-001
      vertex -6.872379e-001 -6.484396e-001 -7.500000e-001
    endloop
  endfacet
  facet normal  0.000000e+000  0.000000e+000 -1.000000e+000
    outer loop
      vertex -7.109375e-001 -5.703125e-001 -7.500000e-001
      vertex -6.872379e-001 -6.484396e-001 -7.500000e-001
      vertex -7.002330e-001 -6.241273e-001 -7.500000e-001
    endloop
  endfacet
  facet normal  0.000000e+000  0.000000e+000 -1.000000e+000
    outer loop
      vertex -7.109375e-001 -5.703125e-001 -7.500000e-001
      vertex -7.002330e-001 -6.241273e-001 -7.500000e-001
      vertex -7.082354e-001 -5.977471e-001 -7.500000e-001
    endloop
  endfacet
  facet normal -9.999999e-001  0.000000e+000  0.000000e+000
    outer loop
      vertex -7.109375e-001  7.109375e-001 -7.500000e-001
      vertex -7.109375e-001 -5.703125e-001 -7.500000e-001
      vertex -7.109375e-001  7.109375e-001  7.500000e-001
    endloop
  endfacet
  facet normal -9.999999e-001  -0.000000e+000  0.000000e+000
    outer loop
      vertex -7.109375e-001  7.109375e-001  7.500000e-001
      vertex -7.109375e-001 -5.703125e-001 -7.500000e-001
      vertex -7.109375e-001 -5.703125e-001  7.500000e-001
    endloop
  endfacet
  facet normal  0.000000e+000 -9.999999e-001  0.000000e+000
    outer loop
      vertex -5.703125e-001 -7.109375e-001 -7.500000e-001
      vertex  7.109375e-001 -7.109375e-001 -7.500000e-001
      vertex -5.703125e-001 -7.109375e-001  7.500000e-001
    endloop
  endfacet
  facet normal  0.000000e+000 -9.999999e-001  0.000000e+000
    outer loop
      vertex -5.703125e-001 -7.109375e-001  7.500000e-001
      vertex  7.109375e-001 -7.109375e-001 -7.500000e-001
      vertex  7.109375e-001 -7.109375e-001  7.500000e-001
    endloop
  endfacet
  facet normal -9.801666e-002 -9.951848e-001  -0.000000e+000
    outer loop
      vertex -5.703125e-001 -7.109375e-001 -7.500000e-001
      vertex -5.703125e-001 -7.109375e-001  7.500000e-001
      vertex -5.977471e-001 -7.082354e-001 -7.500000e-001
    endloop
  endfacet
  facet normal -9.801666e-002 -9.951848e-001  0.000000e+000
    outer loop
      vertex -5.977471e-001 -7.082354e-001 -7.500000e-001
      vertex -5.703125e-001 -7.109375e-001  7.500000e-001
      vertex -5.977471e-001 -7.082354e-001  7.500000e-001
    endloop
  endfacet
  facet normal -2.902861e-001 -9.569399e-001  -0.000000e+000
    outer loop
      vertex -5.977471e-001 -7.082354e-001 -7.500000e-001
      vertex -5.977471e-001 -7.082354e-001  7.500000e-001
      vertex -6.241273e-001 -7.002330e-001 -7.500000e-001
    endloop
  endfacet
  facet normal -2.902861e-001 -9.569399e-001  0.000000e+000
    outer loop
      vertex -6.241273e-001 -7.002330e-001 -7.500000e-001
      vertex -5.977471e-001 -7.082354e-001  7.500000e-001
      vertex -6.241273e-001 -7.002330e-001  7.500000e-001
    endloop
  endfacet
  facet normal -4.713953e-001 -8.819219e-001  -0.000000e+000
    outer loop
      vertex -6.241273e-001 -7.002330e-001 -7.500000e-001
      vertex -6.241273e-001 -7.002330e-001  7.500000e-001
      vertex -6.484396e-001 -6.872379e-001 -7.500000e-001
    endloop
  endfacet
  facet normal -4.713953e-001 -8.819219e-001  0.000000e+000
    outer loop
      vertex -6.484396e-001 -6.872379e-001 -7.500000e-001
      vertex -6.241273e-001 -7.002330e-001  7.500000e-001
      vertex -6.484396e-001 -6.872379e-001  7.500000e-001
    endloop
  endfacet
  facet normal -6.343942e-001 -7.730097e-001  -0.000000e+000
    outer loop
      vertex -6.484396e-001 -6.872379e-001 -7.500000e-001
      vertex -6.484396e-001 -6.872379e-001  7.500000e-001
      vertex -6.697494e-001 -6.697494e-001 -7.500000e-001
    endloop
  endfacet
  facet normal -6.343942e-001 -7.730097e-001  0.000000e+000
    outer loop
      vertex -6.697494e-001 -6.697494e-001 -7.500000e-001
      vertex -6.484396e-001 -6.872379e-001  7.500000e-001
      vertex -6.697494e-001 -6.697494e-001  7.500000e-001
    endloop
  endfacet
  facet normal -7.730097e-001 -6.343942e-001  -0.000000e+000
    outer loop
      vertex -6.697494e-001 -6.697494e-001 -7.500000e-001
      vertex -6.697494e-001 -6.697494e-001  7.500000e-001
      vertex -6.872379e-001 -6.484396e-001 -7.500000e-001
    endloop
  endfacet
  facet normal -7.730097e-001 -6.343942e-001  0.000000e+000
    outer loop
      vertex -6.872379e-001 -6.484396e-001 -7.500000e-001
      vertex -6.697494e-001 -6.697494e-001  7.500000e-001
      vertex -6.872379e-001 -6.484396e-001  7.500000e-001
    endloop
  endfacet
  facet normal -8.819219e-001 -4.713953e-001  -0.000000e+000
    outer loop
      vertex -6.872379e-001 -6.484396e-001 -7.500000e-001
      vertex -6.872379e-001 -6.484396e-001  7.500000e-001
      vertex -7.002330e-001 -6.241273e-001 -7.500000e-001
    endloop
  endfacet
  facet normal -8.819219e-001 -4.713953e-001  0.000000e+000
    outer loop
      vertex -7.002330e-001 -6.241273e-001 -7.500000e-001
      vertex -6.872379e-001 -6.484396e-001  7.500000e-001
      vertex -7.002330e-001 -6.241273e-001  7.500000e-001
    endloop
  endfacet
  facet normal -9.569399e-001 -2.902861e-001  -0.000000e+000
    outer loop
      vertex -7.002330e-001 -6.241273e-001 -7.500000e-001
      vertex -7.002330e-001 -6.241273e-001  7.500000e-001
      vertex -7.082354e-001 -5.977471e-001 -7.500000e-001
    endloop
  endfacet
  facet normal -9.569399e-001 -2.902861e-001  0.000000e+000
    outer loop
      vertex -7.082354e-001 -5.977471e-001 -7.500000e-001
      vertex -7.002330e-001 -6.241273e-001  7.500000e-001
      vertex -7.082354e-001 -5.977471e-001  7.500000e-001
    endloop
  endfacet
  facet normal -9.951848e-001 -9.801666e-002  -0.000000e+000
    outer loop
      vertex -7.082354e-001 -5.977471e-001 -7.500000e-001
      vertex -7.082354e-001 -5.977471e-001  7.500000e-001
      vertex -7.109375e-001 -5.703125e-001 -7.500000e-001
    endloop
  endfacet
  facet normal -9.951848e-001 -9.801666e-002  0.000000e+000
    outer loop
      vertex -7.109375e-001 -5.703125e-001 -7.500000e-001
      vertex -7.082354e-001 -5.977471e-001  7.500000e-001
      vertex -7.109375e-001 -5.703125e-001  7.500000e-001
    endloop
  endfacet
  facet normal  0.000000e+000  1.000000e+000  0.000000e+000
    outer loop
      vertex  7.109375e-001  7.109375e-001 -7.500000e-001
      vertex -7.109375e-001  7.109375e-001 -7.500000e-001
      vertex  7.109375e-001  7.109375e-001  7.500000e-001
    endloop
  endfacet
  facet normal  0.000000e+000  1.000000e+000  0.000000e+000
    outer loop
      vertex  7.109375e-001  7.109375e-001  7.500000e-001
      vertex -7.109375e-001  7.109375e-001 -7.500000e-001
      vertex -7.109375e-001  7.109375e-001  7.500000e-001
    endloop
  endfacet
  facet normal  1.000000e+000  0.000000e+000  0.000000e+000
    outer loop
      vertex  7.109375e-001 -7.109375e-001 -7.500000e-001
      vertex  7.109375e-001  7.109375e-001 -7.500000e-001
      vertex  7.109375e-001 -7.109375e-001  7.500000e-001
    endloop
  endfacet
  facet normal  1.000000e+000  -0.000000e+000  0.000000e+000
    outer loop
      vertex  7.109375e-001 -7.109375e-001  7.500000e-001
      vertex  7.109375e-001  7.109375e-001 -7.500000e-001
      vertex  7.109375e-001  7.109375e-001  7.500000e-001
    endloop
  endfacet
endsolid CATIA STL
