solid CATIA STL
  facet normal -1.000000e+000  0.000000e+000  0.000000e+000
    outer loop
      vertex -7.500000e-001  1.184211e-001  3.125000e-002
      vertex -7.500000e-001  1.184211e-001  7.812500e-003
      vertex -7.500000e-001  0.000000e+000  3.125000e-002
    endloop
  endfacet
  facet normal -1.000000e+000  0.000000e+000  0.000000e+000
    outer loop
      vertex -7.500000e-001  0.000000e+000  3.125000e-002
      vertex -7.500000e-001  1.184211e-001  7.812500e-003
      vertex -7.500000e-001  0.000000e+000  7.812500e-003
    endloop
  endfacet
  facet normal  0.000000e+000  1.000000e+000  -0.000000e+000
    outer loop
      vertex  0.000000e+000  1.184211e-001  3.125000e-002
      vertex  0.000000e+000  1.184211e-001  0.000000e+000
      vertex -7.500000e-001  1.184211e-001  3.125000e-002
    endloop
  endfacet
  facet normal  0.000000e+000  9.999999e-001  0.000000e+000
    outer loop
      vertex -7.500000e-001  1.184211e-001  3.125000e-002
      vertex  0.000000e+000  1.184211e-001  0.000000e+000
      vertex -7.343750e-001  1.184211e-001  0.000000e+000
    endloop
  endfacet
  facet normal  0.000000e+000  1.000000e+000  0.000000e+000
    outer loop
      vertex -7.500000e-001  1.184211e-001  3.125000e-002
      vertex -7.343750e-001  1.184211e-001  0.000000e+000
      vertex -7.500000e-001  1.184211e-001  7.812500e-003
    endloop
  endfacet
  facet normal  0.000000e+000 -9.999999e-001  -0.000000e+000
    outer loop
      vertex  0.000000e+000  0.000000e+000  0.000000e+000
      vertex  0.000000e+000  0.000000e+000  3.125000e-002
      vertex -7.343750e-001  0.000000e+000  0.000000e+000
    endloop
  endfacet
  facet normal  0.000000e+000 -1.000000e+000  0.000000e+000
    outer loop
      vertex -7.343750e-001  0.000000e+000  0.000000e+000
      vertex  0.000000e+000  0.000000e+000  3.125000e-002
      vertex -7.500000e-001  0.000000e+000  3.125000e-002
    endloop
  endfacet
  facet normal  0.000000e+000 -1.000000e+000  0.000000e+000
    outer loop
      vertex -7.343750e-001  0.000000e+000  0.000000e+000
      vertex -7.500000e-001  0.000000e+000  3.125000e-002
      vertex -7.500000e-001  0.000000e+000  7.812500e-003
    endloop
  endfacet
  facet normal  0.000000e+000  0.000000e+000 -1.000000e+000
    outer loop
      vertex  1.184211e-001  7.421875e-001  0.000000e+000
      vertex  1.184211e-001  0.000000e+000  0.000000e+000
      vertex  2.343750e-002  0.000000e+000  0.000000e+000
    endloop
  endfacet
  facet normal  0.000000e+000  0.000000e+000 -1.000000e+000
    outer loop
      vertex  1.184211e-001  7.421875e-001  0.000000e+000
      vertex  2.343750e-002  0.000000e+000  0.000000e+000
      vertex  1.886507e-002  4.503450e-004  0.000000e+000
    endloop
  endfacet
  facet normal  0.000000e+000  0.000000e+000 -1.000000e+000
    outer loop
      vertex  1.184211e-001  7.421875e-001  0.000000e+000
      vertex  1.886507e-002  4.503450e-004  0.000000e+000
      vertex  1.446836e-002  1.784073e-003  0.000000e+000
    endloop
  endfacet
  facet normal  0.000000e+000  0.000000e+000 -1.000000e+000
    outer loop
      vertex  1.184211e-001  7.421875e-001  0.000000e+000
      vertex  1.446836e-002  1.784073e-003  0.000000e+000
      vertex  1.041632e-002  3.949931e-003  0.000000e+000
    endloop
  endfacet
  facet normal  0.000000e+000  0.000000e+000 -1.000000e+000
    outer loop
      vertex  1.184211e-001  7.421875e-001  0.000000e+000
      vertex  1.041632e-002  3.949931e-003  0.000000e+000
      vertex  6.864685e-003  6.864685e-003  0.000000e+000
    endloop
  endfacet
  facet normal  0.000000e+000  0.000000e+000 -9.999999e-001
    outer loop
      vertex  1.184211e-001  7.421875e-001  0.000000e+000
      vertex  6.864685e-003  6.864685e-003  0.000000e+000
      vertex  3.949931e-003  1.041632e-002  0.000000e+000
    endloop
  endfacet
  facet normal  0.000000e+000  0.000000e+000 -1.000000e+000
    outer loop
      vertex  1.184211e-001  7.421875e-001  0.000000e+000
      vertex  3.949931e-003  1.041632e-002  0.000000e+000
      vertex  1.784073e-003  1.446836e-002  0.000000e+000
    endloop
  endfacet
  facet normal  0.000000e+000  0.000000e+000 -1.000000e+000
    outer loop
      vertex  1.184211e-001  7.421875e-001  0.000000e+000
      vertex  1.784073e-003  1.446836e-002  0.000000e+000
      vertex  4.503450e-004  1.886507e-002  0.000000e+000
    endloop
  endfacet
  facet normal  0.000000e+000  0.000000e+000 -1.000000e+000
    outer loop
      vertex  1.184211e-001  7.421875e-001  0.000000e+000
      vertex  4.503450e-004  1.886507e-002  0.000000e+000
      vertex  0.000000e+000  1.184211e-001  0.000000e+000
    endloop
  endfacet
  facet normal  0.000000e+000  0.000000e+000 -1.000000e+000
    outer loop
      vertex  1.184211e-001  7.421875e-001  0.000000e+000
      vertex  0.000000e+000  1.184211e-001  0.000000e+000
      vertex  0.000000e+000  7.421875e-001  0.000000e+000
    endloop
  endfacet
  facet normal  0.000000e+000  0.000000e+000 -1.000000e+000
    outer loop
      vertex  0.000000e+000  1.184211e-001  0.000000e+000
      vertex  4.503450e-004  1.886507e-002  0.000000e+000
      vertex -7.343750e-001  1.184211e-001  0.000000e+000
    endloop
  endfacet
  facet normal  0.000000e+000  0.000000e+000 -1.000000e+000
    outer loop
      vertex -7.343750e-001  1.184211e-001  0.000000e+000
      vertex  4.503450e-004  1.886507e-002  0.000000e+000
      vertex  0.000000e+000  0.000000e+000  0.000000e+000
    endloop
  endfacet
  facet normal  0.000000e+000  0.000000e+000 -1.000000e+000
    outer loop
      vertex -7.343750e-001  1.184211e-001  0.000000e+000
      vertex  0.000000e+000  0.000000e+000  0.000000e+000
      vertex -7.343750e-001  0.000000e+000  0.000000e+000
    endloop
  endfacet
  facet normal -4.472136e-001  0.000000e+000 -8.944272e-001
    outer loop
      vertex -7.500000e-001  1.184211e-001  7.812500e-003
      vertex -7.343750e-001  1.184211e-001  0.000000e+000
      vertex -7.500000e-001  0.000000e+000  7.812500e-003
    endloop
  endfacet
  facet normal -4.472136e-001  0.000000e+000 -8.944272e-001
    outer loop
      vertex -7.500000e-001  0.000000e+000  7.812500e-003
      vertex -7.343750e-001  1.184211e-001  0.000000e+000
      vertex -7.343750e-001  0.000000e+000  0.000000e+000
    endloop
  endfacet
  facet normal  -0.000000e+000  0.000000e+000  1.000000e+000
    outer loop
      vertex  1.184211e-001  7.421875e-001  3.125000e-002
      vertex  0.000000e+000  7.421875e-001  3.125000e-002
      vertex  0.000000e+000  1.184211e-001  3.125000e-002
    endloop
  endfacet
  facet normal  -0.000000e+000  0.000000e+000  1.000000e+000
    outer loop
      vertex  1.184211e-001  7.421875e-001  3.125000e-002
      vertex  0.000000e+000  1.184211e-001  3.125000e-002
      vertex  4.503450e-004  1.886507e-002  3.125000e-002
    endloop
  endfacet
  facet normal  -0.000000e+000  0.000000e+000  1.000000e+000
    outer loop
      vertex  1.184211e-001  7.421875e-001  3.125000e-002
      vertex  4.503450e-004  1.886507e-002  3.125000e-002
      vertex  1.784073e-003  1.446836e-002  3.125000e-002
    endloop
  endfacet
  facet normal  -0.000000e+000  0.000000e+000  1.000000e+000
    outer loop
      vertex  1.184211e-001  7.421875e-001  3.125000e-002
      vertex  1.784073e-003  1.446836e-002  3.125000e-002
      vertex  3.949931e-003  1.041632e-002  3.125000e-002
    endloop
  endfacet
  facet normal  -0.000000e+000  0.000000e+000  1.000000e+000
    outer loop
      vertex  1.184211e-001  7.421875e-001  3.125000e-002
      vertex  3.949931e-003  1.041632e-002  3.125000e-002
      vertex  6.864685e-003  6.864685e-003  3.125000e-002
    endloop
  endfacet
  facet normal  -0.000000e+000  0.000000e+000  1.000000e+000
    outer loop
      vertex  1.184211e-001  7.421875e-001  3.125000e-002
      vertex  6.864685e-003  6.864685e-003  3.125000e-002
      vertex  1.041632e-002  3.949931e-003  3.125000e-002
    endloop
  endfacet
  facet normal  -0.000000e+000  0.000000e+000  1.000000e+000
    outer loop
      vertex  1.184211e-001  7.421875e-001  3.125000e-002
      vertex  1.041632e-002  3.949931e-003  3.125000e-002
      vertex  1.446836e-002  1.784073e-003  3.125000e-002
    endloop
  endfacet
  facet normal  -0.000000e+000  0.000000e+000  1.000000e+000
    outer loop
      vertex  1.184211e-001  7.421875e-001  3.125000e-002
      vertex  1.446836e-002  1.784073e-003  3.125000e-002
      vertex  1.886507e-002  4.503450e-004  3.125000e-002
    endloop
  endfacet
  facet normal  -0.000000e+000  0.000000e+000  1.000000e+000
    outer loop
      vertex  1.184211e-001  7.421875e-001  3.125000e-002
      vertex  1.886507e-002  4.503450e-004  3.125000e-002
      vertex  2.343750e-002  0.000000e+000  3.125000e-002
    endloop
  endfacet
  facet normal  0.000000e+000  0.000000e+000  1.000000e+000
    outer loop
      vertex  1.184211e-001  7.421875e-001  3.125000e-002
      vertex  2.343750e-002  0.000000e+000  3.125000e-002
      vertex  1.184211e-001  0.000000e+000  3.125000e-002
    endloop
  endfacet
  facet normal  0.000000e+000  0.000000e+000  1.000000e+000
    outer loop
      vertex -7.500000e-001  0.000000e+000  3.125000e-002
      vertex  0.000000e+000  0.000000e+000  3.125000e-002
      vertex -7.500000e-001  1.184211e-001  3.125000e-002
    endloop
  endfacet
  facet normal  0.000000e+000  0.000000e+000  9.999999e-001
    outer loop
      vertex -7.500000e-001  1.184211e-001  3.125000e-002
      vertex  0.000000e+000  0.000000e+000  3.125000e-002
      vertex  4.503450e-004  1.886507e-002  3.125000e-002
    endloop
  endfacet
  facet normal  0.000000e+000  0.000000e+000  1.000000e+000
    outer loop
      vertex -7.500000e-001  1.184211e-001  3.125000e-002
      vertex  4.503450e-004  1.886507e-002  3.125000e-002
      vertex  0.000000e+000  1.184211e-001  3.125000e-002
    endloop
  endfacet
  facet normal  9.951847e-001  9.801715e-002  0.000000e+000
    outer loop
      vertex  0.000000e+000  2.343750e-002  0.000000e+000
      vertex  0.000000e+000  2.343750e-002  3.125000e-002
      vertex  4.503450e-004  1.886507e-002  0.000000e+000
    endloop
  endfacet
  facet normal  9.951847e-001  9.801715e-002  -0.000000e+000
    outer loop
      vertex  4.503450e-004  1.886507e-002  0.000000e+000
      vertex  0.000000e+000  2.343750e-002  3.125000e-002
      vertex  4.503450e-004  1.886507e-002  3.125000e-002
    endloop
  endfacet
  facet normal  9.997152e-001 -2.386510e-002  0.000000e+000
    outer loop
      vertex  4.503450e-004  1.886507e-002  0.000000e+000
      vertex  4.503450e-004  1.886507e-002  3.125000e-002
      vertex  0.000000e+000  0.000000e+000  0.000000e+000
    endloop
  endfacet
  facet normal  9.997152e-001 -2.386510e-002  0.000000e+000
    outer loop
      vertex  0.000000e+000  0.000000e+000  0.000000e+000
      vertex  4.503450e-004  1.886507e-002  3.125000e-002
      vertex  0.000000e+000  0.000000e+000  3.125000e-002
    endloop
  endfacet
  facet normal -9.801715e-002 -9.951847e-001  -0.000000e+000
    outer loop
      vertex  2.343750e-002  0.000000e+000  0.000000e+000
      vertex  2.343750e-002  0.000000e+000  3.125000e-002
      vertex  1.886507e-002  4.503450e-004  0.000000e+000
    endloop
  endfacet
  facet normal -9.801715e-002 -9.951847e-001  0.000000e+000
    outer loop
      vertex  1.886507e-002  4.503450e-004  0.000000e+000
      vertex  2.343750e-002  0.000000e+000  3.125000e-002
      vertex  1.886507e-002  4.503450e-004  3.125000e-002
    endloop
  endfacet
  facet normal -2.902846e-001 -9.569404e-001  -0.000000e+000
    outer loop
      vertex  1.886507e-002  4.503450e-004  0.000000e+000
      vertex  1.886507e-002  4.503450e-004  3.125000e-002
      vertex  1.446836e-002  1.784073e-003  0.000000e+000
    endloop
  endfacet
  facet normal -2.902846e-001 -9.569404e-001  0.000000e+000
    outer loop
      vertex  1.446836e-002  1.784073e-003  0.000000e+000
      vertex  1.886507e-002  4.503450e-004  3.125000e-002
      vertex  1.446836e-002  1.784073e-003  3.125000e-002
    endloop
  endfacet
  facet normal -4.713967e-001 -8.819213e-001  -0.000000e+000
    outer loop
      vertex  1.446836e-002  1.784073e-003  0.000000e+000
      vertex  1.446836e-002  1.784073e-003  3.125000e-002
      vertex  1.041632e-002  3.949931e-003  0.000000e+000
    endloop
  endfacet
  facet normal -4.713967e-001 -8.819213e-001  0.000000e+000
    outer loop
      vertex  1.041632e-002  3.949931e-003  0.000000e+000
      vertex  1.446836e-002  1.784073e-003  3.125000e-002
      vertex  1.041632e-002  3.949931e-003  3.125000e-002
    endloop
  endfacet
  facet normal -6.343933e-001 -7.730105e-001  -0.000000e+000
    outer loop
      vertex  1.041632e-002  3.949931e-003  0.000000e+000
      vertex  1.041632e-002  3.949931e-003  3.125000e-002
      vertex  6.864685e-003  6.864685e-003  0.000000e+000
    endloop
  endfacet
  facet normal -6.343933e-001 -7.730105e-001  0.000000e+000
    outer loop
      vertex  6.864685e-003  6.864685e-003  0.000000e+000
      vertex  1.041632e-002  3.949931e-003  3.125000e-002
      vertex  6.864685e-003  6.864685e-003  3.125000e-002
    endloop
  endfacet
  facet normal -7.730105e-001 -6.343933e-001  -0.000000e+000
    outer loop
      vertex  6.864685e-003  6.864685e-003  0.000000e+000
      vertex  6.864685e-003  6.864685e-003  3.125000e-002
      vertex  3.949931e-003  1.041632e-002  0.000000e+000
    endloop
  endfacet
  facet normal -7.730105e-001 -6.343933e-001  0.000000e+000
    outer loop
      vertex  3.949931e-003  1.041632e-002  0.000000e+000
      vertex  6.864685e-003  6.864685e-003  3.125000e-002
      vertex  3.949931e-003  1.041632e-002  3.125000e-002
    endloop
  endfacet
  facet normal -8.819213e-001 -4.713967e-001  -0.000000e+000
    outer loop
      vertex  3.949931e-003  1.041632e-002  0.000000e+000
      vertex  3.949931e-003  1.041632e-002  3.125000e-002
      vertex  1.784073e-003  1.446836e-002  0.000000e+000
    endloop
  endfacet
  facet normal -8.819213e-001 -4.713967e-001  0.000000e+000
    outer loop
      vertex  1.784073e-003  1.446836e-002  0.000000e+000
      vertex  3.949931e-003  1.041632e-002  3.125000e-002
      vertex  1.784073e-003  1.446836e-002  3.125000e-002
    endloop
  endfacet
  facet normal -9.569404e-001 -2.902846e-001  -0.000000e+000
    outer loop
      vertex  1.784073e-003  1.446836e-002  0.000000e+000
      vertex  1.784073e-003  1.446836e-002  3.125000e-002
      vertex  4.503450e-004  1.886507e-002  0.000000e+000
    endloop
  endfacet
  facet normal -9.569404e-001 -2.902846e-001  0.000000e+000
    outer loop
      vertex  4.503450e-004  1.886507e-002  0.000000e+000
      vertex  1.784073e-003  1.446836e-002  3.125000e-002
      vertex  4.503450e-004  1.886507e-002  3.125000e-002
    endloop
  endfacet
  facet normal -9.951847e-001 -9.801715e-002  -0.000000e+000
    outer loop
      vertex  4.503450e-004  1.886507e-002  0.000000e+000
      vertex  4.503450e-004  1.886507e-002  3.125000e-002
      vertex  0.000000e+000  2.343750e-002  0.000000e+000
    endloop
  endfacet
  facet normal -9.951847e-001 -9.801715e-002  0.000000e+000
    outer loop
      vertex  0.000000e+000  2.343750e-002  0.000000e+000
      vertex  4.503450e-004  1.886507e-002  3.125000e-002
      vertex  0.000000e+000  2.343750e-002  3.125000e-002
    endloop
  endfacet
  facet normal -1.000000e+000  0.000000e+000  0.000000e+000
    outer loop
      vertex  0.000000e+000  7.421875e-001  3.125000e-002
      vertex  0.000000e+000  7.421875e-001  0.000000e+000
      vertex  0.000000e+000  1.184211e-001  3.125000e-002
    endloop
  endfacet
  facet normal -1.000000e+000  0.000000e+000  0.000000e+000
    outer loop
      vertex  0.000000e+000  1.184211e-001  3.125000e-002
      vertex  0.000000e+000  7.421875e-001  0.000000e+000
      vertex  0.000000e+000  1.184211e-001  0.000000e+000
    endloop
  endfacet
  facet normal  0.000000e+000 -1.000000e+000  0.000000e+000
    outer loop
      vertex  2.343750e-002  0.000000e+000  3.125000e-002
      vertex  2.343750e-002  0.000000e+000  0.000000e+000
      vertex  1.184211e-001  0.000000e+000  3.125000e-002
    endloop
  endfacet
  facet normal  0.000000e+000 -1.000000e+000  -0.000000e+000
    outer loop
      vertex  1.184211e-001  0.000000e+000  3.125000e-002
      vertex  2.343750e-002  0.000000e+000  0.000000e+000
      vertex  1.184211e-001  0.000000e+000  0.000000e+000
    endloop
  endfacet
  facet normal -4.472136e-001  8.944272e-001  0.000000e+000
    outer loop
      vertex  1.562500e-002  7.500000e-001  1.562500e-002
      vertex  0.000000e+000  7.421875e-001  0.000000e+000
      vertex  0.000000e+000  7.421875e-001  3.125000e-002
    endloop
  endfacet
  facet normal  4.472136e-001  8.944272e-001  -0.000000e+000
    outer loop
      vertex  1.184211e-001  7.421875e-001  3.125000e-002
      vertex  1.184211e-001  7.421875e-001  0.000000e+000
      vertex  1.027961e-001  7.500000e-001  1.562500e-002
    endloop
  endfacet
  facet normal  0.000000e+000  8.944272e-001  4.472136e-001
    outer loop
      vertex  0.000000e+000  7.421875e-001  3.125000e-002
      vertex  1.184211e-001  7.421875e-001  3.125000e-002
      vertex  1.562500e-002  7.500000e-001  1.562500e-002
    endloop
  endfacet
  facet normal  -0.000000e+000  8.944272e-001  4.472136e-001
    outer loop
      vertex  1.562500e-002  7.500000e-001  1.562500e-002
      vertex  1.184211e-001  7.421875e-001  3.125000e-002
      vertex  1.027961e-001  7.500000e-001  1.562500e-002
    endloop
  endfacet
  facet normal  0.000000e+000  8.944272e-001 -4.472136e-001
    outer loop
      vertex  0.000000e+000  7.421875e-001  0.000000e+000
      vertex  1.562500e-002  7.500000e-001  1.562500e-002
      vertex  1.184211e-001  7.421875e-001  0.000000e+000
    endloop
  endfacet
  facet normal  0.000000e+000  8.944272e-001 -4.472136e-001
    outer loop
      vertex  1.184211e-001  7.421875e-001  0.000000e+000
      vertex  1.562500e-002  7.500000e-001  1.562500e-002
      vertex  1.027961e-001  7.500000e-001  1.562500e-002
    endloop
  endfacet
  facet normal  1.000000e+000  0.000000e+000  0.000000e+000
    outer loop
      vertex  1.184211e-001  0.000000e+000  3.125000e-002
      vertex  1.184211e-001  0.000000e+000  0.000000e+000
      vertex  1.184211e-001  7.421875e-001  3.125000e-002
    endloop
  endfacet
  facet normal  1.000000e+000  0.000000e+000  0.000000e+000
    outer loop
      vertex  1.184211e-001  7.421875e-001  3.125000e-002
      vertex  1.184211e-001  0.000000e+000  0.000000e+000
      vertex  1.184211e-001  7.421875e-001  0.000000e+000
    endloop
  endfacet
endsolid CATIA STL
