solid CATIA STL
  facet normal  0.000000e+000  0.000000e+000  1.000000e+000
    outer loop
      vertex -3.750000e-001  3.281250e-001  7.500000e-001
      vertex  3.750000e-001  3.750000e-001  7.500000e-001
      vertex -3.515625e-001  3.750000e-001  7.500000e-001
    endloop
  endfacet
  facet normal  -0.000000e+000  -0.000000e+000  1.000000e+000
    outer loop
      vertex -3.750000e-001 -2.968750e-001  7.500000e-001
      vertex -3.734989e-001 -3.121164e-001  7.500000e-001
      vertex -3.690531e-001 -3.267722e-001  7.500000e-001
    endloop
  endfacet
  facet normal  -0.000000e+000  -0.000000e+000  1.000000e+000
    outer loop
      vertex -3.750000e-001 -2.968750e-001  7.500000e-001
      vertex -3.690531e-001 -3.267722e-001  7.500000e-001
      vertex -3.618336e-001 -3.402789e-001  7.500000e-001
    endloop
  endfacet
  facet normal  -0.000000e+000  -0.000000e+000  1.000000e+000
    outer loop
      vertex -3.750000e-001 -2.968750e-001  7.500000e-001
      vertex -3.618336e-001 -3.402789e-001  7.500000e-001
      vertex -3.521177e-001 -3.521177e-001  7.500000e-001
    endloop
  endfacet
  facet normal  -0.000000e+000  -0.000000e+000  1.000000e+000
    outer loop
      vertex -3.750000e-001 -2.968750e-001  7.500000e-001
      vertex -3.521177e-001 -3.521177e-001  7.500000e-001
      vertex -3.402789e-001 -3.618336e-001  7.500000e-001
    endloop
  endfacet
  facet normal  -0.000000e+000  -0.000000e+000  1.000000e+000
    outer loop
      vertex -3.750000e-001 -2.968750e-001  7.500000e-001
      vertex -3.402789e-001 -3.618336e-001  7.500000e-001
      vertex -3.267722e-001 -3.690531e-001  7.500000e-001
    endloop
  endfacet
  facet normal  -0.000000e+000  -0.000000e+000  1.000000e+000
    outer loop
      vertex -3.750000e-001 -2.968750e-001  7.500000e-001
      vertex -3.267722e-001 -3.690531e-001  7.500000e-001
      vertex -3.121164e-001 -3.734989e-001  7.500000e-001
    endloop
  endfacet
  facet normal  -0.000000e+000  -0.000000e+000  9.999999e-001
    outer loop
      vertex -3.750000e-001 -2.968750e-001  7.500000e-001
      vertex -3.121164e-001 -3.734989e-001  7.500000e-001
      vertex -2.968750e-001 -3.750000e-001  7.500000e-001
    endloop
  endfacet
  facet normal  0.000000e+000  -0.000000e+000  1.000000e+000
    outer loop
      vertex -3.750000e-001 -2.968750e-001  7.500000e-001
      vertex -2.968750e-001 -3.750000e-001  7.500000e-001
      vertex  3.750000e-001 -3.750000e-001  7.500000e-001
    endloop
  endfacet
  facet normal  0.000000e+000  -0.000000e+000  1.000000e+000
    outer loop
      vertex -3.750000e-001 -2.968750e-001  7.500000e-001
      vertex  3.750000e-001 -3.750000e-001  7.500000e-001
      vertex  3.750000e-001  3.750000e-001  7.500000e-001
    endloop
  endfacet
  facet normal  0.000000e+000  0.000000e+000  1.000000e+000
    outer loop
      vertex -3.750000e-001 -2.968750e-001  7.500000e-001
      vertex  3.750000e-001  3.750000e-001  7.500000e-001
      vertex -3.750000e-001  3.281250e-001  7.500000e-001
    endloop
  endfacet
  facet normal  -0.000000e+000  0.000000e+000 -1.000000e+000
    outer loop
      vertex -3.515625e-001  3.750000e-001  0.000000e+000
      vertex  3.750000e-001  3.750000e-001  0.000000e+000
      vertex -3.750000e-001  3.281250e-001  0.000000e+000
    endloop
  endfacet
  facet normal  0.000000e+000  0.000000e+000 -1.000000e+000
    outer loop
      vertex -3.750000e-001 -2.968750e-001  0.000000e+000
      vertex -3.750000e-001  3.281250e-001  0.000000e+000
      vertex  3.750000e-001  3.750000e-001  0.000000e+000
    endloop
  endfacet
  facet normal  0.000000e+000  -0.000000e+000 -1.000000e+000
    outer loop
      vertex -3.750000e-001 -2.968750e-001  0.000000e+000
      vertex  3.750000e-001  3.750000e-001  0.000000e+000
      vertex  3.750000e-001 -3.750000e-001  0.000000e+000
    endloop
  endfacet
  facet normal  0.000000e+000  0.000000e+000 -1.000000e+000
    outer loop
      vertex -3.750000e-001 -2.968750e-001  0.000000e+000
      vertex  3.750000e-001 -3.750000e-001  0.000000e+000
      vertex -2.968750e-001 -3.750000e-001  0.000000e+000
    endloop
  endfacet
  facet normal  0.000000e+000  0.000000e+000 -9.999999e-001
    outer loop
      vertex -3.750000e-001 -2.968750e-001  0.000000e+000
      vertex -2.968750e-001 -3.750000e-001  0.000000e+000
      vertex -3.121164e-001 -3.734989e-001  0.000000e+000
    endloop
  endfacet
  facet normal  0.000000e+000  0.000000e+000 -1.000000e+000
    outer loop
      vertex -3.750000e-001 -2.968750e-001  0.000000e+000
      vertex -3.121164e-001 -3.734989e-001  0.000000e+000
      vertex -3.267722e-001 -3.690531e-001  0.000000e+000
    endloop
  endfacet
  facet normal  0.000000e+000  0.000000e+000 -1.000000e+000
    outer loop
      vertex -3.750000e-001 -2.968750e-001  0.000000e+000
      vertex -3.267722e-001 -3.690531e-001  0.000000e+000
      vertex -3.402789e-001 -3.618336e-001  0.000000e+000
    endloop
  endfacet
  facet normal  0.000000e+000  0.000000e+000 -1.000000e+000
    outer loop
      vertex -3.750000e-001 -2.968750e-001  0.000000e+000
      vertex -3.402789e-001 -3.618336e-001  0.000000e+000
      vertex -3.521177e-001 -3.521177e-001  0.000000e+000
    endloop
  endfacet
  facet normal  0.000000e+000  0.000000e+000 -1.000000e+000
    outer loop
      vertex -3.750000e-001 -2.968750e-001  0.000000e+000
      vertex -3.521177e-001 -3.521177e-001  0.000000e+000
      vertex -3.618336e-001 -3.402789e-001  0.000000e+000
    endloop
  endfacet
  facet normal  0.000000e+000  0.000000e+000 -1.000000e+000
    outer loop
      vertex -3.750000e-001 -2.968750e-001  0.000000e+000
      vertex -3.618336e-001 -3.402789e-001  0.000000e+000
      vertex -3.690531e-001 -3.267722e-001  0.000000e+000
    endloop
  endfacet
  facet normal  0.000000e+000  0.000000e+000 -1.000000e+000
    outer loop
      vertex -3.750000e-001 -2.968750e-001  0.000000e+000
      vertex -3.690531e-001 -3.267722e-001  0.000000e+000
      vertex -3.734989e-001 -3.121164e-001  0.000000e+000
    endloop
  endfacet
  facet normal -1.000000e+000  0.000000e+000  0.000000e+000
    outer loop
      vertex -3.750000e-001  3.281250e-001  0.000000e+000
      vertex -3.750000e-001 -2.968750e-001  0.000000e+000
      vertex -3.750000e-001  3.281250e-001  7.500000e-001
    endloop
  endfacet
  facet normal -1.000000e+000  -0.000000e+000  0.000000e+000
    outer loop
      vertex -3.750000e-001  3.281250e-001  7.500000e-001
      vertex -3.750000e-001 -2.968750e-001  0.000000e+000
      vertex -3.750000e-001 -2.968750e-001  7.500000e-001
    endloop
  endfacet
  facet normal  0.000000e+000 -1.000000e+000  0.000000e+000
    outer loop
      vertex -2.968750e-001 -3.750000e-001  0.000000e+000
      vertex  3.750000e-001 -3.750000e-001  0.000000e+000
      vertex -2.968750e-001 -3.750000e-001  7.500000e-001
    endloop
  endfacet
  facet normal  0.000000e+000 -1.000000e+000  0.000000e+000
    outer loop
      vertex -2.968750e-001 -3.750000e-001  7.500000e-001
      vertex  3.750000e-001 -3.750000e-001  0.000000e+000
      vertex  3.750000e-001 -3.750000e-001  7.500000e-001
    endloop
  endfacet
  facet normal -9.801661e-002 -9.951848e-001  -0.000000e+000
    outer loop
      vertex -2.968750e-001 -3.750000e-001  0.000000e+000
      vertex -2.968750e-001 -3.750000e-001  7.500000e-001
      vertex -3.121164e-001 -3.734989e-001  0.000000e+000
    endloop
  endfacet
  facet normal -9.801661e-002 -9.951848e-001  0.000000e+000
    outer loop
      vertex -3.121164e-001 -3.734989e-001  0.000000e+000
      vertex -2.968750e-001 -3.750000e-001  7.500000e-001
      vertex -3.121164e-001 -3.734989e-001  7.500000e-001
    endloop
  endfacet
  facet normal -2.902848e-001 -9.569404e-001  -0.000000e+000
    outer loop
      vertex -3.121164e-001 -3.734989e-001  0.000000e+000
      vertex -3.121164e-001 -3.734989e-001  7.500000e-001
      vertex -3.267722e-001 -3.690531e-001  0.000000e+000
    endloop
  endfacet
  facet normal -2.902848e-001 -9.569404e-001  0.000000e+000
    outer loop
      vertex -3.267722e-001 -3.690531e-001  0.000000e+000
      vertex -3.121164e-001 -3.734989e-001  7.500000e-001
      vertex -3.267722e-001 -3.690531e-001  7.500000e-001
    endloop
  endfacet
  facet normal -4.713969e-001 -8.819211e-001  -0.000000e+000
    outer loop
      vertex -3.267722e-001 -3.690531e-001  0.000000e+000
      vertex -3.267722e-001 -3.690531e-001  7.500000e-001
      vertex -3.402789e-001 -3.618336e-001  0.000000e+000
    endloop
  endfacet
  facet normal -4.713969e-001 -8.819211e-001  0.000000e+000
    outer loop
      vertex -3.402789e-001 -3.618336e-001  0.000000e+000
      vertex -3.267722e-001 -3.690531e-001  7.500000e-001
      vertex -3.402789e-001 -3.618336e-001  7.500000e-001
    endloop
  endfacet
  facet normal -6.343936e-001 -7.730101e-001  -0.000000e+000
    outer loop
      vertex -3.402789e-001 -3.618336e-001  0.000000e+000
      vertex -3.402789e-001 -3.618336e-001  7.500000e-001
      vertex -3.521177e-001 -3.521177e-001  0.000000e+000
    endloop
  endfacet
  facet normal -6.343936e-001 -7.730101e-001  0.000000e+000
    outer loop
      vertex -3.521177e-001 -3.521177e-001  0.000000e+000
      vertex -3.402789e-001 -3.618336e-001  7.500000e-001
      vertex -3.521177e-001 -3.521177e-001  7.500000e-001
    endloop
  endfacet
  facet normal -7.730101e-001 -6.343936e-001  -0.000000e+000
    outer loop
      vertex -3.521177e-001 -3.521177e-001  0.000000e+000
      vertex -3.521177e-001 -3.521177e-001  7.500000e-001
      vertex -3.618336e-001 -3.402789e-001  0.000000e+000
    endloop
  endfacet
  facet normal -7.730101e-001 -6.343936e-001  0.000000e+000
    outer loop
      vertex -3.618336e-001 -3.402789e-001  0.000000e+000
      vertex -3.521177e-001 -3.521177e-001  7.500000e-001
      vertex -3.618336e-001 -3.402789e-001  7.500000e-001
    endloop
  endfacet
  facet normal -8.819211e-001 -4.713969e-001  -0.000000e+000
    outer loop
      vertex -3.618336e-001 -3.402789e-001  0.000000e+000
      vertex -3.618336e-001 -3.402789e-001  7.500000e-001
      vertex -3.690531e-001 -3.267722e-001  0.000000e+000
    endloop
  endfacet
  facet normal -8.819211e-001 -4.713969e-001  0.000000e+000
    outer loop
      vertex -3.690531e-001 -3.267722e-001  0.000000e+000
      vertex -3.618336e-001 -3.402789e-001  7.500000e-001
      vertex -3.690531e-001 -3.267722e-001  7.500000e-001
    endloop
  endfacet
  facet normal -9.569404e-001 -2.902848e-001  -0.000000e+000
    outer loop
      vertex -3.690531e-001 -3.267722e-001  0.000000e+000
      vertex -3.690531e-001 -3.267722e-001  7.500000e-001
      vertex -3.734989e-001 -3.121164e-001  0.000000e+000
    endloop
  endfacet
  facet normal -9.569404e-001 -2.902848e-001  0.000000e+000
    outer loop
      vertex -3.734989e-001 -3.121164e-001  0.000000e+000
      vertex -3.690531e-001 -3.267722e-001  7.500000e-001
      vertex -3.734989e-001 -3.121164e-001  7.500000e-001
    endloop
  endfacet
  facet normal -9.951848e-001 -9.801661e-002  -0.000000e+000
    outer loop
      vertex -3.734989e-001 -3.121164e-001  0.000000e+000
      vertex -3.734989e-001 -3.121164e-001  7.500000e-001
      vertex -3.750000e-001 -2.968750e-001  0.000000e+000
    endloop
  endfacet
  facet normal -9.951848e-001 -9.801661e-002  0.000000e+000
    outer loop
      vertex -3.750000e-001 -2.968750e-001  0.000000e+000
      vertex -3.734989e-001 -3.121164e-001  7.500000e-001
      vertex -3.750000e-001 -2.968750e-001  7.500000e-001
    endloop
  endfacet
  facet normal  0.000000e+000  1.000000e+000  0.000000e+000
    outer loop
      vertex  3.750000e-001  3.750000e-001  0.000000e+000
      vertex -3.515625e-001  3.750000e-001  0.000000e+000
      vertex  3.750000e-001  3.750000e-001  7.500000e-001
    endloop
  endfacet
  facet normal  0.000000e+000  1.000000e+000  0.000000e+000
    outer loop
      vertex  3.750000e-001  3.750000e-001  7.500000e-001
      vertex -3.515625e-001  3.750000e-001  0.000000e+000
      vertex -3.515625e-001  3.750000e-001  7.500000e-001
    endloop
  endfacet
  facet normal -8.944272e-001  4.472136e-001  0.000000e+000
    outer loop
      vertex -3.515625e-001  3.750000e-001  7.500000e-001
      vertex -3.515625e-001  3.750000e-001  0.000000e+000
      vertex -3.750000e-001  3.281250e-001  7.500000e-001
    endloop
  endfacet
  facet normal -8.944272e-001  4.472136e-001  0.000000e+000
    outer loop
      vertex -3.750000e-001  3.281250e-001  7.500000e-001
      vertex -3.515625e-001  3.750000e-001  0.000000e+000
      vertex -3.750000e-001  3.281250e-001  0.000000e+000
    endloop
  endfacet
  facet normal  1.000000e+000  0.000000e+000  0.000000e+000
    outer loop
      vertex  3.750000e-001 -3.750000e-001  0.000000e+000
      vertex  3.750000e-001  3.750000e-001  0.000000e+000
      vertex  3.750000e-001 -3.750000e-001  7.500000e-001
    endloop
  endfacet
  facet normal  1.000000e+000  -0.000000e+000  0.000000e+000
    outer loop
      vertex  3.750000e-001 -3.750000e-001  7.500000e-001
      vertex  3.750000e-001  3.750000e-001  0.000000e+000
      vertex  3.750000e-001  3.750000e-001  7.500000e-001
    endloop
  endfacet
endsolid CATIA STL
