solid CATIA STL
  facet normal  0.000000e+000 -1.000000e+000  0.000000e+000
    outer loop
      vertex -7.500000e-001 -5.468750e-002 -6.718750e-001
      vertex -7.484989e-001 -5.468750e-002 -6.871164e-001
      vertex -7.440531e-001 -5.468750e-002 -7.017722e-001
    endloop
  endfacet
  facet normal  0.000000e+000 -1.000000e+000  0.000000e+000
    outer loop
      vertex -7.500000e-001 -5.468750e-002 -6.718750e-001
      vertex -7.440531e-001 -5.468750e-002 -7.017722e-001
      vertex -7.368336e-001 -5.468750e-002 -7.152789e-001
    endloop
  endfacet
  facet normal  0.000000e+000 -1.000000e+000  0.000000e+000
    outer loop
      vertex -7.500000e-001 -5.468750e-002 -6.718750e-001
      vertex -7.368336e-001 -5.468750e-002 -7.152789e-001
      vertex -7.271177e-001 -5.468750e-002 -7.271177e-001
    endloop
  endfacet
  facet normal  0.000000e+000 -1.000000e+000  0.000000e+000
    outer loop
      vertex -7.500000e-001 -5.468750e-002 -6.718750e-001
      vertex -7.271177e-001 -5.468750e-002 -7.271177e-001
      vertex -7.152789e-001 -5.468750e-002 -7.368336e-001
    endloop
  endfacet
  facet normal  0.000000e+000 -1.000000e+000  0.000000e+000
    outer loop
      vertex -7.500000e-001 -5.468750e-002 -6.718750e-001
      vertex -7.152789e-001 -5.468750e-002 -7.368336e-001
      vertex -7.017722e-001 -5.468750e-002 -7.440531e-001
    endloop
  endfacet
  facet normal  0.000000e+000 -9.999999e-001  0.000000e+000
    outer loop
      vertex -7.500000e-001 -5.468750e-002 -6.718750e-001
      vertex -7.017722e-001 -5.468750e-002 -7.440531e-001
      vertex -6.871164e-001 -5.468750e-002 -7.484989e-001
    endloop
  endfacet
  facet normal  0.000000e+000 -9.999999e-001  0.000000e+000
    outer loop
      vertex -7.500000e-001 -5.468750e-002 -6.718750e-001
      vertex -6.871164e-001 -5.468750e-002 -7.484989e-001
      vertex -6.718750e-001 -5.468750e-002 -7.500000e-001
    endloop
  endfacet
  facet normal  0.000000e+000 -1.000000e+000  0.000000e+000
    outer loop
      vertex -7.500000e-001 -5.468750e-002 -6.718750e-001
      vertex -6.718750e-001 -5.468750e-002 -7.500000e-001
      vertex  7.500000e-001 -5.468750e-002 -7.500000e-001
    endloop
  endfacet
  facet normal  0.000000e+000 -1.000000e+000  0.000000e+000
    outer loop
      vertex -7.500000e-001 -5.468750e-002 -6.718750e-001
      vertex  7.500000e-001 -5.468750e-002 -7.500000e-001
      vertex  7.500000e-001 -5.468750e-002  7.500000e-001
    endloop
  endfacet
  facet normal  -0.000000e+000 -1.000000e+000  0.000000e+000
    outer loop
      vertex -7.500000e-001 -5.468750e-002 -6.718750e-001
      vertex  7.500000e-001 -5.468750e-002  7.500000e-001
      vertex -7.500000e-001 -5.468750e-002  7.500000e-001
    endloop
  endfacet
  facet normal -1.110223e-016  1.000000e+000 -1.110223e-016
    outer loop
      vertex -7.500000e-001  8.673617e-018 -6.718750e-001
      vertex -7.500000e-001  1.665335e-016  7.500000e-001
      vertex  7.500000e-001  3.330669e-016  7.500000e-001
    endloop
  endfacet
  facet normal -1.110223e-016  1.000000e+000 -1.110223e-016
    outer loop
      vertex -7.500000e-001  8.673617e-018 -6.718750e-001
      vertex  7.500000e-001  3.330669e-016  7.500000e-001
      vertex  7.500000e-001  1.665335e-016 -7.500000e-001
    endloop
  endfacet
  facet normal -1.110223e-016  1.000000e+000 -1.110223e-016
    outer loop
      vertex -7.500000e-001  8.673617e-018 -6.718750e-001
      vertex  7.500000e-001  1.665335e-016 -7.500000e-001
      vertex -6.718750e-001  8.673617e-018 -7.500000e-001
    endloop
  endfacet
  facet normal -1.110221e-016  9.999999e-001 -1.110221e-016
    outer loop
      vertex -7.500000e-001  8.673617e-018 -6.718750e-001
      vertex -6.718750e-001  8.673617e-018 -7.500000e-001
      vertex -6.871164e-001  7.148140e-018 -7.484989e-001
    endloop
  endfacet
  facet normal -1.110226e-016  9.999999e-001 -1.110225e-016
    outer loop
      vertex -7.500000e-001  8.673617e-018 -6.718750e-001
      vertex -6.871164e-001  7.148140e-018 -7.484989e-001
      vertex -7.017722e-001  6.014608e-018 -7.440531e-001
    endloop
  endfacet
  facet normal -1.110221e-016  1.000000e+000 -1.110222e-016
    outer loop
      vertex -7.500000e-001  8.673617e-018 -6.718750e-001
      vertex -7.017722e-001  6.014608e-018 -7.440531e-001
      vertex -7.152789e-001  5.316582e-018 -7.368336e-001
    endloop
  endfacet
  facet normal -1.110224e-016  1.000000e+000 -1.110223e-016
    outer loop
      vertex -7.500000e-001  8.673617e-018 -6.718750e-001
      vertex -7.152789e-001  5.316582e-018 -7.368336e-001
      vertex -7.271177e-001  5.080887e-018 -7.271177e-001
    endloop
  endfacet
  facet normal -1.110221e-016  1.000000e+000 -1.110222e-016
    outer loop
      vertex -7.500000e-001  8.673617e-018 -6.718750e-001
      vertex -7.271177e-001  5.080887e-018 -7.271177e-001
      vertex -7.368336e-001  5.316582e-018 -7.152789e-001
    endloop
  endfacet
  facet normal -1.110229e-016  1.000000e+000 -1.110225e-016
    outer loop
      vertex -7.500000e-001  8.673617e-018 -6.718750e-001
      vertex -7.368336e-001  5.316582e-018 -7.152789e-001
      vertex -7.440531e-001  6.014608e-018 -7.017722e-001
    endloop
  endfacet
  facet normal -1.110203e-016  1.000000e+000 -1.110219e-016
    outer loop
      vertex -7.500000e-001  8.673617e-018 -6.718750e-001
      vertex -7.440531e-001  6.014608e-018 -7.017722e-001
      vertex -7.484989e-001  7.148140e-018 -6.871164e-001
    endloop
  endfacet
  facet normal -1.000000e+000  -0.000000e+000  0.000000e+000
    outer loop
      vertex -7.500000e-001 -5.468750e-002  7.500000e-001
      vertex -7.500000e-001  1.665335e-016  7.500000e-001
      vertex -7.500000e-001 -5.468750e-002 -6.718750e-001
    endloop
  endfacet
  facet normal -1.000000e+000  0.000000e+000  0.000000e+000
    outer loop
      vertex -7.500000e-001 -5.468750e-002 -6.718750e-001
      vertex -7.500000e-001  1.665335e-016  7.500000e-001
      vertex -7.500000e-001  8.673617e-018 -6.718750e-001
    endloop
  endfacet
  facet normal  0.000000e+000  0.000000e+000 -1.000000e+000
    outer loop
      vertex -6.718750e-001 -5.468750e-002 -7.500000e-001
      vertex -6.718750e-001  8.673617e-018 -7.500000e-001
      vertex  7.500000e-001 -5.468750e-002 -7.500000e-001
    endloop
  endfacet
  facet normal  0.000000e+000  0.000000e+000 -1.000000e+000
    outer loop
      vertex  7.500000e-001 -5.468750e-002 -7.500000e-001
      vertex -6.718750e-001  8.673617e-018 -7.500000e-001
      vertex  7.500000e-001  1.665335e-016 -7.500000e-001
    endloop
  endfacet
  facet normal -9.801660e-002  0.000000e+000 -9.951848e-001
    outer loop
      vertex -6.718750e-001  8.673617e-018 -7.500000e-001
      vertex -6.718750e-001 -5.468750e-002 -7.500000e-001
      vertex -6.871164e-001  7.148140e-018 -7.484989e-001
    endloop
  endfacet
  facet normal -9.801660e-002  -0.000000e+000 -9.951848e-001
    outer loop
      vertex -6.871164e-001  7.148140e-018 -7.484989e-001
      vertex -6.718750e-001 -5.468750e-002 -7.500000e-001
      vertex -6.871164e-001 -5.468750e-002 -7.484989e-001
    endloop
  endfacet
  facet normal -2.902865e-001  0.000000e+000 -9.569398e-001
    outer loop
      vertex -6.871164e-001  7.148140e-018 -7.484989e-001
      vertex -6.871164e-001 -5.468750e-002 -7.484989e-001
      vertex -7.017722e-001  6.014608e-018 -7.440531e-001
    endloop
  endfacet
  facet normal -2.902865e-001  -0.000000e+000 -9.569398e-001
    outer loop
      vertex -7.017722e-001  6.014608e-018 -7.440531e-001
      vertex -6.871164e-001 -5.468750e-002 -7.484989e-001
      vertex -7.017722e-001 -5.468750e-002 -7.440531e-001
    endloop
  endfacet
  facet normal -4.713954e-001  0.000000e+000 -8.819219e-001
    outer loop
      vertex -7.017722e-001  6.014608e-018 -7.440531e-001
      vertex -7.017722e-001 -5.468750e-002 -7.440531e-001
      vertex -7.152789e-001  5.316582e-018 -7.368336e-001
    endloop
  endfacet
  facet normal -4.713954e-001  -0.000000e+000 -8.819219e-001
    outer loop
      vertex -7.152789e-001  5.316582e-018 -7.368336e-001
      vertex -7.017722e-001 -5.468750e-002 -7.440531e-001
      vertex -7.152789e-001 -5.468750e-002 -7.368336e-001
    endloop
  endfacet
  facet normal -6.343936e-001  0.000000e+000 -7.730101e-001
    outer loop
      vertex -7.152789e-001  5.316582e-018 -7.368336e-001
      vertex -7.152789e-001 -5.468750e-002 -7.368336e-001
      vertex -7.271177e-001  5.080887e-018 -7.271177e-001
    endloop
  endfacet
  facet normal -6.343936e-001  -0.000000e+000 -7.730101e-001
    outer loop
      vertex -7.271177e-001  5.080887e-018 -7.271177e-001
      vertex -7.152789e-001 -5.468750e-002 -7.368336e-001
      vertex -7.271177e-001 -5.468750e-002 -7.271177e-001
    endloop
  endfacet
  facet normal -7.730101e-001  0.000000e+000 -6.343936e-001
    outer loop
      vertex -7.271177e-001  5.080887e-018 -7.271177e-001
      vertex -7.271177e-001 -5.468750e-002 -7.271177e-001
      vertex -7.368336e-001  5.316582e-018 -7.152789e-001
    endloop
  endfacet
  facet normal -7.730101e-001  -0.000000e+000 -6.343936e-001
    outer loop
      vertex -7.368336e-001  5.316582e-018 -7.152789e-001
      vertex -7.271177e-001 -5.468750e-002 -7.271177e-001
      vertex -7.368336e-001 -5.468750e-002 -7.152789e-001
    endloop
  endfacet
  facet normal -8.819219e-001  0.000000e+000 -4.713954e-001
    outer loop
      vertex -7.368336e-001  5.316582e-018 -7.152789e-001
      vertex -7.368336e-001 -5.468750e-002 -7.152789e-001
      vertex -7.440531e-001  6.014608e-018 -7.017722e-001
    endloop
  endfacet
  facet normal -8.819219e-001  -0.000000e+000 -4.713954e-001
    outer loop
      vertex -7.440531e-001  6.014608e-018 -7.017722e-001
      vertex -7.368336e-001 -5.468750e-002 -7.152789e-001
      vertex -7.440531e-001 -5.468750e-002 -7.017722e-001
    endloop
  endfacet
  facet normal -9.569398e-001  0.000000e+000 -2.902865e-001
    outer loop
      vertex -7.440531e-001  6.014608e-018 -7.017722e-001
      vertex -7.440531e-001 -5.468750e-002 -7.017722e-001
      vertex -7.484989e-001  7.148140e-018 -6.871164e-001
    endloop
  endfacet
  facet normal -9.569398e-001  -0.000000e+000 -2.902865e-001
    outer loop
      vertex -7.484989e-001  7.148140e-018 -6.871164e-001
      vertex -7.440531e-001 -5.468750e-002 -7.017722e-001
      vertex -7.484989e-001 -5.468750e-002 -6.871164e-001
    endloop
  endfacet
  facet normal -9.951848e-001  0.000000e+000 -9.801660e-002
    outer loop
      vertex -7.484989e-001  7.148140e-018 -6.871164e-001
      vertex -7.484989e-001 -5.468750e-002 -6.871164e-001
      vertex -7.500000e-001  8.673617e-018 -6.718750e-001
    endloop
  endfacet
  facet normal -9.951848e-001  -0.000000e+000 -9.801660e-002
    outer loop
      vertex -7.500000e-001  8.673617e-018 -6.718750e-001
      vertex -7.484989e-001 -5.468750e-002 -6.871164e-001
      vertex -7.500000e-001 -5.468750e-002 -6.718750e-001
    endloop
  endfacet
  facet normal  0.000000e+000  0.000000e+000  1.000000e+000
    outer loop
      vertex  7.500000e-001 -5.468750e-002  7.500000e-001
      vertex  7.500000e-001  3.330669e-016  7.500000e-001
      vertex -7.500000e-001 -5.468750e-002  7.500000e-001
    endloop
  endfacet
  facet normal  0.000000e+000  0.000000e+000  1.000000e+000
    outer loop
      vertex -7.500000e-001 -5.468750e-002  7.500000e-001
      vertex  7.500000e-001  3.330669e-016  7.500000e-001
      vertex -7.500000e-001  1.665335e-016  7.500000e-001
    endloop
  endfacet
  facet normal  1.000000e+000  0.000000e+000  0.000000e+000
    outer loop
      vertex  7.500000e-001 -5.468750e-002 -7.500000e-001
      vertex  7.500000e-001  1.665335e-016 -7.500000e-001
      vertex  7.500000e-001 -5.468750e-002  7.500000e-001
    endloop
  endfacet
  facet normal  1.000000e+000  -0.000000e+000  0.000000e+000
    outer loop
      vertex  7.500000e-001 -5.468750e-002  7.500000e-001
      vertex  7.500000e-001  1.665335e-016 -7.500000e-001
      vertex  7.500000e-001  3.330669e-016  7.500000e-001
    endloop
  endfacet
endsolid CATIA STL
