solid CATIA STL
  facet normal  0.000000e+000 -1.000000e+000  0.000000e+000
    outer loop
      vertex  3.750000e-001 -7.500000e-001  8.593750e-002
      vertex -3.750000e-001 -7.500000e-001  8.593750e-002
      vertex -3.750000e-001 -7.500000e-001  5.551115e-017
    endloop
  endfacet
  facet normal  0.000000e+000 -1.000000e+000  0.000000e+000
    outer loop
      vertex  3.750000e-001 -7.500000e-001  8.593750e-002
      vertex -3.750000e-001 -7.500000e-001  5.551115e-017
      vertex -3.677945e-001 -7.500000e-001 -7.315887e-002
    endloop
  endfacet
  facet normal  0.000000e+000 -1.000000e+000  0.000000e+000
    outer loop
      vertex  3.750000e-001 -7.500000e-001  8.593750e-002
      vertex -3.677945e-001 -7.500000e-001 -7.315887e-002
      vertex -3.464548e-001 -7.500000e-001 -1.435063e-001
    endloop
  endfacet
  facet normal  0.000000e+000 -1.000000e+000  0.000000e+000
    outer loop
      vertex  3.750000e-001 -7.500000e-001  8.593750e-002
      vertex -3.464548e-001 -7.500000e-001 -1.435063e-001
      vertex -3.118011e-001 -7.500000e-001 -2.083388e-001
    endloop
  endfacet
  facet normal  0.000000e+000 -1.000000e+000  0.000000e+000
    outer loop
      vertex  3.750000e-001 -7.500000e-001  8.593750e-002
      vertex -3.118011e-001 -7.500000e-001 -2.083388e-001
      vertex -2.651650e-001 -7.500000e-001 -2.651650e-001
    endloop
  endfacet
  facet normal  0.000000e+000 -1.000000e+000  0.000000e+000
    outer loop
      vertex  3.750000e-001 -7.500000e-001  8.593750e-002
      vertex -2.651650e-001 -7.500000e-001 -2.651650e-001
      vertex -2.083388e-001 -7.500000e-001 -3.118011e-001
    endloop
  endfacet
  facet normal  0.000000e+000 -1.000000e+000  0.000000e+000
    outer loop
      vertex  3.750000e-001 -7.500000e-001  8.593750e-002
      vertex -2.083388e-001 -7.500000e-001 -3.118011e-001
      vertex -1.435063e-001 -7.500000e-001 -3.464548e-001
    endloop
  endfacet
  facet normal  0.000000e+000 -1.000000e+000  0.000000e+000
    outer loop
      vertex  3.750000e-001 -7.500000e-001  8.593750e-002
      vertex -1.435063e-001 -7.500000e-001 -3.464548e-001
      vertex -7.315887e-002 -7.500000e-001 -3.677945e-001
    endloop
  endfacet
  facet normal  0.000000e+000 -1.000000e+000  0.000000e+000
    outer loop
      vertex  3.750000e-001 -7.500000e-001  8.593750e-002
      vertex -7.315887e-002 -7.500000e-001 -3.677945e-001
      vertex  2.220446e-016 -7.500000e-001 -3.750000e-001
    endloop
  endfacet
  facet normal  0.000000e+000 -1.000000e+000  0.000000e+000
    outer loop
      vertex  3.750000e-001 -7.500000e-001  8.593750e-002
      vertex  2.220446e-016 -7.500000e-001 -3.750000e-001
      vertex  3.750000e-001 -7.500000e-001 -3.750000e-001
    endloop
  endfacet
  facet normal -5.551115e-017  1.000000e+000 -1.759421e-016
    outer loop
      vertex  3.750000e-001  1.227317e-016  8.593750e-002
      vertex  3.750000e-001  4.163336e-017 -3.750000e-001
      vertex  1.665335e-016  2.081668e-017 -3.750000e-001
    endloop
  endfacet
  facet normal -6.649263e-017  1.000000e+000 -1.670080e-016
    outer loop
      vertex  3.750000e-001  1.227317e-016  8.593750e-002
      vertex  1.665335e-016  2.081668e-017 -3.750000e-001
      vertex -7.315887e-002  1.715554e-017 -3.677945e-001
    endloop
  endfacet
  facet normal -8.406756e-017  1.000000e+000 -1.496490e-016
    outer loop
      vertex  3.750000e-001  1.227317e-016  8.593750e-002
      vertex -7.315887e-002  1.715554e-017 -3.677945e-001
      vertex -1.435063e-001  1.443506e-017 -3.464548e-001
    endloop
  endfacet
  facet normal -9.732886e-017  9.999999e-001 -1.337466e-016
    outer loop
      vertex  3.750000e-001  1.227317e-016  8.593750e-002
      vertex -1.435063e-001  1.443506e-017 -3.464548e-001
      vertex -2.083388e-001  1.275980e-017 -3.118011e-001
    endloop
  endfacet
  facet normal -1.074887e-016  1.000000e+000 -1.188459e-016
    outer loop
      vertex  3.750000e-001  1.227317e-016  8.593750e-002
      vertex -2.083388e-001  1.275980e-017 -3.118011e-001
      vertex -2.651650e-001  1.219413e-017 -2.651650e-001
    endloop
  endfacet
  facet normal -1.153094e-016  1.000000e+000 -1.045863e-016
    outer loop
      vertex  3.750000e-001  1.227317e-016  8.593750e-002
      vertex -2.651650e-001  1.219413e-017 -2.651650e-001
      vertex -3.118011e-001  1.275980e-017 -2.083388e-001
    endloop
  endfacet
  facet normal -1.212753e-016  9.999999e-001 -9.066279e-017
    outer loop
      vertex  3.750000e-001  1.227317e-016  8.593750e-002
      vertex -3.118011e-001  1.275980e-017 -2.083388e-001
      vertex -3.464548e-001  1.443506e-017 -1.435063e-001
    endloop
  endfacet
  facet normal -1.256846e-016  1.000000e+000 -7.679805e-017
    outer loop
      vertex  3.750000e-001  1.227317e-016  8.593750e-002
      vertex -3.464548e-001  1.443506e-017 -1.435063e-001
      vertex -3.677945e-001  1.715554e-017 -7.315887e-002
    endloop
  endfacet
  facet normal -1.287001e-016  1.000000e+000 -6.271961e-017
    outer loop
      vertex  3.750000e-001  1.227317e-016  8.593750e-002
      vertex -3.677945e-001  1.715554e-017 -7.315887e-002
      vertex -3.750000e-001  2.081668e-017  0.000000e+000
    endloop
  endfacet
  facet normal -1.295260e-016  1.000000e+000 -5.551115e-017
    outer loop
      vertex  3.750000e-001  1.227317e-016  8.593750e-002
      vertex -3.750000e-001  2.081668e-017  0.000000e+000
      vertex -3.750000e-001  2.558717e-017  8.593750e-002
    endloop
  endfacet
  facet normal -1.000000e+000  0.000000e+000  0.000000e+000
    outer loop
      vertex -3.750000e-001  2.558717e-017  8.593750e-002
      vertex -3.750000e-001  2.081668e-017  0.000000e+000
      vertex -3.750000e-001 -7.500000e-001  8.593750e-002
    endloop
  endfacet
  facet normal -1.000000e+000  0.000000e+000  0.000000e+000
    outer loop
      vertex -3.750000e-001 -7.500000e-001  8.593750e-002
      vertex -3.750000e-001  2.081668e-017  0.000000e+000
      vertex -3.750000e-001 -7.500000e-001  5.551115e-017
    endloop
  endfacet
  facet normal  0.000000e+000  0.000000e+000 -1.000000e+000
    outer loop
      vertex  1.665335e-016  2.081668e-017 -3.750000e-001
      vertex  3.750000e-001  4.163336e-017 -3.750000e-001
      vertex  2.220446e-016 -7.500000e-001 -3.750000e-001
    endloop
  endfacet
  facet normal  0.000000e+000  0.000000e+000 -1.000000e+000
    outer loop
      vertex  2.220446e-016 -7.500000e-001 -3.750000e-001
      vertex  3.750000e-001  4.163336e-017 -3.750000e-001
      vertex  3.750000e-001 -7.500000e-001 -3.750000e-001
    endloop
  endfacet
  facet normal -9.801710e-002 -7.254722e-018 -9.951847e-001
    outer loop
      vertex  1.665335e-016  2.081668e-017 -3.750000e-001
      vertex  2.220446e-016 -7.500000e-001 -3.750000e-001
      vertex -7.315887e-002  1.715554e-017 -3.677945e-001
    endloop
  endfacet
  facet normal -9.801710e-002  -0.000000e+000 -9.951848e-001
    outer loop
      vertex -7.315887e-002  1.715554e-017 -3.677945e-001
      vertex  2.220446e-016 -7.500000e-001 -3.750000e-001
      vertex -7.315887e-002 -7.500000e-001 -3.677945e-001
    endloop
  endfacet
  facet normal -2.902847e-001  0.000000e+000 -9.569404e-001
    outer loop
      vertex -7.315887e-002  1.715554e-017 -3.677945e-001
      vertex -7.315887e-002 -7.500000e-001 -3.677945e-001
      vertex -1.435063e-001  1.443506e-017 -3.464548e-001
    endloop
  endfacet
  facet normal -2.902847e-001  -0.000000e+000 -9.569404e-001
    outer loop
      vertex -1.435063e-001  1.443506e-017 -3.464548e-001
      vertex -7.315887e-002 -7.500000e-001 -3.677945e-001
      vertex -1.435063e-001 -7.500000e-001 -3.464548e-001
    endloop
  endfacet
  facet normal -4.713968e-001  0.000000e+000 -8.819213e-001
    outer loop
      vertex -1.435063e-001  1.443506e-017 -3.464548e-001
      vertex -1.435063e-001 -7.500000e-001 -3.464548e-001
      vertex -2.083388e-001  1.275980e-017 -3.118011e-001
    endloop
  endfacet
  facet normal -4.713968e-001  -0.000000e+000 -8.819213e-001
    outer loop
      vertex -2.083388e-001  1.275980e-017 -3.118011e-001
      vertex -1.435063e-001 -7.500000e-001 -3.464548e-001
      vertex -2.083388e-001 -7.500000e-001 -3.118011e-001
    endloop
  endfacet
  facet normal -6.343935e-001  0.000000e+000 -7.730103e-001
    outer loop
      vertex -2.083388e-001  1.275980e-017 -3.118011e-001
      vertex -2.083388e-001 -7.500000e-001 -3.118011e-001
      vertex -2.651650e-001  1.219413e-017 -2.651650e-001
    endloop
  endfacet
  facet normal -6.343935e-001  -0.000000e+000 -7.730103e-001
    outer loop
      vertex -2.651650e-001  1.219413e-017 -2.651650e-001
      vertex -2.083388e-001 -7.500000e-001 -3.118011e-001
      vertex -2.651650e-001 -7.500000e-001 -2.651650e-001
    endloop
  endfacet
  facet normal -7.730103e-001  0.000000e+000 -6.343935e-001
    outer loop
      vertex -2.651650e-001  1.219413e-017 -2.651650e-001
      vertex -2.651650e-001 -7.500000e-001 -2.651650e-001
      vertex -3.118011e-001  1.275980e-017 -2.083388e-001
    endloop
  endfacet
  facet normal -7.730103e-001  -0.000000e+000 -6.343935e-001
    outer loop
      vertex -3.118011e-001  1.275980e-017 -2.083388e-001
      vertex -2.651650e-001 -7.500000e-001 -2.651650e-001
      vertex -3.118011e-001 -7.500000e-001 -2.083388e-001
    endloop
  endfacet
  facet normal -8.819213e-001  0.000000e+000 -4.713968e-001
    outer loop
      vertex -3.118011e-001  1.275980e-017 -2.083388e-001
      vertex -3.118011e-001 -7.500000e-001 -2.083388e-001
      vertex -3.464548e-001  1.443506e-017 -1.435063e-001
    endloop
  endfacet
  facet normal -8.819213e-001  -0.000000e+000 -4.713968e-001
    outer loop
      vertex -3.464548e-001  1.443506e-017 -1.435063e-001
      vertex -3.118011e-001 -7.500000e-001 -2.083388e-001
      vertex -3.464548e-001 -7.500000e-001 -1.435063e-001
    endloop
  endfacet
  facet normal -9.569404e-001  0.000000e+000 -2.902847e-001
    outer loop
      vertex -3.464548e-001  1.443506e-017 -1.435063e-001
      vertex -3.464548e-001 -7.500000e-001 -1.435063e-001
      vertex -3.677945e-001  1.715554e-017 -7.315887e-002
    endloop
  endfacet
  facet normal -9.569404e-001  -0.000000e+000 -2.902847e-001
    outer loop
      vertex -3.677945e-001  1.715554e-017 -7.315887e-002
      vertex -3.464548e-001 -7.500000e-001 -1.435063e-001
      vertex -3.677945e-001 -7.500000e-001 -7.315887e-002
    endloop
  endfacet
  facet normal -9.951848e-001  0.000000e+000 -9.801710e-002
    outer loop
      vertex -3.677945e-001  1.715554e-017 -7.315887e-002
      vertex -3.677945e-001 -7.500000e-001 -7.315887e-002
      vertex -3.750000e-001  2.081668e-017  0.000000e+000
    endloop
  endfacet
  facet normal -9.951848e-001 -7.254722e-018 -9.801710e-002
    outer loop
      vertex -3.750000e-001  2.081668e-017  0.000000e+000
      vertex -3.677945e-001 -7.500000e-001 -7.315887e-002
      vertex -3.750000e-001 -7.500000e-001  5.551115e-017
    endloop
  endfacet
  facet normal  -0.000000e+000  0.000000e+000  1.000000e+000
    outer loop
      vertex  2.187500e-001 -1.562500e-001  3.750000e-001
      vertex -2.187500e-001 -1.562500e-001  3.750000e-001
      vertex  2.187500e-001 -5.937500e-001  3.750000e-001
    endloop
  endfacet
  facet normal  0.000000e+000  0.000000e+000  1.000000e+000
    outer loop
      vertex  2.187500e-001 -5.937500e-001  3.750000e-001
      vertex -2.187500e-001 -1.562500e-001  3.750000e-001
      vertex -2.187500e-001 -5.937500e-001  3.750000e-001
    endloop
  endfacet
  facet normal  1.000000e+000  0.000000e+000  0.000000e+000
    outer loop
      vertex  3.750000e-001  4.163336e-017 -3.750000e-001
      vertex  3.750000e-001  1.227317e-016  8.593750e-002
      vertex  3.750000e-001 -7.500000e-001 -3.750000e-001
    endloop
  endfacet
  facet normal  1.000000e+000  0.000000e+000  0.000000e+000
    outer loop
      vertex  3.750000e-001 -7.500000e-001 -3.750000e-001
      vertex  3.750000e-001  1.227317e-016  8.593750e-002
      vertex  3.750000e-001 -7.500000e-001  8.593750e-002
    endloop
  endfacet
  facet normal  8.797066e-001  0.000000e+000  4.755170e-001
    outer loop
      vertex  3.750000e-001 -7.500000e-001  8.593750e-002
      vertex  3.750000e-001  1.227317e-016  8.593750e-002
      vertex  2.187500e-001 -5.937500e-001  3.750000e-001
    endloop
  endfacet
  facet normal  8.797065e-001  -0.000000e+000  4.755170e-001
    outer loop
      vertex  2.187500e-001 -5.937500e-001  3.750000e-001
      vertex  3.750000e-001  1.227317e-016  8.593750e-002
      vertex  2.187500e-001 -1.562500e-001  3.750000e-001
    endloop
  endfacet
  facet normal  0.000000e+000  8.797066e-001  4.755170e-001
    outer loop
      vertex -3.750000e-001  2.558717e-017  8.593750e-002
      vertex -2.187500e-001 -1.562500e-001  3.750000e-001
      vertex  3.750000e-001  1.227317e-016  8.593750e-002
    endloop
  endfacet
  facet normal  0.000000e+000  8.797065e-001  4.755170e-001
    outer loop
      vertex  3.750000e-001  1.227317e-016  8.593750e-002
      vertex -2.187500e-001 -1.562500e-001  3.750000e-001
      vertex  2.187500e-001 -1.562500e-001  3.750000e-001
    endloop
  endfacet
  facet normal -8.797066e-001  0.000000e+000  4.755170e-001
    outer loop
      vertex -3.750000e-001  2.558717e-017  8.593750e-002
      vertex -3.750000e-001 -7.500000e-001  8.593750e-002
      vertex -2.187500e-001 -1.562500e-001  3.750000e-001
    endloop
  endfacet
  facet normal -8.797065e-001  0.000000e+000  4.755170e-001
    outer loop
      vertex -2.187500e-001 -1.562500e-001  3.750000e-001
      vertex -3.750000e-001 -7.500000e-001  8.593750e-002
      vertex -2.187500e-001 -5.937500e-001  3.750000e-001
    endloop
  endfacet
  facet normal  0.000000e+000 -8.797066e-001  4.755170e-001
    outer loop
      vertex -3.750000e-001 -7.500000e-001  8.593750e-002
      vertex  3.750000e-001 -7.500000e-001  8.593750e-002
      vertex -2.187500e-001 -5.937500e-001  3.750000e-001
    endloop
  endfacet
  facet normal  0.000000e+000 -8.797065e-001  4.755170e-001
    outer loop
      vertex -2.187500e-001 -5.937500e-001  3.750000e-001
      vertex  3.750000e-001 -7.500000e-001  8.593750e-002
      vertex  2.187500e-001 -5.937500e-001  3.750000e-001
    endloop
  endfacet
endsolid CATIA STL
