solid CATIA STL
  facet normal  -0.000000e+000  -0.000000e+000  1.000000e+000
    outer loop
      vertex  0.000000e+000  2.890625e-001  1.484375e-001
      vertex  5.554255e-003  2.326692e-001  1.484375e-001
      vertex  2.200357e-002  1.784431e-001  1.484375e-001
    endloop
  endfacet
  facet normal  -0.000000e+000  -0.000000e+000  1.000000e+000
    outer loop
      vertex  0.000000e+000  2.890625e-001  1.484375e-001
      vertex  2.200357e-002  1.784431e-001  1.484375e-001
      vertex  4.871581e-002  1.284680e-001  1.484375e-001
    endloop
  endfacet
  facet normal  -0.000000e+000  -0.000000e+000  1.000000e+000
    outer loop
      vertex  0.000000e+000  2.890625e-001  1.484375e-001
      vertex  4.871581e-002  1.284680e-001  1.484375e-001
      vertex  8.466445e-002  8.466445e-002  1.484375e-001
    endloop
  endfacet
  facet normal  -0.000000e+000  -0.000000e+000  1.000000e+000
    outer loop
      vertex  0.000000e+000  2.890625e-001  1.484375e-001
      vertex  8.466445e-002  8.466445e-002  1.484375e-001
      vertex  1.284680e-001  4.871581e-002  1.484375e-001
    endloop
  endfacet
  facet normal  -0.000000e+000  -0.000000e+000  1.000000e+000
    outer loop
      vertex  0.000000e+000  2.890625e-001  1.484375e-001
      vertex  1.284680e-001  4.871581e-002  1.484375e-001
      vertex  1.784431e-001  2.200357e-002  1.484375e-001
    endloop
  endfacet
  facet normal  -0.000000e+000  -0.000000e+000  9.999999e-001
    outer loop
      vertex  0.000000e+000  2.890625e-001  1.484375e-001
      vertex  1.784431e-001  2.200357e-002  1.484375e-001
      vertex  2.326692e-001  5.554255e-003  1.484375e-001
    endloop
  endfacet
  facet normal  -0.000000e+000  -0.000000e+000  1.000000e+000
    outer loop
      vertex  0.000000e+000  2.890625e-001  1.484375e-001
      vertex  2.326692e-001  5.554255e-003  1.484375e-001
      vertex  2.890625e-001  0.000000e+000  1.484375e-001
    endloop
  endfacet
  facet normal  0.000000e+000  -0.000000e+000  1.000000e+000
    outer loop
      vertex  0.000000e+000  2.890625e-001  1.484375e-001
      vertex  2.890625e-001  0.000000e+000  1.484375e-001
      vertex  7.500000e-001  0.000000e+000  1.484375e-001
    endloop
  endfacet
  facet normal  0.000000e+000  -0.000000e+000  1.000000e+000
    outer loop
      vertex  0.000000e+000  2.890625e-001  1.484375e-001
      vertex  7.500000e-001  0.000000e+000  1.484375e-001
      vertex  7.500000e-001  6.157895e-001  1.484375e-001
    endloop
  endfacet
  facet normal  0.000000e+000  0.000000e+000  1.000000e+000
    outer loop
      vertex  0.000000e+000  2.890625e-001  1.484375e-001
      vertex  7.500000e-001  6.157895e-001  1.484375e-001
      vertex  0.000000e+000  6.157895e-001  1.484375e-001
    endloop
  endfacet
  facet normal  0.000000e+000  0.000000e+000 -1.000000e+000
    outer loop
      vertex  0.000000e+000  2.890625e-001  0.000000e+000
      vertex  0.000000e+000  6.157895e-001  0.000000e+000
      vertex  7.500000e-001  6.157895e-001  0.000000e+000
    endloop
  endfacet
  facet normal  0.000000e+000  -0.000000e+000 -1.000000e+000
    outer loop
      vertex  0.000000e+000  2.890625e-001  0.000000e+000
      vertex  7.500000e-001  6.157895e-001  0.000000e+000
      vertex  7.500000e-001  0.000000e+000  0.000000e+000
    endloop
  endfacet
  facet normal  0.000000e+000  0.000000e+000 -1.000000e+000
    outer loop
      vertex  0.000000e+000  2.890625e-001  0.000000e+000
      vertex  7.500000e-001  0.000000e+000  0.000000e+000
      vertex  2.890625e-001  0.000000e+000  0.000000e+000
    endloop
  endfacet
  facet normal  0.000000e+000  0.000000e+000 -1.000000e+000
    outer loop
      vertex  0.000000e+000  2.890625e-001  0.000000e+000
      vertex  2.890625e-001  0.000000e+000  0.000000e+000
      vertex  2.326692e-001  5.554255e-003  0.000000e+000
    endloop
  endfacet
  facet normal  0.000000e+000  0.000000e+000 -9.999999e-001
    outer loop
      vertex  0.000000e+000  2.890625e-001  0.000000e+000
      vertex  2.326692e-001  5.554255e-003  0.000000e+000
      vertex  1.784431e-001  2.200357e-002  0.000000e+000
    endloop
  endfacet
  facet normal  0.000000e+000  0.000000e+000 -1.000000e+000
    outer loop
      vertex  0.000000e+000  2.890625e-001  0.000000e+000
      vertex  1.784431e-001  2.200357e-002  0.000000e+000
      vertex  1.284680e-001  4.871581e-002  0.000000e+000
    endloop
  endfacet
  facet normal  0.000000e+000  0.000000e+000 -1.000000e+000
    outer loop
      vertex  0.000000e+000  2.890625e-001  0.000000e+000
      vertex  1.284680e-001  4.871581e-002  0.000000e+000
      vertex  8.466445e-002  8.466445e-002  0.000000e+000
    endloop
  endfacet
  facet normal  0.000000e+000  0.000000e+000 -1.000000e+000
    outer loop
      vertex  0.000000e+000  2.890625e-001  0.000000e+000
      vertex  8.466445e-002  8.466445e-002  0.000000e+000
      vertex  4.871581e-002  1.284680e-001  0.000000e+000
    endloop
  endfacet
  facet normal  0.000000e+000  0.000000e+000 -1.000000e+000
    outer loop
      vertex  0.000000e+000  2.890625e-001  0.000000e+000
      vertex  4.871581e-002  1.284680e-001  0.000000e+000
      vertex  2.200357e-002  1.784431e-001  0.000000e+000
    endloop
  endfacet
  facet normal  0.000000e+000  0.000000e+000 -1.000000e+000
    outer loop
      vertex  0.000000e+000  2.890625e-001  0.000000e+000
      vertex  2.200357e-002  1.784431e-001  0.000000e+000
      vertex  5.554255e-003  2.326692e-001  0.000000e+000
    endloop
  endfacet
  facet normal -1.000000e+000  0.000000e+000  0.000000e+000
    outer loop
      vertex  0.000000e+000  6.157895e-001  1.484375e-001
      vertex  0.000000e+000  6.157895e-001  0.000000e+000
      vertex  0.000000e+000  2.890625e-001  1.484375e-001
    endloop
  endfacet
  facet normal -1.000000e+000  0.000000e+000  0.000000e+000
    outer loop
      vertex  0.000000e+000  2.890625e-001  1.484375e-001
      vertex  0.000000e+000  6.157895e-001  0.000000e+000
      vertex  0.000000e+000  2.890625e-001  0.000000e+000
    endloop
  endfacet
  facet normal  0.000000e+000 -1.000000e+000  0.000000e+000
    outer loop
      vertex  2.890625e-001  0.000000e+000  1.484375e-001
      vertex  2.890625e-001  0.000000e+000  0.000000e+000
      vertex  7.500000e-001  0.000000e+000  1.484375e-001
    endloop
  endfacet
  facet normal  0.000000e+000 -1.000000e+000  -0.000000e+000
    outer loop
      vertex  7.500000e-001  0.000000e+000  1.484375e-001
      vertex  2.890625e-001  0.000000e+000  0.000000e+000
      vertex  7.500000e-001  0.000000e+000  0.000000e+000
    endloop
  endfacet
  facet normal -9.801714e-002 -9.951847e-001  -0.000000e+000
    outer loop
      vertex  2.890625e-001  0.000000e+000  0.000000e+000
      vertex  2.890625e-001  0.000000e+000  1.484375e-001
      vertex  2.326692e-001  5.554255e-003  0.000000e+000
    endloop
  endfacet
  facet normal -9.801714e-002 -9.951847e-001  0.000000e+000
    outer loop
      vertex  2.326692e-001  5.554255e-003  0.000000e+000
      vertex  2.890625e-001  0.000000e+000  1.484375e-001
      vertex  2.326692e-001  5.554255e-003  1.484375e-001
    endloop
  endfacet
  facet normal -2.902847e-001 -9.569403e-001  -0.000000e+000
    outer loop
      vertex  2.326692e-001  5.554255e-003  0.000000e+000
      vertex  2.326692e-001  5.554255e-003  1.484375e-001
      vertex  1.784431e-001  2.200357e-002  0.000000e+000
    endloop
  endfacet
  facet normal -2.902847e-001 -9.569403e-001  0.000000e+000
    outer loop
      vertex  1.784431e-001  2.200357e-002  0.000000e+000
      vertex  2.326692e-001  5.554255e-003  1.484375e-001
      vertex  1.784431e-001  2.200357e-002  1.484375e-001
    endloop
  endfacet
  facet normal -4.713967e-001 -8.819214e-001  -0.000000e+000
    outer loop
      vertex  1.784431e-001  2.200357e-002  0.000000e+000
      vertex  1.784431e-001  2.200357e-002  1.484375e-001
      vertex  1.284680e-001  4.871581e-002  0.000000e+000
    endloop
  endfacet
  facet normal -4.713967e-001 -8.819214e-001  0.000000e+000
    outer loop
      vertex  1.284680e-001  4.871581e-002  0.000000e+000
      vertex  1.784431e-001  2.200357e-002  1.484375e-001
      vertex  1.284680e-001  4.871581e-002  1.484375e-001
    endloop
  endfacet
  facet normal -6.343933e-001 -7.730104e-001  -0.000000e+000
    outer loop
      vertex  1.284680e-001  4.871581e-002  0.000000e+000
      vertex  1.284680e-001  4.871581e-002  1.484375e-001
      vertex  8.466445e-002  8.466445e-002  0.000000e+000
    endloop
  endfacet
  facet normal -6.343933e-001 -7.730104e-001  0.000000e+000
    outer loop
      vertex  8.466445e-002  8.466445e-002  0.000000e+000
      vertex  1.284680e-001  4.871581e-002  1.484375e-001
      vertex  8.466445e-002  8.466445e-002  1.484375e-001
    endloop
  endfacet
  facet normal -7.730104e-001 -6.343933e-001  -0.000000e+000
    outer loop
      vertex  8.466445e-002  8.466445e-002  0.000000e+000
      vertex  8.466445e-002  8.466445e-002  1.484375e-001
      vertex  4.871581e-002  1.284680e-001  0.000000e+000
    endloop
  endfacet
  facet normal -7.730104e-001 -6.343933e-001  0.000000e+000
    outer loop
      vertex  4.871581e-002  1.284680e-001  0.000000e+000
      vertex  8.466445e-002  8.466445e-002  1.484375e-001
      vertex  4.871581e-002  1.284680e-001  1.484375e-001
    endloop
  endfacet
  facet normal -8.819214e-001 -4.713967e-001  -0.000000e+000
    outer loop
      vertex  4.871581e-002  1.284680e-001  0.000000e+000
      vertex  4.871581e-002  1.284680e-001  1.484375e-001
      vertex  2.200357e-002  1.784431e-001  0.000000e+000
    endloop
  endfacet
  facet normal -8.819214e-001 -4.713967e-001  0.000000e+000
    outer loop
      vertex  2.200357e-002  1.784431e-001  0.000000e+000
      vertex  4.871581e-002  1.284680e-001  1.484375e-001
      vertex  2.200357e-002  1.784431e-001  1.484375e-001
    endloop
  endfacet
  facet normal -9.569403e-001 -2.902847e-001  -0.000000e+000
    outer loop
      vertex  2.200357e-002  1.784431e-001  0.000000e+000
      vertex  2.200357e-002  1.784431e-001  1.484375e-001
      vertex  5.554255e-003  2.326692e-001  0.000000e+000
    endloop
  endfacet
  facet normal -9.569403e-001 -2.902847e-001  0.000000e+000
    outer loop
      vertex  5.554255e-003  2.326692e-001  0.000000e+000
      vertex  2.200357e-002  1.784431e-001  1.484375e-001
      vertex  5.554255e-003  2.326692e-001  1.484375e-001
    endloop
  endfacet
  facet normal -9.951847e-001 -9.801714e-002  -0.000000e+000
    outer loop
      vertex  5.554255e-003  2.326692e-001  0.000000e+000
      vertex  5.554255e-003  2.326692e-001  1.484375e-001
      vertex  0.000000e+000  2.890625e-001  0.000000e+000
    endloop
  endfacet
  facet normal -9.951847e-001 -9.801714e-002  0.000000e+000
    outer loop
      vertex  0.000000e+000  2.890625e-001  0.000000e+000
      vertex  5.554255e-003  2.326692e-001  1.484375e-001
      vertex  0.000000e+000  2.890625e-001  1.484375e-001
    endloop
  endfacet
  facet normal  0.000000e+000  1.000000e+000  -0.000000e+000
    outer loop
      vertex  7.500000e-001  6.157895e-001  1.484375e-001
      vertex  7.500000e-001  6.157895e-001  0.000000e+000
      vertex  0.000000e+000  6.157895e-001  1.484375e-001
    endloop
  endfacet
  facet normal  0.000000e+000  1.000000e+000  0.000000e+000
    outer loop
      vertex  0.000000e+000  6.157895e-001  1.484375e-001
      vertex  7.500000e-001  6.157895e-001  0.000000e+000
      vertex  0.000000e+000  6.157895e-001  0.000000e+000
    endloop
  endfacet
  facet normal  1.000000e+000  0.000000e+000  0.000000e+000
    outer loop
      vertex  7.500000e-001  0.000000e+000  1.484375e-001
      vertex  7.500000e-001  0.000000e+000  0.000000e+000
      vertex  7.500000e-001  6.157895e-001  1.484375e-001
    endloop
  endfacet
  facet normal  1.000000e+000  0.000000e+000  0.000000e+000
    outer loop
      vertex  7.500000e-001  6.157895e-001  1.484375e-001
      vertex  7.500000e-001  0.000000e+000  0.000000e+000
      vertex  7.500000e-001  6.157895e-001  0.000000e+000
    endloop
  endfacet
endsolid CATIA STL
