solid CATIA STL
  facet normal  0.000000e+000  0.000000e+000 -1.000000e+000
    outer loop
      vertex  7.812500e-003 -3.947368e-003  0.000000e+000
      vertex  7.812500e-003  0.000000e+000  0.000000e+000
      vertex  4.144737e-002 -3.947368e-003  0.000000e+000
    endloop
  endfacet
  facet normal  0.000000e+000  0.000000e+000 -1.000000e+000
    outer loop
      vertex  4.144737e-002 -3.947368e-003  0.000000e+000
      vertex  7.812500e-003  0.000000e+000  0.000000e+000
      vertex  4.144737e-002  0.000000e+000  0.000000e+000
    endloop
  endfacet
  facet normal -1.000000e+000  0.000000e+000  0.000000e+000
    outer loop
      vertex  0.000000e+000  0.000000e+000  7.812500e-003
      vertex  0.000000e+000 -6.250000e-002  7.812500e-003
      vertex  0.000000e+000  0.000000e+000  7.500000e-001
    endloop
  endfacet
  facet normal -1.000000e+000  -0.000000e+000  0.000000e+000
    outer loop
      vertex  0.000000e+000  0.000000e+000  7.500000e-001
      vertex  0.000000e+000 -6.250000e-002  7.812500e-003
      vertex  0.000000e+000 -6.250000e-002  7.500000e-001
    endloop
  endfacet
  facet normal  0.000000e+000  1.000000e+000  0.000000e+000
    outer loop
      vertex  0.000000e+000  0.000000e+000  7.812500e-003
      vertex  1.316644e-003  0.000000e+000  3.472107e-003
      vertex  1.501150e-004  0.000000e+000  6.288357e-003
    endloop
  endfacet
  facet normal  -0.000000e+000  1.000000e+000  -0.000000e+000
    outer loop
      vertex  1.316644e-003  0.000000e+000  3.472107e-003
      vertex  5.946911e-004  0.000000e+000  4.822786e-003
      vertex  1.501150e-004  0.000000e+000  6.288357e-003
    endloop
  endfacet
  facet normal  0.000000e+000  1.000000e+000  0.000000e+000
    outer loop
      vertex  3.472107e-003  0.000000e+000  1.316644e-003
      vertex  4.144737e-002  0.000000e+000  0.000000e+000
      vertex  7.812500e-003  0.000000e+000  0.000000e+000
    endloop
  endfacet
  facet normal  0.000000e+000  1.000000e+000  0.000000e+000
    outer loop
      vertex  3.472107e-003  0.000000e+000  1.316644e-003
      vertex  7.812500e-003  0.000000e+000  0.000000e+000
      vertex  6.288357e-003  0.000000e+000  1.501150e-004
    endloop
  endfacet
  facet normal  0.000000e+000  1.000000e+000  0.000000e+000
    outer loop
      vertex  3.472107e-003  0.000000e+000  1.316644e-003
      vertex  6.288357e-003  0.000000e+000  1.501150e-004
      vertex  4.822786e-003  0.000000e+000  5.946911e-004
    endloop
  endfacet
  facet normal  0.000000e+000  1.000000e+000  -0.000000e+000
    outer loop
      vertex  4.144737e-002  0.000000e+000  7.500000e-001
      vertex  4.144737e-002  0.000000e+000  0.000000e+000
      vertex  3.472107e-003  0.000000e+000  1.316644e-003
    endloop
  endfacet
  facet normal  0.000000e+000  9.999999e-001  -0.000000e+000
    outer loop
      vertex  4.144737e-002  0.000000e+000  7.500000e-001
      vertex  3.472107e-003  0.000000e+000  1.316644e-003
      vertex  2.288228e-003  0.000000e+000  2.288228e-003
    endloop
  endfacet
  facet normal  0.000000e+000  1.000000e+000  -0.000000e+000
    outer loop
      vertex  4.144737e-002  0.000000e+000  7.500000e-001
      vertex  2.288228e-003  0.000000e+000  2.288228e-003
      vertex  1.316644e-003  0.000000e+000  3.472107e-003
    endloop
  endfacet
  facet normal  0.000000e+000  1.000000e+000  -0.000000e+000
    outer loop
      vertex  4.144737e-002  0.000000e+000  7.500000e-001
      vertex  1.316644e-003  0.000000e+000  3.472107e-003
      vertex  0.000000e+000  0.000000e+000  7.812500e-003
    endloop
  endfacet
  facet normal  0.000000e+000  1.000000e+000  0.000000e+000
    outer loop
      vertex  4.144737e-002  0.000000e+000  7.500000e-001
      vertex  0.000000e+000  0.000000e+000  7.812500e-003
      vertex  0.000000e+000  0.000000e+000  7.500000e-001
    endloop
  endfacet
  facet normal  0.000000e+000 -1.000000e+000  0.000000e+000
    outer loop
      vertex  4.144737e-002 -3.947368e-003  7.500000e-001
      vertex  3.947368e-003 -3.947368e-003  7.500000e-001
      vertex  3.947368e-003 -3.947368e-003  0.000000e+000
    endloop
  endfacet
  facet normal  0.000000e+000 -1.000000e+000  0.000000e+000
    outer loop
      vertex  4.144737e-002 -3.947368e-003  7.500000e-001
      vertex  3.947368e-003 -3.947368e-003  0.000000e+000
      vertex  5.330239e-003 -3.947368e-003  4.048325e-004
    endloop
  endfacet
  facet normal  0.000000e+000 -1.000000e+000  0.000000e+000
    outer loop
      vertex  4.144737e-002 -3.947368e-003  7.500000e-001
      vertex  5.330239e-003 -3.947368e-003  4.048325e-004
      vertex  6.554972e-003 -3.947368e-003  1.018723e-004
    endloop
  endfacet
  facet normal  0.000000e+000 -1.000000e+000  0.000000e+000
    outer loop
      vertex  4.144737e-002 -3.947368e-003  7.500000e-001
      vertex  6.554972e-003 -3.947368e-003  1.018723e-004
      vertex  7.812500e-003 -3.947368e-003  0.000000e+000
    endloop
  endfacet
  facet normal  0.000000e+000 -1.000000e+000  0.000000e+000
    outer loop
      vertex  4.144737e-002 -3.947368e-003  7.500000e-001
      vertex  7.812500e-003 -3.947368e-003  0.000000e+000
      vertex  4.144737e-002 -3.947368e-003  0.000000e+000
    endloop
  endfacet
  facet normal  1.000000e+000  -0.000000e+000  0.000000e+000
    outer loop
      vertex  3.947368e-003 -3.947368e-003  7.500000e-001
      vertex  3.947368e-003 -6.250000e-002  7.500000e-001
      vertex  3.947368e-003 -3.947368e-003  0.000000e+000
    endloop
  endfacet
  facet normal  9.998986e-001 -1.419643e-002 -1.108318e-003
    outer loop
      vertex  3.947368e-003 -3.947368e-003  0.000000e+000
      vertex  3.947368e-003 -6.250000e-002  7.500000e-001
      vertex  3.117783e-003 -6.250000e-002  1.567919e-003
    endloop
  endfacet
  facet normal  8.839021e-001  0.000000e+000  4.676720e-001
    outer loop
      vertex  3.947368e-003 -3.947368e-003  0.000000e+000
      vertex  3.117783e-003 -6.250000e-002  1.567919e-003
      vertex  3.947368e-003 -6.250000e-002  0.000000e+000
    endloop
  endfacet
  facet normal  0.000000e+000 -1.000000e+000  0.000000e+000
    outer loop
      vertex  0.000000e+000 -6.250000e-002  7.812500e-003
      vertex  1.336384e-004 -6.250000e-002  6.373667e-003
      vertex  1.175470e-003 -6.250000e-002  3.691214e-003
    endloop
  endfacet
  facet normal  0.000000e+000 -1.000000e+000  0.000000e+000
    outer loop
      vertex  1.175470e-003 -6.250000e-002  3.691214e-003
      vertex  1.336384e-004 -6.250000e-002  6.373667e-003
      vertex  5.299817e-004 -6.250000e-002  4.984058e-003
    endloop
  endfacet
  facet normal  0.000000e+000 -1.000000e+000  0.000000e+000
    outer loop
      vertex  3.117783e-003 -6.250000e-002  1.567919e-003
      vertex  1.175470e-003 -6.250000e-002  3.691214e-003
      vertex  2.048021e-003 -6.250000e-002  2.539366e-003
    endloop
  endfacet
  facet normal  0.000000e+000 -1.000000e+000  0.000000e+000
    outer loop
      vertex  3.947368e-003 -6.250000e-002  7.500000e-001
      vertex  0.000000e+000 -6.250000e-002  7.500000e-001
      vertex  0.000000e+000 -6.250000e-002  7.812500e-003
    endloop
  endfacet
  facet normal  0.000000e+000 -1.000000e+000  0.000000e+000
    outer loop
      vertex  3.947368e-003 -6.250000e-002  7.500000e-001
      vertex  0.000000e+000 -6.250000e-002  7.812500e-003
      vertex  1.175470e-003 -6.250000e-002  3.691214e-003
    endloop
  endfacet
  facet normal  0.000000e+000 -1.000000e+000  0.000000e+000
    outer loop
      vertex  3.947368e-003 -6.250000e-002  7.500000e-001
      vertex  1.175470e-003 -6.250000e-002  3.691214e-003
      vertex  3.117783e-003 -6.250000e-002  1.567919e-003
    endloop
  endfacet
  facet normal -8.839021e-001  0.000000e+000 -4.676720e-001
    outer loop
      vertex  3.947368e-003 -3.947368e-003  0.000000e+000
      vertex  3.947368e-003 -6.250000e-002  0.000000e+000
      vertex  3.117783e-003 -6.250000e-002  1.567919e-003
    endloop
  endfacet
  facet normal -6.722339e-001 -1.029849e-002 -7.402672e-001
    outer loop
      vertex  3.947368e-003 -3.947368e-003  0.000000e+000
      vertex  3.117783e-003 -6.250000e-002  1.567919e-003
      vertex  2.048021e-003 -6.250000e-002  2.539366e-003
    endloop
  endfacet
  facet normal -9.266233e-001  1.376267e-002 -3.757389e-001
    outer loop
      vertex  3.947368e-003 -3.947368e-003  0.000000e+000
      vertex  2.048021e-003 -6.250000e-002  2.539366e-003
      vertex  3.472107e-003  0.000000e+000  1.316644e-003
    endloop
  endfacet
  facet normal -9.801716e-002  0.000000e+000 -9.951848e-001
    outer loop
      vertex  7.812500e-003  0.000000e+000  0.000000e+000
      vertex  7.812500e-003 -3.947368e-003  0.000000e+000
      vertex  6.288357e-003  0.000000e+000  1.501150e-004
    endloop
  endfacet
  facet normal -8.074363e-002  6.727678e-003 -9.967121e-001
    outer loop
      vertex  6.288357e-003  0.000000e+000  1.501150e-004
      vertex  7.812500e-003 -3.947368e-003  0.000000e+000
      vertex  6.554972e-003 -3.947368e-003  1.018723e-004
    endloop
  endfacet
  facet normal -2.902755e-001 -7.911051e-003 -9.569104e-001
    outer loop
      vertex  6.288357e-003  0.000000e+000  1.501150e-004
      vertex  6.554972e-003 -3.947368e-003  1.018723e-004
      vertex  4.822786e-003  0.000000e+000  5.946911e-004
    endloop
  endfacet
  facet normal -2.401005e-001  1.581826e-002 -9.706191e-001
    outer loop
      vertex  4.822786e-003  0.000000e+000  5.946911e-004
      vertex  6.554972e-003 -3.947368e-003  1.018723e-004
      vertex  5.330239e-003 -3.947368e-003  4.048325e-004
    endloop
  endfacet
  facet normal -4.713189e-001 -1.817917e-002 -8.817756e-001
    outer loop
      vertex  4.822786e-003  0.000000e+000  5.946911e-004
      vertex  5.330239e-003 -3.947368e-003  4.048325e-004
      vertex  3.472107e-003  0.000000e+000  1.316644e-003
    endloop
  endfacet
  facet normal  2.648556e-001  3.336585e-001 -9.047228e-001
    outer loop
      vertex  3.472107e-003  0.000000e+000  1.316644e-003
      vertex  5.330239e-003 -3.947368e-003  4.048325e-004
      vertex  3.947368e-003 -3.947368e-003  0.000000e+000
    endloop
  endfacet
  facet normal -9.957144e-001  -0.000000e+000 -9.248166e-002
    outer loop
      vertex  0.000000e+000 -6.250000e-002  7.812500e-003
      vertex  0.000000e+000  0.000000e+000  7.812500e-003
      vertex  1.336384e-004 -6.250000e-002  6.373667e-003
    endloop
  endfacet
  facet normal -9.951848e-001  1.285670e-004 -9.801716e-002
    outer loop
      vertex  1.336384e-004 -6.250000e-002  6.373667e-003
      vertex  0.000000e+000  0.000000e+000  7.812500e-003
      vertex  1.501150e-004  0.000000e+000  6.288357e-003
    endloop
  endfacet
  facet normal -9.616495e-001 -1.208659e-004 -2.742811e-001
    outer loop
      vertex  1.336384e-004 -6.250000e-002  6.373667e-003
      vertex  1.501150e-004  0.000000e+000  6.288357e-003
      vertex  5.299817e-004 -6.250000e-002  4.984058e-003
    endloop
  endfacet
  facet normal -9.569404e-001  2.417299e-004 -2.902846e-001
    outer loop
      vertex  5.299817e-004 -6.250000e-002  4.984058e-003
      vertex  1.501150e-004  0.000000e+000  6.288357e-003
      vertex  5.946911e-004  0.000000e+000  4.822786e-003
    endloop
  endfacet
  facet normal -8.946853e-001 -2.263259e-004 -4.466969e-001
    outer loop
      vertex  5.299817e-004 -6.250000e-002  4.984058e-003
      vertex  5.946911e-004  0.000000e+000  4.822786e-003
      vertex  1.175470e-003 -6.250000e-002  3.691214e-003
    endloop
  endfacet
  facet normal -8.819212e-001  3.394784e-004 -4.713967e-001
    outer loop
      vertex  1.175470e-003 -6.250000e-002  3.691214e-003
      vertex  5.946911e-004  0.000000e+000  4.822786e-003
      vertex  1.316644e-003  0.000000e+000  3.472107e-003
    endloop
  endfacet
  facet normal -7.971126e-001 -3.163596e-004 -6.038306e-001
    outer loop
      vertex  1.175470e-003 -6.250000e-002  3.691214e-003
      vertex  1.316644e-003  0.000000e+000  3.472107e-003
      vertex  2.048021e-003 -6.250000e-002  2.539366e-003
    endloop
  endfacet
  facet normal -7.730103e-001  4.218008e-004 -6.343933e-001
    outer loop
      vertex  2.048021e-003 -6.250000e-002  2.539366e-003
      vertex  1.316644e-003  0.000000e+000  3.472107e-003
      vertex  2.288228e-003  0.000000e+000  2.288228e-003
    endloop
  endfacet
  facet normal -6.343932e-001 -6.679379e-004 -7.730102e-001
    outer loop
      vertex  2.048021e-003 -6.250000e-002  2.539366e-003
      vertex  2.288228e-003  0.000000e+000  2.288228e-003
      vertex  3.472107e-003  0.000000e+000  1.316644e-003
    endloop
  endfacet
  facet normal  0.000000e+000  -0.000000e+000  1.000000e+000
    outer loop
      vertex  3.947368e-003 -3.947368e-003  7.500000e-001
      vertex  4.144737e-002 -3.947368e-003  7.500000e-001
      vertex  4.144737e-002  0.000000e+000  7.500000e-001
    endloop
  endfacet
  facet normal  0.000000e+000  0.000000e+000  1.000000e+000
    outer loop
      vertex  3.947368e-003 -3.947368e-003  7.500000e-001
      vertex  4.144737e-002  0.000000e+000  7.500000e-001
      vertex  0.000000e+000  0.000000e+000  7.500000e-001
    endloop
  endfacet
  facet normal  0.000000e+000  0.000000e+000  1.000000e+000
    outer loop
      vertex  3.947368e-003 -3.947368e-003  7.500000e-001
      vertex  0.000000e+000  0.000000e+000  7.500000e-001
      vertex  0.000000e+000 -6.250000e-002  7.500000e-001
    endloop
  endfacet
  facet normal  0.000000e+000  0.000000e+000  9.999999e-001
    outer loop
      vertex  3.947368e-003 -3.947368e-003  7.500000e-001
      vertex  0.000000e+000 -6.250000e-002  7.500000e-001
      vertex  3.947368e-003 -6.250000e-002  7.500000e-001
    endloop
  endfacet
  facet normal  1.000000e+000  0.000000e+000  0.000000e+000
    outer loop
      vertex  4.144737e-002 -3.947368e-003  0.000000e+000
      vertex  4.144737e-002  0.000000e+000  0.000000e+000
      vertex  4.144737e-002 -3.947368e-003  7.500000e-001
    endloop
  endfacet
  facet normal  1.000000e+000  -0.000000e+000  0.000000e+000
    outer loop
      vertex  4.144737e-002 -3.947368e-003  7.500000e-001
      vertex  4.144737e-002  0.000000e+000  0.000000e+000
      vertex  4.144737e-002  0.000000e+000  7.500000e-001
    endloop
  endfacet
endsolid CATIA STL
