solid CATIA STL
  facet normal  0.000000e+000  0.000000e+000  1.000000e+000
    outer loop
      vertex  3.281250e-001  3.750000e-001  7.500000e-001
      vertex  3.460633e-001  3.714319e-001  7.500000e-001
      vertex  3.372699e-001  3.740993e-001  7.500000e-001
    endloop
  endfacet
  facet normal  0.000000e+000  0.000000e+000  1.000000e+000
    outer loop
      vertex  3.750000e-001 -2.968750e-001  7.500000e-001
      vertex -3.750000e-001 -3.750000e-001  7.500000e-001
      vertex  2.421875e-001 -3.750000e-001  7.500000e-001
    endloop
  endfacet
  facet normal  0.000000e+000  0.000000e+000  1.000000e+000
    outer loop
      vertex -3.750000e-001  3.750000e-001  7.500000e-001
      vertex -3.750000e-001 -3.750000e-001  7.500000e-001
      vertex  3.750000e-001 -2.968750e-001  7.500000e-001
    endloop
  endfacet
  facet normal  0.000000e+000  -0.000000e+000  1.000000e+000
    outer loop
      vertex -3.750000e-001  3.750000e-001  7.500000e-001
      vertex  3.750000e-001 -2.968750e-001  7.500000e-001
      vertex  3.750000e-001  3.281250e-001  7.500000e-001
    endloop
  endfacet
  facet normal  0.000000e+000  0.000000e+000  9.999999e-001
    outer loop
      vertex -3.750000e-001  3.750000e-001  7.500000e-001
      vertex  3.750000e-001  3.281250e-001  7.500000e-001
      vertex  3.740993e-001  3.372699e-001  7.500000e-001
    endloop
  endfacet
  facet normal  0.000000e+000  0.000000e+000  1.000000e+000
    outer loop
      vertex -3.750000e-001  3.750000e-001  7.500000e-001
      vertex  3.740993e-001  3.372699e-001  7.500000e-001
      vertex  3.714319e-001  3.460633e-001  7.500000e-001
    endloop
  endfacet
  facet normal  0.000000e+000  0.000000e+000  1.000000e+000
    outer loop
      vertex -3.750000e-001  3.750000e-001  7.500000e-001
      vertex  3.714319e-001  3.460633e-001  7.500000e-001
      vertex  3.671001e-001  3.541673e-001  7.500000e-001
    endloop
  endfacet
  facet normal  0.000000e+000  0.000000e+000  9.999999e-001
    outer loop
      vertex -3.750000e-001  3.750000e-001  7.500000e-001
      vertex  3.671001e-001  3.541673e-001  7.500000e-001
      vertex  3.612706e-001  3.612706e-001  7.500000e-001
    endloop
  endfacet
  facet normal  0.000000e+000  0.000000e+000  1.000000e+000
    outer loop
      vertex -3.750000e-001  3.750000e-001  7.500000e-001
      vertex  3.612706e-001  3.612706e-001  7.500000e-001
      vertex  3.541673e-001  3.671001e-001  7.500000e-001
    endloop
  endfacet
  facet normal  0.000000e+000  0.000000e+000  1.000000e+000
    outer loop
      vertex -3.750000e-001  3.750000e-001  7.500000e-001
      vertex  3.541673e-001  3.671001e-001  7.500000e-001
      vertex  3.460633e-001  3.714319e-001  7.500000e-001
    endloop
  endfacet
  facet normal  0.000000e+000  0.000000e+000  1.000000e+000
    outer loop
      vertex -3.750000e-001  3.750000e-001  7.500000e-001
      vertex  3.460633e-001  3.714319e-001  7.500000e-001
      vertex  3.281250e-001  3.750000e-001  7.500000e-001
    endloop
  endfacet
  facet normal  0.000000e+000  0.000000e+000 -1.000000e+000
    outer loop
      vertex  3.372699e-001  3.740993e-001  0.000000e+000
      vertex  3.460633e-001  3.714319e-001  0.000000e+000
      vertex  3.281250e-001  3.750000e-001  0.000000e+000
    endloop
  endfacet
  facet normal  0.000000e+000  0.000000e+000 -1.000000e+000
    outer loop
      vertex  2.421875e-001 -3.750000e-001  0.000000e+000
      vertex -3.750000e-001 -3.750000e-001  0.000000e+000
      vertex  3.750000e-001 -2.968750e-001  0.000000e+000
    endloop
  endfacet
  facet normal  -0.000000e+000  -0.000000e+000 -1.000000e+000
    outer loop
      vertex -3.750000e-001  3.750000e-001  0.000000e+000
      vertex  3.281250e-001  3.750000e-001  0.000000e+000
      vertex  3.460633e-001  3.714319e-001  0.000000e+000
    endloop
  endfacet
  facet normal  -0.000000e+000  -0.000000e+000 -1.000000e+000
    outer loop
      vertex -3.750000e-001  3.750000e-001  0.000000e+000
      vertex  3.460633e-001  3.714319e-001  0.000000e+000
      vertex  3.541673e-001  3.671001e-001  0.000000e+000
    endloop
  endfacet
  facet normal  -0.000000e+000  -0.000000e+000 -1.000000e+000
    outer loop
      vertex -3.750000e-001  3.750000e-001  0.000000e+000
      vertex  3.541673e-001  3.671001e-001  0.000000e+000
      vertex  3.612706e-001  3.612706e-001  0.000000e+000
    endloop
  endfacet
  facet normal  -0.000000e+000  -0.000000e+000 -1.000000e+000
    outer loop
      vertex -3.750000e-001  3.750000e-001  0.000000e+000
      vertex  3.612706e-001  3.612706e-001  0.000000e+000
      vertex  3.671001e-001  3.541673e-001  0.000000e+000
    endloop
  endfacet
  facet normal  -0.000000e+000  -0.000000e+000 -1.000000e+000
    outer loop
      vertex -3.750000e-001  3.750000e-001  0.000000e+000
      vertex  3.671001e-001  3.541673e-001  0.000000e+000
      vertex  3.714319e-001  3.460633e-001  0.000000e+000
    endloop
  endfacet
  facet normal  -0.000000e+000  -0.000000e+000 -1.000000e+000
    outer loop
      vertex -3.750000e-001  3.750000e-001  0.000000e+000
      vertex  3.714319e-001  3.460633e-001  0.000000e+000
      vertex  3.740993e-001  3.372699e-001  0.000000e+000
    endloop
  endfacet
  facet normal  -0.000000e+000  -0.000000e+000 -9.999999e-001
    outer loop
      vertex -3.750000e-001  3.750000e-001  0.000000e+000
      vertex  3.740993e-001  3.372699e-001  0.000000e+000
      vertex  3.750000e-001  3.281250e-001  0.000000e+000
    endloop
  endfacet
  facet normal  -0.000000e+000  -0.000000e+000 -1.000000e+000
    outer loop
      vertex -3.750000e-001  3.750000e-001  0.000000e+000
      vertex  3.750000e-001  3.281250e-001  0.000000e+000
      vertex  3.750000e-001 -2.968750e-001  0.000000e+000
    endloop
  endfacet
  facet normal  -0.000000e+000  0.000000e+000 -1.000000e+000
    outer loop
      vertex -3.750000e-001  3.750000e-001  0.000000e+000
      vertex  3.750000e-001 -2.968750e-001  0.000000e+000
      vertex -3.750000e-001 -3.750000e-001  0.000000e+000
    endloop
  endfacet
  facet normal  1.000000e+000  0.000000e+000  0.000000e+000
    outer loop
      vertex  3.750000e-001 -2.968750e-001  0.000000e+000
      vertex  3.750000e-001  3.281250e-001  0.000000e+000
      vertex  3.750000e-001 -2.968750e-001  7.500000e-001
    endloop
  endfacet
  facet normal  1.000000e+000  -0.000000e+000  0.000000e+000
    outer loop
      vertex  3.750000e-001 -2.968750e-001  7.500000e-001
      vertex  3.750000e-001  3.281250e-001  0.000000e+000
      vertex  3.750000e-001  3.281250e-001  7.500000e-001
    endloop
  endfacet
  facet normal  0.000000e+000  1.000000e+000  0.000000e+000
    outer loop
      vertex  3.281250e-001  3.750000e-001  0.000000e+000
      vertex -3.750000e-001  3.750000e-001  0.000000e+000
      vertex  3.281250e-001  3.750000e-001  7.500000e-001
    endloop
  endfacet
  facet normal  0.000000e+000  1.000000e+000  0.000000e+000
    outer loop
      vertex  3.281250e-001  3.750000e-001  7.500000e-001
      vertex -3.750000e-001  3.750000e-001  0.000000e+000
      vertex -3.750000e-001  3.750000e-001  7.500000e-001
    endloop
  endfacet
  facet normal  9.801655e-002  9.951848e-001  0.000000e+000
    outer loop
      vertex  3.281250e-001  3.750000e-001  0.000000e+000
      vertex  3.281250e-001  3.750000e-001  7.500000e-001
      vertex  3.372699e-001  3.740993e-001  0.000000e+000
    endloop
  endfacet
  facet normal  9.801655e-002  9.951848e-001  -0.000000e+000
    outer loop
      vertex  3.372699e-001  3.740993e-001  0.000000e+000
      vertex  3.281250e-001  3.750000e-001  7.500000e-001
      vertex  3.372699e-001  3.740993e-001  7.500000e-001
    endloop
  endfacet
  facet normal  2.902851e-001  9.569402e-001  0.000000e+000
    outer loop
      vertex  3.372699e-001  3.740993e-001  0.000000e+000
      vertex  3.372699e-001  3.740993e-001  7.500000e-001
      vertex  3.460633e-001  3.714319e-001  0.000000e+000
    endloop
  endfacet
  facet normal  2.902851e-001  9.569402e-001  -0.000000e+000
    outer loop
      vertex  3.460633e-001  3.714319e-001  0.000000e+000
      vertex  3.372699e-001  3.740993e-001  7.500000e-001
      vertex  3.460633e-001  3.714319e-001  7.500000e-001
    endloop
  endfacet
  facet normal  4.713967e-001  8.819212e-001  0.000000e+000
    outer loop
      vertex  3.460633e-001  3.714319e-001  0.000000e+000
      vertex  3.460633e-001  3.714319e-001  7.500000e-001
      vertex  3.541673e-001  3.671001e-001  0.000000e+000
    endloop
  endfacet
  facet normal  4.713967e-001  8.819212e-001  -0.000000e+000
    outer loop
      vertex  3.541673e-001  3.671001e-001  0.000000e+000
      vertex  3.460633e-001  3.714319e-001  7.500000e-001
      vertex  3.541673e-001  3.671001e-001  7.500000e-001
    endloop
  endfacet
  facet normal  6.343927e-001  7.730110e-001  0.000000e+000
    outer loop
      vertex  3.541673e-001  3.671001e-001  0.000000e+000
      vertex  3.541673e-001  3.671001e-001  7.500000e-001
      vertex  3.612706e-001  3.612706e-001  0.000000e+000
    endloop
  endfacet
  facet normal  6.343927e-001  7.730110e-001  -0.000000e+000
    outer loop
      vertex  3.612706e-001  3.612706e-001  0.000000e+000
      vertex  3.541673e-001  3.671001e-001  7.500000e-001
      vertex  3.612706e-001  3.612706e-001  7.500000e-001
    endloop
  endfacet
  facet normal  7.730110e-001  6.343927e-001  0.000000e+000
    outer loop
      vertex  3.612706e-001  3.612706e-001  0.000000e+000
      vertex  3.612706e-001  3.612706e-001  7.500000e-001
      vertex  3.671001e-001  3.541673e-001  0.000000e+000
    endloop
  endfacet
  facet normal  7.730110e-001  6.343927e-001  -0.000000e+000
    outer loop
      vertex  3.671001e-001  3.541673e-001  0.000000e+000
      vertex  3.612706e-001  3.612706e-001  7.500000e-001
      vertex  3.671001e-001  3.541673e-001  7.500000e-001
    endloop
  endfacet
  facet normal  8.819212e-001  4.713967e-001  0.000000e+000
    outer loop
      vertex  3.671001e-001  3.541673e-001  0.000000e+000
      vertex  3.671001e-001  3.541673e-001  7.500000e-001
      vertex  3.714319e-001  3.460633e-001  0.000000e+000
    endloop
  endfacet
  facet normal  8.819212e-001  4.713967e-001  -0.000000e+000
    outer loop
      vertex  3.714319e-001  3.460633e-001  0.000000e+000
      vertex  3.671001e-001  3.541673e-001  7.500000e-001
      vertex  3.714319e-001  3.460633e-001  7.500000e-001
    endloop
  endfacet
  facet normal  9.569402e-001  2.902851e-001  0.000000e+000
    outer loop
      vertex  3.714319e-001  3.460633e-001  0.000000e+000
      vertex  3.714319e-001  3.460633e-001  7.500000e-001
      vertex  3.740993e-001  3.372699e-001  0.000000e+000
    endloop
  endfacet
  facet normal  9.569402e-001  2.902851e-001  -0.000000e+000
    outer loop
      vertex  3.740993e-001  3.372699e-001  0.000000e+000
      vertex  3.714319e-001  3.460633e-001  7.500000e-001
      vertex  3.740993e-001  3.372699e-001  7.500000e-001
    endloop
  endfacet
  facet normal  9.951848e-001  9.801655e-002  0.000000e+000
    outer loop
      vertex  3.740993e-001  3.372699e-001  0.000000e+000
      vertex  3.740993e-001  3.372699e-001  7.500000e-001
      vertex  3.750000e-001  3.281250e-001  0.000000e+000
    endloop
  endfacet
  facet normal  9.951848e-001  9.801655e-002  -0.000000e+000
    outer loop
      vertex  3.750000e-001  3.281250e-001  0.000000e+000
      vertex  3.740993e-001  3.372699e-001  7.500000e-001
      vertex  3.750000e-001  3.281250e-001  7.500000e-001
    endloop
  endfacet
  facet normal  0.000000e+000 -9.999999e-001  0.000000e+000
    outer loop
      vertex -3.750000e-001 -3.750000e-001  0.000000e+000
      vertex  2.421875e-001 -3.750000e-001  0.000000e+000
      vertex -3.750000e-001 -3.750000e-001  7.500000e-001
    endloop
  endfacet
  facet normal  0.000000e+000 -9.999999e-001  0.000000e+000
    outer loop
      vertex -3.750000e-001 -3.750000e-001  7.500000e-001
      vertex  2.421875e-001 -3.750000e-001  0.000000e+000
      vertex  2.421875e-001 -3.750000e-001  7.500000e-001
    endloop
  endfacet
  facet normal  5.070201e-001 -8.619342e-001  0.000000e+000
    outer loop
      vertex  2.421875e-001 -3.750000e-001  7.500000e-001
      vertex  2.421875e-001 -3.750000e-001  0.000000e+000
      vertex  3.750000e-001 -2.968750e-001  7.500000e-001
    endloop
  endfacet
  facet normal  5.070201e-001 -8.619342e-001  0.000000e+000
    outer loop
      vertex  3.750000e-001 -2.968750e-001  7.500000e-001
      vertex  2.421875e-001 -3.750000e-001  0.000000e+000
      vertex  3.750000e-001 -2.968750e-001  0.000000e+000
    endloop
  endfacet
  facet normal -1.000000e+000  0.000000e+000  0.000000e+000
    outer loop
      vertex -3.750000e-001  3.750000e-001  0.000000e+000
      vertex -3.750000e-001 -3.750000e-001  0.000000e+000
      vertex -3.750000e-001  3.750000e-001  7.500000e-001
    endloop
  endfacet
  facet normal -1.000000e+000  -0.000000e+000  0.000000e+000
    outer loop
      vertex -3.750000e-001  3.750000e-001  7.500000e-001
      vertex -3.750000e-001 -3.750000e-001  0.000000e+000
      vertex -3.750000e-001 -3.750000e-001  7.500000e-001
    endloop
  endfacet
endsolid CATIA STL
