solid CATIA STL
  facet normal  0.000000e+000 -1.000000e+000  0.000000e+000
    outer loop
      vertex -1.875000e-001 -1.093750e-001 -4.687500e-002
      vertex -1.847979e-001 -1.093750e-001 -7.430958e-002
      vertex -1.767956e-001 -1.093750e-001 -1.006899e-001
    endloop
  endfacet
  facet normal  0.000000e+000 -1.000000e+000  0.000000e+000
    outer loop
      vertex -1.875000e-001 -1.093750e-001 -4.687500e-002
      vertex -1.767956e-001 -1.093750e-001 -1.006899e-001
      vertex -1.638004e-001 -1.093750e-001 -1.250021e-001
    endloop
  endfacet
  facet normal  0.000000e+000 -1.000000e+000  0.000000e+000
    outer loop
      vertex -1.875000e-001 -1.093750e-001 -4.687500e-002
      vertex -1.638004e-001 -1.093750e-001 -1.250021e-001
      vertex -1.463119e-001 -1.093750e-001 -1.463119e-001
    endloop
  endfacet
  facet normal  0.000000e+000 -1.000000e+000  0.000000e+000
    outer loop
      vertex -1.875000e-001 -1.093750e-001 -4.687500e-002
      vertex -1.463119e-001 -1.093750e-001 -1.463119e-001
      vertex -1.250021e-001 -1.093750e-001 -1.638004e-001
    endloop
  endfacet
  facet normal  0.000000e+000 -1.000000e+000  0.000000e+000
    outer loop
      vertex -1.875000e-001 -1.093750e-001 -4.687500e-002
      vertex -1.250021e-001 -1.093750e-001 -1.638004e-001
      vertex -1.006899e-001 -1.093750e-001 -1.767956e-001
    endloop
  endfacet
  facet normal  0.000000e+000 -1.000000e+000  0.000000e+000
    outer loop
      vertex -1.875000e-001 -1.093750e-001 -4.687500e-002
      vertex -1.006899e-001 -1.093750e-001 -1.767956e-001
      vertex -7.430958e-002 -1.093750e-001 -1.847979e-001
    endloop
  endfacet
  facet normal  0.000000e+000 -1.000000e+000  0.000000e+000
    outer loop
      vertex -1.875000e-001 -1.093750e-001 -4.687500e-002
      vertex -7.430958e-002 -1.093750e-001 -1.847979e-001
      vertex -4.687500e-002 -1.093750e-001 -1.875000e-001
    endloop
  endfacet
  facet normal  0.000000e+000 -1.000000e+000  0.000000e+000
    outer loop
      vertex -1.875000e-001 -1.093750e-001 -4.687500e-002
      vertex -4.687500e-002 -1.093750e-001 -1.875000e-001
      vertex  1.875000e-001 -1.093750e-001 -1.875000e-001
    endloop
  endfacet
  facet normal  0.000000e+000 -1.000000e+000  0.000000e+000
    outer loop
      vertex -1.875000e-001 -1.093750e-001 -4.687500e-002
      vertex  1.875000e-001 -1.093750e-001 -1.875000e-001
      vertex  1.875000e-001 -1.093750e-001  1.875000e-001
    endloop
  endfacet
  facet normal  -0.000000e+000 -1.000000e+000  0.000000e+000
    outer loop
      vertex -1.875000e-001 -1.093750e-001 -4.687500e-002
      vertex  1.875000e-001 -1.093750e-001  1.875000e-001
      vertex -1.875000e-001 -1.093750e-001  1.875000e-001
    endloop
  endfacet
  facet normal -5.551115e-017  1.000000e+000 -5.551115e-017
    outer loop
      vertex -1.875000e-001  7.806256e-018 -4.687500e-002
      vertex -1.875000e-001  2.081668e-017  1.875000e-001
      vertex  1.875000e-001  4.163336e-017  1.875000e-001
    endloop
  endfacet
  facet normal -5.551115e-017  1.000000e+000 -5.551115e-017
    outer loop
      vertex -1.875000e-001  7.806256e-018 -4.687500e-002
      vertex  1.875000e-001  4.163336e-017  1.875000e-001
      vertex  1.875000e-001  2.081668e-017 -1.875000e-001
    endloop
  endfacet
  facet normal -5.551115e-017  1.000000e+000 -5.551115e-017
    outer loop
      vertex -1.875000e-001  7.806256e-018 -4.687500e-002
      vertex  1.875000e-001  2.081668e-017 -1.875000e-001
      vertex -4.687500e-002  7.806256e-018 -1.875000e-001
    endloop
  endfacet
  facet normal -5.551115e-017  1.000000e+000 -5.551115e-017
    outer loop
      vertex -1.875000e-001  7.806256e-018 -4.687500e-002
      vertex -4.687500e-002  7.806256e-018 -1.875000e-001
      vertex -7.430958e-002  6.433326e-018 -1.847979e-001
    endloop
  endfacet
  facet normal -5.551115e-017  1.000000e+000 -5.551115e-017
    outer loop
      vertex -1.875000e-001  7.806256e-018 -4.687500e-002
      vertex -7.430958e-002  6.433326e-018 -1.847979e-001
      vertex -1.006899e-001  5.413147e-018 -1.767956e-001
    endloop
  endfacet
  facet normal -5.551110e-017  1.000000e+000 -5.551112e-017
    outer loop
      vertex -1.875000e-001  7.806256e-018 -4.687500e-002
      vertex -1.006899e-001  5.413147e-018 -1.767956e-001
      vertex -1.250021e-001  4.784924e-018 -1.638004e-001
    endloop
  endfacet
  facet normal -5.551118e-017  1.000000e+000 -5.551116e-017
    outer loop
      vertex -1.875000e-001  7.806256e-018 -4.687500e-002
      vertex -1.250021e-001  4.784924e-018 -1.638004e-001
      vertex -1.463119e-001  4.572799e-018 -1.463119e-001
    endloop
  endfacet
  facet normal -5.551109e-017  1.000000e+000 -5.551112e-017
    outer loop
      vertex -1.875000e-001  7.806256e-018 -4.687500e-002
      vertex -1.463119e-001  4.572799e-018 -1.463119e-001
      vertex -1.638004e-001  4.784924e-018 -1.250021e-001
    endloop
  endfacet
  facet normal -5.551126e-017  1.000000e+000 -5.551117e-017
    outer loop
      vertex -1.875000e-001  7.806256e-018 -4.687500e-002
      vertex -1.638004e-001  4.784924e-018 -1.250021e-001
      vertex -1.767956e-001  5.413147e-018 -1.006899e-001
    endloop
  endfacet
  facet normal -5.551115e-017  1.000000e+000 -5.551115e-017
    outer loop
      vertex -1.875000e-001  7.806256e-018 -4.687500e-002
      vertex -1.767956e-001  5.413147e-018 -1.006899e-001
      vertex -1.847979e-001  6.433326e-018 -7.430958e-002
    endloop
  endfacet
  facet normal -1.000000e+000  -0.000000e+000  0.000000e+000
    outer loop
      vertex -1.875000e-001 -1.093750e-001  1.875000e-001
      vertex -1.875000e-001  2.081668e-017  1.875000e-001
      vertex -1.875000e-001 -1.093750e-001 -4.687500e-002
    endloop
  endfacet
  facet normal -1.000000e+000  0.000000e+000  0.000000e+000
    outer loop
      vertex -1.875000e-001 -1.093750e-001 -4.687500e-002
      vertex -1.875000e-001  2.081668e-017  1.875000e-001
      vertex -1.875000e-001  7.806256e-018 -4.687500e-002
    endloop
  endfacet
  facet normal  0.000000e+000  0.000000e+000 -1.000000e+000
    outer loop
      vertex -4.687500e-002 -1.093750e-001 -1.875000e-001
      vertex -4.687500e-002  7.806256e-018 -1.875000e-001
      vertex  1.875000e-001 -1.093750e-001 -1.875000e-001
    endloop
  endfacet
  facet normal  0.000000e+000  0.000000e+000 -1.000000e+000
    outer loop
      vertex  1.875000e-001 -1.093750e-001 -1.875000e-001
      vertex -4.687500e-002  7.806256e-018 -1.875000e-001
      vertex  1.875000e-001  2.081668e-017 -1.875000e-001
    endloop
  endfacet
  facet normal -9.801722e-002  0.000000e+000 -9.951848e-001
    outer loop
      vertex -4.687500e-002  7.806256e-018 -1.875000e-001
      vertex -4.687500e-002 -1.093750e-001 -1.875000e-001
      vertex -7.430958e-002  6.433326e-018 -1.847979e-001
    endloop
  endfacet
  facet normal -9.801722e-002  -0.000000e+000 -9.951848e-001
    outer loop
      vertex -7.430958e-002  6.433326e-018 -1.847979e-001
      vertex -4.687500e-002 -1.093750e-001 -1.875000e-001
      vertex -7.430958e-002 -1.093750e-001 -1.847979e-001
    endloop
  endfacet
  facet normal -2.902847e-001  0.000000e+000 -9.569404e-001
    outer loop
      vertex -7.430958e-002  6.433326e-018 -1.847979e-001
      vertex -7.430958e-002 -1.093750e-001 -1.847979e-001
      vertex -1.006899e-001  5.413147e-018 -1.767956e-001
    endloop
  endfacet
  facet normal -2.902847e-001  -0.000000e+000 -9.569404e-001
    outer loop
      vertex -1.006899e-001  5.413147e-018 -1.767956e-001
      vertex -7.430958e-002 -1.093750e-001 -1.847979e-001
      vertex -1.006899e-001 -1.093750e-001 -1.767956e-001
    endloop
  endfacet
  facet normal -4.713965e-001  0.000000e+000 -8.819215e-001
    outer loop
      vertex -1.006899e-001  5.413147e-018 -1.767956e-001
      vertex -1.006899e-001 -1.093750e-001 -1.767956e-001
      vertex -1.250021e-001  4.784924e-018 -1.638004e-001
    endloop
  endfacet
  facet normal -4.713965e-001  -0.000000e+000 -8.819215e-001
    outer loop
      vertex -1.250021e-001  4.784924e-018 -1.638004e-001
      vertex -1.006899e-001 -1.093750e-001 -1.767956e-001
      vertex -1.250021e-001 -1.093750e-001 -1.638004e-001
    endloop
  endfacet
  facet normal -6.343934e-001  0.000000e+000 -7.730104e-001
    outer loop
      vertex -1.250021e-001  4.784924e-018 -1.638004e-001
      vertex -1.250021e-001 -1.093750e-001 -1.638004e-001
      vertex -1.463119e-001  4.572799e-018 -1.463119e-001
    endloop
  endfacet
  facet normal -6.343934e-001  -0.000000e+000 -7.730104e-001
    outer loop
      vertex -1.463119e-001  4.572799e-018 -1.463119e-001
      vertex -1.250021e-001 -1.093750e-001 -1.638004e-001
      vertex -1.463119e-001 -1.093750e-001 -1.463119e-001
    endloop
  endfacet
  facet normal -7.730104e-001  0.000000e+000 -6.343934e-001
    outer loop
      vertex -1.463119e-001  4.572799e-018 -1.463119e-001
      vertex -1.463119e-001 -1.093750e-001 -1.463119e-001
      vertex -1.638004e-001  4.784924e-018 -1.250021e-001
    endloop
  endfacet
  facet normal -7.730104e-001  -0.000000e+000 -6.343934e-001
    outer loop
      vertex -1.638004e-001  4.784924e-018 -1.250021e-001
      vertex -1.463119e-001 -1.093750e-001 -1.463119e-001
      vertex -1.638004e-001 -1.093750e-001 -1.250021e-001
    endloop
  endfacet
  facet normal -8.819215e-001  0.000000e+000 -4.713965e-001
    outer loop
      vertex -1.638004e-001  4.784924e-018 -1.250021e-001
      vertex -1.638004e-001 -1.093750e-001 -1.250021e-001
      vertex -1.767956e-001  5.413147e-018 -1.006899e-001
    endloop
  endfacet
  facet normal -8.819215e-001  -0.000000e+000 -4.713965e-001
    outer loop
      vertex -1.767956e-001  5.413147e-018 -1.006899e-001
      vertex -1.638004e-001 -1.093750e-001 -1.250021e-001
      vertex -1.767956e-001 -1.093750e-001 -1.006899e-001
    endloop
  endfacet
  facet normal -9.569404e-001  0.000000e+000 -2.902847e-001
    outer loop
      vertex -1.767956e-001  5.413147e-018 -1.006899e-001
      vertex -1.767956e-001 -1.093750e-001 -1.006899e-001
      vertex -1.847979e-001  6.433326e-018 -7.430958e-002
    endloop
  endfacet
  facet normal -9.569404e-001  -0.000000e+000 -2.902847e-001
    outer loop
      vertex -1.847979e-001  6.433326e-018 -7.430958e-002
      vertex -1.767956e-001 -1.093750e-001 -1.006899e-001
      vertex -1.847979e-001 -1.093750e-001 -7.430958e-002
    endloop
  endfacet
  facet normal -9.951848e-001  0.000000e+000 -9.801722e-002
    outer loop
      vertex -1.847979e-001  6.433326e-018 -7.430958e-002
      vertex -1.847979e-001 -1.093750e-001 -7.430958e-002
      vertex -1.875000e-001  7.806256e-018 -4.687500e-002
    endloop
  endfacet
  facet normal -9.951848e-001  -0.000000e+000 -9.801722e-002
    outer loop
      vertex -1.875000e-001  7.806256e-018 -4.687500e-002
      vertex -1.847979e-001 -1.093750e-001 -7.430958e-002
      vertex -1.875000e-001 -1.093750e-001 -4.687500e-002
    endloop
  endfacet
  facet normal  0.000000e+000  0.000000e+000  1.000000e+000
    outer loop
      vertex  1.875000e-001 -1.093750e-001  1.875000e-001
      vertex  1.875000e-001  4.163336e-017  1.875000e-001
      vertex -1.875000e-001 -1.093750e-001  1.875000e-001
    endloop
  endfacet
  facet normal  0.000000e+000  0.000000e+000  1.000000e+000
    outer loop
      vertex -1.875000e-001 -1.093750e-001  1.875000e-001
      vertex  1.875000e-001  4.163336e-017  1.875000e-001
      vertex -1.875000e-001  2.081668e-017  1.875000e-001
    endloop
  endfacet
  facet normal  1.000000e+000  0.000000e+000  0.000000e+000
    outer loop
      vertex  1.875000e-001 -1.093750e-001 -1.875000e-001
      vertex  1.875000e-001  2.081668e-017 -1.875000e-001
      vertex  1.875000e-001 -1.093750e-001  1.875000e-001
    endloop
  endfacet
  facet normal  1.000000e+000  -0.000000e+000  0.000000e+000
    outer loop
      vertex  1.875000e-001 -1.093750e-001  1.875000e-001
      vertex  1.875000e-001  2.081668e-017 -1.875000e-001
      vertex  1.875000e-001  4.163336e-017  1.875000e-001
    endloop
  endfacet
endsolid CATIA STL
