solid CATIA STL
  facet normal  0.000000e+000 -1.000000e+000  0.000000e+000
    outer loop
      vertex -7.812500e-003 -1.718750e-001  1.171875e-001
      vertex -1.171875e-001 -1.718750e-001  1.171875e-001
      vertex -1.171875e-001 -1.718750e-001  5.468750e-002
    endloop
  endfacet
  facet normal  0.000000e+000 -1.000000e+000  -0.000000e+000
    outer loop
      vertex  1.171875e-001 -1.718750e-001  1.093750e-001
      vertex -7.812500e-003 -1.718750e-001  1.171875e-001
      vertex -1.171875e-001 -1.718750e-001  5.468750e-002
    endloop
  endfacet
  facet normal  0.000000e+000 -1.000000e+000  0.000000e+000
    outer loop
      vertex  1.171875e-001 -1.718750e-001  1.093750e-001
      vertex -1.171875e-001 -1.718750e-001  5.468750e-002
      vertex -1.138850e-001 -1.718750e-001  2.115635e-002
    endloop
  endfacet
  facet normal  0.000000e+000 -1.000000e+000  0.000000e+000
    outer loop
      vertex  1.171875e-001 -1.718750e-001  1.093750e-001
      vertex -1.138850e-001 -1.718750e-001  2.115635e-002
      vertex -1.041043e-001 -1.718750e-001 -1.108622e-002
    endloop
  endfacet
  facet normal  0.000000e+000 -1.000000e+000  0.000000e+000
    outer loop
      vertex  1.171875e-001 -1.718750e-001  1.093750e-001
      vertex -1.041043e-001 -1.718750e-001 -1.108622e-002
      vertex -8.822134e-002 -1.718750e-001 -4.080113e-002
    endloop
  endfacet
  facet normal  0.000000e+000 -1.000000e+000  0.000000e+000
    outer loop
      vertex  1.171875e-001 -1.718750e-001  1.093750e-001
      vertex -8.822134e-002 -1.718750e-001 -4.080113e-002
      vertex -6.684648e-002 -1.718750e-001 -6.684648e-002
    endloop
  endfacet
  facet normal  0.000000e+000 -1.000000e+000  0.000000e+000
    outer loop
      vertex  1.171875e-001 -1.718750e-001  1.093750e-001
      vertex -6.684648e-002 -1.718750e-001 -6.684648e-002
      vertex -4.080113e-002 -1.718750e-001 -8.822134e-002
    endloop
  endfacet
  facet normal  0.000000e+000 -1.000000e+000  0.000000e+000
    outer loop
      vertex  1.171875e-001 -1.718750e-001  1.093750e-001
      vertex -4.080113e-002 -1.718750e-001 -8.822134e-002
      vertex -1.108622e-002 -1.718750e-001 -1.041043e-001
    endloop
  endfacet
  facet normal  0.000000e+000 -1.000000e+000  0.000000e+000
    outer loop
      vertex  1.171875e-001 -1.718750e-001  1.093750e-001
      vertex -1.108622e-002 -1.718750e-001 -1.041043e-001
      vertex  2.115635e-002 -1.718750e-001 -1.138850e-001
    endloop
  endfacet
  facet normal  0.000000e+000 -1.000000e+000  0.000000e+000
    outer loop
      vertex  1.171875e-001 -1.718750e-001  1.093750e-001
      vertex  2.115635e-002 -1.718750e-001 -1.138850e-001
      vertex  5.468750e-002 -1.718750e-001 -1.171875e-001
    endloop
  endfacet
  facet normal  0.000000e+000 -1.000000e+000  0.000000e+000
    outer loop
      vertex  1.171875e-001 -1.718750e-001  1.093750e-001
      vertex  5.468750e-002 -1.718750e-001 -1.171875e-001
      vertex  1.171875e-001 -1.718750e-001 -1.171875e-001
    endloop
  endfacet
  facet normal -5.551115e-017  1.000000e+000 -5.551115e-017
    outer loop
      vertex -1.171875e-001  9.540979e-018  5.468750e-002
      vertex -1.171875e-001  1.301043e-017  1.171875e-001
      vertex -7.812500e-003  1.908196e-017  1.171875e-001
    endloop
  endfacet
  facet normal -5.551115e-017  1.000000e+000 -5.551115e-017
    outer loop
      vertex  1.171875e-001  2.558717e-017  1.093750e-001
      vertex  1.171875e-001  1.301043e-017 -1.171875e-001
      vertex  5.468750e-002  9.540979e-018 -1.171875e-001
    endloop
  endfacet
  facet normal -5.551114e-017  1.000000e+000 -5.551116e-017
    outer loop
      vertex  1.171875e-001  2.558717e-017  1.093750e-001
      vertex  5.468750e-002  9.540979e-018 -1.171875e-001
      vertex  2.115635e-002  7.862954e-018 -1.138850e-001
    endloop
  endfacet
  facet normal -5.551114e-017  1.000000e+000 -5.551114e-017
    outer loop
      vertex  1.171875e-001  2.558717e-017  1.093750e-001
      vertex  2.115635e-002  7.862954e-018 -1.138850e-001
      vertex -1.108622e-002  6.616068e-018 -1.041043e-001
    endloop
  endfacet
  facet normal -5.551115e-017  1.000000e+000 -5.551115e-017
    outer loop
      vertex  1.171875e-001  2.558717e-017  1.093750e-001
      vertex -1.108622e-002  6.616068e-018 -1.041043e-001
      vertex -4.080113e-002  5.848240e-018 -8.822134e-002
    endloop
  endfacet
  facet normal -5.551116e-017  1.000000e+000 -5.551114e-017
    outer loop
      vertex  1.171875e-001  2.558717e-017  1.093750e-001
      vertex -4.080113e-002  5.848240e-018 -8.822134e-002
      vertex -6.684648e-002  5.588976e-018 -6.684648e-002
    endloop
  endfacet
  facet normal -5.551113e-017  1.000000e+000 -5.551116e-017
    outer loop
      vertex  1.171875e-001  2.558717e-017  1.093750e-001
      vertex -6.684648e-002  5.588976e-018 -6.684648e-002
      vertex -8.822134e-002  5.848240e-018 -4.080113e-002
    endloop
  endfacet
  facet normal -5.551115e-017  1.000000e+000 -5.551115e-017
    outer loop
      vertex  1.171875e-001  2.558717e-017  1.093750e-001
      vertex -8.822134e-002  5.848240e-018 -4.080113e-002
      vertex -1.041043e-001  6.616068e-018 -1.108622e-002
    endloop
  endfacet
  facet normal -5.551114e-017  1.000000e+000 -5.551114e-017
    outer loop
      vertex  1.171875e-001  2.558717e-017  1.093750e-001
      vertex -1.041043e-001  6.616068e-018 -1.108622e-002
      vertex -1.138850e-001  7.862954e-018  2.115635e-002
    endloop
  endfacet
  facet normal -5.551115e-017  1.000000e+000 -5.551114e-017
    outer loop
      vertex  1.171875e-001  2.558717e-017  1.093750e-001
      vertex -1.138850e-001  7.862954e-018  2.115635e-002
      vertex -1.171875e-001  9.540979e-018  5.468750e-002
    endloop
  endfacet
  facet normal -5.551115e-017  1.000000e+000 -5.551115e-017
    outer loop
      vertex  1.171875e-001  2.558717e-017  1.093750e-001
      vertex -1.171875e-001  9.540979e-018  5.468750e-002
      vertex -7.812500e-003  1.908196e-017  1.171875e-001
    endloop
  endfacet
  facet normal -1.000000e+000  -0.000000e+000  0.000000e+000
    outer loop
      vertex -1.171875e-001 -1.718750e-001  1.171875e-001
      vertex -1.171875e-001  1.301043e-017  1.171875e-001
      vertex -1.171875e-001 -1.718750e-001  5.468750e-002
    endloop
  endfacet
  facet normal -1.000000e+000  0.000000e+000  0.000000e+000
    outer loop
      vertex -1.171875e-001 -1.718750e-001  5.468750e-002
      vertex -1.171875e-001  1.301043e-017  1.171875e-001
      vertex -1.171875e-001  9.540979e-018  5.468750e-002
    endloop
  endfacet
  facet normal  0.000000e+000  0.000000e+000 -1.000000e+000
    outer loop
      vertex  5.468750e-002 -1.718750e-001 -1.171875e-001
      vertex  5.468750e-002  9.540979e-018 -1.171875e-001
      vertex  1.171875e-001 -1.718750e-001 -1.171875e-001
    endloop
  endfacet
  facet normal  0.000000e+000  0.000000e+000 -1.000000e+000
    outer loop
      vertex  1.171875e-001 -1.718750e-001 -1.171875e-001
      vertex  5.468750e-002  9.540979e-018 -1.171875e-001
      vertex  1.171875e-001  1.301043e-017 -1.171875e-001
    endloop
  endfacet
  facet normal -9.801712e-002  0.000000e+000 -9.951847e-001
    outer loop
      vertex  5.468750e-002  9.540979e-018 -1.171875e-001
      vertex  5.468750e-002 -1.718750e-001 -1.171875e-001
      vertex  2.115635e-002  7.862954e-018 -1.138850e-001
    endloop
  endfacet
  facet normal -9.801712e-002  -0.000000e+000 -9.951847e-001
    outer loop
      vertex  2.115635e-002  7.862954e-018 -1.138850e-001
      vertex  5.468750e-002 -1.718750e-001 -1.171875e-001
      vertex  2.115635e-002 -1.718750e-001 -1.138850e-001
    endloop
  endfacet
  facet normal -2.902847e-001  0.000000e+000 -9.569404e-001
    outer loop
      vertex  2.115635e-002  7.862954e-018 -1.138850e-001
      vertex  2.115635e-002 -1.718750e-001 -1.138850e-001
      vertex -1.108622e-002  6.616068e-018 -1.041043e-001
    endloop
  endfacet
  facet normal -2.902847e-001  -0.000000e+000 -9.569404e-001
    outer loop
      vertex -1.108622e-002  6.616068e-018 -1.041043e-001
      vertex  2.115635e-002 -1.718750e-001 -1.138850e-001
      vertex -1.108622e-002 -1.718750e-001 -1.041043e-001
    endloop
  endfacet
  facet normal -4.713967e-001  0.000000e+000 -8.819213e-001
    outer loop
      vertex -1.108622e-002  6.616068e-018 -1.041043e-001
      vertex -1.108622e-002 -1.718750e-001 -1.041043e-001
      vertex -4.080113e-002  5.848240e-018 -8.822134e-002
    endloop
  endfacet
  facet normal -4.713967e-001  -0.000000e+000 -8.819213e-001
    outer loop
      vertex -4.080113e-002  5.848240e-018 -8.822134e-002
      vertex -1.108622e-002 -1.718750e-001 -1.041043e-001
      vertex -4.080113e-002 -1.718750e-001 -8.822134e-002
    endloop
  endfacet
  facet normal -6.343935e-001  0.000000e+000 -7.730104e-001
    outer loop
      vertex -4.080113e-002  5.848240e-018 -8.822134e-002
      vertex -4.080113e-002 -1.718750e-001 -8.822134e-002
      vertex -6.684648e-002  5.588976e-018 -6.684648e-002
    endloop
  endfacet
  facet normal -6.343935e-001  -0.000000e+000 -7.730104e-001
    outer loop
      vertex -6.684648e-002  5.588976e-018 -6.684648e-002
      vertex -4.080113e-002 -1.718750e-001 -8.822134e-002
      vertex -6.684648e-002 -1.718750e-001 -6.684648e-002
    endloop
  endfacet
  facet normal -7.730104e-001  0.000000e+000 -6.343935e-001
    outer loop
      vertex -6.684648e-002  5.588976e-018 -6.684648e-002
      vertex -6.684648e-002 -1.718750e-001 -6.684648e-002
      vertex -8.822134e-002  5.848240e-018 -4.080113e-002
    endloop
  endfacet
  facet normal -7.730104e-001  -0.000000e+000 -6.343935e-001
    outer loop
      vertex -8.822134e-002  5.848240e-018 -4.080113e-002
      vertex -6.684648e-002 -1.718750e-001 -6.684648e-002
      vertex -8.822134e-002 -1.718750e-001 -4.080113e-002
    endloop
  endfacet
  facet normal -8.819213e-001  0.000000e+000 -4.713967e-001
    outer loop
      vertex -8.822134e-002  5.848240e-018 -4.080113e-002
      vertex -8.822134e-002 -1.718750e-001 -4.080113e-002
      vertex -1.041043e-001  6.616068e-018 -1.108622e-002
    endloop
  endfacet
  facet normal -8.819213e-001  -0.000000e+000 -4.713967e-001
    outer loop
      vertex -1.041043e-001  6.616068e-018 -1.108622e-002
      vertex -8.822134e-002 -1.718750e-001 -4.080113e-002
      vertex -1.041043e-001 -1.718750e-001 -1.108622e-002
    endloop
  endfacet
  facet normal -9.569404e-001  0.000000e+000 -2.902847e-001
    outer loop
      vertex -1.041043e-001  6.616068e-018 -1.108622e-002
      vertex -1.041043e-001 -1.718750e-001 -1.108622e-002
      vertex -1.138850e-001  7.862954e-018  2.115635e-002
    endloop
  endfacet
  facet normal -9.569404e-001  -0.000000e+000 -2.902847e-001
    outer loop
      vertex -1.138850e-001  7.862954e-018  2.115635e-002
      vertex -1.041043e-001 -1.718750e-001 -1.108622e-002
      vertex -1.138850e-001 -1.718750e-001  2.115635e-002
    endloop
  endfacet
  facet normal -9.951847e-001  0.000000e+000 -9.801712e-002
    outer loop
      vertex -1.138850e-001  7.862954e-018  2.115635e-002
      vertex -1.138850e-001 -1.718750e-001  2.115635e-002
      vertex -1.171875e-001  9.540979e-018  5.468750e-002
    endloop
  endfacet
  facet normal -9.951847e-001  -0.000000e+000 -9.801712e-002
    outer loop
      vertex -1.171875e-001  9.540979e-018  5.468750e-002
      vertex -1.138850e-001 -1.718750e-001  2.115635e-002
      vertex -1.171875e-001 -1.718750e-001  5.468750e-002
    endloop
  endfacet
  facet normal  0.000000e+000  0.000000e+000  1.000000e+000
    outer loop
      vertex -7.812500e-003 -1.718750e-001  1.171875e-001
      vertex -7.812500e-003  1.908196e-017  1.171875e-001
      vertex -1.171875e-001 -1.718750e-001  1.171875e-001
    endloop
  endfacet
  facet normal  0.000000e+000  0.000000e+000  1.000000e+000
    outer loop
      vertex -1.171875e-001 -1.718750e-001  1.171875e-001
      vertex -7.812500e-003  1.908196e-017  1.171875e-001
      vertex -1.171875e-001  1.301043e-017  1.171875e-001
    endloop
  endfacet
  facet normal  1.000000e+000  0.000000e+000  0.000000e+000
    outer loop
      vertex  1.171875e-001 -1.718750e-001 -1.171875e-001
      vertex  1.171875e-001  1.301043e-017 -1.171875e-001
      vertex  1.171875e-001 -1.718750e-001  1.093750e-001
    endloop
  endfacet
  facet normal  1.000000e+000  -0.000000e+000  0.000000e+000
    outer loop
      vertex  1.171875e-001 -1.718750e-001  1.093750e-001
      vertex  1.171875e-001  1.301043e-017 -1.171875e-001
      vertex  1.171875e-001  2.558717e-017  1.093750e-001
    endloop
  endfacet
  facet normal  6.237829e-002  0.000000e+000  9.980526e-001
    outer loop
      vertex  1.171875e-001 -1.718750e-001  1.093750e-001
      vertex  1.171875e-001  2.558717e-017  1.093750e-001
      vertex -7.812500e-003 -1.718750e-001  1.171875e-001
    endloop
  endfacet
  facet normal  6.237829e-002  -0.000000e+000  9.980526e-001
    outer loop
      vertex -7.812500e-003 -1.718750e-001  1.171875e-001
      vertex  1.171875e-001  2.558717e-017  1.093750e-001
      vertex -7.812500e-003  1.908196e-017  1.171875e-001
    endloop
  endfacet
endsolid CATIA STL
