solid CATIA STL
  facet normal  0.000000e+000  1.000000e+000  -0.000000e+000
    outer loop
      vertex  7.343750e-001  0.000000e+000  3.868421e-001
      vertex  7.343750e-001  0.000000e+000 -4.496750e-017
      vertex  7.812500e-003  0.000000e+000 -4.783777e-019
    endloop
  endfacet
  facet normal  0.000000e+000  1.000000e+000  -0.000000e+000
    outer loop
      vertex  7.343750e-001  0.000000e+000  3.868421e-001
      vertex  7.812500e-003  0.000000e+000 -4.783777e-019
      vertex  6.288357e-003  0.000000e+000  1.501150e-004
    endloop
  endfacet
  facet normal  0.000000e+000  1.000000e+000  -0.000000e+000
    outer loop
      vertex  7.343750e-001  0.000000e+000  3.868421e-001
      vertex  6.288357e-003  0.000000e+000  1.501150e-004
      vertex  4.822786e-003  0.000000e+000  5.946911e-004
    endloop
  endfacet
  facet normal  0.000000e+000  1.000000e+000  -0.000000e+000
    outer loop
      vertex  7.343750e-001  0.000000e+000  3.868421e-001
      vertex  4.822786e-003  0.000000e+000  5.946911e-004
      vertex  3.472107e-003  0.000000e+000  1.316644e-003
    endloop
  endfacet
  facet normal  0.000000e+000  1.000000e+000  -0.000000e+000
    outer loop
      vertex  7.343750e-001  0.000000e+000  3.868421e-001
      vertex  3.472107e-003  0.000000e+000  1.316644e-003
      vertex  2.288228e-003  0.000000e+000  2.288228e-003
    endloop
  endfacet
  facet normal  0.000000e+000  1.000000e+000  -0.000000e+000
    outer loop
      vertex  7.343750e-001  0.000000e+000  3.868421e-001
      vertex  2.288228e-003  0.000000e+000  2.288228e-003
      vertex  1.316644e-003  0.000000e+000  3.472107e-003
    endloop
  endfacet
  facet normal  0.000000e+000  1.000000e+000  -0.000000e+000
    outer loop
      vertex  7.343750e-001  0.000000e+000  3.868421e-001
      vertex  1.316644e-003  0.000000e+000  3.472107e-003
      vertex  5.946911e-004  0.000000e+000  4.822786e-003
    endloop
  endfacet
  facet normal  0.000000e+000  1.000000e+000  -0.000000e+000
    outer loop
      vertex  7.343750e-001  0.000000e+000  3.868421e-001
      vertex  5.946911e-004  0.000000e+000  4.822786e-003
      vertex  1.501150e-004  0.000000e+000  6.288357e-003
    endloop
  endfacet
  facet normal  0.000000e+000  1.000000e+000  -0.000000e+000
    outer loop
      vertex  7.343750e-001  0.000000e+000  3.868421e-001
      vertex  1.501150e-004  0.000000e+000  6.288357e-003
      vertex  4.783777e-019  0.000000e+000  7.812500e-003
    endloop
  endfacet
  facet normal  0.000000e+000  1.000000e+000  0.000000e+000
    outer loop
      vertex  7.343750e-001  0.000000e+000  3.868421e-001
      vertex  4.783777e-019  0.000000e+000  7.812500e-003
      vertex  2.368725e-017  0.000000e+000  3.868421e-001
    endloop
  endfacet
  facet normal -6.123234e-017  0.000000e+000 -1.000000e+000
    outer loop
      vertex  7.812500e-003  0.000000e+000 -4.783777e-019
      vertex  7.343750e-001  0.000000e+000 -4.496750e-017
      vertex  7.812500e-003 -4.687500e-002 -4.783777e-019
    endloop
  endfacet
  facet normal -6.123079e-017  1.299018e-021 -9.999999e-001
    outer loop
      vertex  7.454236e-001 -4.576457e-003 -4.564403e-017
      vertex  7.473667e-001 -6.944215e-003 -4.576301e-017
      vertex  7.488106e-001 -9.645571e-003 -4.585143e-017
    endloop
  endfacet
  facet normal -6.123463e-017 -1.262530e-021 -1.000000e+000
    outer loop
      vertex  7.454236e-001 -4.576457e-003 -4.564403e-017
      vertex  7.488106e-001 -9.645571e-003 -4.585143e-017
      vertex  7.496998e-001 -1.257671e-002 -4.590587e-017
    endloop
  endfacet
  facet normal -6.123257e-017 -1.662004e-022 -1.000000e+000
    outer loop
      vertex  7.454236e-001 -4.576457e-003 -4.564403e-017
      vertex  7.496998e-001 -1.257671e-002 -4.590587e-017
      vertex  7.500000e-001 -1.562500e-002 -4.592425e-017
    endloop
  endfacet
  facet normal -6.123234e-017 -3.789358e-023 -1.000000e+000
    outer loop
      vertex  7.500000e-001 -4.687500e-002 -4.592425e-017
      vertex  7.812500e-003 -4.687500e-002 -4.783777e-019
      vertex  7.343750e-001  0.000000e+000 -4.496750e-017
    endloop
  endfacet
  facet normal -6.123136e-017  2.918799e-022 -1.000000e+000
    outer loop
      vertex  7.500000e-001 -4.687500e-002 -4.592425e-017
      vertex  7.343750e-001  0.000000e+000 -4.496750e-017
      vertex  7.374233e-001 -3.002300e-004 -4.515415e-017
    endloop
  endfacet
  facet normal -6.123324e-017 -2.181941e-022 -1.000000e+000
    outer loop
      vertex  7.500000e-001 -4.687500e-002 -4.592425e-017
      vertex  7.374233e-001 -3.002300e-004 -4.515415e-017
      vertex  7.403544e-001 -1.189382e-003 -4.533363e-017
    endloop
  endfacet
  facet normal -6.123242e-017 -4.612759e-023 -1.000000e+000
    outer loop
      vertex  7.500000e-001 -4.687500e-002 -4.592425e-017
      vertex  7.403544e-001 -1.189382e-003 -4.533363e-017
      vertex  7.430558e-001 -2.633287e-003 -4.549904e-017
    endloop
  endfacet
  facet normal -6.123204e-017  1.427335e-023 -1.000000e+000
    outer loop
      vertex  7.500000e-001 -4.687500e-002 -4.592425e-017
      vertex  7.430558e-001 -2.633287e-003 -4.549904e-017
      vertex  7.454236e-001 -4.576457e-003 -4.564403e-017
    endloop
  endfacet
  facet normal -6.123217e-017  0.000000e+000 -1.000000e+000
    outer loop
      vertex  7.500000e-001 -4.687500e-002 -4.592425e-017
      vertex  7.454236e-001 -4.576457e-003 -4.564403e-017
      vertex  7.500000e-001 -1.562500e-002 -4.592425e-017
    endloop
  endfacet
  facet normal  0.000000e+000 -1.000000e+000  -0.000000e+000
    outer loop
      vertex  7.500000e-001 -4.687500e-002  3.868421e-001
      vertex  2.368725e-017 -4.687500e-002  3.868421e-001
      vertex  4.783777e-019 -4.687500e-002  7.812500e-003
    endloop
  endfacet
  facet normal  0.000000e+000 -1.000000e+000  0.000000e+000
    outer loop
      vertex  7.500000e-001 -4.687500e-002  3.868421e-001
      vertex  4.783777e-019 -4.687500e-002  7.812500e-003
      vertex  1.501150e-004 -4.687500e-002  6.288357e-003
    endloop
  endfacet
  facet normal  0.000000e+000 -1.000000e+000  0.000000e+000
    outer loop
      vertex  7.500000e-001 -4.687500e-002  3.868421e-001
      vertex  1.501150e-004 -4.687500e-002  6.288357e-003
      vertex  5.946911e-004 -4.687500e-002  4.822786e-003
    endloop
  endfacet
  facet normal  0.000000e+000 -1.000000e+000  0.000000e+000
    outer loop
      vertex  7.500000e-001 -4.687500e-002  3.868421e-001
      vertex  5.946911e-004 -4.687500e-002  4.822786e-003
      vertex  1.316644e-003 -4.687500e-002  3.472107e-003
    endloop
  endfacet
  facet normal  0.000000e+000 -1.000000e+000  0.000000e+000
    outer loop
      vertex  7.500000e-001 -4.687500e-002  3.868421e-001
      vertex  1.316644e-003 -4.687500e-002  3.472107e-003
      vertex  2.288228e-003 -4.687500e-002  2.288228e-003
    endloop
  endfacet
  facet normal  0.000000e+000 -9.999999e-001  0.000000e+000
    outer loop
      vertex  7.500000e-001 -4.687500e-002  3.868421e-001
      vertex  2.288228e-003 -4.687500e-002  2.288228e-003
      vertex  3.472107e-003 -4.687500e-002  1.316644e-003
    endloop
  endfacet
  facet normal  0.000000e+000 -1.000000e+000  0.000000e+000
    outer loop
      vertex  7.500000e-001 -4.687500e-002  3.868421e-001
      vertex  3.472107e-003 -4.687500e-002  1.316644e-003
      vertex  4.822786e-003 -4.687500e-002  5.946911e-004
    endloop
  endfacet
  facet normal  0.000000e+000 -9.999999e-001  0.000000e+000
    outer loop
      vertex  7.500000e-001 -4.687500e-002  3.868421e-001
      vertex  4.822786e-003 -4.687500e-002  5.946911e-004
      vertex  6.288357e-003 -4.687500e-002  1.501150e-004
    endloop
  endfacet
  facet normal  0.000000e+000 -1.000000e+000  0.000000e+000
    outer loop
      vertex  7.500000e-001 -4.687500e-002  3.868421e-001
      vertex  6.288357e-003 -4.687500e-002  1.501150e-004
      vertex  7.812500e-003 -4.687500e-002 -4.783777e-019
    endloop
  endfacet
  facet normal  0.000000e+000 -1.000000e+000  0.000000e+000
    outer loop
      vertex  7.500000e-001 -4.687500e-002  3.868421e-001
      vertex  7.812500e-003 -4.687500e-002 -4.783777e-019
      vertex  7.500000e-001 -4.687500e-002 -4.592425e-017
    endloop
  endfacet
  facet normal -1.000000e+000  0.000000e+000  6.123234e-017
    outer loop
      vertex  2.368725e-017 -4.687500e-002  3.868421e-001
      vertex  2.368725e-017  0.000000e+000  3.868421e-001
      vertex  4.783777e-019 -4.687500e-002  7.812500e-003
    endloop
  endfacet
  facet normal -1.000000e+000  0.000000e+000  6.123234e-017
    outer loop
      vertex  4.783777e-019 -4.687500e-002  7.812500e-003
      vertex  2.368725e-017  0.000000e+000  3.868421e-001
      vertex  4.783777e-019  0.000000e+000  7.812500e-003
    endloop
  endfacet
  facet normal -9.801715e-002  0.000000e+000 -9.951847e-001
    outer loop
      vertex  7.812500e-003  0.000000e+000 -4.783777e-019
      vertex  7.812500e-003 -4.687500e-002 -4.783777e-019
      vertex  6.288357e-003  0.000000e+000  1.501150e-004
    endloop
  endfacet
  facet normal -9.801715e-002  -0.000000e+000 -9.951847e-001
    outer loop
      vertex  6.288357e-003  0.000000e+000  1.501150e-004
      vertex  7.812500e-003 -4.687500e-002 -4.783777e-019
      vertex  6.288357e-003 -4.687500e-002  1.501150e-004
    endloop
  endfacet
  facet normal -2.902846e-001  0.000000e+000 -9.569404e-001
    outer loop
      vertex  6.288357e-003  0.000000e+000  1.501150e-004
      vertex  6.288357e-003 -4.687500e-002  1.501150e-004
      vertex  4.822786e-003  0.000000e+000  5.946911e-004
    endloop
  endfacet
  facet normal -2.902846e-001  -0.000000e+000 -9.569404e-001
    outer loop
      vertex  4.822786e-003  0.000000e+000  5.946911e-004
      vertex  6.288357e-003 -4.687500e-002  1.501150e-004
      vertex  4.822786e-003 -4.687500e-002  5.946911e-004
    endloop
  endfacet
  facet normal -4.713968e-001  0.000000e+000 -8.819212e-001
    outer loop
      vertex  4.822786e-003  0.000000e+000  5.946911e-004
      vertex  4.822786e-003 -4.687500e-002  5.946911e-004
      vertex  3.472107e-003  0.000000e+000  1.316644e-003
    endloop
  endfacet
  facet normal -4.713968e-001  -0.000000e+000 -8.819212e-001
    outer loop
      vertex  3.472107e-003  0.000000e+000  1.316644e-003
      vertex  4.822786e-003 -4.687500e-002  5.946911e-004
      vertex  3.472107e-003 -4.687500e-002  1.316644e-003
    endloop
  endfacet
  facet normal -6.343934e-001  0.000000e+000 -7.730104e-001
    outer loop
      vertex  3.472107e-003  0.000000e+000  1.316644e-003
      vertex  3.472107e-003 -4.687500e-002  1.316644e-003
      vertex  2.288228e-003  0.000000e+000  2.288228e-003
    endloop
  endfacet
  facet normal -6.343934e-001  -0.000000e+000 -7.730104e-001
    outer loop
      vertex  2.288228e-003  0.000000e+000  2.288228e-003
      vertex  3.472107e-003 -4.687500e-002  1.316644e-003
      vertex  2.288228e-003 -4.687500e-002  2.288228e-003
    endloop
  endfacet
  facet normal -7.730104e-001  0.000000e+000 -6.343934e-001
    outer loop
      vertex  2.288228e-003  0.000000e+000  2.288228e-003
      vertex  2.288228e-003 -4.687500e-002  2.288228e-003
      vertex  1.316644e-003  0.000000e+000  3.472107e-003
    endloop
  endfacet
  facet normal -7.730104e-001  -0.000000e+000 -6.343934e-001
    outer loop
      vertex  1.316644e-003  0.000000e+000  3.472107e-003
      vertex  2.288228e-003 -4.687500e-002  2.288228e-003
      vertex  1.316644e-003 -4.687500e-002  3.472107e-003
    endloop
  endfacet
  facet normal -8.819212e-001  0.000000e+000 -4.713968e-001
    outer loop
      vertex  1.316644e-003  0.000000e+000  3.472107e-003
      vertex  1.316644e-003 -4.687500e-002  3.472107e-003
      vertex  5.946911e-004  0.000000e+000  4.822786e-003
    endloop
  endfacet
  facet normal -8.819212e-001  -0.000000e+000 -4.713968e-001
    outer loop
      vertex  5.946911e-004  0.000000e+000  4.822786e-003
      vertex  1.316644e-003 -4.687500e-002  3.472107e-003
      vertex  5.946911e-004 -4.687500e-002  4.822786e-003
    endloop
  endfacet
  facet normal -9.569404e-001  0.000000e+000 -2.902846e-001
    outer loop
      vertex  5.946911e-004  0.000000e+000  4.822786e-003
      vertex  5.946911e-004 -4.687500e-002  4.822786e-003
      vertex  1.501150e-004  0.000000e+000  6.288357e-003
    endloop
  endfacet
  facet normal -9.569404e-001  -0.000000e+000 -2.902846e-001
    outer loop
      vertex  1.501150e-004  0.000000e+000  6.288357e-003
      vertex  5.946911e-004 -4.687500e-002  4.822786e-003
      vertex  1.501150e-004 -4.687500e-002  6.288357e-003
    endloop
  endfacet
  facet normal -9.951847e-001  0.000000e+000 -9.801715e-002
    outer loop
      vertex  1.501150e-004  0.000000e+000  6.288357e-003
      vertex  1.501150e-004 -4.687500e-002  6.288357e-003
      vertex  4.783777e-019  0.000000e+000  7.812500e-003
    endloop
  endfacet
  facet normal -9.951847e-001  -0.000000e+000 -9.801715e-002
    outer loop
      vertex  4.783777e-019  0.000000e+000  7.812500e-003
      vertex  1.501150e-004 -4.687500e-002  6.288357e-003
      vertex  4.783777e-019 -4.687500e-002  7.812500e-003
    endloop
  endfacet
  facet normal  0.000000e+000  0.000000e+000  9.999999e-001
    outer loop
      vertex  7.500000e-001 -1.562500e-002  3.868421e-001
      vertex  7.496998e-001 -1.257671e-002  3.868421e-001
      vertex  7.488106e-001 -9.645571e-003  3.868421e-001
    endloop
  endfacet
  facet normal  0.000000e+000  0.000000e+000  9.999999e-001
    outer loop
      vertex  7.343750e-001  0.000000e+000  3.868421e-001
      vertex  7.403544e-001 -1.189382e-003  3.868421e-001
      vertex  7.374233e-001 -3.002300e-004  3.868421e-001
    endloop
  endfacet
  facet normal  0.000000e+000  0.000000e+000  1.000000e+000
    outer loop
      vertex  2.368725e-017 -4.687500e-002  3.868421e-001
      vertex  7.500000e-001 -4.687500e-002  3.868421e-001
      vertex  7.403544e-001 -1.189382e-003  3.868421e-001
    endloop
  endfacet
  facet normal  0.000000e+000  0.000000e+000  1.000000e+000
    outer loop
      vertex  2.368725e-017 -4.687500e-002  3.868421e-001
      vertex  7.403544e-001 -1.189382e-003  3.868421e-001
      vertex  7.343750e-001  0.000000e+000  3.868421e-001
    endloop
  endfacet
  facet normal  0.000000e+000  0.000000e+000  9.999999e-001
    outer loop
      vertex  2.368725e-017 -4.687500e-002  3.868421e-001
      vertex  7.343750e-001  0.000000e+000  3.868421e-001
      vertex  2.368725e-017  0.000000e+000  3.868421e-001
    endloop
  endfacet
  facet normal  0.000000e+000  0.000000e+000  1.000000e+000
    outer loop
      vertex  7.500000e-001 -4.687500e-002  3.868421e-001
      vertex  7.500000e-001 -1.562500e-002  3.868421e-001
      vertex  7.488106e-001 -9.645571e-003  3.868421e-001
    endloop
  endfacet
  facet normal  0.000000e+000  0.000000e+000  1.000000e+000
    outer loop
      vertex  7.500000e-001 -4.687500e-002  3.868421e-001
      vertex  7.488106e-001 -9.645571e-003  3.868421e-001
      vertex  7.473667e-001 -6.944215e-003  3.868421e-001
    endloop
  endfacet
  facet normal  0.000000e+000  0.000000e+000  1.000000e+000
    outer loop
      vertex  7.500000e-001 -4.687500e-002  3.868421e-001
      vertex  7.473667e-001 -6.944215e-003  3.868421e-001
      vertex  7.454236e-001 -4.576457e-003  3.868421e-001
    endloop
  endfacet
  facet normal  0.000000e+000  0.000000e+000  1.000000e+000
    outer loop
      vertex  7.500000e-001 -4.687500e-002  3.868421e-001
      vertex  7.454236e-001 -4.576457e-003  3.868421e-001
      vertex  7.430558e-001 -2.633287e-003  3.868421e-001
    endloop
  endfacet
  facet normal  0.000000e+000  0.000000e+000  9.999999e-001
    outer loop
      vertex  7.500000e-001 -4.687500e-002  3.868421e-001
      vertex  7.430558e-001 -2.633287e-003  3.868421e-001
      vertex  7.403544e-001 -1.189382e-003  3.868421e-001
    endloop
  endfacet
  facet normal  1.000000e+000  0.000000e+000  0.000000e+000
    outer loop
      vertex  7.500000e-001 -4.687500e-002 -4.592425e-017
      vertex  7.500000e-001 -1.562500e-002 -4.592425e-017
      vertex  7.500000e-001 -4.687500e-002  3.868421e-001
    endloop
  endfacet
  facet normal  1.000000e+000  -0.000000e+000  0.000000e+000
    outer loop
      vertex  7.500000e-001 -4.687500e-002  3.868421e-001
      vertex  7.500000e-001 -1.562500e-002 -4.592425e-017
      vertex  7.500000e-001 -1.562500e-002  3.868421e-001
    endloop
  endfacet
  facet normal  9.801668e-002  9.951848e-001  0.000000e+000
    outer loop
      vertex  7.343750e-001  0.000000e+000 -4.496750e-017
      vertex  7.343750e-001  0.000000e+000  3.868421e-001
      vertex  7.374233e-001 -3.002300e-004 -4.515415e-017
    endloop
  endfacet
  facet normal  9.801668e-002  9.951848e-001  -0.000000e+000
    outer loop
      vertex  7.374233e-001 -3.002300e-004 -4.515415e-017
      vertex  7.343750e-001  0.000000e+000  3.868421e-001
      vertex  7.374233e-001 -3.002300e-004  3.868421e-001
    endloop
  endfacet
  facet normal  2.902869e-001  9.569397e-001  0.000000e+000
    outer loop
      vertex  7.374233e-001 -3.002300e-004 -4.515415e-017
      vertex  7.374233e-001 -3.002300e-004  3.868421e-001
      vertex  7.403544e-001 -1.189382e-003 -4.533363e-017
    endloop
  endfacet
  facet normal  2.902869e-001  9.569397e-001  -0.000000e+000
    outer loop
      vertex  7.403544e-001 -1.189382e-003 -4.533363e-017
      vertex  7.374233e-001 -3.002300e-004  3.868421e-001
      vertex  7.403544e-001 -1.189382e-003  3.868421e-001
    endloop
  endfacet
  facet normal  4.713987e-001  8.819203e-001  0.000000e+000
    outer loop
      vertex  7.403544e-001 -1.189382e-003 -4.533363e-017
      vertex  7.403544e-001 -1.189382e-003  3.868421e-001
      vertex  7.430558e-001 -2.633287e-003 -4.549904e-017
    endloop
  endfacet
  facet normal  4.713987e-001  8.819203e-001  -0.000000e+000
    outer loop
      vertex  7.430558e-001 -2.633287e-003 -4.549904e-017
      vertex  7.403544e-001 -1.189382e-003  3.868421e-001
      vertex  7.430558e-001 -2.633287e-003  3.868421e-001
    endloop
  endfacet
  facet normal  6.343876e-001  7.730151e-001  0.000000e+000
    outer loop
      vertex  7.430558e-001 -2.633287e-003 -4.549904e-017
      vertex  7.430558e-001 -2.633287e-003  3.868421e-001
      vertex  7.454236e-001 -4.576457e-003 -4.564403e-017
    endloop
  endfacet
  facet normal  6.343876e-001  7.730151e-001  -0.000000e+000
    outer loop
      vertex  7.454236e-001 -4.576457e-003 -4.564403e-017
      vertex  7.430558e-001 -2.633287e-003  3.868421e-001
      vertex  7.454236e-001 -4.576457e-003  3.868421e-001
    endloop
  endfacet
  facet normal  7.730101e-001  6.343937e-001  0.000000e+000
    outer loop
      vertex  7.454236e-001 -4.576457e-003 -4.564403e-017
      vertex  7.454236e-001 -4.576457e-003  3.868421e-001
      vertex  7.473667e-001 -6.944215e-003 -4.576301e-017
    endloop
  endfacet
  facet normal  7.730101e-001  6.343937e-001  -0.000000e+000
    outer loop
      vertex  7.473667e-001 -6.944215e-003 -4.576301e-017
      vertex  7.454236e-001 -4.576457e-003  3.868421e-001
      vertex  7.473667e-001 -6.944215e-003  3.868421e-001
    endloop
  endfacet
  facet normal  8.819270e-001  4.713861e-001  0.000000e+000
    outer loop
      vertex  7.473667e-001 -6.944215e-003 -4.576301e-017
      vertex  7.473667e-001 -6.944215e-003  3.868421e-001
      vertex  7.488106e-001 -9.645571e-003 -4.585143e-017
    endloop
  endfacet
  facet normal  8.819270e-001  4.713861e-001  -0.000000e+000
    outer loop
      vertex  7.488106e-001 -9.645571e-003 -4.585143e-017
      vertex  7.473667e-001 -6.944215e-003  3.868421e-001
      vertex  7.488106e-001 -9.645571e-003  3.868421e-001
    endloop
  endfacet
  facet normal  9.569377e-001  2.902935e-001  0.000000e+000
    outer loop
      vertex  7.488106e-001 -9.645571e-003 -4.585143e-017
      vertex  7.488106e-001 -9.645571e-003  3.868421e-001
      vertex  7.496998e-001 -1.257671e-002 -4.590587e-017
    endloop
  endfacet
  facet normal  9.569377e-001  2.902935e-001  -0.000000e+000
    outer loop
      vertex  7.496998e-001 -1.257671e-002 -4.590587e-017
      vertex  7.488106e-001 -9.645571e-003  3.868421e-001
      vertex  7.496998e-001 -1.257671e-002  3.868421e-001
    endloop
  endfacet
  facet normal  9.951847e-001  9.801670e-002  0.000000e+000
    outer loop
      vertex  7.496998e-001 -1.257671e-002 -4.590587e-017
      vertex  7.496998e-001 -1.257671e-002  3.868421e-001
      vertex  7.500000e-001 -1.562500e-002 -4.592425e-017
    endloop
  endfacet
  facet normal  9.951847e-001  9.801670e-002  -0.000000e+000
    outer loop
      vertex  7.500000e-001 -1.562500e-002 -4.592425e-017
      vertex  7.496998e-001 -1.257671e-002  3.868421e-001
      vertex  7.500000e-001 -1.562500e-002  3.868421e-001
    endloop
  endfacet
endsolid CATIA STL
