solid CATIA STL
  facet normal  0.000000e+000  0.000000e+000  9.999999e-001
    outer loop
      vertex -2.890625e-001  3.203125e-001  6.406250e-001
      vertex -2.890625e-001 -3.203125e-001  6.406250e-001
      vertex  3.203125e-001 -3.203125e-001  6.406250e-001
    endloop
  endfacet
  facet normal  0.000000e+000  -0.000000e+000  1.000000e+000
    outer loop
      vertex -2.890625e-001  3.203125e-001  6.406250e-001
      vertex  3.203125e-001 -3.203125e-001  6.406250e-001
      vertex  3.203125e-001  1.796875e-001  6.406250e-001
    endloop
  endfacet
  facet normal  0.000000e+000  0.000000e+000  1.000000e+000
    outer loop
      vertex -2.890625e-001  3.203125e-001  6.406250e-001
      vertex  3.203125e-001  1.796875e-001  6.406250e-001
      vertex  3.176104e-001  2.071221e-001  6.406250e-001
    endloop
  endfacet
  facet normal  0.000000e+000  0.000000e+000  1.000000e+000
    outer loop
      vertex -2.890625e-001  3.203125e-001  6.406250e-001
      vertex  3.176104e-001  2.071221e-001  6.406250e-001
      vertex  3.096081e-001  2.335024e-001  6.406250e-001
    endloop
  endfacet
  facet normal  0.000000e+000  0.000000e+000  9.999999e-001
    outer loop
      vertex -2.890625e-001  3.203125e-001  6.406250e-001
      vertex  3.096081e-001  2.335024e-001  6.406250e-001
      vertex  2.966129e-001  2.578146e-001  6.406250e-001
    endloop
  endfacet
  facet normal  0.000000e+000  0.000000e+000  1.000000e+000
    outer loop
      vertex -2.890625e-001  3.203125e-001  6.406250e-001
      vertex  2.966129e-001  2.578146e-001  6.406250e-001
      vertex  2.791244e-001  2.791244e-001  6.406250e-001
    endloop
  endfacet
  facet normal  0.000000e+000  0.000000e+000  1.000000e+000
    outer loop
      vertex -2.890625e-001  3.203125e-001  6.406250e-001
      vertex  2.791244e-001  2.791244e-001  6.406250e-001
      vertex  2.578146e-001  2.966129e-001  6.406250e-001
    endloop
  endfacet
  facet normal  0.000000e+000  0.000000e+000  1.000000e+000
    outer loop
      vertex -2.890625e-001  3.203125e-001  6.406250e-001
      vertex  2.578146e-001  2.966129e-001  6.406250e-001
      vertex  2.335024e-001  3.096081e-001  6.406250e-001
    endloop
  endfacet
  facet normal  0.000000e+000  0.000000e+000  1.000000e+000
    outer loop
      vertex -2.890625e-001  3.203125e-001  6.406250e-001
      vertex  2.335024e-001  3.096081e-001  6.406250e-001
      vertex  2.071221e-001  3.176104e-001  6.406250e-001
    endloop
  endfacet
  facet normal  0.000000e+000  0.000000e+000  1.000000e+000
    outer loop
      vertex -2.890625e-001  3.203125e-001  6.406250e-001
      vertex  2.071221e-001  3.176104e-001  6.406250e-001
      vertex  1.796875e-001  3.203125e-001  6.406250e-001
    endloop
  endfacet
  facet normal  0.000000e+000  1.000000e+000  0.000000e+000
    outer loop
      vertex -2.890625e-001  3.203125e-001  6.406250e-001
      vertex -3.010214e-001  3.203125e-001  6.382462e-001
      vertex -2.951591e-001  3.203125e-001  6.400245e-001
    endloop
  endfacet
  facet normal  0.000000e+000  9.999999e-001  -0.000000e+000
    outer loop
      vertex  1.796875e-001  3.203125e-001  6.406250e-001
      vertex  1.796875e-001  3.203125e-001  0.000000e+000
      vertex -3.203125e-001  3.203125e-001  0.000000e+000
    endloop
  endfacet
  facet normal  0.000000e+000  1.000000e+000  0.000000e+000
    outer loop
      vertex  1.796875e-001  3.203125e-001  6.406250e-001
      vertex -3.203125e-001  3.203125e-001  0.000000e+000
      vertex -3.203125e-001  3.203125e-001  6.093750e-001
    endloop
  endfacet
  facet normal  0.000000e+000  1.000000e+000  0.000000e+000
    outer loop
      vertex  1.796875e-001  3.203125e-001  6.406250e-001
      vertex -3.203125e-001  3.203125e-001  6.093750e-001
      vertex -3.197120e-001  3.203125e-001  6.154716e-001
    endloop
  endfacet
  facet normal  0.000000e+000  1.000000e+000  0.000000e+000
    outer loop
      vertex  1.796875e-001  3.203125e-001  6.406250e-001
      vertex -3.197120e-001  3.203125e-001  6.154716e-001
      vertex -3.179337e-001  3.203125e-001  6.213338e-001
    endloop
  endfacet
  facet normal  0.000000e+000  1.000000e+000  0.000000e+000
    outer loop
      vertex  1.796875e-001  3.203125e-001  6.406250e-001
      vertex -3.179337e-001  3.203125e-001  6.213338e-001
      vertex -3.150459e-001  3.203125e-001  6.267366e-001
    endloop
  endfacet
  facet normal  0.000000e+000  1.000000e+000  0.000000e+000
    outer loop
      vertex  1.796875e-001  3.203125e-001  6.406250e-001
      vertex -3.150459e-001  3.203125e-001  6.267366e-001
      vertex -3.111596e-001  3.203125e-001  6.314721e-001
    endloop
  endfacet
  facet normal  0.000000e+000  1.000000e+000  0.000000e+000
    outer loop
      vertex  1.796875e-001  3.203125e-001  6.406250e-001
      vertex -3.111596e-001  3.203125e-001  6.314721e-001
      vertex -3.064241e-001  3.203125e-001  6.353585e-001
    endloop
  endfacet
  facet normal  0.000000e+000  1.000000e+000  0.000000e+000
    outer loop
      vertex  1.796875e-001  3.203125e-001  6.406250e-001
      vertex -3.064241e-001  3.203125e-001  6.353585e-001
      vertex -3.010214e-001  3.203125e-001  6.382462e-001
    endloop
  endfacet
  facet normal  0.000000e+000  1.000000e+000  0.000000e+000
    outer loop
      vertex  1.796875e-001  3.203125e-001  6.406250e-001
      vertex -3.010214e-001  3.203125e-001  6.382462e-001
      vertex -2.890625e-001  3.203125e-001  6.406250e-001
    endloop
  endfacet
  facet normal  -0.000000e+000  -0.000000e+000 -1.000000e+000
    outer loop
      vertex -3.203125e-001  3.203125e-001  0.000000e+000
      vertex  1.796875e-001  3.203125e-001  0.000000e+000
      vertex  2.071221e-001  3.176104e-001  0.000000e+000
    endloop
  endfacet
  facet normal  -0.000000e+000  -0.000000e+000 -1.000000e+000
    outer loop
      vertex -3.203125e-001  3.203125e-001  0.000000e+000
      vertex  2.071221e-001  3.176104e-001  0.000000e+000
      vertex  2.335024e-001  3.096081e-001  0.000000e+000
    endloop
  endfacet
  facet normal  -0.000000e+000  -0.000000e+000 -1.000000e+000
    outer loop
      vertex -3.203125e-001  3.203125e-001  0.000000e+000
      vertex  2.335024e-001  3.096081e-001  0.000000e+000
      vertex  2.578146e-001  2.966129e-001  0.000000e+000
    endloop
  endfacet
  facet normal  -0.000000e+000  -0.000000e+000 -1.000000e+000
    outer loop
      vertex -3.203125e-001  3.203125e-001  0.000000e+000
      vertex  2.578146e-001  2.966129e-001  0.000000e+000
      vertex  2.791244e-001  2.791244e-001  0.000000e+000
    endloop
  endfacet
  facet normal  -0.000000e+000  -0.000000e+000 -1.000000e+000
    outer loop
      vertex -3.203125e-001  3.203125e-001  0.000000e+000
      vertex  2.791244e-001  2.791244e-001  0.000000e+000
      vertex  2.966129e-001  2.578146e-001  0.000000e+000
    endloop
  endfacet
  facet normal  -0.000000e+000  -0.000000e+000 -1.000000e+000
    outer loop
      vertex -3.203125e-001  3.203125e-001  0.000000e+000
      vertex  2.966129e-001  2.578146e-001  0.000000e+000
      vertex  3.096081e-001  2.335024e-001  0.000000e+000
    endloop
  endfacet
  facet normal  -0.000000e+000  -0.000000e+000 -1.000000e+000
    outer loop
      vertex -3.203125e-001  3.203125e-001  0.000000e+000
      vertex  3.096081e-001  2.335024e-001  0.000000e+000
      vertex  3.176104e-001  2.071221e-001  0.000000e+000
    endloop
  endfacet
  facet normal  -0.000000e+000  -0.000000e+000 -1.000000e+000
    outer loop
      vertex -3.203125e-001  3.203125e-001  0.000000e+000
      vertex  3.176104e-001  2.071221e-001  0.000000e+000
      vertex  3.203125e-001  1.796875e-001  0.000000e+000
    endloop
  endfacet
  facet normal  -0.000000e+000  -0.000000e+000 -9.999999e-001
    outer loop
      vertex -3.203125e-001  3.203125e-001  0.000000e+000
      vertex  3.203125e-001  1.796875e-001  0.000000e+000
      vertex  3.203125e-001 -3.203125e-001  0.000000e+000
    endloop
  endfacet
  facet normal  0.000000e+000  0.000000e+000 -1.000000e+000
    outer loop
      vertex -3.203125e-001  3.203125e-001  0.000000e+000
      vertex  3.203125e-001 -3.203125e-001  0.000000e+000
      vertex -3.203125e-001 -3.203125e-001  0.000000e+000
    endloop
  endfacet
  facet normal  9.999999e-001  0.000000e+000  0.000000e+000
    outer loop
      vertex  3.203125e-001 -3.203125e-001  0.000000e+000
      vertex  3.203125e-001  1.796875e-001  0.000000e+000
      vertex  3.203125e-001 -3.203125e-001  6.406250e-001
    endloop
  endfacet
  facet normal  9.999999e-001  -0.000000e+000  0.000000e+000
    outer loop
      vertex  3.203125e-001 -3.203125e-001  6.406250e-001
      vertex  3.203125e-001  1.796875e-001  0.000000e+000
      vertex  3.203125e-001  1.796875e-001  6.406250e-001
    endloop
  endfacet
  facet normal  9.801670e-002  9.951848e-001  0.000000e+000
    outer loop
      vertex  1.796875e-001  3.203125e-001  0.000000e+000
      vertex  1.796875e-001  3.203125e-001  6.406250e-001
      vertex  2.071221e-001  3.176104e-001  0.000000e+000
    endloop
  endfacet
  facet normal  9.801670e-002  9.951848e-001  -0.000000e+000
    outer loop
      vertex  2.071221e-001  3.176104e-001  0.000000e+000
      vertex  1.796875e-001  3.203125e-001  6.406250e-001
      vertex  2.071221e-001  3.176104e-001  6.406250e-001
    endloop
  endfacet
  facet normal  2.902846e-001  9.569404e-001  0.000000e+000
    outer loop
      vertex  2.071221e-001  3.176104e-001  0.000000e+000
      vertex  2.071221e-001  3.176104e-001  6.406250e-001
      vertex  2.335024e-001  3.096081e-001  0.000000e+000
    endloop
  endfacet
  facet normal  2.902846e-001  9.569404e-001  -0.000000e+000
    outer loop
      vertex  2.335024e-001  3.096081e-001  0.000000e+000
      vertex  2.071221e-001  3.176104e-001  6.406250e-001
      vertex  2.335024e-001  3.096081e-001  6.406250e-001
    endloop
  endfacet
  facet normal  4.713971e-001  8.819211e-001  0.000000e+000
    outer loop
      vertex  2.335024e-001  3.096081e-001  0.000000e+000
      vertex  2.335024e-001  3.096081e-001  6.406250e-001
      vertex  2.578146e-001  2.966129e-001  0.000000e+000
    endloop
  endfacet
  facet normal  4.713971e-001  8.819211e-001  -0.000000e+000
    outer loop
      vertex  2.578146e-001  2.966129e-001  0.000000e+000
      vertex  2.335024e-001  3.096081e-001  6.406250e-001
      vertex  2.578146e-001  2.966129e-001  6.406250e-001
    endloop
  endfacet
  facet normal  6.343937e-001  7.730101e-001  0.000000e+000
    outer loop
      vertex  2.578146e-001  2.966129e-001  0.000000e+000
      vertex  2.578146e-001  2.966129e-001  6.406250e-001
      vertex  2.791244e-001  2.791244e-001  0.000000e+000
    endloop
  endfacet
  facet normal  6.343937e-001  7.730101e-001  -0.000000e+000
    outer loop
      vertex  2.791244e-001  2.791244e-001  0.000000e+000
      vertex  2.578146e-001  2.966129e-001  6.406250e-001
      vertex  2.791244e-001  2.791244e-001  6.406250e-001
    endloop
  endfacet
  facet normal  7.730101e-001  6.343937e-001  0.000000e+000
    outer loop
      vertex  2.791244e-001  2.791244e-001  0.000000e+000
      vertex  2.791244e-001  2.791244e-001  6.406250e-001
      vertex  2.966129e-001  2.578146e-001  0.000000e+000
    endloop
  endfacet
  facet normal  7.730101e-001  6.343937e-001  -0.000000e+000
    outer loop
      vertex  2.966129e-001  2.578146e-001  0.000000e+000
      vertex  2.791244e-001  2.791244e-001  6.406250e-001
      vertex  2.966129e-001  2.578146e-001  6.406250e-001
    endloop
  endfacet
  facet normal  8.819211e-001  4.713971e-001  0.000000e+000
    outer loop
      vertex  2.966129e-001  2.578146e-001  0.000000e+000
      vertex  2.966129e-001  2.578146e-001  6.406250e-001
      vertex  3.096081e-001  2.335024e-001  0.000000e+000
    endloop
  endfacet
  facet normal  8.819211e-001  4.713971e-001  -0.000000e+000
    outer loop
      vertex  3.096081e-001  2.335024e-001  0.000000e+000
      vertex  2.966129e-001  2.578146e-001  6.406250e-001
      vertex  3.096081e-001  2.335024e-001  6.406250e-001
    endloop
  endfacet
  facet normal  9.569404e-001  2.902846e-001  0.000000e+000
    outer loop
      vertex  3.096081e-001  2.335024e-001  0.000000e+000
      vertex  3.096081e-001  2.335024e-001  6.406250e-001
      vertex  3.176104e-001  2.071221e-001  0.000000e+000
    endloop
  endfacet
  facet normal  9.569404e-001  2.902846e-001  -0.000000e+000
    outer loop
      vertex  3.176104e-001  2.071221e-001  0.000000e+000
      vertex  3.096081e-001  2.335024e-001  6.406250e-001
      vertex  3.176104e-001  2.071221e-001  6.406250e-001
    endloop
  endfacet
  facet normal  9.951848e-001  9.801670e-002  0.000000e+000
    outer loop
      vertex  3.176104e-001  2.071221e-001  0.000000e+000
      vertex  3.176104e-001  2.071221e-001  6.406250e-001
      vertex  3.203125e-001  1.796875e-001  0.000000e+000
    endloop
  endfacet
  facet normal  9.951848e-001  9.801670e-002  -0.000000e+000
    outer loop
      vertex  3.203125e-001  1.796875e-001  0.000000e+000
      vertex  3.176104e-001  2.071221e-001  6.406250e-001
      vertex  3.203125e-001  1.796875e-001  6.406250e-001
    endloop
  endfacet
  facet normal -9.999999e-001  0.000000e+000  0.000000e+000
    outer loop
      vertex -3.203125e-001  3.203125e-001  0.000000e+000
      vertex -3.203125e-001 -3.203125e-001  0.000000e+000
      vertex -3.203125e-001  3.203125e-001  6.093750e-001
    endloop
  endfacet
  facet normal -9.999999e-001  -0.000000e+000  0.000000e+000
    outer loop
      vertex -3.203125e-001  3.203125e-001  6.093750e-001
      vertex -3.203125e-001 -3.203125e-001  0.000000e+000
      vertex -3.203125e-001 -3.203125e-001  6.093750e-001
    endloop
  endfacet
  facet normal  0.000000e+000 -1.000000e+000  -0.000000e+000
    outer loop
      vertex -2.890625e-001 -3.203125e-001  6.406250e-001
      vertex -2.951591e-001 -3.203125e-001  6.400245e-001
      vertex -3.010214e-001 -3.203125e-001  6.382462e-001
    endloop
  endfacet
  facet normal  0.000000e+000 -1.000000e+000  -0.000000e+000
    outer loop
      vertex  3.203125e-001 -3.203125e-001  6.406250e-001
      vertex -2.890625e-001 -3.203125e-001  6.406250e-001
      vertex -3.010214e-001 -3.203125e-001  6.382462e-001
    endloop
  endfacet
  facet normal  0.000000e+000 -1.000000e+000  -0.000000e+000
    outer loop
      vertex  3.203125e-001 -3.203125e-001  6.406250e-001
      vertex -3.010214e-001 -3.203125e-001  6.382462e-001
      vertex -3.064241e-001 -3.203125e-001  6.353585e-001
    endloop
  endfacet
  facet normal  0.000000e+000 -1.000000e+000  -0.000000e+000
    outer loop
      vertex  3.203125e-001 -3.203125e-001  6.406250e-001
      vertex -3.064241e-001 -3.203125e-001  6.353585e-001
      vertex -3.111596e-001 -3.203125e-001  6.314721e-001
    endloop
  endfacet
  facet normal  0.000000e+000 -1.000000e+000  -0.000000e+000
    outer loop
      vertex  3.203125e-001 -3.203125e-001  6.406250e-001
      vertex -3.111596e-001 -3.203125e-001  6.314721e-001
      vertex -3.150459e-001 -3.203125e-001  6.267366e-001
    endloop
  endfacet
  facet normal  0.000000e+000 -1.000000e+000  -0.000000e+000
    outer loop
      vertex  3.203125e-001 -3.203125e-001  6.406250e-001
      vertex -3.150459e-001 -3.203125e-001  6.267366e-001
      vertex -3.179337e-001 -3.203125e-001  6.213338e-001
    endloop
  endfacet
  facet normal  0.000000e+000 -1.000000e+000  -0.000000e+000
    outer loop
      vertex  3.203125e-001 -3.203125e-001  6.406250e-001
      vertex -3.179337e-001 -3.203125e-001  6.213338e-001
      vertex -3.197120e-001 -3.203125e-001  6.154716e-001
    endloop
  endfacet
  facet normal  0.000000e+000 -9.999999e-001  -0.000000e+000
    outer loop
      vertex  3.203125e-001 -3.203125e-001  6.406250e-001
      vertex -3.197120e-001 -3.203125e-001  6.154716e-001
      vertex -3.203125e-001 -3.203125e-001  6.093750e-001
    endloop
  endfacet
  facet normal  0.000000e+000 -9.999999e-001  0.000000e+000
    outer loop
      vertex  3.203125e-001 -3.203125e-001  6.406250e-001
      vertex -3.203125e-001 -3.203125e-001  6.093750e-001
      vertex -3.203125e-001 -3.203125e-001  0.000000e+000
    endloop
  endfacet
  facet normal  0.000000e+000 -1.000000e+000  0.000000e+000
    outer loop
      vertex  3.203125e-001 -3.203125e-001  6.406250e-001
      vertex -3.203125e-001 -3.203125e-001  0.000000e+000
      vertex  3.203125e-001 -3.203125e-001  0.000000e+000
    endloop
  endfacet
  facet normal -9.951848e-001  0.000000e+000  9.801622e-002
    outer loop
      vertex -3.203125e-001  3.203125e-001  6.093750e-001
      vertex -3.203125e-001 -3.203125e-001  6.093750e-001
      vertex -3.197120e-001  3.203125e-001  6.154716e-001
    endloop
  endfacet
  facet normal -9.951848e-001  0.000000e+000  9.801622e-002
    outer loop
      vertex -3.197120e-001  3.203125e-001  6.154716e-001
      vertex -3.203125e-001 -3.203125e-001  6.093750e-001
      vertex -3.197120e-001 -3.203125e-001  6.154716e-001
    endloop
  endfacet
  facet normal -9.569396e-001  0.000000e+000  2.902869e-001
    outer loop
      vertex -3.197120e-001  3.203125e-001  6.154716e-001
      vertex -3.197120e-001 -3.203125e-001  6.154716e-001
      vertex -3.179337e-001  3.203125e-001  6.213338e-001
    endloop
  endfacet
  facet normal -9.569396e-001  0.000000e+000  2.902869e-001
    outer loop
      vertex -3.179337e-001  3.203125e-001  6.213338e-001
      vertex -3.197120e-001 -3.203125e-001  6.154716e-001
      vertex -3.179337e-001 -3.203125e-001  6.213338e-001
    endloop
  endfacet
  facet normal -8.819221e-001  0.000000e+000  4.713953e-001
    outer loop
      vertex -3.179337e-001  3.203125e-001  6.213338e-001
      vertex -3.179337e-001 -3.203125e-001  6.213338e-001
      vertex -3.150459e-001  3.203125e-001  6.267366e-001
    endloop
  endfacet
  facet normal -8.819221e-001  0.000000e+000  4.713953e-001
    outer loop
      vertex -3.150459e-001  3.203125e-001  6.267366e-001
      vertex -3.179337e-001 -3.203125e-001  6.213338e-001
      vertex -3.150459e-001 -3.203125e-001  6.267366e-001
    endloop
  endfacet
  facet normal -7.730109e-001  0.000000e+000  6.343926e-001
    outer loop
      vertex -3.150459e-001  3.203125e-001  6.267366e-001
      vertex -3.150459e-001 -3.203125e-001  6.267366e-001
      vertex -3.111596e-001  3.203125e-001  6.314721e-001
    endloop
  endfacet
  facet normal -7.730109e-001  0.000000e+000  6.343926e-001
    outer loop
      vertex -3.111596e-001  3.203125e-001  6.314721e-001
      vertex -3.150459e-001 -3.203125e-001  6.267366e-001
      vertex -3.111596e-001 -3.203125e-001  6.314721e-001
    endloop
  endfacet
  facet normal -6.343951e-001  0.000000e+000  7.730090e-001
    outer loop
      vertex -3.111596e-001  3.203125e-001  6.314721e-001
      vertex -3.111596e-001 -3.203125e-001  6.314721e-001
      vertex -3.064241e-001  3.203125e-001  6.353585e-001
    endloop
  endfacet
  facet normal -6.343951e-001  0.000000e+000  7.730090e-001
    outer loop
      vertex -3.064241e-001  3.203125e-001  6.353585e-001
      vertex -3.111596e-001 -3.203125e-001  6.314721e-001
      vertex -3.064241e-001 -3.203125e-001  6.353585e-001
    endloop
  endfacet
  facet normal -4.713936e-001  0.000000e+000  8.819230e-001
    outer loop
      vertex -3.064241e-001  3.203125e-001  6.353585e-001
      vertex -3.064241e-001 -3.203125e-001  6.353585e-001
      vertex -3.010214e-001  3.203125e-001  6.382462e-001
    endloop
  endfacet
  facet normal -4.713936e-001  0.000000e+000  8.819230e-001
    outer loop
      vertex -3.010214e-001  3.203125e-001  6.382462e-001
      vertex -3.064241e-001 -3.203125e-001  6.353585e-001
      vertex -3.010214e-001 -3.203125e-001  6.382462e-001
    endloop
  endfacet
  facet normal -2.902842e-001  0.000000e+000  9.569405e-001
    outer loop
      vertex -3.010214e-001  3.203125e-001  6.382462e-001
      vertex -3.010214e-001 -3.203125e-001  6.382462e-001
      vertex -2.951591e-001  3.203125e-001  6.400245e-001
    endloop
  endfacet
  facet normal -2.902842e-001  0.000000e+000  9.569405e-001
    outer loop
      vertex -2.951591e-001  3.203125e-001  6.400245e-001
      vertex -3.010214e-001 -3.203125e-001  6.382462e-001
      vertex -2.951591e-001 -3.203125e-001  6.400245e-001
    endloop
  endfacet
  facet normal -9.801670e-002  0.000000e+000  9.951848e-001
    outer loop
      vertex -2.951591e-001  3.203125e-001  6.400245e-001
      vertex -2.951591e-001 -3.203125e-001  6.400245e-001
      vertex -2.890625e-001  3.203125e-001  6.406250e-001
    endloop
  endfacet
  facet normal -9.801670e-002  0.000000e+000  9.951848e-001
    outer loop
      vertex -2.890625e-001  3.203125e-001  6.406250e-001
      vertex -2.951591e-001 -3.203125e-001  6.400245e-001
      vertex -2.890625e-001 -3.203125e-001  6.406250e-001
    endloop
  endfacet
endsolid CATIA STL
