solid CATIA STL
  facet normal  0.000000e+000  0.000000e+000  1.000000e+000
    outer loop
      vertex -4.037829e-001 -4.037829e-001  7.500000e-001
      vertex  3.959704e-001 -4.037829e-001  7.500000e-001
      vertex -4.037829e-001  3.959704e-001  7.500000e-001
    endloop
  endfacet
  facet normal  -0.000000e+000  0.000000e+000  1.000000e+000
    outer loop
      vertex -4.037829e-001  3.959704e-001  7.500000e-001
      vertex  3.959704e-001 -4.037829e-001  7.500000e-001
      vertex  3.959704e-001  3.959704e-001  7.500000e-001
    endloop
  endfacet
  facet normal -9.999999e-001  0.000000e+000  0.000000e+000
    outer loop
      vertex -4.819079e-001 -4.819079e-001  1.562500e-002
      vertex -4.819079e-001 -4.819079e-001  6.250000e-001
      vertex -4.819079e-001 -4.043400e-001  1.562500e-002
    endloop
  endfacet
  facet normal -1.000000e+000  0.000000e+000  0.000000e+000
    outer loop
      vertex -4.819079e-001 -4.043400e-001  1.562500e-002
      vertex -4.819079e-001 -4.819079e-001  6.250000e-001
      vertex -4.819079e-001  4.740954e-001  6.250000e-001
    endloop
  endfacet
  facet normal -1.000000e+000  0.000000e+000  -0.000000e+000
    outer loop
      vertex -4.819079e-001 -4.043400e-001  1.562500e-002
      vertex -4.819079e-001  4.740954e-001  6.250000e-001
      vertex -4.819079e-001  4.740954e-001  1.562500e-002
    endloop
  endfacet
  facet normal  0.000000e+000  1.000000e+000  -0.000000e+000
    outer loop
      vertex  4.740954e-001  4.740954e-001  6.250000e-001
      vertex  4.740954e-001  4.740954e-001  1.562500e-002
      vertex -4.819079e-001  4.740954e-001  6.250000e-001
    endloop
  endfacet
  facet normal  0.000000e+000  1.000000e+000  0.000000e+000
    outer loop
      vertex -4.819079e-001  4.740954e-001  6.250000e-001
      vertex  4.740954e-001  4.740954e-001  1.562500e-002
      vertex -4.819079e-001  4.740954e-001  1.562500e-002
    endloop
  endfacet
  facet normal  1.000000e+000  0.000000e+000  0.000000e+000
    outer loop
      vertex  4.740954e-001 -4.819079e-001  6.250000e-001
      vertex  4.740954e-001 -4.819079e-001  1.562500e-002
      vertex  4.740954e-001  4.740954e-001  6.250000e-001
    endloop
  endfacet
  facet normal  1.000000e+000  0.000000e+000  0.000000e+000
    outer loop
      vertex  4.740954e-001  4.740954e-001  6.250000e-001
      vertex  4.740954e-001 -4.819079e-001  1.562500e-002
      vertex  4.740954e-001  4.740954e-001  1.562500e-002
    endloop
  endfacet
  facet normal  0.000000e+000 -1.000000e+000  -0.000000e+000
    outer loop
      vertex  4.740954e-001 -4.819079e-001  1.562500e-002
      vertex  4.740954e-001 -4.819079e-001  6.250000e-001
      vertex -4.043400e-001 -4.819079e-001  1.562500e-002
    endloop
  endfacet
  facet normal  0.000000e+000 -1.000000e+000  0.000000e+000
    outer loop
      vertex -4.043400e-001 -4.819079e-001  1.562500e-002
      vertex  4.740954e-001 -4.819079e-001  6.250000e-001
      vertex -4.819079e-001 -4.819079e-001  6.250000e-001
    endloop
  endfacet
  facet normal  0.000000e+000 -9.999999e-001  0.000000e+000
    outer loop
      vertex -4.043400e-001 -4.819079e-001  1.562500e-002
      vertex -4.819079e-001 -4.819079e-001  6.250000e-001
      vertex -4.819079e-001 -4.819079e-001  1.562500e-002
    endloop
  endfacet
  facet normal  -0.000000e+000  8.479983e-001  5.299990e-001
    outer loop
      vertex  4.740954e-001  4.740954e-001  6.250000e-001
      vertex -4.819079e-001  4.740954e-001  6.250000e-001
      vertex  3.959704e-001  3.959704e-001  7.500000e-001
    endloop
  endfacet
  facet normal  0.000000e+000  8.479984e-001  5.299990e-001
    outer loop
      vertex  3.959704e-001  3.959704e-001  7.500000e-001
      vertex -4.819079e-001  4.740954e-001  6.250000e-001
      vertex -4.037829e-001  3.959704e-001  7.500000e-001
    endloop
  endfacet
  facet normal  8.479983e-001  0.000000e+000  5.299990e-001
    outer loop
      vertex  4.740954e-001 -4.819079e-001  6.250000e-001
      vertex  4.740954e-001  4.740954e-001  6.250000e-001
      vertex  3.959704e-001 -4.037829e-001  7.500000e-001
    endloop
  endfacet
  facet normal  8.479984e-001  -0.000000e+000  5.299990e-001
    outer loop
      vertex  3.959704e-001 -4.037829e-001  7.500000e-001
      vertex  4.740954e-001  4.740954e-001  6.250000e-001
      vertex  3.959704e-001  3.959704e-001  7.500000e-001
    endloop
  endfacet
  facet normal  0.000000e+000 -8.479983e-001  5.299990e-001
    outer loop
      vertex -4.819079e-001 -4.819079e-001  6.250000e-001
      vertex  4.740954e-001 -4.819079e-001  6.250000e-001
      vertex -4.037829e-001 -4.037829e-001  7.500000e-001
    endloop
  endfacet
  facet normal  0.000000e+000 -8.479984e-001  5.299990e-001
    outer loop
      vertex -4.037829e-001 -4.037829e-001  7.500000e-001
      vertex  4.740954e-001 -4.819079e-001  6.250000e-001
      vertex  3.959704e-001 -4.037829e-001  7.500000e-001
    endloop
  endfacet
  facet normal -8.479983e-001  0.000000e+000  5.299990e-001
    outer loop
      vertex -4.819079e-001  4.740954e-001  6.250000e-001
      vertex -4.819079e-001 -4.819079e-001  6.250000e-001
      vertex -4.037829e-001  3.959704e-001  7.500000e-001
    endloop
  endfacet
  facet normal -8.479984e-001  0.000000e+000  5.299990e-001
    outer loop
      vertex -4.037829e-001  3.959704e-001  7.500000e-001
      vertex -4.819079e-001 -4.819079e-001  6.250000e-001
      vertex -4.037829e-001 -4.037829e-001  7.500000e-001
    endloop
  endfacet
  facet normal  0.000000e+000  0.000000e+000 -1.000000e+000
    outer loop
      vertex -4.819079e-001 -4.819079e-001  1.562500e-002
      vertex -4.819079e-001 -4.043400e-001  1.562500e-002
      vertex -4.718151e-001 -4.244646e-001  1.562500e-002
    endloop
  endfacet
  facet normal  0.000000e+000  -0.000000e+000 -1.000000e+000
    outer loop
      vertex -4.819079e-001 -4.819079e-001  1.562500e-002
      vertex -4.718151e-001 -4.244646e-001  1.562500e-002
      vertex -4.586400e-001 -4.427205e-001  1.562500e-002
    endloop
  endfacet
  facet normal  0.000000e+000  -0.000000e+000 -1.000000e+000
    outer loop
      vertex -4.819079e-001 -4.819079e-001  1.562500e-002
      vertex -4.586400e-001 -4.427205e-001  1.562500e-002
      vertex -4.427205e-001 -4.586400e-001  1.562500e-002
    endloop
  endfacet
  facet normal  0.000000e+000  -0.000000e+000 -1.000000e+000
    outer loop
      vertex -4.819079e-001 -4.819079e-001  1.562500e-002
      vertex -4.427205e-001 -4.586400e-001  1.562500e-002
      vertex -4.244646e-001 -4.718151e-001  1.562500e-002
    endloop
  endfacet
  facet normal  0.000000e+000  -0.000000e+000 -1.000000e+000
    outer loop
      vertex -4.819079e-001 -4.819079e-001  1.562500e-002
      vertex -4.244646e-001 -4.718151e-001  1.562500e-002
      vertex -4.043400e-001 -4.819079e-001  1.562500e-002
    endloop
  endfacet
  facet normal  0.000000e+000  0.000000e+000  1.000000e+000
    outer loop
      vertex -3.515625e-001 -4.921875e-001  1.562500e-002
      vertex  4.740954e-001 -4.819079e-001  1.562500e-002
      vertex -3.784471e-001 -4.895937e-001  1.562500e-002
    endloop
  endfacet
  facet normal  0.000000e+000  -0.000000e+000  1.000000e+000
    outer loop
      vertex -4.043400e-001 -4.819079e-001  1.562500e-002
      vertex -3.784471e-001 -4.895937e-001  1.562500e-002
      vertex  4.740954e-001 -4.819079e-001  1.562500e-002
    endloop
  endfacet
  facet normal  -0.000000e+000  -0.000000e+000  1.000000e+000
    outer loop
      vertex -4.921875e-001 -3.515625e-001  1.562500e-002
      vertex -4.895937e-001 -3.784471e-001  1.562500e-002
      vertex -4.819079e-001 -4.043400e-001  1.562500e-002
    endloop
  endfacet
  facet normal  0.000000e+000  -0.000000e+000  1.000000e+000
    outer loop
      vertex -4.921875e-001 -3.515625e-001  1.562500e-002
      vertex -4.819079e-001 -4.043400e-001  1.562500e-002
      vertex -4.819079e-001  4.740954e-001  1.562500e-002
    endloop
  endfacet
  facet normal  0.000000e+000  0.000000e+000  1.000000e+000
    outer loop
      vertex -4.921875e-001 -3.515625e-001  1.562500e-002
      vertex -4.819079e-001  4.740954e-001  1.562500e-002
      vertex -4.921875e-001  4.843750e-001  1.562500e-002
    endloop
  endfacet
  facet normal  0.000000e+000  -0.000000e+000  1.000000e+000
    outer loop
      vertex -4.921875e-001  4.843750e-001  1.562500e-002
      vertex -4.819079e-001  4.740954e-001  1.562500e-002
      vertex  4.843750e-001  4.843750e-001  1.562500e-002
    endloop
  endfacet
  facet normal  0.000000e+000  0.000000e+000  9.999999e-001
    outer loop
      vertex  4.843750e-001  4.843750e-001  1.562500e-002
      vertex -4.819079e-001  4.740954e-001  1.562500e-002
      vertex  4.740954e-001  4.740954e-001  1.562500e-002
    endloop
  endfacet
  facet normal  -0.000000e+000  0.000000e+000  1.000000e+000
    outer loop
      vertex  4.843750e-001  4.843750e-001  1.562500e-002
      vertex  4.740954e-001  4.740954e-001  1.562500e-002
      vertex  4.843750e-001 -4.921875e-001  1.562500e-002
    endloop
  endfacet
  facet normal  0.000000e+000  0.000000e+000  9.999999e-001
    outer loop
      vertex  4.843750e-001 -4.921875e-001  1.562500e-002
      vertex  4.740954e-001  4.740954e-001  1.562500e-002
      vertex  4.740954e-001 -4.819079e-001  1.562500e-002
    endloop
  endfacet
  facet normal  0.000000e+000  0.000000e+000  1.000000e+000
    outer loop
      vertex  4.843750e-001 -4.921875e-001  1.562500e-002
      vertex  4.740954e-001 -4.819079e-001  1.562500e-002
      vertex -3.515625e-001 -4.921875e-001  1.562500e-002
    endloop
  endfacet
  facet normal -4.711829e-001 -8.815203e-001 -3.014580e-002
    outer loop
      vertex -4.053774e-001 -4.814831e-001  0.000000e+000
      vertex -4.244646e-001 -4.718151e-001  1.562500e-002
      vertex -4.296896e-001 -4.684879e-001  0.000000e+000
    endloop
  endfacet
  facet normal -5.850484e-001 -8.106717e-001  2.301725e-002
    outer loop
      vertex -4.296896e-001 -4.684879e-001  0.000000e+000
      vertex -4.244646e-001 -4.718151e-001  1.562500e-002
      vertex -4.427205e-001 -4.586400e-001  1.562500e-002
    endloop
  endfacet
  facet normal -6.338382e-001 -7.723333e-001 -4.183591e-002
    outer loop
      vertex -4.296896e-001 -4.684879e-001  0.000000e+000
      vertex -4.427205e-001 -4.586400e-001  1.562500e-002
      vertex -4.509994e-001 -4.509994e-001  0.000000e+000
    endloop
  endfacet
  facet normal -7.068121e-001 -7.068121e-001  2.886901e-002
    outer loop
      vertex -4.427205e-001 -4.586400e-001  1.562500e-002
      vertex -4.586400e-001 -4.427205e-001  1.562500e-002
      vertex -4.509994e-001 -4.509994e-001  0.000000e+000
    endloop
  endfacet
  facet normal -7.723333e-001 -6.338382e-001 -4.183591e-002
    outer loop
      vertex -4.684879e-001 -4.296896e-001  0.000000e+000
      vertex -4.509994e-001 -4.509994e-001  0.000000e+000
      vertex -4.586400e-001 -4.427205e-001  1.562500e-002
    endloop
  endfacet
  facet normal -8.106717e-001 -5.850484e-001  2.301725e-002
    outer loop
      vertex -4.586400e-001 -4.427205e-001  1.562500e-002
      vertex -4.718151e-001 -4.244646e-001  1.562500e-002
      vertex -4.684879e-001 -4.296896e-001  0.000000e+000
    endloop
  endfacet
  facet normal -8.815203e-001 -4.711829e-001 -3.014580e-002
    outer loop
      vertex -4.814831e-001 -4.053774e-001  0.000000e+000
      vertex -4.684879e-001 -4.296896e-001  0.000000e+000
      vertex -4.718151e-001 -4.244646e-001  1.562500e-002
    endloop
  endfacet
  facet normal -9.801665e-002 -9.951848e-001  -0.000000e+000
    outer loop
      vertex -3.515625e-001 -4.921875e-001  0.000000e+000
      vertex -3.515625e-001 -4.921875e-001  1.562500e-002
      vertex -3.789971e-001 -4.894854e-001  0.000000e+000
    endloop
  endfacet
  facet normal -9.603292e-002 -9.953719e-001 -3.515425e-003
    outer loop
      vertex -3.789971e-001 -4.894854e-001  0.000000e+000
      vertex -3.515625e-001 -4.921875e-001  1.562500e-002
      vertex -3.784471e-001 -4.895937e-001  1.562500e-002
    endloop
  endfacet
  facet normal -2.902829e-001 -9.569342e-001  3.587734e-003
    outer loop
      vertex -3.789971e-001 -4.894854e-001  0.000000e+000
      vertex -3.784471e-001 -4.895937e-001  1.562500e-002
      vertex -4.053774e-001 -4.814831e-001  0.000000e+000
    endloop
  endfacet
  facet normal -2.845512e-001 -9.586340e-001 -7.173452e-003
    outer loop
      vertex -4.053774e-001 -4.814831e-001  0.000000e+000
      vertex -3.784471e-001 -4.895937e-001  1.562500e-002
      vertex -4.043400e-001 -4.819079e-001  1.562500e-002
    endloop
  endfacet
  facet normal -4.482926e-001 -8.938702e-001  5.458070e-003
    outer loop
      vertex -4.053774e-001 -4.814831e-001  0.000000e+000
      vertex -4.043400e-001 -4.819079e-001  1.562500e-002
      vertex -4.244646e-001 -4.718151e-001  1.562500e-002
    endloop
  endfacet
  facet normal -9.953781e-001 -9.603351e-002  0.000000e+000
    outer loop
      vertex -4.921875e-001 -3.515625e-001  1.562500e-002
      vertex -4.921875e-001 -3.515625e-001  0.000000e+000
      vertex -4.895937e-001 -3.784471e-001  1.562500e-002
    endloop
  endfacet
  facet normal -9.951788e-001 -9.801606e-002 -3.444288e-003
    outer loop
      vertex -4.895937e-001 -3.784471e-001  1.562500e-002
      vertex -4.921875e-001 -3.515625e-001  0.000000e+000
      vertex -4.894854e-001 -3.789971e-001  0.000000e+000
    endloop
  endfacet
  facet normal -9.586532e-001 -2.845569e-001  3.374290e-003
    outer loop
      vertex -4.895937e-001 -3.784471e-001  1.562500e-002
      vertex -4.894854e-001 -3.789971e-001  0.000000e+000
      vertex -4.819079e-001 -4.043400e-001  1.562500e-002
    endloop
  endfacet
  facet normal -9.569185e-001 -2.902782e-001 -6.746599e-003
    outer loop
      vertex -4.819079e-001 -4.043400e-001  1.562500e-002
      vertex -4.894854e-001 -3.789971e-001  0.000000e+000
      vertex -4.814831e-001 -4.053774e-001  0.000000e+000
    endloop
  endfacet
  facet normal -8.938702e-001 -4.482926e-001  5.458070e-003
    outer loop
      vertex -4.819079e-001 -4.043400e-001  1.562500e-002
      vertex -4.814831e-001 -4.053774e-001  0.000000e+000
      vertex -4.718151e-001 -4.244646e-001  1.562500e-002
    endloop
  endfacet
  facet normal  0.000000e+000  0.000000e+000 -1.000000e+000
    outer loop
      vertex -4.921875e-001 -3.515625e-001  0.000000e+000
      vertex -4.921875e-001  4.843750e-001  0.000000e+000
      vertex  4.843750e-001  4.843750e-001  0.000000e+000
    endloop
  endfacet
  facet normal  0.000000e+000  -0.000000e+000 -1.000000e+000
    outer loop
      vertex -4.921875e-001 -3.515625e-001  0.000000e+000
      vertex  4.843750e-001  4.843750e-001  0.000000e+000
      vertex  4.843750e-001 -4.921875e-001  0.000000e+000
    endloop
  endfacet
  facet normal  0.000000e+000  0.000000e+000 -1.000000e+000
    outer loop
      vertex -4.921875e-001 -3.515625e-001  0.000000e+000
      vertex  4.843750e-001 -4.921875e-001  0.000000e+000
      vertex -3.515625e-001 -4.921875e-001  0.000000e+000
    endloop
  endfacet
  facet normal  0.000000e+000  0.000000e+000 -1.000000e+000
    outer loop
      vertex -4.921875e-001 -3.515625e-001  0.000000e+000
      vertex -3.515625e-001 -4.921875e-001  0.000000e+000
      vertex -3.789971e-001 -4.894854e-001  0.000000e+000
    endloop
  endfacet
  facet normal  0.000000e+000  0.000000e+000 -1.000000e+000
    outer loop
      vertex -4.921875e-001 -3.515625e-001  0.000000e+000
      vertex -3.789971e-001 -4.894854e-001  0.000000e+000
      vertex -4.053774e-001 -4.814831e-001  0.000000e+000
    endloop
  endfacet
  facet normal  0.000000e+000  0.000000e+000 -1.000000e+000
    outer loop
      vertex -4.921875e-001 -3.515625e-001  0.000000e+000
      vertex -4.053774e-001 -4.814831e-001  0.000000e+000
      vertex -4.296896e-001 -4.684879e-001  0.000000e+000
    endloop
  endfacet
  facet normal  0.000000e+000  0.000000e+000 -1.000000e+000
    outer loop
      vertex -4.921875e-001 -3.515625e-001  0.000000e+000
      vertex -4.296896e-001 -4.684879e-001  0.000000e+000
      vertex -4.509994e-001 -4.509994e-001  0.000000e+000
    endloop
  endfacet
  facet normal  0.000000e+000  0.000000e+000 -1.000000e+000
    outer loop
      vertex -4.921875e-001 -3.515625e-001  0.000000e+000
      vertex -4.509994e-001 -4.509994e-001  0.000000e+000
      vertex -4.684879e-001 -4.296896e-001  0.000000e+000
    endloop
  endfacet
  facet normal  0.000000e+000  0.000000e+000 -1.000000e+000
    outer loop
      vertex -4.921875e-001 -3.515625e-001  0.000000e+000
      vertex -4.684879e-001 -4.296896e-001  0.000000e+000
      vertex -4.814831e-001 -4.053774e-001  0.000000e+000
    endloop
  endfacet
  facet normal  0.000000e+000  0.000000e+000 -9.999999e-001
    outer loop
      vertex -4.921875e-001 -3.515625e-001  0.000000e+000
      vertex -4.814831e-001 -4.053774e-001  0.000000e+000
      vertex -4.894854e-001 -3.789971e-001  0.000000e+000
    endloop
  endfacet
  facet normal -9.999999e-001  0.000000e+000  0.000000e+000
    outer loop
      vertex -4.921875e-001  4.843750e-001  1.562500e-002
      vertex -4.921875e-001  4.843750e-001  0.000000e+000
      vertex -4.921875e-001 -3.515625e-001  1.562500e-002
    endloop
  endfacet
  facet normal -9.999999e-001  0.000000e+000  0.000000e+000
    outer loop
      vertex -4.921875e-001 -3.515625e-001  1.562500e-002
      vertex -4.921875e-001  4.843750e-001  0.000000e+000
      vertex -4.921875e-001 -3.515625e-001  0.000000e+000
    endloop
  endfacet
  facet normal  0.000000e+000 -9.999999e-001  0.000000e+000
    outer loop
      vertex -3.515625e-001 -4.921875e-001  1.562500e-002
      vertex -3.515625e-001 -4.921875e-001  0.000000e+000
      vertex  4.843750e-001 -4.921875e-001  1.562500e-002
    endloop
  endfacet
  facet normal  0.000000e+000 -9.999999e-001  -0.000000e+000
    outer loop
      vertex  4.843750e-001 -4.921875e-001  1.562500e-002
      vertex -3.515625e-001 -4.921875e-001  0.000000e+000
      vertex  4.843750e-001 -4.921875e-001  0.000000e+000
    endloop
  endfacet
  facet normal  0.000000e+000  1.000000e+000  -0.000000e+000
    outer loop
      vertex  4.843750e-001  4.843750e-001  1.562500e-002
      vertex  4.843750e-001  4.843750e-001  0.000000e+000
      vertex -4.921875e-001  4.843750e-001  1.562500e-002
    endloop
  endfacet
  facet normal  0.000000e+000  1.000000e+000  0.000000e+000
    outer loop
      vertex -4.921875e-001  4.843750e-001  1.562500e-002
      vertex  4.843750e-001  4.843750e-001  0.000000e+000
      vertex -4.921875e-001  4.843750e-001  0.000000e+000
    endloop
  endfacet
  facet normal  1.000000e+000  0.000000e+000  0.000000e+000
    outer loop
      vertex  4.843750e-001 -4.921875e-001  1.562500e-002
      vertex  4.843750e-001 -4.921875e-001  0.000000e+000
      vertex  4.843750e-001  4.843750e-001  1.562500e-002
    endloop
  endfacet
  facet normal  1.000000e+000  0.000000e+000  0.000000e+000
    outer loop
      vertex  4.843750e-001  4.843750e-001  1.562500e-002
      vertex  4.843750e-001 -4.921875e-001  0.000000e+000
      vertex  4.843750e-001  4.843750e-001  0.000000e+000
    endloop
  endfacet
endsolid CATIA STL
