solid CATIA STL
  facet normal -5.551115e-017  9.999999e-001 -5.551115e-017
    outer loop
      vertex -2.734375e-001  5.637851e-018 -1.718750e-001
      vertex -2.734375e-001  2.602085e-017  1.953125e-001
      vertex  2.734375e-001  5.637851e-017  1.953125e-001
    endloop
  endfacet
  facet normal -5.551115e-017  1.000000e+000 -5.551115e-017
    outer loop
      vertex -2.734375e-001  5.637851e-018 -1.718750e-001
      vertex  2.734375e-001  5.637851e-017  1.953125e-001
      vertex  2.734375e-001  3.035766e-017 -2.734375e-001
    endloop
  endfacet
  facet normal -5.551115e-017  9.999999e-001 -5.551115e-017
    outer loop
      vertex -2.734375e-001  5.637851e-018 -1.718750e-001
      vertex  2.734375e-001  3.035766e-017 -2.734375e-001
      vertex -1.718750e-001  5.637851e-018 -2.734375e-001
    endloop
  endfacet
  facet normal -5.551110e-017  1.000000e+000 -5.551110e-017
    outer loop
      vertex -2.734375e-001  5.637851e-018 -1.718750e-001
      vertex -1.718750e-001  5.637851e-018 -2.734375e-001
      vertex -1.916889e-001  4.646291e-018 -2.714860e-001
    endloop
  endfacet
  facet normal -5.551124e-017  1.000000e+000 -5.551121e-017
    outer loop
      vertex -2.734375e-001  5.637851e-018 -1.718750e-001
      vertex -1.916889e-001  4.646291e-018 -2.714860e-001
      vertex -2.107413e-001  3.909495e-018 -2.657065e-001
    endloop
  endfacet
  facet normal -5.551115e-017  1.000000e+000 -5.551116e-017
    outer loop
      vertex -2.734375e-001  5.637851e-018 -1.718750e-001
      vertex -2.107413e-001  3.909495e-018 -2.657065e-001
      vertex -2.283001e-001  3.455778e-018 -2.563211e-001
    endloop
  endfacet
  facet normal -5.551107e-017  1.000000e+000 -5.551111e-017
    outer loop
      vertex -2.734375e-001  5.637851e-018 -1.718750e-001
      vertex -2.283001e-001  3.455778e-018 -2.563211e-001
      vertex -2.436905e-001  3.302577e-018 -2.436905e-001
    endloop
  endfacet
  facet normal -5.551127e-017  1.000000e+000 -5.551119e-017
    outer loop
      vertex -2.734375e-001  5.637851e-018 -1.718750e-001
      vertex -2.436905e-001  3.302577e-018 -2.436905e-001
      vertex -2.563211e-001  3.455778e-018 -2.283001e-001
    endloop
  endfacet
  facet normal -5.551118e-017  1.000000e+000 -5.551116e-017
    outer loop
      vertex -2.734375e-001  5.637851e-018 -1.718750e-001
      vertex -2.563211e-001  3.455778e-018 -2.283001e-001
      vertex -2.657065e-001  3.909495e-018 -2.107413e-001
    endloop
  endfacet
  facet normal -5.551063e-017  1.000000e+000 -5.551106e-017
    outer loop
      vertex -2.734375e-001  5.637851e-018 -1.718750e-001
      vertex -2.657065e-001  3.909495e-018 -2.107413e-001
      vertex -2.714860e-001  4.646291e-018 -1.916889e-001
    endloop
  endfacet
  facet normal -1.000000e+000  0.000000e+000  0.000000e+000
    outer loop
      vertex -2.734375e-001 -7.500000e-001 -1.718750e-001
      vertex -2.734375e-001 -7.500000e-001  2.734375e-001
      vertex -2.734375e-001  5.637851e-018 -1.718750e-001
    endloop
  endfacet
  facet normal -1.000000e+000  0.000000e+000  0.000000e+000
    outer loop
      vertex -2.734375e-001  5.637851e-018 -1.718750e-001
      vertex -2.734375e-001 -7.500000e-001  2.734375e-001
      vertex -2.734375e-001 -1.093750e-001  2.734375e-001
    endloop
  endfacet
  facet normal -1.000000e+000  0.000000e+000  0.000000e+000
    outer loop
      vertex -2.734375e-001  5.637851e-018 -1.718750e-001
      vertex -2.734375e-001 -1.093750e-001  2.734375e-001
      vertex -2.734375e-001  2.602085e-017  1.953125e-001
    endloop
  endfacet
  facet normal  0.000000e+000 -1.000000e+000  0.000000e+000
    outer loop
      vertex -2.734375e-001 -7.500000e-001 -1.718750e-001
      vertex -2.714860e-001 -7.500000e-001 -1.916889e-001
      vertex -2.657065e-001 -7.500000e-001 -2.107413e-001
    endloop
  endfacet
  facet normal  0.000000e+000 -1.000000e+000  0.000000e+000
    outer loop
      vertex -2.734375e-001 -7.500000e-001 -1.718750e-001
      vertex -2.657065e-001 -7.500000e-001 -2.107413e-001
      vertex -2.563211e-001 -7.500000e-001 -2.283001e-001
    endloop
  endfacet
  facet normal  0.000000e+000 -1.000000e+000  0.000000e+000
    outer loop
      vertex -2.734375e-001 -7.500000e-001 -1.718750e-001
      vertex -2.563211e-001 -7.500000e-001 -2.283001e-001
      vertex -2.436905e-001 -7.500000e-001 -2.436905e-001
    endloop
  endfacet
  facet normal  0.000000e+000 -1.000000e+000  0.000000e+000
    outer loop
      vertex -2.734375e-001 -7.500000e-001 -1.718750e-001
      vertex -2.436905e-001 -7.500000e-001 -2.436905e-001
      vertex -2.283001e-001 -7.500000e-001 -2.563211e-001
    endloop
  endfacet
  facet normal  0.000000e+000 -1.000000e+000  0.000000e+000
    outer loop
      vertex -2.734375e-001 -7.500000e-001 -1.718750e-001
      vertex -2.283001e-001 -7.500000e-001 -2.563211e-001
      vertex -2.107413e-001 -7.500000e-001 -2.657065e-001
    endloop
  endfacet
  facet normal  0.000000e+000 -1.000000e+000  0.000000e+000
    outer loop
      vertex -2.734375e-001 -7.500000e-001 -1.718750e-001
      vertex -2.107413e-001 -7.500000e-001 -2.657065e-001
      vertex -1.916889e-001 -7.500000e-001 -2.714860e-001
    endloop
  endfacet
  facet normal  0.000000e+000 -1.000000e+000  0.000000e+000
    outer loop
      vertex -2.734375e-001 -7.500000e-001 -1.718750e-001
      vertex -1.916889e-001 -7.500000e-001 -2.714860e-001
      vertex -1.718750e-001 -7.500000e-001 -2.734375e-001
    endloop
  endfacet
  facet normal  0.000000e+000 -9.999999e-001  0.000000e+000
    outer loop
      vertex -2.734375e-001 -7.500000e-001 -1.718750e-001
      vertex -1.718750e-001 -7.500000e-001 -2.734375e-001
      vertex  2.734375e-001 -7.500000e-001 -2.734375e-001
    endloop
  endfacet
  facet normal  0.000000e+000 -1.000000e+000  0.000000e+000
    outer loop
      vertex -2.734375e-001 -7.500000e-001 -1.718750e-001
      vertex  2.734375e-001 -7.500000e-001 -2.734375e-001
      vertex  2.734375e-001 -7.500000e-001  2.734375e-001
    endloop
  endfacet
  facet normal  -0.000000e+000 -1.000000e+000  0.000000e+000
    outer loop
      vertex -2.734375e-001 -7.500000e-001 -1.718750e-001
      vertex  2.734375e-001 -7.500000e-001  2.734375e-001
      vertex -2.734375e-001 -7.500000e-001  2.734375e-001
    endloop
  endfacet
  facet normal  0.000000e+000  0.000000e+000 -1.000000e+000
    outer loop
      vertex -1.718750e-001  5.637851e-018 -2.734375e-001
      vertex  2.734375e-001  3.035766e-017 -2.734375e-001
      vertex -1.718750e-001 -7.500000e-001 -2.734375e-001
    endloop
  endfacet
  facet normal  0.000000e+000  0.000000e+000 -1.000000e+000
    outer loop
      vertex -1.718750e-001 -7.500000e-001 -2.734375e-001
      vertex  2.734375e-001  3.035766e-017 -2.734375e-001
      vertex  2.734375e-001 -7.500000e-001 -2.734375e-001
    endloop
  endfacet
  facet normal -9.801666e-002  0.000000e+000 -9.951847e-001
    outer loop
      vertex -1.718750e-001  5.637851e-018 -2.734375e-001
      vertex -1.718750e-001 -7.500000e-001 -2.734375e-001
      vertex -1.916889e-001  4.646291e-018 -2.714860e-001
    endloop
  endfacet
  facet normal -9.801666e-002  -0.000000e+000 -9.951847e-001
    outer loop
      vertex -1.916889e-001  4.646291e-018 -2.714860e-001
      vertex -1.718750e-001 -7.500000e-001 -2.734375e-001
      vertex -1.916889e-001 -7.500000e-001 -2.714860e-001
    endloop
  endfacet
  facet normal -2.902855e-001  0.000000e+000 -9.569401e-001
    outer loop
      vertex -1.916889e-001  4.646291e-018 -2.714860e-001
      vertex -1.916889e-001 -7.500000e-001 -2.714860e-001
      vertex -2.107413e-001  3.909495e-018 -2.657065e-001
    endloop
  endfacet
  facet normal -2.902855e-001  -0.000000e+000 -9.569401e-001
    outer loop
      vertex -2.107413e-001  3.909495e-018 -2.657065e-001
      vertex -1.916889e-001 -7.500000e-001 -2.714860e-001
      vertex -2.107413e-001 -7.500000e-001 -2.657065e-001
    endloop
  endfacet
  facet normal -4.713966e-001  0.000000e+000 -8.819214e-001
    outer loop
      vertex -2.107413e-001  3.909495e-018 -2.657065e-001
      vertex -2.107413e-001 -7.500000e-001 -2.657065e-001
      vertex -2.283001e-001  3.455778e-018 -2.563211e-001
    endloop
  endfacet
  facet normal -4.713966e-001  -0.000000e+000 -8.819214e-001
    outer loop
      vertex -2.283001e-001  3.455778e-018 -2.563211e-001
      vertex -2.107413e-001 -7.500000e-001 -2.657065e-001
      vertex -2.283001e-001 -7.500000e-001 -2.563211e-001
    endloop
  endfacet
  facet normal -6.343930e-001  0.000000e+000 -7.730108e-001
    outer loop
      vertex -2.283001e-001  3.455778e-018 -2.563211e-001
      vertex -2.283001e-001 -7.500000e-001 -2.563211e-001
      vertex -2.436905e-001  3.302577e-018 -2.436905e-001
    endloop
  endfacet
  facet normal -6.343930e-001  -0.000000e+000 -7.730108e-001
    outer loop
      vertex -2.436905e-001  3.302577e-018 -2.436905e-001
      vertex -2.283001e-001 -7.500000e-001 -2.563211e-001
      vertex -2.436905e-001 -7.500000e-001 -2.436905e-001
    endloop
  endfacet
  facet normal -7.730108e-001  0.000000e+000 -6.343930e-001
    outer loop
      vertex -2.436905e-001  3.302577e-018 -2.436905e-001
      vertex -2.436905e-001 -7.500000e-001 -2.436905e-001
      vertex -2.563211e-001  3.455778e-018 -2.283001e-001
    endloop
  endfacet
  facet normal -7.730108e-001  -0.000000e+000 -6.343930e-001
    outer loop
      vertex -2.563211e-001  3.455778e-018 -2.283001e-001
      vertex -2.436905e-001 -7.500000e-001 -2.436905e-001
      vertex -2.563211e-001 -7.500000e-001 -2.283001e-001
    endloop
  endfacet
  facet normal -8.819214e-001  0.000000e+000 -4.713966e-001
    outer loop
      vertex -2.563211e-001  3.455778e-018 -2.283001e-001
      vertex -2.563211e-001 -7.500000e-001 -2.283001e-001
      vertex -2.657065e-001  3.909495e-018 -2.107413e-001
    endloop
  endfacet
  facet normal -8.819214e-001  -0.000000e+000 -4.713966e-001
    outer loop
      vertex -2.657065e-001  3.909495e-018 -2.107413e-001
      vertex -2.563211e-001 -7.500000e-001 -2.283001e-001
      vertex -2.657065e-001 -7.500000e-001 -2.107413e-001
    endloop
  endfacet
  facet normal -9.569401e-001  0.000000e+000 -2.902855e-001
    outer loop
      vertex -2.657065e-001  3.909495e-018 -2.107413e-001
      vertex -2.657065e-001 -7.500000e-001 -2.107413e-001
      vertex -2.714860e-001  4.646291e-018 -1.916889e-001
    endloop
  endfacet
  facet normal -9.569401e-001  -0.000000e+000 -2.902855e-001
    outer loop
      vertex -2.714860e-001  4.646291e-018 -1.916889e-001
      vertex -2.657065e-001 -7.500000e-001 -2.107413e-001
      vertex -2.714860e-001 -7.500000e-001 -1.916889e-001
    endloop
  endfacet
  facet normal -9.951847e-001  0.000000e+000 -9.801666e-002
    outer loop
      vertex -2.714860e-001  4.646291e-018 -1.916889e-001
      vertex -2.714860e-001 -7.500000e-001 -1.916889e-001
      vertex -2.734375e-001  5.637851e-018 -1.718750e-001
    endloop
  endfacet
  facet normal -9.951847e-001  -0.000000e+000 -9.801666e-002
    outer loop
      vertex -2.734375e-001  5.637851e-018 -1.718750e-001
      vertex -2.714860e-001 -7.500000e-001 -1.916889e-001
      vertex -2.734375e-001 -7.500000e-001 -1.718750e-001
    endloop
  endfacet
  facet normal  -0.000000e+000  0.000000e+000  1.000000e+000
    outer loop
      vertex  2.734375e-001 -1.093750e-001  2.734375e-001
      vertex -2.734375e-001 -1.093750e-001  2.734375e-001
      vertex  2.734375e-001 -7.500000e-001  2.734375e-001
    endloop
  endfacet
  facet normal  0.000000e+000  0.000000e+000  1.000000e+000
    outer loop
      vertex  2.734375e-001 -7.500000e-001  2.734375e-001
      vertex -2.734375e-001 -1.093750e-001  2.734375e-001
      vertex -2.734375e-001 -7.500000e-001  2.734375e-001
    endloop
  endfacet
  facet normal  1.000000e+000  0.000000e+000  0.000000e+000
    outer loop
      vertex  2.734375e-001 -7.500000e-001  2.734375e-001
      vertex  2.734375e-001 -7.500000e-001 -2.734375e-001
      vertex  2.734375e-001 -1.093750e-001  2.734375e-001
    endloop
  endfacet
  facet normal  1.000000e+000  0.000000e+000  0.000000e+000
    outer loop
      vertex  2.734375e-001 -1.093750e-001  2.734375e-001
      vertex  2.734375e-001 -7.500000e-001 -2.734375e-001
      vertex  2.734375e-001  3.035766e-017 -2.734375e-001
    endloop
  endfacet
  facet normal  1.000000e+000  0.000000e+000  -0.000000e+000
    outer loop
      vertex  2.734375e-001 -1.093750e-001  2.734375e-001
      vertex  2.734375e-001  3.035766e-017 -2.734375e-001
      vertex  2.734375e-001  5.637851e-017  1.953125e-001
    endloop
  endfacet
  facet normal  0.000000e+000  5.812382e-001  8.137335e-001
    outer loop
      vertex  2.734375e-001 -1.093750e-001  2.734375e-001
      vertex  2.734375e-001  5.637851e-017  1.953125e-001
      vertex -2.734375e-001 -1.093750e-001  2.734375e-001
    endloop
  endfacet
  facet normal  0.000000e+000  5.812382e-001  8.137335e-001
    outer loop
      vertex -2.734375e-001 -1.093750e-001  2.734375e-001
      vertex  2.734375e-001  5.637851e-017  1.953125e-001
      vertex -2.734375e-001  2.602085e-017  1.953125e-001
    endloop
  endfacet
endsolid CATIA STL
