solid CATIA STL
  facet normal  0.000000e+000  0.000000e+000  1.000000e+000
    outer loop
      vertex -5.937500e-001 -7.500000e-001  7.500000e-001
      vertex  0.000000e+000 -7.500000e-001  7.500000e-001
      vertex -7.500000e-001 -6.875000e-001  7.500000e-001
    endloop
  endfacet
  facet normal  -0.000000e+000  0.000000e+000  1.000000e+000
    outer loop
      vertex -7.500000e-001  0.000000e+000  7.500000e-001
      vertex -7.500000e-001 -6.875000e-001  7.500000e-001
      vertex  0.000000e+000 -7.500000e-001  7.500000e-001
    endloop
  endfacet
  facet normal  0.000000e+000  -0.000000e+000  1.000000e+000
    outer loop
      vertex -7.500000e-001  0.000000e+000  7.500000e-001
      vertex  0.000000e+000 -7.500000e-001  7.500000e-001
      vertex  0.000000e+000 -1.406250e-001  7.500000e-001
    endloop
  endfacet
  facet normal  0.000000e+000  0.000000e+000  9.999999e-001
    outer loop
      vertex -7.500000e-001  0.000000e+000  7.500000e-001
      vertex  0.000000e+000 -1.406250e-001  7.500000e-001
      vertex -2.702070e-003 -1.131904e-001  7.500000e-001
    endloop
  endfacet
  facet normal  0.000000e+000  0.000000e+000  1.000000e+000
    outer loop
      vertex -7.500000e-001  0.000000e+000  7.500000e-001
      vertex -2.702070e-003 -1.131904e-001  7.500000e-001
      vertex -1.070444e-002 -8.681014e-002  7.500000e-001
    endloop
  endfacet
  facet normal  0.000000e+000  0.000000e+000  1.000000e+000
    outer loop
      vertex -7.500000e-001  0.000000e+000  7.500000e-001
      vertex -1.070444e-002 -8.681014e-002  7.500000e-001
      vertex -2.369959e-002 -6.249794e-002  7.500000e-001
    endloop
  endfacet
  facet normal  0.000000e+000  0.000000e+000  1.000000e+000
    outer loop
      vertex -7.500000e-001  0.000000e+000  7.500000e-001
      vertex -2.369959e-002 -6.249794e-002  7.500000e-001
      vertex -4.118811e-002 -4.118811e-002  7.500000e-001
    endloop
  endfacet
  facet normal  0.000000e+000  0.000000e+000  1.000000e+000
    outer loop
      vertex -7.500000e-001  0.000000e+000  7.500000e-001
      vertex -4.118811e-002 -4.118811e-002  7.500000e-001
      vertex -6.249794e-002 -2.369959e-002  7.500000e-001
    endloop
  endfacet
  facet normal  0.000000e+000  0.000000e+000  1.000000e+000
    outer loop
      vertex -7.500000e-001  0.000000e+000  7.500000e-001
      vertex -6.249794e-002 -2.369959e-002  7.500000e-001
      vertex -8.681014e-002 -1.070444e-002  7.500000e-001
    endloop
  endfacet
  facet normal  0.000000e+000  0.000000e+000  1.000000e+000
    outer loop
      vertex -7.500000e-001  0.000000e+000  7.500000e-001
      vertex -8.681014e-002 -1.070444e-002  7.500000e-001
      vertex -1.131904e-001 -2.702070e-003  7.500000e-001
    endloop
  endfacet
  facet normal  0.000000e+000  0.000000e+000  1.000000e+000
    outer loop
      vertex -7.500000e-001  0.000000e+000  7.500000e-001
      vertex -1.131904e-001 -2.702070e-003  7.500000e-001
      vertex -1.406250e-001  0.000000e+000  7.500000e-001
    endloop
  endfacet
  facet normal  0.000000e+000  0.000000e+000 -1.000000e+000
    outer loop
      vertex -7.500000e-001 -6.875000e-001  0.000000e+000
      vertex  0.000000e+000 -7.500000e-001  0.000000e+000
      vertex -5.937500e-001 -7.500000e-001  0.000000e+000
    endloop
  endfacet
  facet normal  -0.000000e+000  -0.000000e+000 -1.000000e+000
    outer loop
      vertex -7.500000e-001  0.000000e+000  0.000000e+000
      vertex -1.406250e-001  0.000000e+000  0.000000e+000
      vertex -1.131904e-001 -2.702070e-003  0.000000e+000
    endloop
  endfacet
  facet normal  -0.000000e+000  -0.000000e+000 -1.000000e+000
    outer loop
      vertex -7.500000e-001  0.000000e+000  0.000000e+000
      vertex -1.131904e-001 -2.702070e-003  0.000000e+000
      vertex -8.681014e-002 -1.070444e-002  0.000000e+000
    endloop
  endfacet
  facet normal  -0.000000e+000  -0.000000e+000 -1.000000e+000
    outer loop
      vertex -7.500000e-001  0.000000e+000  0.000000e+000
      vertex -8.681014e-002 -1.070444e-002  0.000000e+000
      vertex -6.249794e-002 -2.369959e-002  0.000000e+000
    endloop
  endfacet
  facet normal  -0.000000e+000  -0.000000e+000 -1.000000e+000
    outer loop
      vertex -7.500000e-001  0.000000e+000  0.000000e+000
      vertex -6.249794e-002 -2.369959e-002  0.000000e+000
      vertex -4.118811e-002 -4.118811e-002  0.000000e+000
    endloop
  endfacet
  facet normal  -0.000000e+000  -0.000000e+000 -1.000000e+000
    outer loop
      vertex -7.500000e-001  0.000000e+000  0.000000e+000
      vertex -4.118811e-002 -4.118811e-002  0.000000e+000
      vertex -2.369959e-002 -6.249794e-002  0.000000e+000
    endloop
  endfacet
  facet normal  -0.000000e+000  -0.000000e+000 -1.000000e+000
    outer loop
      vertex -7.500000e-001  0.000000e+000  0.000000e+000
      vertex -2.369959e-002 -6.249794e-002  0.000000e+000
      vertex -1.070444e-002 -8.681014e-002  0.000000e+000
    endloop
  endfacet
  facet normal  -0.000000e+000  -0.000000e+000 -1.000000e+000
    outer loop
      vertex -7.500000e-001  0.000000e+000  0.000000e+000
      vertex -1.070444e-002 -8.681014e-002  0.000000e+000
      vertex -2.702070e-003 -1.131904e-001  0.000000e+000
    endloop
  endfacet
  facet normal  -0.000000e+000  -0.000000e+000 -9.999999e-001
    outer loop
      vertex -7.500000e-001  0.000000e+000  0.000000e+000
      vertex -2.702070e-003 -1.131904e-001  0.000000e+000
      vertex  0.000000e+000 -1.406250e-001  0.000000e+000
    endloop
  endfacet
  facet normal  -0.000000e+000  -0.000000e+000 -1.000000e+000
    outer loop
      vertex -7.500000e-001  0.000000e+000  0.000000e+000
      vertex  0.000000e+000 -1.406250e-001  0.000000e+000
      vertex  0.000000e+000 -7.500000e-001  0.000000e+000
    endloop
  endfacet
  facet normal  0.000000e+000  0.000000e+000 -1.000000e+000
    outer loop
      vertex -7.500000e-001  0.000000e+000  0.000000e+000
      vertex  0.000000e+000 -7.500000e-001  0.000000e+000
      vertex -7.500000e-001 -6.875000e-001  0.000000e+000
    endloop
  endfacet
  facet normal -1.000000e+000  0.000000e+000  0.000000e+000
    outer loop
      vertex -7.500000e-001  0.000000e+000  0.000000e+000
      vertex -7.500000e-001 -6.875000e-001  0.000000e+000
      vertex -7.500000e-001  0.000000e+000  7.500000e-001
    endloop
  endfacet
  facet normal -1.000000e+000  -0.000000e+000  0.000000e+000
    outer loop
      vertex -7.500000e-001  0.000000e+000  7.500000e-001
      vertex -7.500000e-001 -6.875000e-001  0.000000e+000
      vertex -7.500000e-001 -6.875000e-001  7.500000e-001
    endloop
  endfacet
  facet normal  0.000000e+000 -1.000000e+000  0.000000e+000
    outer loop
      vertex -5.937500e-001 -7.500000e-001  0.000000e+000
      vertex  0.000000e+000 -7.500000e-001  0.000000e+000
      vertex -5.937500e-001 -7.500000e-001  7.500000e-001
    endloop
  endfacet
  facet normal  0.000000e+000 -1.000000e+000  0.000000e+000
    outer loop
      vertex -5.937500e-001 -7.500000e-001  7.500000e-001
      vertex  0.000000e+000 -7.500000e-001  0.000000e+000
      vertex  0.000000e+000 -7.500000e-001  7.500000e-001
    endloop
  endfacet
  facet normal -3.713907e-001 -9.284766e-001  0.000000e+000
    outer loop
      vertex -7.500000e-001 -6.875000e-001  7.500000e-001
      vertex -7.500000e-001 -6.875000e-001  0.000000e+000
      vertex -5.937500e-001 -7.500000e-001  7.500000e-001
    endloop
  endfacet
  facet normal -3.713907e-001 -9.284766e-001  -0.000000e+000
    outer loop
      vertex -5.937500e-001 -7.500000e-001  7.500000e-001
      vertex -7.500000e-001 -6.875000e-001  0.000000e+000
      vertex -5.937500e-001 -7.500000e-001  0.000000e+000
    endloop
  endfacet
  facet normal  0.000000e+000  1.000000e+000  0.000000e+000
    outer loop
      vertex -1.406250e-001  0.000000e+000  0.000000e+000
      vertex -7.500000e-001  0.000000e+000  0.000000e+000
      vertex -1.406250e-001  0.000000e+000  7.500000e-001
    endloop
  endfacet
  facet normal  0.000000e+000  1.000000e+000  0.000000e+000
    outer loop
      vertex -1.406250e-001  0.000000e+000  7.500000e-001
      vertex -7.500000e-001  0.000000e+000  0.000000e+000
      vertex -7.500000e-001  0.000000e+000  7.500000e-001
    endloop
  endfacet
  facet normal  1.000000e+000  0.000000e+000  0.000000e+000
    outer loop
      vertex  0.000000e+000 -7.500000e-001  0.000000e+000
      vertex  0.000000e+000 -1.406250e-001  0.000000e+000
      vertex  0.000000e+000 -7.500000e-001  7.500000e-001
    endloop
  endfacet
  facet normal  1.000000e+000  -0.000000e+000  0.000000e+000
    outer loop
      vertex  0.000000e+000 -7.500000e-001  7.500000e-001
      vertex  0.000000e+000 -1.406250e-001  0.000000e+000
      vertex  0.000000e+000 -1.406250e-001  7.500000e-001
    endloop
  endfacet
  facet normal  9.801712e-002  9.951847e-001  0.000000e+000
    outer loop
      vertex -1.406250e-001  0.000000e+000  0.000000e+000
      vertex -1.406250e-001  0.000000e+000  7.500000e-001
      vertex -1.131904e-001 -2.702070e-003  0.000000e+000
    endloop
  endfacet
  facet normal  9.801712e-002  9.951847e-001  -0.000000e+000
    outer loop
      vertex -1.131904e-001 -2.702070e-003  0.000000e+000
      vertex -1.406250e-001  0.000000e+000  7.500000e-001
      vertex -1.131904e-001 -2.702070e-003  7.500000e-001
    endloop
  endfacet
  facet normal  2.902847e-001  9.569404e-001  0.000000e+000
    outer loop
      vertex -1.131904e-001 -2.702070e-003  0.000000e+000
      vertex -1.131904e-001 -2.702070e-003  7.500000e-001
      vertex -8.681014e-002 -1.070444e-002  0.000000e+000
    endloop
  endfacet
  facet normal  2.902847e-001  9.569404e-001  -0.000000e+000
    outer loop
      vertex -8.681014e-002 -1.070444e-002  0.000000e+000
      vertex -1.131904e-001 -2.702070e-003  7.500000e-001
      vertex -8.681014e-002 -1.070444e-002  7.500000e-001
    endloop
  endfacet
  facet normal  4.713967e-001  8.819212e-001  0.000000e+000
    outer loop
      vertex -8.681014e-002 -1.070444e-002  0.000000e+000
      vertex -8.681014e-002 -1.070444e-002  7.500000e-001
      vertex -6.249794e-002 -2.369959e-002  0.000000e+000
    endloop
  endfacet
  facet normal  4.713967e-001  8.819212e-001  -0.000000e+000
    outer loop
      vertex -6.249794e-002 -2.369959e-002  0.000000e+000
      vertex -8.681014e-002 -1.070444e-002  7.500000e-001
      vertex -6.249794e-002 -2.369959e-002  7.500000e-001
    endloop
  endfacet
  facet normal  6.343933e-001  7.730104e-001  0.000000e+000
    outer loop
      vertex -6.249794e-002 -2.369959e-002  0.000000e+000
      vertex -6.249794e-002 -2.369959e-002  7.500000e-001
      vertex -4.118811e-002 -4.118811e-002  0.000000e+000
    endloop
  endfacet
  facet normal  6.343933e-001  7.730104e-001  -0.000000e+000
    outer loop
      vertex -4.118811e-002 -4.118811e-002  0.000000e+000
      vertex -6.249794e-002 -2.369959e-002  7.500000e-001
      vertex -4.118811e-002 -4.118811e-002  7.500000e-001
    endloop
  endfacet
  facet normal  7.730104e-001  6.343933e-001  0.000000e+000
    outer loop
      vertex -4.118811e-002 -4.118811e-002  0.000000e+000
      vertex -4.118811e-002 -4.118811e-002  7.500000e-001
      vertex -2.369959e-002 -6.249794e-002  0.000000e+000
    endloop
  endfacet
  facet normal  7.730104e-001  6.343933e-001  -0.000000e+000
    outer loop
      vertex -2.369959e-002 -6.249794e-002  0.000000e+000
      vertex -4.118811e-002 -4.118811e-002  7.500000e-001
      vertex -2.369959e-002 -6.249794e-002  7.500000e-001
    endloop
  endfacet
  facet normal  8.819212e-001  4.713967e-001  0.000000e+000
    outer loop
      vertex -2.369959e-002 -6.249794e-002  0.000000e+000
      vertex -2.369959e-002 -6.249794e-002  7.500000e-001
      vertex -1.070444e-002 -8.681014e-002  0.000000e+000
    endloop
  endfacet
  facet normal  8.819212e-001  4.713967e-001  -0.000000e+000
    outer loop
      vertex -1.070444e-002 -8.681014e-002  0.000000e+000
      vertex -2.369959e-002 -6.249794e-002  7.500000e-001
      vertex -1.070444e-002 -8.681014e-002  7.500000e-001
    endloop
  endfacet
  facet normal  9.569404e-001  2.902847e-001  0.000000e+000
    outer loop
      vertex -1.070444e-002 -8.681014e-002  0.000000e+000
      vertex -1.070444e-002 -8.681014e-002  7.500000e-001
      vertex -2.702070e-003 -1.131904e-001  0.000000e+000
    endloop
  endfacet
  facet normal  9.569404e-001  2.902847e-001  -0.000000e+000
    outer loop
      vertex -2.702070e-003 -1.131904e-001  0.000000e+000
      vertex -1.070444e-002 -8.681014e-002  7.500000e-001
      vertex -2.702070e-003 -1.131904e-001  7.500000e-001
    endloop
  endfacet
  facet normal  9.951847e-001  9.801712e-002  0.000000e+000
    outer loop
      vertex -2.702070e-003 -1.131904e-001  0.000000e+000
      vertex -2.702070e-003 -1.131904e-001  7.500000e-001
      vertex  0.000000e+000 -1.406250e-001  0.000000e+000
    endloop
  endfacet
  facet normal  9.951847e-001  9.801712e-002  -0.000000e+000
    outer loop
      vertex  0.000000e+000 -1.406250e-001  0.000000e+000
      vertex -2.702070e-003 -1.131904e-001  7.500000e-001
      vertex  0.000000e+000 -1.406250e-001  7.500000e-001
    endloop
  endfacet
endsolid CATIA STL
