solid CATIA STL
  facet normal  0.000000e+000 -7.071075e-001 -7.071062e-001
    outer loop
      vertex  7.500000e-001 -2.146382e-002 -2.146382e-002
      vertex  7.421875e-001 -2.146382e-002 -2.146382e-002
      vertex  7.500000e-001 -2.047697e-002 -2.245066e-002
    endloop
  endfacet
  facet normal  -0.000000e+000 -7.071075e-001 -7.071062e-001
    outer loop
      vertex  7.500000e-001 -2.047697e-002 -2.245066e-002
      vertex  7.421875e-001 -2.146382e-002 -2.146382e-002
      vertex  7.421875e-001 -2.047697e-002 -2.245066e-002
    endloop
  endfacet
  facet normal  0.000000e+000 -7.071075e-001 -7.071062e-001
    outer loop
      vertex  7.812500e-003 -2.146382e-002 -2.146382e-002
      vertex -1.132069e-035 -2.146382e-002 -2.146382e-002
      vertex  7.812500e-003 -2.047697e-002 -2.245066e-002
    endloop
  endfacet
  facet normal  -0.000000e+000 -7.071075e-001 -7.071062e-001
    outer loop
      vertex  7.812500e-003 -2.047697e-002 -2.245066e-002
      vertex -1.132069e-035 -2.146382e-002 -2.146382e-002
      vertex  6.162834e-020 -2.047697e-002 -2.245066e-002
    endloop
  endfacet
  facet normal  0.000000e+000 -7.071075e-001  7.071062e-001
    outer loop
      vertex  7.500000e-001  2.047697e-002 -2.245066e-002
      vertex  7.421875e-001  2.146382e-002 -2.146382e-002
      vertex  7.421875e-001  2.047697e-002 -2.245066e-002
    endloop
  endfacet
  facet normal  0.000000e+000  7.071075e-001  7.071062e-001
    outer loop
      vertex  7.421875e-001 -2.146382e-002 -2.146382e-002
      vertex  7.500000e-001 -2.047697e-002 -2.245066e-002
      vertex  7.421875e-001 -2.047697e-002 -2.245066e-002
    endloop
  endfacet
  facet normal -1.253200e-001  0.000000e+000 -9.921164e-001
    outer loop
      vertex  7.500000e-001 -2.047697e-002 -2.245066e-002
      vertex  7.421875e-001 -2.146382e-002 -2.146382e-002
      vertex  7.500000e-001  2.047697e-002 -2.245066e-002
    endloop
  endfacet
  facet normal -1.253200e-001  0.000000e+000 -9.921165e-001
    outer loop
      vertex  7.421875e-001  2.146382e-002 -2.146382e-002
      vertex  7.500000e-001  2.047697e-002 -2.245066e-002
      vertex  7.421875e-001 -2.146382e-002 -2.146382e-002
    endloop
  endfacet
  facet normal  1.253200e-001  0.000000e+000 -9.921165e-001
    outer loop
      vertex -6.162834e-020  2.047697e-002 -2.245066e-002
      vertex  7.812500e-003  2.146382e-002 -2.146382e-002
      vertex  7.812500e-003 -2.146382e-002 -2.146382e-002
    endloop
  endfacet
  facet normal  0.000000e+000 -7.071075e-001  7.071062e-001
    outer loop
      vertex  7.812500e-003  2.146382e-002 -2.146382e-002
      vertex -6.162834e-020  2.047697e-002 -2.245066e-002
      vertex  7.812500e-003  2.047697e-002 -2.245066e-002
    endloop
  endfacet
  facet normal  1.253200e-001  0.000000e+000 -9.921164e-001
    outer loop
      vertex -6.162834e-020  2.047697e-002 -2.245066e-002
      vertex  7.812500e-003 -2.146382e-002 -2.146382e-002
      vertex  6.162834e-020 -2.047697e-002 -2.245066e-002
    endloop
  endfacet
  facet normal  0.000000e+000  7.071075e-001  7.071062e-001
    outer loop
      vertex  6.162834e-020 -2.047697e-002 -2.245066e-002
      vertex  7.812500e-003 -2.146382e-002 -2.146382e-002
      vertex  7.812500e-003 -2.047697e-002 -2.245066e-002
    endloop
  endfacet
  facet normal  0.000000e+000  7.071075e-001 -7.071062e-001
    outer loop
      vertex  7.500000e-001  2.047697e-002 -2.245066e-002
      vertex  7.421875e-001  2.047697e-002 -2.245066e-002
      vertex  7.500000e-001  2.146382e-002 -2.146382e-002
    endloop
  endfacet
  facet normal  0.000000e+000  7.071075e-001 -7.071062e-001
    outer loop
      vertex  7.500000e-001  2.146382e-002 -2.146382e-002
      vertex  7.421875e-001  2.047697e-002 -2.245066e-002
      vertex  7.421875e-001  2.146382e-002 -2.146382e-002
    endloop
  endfacet
  facet normal  0.000000e+000  7.071075e-001 -7.071062e-001
    outer loop
      vertex  7.812500e-003  2.047697e-002 -2.245066e-002
      vertex -6.162834e-020  2.047697e-002 -2.245066e-002
      vertex  7.812500e-003  2.146382e-002 -2.146382e-002
    endloop
  endfacet
  facet normal  0.000000e+000  7.071075e-001 -7.071062e-001
    outer loop
      vertex  7.812500e-003  2.146382e-002 -2.146382e-002
      vertex -6.162834e-020  2.047697e-002 -2.245066e-002
      vertex  1.886774e-035  2.146382e-002 -2.146382e-002
    endloop
  endfacet
  facet normal  0.000000e+000  1.000000e+000  0.000000e+000
    outer loop
      vertex  7.421875e-001  2.146382e-002 -2.146382e-002
      vertex  7.421875e-001  2.146382e-002  1.949013e-002
      vertex  7.500000e-001  2.146382e-002 -2.146382e-002
    endloop
  endfacet
  facet normal  0.000000e+000  1.000000e+000  -0.000000e+000
    outer loop
      vertex  7.500000e-001  2.146382e-002 -2.146382e-002
      vertex  7.421875e-001  2.146382e-002  1.949013e-002
      vertex  7.500000e-001  2.146382e-002  1.949013e-002
    endloop
  endfacet
  facet normal  0.000000e+000  1.000000e+000  0.000000e+000
    outer loop
      vertex  1.886774e-035  2.146382e-002 -2.146382e-002
      vertex -2.680833e-018  2.146382e-002  1.949013e-002
      vertex  7.812500e-003  2.146382e-002 -2.146382e-002
    endloop
  endfacet
  facet normal  0.000000e+000  1.000000e+000  -0.000000e+000
    outer loop
      vertex  7.812500e-003  2.146382e-002 -2.146382e-002
      vertex -2.680833e-018  2.146382e-002  1.949013e-002
      vertex  7.812500e-003  2.146382e-002  1.949013e-002
    endloop
  endfacet
  facet normal  -0.000000e+000  7.071075e-001  7.071062e-001
    outer loop
      vertex  7.500000e-001  2.146382e-002  1.949013e-002
      vertex  7.421875e-001  2.146382e-002  1.949013e-002
      vertex  7.500000e-001  2.047697e-002  2.047697e-002
    endloop
  endfacet
  facet normal  0.000000e+000  7.071075e-001  7.071062e-001
    outer loop
      vertex  7.500000e-001  2.047697e-002  2.047697e-002
      vertex  7.421875e-001  2.146382e-002  1.949013e-002
      vertex  7.421875e-001  2.047697e-002  2.047697e-002
    endloop
  endfacet
  facet normal  -0.000000e+000  7.071075e-001  7.071062e-001
    outer loop
      vertex  7.812500e-003  2.146382e-002  1.949013e-002
      vertex -2.680833e-018  2.146382e-002  1.949013e-002
      vertex  7.812500e-003  2.047697e-002  2.047697e-002
    endloop
  endfacet
  facet normal  0.000000e+000  7.071075e-001  7.071062e-001
    outer loop
      vertex  7.812500e-003  2.047697e-002  2.047697e-002
      vertex -2.680833e-018  2.146382e-002  1.949013e-002
      vertex -6.162834e-020  2.047697e-002  2.047697e-002
    endloop
  endfacet
  facet normal -1.253200e-001  0.000000e+000  9.921165e-001
    outer loop
      vertex  7.500000e-001  2.047697e-002  2.047697e-002
      vertex  7.421875e-001  2.146382e-002  1.949013e-002
      vertex  7.421875e-001 -2.146382e-002  1.949013e-002
    endloop
  endfacet
  facet normal  -0.000000e+000 -7.071075e-001 -7.071062e-001
    outer loop
      vertex  7.421875e-001  2.146382e-002  1.949013e-002
      vertex  7.500000e-001  2.047697e-002  2.047697e-002
      vertex  7.421875e-001  2.047697e-002  2.047697e-002
    endloop
  endfacet
  facet normal -1.253200e-001  0.000000e+000  9.921164e-001
    outer loop
      vertex  7.500000e-001  2.047697e-002  2.047697e-002
      vertex  7.421875e-001 -2.146382e-002  1.949013e-002
      vertex  7.500000e-001 -2.047697e-002  2.047697e-002
    endloop
  endfacet
  facet normal  0.000000e+000  7.071075e-001 -7.071062e-001
    outer loop
      vertex  7.500000e-001 -2.047697e-002  2.047697e-002
      vertex  7.421875e-001 -2.146382e-002  1.949013e-002
      vertex  7.421875e-001 -2.047697e-002  2.047697e-002
    endloop
  endfacet
  facet normal  1.253200e-001  -0.000000e+000  9.921165e-001
    outer loop
      vertex -2.742461e-018 -2.047697e-002  2.047697e-002
      vertex  7.812500e-003 -2.146382e-002  1.949013e-002
      vertex  7.812500e-003  2.146382e-002  1.949013e-002
    endloop
  endfacet
  facet normal  0.000000e+000  7.071075e-001 -7.071062e-001
    outer loop
      vertex  7.812500e-003 -2.146382e-002  1.949013e-002
      vertex -2.742461e-018 -2.047697e-002  2.047697e-002
      vertex  7.812500e-003 -2.047697e-002  2.047697e-002
    endloop
  endfacet
  facet normal  1.253200e-001  0.000000e+000  9.921164e-001
    outer loop
      vertex -2.742461e-018 -2.047697e-002  2.047697e-002
      vertex  7.812500e-003  2.146382e-002  1.949013e-002
      vertex -6.162834e-020  2.047697e-002  2.047697e-002
    endloop
  endfacet
  facet normal  0.000000e+000 -7.071075e-001 -7.071062e-001
    outer loop
      vertex -6.162834e-020  2.047697e-002  2.047697e-002
      vertex  7.812500e-003  2.146382e-002  1.949013e-002
      vertex  7.812500e-003  2.047697e-002  2.047697e-002
    endloop
  endfacet
  facet normal  0.000000e+000 -7.071075e-001  7.071062e-001
    outer loop
      vertex  7.500000e-001 -2.047697e-002  2.047697e-002
      vertex  7.421875e-001 -2.047697e-002  2.047697e-002
      vertex  7.500000e-001 -2.146382e-002  1.949013e-002
    endloop
  endfacet
  facet normal  0.000000e+000 -7.071075e-001  7.071062e-001
    outer loop
      vertex  7.500000e-001 -2.146382e-002  1.949013e-002
      vertex  7.421875e-001 -2.047697e-002  2.047697e-002
      vertex  7.421875e-001 -2.146382e-002  1.949013e-002
    endloop
  endfacet
  facet normal  0.000000e+000 -7.071075e-001  7.071062e-001
    outer loop
      vertex  7.812500e-003 -2.047697e-002  2.047697e-002
      vertex -2.742461e-018 -2.047697e-002  2.047697e-002
      vertex  7.812500e-003 -2.146382e-002  1.949013e-002
    endloop
  endfacet
  facet normal  0.000000e+000 -7.071075e-001  7.071062e-001
    outer loop
      vertex  7.812500e-003 -2.146382e-002  1.949013e-002
      vertex -2.742461e-018 -2.047697e-002  2.047697e-002
      vertex -1.132069e-035 -2.146382e-002  1.949013e-002
    endloop
  endfacet
  facet normal  0.000000e+000 -1.000000e+000  0.000000e+000
    outer loop
      vertex  7.421875e-001 -2.146382e-002  1.949013e-002
      vertex  7.421875e-001 -2.146382e-002 -2.146382e-002
      vertex  7.500000e-001 -2.146382e-002  1.949013e-002
    endloop
  endfacet
  facet normal  0.000000e+000 -1.000000e+000  -0.000000e+000
    outer loop
      vertex  7.500000e-001 -2.146382e-002  1.949013e-002
      vertex  7.421875e-001 -2.146382e-002 -2.146382e-002
      vertex  7.500000e-001 -2.146382e-002 -2.146382e-002
    endloop
  endfacet
  facet normal  0.000000e+000 -1.000000e+000  0.000000e+000
    outer loop
      vertex -1.132069e-035 -2.146382e-002  1.949013e-002
      vertex -1.132069e-035 -2.146382e-002 -2.146382e-002
      vertex  7.812500e-003 -2.146382e-002  1.949013e-002
    endloop
  endfacet
  facet normal  0.000000e+000 -1.000000e+000  -0.000000e+000
    outer loop
      vertex  7.812500e-003 -2.146382e-002  1.949013e-002
      vertex -1.132069e-035 -2.146382e-002 -2.146382e-002
      vertex  7.812500e-003 -2.146382e-002 -2.146382e-002
    endloop
  endfacet
  facet normal  1.000000e+000  0.000000e+000  0.000000e+000
    outer loop
      vertex  7.812500e-003 -2.146382e-002 -2.146382e-002
      vertex  7.812500e-003  2.146382e-002 -2.146382e-002
      vertex  7.812500e-003 -2.146382e-002  1.949013e-002
    endloop
  endfacet
  facet normal  1.000000e+000  -0.000000e+000  0.000000e+000
    outer loop
      vertex  7.812500e-003 -2.146382e-002  1.949013e-002
      vertex  7.812500e-003  2.146382e-002 -2.146382e-002
      vertex  7.812500e-003  2.146382e-002  1.949013e-002
    endloop
  endfacet
  facet normal -1.000000e+000  0.000000e+000  0.000000e+000
    outer loop
      vertex  7.421875e-001 -2.146382e-002 -2.146382e-002
      vertex  7.421875e-001 -2.146382e-002  1.949013e-002
      vertex  7.421875e-001  2.146382e-002 -2.146382e-002
    endloop
  endfacet
  facet normal -1.000000e+000  0.000000e+000  0.000000e+000
    outer loop
      vertex  7.421875e-001  2.146382e-002 -2.146382e-002
      vertex  7.421875e-001 -2.146382e-002  1.949013e-002
      vertex  7.421875e-001  2.146382e-002  1.949013e-002
    endloop
  endfacet
  facet normal  1.000000e+000  0.000000e+000  0.000000e+000
    outer loop
      vertex  7.500000e-001 -2.146382e-002 -2.146382e-002
      vertex  7.500000e-001  2.146382e-002 -2.146382e-002
      vertex  7.500000e-001 -2.146382e-002  1.949013e-002
    endloop
  endfacet
  facet normal  1.000000e+000  -0.000000e+000  0.000000e+000
    outer loop
      vertex  7.500000e-001 -2.146382e-002  1.949013e-002
      vertex  7.500000e-001  2.146382e-002 -2.146382e-002
      vertex  7.500000e-001  2.146382e-002  1.949013e-002
    endloop
  endfacet
  facet normal -1.000000e+000  7.032400e-034  0.000000e+000
    outer loop
      vertex -1.132069e-035 -2.146382e-002 -2.146382e-002
      vertex -1.132069e-035 -2.146382e-002  1.949013e-002
      vertex  1.886774e-035  2.146382e-002 -2.146382e-002
    endloop
  endfacet
  facet normal -1.000000e+000 -6.245005e-017 -6.545969e-017
    outer loop
      vertex  1.886774e-035  2.146382e-002 -2.146382e-002
      vertex -1.132069e-035 -2.146382e-002  1.949013e-002
      vertex -2.680833e-018  2.146382e-002  1.949013e-002
    endloop
  endfacet
endsolid CATIA STL
