solid CATIA STL
  facet normal  0.000000e+000  0.000000e+000  1.000000e+000
    outer loop
      vertex -2.656250e-001  3.512815e-017  3.046875e-001
      vertex -2.775839e-001 -2.378765e-003  3.046875e-001
      vertex  1.796875e-001  5.984796e-017  3.046875e-001
    endloop
  endfacet
  facet normal  -0.000000e+000  0.000000e+000  1.000000e+000
    outer loop
      vertex -2.656250e-001  3.512815e-017  3.046875e-001
      vertex -2.717216e-001 -6.004600e-004  3.046875e-001
      vertex -2.775839e-001 -2.378765e-003  3.046875e-001
    endloop
  endfacet
  facet normal  0.000000e+000  0.000000e+000  1.000000e+000
    outer loop
      vertex -2.916084e-001 -1.388843e-002  3.046875e-001
      vertex -2.944962e-001 -1.929114e-002  3.046875e-001
      vertex -2.829866e-001 -5.266575e-003  3.046875e-001
    endloop
  endfacet
  facet normal  -0.000000e+000  0.000000e+000  1.000000e+000
    outer loop
      vertex -2.829866e-001 -5.266575e-003  3.046875e-001
      vertex -2.877221e-001 -9.152913e-003  3.046875e-001
      vertex -2.916084e-001 -1.388843e-002  3.046875e-001
    endloop
  endfacet
  facet normal  0.000000e+000  0.000000e+000  1.000000e+000
    outer loop
      vertex  1.796875e-001 -7.500000e-001  3.046875e-001
      vertex  1.796875e-001  5.984796e-017  3.046875e-001
      vertex -2.962745e-001 -2.515343e-002  3.046875e-001
    endloop
  endfacet
  facet normal  0.000000e+000  0.000000e+000  1.000000e+000
    outer loop
      vertex  1.796875e-001 -7.500000e-001  3.046875e-001
      vertex -2.962745e-001 -2.515343e-002  3.046875e-001
      vertex -2.968750e-001 -3.125000e-002  3.046875e-001
    endloop
  endfacet
  facet normal  0.000000e+000  0.000000e+000  1.000000e+000
    outer loop
      vertex  1.796875e-001 -7.500000e-001  3.046875e-001
      vertex -2.968750e-001 -3.125000e-002  3.046875e-001
      vertex -2.968750e-001 -7.500000e-001  3.046875e-001
    endloop
  endfacet
  facet normal  0.000000e+000  0.000000e+000  9.999999e-001
    outer loop
      vertex -2.962745e-001 -2.515343e-002  3.046875e-001
      vertex  1.796875e-001  5.984796e-017  3.046875e-001
      vertex -2.775839e-001 -2.378765e-003  3.046875e-001
    endloop
  endfacet
  facet normal  0.000000e+000  0.000000e+000  1.000000e+000
    outer loop
      vertex -2.962745e-001 -2.515343e-002  3.046875e-001
      vertex -2.775839e-001 -2.378765e-003  3.046875e-001
      vertex -2.829866e-001 -5.266575e-003  3.046875e-001
    endloop
  endfacet
  facet normal  0.000000e+000  0.000000e+000  1.000000e+000
    outer loop
      vertex -2.962745e-001 -2.515343e-002  3.046875e-001
      vertex -2.829866e-001 -5.266575e-003  3.046875e-001
      vertex -2.944962e-001 -1.929114e-002  3.046875e-001
    endloop
  endfacet
  facet normal -5.551115e-017  1.000000e+000 -5.551115e-017
    outer loop
      vertex -2.656250e-001  3.512815e-017  3.046875e-001
      vertex  1.796875e-001  5.984796e-017  3.046875e-001
      vertex  2.040738e-001  6.106834e-017  3.022857e-001
    endloop
  endfacet
  facet normal -5.551115e-017  1.000000e+000 -5.551080e-017
    outer loop
      vertex -2.656250e-001  3.512815e-017  3.046875e-001
      vertex  2.040738e-001  6.106834e-017  3.022857e-001
      vertex  2.275229e-001  6.197517e-017  2.951725e-001
    endloop
  endfacet
  facet normal -5.551116e-017  1.000000e+000 -5.551116e-017
    outer loop
      vertex -2.656250e-001  3.512815e-017  3.046875e-001
      vertex  2.275229e-001  6.197517e-017  2.951725e-001
      vertex  2.491338e-001  6.253359e-017  2.836212e-001
    endloop
  endfacet
  facet normal -5.551118e-017  1.000000e+000 -5.551155e-017
    outer loop
      vertex -2.656250e-001  3.512815e-017  3.046875e-001
      vertex  2.491338e-001  6.253359e-017  2.836212e-001
      vertex  2.680759e-001  6.272214e-017  2.680759e-001
    endloop
  endfacet
  facet normal -5.551112e-017  1.000000e+000 -5.551082e-017
    outer loop
      vertex -2.656250e-001  3.512815e-017  3.046875e-001
      vertex  2.680759e-001  6.272214e-017  2.680759e-001
      vertex  2.836212e-001  6.253359e-017  2.491338e-001
    endloop
  endfacet
  facet normal -5.551116e-017  1.000000e+000 -5.551116e-017
    outer loop
      vertex -2.656250e-001  3.512815e-017  3.046875e-001
      vertex  2.836212e-001  6.253359e-017  2.491338e-001
      vertex  2.951725e-001  6.197517e-017  2.275229e-001
    endloop
  endfacet
  facet normal -5.551117e-017  9.999999e-001 -5.551126e-017
    outer loop
      vertex -2.656250e-001  3.512815e-017  3.046875e-001
      vertex  2.951725e-001  6.197517e-017  2.275229e-001
      vertex  3.022857e-001  6.106834e-017  2.040738e-001
    endloop
  endfacet
  facet normal -5.551115e-017  1.000000e+000 -5.551115e-017
    outer loop
      vertex -2.656250e-001  3.512815e-017  3.046875e-001
      vertex  3.022857e-001  6.106834e-017  2.040738e-001
      vertex  3.046875e-001  5.984796e-017  1.796875e-001
    endloop
  endfacet
  facet normal -5.551115e-017  1.000000e+000 -5.551115e-017
    outer loop
      vertex -2.656250e-001  3.512815e-017  3.046875e-001
      vertex  3.046875e-001  5.984796e-017  1.796875e-001
      vertex  3.046875e-001  3.339343e-017 -2.968750e-001
    endloop
  endfacet
  facet normal -5.551115e-017  1.000000e+000 -5.551115e-017
    outer loop
      vertex -2.656250e-001  3.512815e-017  3.046875e-001
      vertex  3.046875e-001  3.339343e-017 -2.968750e-001
      vertex -2.656250e-001  1.734723e-018 -2.968750e-001
    endloop
  endfacet
  facet normal  0.000000e+000 -1.000000e+000  0.000000e+000
    outer loop
      vertex -2.968750e-001 -7.500000e-001  3.046875e-001
      vertex -2.968750e-001 -7.500000e-001 -2.968750e-001
      vertex  3.046875e-001 -7.500000e-001 -2.968750e-001
    endloop
  endfacet
  facet normal  0.000000e+000 -1.000000e+000  0.000000e+000
    outer loop
      vertex -2.968750e-001 -7.500000e-001  3.046875e-001
      vertex  3.046875e-001 -7.500000e-001 -2.968750e-001
      vertex  3.046875e-001 -7.500000e-001  1.796875e-001
    endloop
  endfacet
  facet normal  0.000000e+000 -1.000000e+000  0.000000e+000
    outer loop
      vertex -2.968750e-001 -7.500000e-001  3.046875e-001
      vertex  3.046875e-001 -7.500000e-001  1.796875e-001
      vertex  3.022857e-001 -7.500000e-001  2.040738e-001
    endloop
  endfacet
  facet normal  0.000000e+000 -9.999999e-001  0.000000e+000
    outer loop
      vertex -2.968750e-001 -7.500000e-001  3.046875e-001
      vertex  3.022857e-001 -7.500000e-001  2.040738e-001
      vertex  2.951725e-001 -7.500000e-001  2.275229e-001
    endloop
  endfacet
  facet normal  0.000000e+000 -1.000000e+000  0.000000e+000
    outer loop
      vertex -2.968750e-001 -7.500000e-001  3.046875e-001
      vertex  2.951725e-001 -7.500000e-001  2.275229e-001
      vertex  2.836212e-001 -7.500000e-001  2.491338e-001
    endloop
  endfacet
  facet normal  0.000000e+000 -1.000000e+000  0.000000e+000
    outer loop
      vertex -2.968750e-001 -7.500000e-001  3.046875e-001
      vertex  2.836212e-001 -7.500000e-001  2.491338e-001
      vertex  2.680759e-001 -7.500000e-001  2.680759e-001
    endloop
  endfacet
  facet normal  0.000000e+000 -1.000000e+000  0.000000e+000
    outer loop
      vertex -2.968750e-001 -7.500000e-001  3.046875e-001
      vertex  2.680759e-001 -7.500000e-001  2.680759e-001
      vertex  2.491338e-001 -7.500000e-001  2.836212e-001
    endloop
  endfacet
  facet normal  0.000000e+000 -1.000000e+000  0.000000e+000
    outer loop
      vertex -2.968750e-001 -7.500000e-001  3.046875e-001
      vertex  2.491338e-001 -7.500000e-001  2.836212e-001
      vertex  2.275229e-001 -7.500000e-001  2.951725e-001
    endloop
  endfacet
  facet normal  0.000000e+000 -9.999999e-001  0.000000e+000
    outer loop
      vertex -2.968750e-001 -7.500000e-001  3.046875e-001
      vertex  2.275229e-001 -7.500000e-001  2.951725e-001
      vertex  2.040738e-001 -7.500000e-001  3.022857e-001
    endloop
  endfacet
  facet normal  0.000000e+000 -1.000000e+000  0.000000e+000
    outer loop
      vertex -2.968750e-001 -7.500000e-001  3.046875e-001
      vertex  2.040738e-001 -7.500000e-001  3.022857e-001
      vertex  1.796875e-001 -7.500000e-001  3.046875e-001
    endloop
  endfacet
  facet normal  1.000000e+000  0.000000e+000  0.000000e+000
    outer loop
      vertex  3.046875e-001  3.339343e-017 -2.968750e-001
      vertex  3.046875e-001  5.984796e-017  1.796875e-001
      vertex  3.046875e-001 -7.500000e-001 -2.968750e-001
    endloop
  endfacet
  facet normal  1.000000e+000  0.000000e+000  0.000000e+000
    outer loop
      vertex  3.046875e-001 -7.500000e-001 -2.968750e-001
      vertex  3.046875e-001  5.984796e-017  1.796875e-001
      vertex  3.046875e-001 -7.500000e-001  1.796875e-001
    endloop
  endfacet
  facet normal  9.801669e-002  -0.000000e+000  9.951847e-001
    outer loop
      vertex  1.796875e-001  5.984796e-017  3.046875e-001
      vertex  1.796875e-001 -7.500000e-001  3.046875e-001
      vertex  2.040738e-001  6.106834e-017  3.022857e-001
    endloop
  endfacet
  facet normal  9.801669e-002  0.000000e+000  9.951847e-001
    outer loop
      vertex  2.040738e-001  6.106834e-017  3.022857e-001
      vertex  1.796875e-001 -7.500000e-001  3.046875e-001
      vertex  2.040738e-001 -7.500000e-001  3.022857e-001
    endloop
  endfacet
  facet normal  2.902847e-001  -0.000000e+000  9.569404e-001
    outer loop
      vertex  2.040738e-001  6.106834e-017  3.022857e-001
      vertex  2.040738e-001 -7.500000e-001  3.022857e-001
      vertex  2.275229e-001  6.197517e-017  2.951725e-001
    endloop
  endfacet
  facet normal  2.902847e-001  0.000000e+000  9.569404e-001
    outer loop
      vertex  2.275229e-001  6.197517e-017  2.951725e-001
      vertex  2.040738e-001 -7.500000e-001  3.022857e-001
      vertex  2.275229e-001 -7.500000e-001  2.951725e-001
    endloop
  endfacet
  facet normal  4.713973e-001  -0.000000e+000  8.819210e-001
    outer loop
      vertex  2.275229e-001  6.197517e-017  2.951725e-001
      vertex  2.275229e-001 -7.500000e-001  2.951725e-001
      vertex  2.491338e-001  6.253359e-017  2.836212e-001
    endloop
  endfacet
  facet normal  4.713973e-001  0.000000e+000  8.819210e-001
    outer loop
      vertex  2.491338e-001  6.253359e-017  2.836212e-001
      vertex  2.275229e-001 -7.500000e-001  2.951725e-001
      vertex  2.491338e-001 -7.500000e-001  2.836212e-001
    endloop
  endfacet
  facet normal  6.343928e-001  -0.000000e+000  7.730108e-001
    outer loop
      vertex  2.491338e-001  6.253359e-017  2.836212e-001
      vertex  2.491338e-001 -7.500000e-001  2.836212e-001
      vertex  2.680759e-001  6.272214e-017  2.680759e-001
    endloop
  endfacet
  facet normal  6.343928e-001  0.000000e+000  7.730108e-001
    outer loop
      vertex  2.680759e-001  6.272214e-017  2.680759e-001
      vertex  2.491338e-001 -7.500000e-001  2.836212e-001
      vertex  2.680759e-001 -7.500000e-001  2.680759e-001
    endloop
  endfacet
  facet normal  7.730108e-001  -0.000000e+000  6.343928e-001
    outer loop
      vertex  2.680759e-001  6.272214e-017  2.680759e-001
      vertex  2.680759e-001 -7.500000e-001  2.680759e-001
      vertex  2.836212e-001  6.253359e-017  2.491338e-001
    endloop
  endfacet
  facet normal  7.730108e-001  0.000000e+000  6.343928e-001
    outer loop
      vertex  2.836212e-001  6.253359e-017  2.491338e-001
      vertex  2.680759e-001 -7.500000e-001  2.680759e-001
      vertex  2.836212e-001 -7.500000e-001  2.491338e-001
    endloop
  endfacet
  facet normal  8.819210e-001  -0.000000e+000  4.713973e-001
    outer loop
      vertex  2.836212e-001  6.253359e-017  2.491338e-001
      vertex  2.836212e-001 -7.500000e-001  2.491338e-001
      vertex  2.951725e-001  6.197517e-017  2.275229e-001
    endloop
  endfacet
  facet normal  8.819210e-001  0.000000e+000  4.713973e-001
    outer loop
      vertex  2.951725e-001  6.197517e-017  2.275229e-001
      vertex  2.836212e-001 -7.500000e-001  2.491338e-001
      vertex  2.951725e-001 -7.500000e-001  2.275229e-001
    endloop
  endfacet
  facet normal  9.569404e-001  -0.000000e+000  2.902847e-001
    outer loop
      vertex  2.951725e-001  6.197517e-017  2.275229e-001
      vertex  2.951725e-001 -7.500000e-001  2.275229e-001
      vertex  3.022857e-001  6.106834e-017  2.040738e-001
    endloop
  endfacet
  facet normal  9.569404e-001  0.000000e+000  2.902847e-001
    outer loop
      vertex  3.022857e-001  6.106834e-017  2.040738e-001
      vertex  2.951725e-001 -7.500000e-001  2.275229e-001
      vertex  3.022857e-001 -7.500000e-001  2.040738e-001
    endloop
  endfacet
  facet normal  9.951847e-001  -0.000000e+000  9.801669e-002
    outer loop
      vertex  3.022857e-001  6.106834e-017  2.040738e-001
      vertex  3.022857e-001 -7.500000e-001  2.040738e-001
      vertex  3.046875e-001  5.984796e-017  1.796875e-001
    endloop
  endfacet
  facet normal  9.951847e-001  0.000000e+000  9.801669e-002
    outer loop
      vertex  3.046875e-001  5.984796e-017  1.796875e-001
      vertex  3.022857e-001 -7.500000e-001  2.040738e-001
      vertex  3.046875e-001 -7.500000e-001  1.796875e-001
    endloop
  endfacet
  facet normal  0.000000e+000  0.000000e+000 -1.000000e+000
    outer loop
      vertex -2.829866e-001 -5.266575e-003 -2.968750e-001
      vertex -2.944962e-001 -1.929114e-002 -2.968750e-001
      vertex -2.916084e-001 -1.388843e-002 -2.968750e-001
    endloop
  endfacet
  facet normal  0.000000e+000  0.000000e+000 -9.999999e-001
    outer loop
      vertex -2.829866e-001 -5.266575e-003 -2.968750e-001
      vertex -2.916084e-001 -1.388843e-002 -2.968750e-001
      vertex -2.877221e-001 -9.152913e-003 -2.968750e-001
    endloop
  endfacet
  facet normal  0.000000e+000  0.000000e+000 -1.000000e+000
    outer loop
      vertex  3.046875e-001 -7.500000e-001 -2.968750e-001
      vertex -2.968750e-001 -7.500000e-001 -2.968750e-001
      vertex -2.968750e-001 -3.125000e-002 -2.968750e-001
    endloop
  endfacet
  facet normal  0.000000e+000  0.000000e+000 -1.000000e+000
    outer loop
      vertex  3.046875e-001 -7.500000e-001 -2.968750e-001
      vertex -2.968750e-001 -3.125000e-002 -2.968750e-001
      vertex -2.962745e-001 -2.515343e-002 -2.968750e-001
    endloop
  endfacet
  facet normal  0.000000e+000  0.000000e+000 -1.000000e+000
    outer loop
      vertex  3.046875e-001 -7.500000e-001 -2.968750e-001
      vertex -2.962745e-001 -2.515343e-002 -2.968750e-001
      vertex  3.046875e-001  3.339343e-017 -2.968750e-001
    endloop
  endfacet
  facet normal  0.000000e+000  -0.000000e+000 -1.000000e+000
    outer loop
      vertex -2.962745e-001 -2.515343e-002 -2.968750e-001
      vertex -2.944962e-001 -1.929114e-002 -2.968750e-001
      vertex -2.829866e-001 -5.266575e-003 -2.968750e-001
    endloop
  endfacet
  facet normal  0.000000e+000  -0.000000e+000 -1.000000e+000
    outer loop
      vertex -2.962745e-001 -2.515343e-002 -2.968750e-001
      vertex -2.829866e-001 -5.266575e-003 -2.968750e-001
      vertex -2.775839e-001 -2.378765e-003 -2.968750e-001
    endloop
  endfacet
  facet normal  0.000000e+000  -0.000000e+000 -1.000000e+000
    outer loop
      vertex -2.962745e-001 -2.515343e-002 -2.968750e-001
      vertex -2.775839e-001 -2.378765e-003 -2.968750e-001
      vertex -2.717216e-001 -6.004600e-004 -2.968750e-001
    endloop
  endfacet
  facet normal  0.000000e+000  -0.000000e+000 -1.000000e+000
    outer loop
      vertex -2.962745e-001 -2.515343e-002 -2.968750e-001
      vertex -2.717216e-001 -6.004600e-004 -2.968750e-001
      vertex -2.656250e-001  1.734723e-018 -2.968750e-001
    endloop
  endfacet
  facet normal  0.000000e+000  -0.000000e+000 -1.000000e+000
    outer loop
      vertex -2.962745e-001 -2.515343e-002 -2.968750e-001
      vertex -2.656250e-001  1.734723e-018 -2.968750e-001
      vertex  3.046875e-001  3.339343e-017 -2.968750e-001
    endloop
  endfacet
  facet normal -1.000000e+000  0.000000e+000  0.000000e+000
    outer loop
      vertex -2.968750e-001 -3.125000e-002  3.046875e-001
      vertex -2.968750e-001 -3.125000e-002 -2.968750e-001
      vertex -2.968750e-001 -7.500000e-001  3.046875e-001
    endloop
  endfacet
  facet normal -1.000000e+000  0.000000e+000  0.000000e+000
    outer loop
      vertex -2.968750e-001 -7.500000e-001  3.046875e-001
      vertex -2.968750e-001 -3.125000e-002 -2.968750e-001
      vertex -2.968750e-001 -7.500000e-001 -2.968750e-001
    endloop
  endfacet
  facet normal -9.801716e-002  9.951847e-001 -5.524385e-017
    outer loop
      vertex -2.656250e-001  3.512815e-017  3.046875e-001
      vertex -2.656250e-001  1.734723e-018 -2.968750e-001
      vertex -2.717216e-001 -6.004600e-004  3.046875e-001
    endloop
  endfacet
  facet normal -9.801716e-002  9.951847e-001  0.000000e+000
    outer loop
      vertex -2.717216e-001 -6.004600e-004  3.046875e-001
      vertex -2.656250e-001  1.734723e-018 -2.968750e-001
      vertex -2.717216e-001 -6.004600e-004 -2.968750e-001
    endloop
  endfacet
  facet normal -2.902842e-001  9.569404e-001  0.000000e+000
    outer loop
      vertex -2.717216e-001 -6.004600e-004  3.046875e-001
      vertex -2.717216e-001 -6.004600e-004 -2.968750e-001
      vertex -2.775839e-001 -2.378765e-003  3.046875e-001
    endloop
  endfacet
  facet normal -2.902842e-001  9.569404e-001  0.000000e+000
    outer loop
      vertex -2.775839e-001 -2.378765e-003  3.046875e-001
      vertex -2.717216e-001 -6.004600e-004 -2.968750e-001
      vertex -2.775839e-001 -2.378765e-003 -2.968750e-001
    endloop
  endfacet
  facet normal -4.713966e-001  8.819212e-001  0.000000e+000
    outer loop
      vertex -2.775839e-001 -2.378765e-003  3.046875e-001
      vertex -2.775839e-001 -2.378765e-003 -2.968750e-001
      vertex -2.829866e-001 -5.266575e-003  3.046875e-001
    endloop
  endfacet
  facet normal -4.713966e-001  8.819212e-001  0.000000e+000
    outer loop
      vertex -2.829866e-001 -5.266575e-003  3.046875e-001
      vertex -2.775839e-001 -2.378765e-003 -2.968750e-001
      vertex -2.829866e-001 -5.266575e-003 -2.968750e-001
    endloop
  endfacet
  facet normal -6.343947e-001  7.730092e-001  0.000000e+000
    outer loop
      vertex -2.829866e-001 -5.266575e-003  3.046875e-001
      vertex -2.829866e-001 -5.266575e-003 -2.968750e-001
      vertex -2.877221e-001 -9.152913e-003  3.046875e-001
    endloop
  endfacet
  facet normal -6.343947e-001  7.730092e-001  0.000000e+000
    outer loop
      vertex -2.877221e-001 -9.152913e-003  3.046875e-001
      vertex -2.829866e-001 -5.266575e-003 -2.968750e-001
      vertex -2.877221e-001 -9.152913e-003 -2.968750e-001
    endloop
  endfacet
  facet normal -7.730101e-001  6.343937e-001  0.000000e+000
    outer loop
      vertex -2.877221e-001 -9.152913e-003  3.046875e-001
      vertex -2.877221e-001 -9.152913e-003 -2.968750e-001
      vertex -2.916084e-001 -1.388843e-002  3.046875e-001
    endloop
  endfacet
  facet normal -7.730101e-001  6.343937e-001  0.000000e+000
    outer loop
      vertex -2.916084e-001 -1.388843e-002  3.046875e-001
      vertex -2.877221e-001 -9.152913e-003 -2.968750e-001
      vertex -2.916084e-001 -1.388843e-002 -2.968750e-001
    endloop
  endfacet
  facet normal -8.819209e-001  4.713974e-001  0.000000e+000
    outer loop
      vertex -2.916084e-001 -1.388843e-002  3.046875e-001
      vertex -2.916084e-001 -1.388843e-002 -2.968750e-001
      vertex -2.944962e-001 -1.929114e-002  3.046875e-001
    endloop
  endfacet
  facet normal -8.819209e-001  4.713974e-001  0.000000e+000
    outer loop
      vertex -2.944962e-001 -1.929114e-002  3.046875e-001
      vertex -2.916084e-001 -1.388843e-002 -2.968750e-001
      vertex -2.944962e-001 -1.929114e-002 -2.968750e-001
    endloop
  endfacet
  facet normal -9.569403e-001  2.902846e-001  0.000000e+000
    outer loop
      vertex -2.944962e-001 -1.929114e-002  3.046875e-001
      vertex -2.944962e-001 -1.929114e-002 -2.968750e-001
      vertex -2.962745e-001 -2.515343e-002  3.046875e-001
    endloop
  endfacet
  facet normal -9.569403e-001  2.902846e-001  0.000000e+000
    outer loop
      vertex -2.962745e-001 -2.515343e-002  3.046875e-001
      vertex -2.944962e-001 -1.929114e-002 -2.968750e-001
      vertex -2.962745e-001 -2.515343e-002 -2.968750e-001
    endloop
  endfacet
  facet normal -9.951847e-001  9.801669e-002  0.000000e+000
    outer loop
      vertex -2.962745e-001 -2.515343e-002  3.046875e-001
      vertex -2.962745e-001 -2.515343e-002 -2.968750e-001
      vertex -2.968750e-001 -3.125000e-002  3.046875e-001
    endloop
  endfacet
  facet normal -9.951847e-001  9.801669e-002  0.000000e+000
    outer loop
      vertex -2.968750e-001 -3.125000e-002  3.046875e-001
      vertex -2.962745e-001 -2.515343e-002 -2.968750e-001
      vertex -2.968750e-001 -3.125000e-002 -2.968750e-001
    endloop
  endfacet
endsolid CATIA STL
