solid CATIA STL
  facet normal  -0.000000e+000  -0.000000e+000  1.000000e+000
    outer loop
      vertex  0.000000e+000  8.593750e-002  2.890625e-001
      vertex  1.651265e-003  6.917193e-002  2.890625e-001
      vertex  6.541603e-003  5.305064e-002  2.890625e-001
    endloop
  endfacet
  facet normal  -0.000000e+000  -0.000000e+000  1.000000e+000
    outer loop
      vertex  0.000000e+000  8.593750e-002  2.890625e-001
      vertex  6.541603e-003  5.305064e-002  2.890625e-001
      vertex  1.448308e-002  3.819318e-002  2.890625e-001
    endloop
  endfacet
  facet normal  -0.000000e+000  -0.000000e+000  1.000000e+000
    outer loop
      vertex  0.000000e+000  8.593750e-002  2.890625e-001
      vertex  1.448308e-002  3.819318e-002  2.890625e-001
      vertex  2.517051e-002  2.517051e-002  2.890625e-001
    endloop
  endfacet
  facet normal  -0.000000e+000  -0.000000e+000  1.000000e+000
    outer loop
      vertex  0.000000e+000  8.593750e-002  2.890625e-001
      vertex  2.517051e-002  2.517051e-002  2.890625e-001
      vertex  3.819318e-002  1.448308e-002  2.890625e-001
    endloop
  endfacet
  facet normal  -0.000000e+000  -0.000000e+000  1.000000e+000
    outer loop
      vertex  0.000000e+000  8.593750e-002  2.890625e-001
      vertex  3.819318e-002  1.448308e-002  2.890625e-001
      vertex  5.305064e-002  6.541603e-003  2.890625e-001
    endloop
  endfacet
  facet normal  -0.000000e+000  -0.000000e+000  1.000000e+000
    outer loop
      vertex  0.000000e+000  8.593750e-002  2.890625e-001
      vertex  5.305064e-002  6.541603e-003  2.890625e-001
      vertex  6.917193e-002  1.651265e-003  2.890625e-001
    endloop
  endfacet
  facet normal  -0.000000e+000  -0.000000e+000  1.000000e+000
    outer loop
      vertex  0.000000e+000  8.593750e-002  2.890625e-001
      vertex  6.917193e-002  1.651265e-003  2.890625e-001
      vertex  8.593750e-002  0.000000e+000  2.890625e-001
    endloop
  endfacet
  facet normal  0.000000e+000  -0.000000e+000  1.000000e+000
    outer loop
      vertex  0.000000e+000  8.593750e-002  2.890625e-001
      vertex  8.593750e-002  0.000000e+000  2.890625e-001
      vertex  6.093750e-001  0.000000e+000  2.890625e-001
    endloop
  endfacet
  facet normal  0.000000e+000  -0.000000e+000  1.000000e+000
    outer loop
      vertex  0.000000e+000  8.593750e-002  2.890625e-001
      vertex  6.093750e-001  0.000000e+000  2.890625e-001
      vertex  6.093750e-001  6.078947e-001  2.890625e-001
    endloop
  endfacet
  facet normal  0.000000e+000  0.000000e+000  1.000000e+000
    outer loop
      vertex  0.000000e+000  8.593750e-002  2.890625e-001
      vertex  6.093750e-001  6.078947e-001  2.890625e-001
      vertex  0.000000e+000  6.078947e-001  2.890625e-001
    endloop
  endfacet
  facet normal  0.000000e+000  0.000000e+000 -1.000000e+000
    outer loop
      vertex  0.000000e+000  8.593750e-002  0.000000e+000
      vertex  0.000000e+000  6.078947e-001  0.000000e+000
      vertex  6.093750e-001  6.078947e-001  0.000000e+000
    endloop
  endfacet
  facet normal  3.910859e-017 -4.565853e-017 -1.000000e+000
    outer loop
      vertex  0.000000e+000  8.593750e-002  0.000000e+000
      vertex  6.093750e-001  6.078947e-001  0.000000e+000
      vertex  6.093750e-001  0.000000e+000  2.775558e-017
    endloop
  endfacet
  facet normal  5.302558e-017  5.302558e-017 -1.000000e+000
    outer loop
      vertex  0.000000e+000  8.593750e-002  0.000000e+000
      vertex  6.093750e-001  0.000000e+000  2.775558e-017
      vertex  8.593750e-002  0.000000e+000  0.000000e+000
    endloop
  endfacet
  facet normal  0.000000e+000  0.000000e+000 -1.000000e+000
    outer loop
      vertex  0.000000e+000  8.593750e-002  0.000000e+000
      vertex  8.593750e-002  0.000000e+000  0.000000e+000
      vertex  6.917193e-002  1.651265e-003  0.000000e+000
    endloop
  endfacet
  facet normal  0.000000e+000  0.000000e+000 -1.000000e+000
    outer loop
      vertex  0.000000e+000  8.593750e-002  0.000000e+000
      vertex  6.917193e-002  1.651265e-003  0.000000e+000
      vertex  5.305064e-002  6.541603e-003  0.000000e+000
    endloop
  endfacet
  facet normal  0.000000e+000  0.000000e+000 -1.000000e+000
    outer loop
      vertex  0.000000e+000  8.593750e-002  0.000000e+000
      vertex  5.305064e-002  6.541603e-003  0.000000e+000
      vertex  3.819318e-002  1.448308e-002  0.000000e+000
    endloop
  endfacet
  facet normal  0.000000e+000  0.000000e+000 -1.000000e+000
    outer loop
      vertex  0.000000e+000  8.593750e-002  0.000000e+000
      vertex  3.819318e-002  1.448308e-002  0.000000e+000
      vertex  2.517051e-002  2.517051e-002  0.000000e+000
    endloop
  endfacet
  facet normal  0.000000e+000  0.000000e+000 -1.000000e+000
    outer loop
      vertex  0.000000e+000  8.593750e-002  0.000000e+000
      vertex  2.517051e-002  2.517051e-002  0.000000e+000
      vertex  1.448308e-002  3.819318e-002  0.000000e+000
    endloop
  endfacet
  facet normal  0.000000e+000  0.000000e+000 -1.000000e+000
    outer loop
      vertex  0.000000e+000  8.593750e-002  0.000000e+000
      vertex  1.448308e-002  3.819318e-002  0.000000e+000
      vertex  6.541603e-003  5.305064e-002  0.000000e+000
    endloop
  endfacet
  facet normal  0.000000e+000  0.000000e+000 -9.999999e-001
    outer loop
      vertex  0.000000e+000  8.593750e-002  0.000000e+000
      vertex  6.541603e-003  5.305064e-002  0.000000e+000
      vertex  1.651265e-003  6.917193e-002  0.000000e+000
    endloop
  endfacet
  facet normal  0.000000e+000 -1.000000e+000  0.000000e+000
    outer loop
      vertex  8.593750e-002  0.000000e+000  2.890625e-001
      vertex  8.593750e-002  0.000000e+000  0.000000e+000
      vertex  6.093750e-001  0.000000e+000  2.890625e-001
    endloop
  endfacet
  facet normal  0.000000e+000 -1.000000e+000  -0.000000e+000
    outer loop
      vertex  6.093750e-001  0.000000e+000  2.890625e-001
      vertex  8.593750e-002  0.000000e+000  0.000000e+000
      vertex  6.093750e-001  0.000000e+000  2.775558e-017
    endloop
  endfacet
  facet normal -1.000000e+000  0.000000e+000  0.000000e+000
    outer loop
      vertex  0.000000e+000  6.078947e-001  2.890625e-001
      vertex  0.000000e+000  6.078947e-001  0.000000e+000
      vertex  0.000000e+000  8.593750e-002  2.890625e-001
    endloop
  endfacet
  facet normal -1.000000e+000  0.000000e+000  0.000000e+000
    outer loop
      vertex  0.000000e+000  8.593750e-002  2.890625e-001
      vertex  0.000000e+000  6.078947e-001  0.000000e+000
      vertex  0.000000e+000  8.593750e-002  0.000000e+000
    endloop
  endfacet
  facet normal -9.801715e-002 -9.951847e-001  -0.000000e+000
    outer loop
      vertex  8.593750e-002  0.000000e+000  0.000000e+000
      vertex  8.593750e-002  0.000000e+000  2.890625e-001
      vertex  6.917193e-002  1.651265e-003  0.000000e+000
    endloop
  endfacet
  facet normal -9.801715e-002 -9.951847e-001  0.000000e+000
    outer loop
      vertex  6.917193e-002  1.651265e-003  0.000000e+000
      vertex  8.593750e-002  0.000000e+000  2.890625e-001
      vertex  6.917193e-002  1.651265e-003  2.890625e-001
    endloop
  endfacet
  facet normal -2.902846e-001 -9.569404e-001  -0.000000e+000
    outer loop
      vertex  6.917193e-002  1.651265e-003  0.000000e+000
      vertex  6.917193e-002  1.651265e-003  2.890625e-001
      vertex  5.305064e-002  6.541603e-003  0.000000e+000
    endloop
  endfacet
  facet normal -2.902846e-001 -9.569404e-001  0.000000e+000
    outer loop
      vertex  5.305064e-002  6.541603e-003  0.000000e+000
      vertex  6.917193e-002  1.651265e-003  2.890625e-001
      vertex  5.305064e-002  6.541603e-003  2.890625e-001
    endloop
  endfacet
  facet normal -4.713968e-001 -8.819212e-001  -0.000000e+000
    outer loop
      vertex  5.305064e-002  6.541603e-003  0.000000e+000
      vertex  5.305064e-002  6.541603e-003  2.890625e-001
      vertex  3.819318e-002  1.448308e-002  0.000000e+000
    endloop
  endfacet
  facet normal -4.713968e-001 -8.819212e-001  0.000000e+000
    outer loop
      vertex  3.819318e-002  1.448308e-002  0.000000e+000
      vertex  5.305064e-002  6.541603e-003  2.890625e-001
      vertex  3.819318e-002  1.448308e-002  2.890625e-001
    endloop
  endfacet
  facet normal -6.343932e-001 -7.730106e-001  -0.000000e+000
    outer loop
      vertex  3.819318e-002  1.448308e-002  0.000000e+000
      vertex  3.819318e-002  1.448308e-002  2.890625e-001
      vertex  2.517051e-002  2.517051e-002  0.000000e+000
    endloop
  endfacet
  facet normal -6.343932e-001 -7.730106e-001  0.000000e+000
    outer loop
      vertex  2.517051e-002  2.517051e-002  0.000000e+000
      vertex  3.819318e-002  1.448308e-002  2.890625e-001
      vertex  2.517051e-002  2.517051e-002  2.890625e-001
    endloop
  endfacet
  facet normal -7.730106e-001 -6.343932e-001  -0.000000e+000
    outer loop
      vertex  2.517051e-002  2.517051e-002  0.000000e+000
      vertex  2.517051e-002  2.517051e-002  2.890625e-001
      vertex  1.448308e-002  3.819318e-002  0.000000e+000
    endloop
  endfacet
  facet normal -7.730106e-001 -6.343932e-001  0.000000e+000
    outer loop
      vertex  1.448308e-002  3.819318e-002  0.000000e+000
      vertex  2.517051e-002  2.517051e-002  2.890625e-001
      vertex  1.448308e-002  3.819318e-002  2.890625e-001
    endloop
  endfacet
  facet normal -8.819212e-001 -4.713968e-001  -0.000000e+000
    outer loop
      vertex  1.448308e-002  3.819318e-002  0.000000e+000
      vertex  1.448308e-002  3.819318e-002  2.890625e-001
      vertex  6.541603e-003  5.305064e-002  0.000000e+000
    endloop
  endfacet
  facet normal -8.819212e-001 -4.713968e-001  0.000000e+000
    outer loop
      vertex  6.541603e-003  5.305064e-002  0.000000e+000
      vertex  1.448308e-002  3.819318e-002  2.890625e-001
      vertex  6.541603e-003  5.305064e-002  2.890625e-001
    endloop
  endfacet
  facet normal -9.569404e-001 -2.902846e-001  -0.000000e+000
    outer loop
      vertex  6.541603e-003  5.305064e-002  0.000000e+000
      vertex  6.541603e-003  5.305064e-002  2.890625e-001
      vertex  1.651265e-003  6.917193e-002  0.000000e+000
    endloop
  endfacet
  facet normal -9.569404e-001 -2.902846e-001  0.000000e+000
    outer loop
      vertex  1.651265e-003  6.917193e-002  0.000000e+000
      vertex  6.541603e-003  5.305064e-002  2.890625e-001
      vertex  1.651265e-003  6.917193e-002  2.890625e-001
    endloop
  endfacet
  facet normal -9.951847e-001 -9.801715e-002  -0.000000e+000
    outer loop
      vertex  1.651265e-003  6.917193e-002  0.000000e+000
      vertex  1.651265e-003  6.917193e-002  2.890625e-001
      vertex  0.000000e+000  8.593750e-002  0.000000e+000
    endloop
  endfacet
  facet normal -9.951847e-001 -9.801715e-002  0.000000e+000
    outer loop
      vertex  0.000000e+000  8.593750e-002  0.000000e+000
      vertex  1.651265e-003  6.917193e-002  2.890625e-001
      vertex  0.000000e+000  8.593750e-002  2.890625e-001
    endloop
  endfacet
  facet normal  0.000000e+000  1.000000e+000  -0.000000e+000
    outer loop
      vertex  6.093750e-001  6.078947e-001  2.890625e-001
      vertex  6.093750e-001  6.078947e-001  0.000000e+000
      vertex  0.000000e+000  6.078947e-001  2.890625e-001
    endloop
  endfacet
  facet normal  0.000000e+000  1.000000e+000  0.000000e+000
    outer loop
      vertex  0.000000e+000  6.078947e-001  2.890625e-001
      vertex  6.093750e-001  6.078947e-001  0.000000e+000
      vertex  0.000000e+000  6.078947e-001  0.000000e+000
    endloop
  endfacet
  facet normal  1.000000e+000  0.000000e+000  0.000000e+000
    outer loop
      vertex  7.500000e-001  9.375000e-002  1.953125e-001
      vertex  7.500000e-001  9.375000e-002  9.375000e-002
      vertex  7.500000e-001  5.141447e-001  1.953125e-001
    endloop
  endfacet
  facet normal  1.000000e+000  0.000000e+000  0.000000e+000
    outer loop
      vertex  7.500000e-001  5.141447e-001  1.953125e-001
      vertex  7.500000e-001  9.375000e-002  9.375000e-002
      vertex  7.500000e-001  5.141447e-001  9.375000e-002
    endloop
  endfacet
  facet normal  5.547002e-001 -8.320503e-001  0.000000e+000
    outer loop
      vertex  6.093750e-001  0.000000e+000  2.890625e-001
      vertex  6.093750e-001  0.000000e+000  2.775558e-017
      vertex  7.500000e-001  9.375000e-002  1.953125e-001
    endloop
  endfacet
  facet normal  5.547002e-001 -8.320503e-001  0.000000e+000
    outer loop
      vertex  7.500000e-001  9.375000e-002  1.953125e-001
      vertex  6.093750e-001  0.000000e+000  2.775558e-017
      vertex  7.500000e-001  9.375000e-002  9.375000e-002
    endloop
  endfacet
  facet normal  5.547002e-001  0.000000e+000 -8.320503e-001
    outer loop
      vertex  6.093750e-001  6.078947e-001  0.000000e+000
      vertex  7.500000e-001  5.141447e-001  9.375000e-002
      vertex  6.093750e-001  0.000000e+000  2.775558e-017
    endloop
  endfacet
  facet normal  5.547003e-001  0.000000e+000 -8.320503e-001
    outer loop
      vertex  6.093750e-001  0.000000e+000  2.775558e-017
      vertex  7.500000e-001  5.141447e-001  9.375000e-002
      vertex  7.500000e-001  9.375000e-002  9.375000e-002
    endloop
  endfacet
  facet normal  5.547002e-001  8.320503e-001  0.000000e+000
    outer loop
      vertex  6.093750e-001  6.078947e-001  0.000000e+000
      vertex  6.093750e-001  6.078947e-001  2.890625e-001
      vertex  7.500000e-001  5.141447e-001  9.375000e-002
    endloop
  endfacet
  facet normal  5.547002e-001  8.320503e-001  -0.000000e+000
    outer loop
      vertex  7.500000e-001  5.141447e-001  9.375000e-002
      vertex  6.093750e-001  6.078947e-001  2.890625e-001
      vertex  7.500000e-001  5.141447e-001  1.953125e-001
    endloop
  endfacet
  facet normal  5.547002e-001  -0.000000e+000  8.320503e-001
    outer loop
      vertex  6.093750e-001  6.078947e-001  2.890625e-001
      vertex  6.093750e-001  0.000000e+000  2.890625e-001
      vertex  7.500000e-001  5.141447e-001  1.953125e-001
    endloop
  endfacet
  facet normal  5.547003e-001  0.000000e+000  8.320503e-001
    outer loop
      vertex  7.500000e-001  5.141447e-001  1.953125e-001
      vertex  6.093750e-001  0.000000e+000  2.890625e-001
      vertex  7.500000e-001  9.375000e-002  1.953125e-001
    endloop
  endfacet
endsolid CATIA STL
