solid CATIA STL
  facet normal  0.000000e+000 -1.000000e+000  0.000000e+000
    outer loop
      vertex -7.343750e-001 -7.500000e-001 -7.500000e-001
      vertex  1.110223e-016 -7.500000e-001 -7.500000e-001
      vertex -7.488106e-001 -7.500000e-001 -7.403544e-001
    endloop
  endfacet
  facet normal  0.000000e+000 -9.999999e-001  0.000000e+000
    outer loop
      vertex  1.569466e-016 -7.500000e-001  1.110223e-016
      vertex -7.500000e-001 -7.500000e-001  1.110223e-016
      vertex -7.500000e-001 -7.500000e-001 -7.343750e-001
    endloop
  endfacet
  facet normal  0.000000e+000 -1.000000e+000  0.000000e+000
    outer loop
      vertex  1.569466e-016 -7.500000e-001  1.110223e-016
      vertex -7.500000e-001 -7.500000e-001 -7.343750e-001
      vertex -7.496998e-001 -7.500000e-001 -7.374233e-001
    endloop
  endfacet
  facet normal  0.000000e+000 -1.000000e+000  0.000000e+000
    outer loop
      vertex  1.569466e-016 -7.500000e-001  1.110223e-016
      vertex -7.496998e-001 -7.500000e-001 -7.374233e-001
      vertex -7.488106e-001 -7.500000e-001 -7.403544e-001
    endloop
  endfacet
  facet normal  0.000000e+000 -1.000000e+000  0.000000e+000
    outer loop
      vertex  1.569466e-016 -7.500000e-001  1.110223e-016
      vertex -7.488106e-001 -7.500000e-001 -7.403544e-001
      vertex  1.110223e-016 -7.500000e-001 -7.500000e-001
    endloop
  endfacet
  facet normal  0.000000e+000 -1.000000e+000  0.000000e+000
    outer loop
      vertex -7.374233e-001 -7.500000e-001 -7.496998e-001
      vertex -7.343750e-001 -7.500000e-001 -7.500000e-001
      vertex -7.488106e-001 -7.500000e-001 -7.403544e-001
    endloop
  endfacet
  facet normal  0.000000e+000 -1.000000e+000  0.000000e+000
    outer loop
      vertex -7.374233e-001 -7.500000e-001 -7.496998e-001
      vertex -7.488106e-001 -7.500000e-001 -7.403544e-001
      vertex -7.473667e-001 -7.500000e-001 -7.430558e-001
    endloop
  endfacet
  facet normal  0.000000e+000 -9.999999e-001  0.000000e+000
    outer loop
      vertex -7.374233e-001 -7.500000e-001 -7.496998e-001
      vertex -7.473667e-001 -7.500000e-001 -7.430558e-001
      vertex -7.454236e-001 -7.500000e-001 -7.454236e-001
    endloop
  endfacet
  facet normal  0.000000e+000 -1.000000e+000  0.000000e+000
    outer loop
      vertex -7.374233e-001 -7.500000e-001 -7.496998e-001
      vertex -7.454236e-001 -7.500000e-001 -7.454236e-001
      vertex -7.430558e-001 -7.500000e-001 -7.473667e-001
    endloop
  endfacet
  facet normal  0.000000e+000 -1.000000e+000  0.000000e+000
    outer loop
      vertex -7.374233e-001 -7.500000e-001 -7.496998e-001
      vertex -7.430558e-001 -7.500000e-001 -7.473667e-001
      vertex -7.403544e-001 -7.500000e-001 -7.488106e-001
    endloop
  endfacet
  facet normal -1.110223e-016  1.000000e+000 -1.110216e-016
    outer loop
      vertex -7.488106e-001  1.202922e-018 -7.403544e-001
      vertex  0.000000e+000  8.326673e-017 -7.500000e-001
      vertex -7.343750e-001  1.734723e-018 -7.500000e-001
    endloop
  endfacet
  facet normal -1.110223e-016  1.000000e+000 -1.110223e-016
    outer loop
      vertex  4.592425e-017  1.665335e-016  0.000000e+000
      vertex  0.000000e+000  8.326673e-017 -7.500000e-001
      vertex -7.488106e-001  1.202922e-018 -7.403544e-001
    endloop
  endfacet
  facet normal -1.110207e-016  1.000000e+000 -1.110239e-016
    outer loop
      vertex  4.592425e-017  1.665335e-016  0.000000e+000
      vertex -7.488106e-001  1.202922e-018 -7.403544e-001
      vertex -7.496998e-001  1.429628e-018 -7.374233e-001
    endloop
  endfacet
  facet normal -1.110228e-016  1.000000e+000 -1.110218e-016
    outer loop
      vertex  4.592425e-017  1.665335e-016  0.000000e+000
      vertex -7.496998e-001  1.429628e-018 -7.374233e-001
      vertex -7.500000e-001  1.734723e-018 -7.343750e-001
    endloop
  endfacet
  facet normal -1.110223e-016  9.999999e-001 -1.110223e-016
    outer loop
      vertex  4.592425e-017  1.665335e-016  0.000000e+000
      vertex -7.500000e-001  1.734723e-018 -7.343750e-001
      vertex -7.500000e-001  8.326673e-017  0.000000e+000
    endloop
  endfacet
  facet normal -1.110285e-016  1.000000e+000 -1.110361e-016
    outer loop
      vertex -7.374233e-001  1.429628e-018 -7.496998e-001
      vertex -7.403544e-001  1.202922e-018 -7.488106e-001
      vertex -7.430558e-001  1.063316e-018 -7.473667e-001
    endloop
  endfacet
  facet normal -1.110250e-016  1.000000e+000 -1.110275e-016
    outer loop
      vertex -7.374233e-001  1.429628e-018 -7.496998e-001
      vertex -7.430558e-001  1.063316e-018 -7.473667e-001
      vertex -7.454236e-001  1.016178e-018 -7.454236e-001
    endloop
  endfacet
  facet normal -1.110205e-016  9.999999e-001 -1.110193e-016
    outer loop
      vertex -7.374233e-001  1.429628e-018 -7.496998e-001
      vertex -7.454236e-001  1.016178e-018 -7.454236e-001
      vertex -7.473667e-001  1.063316e-018 -7.430558e-001
    endloop
  endfacet
  facet normal -1.110216e-016  1.000000e+000 -1.110208e-016
    outer loop
      vertex -7.374233e-001  1.429628e-018 -7.496998e-001
      vertex -7.473667e-001  1.063316e-018 -7.430558e-001
      vertex -7.488106e-001  1.202922e-018 -7.403544e-001
    endloop
  endfacet
  facet normal -1.110216e-016  1.000000e+000 -1.110208e-016
    outer loop
      vertex -7.374233e-001  1.429628e-018 -7.496998e-001
      vertex -7.488106e-001  1.202922e-018 -7.403544e-001
      vertex -7.343750e-001  1.734723e-018 -7.500000e-001
    endloop
  endfacet
  facet normal -9.999999e-001  0.000000e+000  0.000000e+000
    outer loop
      vertex -7.500000e-001  8.326673e-017  0.000000e+000
      vertex -7.500000e-001  1.734723e-018 -7.343750e-001
      vertex -7.500000e-001 -7.500000e-001  1.110223e-016
    endloop
  endfacet
  facet normal -9.999999e-001  0.000000e+000  0.000000e+000
    outer loop
      vertex -7.500000e-001 -7.500000e-001  1.110223e-016
      vertex -7.500000e-001  1.734723e-018 -7.343750e-001
      vertex -7.500000e-001 -7.500000e-001 -7.343750e-001
    endloop
  endfacet
  facet normal  0.000000e+000  0.000000e+000 -9.999999e-001
    outer loop
      vertex -7.343750e-001  1.734723e-018 -7.500000e-001
      vertex  0.000000e+000  8.326673e-017 -7.500000e-001
      vertex -7.343750e-001 -7.500000e-001 -7.500000e-001
    endloop
  endfacet
  facet normal  0.000000e+000  0.000000e+000 -9.999999e-001
    outer loop
      vertex -7.343750e-001 -7.500000e-001 -7.500000e-001
      vertex  0.000000e+000  8.326673e-017 -7.500000e-001
      vertex  1.110223e-016 -7.500000e-001 -7.500000e-001
    endloop
  endfacet
  facet normal -9.801622e-002  0.000000e+000 -9.951848e-001
    outer loop
      vertex -7.343750e-001  1.734723e-018 -7.500000e-001
      vertex -7.343750e-001 -7.500000e-001 -7.500000e-001
      vertex -7.374233e-001  1.429628e-018 -7.496998e-001
    endloop
  endfacet
  facet normal -9.801622e-002  -0.000000e+000 -9.951848e-001
    outer loop
      vertex -7.374233e-001  1.429628e-018 -7.496998e-001
      vertex -7.343750e-001 -7.500000e-001 -7.500000e-001
      vertex -7.374233e-001 -7.500000e-001 -7.496998e-001
    endloop
  endfacet
  facet normal -2.902958e-001  0.000000e+000 -9.569370e-001
    outer loop
      vertex -7.374233e-001  1.429628e-018 -7.496998e-001
      vertex -7.374233e-001 -7.500000e-001 -7.496998e-001
      vertex -7.403544e-001  1.202922e-018 -7.488106e-001
    endloop
  endfacet
  facet normal -2.902958e-001  -0.000000e+000 -9.569370e-001
    outer loop
      vertex -7.403544e-001  1.202922e-018 -7.488106e-001
      vertex -7.374233e-001 -7.500000e-001 -7.496998e-001
      vertex -7.403544e-001 -7.500000e-001 -7.488106e-001
    endloop
  endfacet
  facet normal -4.713880e-001  0.000000e+000 -8.819259e-001
    outer loop
      vertex -7.403544e-001  1.202922e-018 -7.488106e-001
      vertex -7.403544e-001 -7.500000e-001 -7.488106e-001
      vertex -7.430558e-001  1.063316e-018 -7.473667e-001
    endloop
  endfacet
  facet normal -4.713880e-001  -0.000000e+000 -8.819259e-001
    outer loop
      vertex -7.430558e-001  1.063316e-018 -7.473667e-001
      vertex -7.403544e-001 -7.500000e-001 -7.488106e-001
      vertex -7.430558e-001 -7.500000e-001 -7.473667e-001
    endloop
  endfacet
  facet normal -6.343879e-001  0.000000e+000 -7.730150e-001
    outer loop
      vertex -7.430558e-001  1.063316e-018 -7.473667e-001
      vertex -7.430558e-001 -7.500000e-001 -7.473667e-001
      vertex -7.454236e-001  1.016178e-018 -7.454236e-001
    endloop
  endfacet
  facet normal -6.343879e-001  -0.000000e+000 -7.730150e-001
    outer loop
      vertex -7.454236e-001  1.016178e-018 -7.454236e-001
      vertex -7.430558e-001 -7.500000e-001 -7.473667e-001
      vertex -7.454236e-001 -7.500000e-001 -7.454236e-001
    endloop
  endfacet
  facet normal -7.730150e-001  0.000000e+000 -6.343879e-001
    outer loop
      vertex -7.454236e-001  1.016178e-018 -7.454236e-001
      vertex -7.454236e-001 -7.500000e-001 -7.454236e-001
      vertex -7.473667e-001  1.063316e-018 -7.430558e-001
    endloop
  endfacet
  facet normal -7.730150e-001  -0.000000e+000 -6.343879e-001
    outer loop
      vertex -7.473667e-001  1.063316e-018 -7.430558e-001
      vertex -7.454236e-001 -7.500000e-001 -7.454236e-001
      vertex -7.473667e-001 -7.500000e-001 -7.430558e-001
    endloop
  endfacet
  facet normal -8.819259e-001  0.000000e+000 -4.713880e-001
    outer loop
      vertex -7.473667e-001  1.063316e-018 -7.430558e-001
      vertex -7.473667e-001 -7.500000e-001 -7.430558e-001
      vertex -7.488106e-001  1.202922e-018 -7.403544e-001
    endloop
  endfacet
  facet normal -8.819259e-001  -0.000000e+000 -4.713880e-001
    outer loop
      vertex -7.488106e-001  1.202922e-018 -7.403544e-001
      vertex -7.473667e-001 -7.500000e-001 -7.430558e-001
      vertex -7.488106e-001 -7.500000e-001 -7.403544e-001
    endloop
  endfacet
  facet normal -9.569370e-001  0.000000e+000 -2.902958e-001
    outer loop
      vertex -7.488106e-001  1.202922e-018 -7.403544e-001
      vertex -7.488106e-001 -7.500000e-001 -7.403544e-001
      vertex -7.496998e-001  1.429628e-018 -7.374233e-001
    endloop
  endfacet
  facet normal -9.569370e-001  -0.000000e+000 -2.902958e-001
    outer loop
      vertex -7.496998e-001  1.429628e-018 -7.374233e-001
      vertex -7.488106e-001 -7.500000e-001 -7.403544e-001
      vertex -7.496998e-001 -7.500000e-001 -7.374233e-001
    endloop
  endfacet
  facet normal -9.951848e-001  0.000000e+000 -9.801622e-002
    outer loop
      vertex -7.496998e-001  1.429628e-018 -7.374233e-001
      vertex -7.496998e-001 -7.500000e-001 -7.374233e-001
      vertex -7.500000e-001  1.734723e-018 -7.343750e-001
    endloop
  endfacet
  facet normal -9.951848e-001  -0.000000e+000 -9.801622e-002
    outer loop
      vertex -7.500000e-001  1.734723e-018 -7.343750e-001
      vertex -7.496998e-001 -7.500000e-001 -7.374233e-001
      vertex -7.500000e-001 -7.500000e-001 -7.343750e-001
    endloop
  endfacet
  facet normal -1.643460e-032  1.480297e-016  1.000000e+000
    outer loop
      vertex  4.592425e-017  1.665335e-016  0.000000e+000
      vertex -7.500000e-001  8.326673e-017  0.000000e+000
      vertex  1.569466e-016 -7.500000e-001  1.110223e-016
    endloop
  endfacet
  facet normal  0.000000e+000  1.480297e-016  1.000000e+000
    outer loop
      vertex  1.569466e-016 -7.500000e-001  1.110223e-016
      vertex -7.500000e-001  8.326673e-017  0.000000e+000
      vertex -7.500000e-001 -7.500000e-001  1.110223e-016
    endloop
  endfacet
  facet normal  1.000000e+000  1.480297e-016 -6.123234e-017
    outer loop
      vertex  0.000000e+000  8.326673e-017 -7.500000e-001
      vertex  4.592425e-017  1.665335e-016  0.000000e+000
      vertex  1.110223e-016 -7.500000e-001 -7.500000e-001
    endloop
  endfacet
  facet normal  1.000000e+000  1.480298e-016 -6.123235e-017
    outer loop
      vertex  1.110223e-016 -7.500000e-001 -7.500000e-001
      vertex  4.592425e-017  1.665335e-016  0.000000e+000
      vertex  1.569466e-016 -7.500000e-001  1.110223e-016
    endloop
  endfacet
endsolid CATIA STL
