solid CATIA STL
  facet normal  -0.000000e+000 -1.000000e+000  0.000000e+000
    outer loop
      vertex  2.420591e-017 -4.531250e-001  3.953125e-001
      vertex  7.500000e-001 -4.531250e-001  4.500000e-001
      vertex  4.687500e-002 -4.531250e-001  4.500000e-001
    endloop
  endfacet
  facet normal  0.000000e+000 -1.000000e+000  0.000000e+000
    outer loop
      vertex  3.827021e-018 -4.531250e-001  6.250000e-002
      vertex  1.200920e-003 -4.531250e-001  5.030686e-002
      vertex  4.757529e-003 -4.531250e-001  3.858228e-002
    endloop
  endfacet
  facet normal  0.000000e+000 -1.000000e+000  0.000000e+000
    outer loop
      vertex  3.827021e-018 -4.531250e-001  6.250000e-002
      vertex  4.757529e-003 -4.531250e-001  3.858228e-002
      vertex  1.053315e-002 -4.531250e-001  2.777686e-002
    endloop
  endfacet
  facet normal  0.000000e+000 -1.000000e+000  0.000000e+000
    outer loop
      vertex  3.827021e-018 -4.531250e-001  6.250000e-002
      vertex  1.053315e-002 -4.531250e-001  2.777686e-002
      vertex  1.830583e-002 -4.531250e-001  1.830583e-002
    endloop
  endfacet
  facet normal  0.000000e+000 -1.000000e+000  0.000000e+000
    outer loop
      vertex  3.827021e-018 -4.531250e-001  6.250000e-002
      vertex  1.830583e-002 -4.531250e-001  1.830583e-002
      vertex  2.777686e-002 -4.531250e-001  1.053315e-002
    endloop
  endfacet
  facet normal  0.000000e+000 -1.000000e+000  0.000000e+000
    outer loop
      vertex  3.827021e-018 -4.531250e-001  6.250000e-002
      vertex  2.777686e-002 -4.531250e-001  1.053315e-002
      vertex  3.858228e-002 -4.531250e-001  4.757529e-003
    endloop
  endfacet
  facet normal  0.000000e+000 -1.000000e+000  0.000000e+000
    outer loop
      vertex  3.827021e-018 -4.531250e-001  6.250000e-002
      vertex  3.858228e-002 -4.531250e-001  4.757529e-003
      vertex  5.030686e-002 -4.531250e-001  1.200920e-003
    endloop
  endfacet
  facet normal  0.000000e+000 -1.000000e+000  0.000000e+000
    outer loop
      vertex  3.827021e-018 -4.531250e-001  6.250000e-002
      vertex  5.030686e-002 -4.531250e-001  1.200920e-003
      vertex  6.250000e-002 -4.531250e-001 -3.827021e-018
    endloop
  endfacet
  facet normal  0.000000e+000 -1.000000e+000  0.000000e+000
    outer loop
      vertex  3.827021e-018 -4.531250e-001  6.250000e-002
      vertex  6.250000e-002 -4.531250e-001 -3.827021e-018
      vertex  7.500000e-001 -4.531250e-001 -4.592425e-017
    endloop
  endfacet
  facet normal  0.000000e+000 -1.000000e+000  0.000000e+000
    outer loop
      vertex  3.827021e-018 -4.531250e-001  6.250000e-002
      vertex  7.500000e-001 -4.531250e-001 -4.592425e-017
      vertex  7.500000e-001 -4.531250e-001  4.500000e-001
    endloop
  endfacet
  facet normal  0.000000e+000 -1.000000e+000  0.000000e+000
    outer loop
      vertex  3.827021e-018 -4.531250e-001  6.250000e-002
      vertex  7.500000e-001 -4.531250e-001  4.500000e-001
      vertex  2.420591e-017 -4.531250e-001  3.953125e-001
    endloop
  endfacet
  facet normal  0.000000e+000  1.000000e+000  0.000000e+000
    outer loop
      vertex  4.687500e-002  0.000000e+000  4.500000e-001
      vertex  7.500000e-001  0.000000e+000  4.500000e-001
      vertex  2.420591e-017  0.000000e+000  3.953125e-001
    endloop
  endfacet
  facet normal  -0.000000e+000  1.000000e+000  0.000000e+000
    outer loop
      vertex  3.827021e-018  0.000000e+000  6.250000e-002
      vertex  2.420591e-017  0.000000e+000  3.953125e-001
      vertex  7.500000e-001  0.000000e+000  4.500000e-001
    endloop
  endfacet
  facet normal  0.000000e+000  1.000000e+000  0.000000e+000
    outer loop
      vertex  3.827021e-018  0.000000e+000  6.250000e-002
      vertex  7.500000e-001  0.000000e+000  4.500000e-001
      vertex  7.500000e-001  0.000000e+000 -4.592425e-017
    endloop
  endfacet
  facet normal  0.000000e+000  1.000000e+000  0.000000e+000
    outer loop
      vertex  3.827021e-018  0.000000e+000  6.250000e-002
      vertex  7.500000e-001  0.000000e+000 -4.592425e-017
      vertex  6.250000e-002  0.000000e+000 -3.827021e-018
    endloop
  endfacet
  facet normal  0.000000e+000  1.000000e+000  0.000000e+000
    outer loop
      vertex  3.827021e-018  0.000000e+000  6.250000e-002
      vertex  6.250000e-002  0.000000e+000 -3.827021e-018
      vertex  5.030686e-002  0.000000e+000  1.200920e-003
    endloop
  endfacet
  facet normal  0.000000e+000  1.000000e+000  0.000000e+000
    outer loop
      vertex  3.827021e-018  0.000000e+000  6.250000e-002
      vertex  5.030686e-002  0.000000e+000  1.200920e-003
      vertex  3.858228e-002  0.000000e+000  4.757529e-003
    endloop
  endfacet
  facet normal  0.000000e+000  1.000000e+000  0.000000e+000
    outer loop
      vertex  3.827021e-018  0.000000e+000  6.250000e-002
      vertex  3.858228e-002  0.000000e+000  4.757529e-003
      vertex  2.777686e-002  0.000000e+000  1.053315e-002
    endloop
  endfacet
  facet normal  0.000000e+000  1.000000e+000  0.000000e+000
    outer loop
      vertex  3.827021e-018  0.000000e+000  6.250000e-002
      vertex  2.777686e-002  0.000000e+000  1.053315e-002
      vertex  1.830583e-002  0.000000e+000  1.830583e-002
    endloop
  endfacet
  facet normal  0.000000e+000  1.000000e+000  0.000000e+000
    outer loop
      vertex  3.827021e-018  0.000000e+000  6.250000e-002
      vertex  1.830583e-002  0.000000e+000  1.830583e-002
      vertex  1.053315e-002  0.000000e+000  2.777686e-002
    endloop
  endfacet
  facet normal  0.000000e+000  1.000000e+000  0.000000e+000
    outer loop
      vertex  3.827021e-018  0.000000e+000  6.250000e-002
      vertex  1.053315e-002  0.000000e+000  2.777686e-002
      vertex  4.757529e-003  0.000000e+000  3.858228e-002
    endloop
  endfacet
  facet normal  0.000000e+000  1.000000e+000  0.000000e+000
    outer loop
      vertex  3.827021e-018  0.000000e+000  6.250000e-002
      vertex  4.757529e-003  0.000000e+000  3.858228e-002
      vertex  1.200920e-003  0.000000e+000  5.030686e-002
    endloop
  endfacet
  facet normal -1.000000e+000  0.000000e+000  6.123234e-017
    outer loop
      vertex  2.420591e-017  0.000000e+000  3.953125e-001
      vertex  3.827021e-018  0.000000e+000  6.250000e-002
      vertex  2.420591e-017 -4.531250e-001  3.953125e-001
    endloop
  endfacet
  facet normal -1.000000e+000  0.000000e+000  6.123234e-017
    outer loop
      vertex  2.420591e-017 -4.531250e-001  3.953125e-001
      vertex  3.827021e-018  0.000000e+000  6.250000e-002
      vertex  3.827021e-018 -4.531250e-001  6.250000e-002
    endloop
  endfacet
  facet normal -6.123234e-017  -0.000000e+000 -1.000000e+000
    outer loop
      vertex  6.250000e-002 -4.531250e-001 -3.827021e-018
      vertex  6.250000e-002  0.000000e+000 -3.827021e-018
      vertex  7.500000e-001 -4.531250e-001 -4.592425e-017
    endloop
  endfacet
  facet normal -6.123234e-017  0.000000e+000 -1.000000e+000
    outer loop
      vertex  7.500000e-001 -4.531250e-001 -4.592425e-017
      vertex  6.250000e-002  0.000000e+000 -3.827021e-018
      vertex  7.500000e-001  0.000000e+000 -4.592425e-017
    endloop
  endfacet
  facet normal -9.801716e-002  0.000000e+000 -9.951847e-001
    outer loop
      vertex  6.250000e-002  0.000000e+000 -3.827021e-018
      vertex  6.250000e-002 -4.531250e-001 -3.827021e-018
      vertex  5.030686e-002  0.000000e+000  1.200920e-003
    endloop
  endfacet
  facet normal -9.801716e-002  -0.000000e+000 -9.951847e-001
    outer loop
      vertex  5.030686e-002  0.000000e+000  1.200920e-003
      vertex  6.250000e-002 -4.531250e-001 -3.827021e-018
      vertex  5.030686e-002 -4.531250e-001  1.200920e-003
    endloop
  endfacet
  facet normal -2.902846e-001  0.000000e+000 -9.569404e-001
    outer loop
      vertex  5.030686e-002  0.000000e+000  1.200920e-003
      vertex  5.030686e-002 -4.531250e-001  1.200920e-003
      vertex  3.858228e-002  0.000000e+000  4.757529e-003
    endloop
  endfacet
  facet normal -2.902846e-001  -0.000000e+000 -9.569404e-001
    outer loop
      vertex  3.858228e-002  0.000000e+000  4.757529e-003
      vertex  5.030686e-002 -4.531250e-001  1.200920e-003
      vertex  3.858228e-002 -4.531250e-001  4.757529e-003
    endloop
  endfacet
  facet normal -4.713968e-001  0.000000e+000 -8.819213e-001
    outer loop
      vertex  3.858228e-002  0.000000e+000  4.757529e-003
      vertex  3.858228e-002 -4.531250e-001  4.757529e-003
      vertex  2.777686e-002  0.000000e+000  1.053315e-002
    endloop
  endfacet
  facet normal -4.713968e-001  -0.000000e+000 -8.819213e-001
    outer loop
      vertex  2.777686e-002  0.000000e+000  1.053315e-002
      vertex  3.858228e-002 -4.531250e-001  4.757529e-003
      vertex  2.777686e-002 -4.531250e-001  1.053315e-002
    endloop
  endfacet
  facet normal -6.343933e-001  0.000000e+000 -7.730104e-001
    outer loop
      vertex  2.777686e-002  0.000000e+000  1.053315e-002
      vertex  2.777686e-002 -4.531250e-001  1.053315e-002
      vertex  1.830583e-002  0.000000e+000  1.830583e-002
    endloop
  endfacet
  facet normal -6.343933e-001  -0.000000e+000 -7.730104e-001
    outer loop
      vertex  1.830583e-002  0.000000e+000  1.830583e-002
      vertex  2.777686e-002 -4.531250e-001  1.053315e-002
      vertex  1.830583e-002 -4.531250e-001  1.830583e-002
    endloop
  endfacet
  facet normal -7.730104e-001  0.000000e+000 -6.343933e-001
    outer loop
      vertex  1.830583e-002  0.000000e+000  1.830583e-002
      vertex  1.830583e-002 -4.531250e-001  1.830583e-002
      vertex  1.053315e-002  0.000000e+000  2.777686e-002
    endloop
  endfacet
  facet normal -7.730104e-001  -0.000000e+000 -6.343933e-001
    outer loop
      vertex  1.053315e-002  0.000000e+000  2.777686e-002
      vertex  1.830583e-002 -4.531250e-001  1.830583e-002
      vertex  1.053315e-002 -4.531250e-001  2.777686e-002
    endloop
  endfacet
  facet normal -8.819213e-001  0.000000e+000 -4.713968e-001
    outer loop
      vertex  1.053315e-002  0.000000e+000  2.777686e-002
      vertex  1.053315e-002 -4.531250e-001  2.777686e-002
      vertex  4.757529e-003  0.000000e+000  3.858228e-002
    endloop
  endfacet
  facet normal -8.819213e-001  -0.000000e+000 -4.713968e-001
    outer loop
      vertex  4.757529e-003  0.000000e+000  3.858228e-002
      vertex  1.053315e-002 -4.531250e-001  2.777686e-002
      vertex  4.757529e-003 -4.531250e-001  3.858228e-002
    endloop
  endfacet
  facet normal -9.569404e-001  0.000000e+000 -2.902846e-001
    outer loop
      vertex  4.757529e-003  0.000000e+000  3.858228e-002
      vertex  4.757529e-003 -4.531250e-001  3.858228e-002
      vertex  1.200920e-003  0.000000e+000  5.030686e-002
    endloop
  endfacet
  facet normal -9.569404e-001  -0.000000e+000 -2.902846e-001
    outer loop
      vertex  1.200920e-003  0.000000e+000  5.030686e-002
      vertex  4.757529e-003 -4.531250e-001  3.858228e-002
      vertex  1.200920e-003 -4.531250e-001  5.030686e-002
    endloop
  endfacet
  facet normal -9.951847e-001  0.000000e+000 -9.801716e-002
    outer loop
      vertex  1.200920e-003  0.000000e+000  5.030686e-002
      vertex  1.200920e-003 -4.531250e-001  5.030686e-002
      vertex  3.827021e-018  0.000000e+000  6.250000e-002
    endloop
  endfacet
  facet normal -9.951847e-001  -0.000000e+000 -9.801716e-002
    outer loop
      vertex  3.827021e-018  0.000000e+000  6.250000e-002
      vertex  1.200920e-003 -4.531250e-001  5.030686e-002
      vertex  3.827021e-018 -4.531250e-001  6.250000e-002
    endloop
  endfacet
  facet normal  0.000000e+000  0.000000e+000  1.000000e+000
    outer loop
      vertex  7.500000e-001 -4.531250e-001  4.500000e-001
      vertex  7.500000e-001  0.000000e+000  4.500000e-001
      vertex  4.687500e-002 -4.531250e-001  4.500000e-001
    endloop
  endfacet
  facet normal  0.000000e+000  0.000000e+000  1.000000e+000
    outer loop
      vertex  4.687500e-002 -4.531250e-001  4.500000e-001
      vertex  7.500000e-001  0.000000e+000  4.500000e-001
      vertex  4.687500e-002  0.000000e+000  4.500000e-001
    endloop
  endfacet
  facet normal -7.592566e-001  0.000000e+000  6.507913e-001
    outer loop
      vertex  4.687500e-002 -4.531250e-001  4.500000e-001
      vertex  4.687500e-002  0.000000e+000  4.500000e-001
      vertex  2.420591e-017 -4.531250e-001  3.953125e-001
    endloop
  endfacet
  facet normal -7.592566e-001  0.000000e+000  6.507913e-001
    outer loop
      vertex  2.420591e-017 -4.531250e-001  3.953125e-001
      vertex  4.687500e-002  0.000000e+000  4.500000e-001
      vertex  2.420591e-017  0.000000e+000  3.953125e-001
    endloop
  endfacet
  facet normal  1.000000e+000  0.000000e+000  0.000000e+000
    outer loop
      vertex  7.500000e-001  0.000000e+000 -4.592425e-017
      vertex  7.500000e-001  0.000000e+000  4.500000e-001
      vertex  7.500000e-001 -4.531250e-001 -4.592425e-017
    endloop
  endfacet
  facet normal  1.000000e+000  0.000000e+000  0.000000e+000
    outer loop
      vertex  7.500000e-001 -4.531250e-001 -4.592425e-017
      vertex  7.500000e-001  0.000000e+000  4.500000e-001
      vertex  7.500000e-001 -4.531250e-001  4.500000e-001
    endloop
  endfacet
endsolid CATIA STL
