solid CATIA STL
  facet normal  0.000000e+000  -0.000000e+000 -1.000000e+000
    outer loop
      vertex  3.261374e-002 -4.712571e-003  0.000000e+000
      vertex  3.322368e-002  1.480263e-003  0.000000e+000
      vertex  1.582237e-001  1.480263e-003  0.000000e+000
    endloop
  endfacet
  facet normal  0.000000e+000  0.000000e+000 -1.000000e+000
    outer loop
      vertex -1.552632e-001  1.480263e-003  0.000000e+000
      vertex -2.965322e-002  7.673097e-003  0.000000e+000
      vertex -3.026316e-002  1.480263e-003  0.000000e+000
    endloop
  endfacet
  facet normal  -0.000000e+000  -0.000000e+000 -1.000000e+000
    outer loop
      vertex -1.552632e-001  1.480263e-003  0.000000e+000
      vertex -3.026316e-002  1.480263e-003  0.000000e+000
      vertex -2.965322e-002 -4.712571e-003  0.000000e+000
    endloop
  endfacet
  facet normal  -0.000000e+000  0.000000e+000 -1.000000e+000
    outer loop
      vertex -1.552632e-001  1.480263e-003  0.000000e+000
      vertex -2.965322e-002 -4.712571e-003  0.000000e+000
      vertex -1.522514e-001 -2.909886e-002  0.000000e+000
    endloop
  endfacet
  facet normal  -0.000000e+000  0.000000e+000 -1.000000e+000
    outer loop
      vertex  1.480263e-003  3.322368e-002  0.000000e+000
      vertex -4.712571e-003  3.261374e-002  0.000000e+000
      vertex -1.522514e-001  3.205939e-002  0.000000e+000
    endloop
  endfacet
  facet normal  0.000000e+000  0.000000e+000 -1.000000e+000
    outer loop
      vertex  1.480263e-003  3.322368e-002  0.000000e+000
      vertex -1.522514e-001  3.205939e-002  0.000000e+000
      vertex -1.433318e-001  6.146337e-002  0.000000e+000
    endloop
  endfacet
  facet normal  0.000000e+000  0.000000e+000 -1.000000e+000
    outer loop
      vertex  1.480263e-003  3.322368e-002  0.000000e+000
      vertex -1.433318e-001  6.146337e-002  0.000000e+000
      vertex -1.288471e-001  8.856224e-002  0.000000e+000
    endloop
  endfacet
  facet normal  0.000000e+000  0.000000e+000 -1.000000e+000
    outer loop
      vertex  1.480263e-003  3.322368e-002  0.000000e+000
      vertex -1.288471e-001  8.856224e-002  0.000000e+000
      vertex -1.093541e-001  1.123146e-001  0.000000e+000
    endloop
  endfacet
  facet normal  0.000000e+000  0.000000e+000 -1.000000e+000
    outer loop
      vertex  1.480263e-003  3.322368e-002  0.000000e+000
      vertex -1.093541e-001  1.123146e-001  0.000000e+000
      vertex -8.560172e-002  1.318077e-001  0.000000e+000
    endloop
  endfacet
  facet normal  0.000000e+000  0.000000e+000 -1.000000e+000
    outer loop
      vertex  1.480263e-003  3.322368e-002  0.000000e+000
      vertex -8.560172e-002  1.318077e-001  0.000000e+000
      vertex -5.850285e-002  1.462923e-001  0.000000e+000
    endloop
  endfacet
  facet normal  0.000000e+000  0.000000e+000 -1.000000e+000
    outer loop
      vertex  1.480263e-003  3.322368e-002  0.000000e+000
      vertex -5.850285e-002  1.462923e-001  0.000000e+000
      vertex -2.909886e-002  1.552119e-001  0.000000e+000
    endloop
  endfacet
  facet normal  0.000000e+000  0.000000e+000 -1.000000e+000
    outer loop
      vertex  1.480263e-003  3.322368e-002  0.000000e+000
      vertex -2.909886e-002  1.552119e-001  0.000000e+000
      vertex  1.480263e-003  1.582237e-001  0.000000e+000
    endloop
  endfacet
  facet normal  0.000000e+000  0.000000e+000 -1.000000e+000
    outer loop
      vertex  1.480263e-003  3.322368e-002  0.000000e+000
      vertex  1.480263e-003  1.582237e-001  0.000000e+000
      vertex  3.205939e-002  1.552119e-001  0.000000e+000
    endloop
  endfacet
  facet normal  0.000000e+000  -0.000000e+000 -1.000000e+000
    outer loop
      vertex  1.480263e-003  3.322368e-002  0.000000e+000
      vertex  3.205939e-002  1.552119e-001  0.000000e+000
      vertex  6.146337e-002  1.462923e-001  0.000000e+000
    endloop
  endfacet
  facet normal  0.000000e+000  -0.000000e+000 -1.000000e+000
    outer loop
      vertex  1.480263e-003  3.322368e-002  0.000000e+000
      vertex  6.146337e-002  1.462923e-001  0.000000e+000
      vertex  8.856224e-002  1.318077e-001  0.000000e+000
    endloop
  endfacet
  facet normal  0.000000e+000  -0.000000e+000 -1.000000e+000
    outer loop
      vertex  1.480263e-003  3.322368e-002  0.000000e+000
      vertex  8.856224e-002  1.318077e-001  0.000000e+000
      vertex  1.123146e-001  1.123146e-001  0.000000e+000
    endloop
  endfacet
  facet normal  0.000000e+000  -0.000000e+000 -1.000000e+000
    outer loop
      vertex  1.480263e-003  3.322368e-002  0.000000e+000
      vertex  1.123146e-001  1.123146e-001  0.000000e+000
      vertex  1.318077e-001  8.856224e-002  0.000000e+000
    endloop
  endfacet
  facet normal  0.000000e+000  -0.000000e+000 -1.000000e+000
    outer loop
      vertex  1.480263e-003  3.322368e-002  0.000000e+000
      vertex  1.318077e-001  8.856224e-002  0.000000e+000
      vertex  1.462923e-001  6.146337e-002  0.000000e+000
    endloop
  endfacet
  facet normal  0.000000e+000  0.000000e+000 -1.000000e+000
    outer loop
      vertex  1.480263e-003  3.322368e-002  0.000000e+000
      vertex  1.462923e-001  6.146337e-002  0.000000e+000
      vertex  7.673097e-003  3.261374e-002  0.000000e+000
    endloop
  endfacet
  facet normal  0.000000e+000  0.000000e+000 -1.000000e+000
    outer loop
      vertex -1.522514e-001  3.205939e-002  0.000000e+000
      vertex -4.712571e-003  3.261374e-002  0.000000e+000
      vertex -1.066742e-002  3.080736e-002  0.000000e+000
    endloop
  endfacet
  facet normal  -0.000000e+000  0.000000e+000 -1.000000e+000
    outer loop
      vertex -1.522514e-001  3.205939e-002  0.000000e+000
      vertex -1.066742e-002  3.080736e-002  0.000000e+000
      vertex -1.615544e-002  2.787395e-002  0.000000e+000
    endloop
  endfacet
  facet normal  -0.000000e+000  0.000000e+000 -1.000000e+000
    outer loop
      vertex -1.522514e-001  3.205939e-002  0.000000e+000
      vertex -1.615544e-002  2.787395e-002  0.000000e+000
      vertex -2.096573e-002  2.392625e-002  0.000000e+000
    endloop
  endfacet
  facet normal  -0.000000e+000  0.000000e+000 -1.000000e+000
    outer loop
      vertex -1.522514e-001  3.205939e-002  0.000000e+000
      vertex -2.096573e-002  2.392625e-002  0.000000e+000
      vertex -2.491343e-002  1.911596e-002  0.000000e+000
    endloop
  endfacet
  facet normal  -0.000000e+000  0.000000e+000 -1.000000e+000
    outer loop
      vertex -1.522514e-001  3.205939e-002  0.000000e+000
      vertex -2.491343e-002  1.911596e-002  0.000000e+000
      vertex -2.784683e-002  1.362794e-002  0.000000e+000
    endloop
  endfacet
  facet normal  -0.000000e+000  0.000000e+000 -1.000000e+000
    outer loop
      vertex -1.522514e-001  3.205939e-002  0.000000e+000
      vertex -2.784683e-002  1.362794e-002  0.000000e+000
      vertex -2.965322e-002  7.673097e-003  0.000000e+000
    endloop
  endfacet
  facet normal  -0.000000e+000  0.000000e+000 -9.999999e-001
    outer loop
      vertex -1.522514e-001  3.205939e-002  0.000000e+000
      vertex -2.965322e-002  7.673097e-003  0.000000e+000
      vertex -1.552632e-001  1.480263e-003  0.000000e+000
    endloop
  endfacet
  facet normal  0.000000e+000  -0.000000e+000 -1.000000e+000
    outer loop
      vertex -1.522514e-001 -2.909886e-002  0.000000e+000
      vertex -2.965322e-002 -4.712571e-003  0.000000e+000
      vertex -2.784683e-002 -1.066742e-002  0.000000e+000
    endloop
  endfacet
  facet normal  0.000000e+000  -0.000000e+000 -1.000000e+000
    outer loop
      vertex -1.522514e-001 -2.909886e-002  0.000000e+000
      vertex -2.784683e-002 -1.066742e-002  0.000000e+000
      vertex -2.491343e-002 -1.615544e-002  0.000000e+000
    endloop
  endfacet
  facet normal  0.000000e+000  -0.000000e+000 -1.000000e+000
    outer loop
      vertex -1.522514e-001 -2.909886e-002  0.000000e+000
      vertex -2.491343e-002 -1.615544e-002  0.000000e+000
      vertex -2.096573e-002 -2.096573e-002  0.000000e+000
    endloop
  endfacet
  facet normal  0.000000e+000  -0.000000e+000 -1.000000e+000
    outer loop
      vertex -1.522514e-001 -2.909886e-002  0.000000e+000
      vertex -2.096573e-002 -2.096573e-002  0.000000e+000
      vertex -1.615544e-002 -2.491343e-002  0.000000e+000
    endloop
  endfacet
  facet normal  0.000000e+000  -0.000000e+000 -1.000000e+000
    outer loop
      vertex -1.522514e-001 -2.909886e-002  0.000000e+000
      vertex -1.615544e-002 -2.491343e-002  0.000000e+000
      vertex -1.066742e-002 -2.784683e-002  0.000000e+000
    endloop
  endfacet
  facet normal  0.000000e+000  -0.000000e+000 -1.000000e+000
    outer loop
      vertex -1.522514e-001 -2.909886e-002  0.000000e+000
      vertex -1.066742e-002 -2.784683e-002  0.000000e+000
      vertex -4.712571e-003 -2.965322e-002  0.000000e+000
    endloop
  endfacet
  facet normal  -0.000000e+000  0.000000e+000 -1.000000e+000
    outer loop
      vertex -1.522514e-001 -2.909886e-002  0.000000e+000
      vertex -4.712571e-003 -2.965322e-002  0.000000e+000
      vertex -1.433318e-001 -5.850285e-002  0.000000e+000
    endloop
  endfacet
  facet normal  0.000000e+000  -0.000000e+000 -1.000000e+000
    outer loop
      vertex  1.480263e-003 -3.026316e-002  0.000000e+000
      vertex  7.673097e-003 -2.965322e-002  0.000000e+000
      vertex  1.462923e-001 -5.850285e-002  0.000000e+000
    endloop
  endfacet
  facet normal  -0.000000e+000  0.000000e+000 -1.000000e+000
    outer loop
      vertex  1.480263e-003 -3.026316e-002  0.000000e+000
      vertex  1.462923e-001 -5.850285e-002  0.000000e+000
      vertex  1.318077e-001 -8.560172e-002  0.000000e+000
    endloop
  endfacet
  facet normal  -0.000000e+000  0.000000e+000 -1.000000e+000
    outer loop
      vertex  1.480263e-003 -3.026316e-002  0.000000e+000
      vertex  1.318077e-001 -8.560172e-002  0.000000e+000
      vertex  1.123146e-001 -1.093541e-001  0.000000e+000
    endloop
  endfacet
  facet normal  -0.000000e+000  0.000000e+000 -1.000000e+000
    outer loop
      vertex  1.480263e-003 -3.026316e-002  0.000000e+000
      vertex  1.123146e-001 -1.093541e-001  0.000000e+000
      vertex  8.856224e-002 -1.288471e-001  0.000000e+000
    endloop
  endfacet
  facet normal  -0.000000e+000  0.000000e+000 -1.000000e+000
    outer loop
      vertex  1.480263e-003 -3.026316e-002  0.000000e+000
      vertex  8.856224e-002 -1.288471e-001  0.000000e+000
      vertex  6.146337e-002 -1.433318e-001  0.000000e+000
    endloop
  endfacet
  facet normal  -0.000000e+000  0.000000e+000 -1.000000e+000
    outer loop
      vertex  1.480263e-003 -3.026316e-002  0.000000e+000
      vertex  6.146337e-002 -1.433318e-001  0.000000e+000
      vertex  3.205939e-002 -1.522514e-001  0.000000e+000
    endloop
  endfacet
  facet normal  -0.000000e+000  0.000000e+000 -1.000000e+000
    outer loop
      vertex  1.480263e-003 -3.026316e-002  0.000000e+000
      vertex  3.205939e-002 -1.522514e-001  0.000000e+000
      vertex  1.480263e-003 -1.552632e-001  0.000000e+000
    endloop
  endfacet
  facet normal  0.000000e+000  0.000000e+000 -1.000000e+000
    outer loop
      vertex  1.480263e-003 -3.026316e-002  0.000000e+000
      vertex  1.480263e-003 -1.552632e-001  0.000000e+000
      vertex -2.909886e-002 -1.522514e-001  0.000000e+000
    endloop
  endfacet
  facet normal  0.000000e+000  0.000000e+000 -1.000000e+000
    outer loop
      vertex  1.480263e-003 -3.026316e-002  0.000000e+000
      vertex -2.909886e-002 -1.522514e-001  0.000000e+000
      vertex -5.850285e-002 -1.433318e-001  0.000000e+000
    endloop
  endfacet
  facet normal  0.000000e+000  0.000000e+000 -1.000000e+000
    outer loop
      vertex  1.480263e-003 -3.026316e-002  0.000000e+000
      vertex -5.850285e-002 -1.433318e-001  0.000000e+000
      vertex -8.560172e-002 -1.288471e-001  0.000000e+000
    endloop
  endfacet
  facet normal  0.000000e+000  0.000000e+000 -1.000000e+000
    outer loop
      vertex  1.480263e-003 -3.026316e-002  0.000000e+000
      vertex -8.560172e-002 -1.288471e-001  0.000000e+000
      vertex -1.093541e-001 -1.093541e-001  0.000000e+000
    endloop
  endfacet
  facet normal  0.000000e+000  0.000000e+000 -1.000000e+000
    outer loop
      vertex  1.480263e-003 -3.026316e-002  0.000000e+000
      vertex -1.093541e-001 -1.093541e-001  0.000000e+000
      vertex -1.288471e-001 -8.560172e-002  0.000000e+000
    endloop
  endfacet
  facet normal  0.000000e+000  0.000000e+000 -9.999999e-001
    outer loop
      vertex  1.480263e-003 -3.026316e-002  0.000000e+000
      vertex -1.288471e-001 -8.560172e-002  0.000000e+000
      vertex -1.433318e-001 -5.850285e-002  0.000000e+000
    endloop
  endfacet
  facet normal  0.000000e+000  0.000000e+000 -1.000000e+000
    outer loop
      vertex  1.480263e-003 -3.026316e-002  0.000000e+000
      vertex -1.433318e-001 -5.850285e-002  0.000000e+000
      vertex -4.712571e-003 -2.965322e-002  0.000000e+000
    endloop
  endfacet
  facet normal  0.000000e+000  0.000000e+000 -1.000000e+000
    outer loop
      vertex  1.552119e-001  3.205939e-002  0.000000e+000
      vertex  1.582237e-001  1.480263e-003  0.000000e+000
      vertex  3.322368e-002  1.480263e-003  0.000000e+000
    endloop
  endfacet
  facet normal  0.000000e+000  0.000000e+000 -1.000000e+000
    outer loop
      vertex  1.552119e-001  3.205939e-002  0.000000e+000
      vertex  3.322368e-002  1.480263e-003  0.000000e+000
      vertex  3.261374e-002  7.673097e-003  0.000000e+000
    endloop
  endfacet
  facet normal  0.000000e+000  0.000000e+000 -1.000000e+000
    outer loop
      vertex  1.552119e-001  3.205939e-002  0.000000e+000
      vertex  3.261374e-002  7.673097e-003  0.000000e+000
      vertex  3.080736e-002  1.362794e-002  0.000000e+000
    endloop
  endfacet
  facet normal  0.000000e+000  0.000000e+000 -1.000000e+000
    outer loop
      vertex  1.552119e-001  3.205939e-002  0.000000e+000
      vertex  3.080736e-002  1.362794e-002  0.000000e+000
      vertex  2.787395e-002  1.911596e-002  0.000000e+000
    endloop
  endfacet
  facet normal  0.000000e+000  0.000000e+000 -1.000000e+000
    outer loop
      vertex  1.552119e-001  3.205939e-002  0.000000e+000
      vertex  2.787395e-002  1.911596e-002  0.000000e+000
      vertex  2.392625e-002  2.392625e-002  0.000000e+000
    endloop
  endfacet
  facet normal  0.000000e+000  0.000000e+000 -9.999999e-001
    outer loop
      vertex  1.552119e-001  3.205939e-002  0.000000e+000
      vertex  2.392625e-002  2.392625e-002  0.000000e+000
      vertex  1.911596e-002  2.787395e-002  0.000000e+000
    endloop
  endfacet
  facet normal  0.000000e+000  0.000000e+000 -1.000000e+000
    outer loop
      vertex  1.552119e-001  3.205939e-002  0.000000e+000
      vertex  1.911596e-002  2.787395e-002  0.000000e+000
      vertex  1.362794e-002  3.080736e-002  0.000000e+000
    endloop
  endfacet
  facet normal  0.000000e+000  0.000000e+000 -1.000000e+000
    outer loop
      vertex  1.552119e-001  3.205939e-002  0.000000e+000
      vertex  1.362794e-002  3.080736e-002  0.000000e+000
      vertex  7.673097e-003  3.261374e-002  0.000000e+000
    endloop
  endfacet
  facet normal  0.000000e+000  0.000000e+000 -1.000000e+000
    outer loop
      vertex  1.552119e-001  3.205939e-002  0.000000e+000
      vertex  7.673097e-003  3.261374e-002  0.000000e+000
      vertex  1.462923e-001  6.146337e-002  0.000000e+000
    endloop
  endfacet
  facet normal  0.000000e+000  0.000000e+000 -1.000000e+000
    outer loop
      vertex  1.552119e-001 -2.909886e-002  0.000000e+000
      vertex  1.462923e-001 -5.850285e-002  0.000000e+000
      vertex  7.673097e-003 -2.965322e-002  0.000000e+000
    endloop
  endfacet
  facet normal  0.000000e+000  0.000000e+000 -1.000000e+000
    outer loop
      vertex  1.552119e-001 -2.909886e-002  0.000000e+000
      vertex  7.673097e-003 -2.965322e-002  0.000000e+000
      vertex  1.362794e-002 -2.784683e-002  0.000000e+000
    endloop
  endfacet
  facet normal  0.000000e+000  0.000000e+000 -1.000000e+000
    outer loop
      vertex  1.552119e-001 -2.909886e-002  0.000000e+000
      vertex  1.362794e-002 -2.784683e-002  0.000000e+000
      vertex  1.911596e-002 -2.491343e-002  0.000000e+000
    endloop
  endfacet
  facet normal  0.000000e+000  0.000000e+000 -1.000000e+000
    outer loop
      vertex  1.552119e-001 -2.909886e-002  0.000000e+000
      vertex  1.911596e-002 -2.491343e-002  0.000000e+000
      vertex  2.392625e-002 -2.096573e-002  0.000000e+000
    endloop
  endfacet
  facet normal  0.000000e+000  0.000000e+000 -1.000000e+000
    outer loop
      vertex  1.552119e-001 -2.909886e-002  0.000000e+000
      vertex  2.392625e-002 -2.096573e-002  0.000000e+000
      vertex  2.787395e-002 -1.615544e-002  0.000000e+000
    endloop
  endfacet
  facet normal  0.000000e+000  0.000000e+000 -1.000000e+000
    outer loop
      vertex  1.552119e-001 -2.909886e-002  0.000000e+000
      vertex  2.787395e-002 -1.615544e-002  0.000000e+000
      vertex  3.080736e-002 -1.066742e-002  0.000000e+000
    endloop
  endfacet
  facet normal  0.000000e+000  0.000000e+000 -1.000000e+000
    outer loop
      vertex  1.552119e-001 -2.909886e-002  0.000000e+000
      vertex  3.080736e-002 -1.066742e-002  0.000000e+000
      vertex  3.261374e-002 -4.712571e-003  0.000000e+000
    endloop
  endfacet
  facet normal  0.000000e+000  0.000000e+000 -1.000000e+000
    outer loop
      vertex  1.552119e-001 -2.909886e-002  0.000000e+000
      vertex  3.261374e-002 -4.712571e-003  0.000000e+000
      vertex  1.582237e-001  1.480263e-003  0.000000e+000
    endloop
  endfacet
  facet normal -9.801698e-002  9.951847e-001  0.000000e+000
    outer loop
      vertex  1.480263e-003 -3.026316e-002  0.000000e+000
      vertex  7.673097e-003 -2.965322e-002  7.343750e-001
      vertex  7.673097e-003 -2.965322e-002  0.000000e+000
    endloop
  endfacet
  facet normal -2.902848e-001  9.569402e-001  0.000000e+000
    outer loop
      vertex  7.673097e-003 -2.965322e-002  0.000000e+000
      vertex  7.673097e-003 -2.965322e-002  7.343750e-001
      vertex  1.362794e-002 -2.784683e-002  7.343750e-001
    endloop
  endfacet
  facet normal -2.902848e-001  9.569402e-001  0.000000e+000
    outer loop
      vertex  7.673097e-003 -2.965322e-002  0.000000e+000
      vertex  1.362794e-002 -2.784683e-002  7.343750e-001
      vertex  1.362794e-002 -2.784683e-002  0.000000e+000
    endloop
  endfacet
  facet normal -4.713968e-001  8.819212e-001  0.000000e+000
    outer loop
      vertex  1.362794e-002 -2.784683e-002  0.000000e+000
      vertex  1.362794e-002 -2.784683e-002  7.343750e-001
      vertex  1.911596e-002 -2.491343e-002  7.343750e-001
    endloop
  endfacet
  facet normal -4.713968e-001  8.819212e-001  0.000000e+000
    outer loop
      vertex  1.362794e-002 -2.784683e-002  0.000000e+000
      vertex  1.911596e-002 -2.491343e-002  7.343750e-001
      vertex  1.911596e-002 -2.491343e-002  0.000000e+000
    endloop
  endfacet
  facet normal -6.343932e-001  7.730105e-001  0.000000e+000
    outer loop
      vertex  1.911596e-002 -2.491343e-002  0.000000e+000
      vertex  1.911596e-002 -2.491343e-002  7.343750e-001
      vertex  2.392625e-002 -2.096573e-002  7.343750e-001
    endloop
  endfacet
  facet normal -6.343932e-001  7.730105e-001  0.000000e+000
    outer loop
      vertex  1.911596e-002 -2.491343e-002  0.000000e+000
      vertex  2.392625e-002 -2.096573e-002  7.343750e-001
      vertex  2.392625e-002 -2.096573e-002  0.000000e+000
    endloop
  endfacet
  facet normal -7.730104e-001  6.343934e-001  0.000000e+000
    outer loop
      vertex  2.392625e-002 -2.096573e-002  0.000000e+000
      vertex  2.392625e-002 -2.096573e-002  7.343750e-001
      vertex  2.787395e-002 -1.615544e-002  7.343750e-001
    endloop
  endfacet
  facet normal -7.730104e-001  6.343934e-001  0.000000e+000
    outer loop
      vertex  2.392625e-002 -2.096573e-002  0.000000e+000
      vertex  2.787395e-002 -1.615544e-002  7.343750e-001
      vertex  2.787395e-002 -1.615544e-002  0.000000e+000
    endloop
  endfacet
  facet normal -8.819213e-001  4.713968e-001  0.000000e+000
    outer loop
      vertex  2.787395e-002 -1.615544e-002  0.000000e+000
      vertex  2.787395e-002 -1.615544e-002  7.343750e-001
      vertex  3.080736e-002 -1.066742e-002  7.343750e-001
    endloop
  endfacet
  facet normal -8.819213e-001  4.713968e-001  0.000000e+000
    outer loop
      vertex  2.787395e-002 -1.615544e-002  0.000000e+000
      vertex  3.080736e-002 -1.066742e-002  7.343750e-001
      vertex  3.080736e-002 -1.066742e-002  0.000000e+000
    endloop
  endfacet
  facet normal -9.569404e-001  2.902845e-001  0.000000e+000
    outer loop
      vertex  3.080736e-002 -1.066742e-002  0.000000e+000
      vertex  3.080736e-002 -1.066742e-002  7.343750e-001
      vertex  3.261374e-002 -4.712571e-003  7.343750e-001
    endloop
  endfacet
  facet normal -9.569404e-001  2.902845e-001  0.000000e+000
    outer loop
      vertex  3.080736e-002 -1.066742e-002  0.000000e+000
      vertex  3.261374e-002 -4.712571e-003  7.343750e-001
      vertex  3.261374e-002 -4.712571e-003  0.000000e+000
    endloop
  endfacet
  facet normal -9.951847e-001  9.801728e-002  0.000000e+000
    outer loop
      vertex  3.261374e-002 -4.712571e-003  0.000000e+000
      vertex  3.261374e-002 -4.712571e-003  7.343750e-001
      vertex  3.322368e-002  1.480263e-003  7.343750e-001
    endloop
  endfacet
  facet normal -9.951847e-001  9.801728e-002  0.000000e+000
    outer loop
      vertex  3.261374e-002 -4.712571e-003  0.000000e+000
      vertex  3.322368e-002  1.480263e-003  7.343750e-001
      vertex  3.322368e-002  1.480263e-003  0.000000e+000
    endloop
  endfacet
  facet normal -9.801698e-002  9.951847e-001  0.000000e+000
    outer loop
      vertex  7.673097e-003 -2.965322e-002  7.343750e-001
      vertex  1.480263e-003 -3.026316e-002  0.000000e+000
      vertex  1.480263e-003 -3.026316e-002  7.343750e-001
    endloop
  endfacet
  facet normal  9.801698e-002  9.951847e-001  0.000000e+000
    outer loop
      vertex  1.480263e-003 -3.026316e-002  7.343750e-001
      vertex  1.480263e-003 -3.026316e-002  0.000000e+000
      vertex -4.712571e-003 -2.965322e-002  0.000000e+000
    endloop
  endfacet
  facet normal  9.801698e-002  9.951847e-001  -0.000000e+000
    outer loop
      vertex  1.480263e-003 -3.026316e-002  7.343750e-001
      vertex -4.712571e-003 -2.965322e-002  0.000000e+000
      vertex -4.712571e-003 -2.965322e-002  7.343750e-001
    endloop
  endfacet
  facet normal  2.902848e-001  9.569402e-001  0.000000e+000
    outer loop
      vertex -4.712571e-003 -2.965322e-002  7.343750e-001
      vertex -4.712571e-003 -2.965322e-002  0.000000e+000
      vertex -1.066742e-002 -2.784683e-002  0.000000e+000
    endloop
  endfacet
  facet normal  2.902848e-001  9.569402e-001  -0.000000e+000
    outer loop
      vertex -4.712571e-003 -2.965322e-002  7.343750e-001
      vertex -1.066742e-002 -2.784683e-002  0.000000e+000
      vertex -1.066742e-002 -2.784683e-002  7.343750e-001
    endloop
  endfacet
  facet normal  4.713968e-001  8.819213e-001  0.000000e+000
    outer loop
      vertex -1.066742e-002 -2.784683e-002  7.343750e-001
      vertex -1.066742e-002 -2.784683e-002  0.000000e+000
      vertex -1.615544e-002 -2.491343e-002  0.000000e+000
    endloop
  endfacet
  facet normal  4.713968e-001  8.819213e-001  -0.000000e+000
    outer loop
      vertex -1.066742e-002 -2.784683e-002  7.343750e-001
      vertex -1.615544e-002 -2.491343e-002  0.000000e+000
      vertex -1.615544e-002 -2.491343e-002  7.343750e-001
    endloop
  endfacet
  facet normal  6.343932e-001  7.730105e-001  0.000000e+000
    outer loop
      vertex -1.615544e-002 -2.491343e-002  7.343750e-001
      vertex -1.615544e-002 -2.491343e-002  0.000000e+000
      vertex -2.096573e-002 -2.096573e-002  0.000000e+000
    endloop
  endfacet
  facet normal  6.343932e-001  7.730105e-001  -0.000000e+000
    outer loop
      vertex -1.615544e-002 -2.491343e-002  7.343750e-001
      vertex -2.096573e-002 -2.096573e-002  0.000000e+000
      vertex -2.096573e-002 -2.096573e-002  7.343750e-001
    endloop
  endfacet
  facet normal  7.730105e-001  6.343932e-001  0.000000e+000
    outer loop
      vertex -2.096573e-002 -2.096573e-002  7.343750e-001
      vertex -2.096573e-002 -2.096573e-002  0.000000e+000
      vertex -2.491343e-002 -1.615544e-002  0.000000e+000
    endloop
  endfacet
  facet normal  7.730105e-001  6.343932e-001  -0.000000e+000
    outer loop
      vertex -2.096573e-002 -2.096573e-002  7.343750e-001
      vertex -2.491343e-002 -1.615544e-002  0.000000e+000
      vertex -2.491343e-002 -1.615544e-002  7.343750e-001
    endloop
  endfacet
  facet normal  8.819213e-001  4.713968e-001  0.000000e+000
    outer loop
      vertex -2.491343e-002 -1.615544e-002  7.343750e-001
      vertex -2.491343e-002 -1.615544e-002  0.000000e+000
      vertex -2.784683e-002 -1.066742e-002  0.000000e+000
    endloop
  endfacet
  facet normal  8.819213e-001  4.713968e-001  -0.000000e+000
    outer loop
      vertex -2.491343e-002 -1.615544e-002  7.343750e-001
      vertex -2.784683e-002 -1.066742e-002  0.000000e+000
      vertex -2.784683e-002 -1.066742e-002  7.343750e-001
    endloop
  endfacet
  facet normal  9.569402e-001  2.902848e-001  0.000000e+000
    outer loop
      vertex -2.784683e-002 -1.066742e-002  7.343750e-001
      vertex -2.784683e-002 -1.066742e-002  0.000000e+000
      vertex -2.965322e-002 -4.712571e-003  0.000000e+000
    endloop
  endfacet
  facet normal  9.569402e-001  2.902848e-001  -0.000000e+000
    outer loop
      vertex -2.784683e-002 -1.066742e-002  7.343750e-001
      vertex -2.965322e-002 -4.712571e-003  0.000000e+000
      vertex -2.965322e-002 -4.712571e-003  7.343750e-001
    endloop
  endfacet
  facet normal  9.951847e-001  9.801698e-002  0.000000e+000
    outer loop
      vertex -2.965322e-002 -4.712571e-003  7.343750e-001
      vertex -2.965322e-002 -4.712571e-003  0.000000e+000
      vertex -3.026316e-002  1.480263e-003  0.000000e+000
    endloop
  endfacet
  facet normal  9.951847e-001  9.801698e-002  -0.000000e+000
    outer loop
      vertex -2.965322e-002 -4.712571e-003  7.343750e-001
      vertex -3.026316e-002  1.480263e-003  0.000000e+000
      vertex -3.026316e-002  1.480263e-003  7.343750e-001
    endloop
  endfacet
  facet normal  9.801728e-002 -9.951847e-001  0.000000e+000
    outer loop
      vertex  1.480263e-003  3.322368e-002  0.000000e+000
      vertex -4.712571e-003  3.261374e-002  7.343750e-001
      vertex -4.712571e-003  3.261374e-002  0.000000e+000
    endloop
  endfacet
  facet normal  2.902845e-001 -9.569404e-001  0.000000e+000
    outer loop
      vertex -4.712571e-003  3.261374e-002  0.000000e+000
      vertex -4.712571e-003  3.261374e-002  7.343750e-001
      vertex -1.066742e-002  3.080736e-002  7.343750e-001
    endloop
  endfacet
  facet normal  2.902845e-001 -9.569404e-001  0.000000e+000
    outer loop
      vertex -4.712571e-003  3.261374e-002  0.000000e+000
      vertex -1.066742e-002  3.080736e-002  7.343750e-001
      vertex -1.066742e-002  3.080736e-002  0.000000e+000
    endloop
  endfacet
  facet normal  4.713968e-001 -8.819213e-001  0.000000e+000
    outer loop
      vertex -1.066742e-002  3.080736e-002  0.000000e+000
      vertex -1.066742e-002  3.080736e-002  7.343750e-001
      vertex -1.615544e-002  2.787395e-002  7.343750e-001
    endloop
  endfacet
  facet normal  4.713968e-001 -8.819213e-001  0.000000e+000
    outer loop
      vertex -1.066742e-002  3.080736e-002  0.000000e+000
      vertex -1.615544e-002  2.787395e-002  7.343750e-001
      vertex -1.615544e-002  2.787395e-002  0.000000e+000
    endloop
  endfacet
  facet normal  6.343934e-001 -7.730104e-001  0.000000e+000
    outer loop
      vertex -1.615544e-002  2.787395e-002  0.000000e+000
      vertex -1.615544e-002  2.787395e-002  7.343750e-001
      vertex -2.096573e-002  2.392625e-002  7.343750e-001
    endloop
  endfacet
  facet normal  6.343934e-001 -7.730104e-001  0.000000e+000
    outer loop
      vertex -1.615544e-002  2.787395e-002  0.000000e+000
      vertex -2.096573e-002  2.392625e-002  7.343750e-001
      vertex -2.096573e-002  2.392625e-002  0.000000e+000
    endloop
  endfacet
  facet normal  7.730105e-001 -6.343932e-001  0.000000e+000
    outer loop
      vertex -2.096573e-002  2.392625e-002  0.000000e+000
      vertex -2.096573e-002  2.392625e-002  7.343750e-001
      vertex -2.491343e-002  1.911596e-002  7.343750e-001
    endloop
  endfacet
  facet normal  7.730105e-001 -6.343932e-001  0.000000e+000
    outer loop
      vertex -2.096573e-002  2.392625e-002  0.000000e+000
      vertex -2.491343e-002  1.911596e-002  7.343750e-001
      vertex -2.491343e-002  1.911596e-002  0.000000e+000
    endloop
  endfacet
  facet normal  8.819212e-001 -4.713968e-001  0.000000e+000
    outer loop
      vertex -2.491343e-002  1.911596e-002  0.000000e+000
      vertex -2.491343e-002  1.911596e-002  7.343750e-001
      vertex -2.784683e-002  1.362794e-002  7.343750e-001
    endloop
  endfacet
  facet normal  8.819212e-001 -4.713968e-001  0.000000e+000
    outer loop
      vertex -2.491343e-002  1.911596e-002  0.000000e+000
      vertex -2.784683e-002  1.362794e-002  7.343750e-001
      vertex -2.784683e-002  1.362794e-002  0.000000e+000
    endloop
  endfacet
  facet normal  9.569402e-001 -2.902848e-001  0.000000e+000
    outer loop
      vertex -2.784683e-002  1.362794e-002  0.000000e+000
      vertex -2.784683e-002  1.362794e-002  7.343750e-001
      vertex -2.965322e-002  7.673097e-003  7.343750e-001
    endloop
  endfacet
  facet normal  9.569402e-001 -2.902848e-001  0.000000e+000
    outer loop
      vertex -2.784683e-002  1.362794e-002  0.000000e+000
      vertex -2.965322e-002  7.673097e-003  7.343750e-001
      vertex -2.965322e-002  7.673097e-003  0.000000e+000
    endloop
  endfacet
  facet normal  9.951847e-001 -9.801698e-002  0.000000e+000
    outer loop
      vertex -2.965322e-002  7.673097e-003  0.000000e+000
      vertex -2.965322e-002  7.673097e-003  7.343750e-001
      vertex -3.026316e-002  1.480263e-003  7.343750e-001
    endloop
  endfacet
  facet normal  9.951847e-001 -9.801698e-002  0.000000e+000
    outer loop
      vertex -2.965322e-002  7.673097e-003  0.000000e+000
      vertex -3.026316e-002  1.480263e-003  7.343750e-001
      vertex -3.026316e-002  1.480263e-003  0.000000e+000
    endloop
  endfacet
  facet normal  9.801728e-002 -9.951847e-001  0.000000e+000
    outer loop
      vertex -4.712571e-003  3.261374e-002  7.343750e-001
      vertex  1.480263e-003  3.322368e-002  0.000000e+000
      vertex  1.480263e-003  3.322368e-002  7.343750e-001
    endloop
  endfacet
  facet normal -9.801728e-002 -9.951847e-001  -0.000000e+000
    outer loop
      vertex  1.480263e-003  3.322368e-002  7.343750e-001
      vertex  1.480263e-003  3.322368e-002  0.000000e+000
      vertex  7.673097e-003  3.261374e-002  0.000000e+000
    endloop
  endfacet
  facet normal -9.801728e-002 -9.951847e-001  0.000000e+000
    outer loop
      vertex  1.480263e-003  3.322368e-002  7.343750e-001
      vertex  7.673097e-003  3.261374e-002  0.000000e+000
      vertex  7.673097e-003  3.261374e-002  7.343750e-001
    endloop
  endfacet
  facet normal -2.902845e-001 -9.569404e-001  -0.000000e+000
    outer loop
      vertex  7.673097e-003  3.261374e-002  7.343750e-001
      vertex  7.673097e-003  3.261374e-002  0.000000e+000
      vertex  1.362794e-002  3.080736e-002  0.000000e+000
    endloop
  endfacet
  facet normal -2.902845e-001 -9.569404e-001  0.000000e+000
    outer loop
      vertex  7.673097e-003  3.261374e-002  7.343750e-001
      vertex  1.362794e-002  3.080736e-002  0.000000e+000
      vertex  1.362794e-002  3.080736e-002  7.343750e-001
    endloop
  endfacet
  facet normal -4.713968e-001 -8.819212e-001  -0.000000e+000
    outer loop
      vertex  1.362794e-002  3.080736e-002  7.343750e-001
      vertex  1.362794e-002  3.080736e-002  0.000000e+000
      vertex  1.911596e-002  2.787395e-002  0.000000e+000
    endloop
  endfacet
  facet normal -4.713968e-001 -8.819212e-001  0.000000e+000
    outer loop
      vertex  1.362794e-002  3.080736e-002  7.343750e-001
      vertex  1.911596e-002  2.787395e-002  0.000000e+000
      vertex  1.911596e-002  2.787395e-002  7.343750e-001
    endloop
  endfacet
  facet normal -6.343934e-001 -7.730104e-001  -0.000000e+000
    outer loop
      vertex  1.911596e-002  2.787395e-002  7.343750e-001
      vertex  1.911596e-002  2.787395e-002  0.000000e+000
      vertex  2.392625e-002  2.392625e-002  0.000000e+000
    endloop
  endfacet
  facet normal -6.343934e-001 -7.730104e-001  0.000000e+000
    outer loop
      vertex  1.911596e-002  2.787395e-002  7.343750e-001
      vertex  2.392625e-002  2.392625e-002  0.000000e+000
      vertex  2.392625e-002  2.392625e-002  7.343750e-001
    endloop
  endfacet
  facet normal -7.730104e-001 -6.343934e-001  -0.000000e+000
    outer loop
      vertex  2.392625e-002  2.392625e-002  7.343750e-001
      vertex  2.392625e-002  2.392625e-002  0.000000e+000
      vertex  2.787395e-002  1.911596e-002  0.000000e+000
    endloop
  endfacet
  facet normal -7.730104e-001 -6.343934e-001  0.000000e+000
    outer loop
      vertex  2.392625e-002  2.392625e-002  7.343750e-001
      vertex  2.787395e-002  1.911596e-002  0.000000e+000
      vertex  2.787395e-002  1.911596e-002  7.343750e-001
    endloop
  endfacet
  facet normal -8.819212e-001 -4.713968e-001  -0.000000e+000
    outer loop
      vertex  2.787395e-002  1.911596e-002  7.343750e-001
      vertex  2.787395e-002  1.911596e-002  0.000000e+000
      vertex  3.080736e-002  1.362794e-002  0.000000e+000
    endloop
  endfacet
  facet normal -8.819212e-001 -4.713968e-001  0.000000e+000
    outer loop
      vertex  2.787395e-002  1.911596e-002  7.343750e-001
      vertex  3.080736e-002  1.362794e-002  0.000000e+000
      vertex  3.080736e-002  1.362794e-002  7.343750e-001
    endloop
  endfacet
  facet normal -9.569404e-001 -2.902845e-001  -0.000000e+000
    outer loop
      vertex  3.080736e-002  1.362794e-002  7.343750e-001
      vertex  3.080736e-002  1.362794e-002  0.000000e+000
      vertex  3.261374e-002  7.673097e-003  0.000000e+000
    endloop
  endfacet
  facet normal -9.569404e-001 -2.902845e-001  0.000000e+000
    outer loop
      vertex  3.080736e-002  1.362794e-002  7.343750e-001
      vertex  3.261374e-002  7.673097e-003  0.000000e+000
      vertex  3.261374e-002  7.673097e-003  7.343750e-001
    endloop
  endfacet
  facet normal -9.951847e-001 -9.801728e-002  -0.000000e+000
    outer loop
      vertex  3.261374e-002  7.673097e-003  7.343750e-001
      vertex  3.261374e-002  7.673097e-003  0.000000e+000
      vertex  3.322368e-002  1.480263e-003  0.000000e+000
    endloop
  endfacet
  facet normal -9.951847e-001 -9.801728e-002  0.000000e+000
    outer loop
      vertex  3.261374e-002  7.673097e-003  7.343750e-001
      vertex  3.322368e-002  1.480263e-003  0.000000e+000
      vertex  3.322368e-002  1.480263e-003  7.343750e-001
    endloop
  endfacet
  facet normal  9.951847e-001 -9.801705e-002  0.000000e+000
    outer loop
      vertex  1.582237e-001  1.480263e-003  0.000000e+000
      vertex  1.582237e-001  1.480263e-003  8.593750e-001
      vertex  1.552119e-001 -2.909886e-002  0.000000e+000
    endloop
  endfacet
  facet normal  9.951847e-001 -9.801705e-002  0.000000e+000
    outer loop
      vertex  1.552119e-001 -2.909886e-002  0.000000e+000
      vertex  1.582237e-001  1.480263e-003  8.593750e-001
      vertex  1.552119e-001 -2.909886e-002  8.593750e-001
    endloop
  endfacet
  facet normal  9.569402e-001 -2.902850e-001  0.000000e+000
    outer loop
      vertex  1.552119e-001 -2.909886e-002  0.000000e+000
      vertex  1.552119e-001 -2.909886e-002  8.593750e-001
      vertex  1.462923e-001 -5.850285e-002  0.000000e+000
    endloop
  endfacet
  facet normal  9.569402e-001 -2.902850e-001  0.000000e+000
    outer loop
      vertex  1.462923e-001 -5.850285e-002  0.000000e+000
      vertex  1.552119e-001 -2.909886e-002  8.593750e-001
      vertex  1.462923e-001 -5.850285e-002  8.593750e-001
    endloop
  endfacet
  facet normal  8.819213e-001 -4.713966e-001  0.000000e+000
    outer loop
      vertex  1.462923e-001 -5.850285e-002  0.000000e+000
      vertex  1.462923e-001 -5.850285e-002  8.593750e-001
      vertex  1.318077e-001 -8.560172e-002  0.000000e+000
    endloop
  endfacet
  facet normal  8.819213e-001 -4.713966e-001  0.000000e+000
    outer loop
      vertex  1.318077e-001 -8.560172e-002  0.000000e+000
      vertex  1.462923e-001 -5.850285e-002  8.593750e-001
      vertex  1.318077e-001 -8.560172e-002  8.593750e-001
    endloop
  endfacet
  facet normal  7.730104e-001 -6.343933e-001  0.000000e+000
    outer loop
      vertex  1.318077e-001 -8.560172e-002  0.000000e+000
      vertex  1.318077e-001 -8.560172e-002  8.593750e-001
      vertex  1.123146e-001 -1.093541e-001  0.000000e+000
    endloop
  endfacet
  facet normal  7.730104e-001 -6.343933e-001  0.000000e+000
    outer loop
      vertex  1.123146e-001 -1.093541e-001  0.000000e+000
      vertex  1.318077e-001 -8.560172e-002  8.593750e-001
      vertex  1.123146e-001 -1.093541e-001  8.593750e-001
    endloop
  endfacet
  facet normal  6.343932e-001 -7.730104e-001  0.000000e+000
    outer loop
      vertex  1.123146e-001 -1.093541e-001  0.000000e+000
      vertex  1.123146e-001 -1.093541e-001  8.593750e-001
      vertex  8.856224e-002 -1.288471e-001  0.000000e+000
    endloop
  endfacet
  facet normal  6.343932e-001 -7.730104e-001  0.000000e+000
    outer loop
      vertex  8.856224e-002 -1.288471e-001  0.000000e+000
      vertex  1.123146e-001 -1.093541e-001  8.593750e-001
      vertex  8.856224e-002 -1.288471e-001  8.593750e-001
    endloop
  endfacet
  facet normal  4.713970e-001 -8.819211e-001  0.000000e+000
    outer loop
      vertex  8.856224e-002 -1.288471e-001  0.000000e+000
      vertex  8.856224e-002 -1.288471e-001  8.593750e-001
      vertex  6.146337e-002 -1.433318e-001  0.000000e+000
    endloop
  endfacet
  facet normal  4.713970e-001 -8.819211e-001  0.000000e+000
    outer loop
      vertex  6.146337e-002 -1.433318e-001  0.000000e+000
      vertex  8.856224e-002 -1.288471e-001  8.593750e-001
      vertex  6.146337e-002 -1.433318e-001  8.593750e-001
    endloop
  endfacet
  facet normal  2.902845e-001 -9.569403e-001  0.000000e+000
    outer loop
      vertex  6.146337e-002 -1.433318e-001  0.000000e+000
      vertex  6.146337e-002 -1.433318e-001  8.593750e-001
      vertex  3.205939e-002 -1.522514e-001  0.000000e+000
    endloop
  endfacet
  facet normal  2.902845e-001 -9.569403e-001  0.000000e+000
    outer loop
      vertex  3.205939e-002 -1.522514e-001  0.000000e+000
      vertex  6.146337e-002 -1.433318e-001  8.593750e-001
      vertex  3.205939e-002 -1.522514e-001  8.593750e-001
    endloop
  endfacet
  facet normal  9.801705e-002 -9.951847e-001  0.000000e+000
    outer loop
      vertex  3.205939e-002 -1.522514e-001  0.000000e+000
      vertex  3.205939e-002 -1.522514e-001  8.593750e-001
      vertex  1.480263e-003 -1.552632e-001  0.000000e+000
    endloop
  endfacet
  facet normal  9.801705e-002 -9.951847e-001  0.000000e+000
    outer loop
      vertex  1.480263e-003 -1.552632e-001  0.000000e+000
      vertex  3.205939e-002 -1.522514e-001  8.593750e-001
      vertex  1.480263e-003 -1.552632e-001  8.593750e-001
    endloop
  endfacet
  facet normal -9.801705e-002 -9.951847e-001  -0.000000e+000
    outer loop
      vertex  1.480263e-003 -1.552632e-001  0.000000e+000
      vertex  1.480263e-003 -1.552632e-001  8.593750e-001
      vertex -2.909886e-002 -1.522514e-001  0.000000e+000
    endloop
  endfacet
  facet normal -9.801705e-002 -9.951847e-001  0.000000e+000
    outer loop
      vertex -2.909886e-002 -1.522514e-001  0.000000e+000
      vertex  1.480263e-003 -1.552632e-001  8.593750e-001
      vertex -2.909886e-002 -1.522514e-001  8.593750e-001
    endloop
  endfacet
  facet normal -2.902845e-001 -9.569404e-001  -0.000000e+000
    outer loop
      vertex -2.909886e-002 -1.522514e-001  0.000000e+000
      vertex -2.909886e-002 -1.522514e-001  8.593750e-001
