solid CATIA STL
  facet normal  9.999999e-001  0.000000e+000  0.000000e+000
    outer loop
      vertex  6.950658e-001 -2.647722e-001 -5.551115e-017
      vertex  6.950658e-001 -5.345395e-003  0.000000e+000
      vertex  6.950658e-001 -2.647722e-001  3.515625e-001
    endloop
  endfacet
  facet normal  9.999999e-001  -0.000000e+000  0.000000e+000
    outer loop
      vertex  6.950658e-001 -2.647722e-001  3.515625e-001
      vertex  6.950658e-001 -5.345395e-003  0.000000e+000
      vertex  6.950658e-001 -5.345395e-003  3.515625e-001
    endloop
  endfacet
  facet normal  8.924881e-001  4.510710e-001  0.000000e+000
    outer loop
      vertex  6.956417e-001 -2.677163e-001  3.515625e-001
      vertex  7.087994e-001 -2.937500e-001  3.515625e-001
      vertex  6.956417e-001 -2.677163e-001 -5.551115e-017
    endloop
  endfacet
  facet normal  8.924881e-001  4.510710e-001  0.000000e+000
    outer loop
      vertex  6.956417e-001 -2.677163e-001 -5.551115e-017
      vertex  7.087994e-001 -2.937500e-001  3.515625e-001
      vertex  7.087994e-001 -2.937500e-001  0.000000e+000
    endloop
  endfacet
  facet normal  0.000000e+000  0.000000e+000 -1.000000e+000
    outer loop
      vertex  7.500000e-001 -5.546875e-001  0.000000e+000
      vertex -5.546875e-001 -5.546875e-001  0.000000e+000
      vertex  7.087994e-001 -2.937500e-001  0.000000e+000
    endloop
  endfacet
  facet normal  3.987420e-016 -1.930750e-015 -1.000000e+000
    outer loop
      vertex -5.546875e-001 -5.546875e-001  0.000000e+000
      vertex  6.956417e-001 -2.677163e-001 -5.551115e-017
      vertex  7.087994e-001 -2.937500e-001  0.000000e+000
    endloop
  endfacet
  facet normal  -0.000000e+000  -0.000000e+000 -1.000000e+000
    outer loop
      vertex -5.546875e-001  7.500000e-001  0.000000e+000
      vertex -2.937500e-001  7.087994e-001  0.000000e+000
      vertex -2.662829e-001  6.950658e-001  0.000000e+000
    endloop
  endfacet
  facet normal -8.299056e-015  3.596542e-014 -9.999999e-001
    outer loop
      vertex  6.952111e-001 -2.662722e-001  0.000000e+000
      vertex  6.956417e-001 -2.677163e-001 -5.551115e-017
      vertex -5.546875e-001 -5.546875e-001  0.000000e+000
    endloop
  endfacet
  facet normal  0.000000e+000  0.000000e+000 -1.000000e+000
    outer loop
      vertex  6.950658e-001 -5.345395e-003  0.000000e+000
      vertex -5.546875e-001  7.500000e-001  0.000000e+000
      vertex -2.662829e-001  6.950658e-001  0.000000e+000
    endloop
  endfacet
  facet normal  0.000000e+000  0.000000e+000 -1.000000e+000
    outer loop
      vertex  6.950658e-001 -5.345395e-003  0.000000e+000
      vertex -2.662829e-001  6.950658e-001  0.000000e+000
      vertex -5.345395e-003  6.950658e-001  0.000000e+000
    endloop
  endfacet
  facet normal  0.000000e+000  0.000000e+000 -1.000000e+000
    outer loop
      vertex  6.950658e-001 -5.345395e-003  0.000000e+000
      vertex -5.345395e-003  6.950658e-001  0.000000e+000
      vertex  1.312981e-001  6.816076e-001  0.000000e+000
    endloop
  endfacet
  facet normal  0.000000e+000  0.000000e+000 -1.000000e+000
    outer loop
      vertex  6.950658e-001 -5.345395e-003  0.000000e+000
      vertex  1.312981e-001  6.816076e-001  0.000000e+000
      vertex  2.626904e-001  6.417502e-001  0.000000e+000
    endloop
  endfacet
  facet normal  0.000000e+000  0.000000e+000 -9.999999e-001
    outer loop
      vertex  6.950658e-001 -5.345395e-003  0.000000e+000
      vertex  2.626904e-001  6.417502e-001  0.000000e+000
      vertex  3.837822e-001  5.770252e-001  0.000000e+000
    endloop
  endfacet
  facet normal  0.000000e+000  0.000000e+000 -1.000000e+000
    outer loop
      vertex  6.950658e-001 -5.345395e-003  0.000000e+000
      vertex  3.837822e-001  5.770252e-001  0.000000e+000
      vertex  4.899201e-001  4.899201e-001  0.000000e+000
    endloop
  endfacet
  facet normal  0.000000e+000  0.000000e+000 -1.000000e+000
    outer loop
      vertex  6.950658e-001 -5.345395e-003  0.000000e+000
      vertex  4.899201e-001  4.899201e-001  0.000000e+000
      vertex  5.770252e-001  3.837822e-001  0.000000e+000
    endloop
  endfacet
  facet normal  0.000000e+000  0.000000e+000 -1.000000e+000
    outer loop
      vertex  6.950658e-001 -5.345395e-003  0.000000e+000
      vertex  5.770252e-001  3.837822e-001  0.000000e+000
      vertex  6.417502e-001  2.626904e-001  0.000000e+000
    endloop
  endfacet
  facet normal  0.000000e+000  0.000000e+000 -1.000000e+000
    outer loop
      vertex  6.950658e-001 -5.345395e-003  0.000000e+000
      vertex  6.417502e-001  2.626904e-001  0.000000e+000
      vertex  6.816076e-001  1.312981e-001  0.000000e+000
    endloop
  endfacet
  facet normal  1.293262e-016  2.139761e-016 -1.000000e+000
    outer loop
      vertex -5.546875e-001  7.500000e-001  0.000000e+000
      vertex  6.950658e-001 -5.345395e-003  0.000000e+000
      vertex  6.950658e-001 -2.647722e-001 -5.551115e-017
    endloop
  endfacet
  facet normal -3.266485e-014 -4.017404e-014 -1.000000e+000
    outer loop
      vertex -5.546875e-001  7.500000e-001  0.000000e+000
      vertex  6.950658e-001 -2.647722e-001 -5.551115e-017
      vertex  6.952111e-001 -2.662722e-001  0.000000e+000
    endloop
  endfacet
  facet normal  -0.000000e+000  0.000000e+000 -1.000000e+000
    outer loop
      vertex -5.546875e-001  7.500000e-001  0.000000e+000
      vertex  6.952111e-001 -2.662722e-001  0.000000e+000
      vertex -5.546875e-001 -5.546875e-001  0.000000e+000
    endloop
  endfacet
  facet normal  0.000000e+000  0.000000e+000  1.000000e+000
    outer loop
      vertex  7.087994e-001 -2.937500e-001  3.515625e-001
      vertex -5.546875e-001 -5.546875e-001  3.515625e-001
      vertex  7.500000e-001 -5.546875e-001  3.515625e-001
    endloop
  endfacet
  facet normal  0.000000e+000  0.000000e+000  1.000000e+000
    outer loop
      vertex  7.087994e-001 -2.937500e-001  3.515625e-001
      vertex  6.956417e-001 -2.677163e-001  3.515625e-001
      vertex -5.546875e-001 -5.546875e-001  3.515625e-001
    endloop
  endfacet
  facet normal  0.000000e+000  0.000000e+000  1.000000e+000
    outer loop
      vertex -2.662829e-001  6.950658e-001  3.515625e-001
      vertex -2.937500e-001  7.087994e-001  3.515625e-001
      vertex -5.546875e-001  7.500000e-001  3.515625e-001
    endloop
  endfacet
  facet normal  0.000000e+000  0.000000e+000  9.999999e-001
    outer loop
      vertex -5.546875e-001 -5.546875e-001  3.515625e-001
      vertex  6.956417e-001 -2.677163e-001  3.515625e-001
      vertex  6.952111e-001 -2.662722e-001  3.515625e-001
    endloop
  endfacet
  facet normal  0.000000e+000  0.000000e+000  9.999999e-001
    outer loop
      vertex  6.950658e-001 -5.345395e-003  3.515625e-001
      vertex  6.816076e-001  1.312981e-001  3.515625e-001
      vertex  6.417502e-001  2.626904e-001  3.515625e-001
    endloop
  endfacet
  facet normal  0.000000e+000  0.000000e+000  1.000000e+000
    outer loop
      vertex  6.950658e-001 -5.345395e-003  3.515625e-001
      vertex  6.417502e-001  2.626904e-001  3.515625e-001
      vertex  5.770252e-001  3.837822e-001  3.515625e-001
    endloop
  endfacet
  facet normal  0.000000e+000  0.000000e+000  1.000000e+000
    outer loop
      vertex  6.950658e-001 -5.345395e-003  3.515625e-001
      vertex  5.770252e-001  3.837822e-001  3.515625e-001
      vertex  4.899201e-001  4.899201e-001  3.515625e-001
    endloop
  endfacet
  facet normal  0.000000e+000  0.000000e+000  1.000000e+000
    outer loop
      vertex  6.950658e-001 -5.345395e-003  3.515625e-001
      vertex  4.899201e-001  4.899201e-001  3.515625e-001
      vertex  3.837822e-001  5.770252e-001  3.515625e-001
    endloop
  endfacet
  facet normal  0.000000e+000  0.000000e+000  9.999999e-001
    outer loop
      vertex  6.950658e-001 -5.345395e-003  3.515625e-001
      vertex  3.837822e-001  5.770252e-001  3.515625e-001
      vertex  2.626904e-001  6.417502e-001  3.515625e-001
    endloop
  endfacet
  facet normal  0.000000e+000  0.000000e+000  1.000000e+000
    outer loop
      vertex  6.950658e-001 -5.345395e-003  3.515625e-001
      vertex  2.626904e-001  6.417502e-001  3.515625e-001
      vertex  1.312981e-001  6.816076e-001  3.515625e-001
    endloop
  endfacet
  facet normal  0.000000e+000  0.000000e+000  1.000000e+000
    outer loop
      vertex  6.950658e-001 -5.345395e-003  3.515625e-001
      vertex  1.312981e-001  6.816076e-001  3.515625e-001
      vertex -5.345395e-003  6.950658e-001  3.515625e-001
    endloop
  endfacet
  facet normal  0.000000e+000  0.000000e+000  1.000000e+000
    outer loop
      vertex  6.950658e-001 -5.345395e-003  3.515625e-001
      vertex -5.345395e-003  6.950658e-001  3.515625e-001
      vertex -2.662829e-001  6.950658e-001  3.515625e-001
    endloop
  endfacet
  facet normal  0.000000e+000  0.000000e+000  1.000000e+000
    outer loop
      vertex  6.950658e-001 -5.345395e-003  3.515625e-001
      vertex -2.662829e-001  6.950658e-001  3.515625e-001
      vertex -5.546875e-001  7.500000e-001  3.515625e-001
    endloop
  endfacet
  facet normal  0.000000e+000  0.000000e+000  1.000000e+000
    outer loop
      vertex -5.546875e-001  7.500000e-001  3.515625e-001
      vertex -5.546875e-001 -5.546875e-001  3.515625e-001
      vertex  6.952111e-001 -2.662722e-001  3.515625e-001
    endloop
  endfacet
  facet normal  0.000000e+000  0.000000e+000  9.999999e-001
    outer loop
      vertex -5.546875e-001  7.500000e-001  3.515625e-001
      vertex  6.952111e-001 -2.662722e-001  3.515625e-001
      vertex  6.950658e-001 -2.647722e-001  3.515625e-001
    endloop
  endfacet
  facet normal  0.000000e+000  -0.000000e+000  1.000000e+000
    outer loop
      vertex -5.546875e-001  7.500000e-001  3.515625e-001
      vertex  6.950658e-001 -2.647722e-001  3.515625e-001
      vertex  6.950658e-001 -5.345395e-003  3.515625e-001
    endloop
  endfacet
  facet normal  9.953398e-001  9.643102e-002  0.000000e+000
    outer loop
      vertex  6.950658e-001 -2.647722e-001  3.515625e-001
      vertex  6.952111e-001 -2.662722e-001  3.515625e-001
      vertex  6.950658e-001 -2.647722e-001 -5.551115e-017
    endloop
  endfacet
  facet normal  9.953398e-001  9.643102e-002  0.000000e+000
    outer loop
      vertex  6.950658e-001 -2.647722e-001 -5.551115e-017
      vertex  6.952111e-001 -2.662722e-001  3.515625e-001
      vertex  6.952111e-001 -2.662722e-001  0.000000e+000
    endloop
  endfacet
  facet normal  9.583083e-001  2.857363e-001  0.000000e+000
    outer loop
      vertex  6.952111e-001 -2.662722e-001  3.515625e-001
      vertex  6.956417e-001 -2.677163e-001  3.515625e-001
      vertex  6.952111e-001 -2.662722e-001  0.000000e+000
    endloop
  endfacet
  facet normal  9.583083e-001  2.857363e-001  0.000000e+000
    outer loop
      vertex  6.952111e-001 -2.662722e-001  0.000000e+000
      vertex  6.956417e-001 -2.677163e-001  3.515625e-001
      vertex  6.956417e-001 -2.677163e-001 -5.551115e-017
    endloop
  endfacet
  facet normal -9.999999e-001  0.000000e+000  0.000000e+000
    outer loop
      vertex -5.546875e-001  7.500000e-001  3.515625e-001
      vertex -5.546875e-001  7.500000e-001  0.000000e+000
      vertex -5.546875e-001 -5.546875e-001  3.515625e-001
    endloop
  endfacet
  facet normal -9.999999e-001  0.000000e+000  0.000000e+000
    outer loop
      vertex -5.546875e-001 -5.546875e-001  3.515625e-001
      vertex -5.546875e-001  7.500000e-001  0.000000e+000
      vertex -5.546875e-001 -5.546875e-001  0.000000e+000
    endloop
  endfacet
  facet normal  1.559625e-001  9.877629e-001  0.000000e+000
    outer loop
      vertex -2.937500e-001  7.087994e-001  0.000000e+000
      vertex -5.546875e-001  7.500000e-001  0.000000e+000
      vertex -2.937500e-001  7.087994e-001  3.515625e-001
    endloop
  endfacet
  facet normal  1.559625e-001  9.877629e-001  0.000000e+000
    outer loop
      vertex -2.937500e-001  7.087994e-001  3.515625e-001
      vertex -5.546875e-001  7.500000e-001  0.000000e+000
      vertex -5.546875e-001  7.500000e-001  3.515625e-001
    endloop
  endfacet
  facet normal  4.472140e-001  8.944270e-001  0.000000e+000
    outer loop
      vertex -2.937500e-001  7.087994e-001  3.515625e-001
      vertex -2.662829e-001  6.950658e-001  3.515625e-001
      vertex -2.937500e-001  7.087994e-001  0.000000e+000
    endloop
  endfacet
  facet normal  4.472140e-001  8.944270e-001  0.000000e+000
    outer loop
      vertex -2.937500e-001  7.087994e-001  0.000000e+000
      vertex -2.662829e-001  6.950658e-001  3.515625e-001
      vertex -2.662829e-001  6.950658e-001  0.000000e+000
    endloop
  endfacet
  facet normal  0.000000e+000  1.000000e+000  0.000000e+000
    outer loop
      vertex -5.345395e-003  6.950658e-001  0.000000e+000
      vertex -2.662829e-001  6.950658e-001  0.000000e+000
      vertex -5.345395e-003  6.950658e-001  3.515625e-001
    endloop
  endfacet
  facet normal  0.000000e+000  1.000000e+000  0.000000e+000
    outer loop
      vertex -5.345395e-003  6.950658e-001  3.515625e-001
      vertex -2.662829e-001  6.950658e-001  0.000000e+000
      vertex -2.662829e-001  6.950658e-001  3.515625e-001
    endloop
  endfacet
  facet normal  9.801707e-002  9.951848e-001  0.000000e+000
    outer loop
      vertex -5.345395e-003  6.950658e-001  0.000000e+000
      vertex -5.345395e-003  6.950658e-001  3.515625e-001
      vertex  1.312981e-001  6.816076e-001  0.000000e+000
    endloop
  endfacet
  facet normal  9.801707e-002  9.951848e-001  -0.000000e+000
    outer loop
      vertex  1.312981e-001  6.816076e-001  0.000000e+000
      vertex -5.345395e-003  6.950658e-001  3.515625e-001
      vertex  1.312981e-001  6.816076e-001  3.515625e-001
    endloop
  endfacet
  facet normal  2.902848e-001  9.569404e-001  0.000000e+000
    outer loop
      vertex  1.312981e-001  6.816076e-001  0.000000e+000
      vertex  1.312981e-001  6.816076e-001  3.515625e-001
      vertex  2.626904e-001  6.417502e-001  0.000000e+000
    endloop
  endfacet
  facet normal  2.902848e-001  9.569404e-001  -0.000000e+000
    outer loop
      vertex  2.626904e-001  6.417502e-001  0.000000e+000
      vertex  1.312981e-001  6.816076e-001  3.515625e-001
      vertex  2.626904e-001  6.417502e-001  3.515625e-001
    endloop
  endfacet
  facet normal  4.713967e-001  8.819214e-001  0.000000e+000
    outer loop
      vertex  2.626904e-001  6.417502e-001  0.000000e+000
      vertex  2.626904e-001  6.417502e-001  3.515625e-001
      vertex  3.837822e-001  5.770252e-001  0.000000e+000
    endloop
  endfacet
  facet normal  4.713967e-001  8.819214e-001  -0.000000e+000
    outer loop
      vertex  3.837822e-001  5.770252e-001  0.000000e+000
      vertex  2.626904e-001  6.417502e-001  3.515625e-001
      vertex  3.837822e-001  5.770252e-001  3.515625e-001
    endloop
  endfacet
  facet normal  6.343933e-001  7.730104e-001  0.000000e+000
    outer loop
      vertex  3.837822e-001  5.770252e-001  0.000000e+000
      vertex  3.837822e-001  5.770252e-001  3.515625e-001
      vertex  4.899201e-001  4.899201e-001  0.000000e+000
    endloop
  endfacet
  facet normal  6.343933e-001  7.730104e-001  -0.000000e+000
    outer loop
      vertex  4.899201e-001  4.899201e-001  0.000000e+000
      vertex  3.837822e-001  5.770252e-001  3.515625e-001
      vertex  4.899201e-001  4.899201e-001  3.515625e-001
    endloop
  endfacet
  facet normal  7.730104e-001  6.343933e-001  0.000000e+000
    outer loop
      vertex  4.899201e-001  4.899201e-001  0.000000e+000
      vertex  4.899201e-001  4.899201e-001  3.515625e-001
      vertex  5.770252e-001  3.837822e-001  0.000000e+000
    endloop
  endfacet
  facet normal  7.730104e-001  6.343933e-001  -0.000000e+000
    outer loop
      vertex  5.770252e-001  3.837822e-001  0.000000e+000
      vertex  4.899201e-001  4.899201e-001  3.515625e-001
      vertex  5.770252e-001  3.837822e-001  3.515625e-001
    endloop
  endfacet
  facet normal  8.819214e-001  4.713967e-001  0.000000e+000
    outer loop
      vertex  5.770252e-001  3.837822e-001  0.000000e+000
      vertex  5.770252e-001  3.837822e-001  3.515625e-001
      vertex  6.417502e-001  2.626904e-001  0.000000e+000
    endloop
  endfacet
  facet normal  8.819214e-001  4.713967e-001  -0.000000e+000
    outer loop
      vertex  6.417502e-001  2.626904e-001  0.000000e+000
      vertex  5.770252e-001  3.837822e-001  3.515625e-001
      vertex  6.417502e-001  2.626904e-001  3.515625e-001
    endloop
  endfacet
  facet normal  9.569404e-001  2.902848e-001  0.000000e+000
    outer loop
      vertex  6.417502e-001  2.626904e-001  0.000000e+000
      vertex  6.417502e-001  2.626904e-001  3.515625e-001
      vertex  6.816076e-001  1.312981e-001  0.000000e+000
    endloop
  endfacet
  facet normal  9.569404e-001  2.902848e-001  -0.000000e+000
    outer loop
      vertex  6.816076e-001  1.312981e-001  0.000000e+000
      vertex  6.417502e-001  2.626904e-001  3.515625e-001
      vertex  6.816076e-001  1.312981e-001  3.515625e-001
    endloop
  endfacet
  facet normal  9.951848e-001  9.801707e-002  0.000000e+000
    outer loop
      vertex  6.816076e-001  1.312981e-001  0.000000e+000
      vertex  6.816076e-001  1.312981e-001  3.515625e-001
      vertex  6.950658e-001 -5.345395e-003  0.000000e+000
    endloop
  endfacet
  facet normal  9.951848e-001  9.801707e-002  -0.000000e+000
    outer loop
      vertex  6.950658e-001 -5.345395e-003  0.000000e+000
      vertex  6.816076e-001  1.312981e-001  3.515625e-001
      vertex  6.950658e-001 -5.345395e-003  3.515625e-001
    endloop
  endfacet
  facet normal  9.877629e-001  1.559625e-001  0.000000e+000
    outer loop
      vertex  7.500000e-001 -5.546875e-001  0.000000e+000
      vertex  7.087994e-001 -2.937500e-001  0.000000e+000
      vertex  7.500000e-001 -5.546875e-001  3.515625e-001
    endloop
  endfacet
  facet normal  9.877629e-001  1.559625e-001  0.000000e+000
    outer loop
      vertex  7.500000e-001 -5.546875e-001  3.515625e-001
      vertex  7.087994e-001 -2.937500e-001  0.000000e+000
      vertex  7.087994e-001 -2.937500e-001  3.515625e-001
    endloop
  endfacet
  facet normal  0.000000e+000 -9.999999e-001  0.000000e+000
    outer loop
      vertex -5.546875e-001 -5.546875e-001  3.515625e-001
      vertex -5.546875e-001 -5.546875e-001  0.000000e+000
      vertex  7.500000e-001 -5.546875e-001  3.515625e-001
    endloop
  endfacet
  facet normal  0.000000e+000 -9.999999e-001  -0.000000e+000
    outer loop
      vertex  7.500000e-001 -5.546875e-001  3.515625e-001
      vertex -5.546875e-001 -5.546875e-001  0.000000e+000
      vertex  7.500000e-001 -5.546875e-001  0.000000e+000
    endloop
  endfacet
endsolid CATIA STL
