solid CATIA STL
  facet normal -1.299846e-006  3.939203e-001  9.191446e-001
    outer loop
      vertex  2.656250e-001  2.656250e-001  7.500000e-001
      vertex  3.452530e-001  3.452530e-001  7.158737e-001
      vertex  3.332674e-001  3.555038e-001  7.114805e-001
    endloop
  endfacet
  facet normal  1.646219e-006  3.939184e-001  9.191454e-001
    outer loop
      vertex  2.656250e-001  2.656250e-001  7.500000e-001
      vertex  3.332674e-001  3.555038e-001  7.114805e-001
      vertex  3.196624e-001  3.638709e-001  7.078946e-001
    endloop
  endfacet
  facet normal -5.389875e-008  3.939192e-001  9.191451e-001
    outer loop
      vertex  2.656250e-001  2.656250e-001  7.500000e-001
      vertex  3.196624e-001  3.638709e-001  7.078946e-001
      vertex  3.049620e-001  3.699809e-001  7.052761e-001
    endloop
  endfacet
  facet normal -1.182585e-006  3.939195e-001  9.191449e-001
    outer loop
      vertex  2.656250e-001  2.656250e-001  7.500000e-001
      vertex  3.049620e-001  3.699809e-001  7.052761e-001
      vertex  2.893581e-001  3.737444e-001  7.036631e-001
    endloop
  endfacet
  facet normal  2.444205e-007  3.939193e-001  9.191450e-001
    outer loop
      vertex  2.656250e-001  2.656250e-001  7.500000e-001
      vertex  2.893581e-001  3.737444e-001  7.036631e-001
      vertex  2.734375e-001  3.750000e-001  7.031250e-001
    endloop
  endfacet
  facet normal  0.000000e+000  3.939193e-001  9.191450e-001
    outer loop
      vertex  2.656250e-001  2.656250e-001  7.500000e-001
      vertex  2.734375e-001  3.750000e-001  7.031250e-001
      vertex -3.750000e-001  3.750000e-001  7.031250e-001
    endloop
  endfacet
  facet normal  0.000000e+000  3.939193e-001  9.191450e-001
    outer loop
      vertex  2.656250e-001  2.656250e-001  7.500000e-001
      vertex -3.750000e-001  3.750000e-001  7.031250e-001
      vertex -2.656250e-001  2.656250e-001  7.500000e-001
    endloop
  endfacet
  facet normal  3.939193e-001  -0.000000e+000  9.191450e-001
    outer loop
      vertex  2.656250e-001  2.656250e-001  7.500000e-001
      vertex  2.656250e-001 -2.656250e-001  7.500000e-001
      vertex  3.750000e-001 -3.750000e-001  7.031250e-001
    endloop
  endfacet
  facet normal  3.939193e-001  -0.000000e+000  9.191450e-001
    outer loop
      vertex  2.656250e-001  2.656250e-001  7.500000e-001
      vertex  3.750000e-001 -3.750000e-001  7.031250e-001
      vertex  3.750000e-001  2.734375e-001  7.031250e-001
    endloop
  endfacet
  facet normal  3.939193e-001  4.959417e-007  9.191450e-001
    outer loop
      vertex  2.656250e-001  2.656250e-001  7.500000e-001
      vertex  3.750000e-001  2.734375e-001  7.031250e-001
      vertex  3.737801e-001  2.891314e-001  7.036478e-001
    endloop
  endfacet
  facet normal  3.939194e-001 -2.210919e-007  9.191450e-001
    outer loop
      vertex  2.656250e-001  2.656250e-001  7.500000e-001
      vertex  3.737801e-001  2.891314e-001  7.036478e-001
      vertex  3.700385e-001  3.047932e-001  7.052513e-001
    endloop
  endfacet
  facet normal  3.939199e-001 -1.795030e-006  9.191447e-001
    outer loop
      vertex  2.656250e-001  2.656250e-001  7.500000e-001
      vertex  3.700385e-001  3.047932e-001  7.052513e-001
      vertex  3.638138e-001  3.197685e-001  7.079191e-001
    endloop
  endfacet
  facet normal  3.939187e-001  7.274138e-007  9.191453e-001
    outer loop
      vertex  2.656250e-001  2.656250e-001  7.500000e-001
      vertex  3.638138e-001  3.197685e-001  7.079191e-001
      vertex  3.553968e-001  3.334177e-001  7.115264e-001
    endloop
  endfacet
  facet normal  3.939192e-001 -6.804245e-008  9.191450e-001
    outer loop
      vertex  2.656250e-001  2.656250e-001  7.500000e-001
      vertex  3.553968e-001  3.334177e-001  7.115264e-001
      vertex  3.452530e-001  3.452530e-001  7.158737e-001
    endloop
  endfacet
  facet normal  0.000000e+000  9.999999e-001  0.000000e+000
    outer loop
      vertex  2.734375e-001  3.750000e-001  0.000000e+000
      vertex -3.750000e-001  3.750000e-001  0.000000e+000
      vertex  2.734375e-001  3.750000e-001  7.031250e-001
    endloop
  endfacet
  facet normal  0.000000e+000  9.999999e-001  0.000000e+000
    outer loop
      vertex  2.734375e-001  3.750000e-001  7.031250e-001
      vertex -3.750000e-001  3.750000e-001  0.000000e+000
      vertex -3.750000e-001  3.750000e-001  7.031250e-001
    endloop
  endfacet
  facet normal  9.999999e-001  0.000000e+000  0.000000e+000
    outer loop
      vertex  3.750000e-001 -3.750000e-001  0.000000e+000
      vertex  3.750000e-001  2.734375e-001  0.000000e+000
      vertex  3.750000e-001 -3.750000e-001  7.031250e-001
    endloop
  endfacet
  facet normal  9.999999e-001  -0.000000e+000  0.000000e+000
    outer loop
      vertex  3.750000e-001 -3.750000e-001  7.031250e-001
      vertex  3.750000e-001  2.734375e-001  0.000000e+000
      vertex  3.750000e-001  2.734375e-001  7.031250e-001
    endloop
  endfacet
  facet normal  -0.000000e+000  -0.000000e+000 -9.999999e-001
    outer loop
      vertex -3.750000e-001  3.750000e-001  0.000000e+000
      vertex  2.734375e-001  3.750000e-001  0.000000e+000
      vertex  2.932514e-001  3.730485e-001  0.000000e+000
    endloop
  endfacet
  facet normal  -0.000000e+000  -0.000000e+000 -1.000000e+000
    outer loop
      vertex -3.750000e-001  3.750000e-001  0.000000e+000
      vertex  2.932514e-001  3.730485e-001  0.000000e+000
      vertex  3.123038e-001  3.672690e-001  0.000000e+000
    endloop
  endfacet
  facet normal  -0.000000e+000  -0.000000e+000 -9.999999e-001
    outer loop
      vertex -3.750000e-001  3.750000e-001  0.000000e+000
      vertex  3.123038e-001  3.672690e-001  0.000000e+000
      vertex  3.298626e-001  3.578836e-001  0.000000e+000
    endloop
  endfacet
  facet normal  -0.000000e+000  -0.000000e+000 -1.000000e+000
    outer loop
      vertex -3.750000e-001  3.750000e-001  0.000000e+000
      vertex  3.298626e-001  3.578836e-001  0.000000e+000
      vertex  3.452530e-001  3.452530e-001  0.000000e+000
    endloop
  endfacet
  facet normal  -0.000000e+000  -0.000000e+000 -1.000000e+000
    outer loop
      vertex -3.750000e-001  3.750000e-001  0.000000e+000
      vertex  3.452530e-001  3.452530e-001  0.000000e+000
      vertex  3.578836e-001  3.298626e-001  0.000000e+000
    endloop
  endfacet
  facet normal  -0.000000e+000  -0.000000e+000 -9.999999e-001
    outer loop
      vertex -3.750000e-001  3.750000e-001  0.000000e+000
      vertex  3.578836e-001  3.298626e-001  0.000000e+000
      vertex  3.672690e-001  3.123038e-001  0.000000e+000
    endloop
  endfacet
  facet normal  -0.000000e+000  -0.000000e+000 -1.000000e+000
    outer loop
      vertex -3.750000e-001  3.750000e-001  0.000000e+000
      vertex  3.672690e-001  3.123038e-001  0.000000e+000
      vertex  3.730485e-001  2.932514e-001  0.000000e+000
    endloop
  endfacet
  facet normal  -0.000000e+000  -0.000000e+000 -1.000000e+000
    outer loop
      vertex -3.750000e-001  3.750000e-001  0.000000e+000
      vertex  3.730485e-001  2.932514e-001  0.000000e+000
      vertex  3.750000e-001  2.734375e-001  0.000000e+000
    endloop
  endfacet
  facet normal  -0.000000e+000  -0.000000e+000 -9.999999e-001
    outer loop
      vertex -3.750000e-001  3.750000e-001  0.000000e+000
      vertex  3.750000e-001  2.734375e-001  0.000000e+000
      vertex  3.750000e-001 -3.750000e-001  0.000000e+000
    endloop
  endfacet
  facet normal  0.000000e+000  0.000000e+000 -1.000000e+000
    outer loop
      vertex -3.750000e-001  3.750000e-001  0.000000e+000
      vertex  3.750000e-001 -3.750000e-001  0.000000e+000
      vertex -3.750000e-001 -3.750000e-001  0.000000e+000
    endloop
  endfacet
  facet normal  2.902854e-001  9.569398e-001 -6.577401e-004
    outer loop
      vertex  2.932514e-001  3.730485e-001  0.000000e+000
      vertex  3.049620e-001  3.699809e-001  7.052761e-001
      vertex  3.123038e-001  3.672690e-001  0.000000e+000
    endloop
  endfacet
  facet normal  3.837345e-001  9.234433e-001  4.438388e-004
    outer loop
      vertex  3.123038e-001  3.672690e-001  0.000000e+000
      vertex  3.049620e-001  3.699809e-001  7.052761e-001
      vertex  3.196624e-001  3.638709e-001  7.078946e-001
    endloop
  endfacet
  facet normal  4.713965e-001  8.819212e-001 -6.667309e-004
    outer loop
      vertex  3.123038e-001  3.672690e-001  0.000000e+000
      vertex  3.196624e-001  3.638709e-001  7.078946e-001
      vertex  3.298626e-001  3.578836e-001  0.000000e+000
    endloop
  endfacet
  facet normal  5.237972e-001  8.518429e-001  3.427197e-004
    outer loop
      vertex  3.196624e-001  3.638709e-001  7.078946e-001
      vertex  3.332674e-001  3.555038e-001  7.114805e-001
      vertex  3.298626e-001  3.578836e-001  0.000000e+000
    endloop
  endfacet
  facet normal  8.819211e-001  4.713964e-001 -6.661628e-004
    outer loop
      vertex  3.578836e-001  3.298626e-001  0.000000e+000
      vertex  3.638138e-001  3.197685e-001  7.079191e-001
      vertex  3.672690e-001  3.123038e-001  0.000000e+000
    endloop
  endfacet
  facet normal  9.234328e-001  3.837599e-001  4.605352e-004
    outer loop
      vertex  3.638138e-001  3.197685e-001  7.079191e-001
      vertex  3.700385e-001  3.047932e-001  7.052513e-001
      vertex  3.672690e-001  3.123038e-001  0.000000e+000
    endloop
  endfacet
  facet normal  9.569399e-001  2.902854e-001 -6.665072e-004
    outer loop
      vertex  3.730485e-001  2.932514e-001  0.000000e+000
      vertex  3.672690e-001  3.123038e-001  0.000000e+000
      vertex  3.700385e-001  3.047932e-001  7.052513e-001
    endloop
  endfacet
  facet normal  9.801667e-002  9.951848e-001  0.000000e+000
    outer loop
      vertex  2.734375e-001  3.750000e-001  0.000000e+000
      vertex  2.734375e-001  3.750000e-001  7.031250e-001
      vertex  2.932514e-001  3.730485e-001  0.000000e+000
    endloop
  endfacet
  facet normal  7.864094e-002  9.969029e-001 -5.507711e-004
    outer loop
      vertex  2.932514e-001  3.730485e-001  0.000000e+000
      vertex  2.734375e-001  3.750000e-001  7.031250e-001
      vertex  2.893581e-001  3.737444e-001  7.036631e-001
    endloop
  endfacet
  facet normal  2.344343e-001  9.721319e-001  3.357123e-004
    outer loop
      vertex  2.932514e-001  3.730485e-001  0.000000e+000
      vertex  2.893581e-001  3.737444e-001  7.036631e-001
      vertex  3.049620e-001  3.699809e-001  7.052761e-001
    endloop
  endfacet
  facet normal  6.343937e-001  7.730100e-001 -4.502250e-004
    outer loop
      vertex  3.298626e-001  3.578836e-001  0.000000e+000
      vertex  3.332674e-001  3.555038e-001  7.114805e-001
      vertex  3.452530e-001  3.452530e-001  0.000000e+000
    endloop
  endfacet
  facet normal  6.499633e-001  7.599657e-001  -0.000000e+000
    outer loop
      vertex  3.452530e-001  3.452530e-001  0.000000e+000
      vertex  3.332674e-001  3.555038e-001  7.114805e-001
      vertex  3.452530e-001  3.452530e-001  7.158737e-001
    endloop
  endfacet
  facet normal  7.730101e-001  6.343938e-001  0.000000e+000
    outer loop
      vertex  3.452530e-001  3.452530e-001  0.000000e+000
      vertex  3.452530e-001  3.452530e-001  7.158737e-001
      vertex  3.578836e-001  3.298626e-001  0.000000e+000
    endloop
  endfacet
  facet normal  7.591746e-001  6.508868e-001 -5.986913e-004
    outer loop
      vertex  3.578836e-001  3.298626e-001  0.000000e+000
      vertex  3.452530e-001  3.452530e-001  7.158737e-001
      vertex  3.553968e-001  3.334177e-001  7.115264e-001
    endloop
  endfacet
  facet normal  8.512123e-001  5.248214e-001  3.528613e-004
    outer loop
      vertex  3.578836e-001  3.298626e-001  0.000000e+000
      vertex  3.553968e-001  3.334177e-001  7.115264e-001
      vertex  3.638138e-001  3.197685e-001  7.079191e-001
    endloop
  endfacet
  facet normal  9.969927e-001  7.749508e-002  -0.000000e+000
    outer loop
      vertex  3.750000e-001  2.734375e-001  7.031250e-001
      vertex  3.750000e-001  2.734375e-001  0.000000e+000
      vertex  3.737801e-001  2.891314e-001  7.036478e-001
    endloop
  endfacet
  facet normal  9.951847e-001  9.801666e-002 -4.608403e-004
    outer loop
      vertex  3.737801e-001  2.891314e-001  7.036478e-001
      vertex  3.750000e-001  2.734375e-001  0.000000e+000
      vertex  3.730485e-001  2.932514e-001  0.000000e+000
    endloop
  endfacet
  facet normal  9.726376e-001  2.323270e-001  3.490100e-004
    outer loop
      vertex  3.737801e-001  2.891314e-001  7.036478e-001
      vertex  3.730485e-001  2.932514e-001  0.000000e+000
      vertex  3.700385e-001  3.047932e-001  7.052513e-001
    endloop
  endfacet
  facet normal  0.000000e+000  0.000000e+000  1.000000e+000
    outer loop
      vertex -2.656250e-001 -2.656250e-001  7.500000e-001
      vertex  2.656250e-001 -2.656250e-001  7.500000e-001
      vertex -2.656250e-001  2.656250e-001  7.500000e-001
    endloop
  endfacet
  facet normal  -0.000000e+000  0.000000e+000  1.000000e+000
    outer loop
      vertex -2.656250e-001  2.656250e-001  7.500000e-001
      vertex  2.656250e-001 -2.656250e-001  7.500000e-001
      vertex  2.656250e-001  2.656250e-001  7.500000e-001
    endloop
  endfacet
  facet normal -1.000000e+000  0.000000e+000  0.000000e+000
    outer loop
      vertex -3.750000e-001  3.750000e-001  0.000000e+000
      vertex -3.750000e-001 -3.750000e-001  0.000000e+000
      vertex -3.750000e-001  3.750000e-001  7.031250e-001
    endloop
  endfacet
  facet normal -1.000000e+000  -0.000000e+000  0.000000e+000
    outer loop
      vertex -3.750000e-001  3.750000e-001  7.031250e-001
      vertex -3.750000e-001 -3.750000e-001  0.000000e+000
      vertex -3.750000e-001 -3.750000e-001  7.031250e-001
    endloop
  endfacet
  facet normal  0.000000e+000 -1.000000e+000  0.000000e+000
    outer loop
      vertex -3.750000e-001 -3.750000e-001  0.000000e+000
      vertex  3.750000e-001 -3.750000e-001  0.000000e+000
      vertex -3.750000e-001 -3.750000e-001  7.031250e-001
    endloop
  endfacet
  facet normal  0.000000e+000 -1.000000e+000  0.000000e+000
    outer loop
      vertex -3.750000e-001 -3.750000e-001  7.031250e-001
      vertex  3.750000e-001 -3.750000e-001  0.000000e+000
      vertex  3.750000e-001 -3.750000e-001  7.031250e-001
    endloop
  endfacet
  facet normal  0.000000e+000 -3.939193e-001  9.191450e-001
    outer loop
      vertex -3.750000e-001 -3.750000e-001  7.031250e-001
      vertex  3.750000e-001 -3.750000e-001  7.031250e-001
      vertex -2.656250e-001 -2.656250e-001  7.500000e-001
    endloop
  endfacet
  facet normal  0.000000e+000 -3.939193e-001  9.191450e-001
    outer loop
      vertex -2.656250e-001 -2.656250e-001  7.500000e-001
      vertex  3.750000e-001 -3.750000e-001  7.031250e-001
      vertex  2.656250e-001 -2.656250e-001  7.500000e-001
    endloop
  endfacet
  facet normal -3.939193e-001  0.000000e+000  9.191450e-001
    outer loop
      vertex -3.750000e-001  3.750000e-001  7.031250e-001
      vertex -3.750000e-001 -3.750000e-001  7.031250e-001
      vertex -2.656250e-001  2.656250e-001  7.500000e-001
    endloop
  endfacet
  facet normal -3.939193e-001  0.000000e+000  9.191450e-001
    outer loop
      vertex -2.656250e-001  2.656250e-001  7.500000e-001
      vertex -3.750000e-001 -3.750000e-001  7.031250e-001
      vertex -2.656250e-001 -2.656250e-001  7.500000e-001
    endloop
  endfacet
endsolid CATIA STL
