solid CATIA STL
  facet normal  0.000000e+000 -1.000000e+000  0.000000e+000
    outer loop
      vertex  8.824013e-002 -7.500000e-001  8.824013e-002
      vertex -9.605263e-002 -7.500000e-001  8.824013e-002
      vertex -9.605263e-002 -7.500000e-001 -8.824013e-002
    endloop
  endfacet
  facet normal  0.000000e+000 -1.000000e+000  0.000000e+000
    outer loop
      vertex  8.824013e-002 -7.500000e-001  8.824013e-002
      vertex -9.605263e-002 -7.500000e-001 -8.824013e-002
      vertex -9.590252e-002 -7.500000e-001 -8.976427e-002
    endloop
  endfacet
  facet normal  0.000000e+000 -1.000000e+000  0.000000e+000
    outer loop
      vertex  8.824013e-002 -7.500000e-001  8.824013e-002
      vertex -9.590252e-002 -7.500000e-001 -8.976427e-002
      vertex -9.545794e-002 -7.500000e-001 -9.122985e-002
    endloop
  endfacet
  facet normal  0.000000e+000 -1.000000e+000  0.000000e+000
    outer loop
      vertex  8.824013e-002 -7.500000e-001  8.824013e-002
      vertex -9.545794e-002 -7.500000e-001 -9.122985e-002
      vertex -9.473599e-002 -7.500000e-001 -9.258053e-002
    endloop
  endfacet
  facet normal  0.000000e+000 -1.000000e+000  0.000000e+000
    outer loop
      vertex  8.824013e-002 -7.500000e-001  8.824013e-002
      vertex -9.473599e-002 -7.500000e-001 -9.258053e-002
      vertex -9.376440e-002 -7.500000e-001 -9.376440e-002
    endloop
  endfacet
  facet normal  0.000000e+000 -1.000000e+000  0.000000e+000
    outer loop
      vertex  8.824013e-002 -7.500000e-001  8.824013e-002
      vertex -9.376440e-002 -7.500000e-001 -9.376440e-002
      vertex -9.258053e-002 -7.500000e-001 -9.473599e-002
    endloop
  endfacet
  facet normal  0.000000e+000 -1.000000e+000  0.000000e+000
    outer loop
      vertex  8.824013e-002 -7.500000e-001  8.824013e-002
      vertex -9.258053e-002 -7.500000e-001 -9.473599e-002
      vertex -9.122985e-002 -7.500000e-001 -9.545794e-002
    endloop
  endfacet
  facet normal  0.000000e+000 -1.000000e+000  0.000000e+000
    outer loop
      vertex  8.824013e-002 -7.500000e-001  8.824013e-002
      vertex -9.122985e-002 -7.500000e-001 -9.545794e-002
      vertex -8.976427e-002 -7.500000e-001 -9.590252e-002
    endloop
  endfacet
  facet normal  0.000000e+000 -1.000000e+000  0.000000e+000
    outer loop
      vertex  8.824013e-002 -7.500000e-001  8.824013e-002
      vertex -8.976427e-002 -7.500000e-001 -9.590252e-002
      vertex -8.824013e-002 -7.500000e-001 -9.605263e-002
    endloop
  endfacet
  facet normal  0.000000e+000 -1.000000e+000  0.000000e+000
    outer loop
      vertex  8.824013e-002 -7.500000e-001  8.824013e-002
      vertex -8.824013e-002 -7.500000e-001 -9.605263e-002
      vertex  8.824013e-002 -7.500000e-001 -9.605263e-002
    endloop
  endfacet
  facet normal -5.551115e-017  1.000000e+000 -5.551115e-017
    outer loop
      vertex  8.824013e-002  2.193969e-017  8.824013e-002
      vertex  8.824013e-002  1.170938e-017 -9.605263e-002
      vertex -8.824013e-002  1.912761e-018 -9.605263e-002
    endloop
  endfacet
  facet normal -5.551115e-017  1.000000e+000 -5.551115e-017
    outer loop
      vertex  8.824013e-002  2.193969e-017  8.824013e-002
      vertex -8.824013e-002  1.912761e-018 -9.605263e-002
      vertex -8.976427e-002  1.836487e-018 -9.590252e-002
    endloop
  endfacet
  facet normal -5.551104e-017  1.000000e+000 -5.551126e-017
    outer loop
      vertex  8.824013e-002  2.193969e-017  8.824013e-002
      vertex -8.976427e-002  1.836487e-018 -9.590252e-002
      vertex -9.122985e-002  1.779810e-018 -9.545794e-002
    endloop
  endfacet
  facet normal -5.551115e-017  1.000000e+000 -5.551115e-017
    outer loop
      vertex  8.824013e-002  2.193969e-017  8.824013e-002
      vertex -9.122985e-002  1.779810e-018 -9.545794e-002
      vertex -9.258053e-002  1.744909e-018 -9.473599e-002
    endloop
  endfacet
  facet normal -5.551130e-017  1.000000e+000 -5.551101e-017
    outer loop
      vertex  8.824013e-002  2.193969e-017  8.824013e-002
      vertex -9.258053e-002  1.744909e-018 -9.473599e-002
      vertex -9.376440e-002  1.733124e-018 -9.376440e-002
    endloop
  endfacet
  facet normal -5.551101e-017  1.000000e+000 -5.551129e-017
    outer loop
      vertex  8.824013e-002  2.193969e-017  8.824013e-002
      vertex -9.376440e-002  1.733124e-018 -9.376440e-002
      vertex -9.473599e-002  1.744909e-018 -9.258053e-002
    endloop
  endfacet
  facet normal -5.551114e-017  1.000000e+000 -5.551115e-017
    outer loop
      vertex  8.824013e-002  2.193969e-017  8.824013e-002
      vertex -9.473599e-002  1.744909e-018 -9.258053e-002
      vertex -9.545794e-002  1.779810e-018 -9.122985e-002
    endloop
  endfacet
  facet normal -5.551126e-017  1.000000e+000 -5.551104e-017
    outer loop
      vertex  8.824013e-002  2.193969e-017  8.824013e-002
      vertex -9.545794e-002  1.779810e-018 -9.122985e-002
      vertex -9.590252e-002  1.836487e-018 -8.976427e-002
    endloop
  endfacet
  facet normal -5.551115e-017  1.000000e+000 -5.551115e-017
    outer loop
      vertex  8.824013e-002  2.193969e-017  8.824013e-002
      vertex -9.590252e-002  1.836487e-018 -8.976427e-002
      vertex -9.605263e-002  1.912761e-018 -8.824013e-002
    endloop
  endfacet
  facet normal -5.551115e-017  1.000000e+000 -5.551115e-017
    outer loop
      vertex  8.824013e-002  2.193969e-017  8.824013e-002
      vertex -9.605263e-002  1.912761e-018 -8.824013e-002
      vertex -9.605263e-002  1.170938e-017  8.824013e-002
    endloop
  endfacet
  facet normal -1.000000e+000  0.000000e+000  0.000000e+000
    outer loop
      vertex -9.605263e-002  1.170938e-017  8.824013e-002
      vertex -9.605263e-002  1.912761e-018 -8.824013e-002
      vertex -9.605263e-002 -7.500000e-001  8.824013e-002
    endloop
  endfacet
  facet normal -1.000000e+000  0.000000e+000  0.000000e+000
    outer loop
      vertex -9.605263e-002 -7.500000e-001  8.824013e-002
      vertex -9.605263e-002  1.912761e-018 -8.824013e-002
      vertex -9.605263e-002 -7.500000e-001 -8.824013e-002
    endloop
  endfacet
  facet normal  0.000000e+000  0.000000e+000 -1.000000e+000
    outer loop
      vertex -8.824013e-002  1.912761e-018 -9.605263e-002
      vertex  8.824013e-002  1.170938e-017 -9.605263e-002
      vertex -8.824013e-002 -7.500000e-001 -9.605263e-002
    endloop
  endfacet
  facet normal  0.000000e+000  0.000000e+000 -1.000000e+000
    outer loop
      vertex -8.824013e-002 -7.500000e-001 -9.605263e-002
      vertex  8.824013e-002  1.170938e-017 -9.605263e-002
      vertex  8.824013e-002 -7.500000e-001 -9.605263e-002
    endloop
  endfacet
  facet normal -9.801669e-002  0.000000e+000 -9.951847e-001
    outer loop
      vertex -8.824013e-002  1.912761e-018 -9.605263e-002
      vertex -8.824013e-002 -7.500000e-001 -9.605263e-002
      vertex -8.976427e-002  1.836487e-018 -9.590252e-002
    endloop
  endfacet
  facet normal -9.801669e-002  -0.000000e+000 -9.951847e-001
    outer loop
      vertex -8.976427e-002  1.836487e-018 -9.590252e-002
      vertex -8.824013e-002 -7.500000e-001 -9.605263e-002
      vertex -8.976427e-002 -7.500000e-001 -9.590252e-002
    endloop
  endfacet
  facet normal -2.902842e-001  0.000000e+000 -9.569405e-001
    outer loop
      vertex -8.976427e-002  1.836487e-018 -9.590252e-002
      vertex -8.976427e-002 -7.500000e-001 -9.590252e-002
      vertex -9.122985e-002  1.779810e-018 -9.545794e-002
    endloop
  endfacet
  facet normal -2.902842e-001  -0.000000e+000 -9.569405e-001
    outer loop
      vertex -9.122985e-002  1.779810e-018 -9.545794e-002
      vertex -8.976427e-002 -7.500000e-001 -9.590252e-002
      vertex -9.122985e-002 -7.500000e-001 -9.545794e-002
    endloop
  endfacet
  facet normal -4.713973e-001  0.000000e+000 -8.819210e-001
    outer loop
      vertex -9.122985e-002  1.779810e-018 -9.545794e-002
      vertex -9.122985e-002 -7.500000e-001 -9.545794e-002
      vertex -9.258053e-002  1.744909e-018 -9.473599e-002
    endloop
  endfacet
  facet normal -4.713973e-001  -0.000000e+000 -8.819210e-001
    outer loop
      vertex -9.258053e-002  1.744909e-018 -9.473599e-002
      vertex -9.122985e-002 -7.500000e-001 -9.545794e-002
      vertex -9.258053e-002 -7.500000e-001 -9.473599e-002
    endloop
  endfacet
  facet normal -6.343951e-001  0.000000e+000 -7.730091e-001
    outer loop
      vertex -9.258053e-002  1.744909e-018 -9.473599e-002
      vertex -9.258053e-002 -7.500000e-001 -9.473599e-002
      vertex -9.376440e-002  1.733124e-018 -9.376440e-002
    endloop
  endfacet
  facet normal -6.343951e-001  -0.000000e+000 -7.730091e-001
    outer loop
      vertex -9.376440e-002  1.733124e-018 -9.376440e-002
      vertex -9.258053e-002 -7.500000e-001 -9.473599e-002
      vertex -9.376440e-002 -7.500000e-001 -9.376440e-002
    endloop
  endfacet
  facet normal -7.730091e-001  0.000000e+000 -6.343951e-001
    outer loop
      vertex -9.376440e-002  1.733124e-018 -9.376440e-002
      vertex -9.376440e-002 -7.500000e-001 -9.376440e-002
      vertex -9.473599e-002  1.744909e-018 -9.258053e-002
    endloop
  endfacet
  facet normal -7.730091e-001  -0.000000e+000 -6.343951e-001
    outer loop
      vertex -9.473599e-002  1.744909e-018 -9.258053e-002
      vertex -9.376440e-002 -7.500000e-001 -9.376440e-002
      vertex -9.473599e-002 -7.500000e-001 -9.258053e-002
    endloop
  endfacet
  facet normal -8.819210e-001  0.000000e+000 -4.713973e-001
    outer loop
      vertex -9.473599e-002  1.744909e-018 -9.258053e-002
      vertex -9.473599e-002 -7.500000e-001 -9.258053e-002
      vertex -9.545794e-002  1.779810e-018 -9.122985e-002
    endloop
  endfacet
  facet normal -8.819210e-001  -0.000000e+000 -4.713973e-001
    outer loop
      vertex -9.545794e-002  1.779810e-018 -9.122985e-002
      vertex -9.473599e-002 -7.500000e-001 -9.258053e-002
      vertex -9.545794e-002 -7.500000e-001 -9.122985e-002
    endloop
  endfacet
  facet normal -9.569405e-001  0.000000e+000 -2.902842e-001
    outer loop
      vertex -9.545794e-002  1.779810e-018 -9.122985e-002
      vertex -9.545794e-002 -7.500000e-001 -9.122985e-002
      vertex -9.590252e-002  1.836487e-018 -8.976427e-002
    endloop
  endfacet
  facet normal -9.569405e-001  -0.000000e+000 -2.902842e-001
    outer loop
      vertex -9.590252e-002  1.836487e-018 -8.976427e-002
      vertex -9.545794e-002 -7.500000e-001 -9.122985e-002
      vertex -9.590252e-002 -7.500000e-001 -8.976427e-002
    endloop
  endfacet
  facet normal -9.951847e-001  0.000000e+000 -9.801669e-002
    outer loop
      vertex -9.590252e-002  1.836487e-018 -8.976427e-002
      vertex -9.590252e-002 -7.500000e-001 -8.976427e-002
      vertex -9.605263e-002  1.912761e-018 -8.824013e-002
    endloop
  endfacet
  facet normal -9.951847e-001  -0.000000e+000 -9.801669e-002
    outer loop
      vertex -9.605263e-002  1.912761e-018 -8.824013e-002
      vertex -9.590252e-002 -7.500000e-001 -8.976427e-002
      vertex -9.605263e-002 -7.500000e-001 -8.824013e-002
    endloop
  endfacet
  facet normal  -0.000000e+000  0.000000e+000  1.000000e+000
    outer loop
      vertex  8.824013e-002  2.193969e-017  8.824013e-002
      vertex -9.605263e-002  1.170938e-017  8.824013e-002
      vertex  8.824013e-002 -7.500000e-001  8.824013e-002
    endloop
  endfacet
  facet normal  0.000000e+000  0.000000e+000  1.000000e+000
    outer loop
      vertex  8.824013e-002 -7.500000e-001  8.824013e-002
      vertex -9.605263e-002  1.170938e-017  8.824013e-002
      vertex -9.605263e-002 -7.500000e-001  8.824013e-002
    endloop
  endfacet
  facet normal  1.000000e+000  0.000000e+000  0.000000e+000
    outer loop
      vertex  8.824013e-002  1.170938e-017 -9.605263e-002
      vertex  8.824013e-002  2.193969e-017  8.824013e-002
      vertex  8.824013e-002 -7.500000e-001 -9.605263e-002
    endloop
  endfacet
  facet normal  1.000000e+000  0.000000e+000  0.000000e+000
    outer loop
      vertex  8.824013e-002 -7.500000e-001 -9.605263e-002
      vertex  8.824013e-002  2.193969e-017  8.824013e-002
      vertex  8.824013e-002 -7.500000e-001  8.824013e-002
    endloop
  endfacet
endsolid CATIA STL
