solid CATIA STL
  facet normal -5.551115e-017  1.000000e+000 -5.551115e-017
    outer loop
      vertex -3.750000e-001  8.673617e-018 -2.187500e-001
      vertex -3.750000e-001  3.382711e-017  2.343750e-001
      vertex  3.750000e-001  7.546047e-017  2.343750e-001
    endloop
  endfacet
  facet normal -5.551115e-017  1.000000e+000 -5.551115e-017
    outer loop
      vertex -3.750000e-001  8.673617e-018 -2.187500e-001
      vertex  3.750000e-001  7.546047e-017  2.343750e-001
      vertex  3.750000e-001  4.163336e-017 -3.750000e-001
    endloop
  endfacet
  facet normal -5.551115e-017  1.000000e+000 -5.551115e-017
    outer loop
      vertex -3.750000e-001  8.673617e-018 -2.187500e-001
      vertex  3.750000e-001  4.163336e-017 -3.750000e-001
      vertex -2.187500e-001  8.673617e-018 -3.750000e-001
    endloop
  endfacet
  facet normal -5.551112e-017  1.000000e+000 -5.551112e-017
    outer loop
      vertex -3.750000e-001  8.673617e-018 -2.187500e-001
      vertex -2.187500e-001  8.673617e-018 -3.750000e-001
      vertex -2.492329e-001  7.148140e-018 -3.719977e-001
    endloop
  endfacet
  facet normal -5.551117e-017  1.000000e+000 -5.551116e-017
    outer loop
      vertex -3.750000e-001  8.673617e-018 -2.187500e-001
      vertex -2.492329e-001  7.148140e-018 -3.719977e-001
      vertex -2.785443e-001  6.014608e-018 -3.631062e-001
    endloop
  endfacet
  facet normal -5.551122e-017  1.000000e+000 -5.551120e-017
    outer loop
      vertex -3.750000e-001  8.673617e-018 -2.187500e-001
      vertex -2.785443e-001  6.014608e-018 -3.631062e-001
      vertex -3.055578e-001  5.316582e-018 -3.486671e-001
    endloop
  endfacet
  facet normal -5.551110e-017  1.000000e+000 -5.551113e-017
    outer loop
      vertex -3.750000e-001  8.673617e-018 -2.187500e-001
      vertex -3.055578e-001  5.316582e-018 -3.486671e-001
      vertex -3.292354e-001  5.080887e-018 -3.292354e-001
    endloop
  endfacet
  facet normal -5.551124e-017  1.000000e+000 -5.551119e-017
    outer loop
      vertex -3.750000e-001  8.673617e-018 -2.187500e-001
      vertex -3.292354e-001  5.080887e-018 -3.292354e-001
      vertex -3.486671e-001  5.316582e-018 -3.055578e-001
    endloop
  endfacet
  facet normal -5.551100e-017  1.000000e+000 -5.551112e-017
    outer loop
      vertex -3.750000e-001  8.673617e-018 -2.187500e-001
      vertex -3.486671e-001  5.316582e-018 -3.055578e-001
      vertex -3.631062e-001  6.014608e-018 -2.785443e-001
    endloop
  endfacet
  facet normal -5.551095e-017  1.000000e+000 -5.551110e-017
    outer loop
      vertex -3.750000e-001  8.673617e-018 -2.187500e-001
      vertex -3.631062e-001  6.014608e-018 -2.785443e-001
      vertex -3.719977e-001  7.148140e-018 -2.492329e-001
    endloop
  endfacet
  facet normal -1.000000e+000  0.000000e+000  0.000000e+000
    outer loop
      vertex -3.750000e-001 -7.500000e-001 -2.187500e-001
      vertex -3.750000e-001 -7.500000e-001  3.750000e-001
      vertex -3.750000e-001  8.673617e-018 -2.187500e-001
    endloop
  endfacet
  facet normal -9.999999e-001  0.000000e+000  0.000000e+000
    outer loop
      vertex -3.750000e-001  8.673617e-018 -2.187500e-001
      vertex -3.750000e-001 -7.500000e-001  3.750000e-001
      vertex -3.750000e-001 -1.484375e-001  3.750000e-001
    endloop
  endfacet
  facet normal -1.000000e+000  0.000000e+000  0.000000e+000
    outer loop
      vertex -3.750000e-001  8.673617e-018 -2.187500e-001
      vertex -3.750000e-001 -1.484375e-001  3.750000e-001
      vertex -3.750000e-001  3.382711e-017  2.343750e-001
    endloop
  endfacet
  facet normal  0.000000e+000 -1.000000e+000  0.000000e+000
    outer loop
      vertex -3.750000e-001 -7.500000e-001 -2.187500e-001
      vertex -3.719977e-001 -7.500000e-001 -2.492329e-001
      vertex -3.631062e-001 -7.500000e-001 -2.785443e-001
    endloop
  endfacet
  facet normal  0.000000e+000 -1.000000e+000  0.000000e+000
    outer loop
      vertex -3.750000e-001 -7.500000e-001 -2.187500e-001
      vertex -3.631062e-001 -7.500000e-001 -2.785443e-001
      vertex -3.486671e-001 -7.500000e-001 -3.055578e-001
    endloop
  endfacet
  facet normal  0.000000e+000 -1.000000e+000  0.000000e+000
    outer loop
      vertex -3.750000e-001 -7.500000e-001 -2.187500e-001
      vertex -3.486671e-001 -7.500000e-001 -3.055578e-001
      vertex -3.292354e-001 -7.500000e-001 -3.292354e-001
    endloop
  endfacet
  facet normal  0.000000e+000 -1.000000e+000  0.000000e+000
    outer loop
      vertex -3.750000e-001 -7.500000e-001 -2.187500e-001
      vertex -3.292354e-001 -7.500000e-001 -3.292354e-001
      vertex -3.055578e-001 -7.500000e-001 -3.486671e-001
    endloop
  endfacet
  facet normal  0.000000e+000 -1.000000e+000  0.000000e+000
    outer loop
      vertex -3.750000e-001 -7.500000e-001 -2.187500e-001
      vertex -3.055578e-001 -7.500000e-001 -3.486671e-001
      vertex -2.785443e-001 -7.500000e-001 -3.631062e-001
    endloop
  endfacet
  facet normal  0.000000e+000 -1.000000e+000  0.000000e+000
    outer loop
      vertex -3.750000e-001 -7.500000e-001 -2.187500e-001
      vertex -2.785443e-001 -7.500000e-001 -3.631062e-001
      vertex -2.492329e-001 -7.500000e-001 -3.719977e-001
    endloop
  endfacet
  facet normal  0.000000e+000 -1.000000e+000  0.000000e+000
    outer loop
      vertex -3.750000e-001 -7.500000e-001 -2.187500e-001
      vertex -2.492329e-001 -7.500000e-001 -3.719977e-001
      vertex -2.187500e-001 -7.500000e-001 -3.750000e-001
    endloop
  endfacet
  facet normal  0.000000e+000 -1.000000e+000  0.000000e+000
    outer loop
      vertex -3.750000e-001 -7.500000e-001 -2.187500e-001
      vertex -2.187500e-001 -7.500000e-001 -3.750000e-001
      vertex  3.750000e-001 -7.500000e-001 -3.750000e-001
    endloop
  endfacet
  facet normal  0.000000e+000 -1.000000e+000  0.000000e+000
    outer loop
      vertex -3.750000e-001 -7.500000e-001 -2.187500e-001
      vertex  3.750000e-001 -7.500000e-001 -3.750000e-001
      vertex  3.750000e-001 -7.500000e-001  3.750000e-001
    endloop
  endfacet
  facet normal  -0.000000e+000 -1.000000e+000  0.000000e+000
    outer loop
      vertex -3.750000e-001 -7.500000e-001 -2.187500e-001
      vertex  3.750000e-001 -7.500000e-001  3.750000e-001
      vertex -3.750000e-001 -7.500000e-001  3.750000e-001
    endloop
  endfacet
  facet normal  0.000000e+000  0.000000e+000 -1.000000e+000
    outer loop
      vertex -2.187500e-001  8.673617e-018 -3.750000e-001
      vertex  3.750000e-001  4.163336e-017 -3.750000e-001
      vertex -2.187500e-001 -7.500000e-001 -3.750000e-001
    endloop
  endfacet
  facet normal  0.000000e+000  0.000000e+000 -1.000000e+000
    outer loop
      vertex -2.187500e-001 -7.500000e-001 -3.750000e-001
      vertex  3.750000e-001  4.163336e-017 -3.750000e-001
      vertex  3.750000e-001 -7.500000e-001 -3.750000e-001
    endloop
  endfacet
  facet normal -9.801671e-002  0.000000e+000 -9.951848e-001
    outer loop
      vertex -2.187500e-001  8.673617e-018 -3.750000e-001
      vertex -2.187500e-001 -7.500000e-001 -3.750000e-001
      vertex -2.492329e-001  7.148140e-018 -3.719977e-001
    endloop
  endfacet
  facet normal -9.801671e-002  -0.000000e+000 -9.951848e-001
    outer loop
      vertex -2.492329e-001  7.148140e-018 -3.719977e-001
      vertex -2.187500e-001 -7.500000e-001 -3.750000e-001
      vertex -2.492329e-001 -7.500000e-001 -3.719977e-001
    endloop
  endfacet
  facet normal -2.902848e-001  0.000000e+000 -9.569404e-001
    outer loop
      vertex -2.492329e-001  7.148140e-018 -3.719977e-001
      vertex -2.492329e-001 -7.500000e-001 -3.719977e-001
      vertex -2.785443e-001  6.014608e-018 -3.631062e-001
    endloop
  endfacet
  facet normal -2.902848e-001  -0.000000e+000 -9.569404e-001
    outer loop
      vertex -2.785443e-001  6.014608e-018 -3.631062e-001
      vertex -2.492329e-001 -7.500000e-001 -3.719977e-001
      vertex -2.785443e-001 -7.500000e-001 -3.631062e-001
    endloop
  endfacet
  facet normal -4.713973e-001  0.000000e+000 -8.819209e-001
    outer loop
      vertex -2.785443e-001  6.014608e-018 -3.631062e-001
      vertex -2.785443e-001 -7.500000e-001 -3.631062e-001
      vertex -3.055578e-001  5.316582e-018 -3.486671e-001
    endloop
  endfacet
  facet normal -4.713973e-001  -0.000000e+000 -8.819209e-001
    outer loop
      vertex -3.055578e-001  5.316582e-018 -3.486671e-001
      vertex -2.785443e-001 -7.500000e-001 -3.631062e-001
      vertex -3.055578e-001 -7.500000e-001 -3.486671e-001
    endloop
  endfacet
  facet normal -6.343930e-001  0.000000e+000 -7.730107e-001
    outer loop
      vertex -3.055578e-001  5.316582e-018 -3.486671e-001
      vertex -3.055578e-001 -7.500000e-001 -3.486671e-001
      vertex -3.292354e-001  5.080887e-018 -3.292354e-001
    endloop
  endfacet
  facet normal -6.343930e-001  -0.000000e+000 -7.730107e-001
    outer loop
      vertex -3.292354e-001  5.080887e-018 -3.292354e-001
      vertex -3.055578e-001 -7.500000e-001 -3.486671e-001
      vertex -3.292354e-001 -7.500000e-001 -3.292354e-001
    endloop
  endfacet
  facet normal -7.730107e-001  0.000000e+000 -6.343930e-001
    outer loop
      vertex -3.292354e-001  5.080887e-018 -3.292354e-001
      vertex -3.292354e-001 -7.500000e-001 -3.292354e-001
      vertex -3.486671e-001  5.316582e-018 -3.055578e-001
    endloop
  endfacet
  facet normal -7.730107e-001  -0.000000e+000 -6.343930e-001
    outer loop
      vertex -3.486671e-001  5.316582e-018 -3.055578e-001
      vertex -3.292354e-001 -7.500000e-001 -3.292354e-001
      vertex -3.486671e-001 -7.500000e-001 -3.055578e-001
    endloop
  endfacet
  facet normal -8.819209e-001  0.000000e+000 -4.713973e-001
    outer loop
      vertex -3.486671e-001  5.316582e-018 -3.055578e-001
      vertex -3.486671e-001 -7.500000e-001 -3.055578e-001
      vertex -3.631062e-001  6.014608e-018 -2.785443e-001
    endloop
  endfacet
  facet normal -8.819209e-001  -0.000000e+000 -4.713973e-001
    outer loop
      vertex -3.631062e-001  6.014608e-018 -2.785443e-001
      vertex -3.486671e-001 -7.500000e-001 -3.055578e-001
      vertex -3.631062e-001 -7.500000e-001 -2.785443e-001
    endloop
  endfacet
  facet normal -9.569404e-001  0.000000e+000 -2.902848e-001
    outer loop
      vertex -3.631062e-001  6.014608e-018 -2.785443e-001
      vertex -3.631062e-001 -7.500000e-001 -2.785443e-001
      vertex -3.719977e-001  7.148140e-018 -2.492329e-001
    endloop
  endfacet
  facet normal -9.569404e-001  -0.000000e+000 -2.902848e-001
    outer loop
      vertex -3.719977e-001  7.148140e-018 -2.492329e-001
      vertex -3.631062e-001 -7.500000e-001 -2.785443e-001
      vertex -3.719977e-001 -7.500000e-001 -2.492329e-001
    endloop
  endfacet
  facet normal -9.951848e-001  0.000000e+000 -9.801671e-002
    outer loop
      vertex -3.719977e-001  7.148140e-018 -2.492329e-001
      vertex -3.719977e-001 -7.500000e-001 -2.492329e-001
      vertex -3.750000e-001  8.673617e-018 -2.187500e-001
    endloop
  endfacet
  facet normal -9.951848e-001  -0.000000e+000 -9.801671e-002
    outer loop
      vertex -3.750000e-001  8.673617e-018 -2.187500e-001
      vertex -3.719977e-001 -7.500000e-001 -2.492329e-001
      vertex -3.750000e-001 -7.500000e-001 -2.187500e-001
    endloop
  endfacet
  facet normal  -0.000000e+000  0.000000e+000  1.000000e+000
    outer loop
      vertex  3.750000e-001 -1.484375e-001  3.750000e-001
      vertex -3.750000e-001 -1.484375e-001  3.750000e-001
      vertex  3.750000e-001 -7.500000e-001  3.750000e-001
    endloop
  endfacet
  facet normal  0.000000e+000  0.000000e+000  1.000000e+000
    outer loop
      vertex  3.750000e-001 -7.500000e-001  3.750000e-001
      vertex -3.750000e-001 -1.484375e-001  3.750000e-001
      vertex -3.750000e-001 -7.500000e-001  3.750000e-001
    endloop
  endfacet
  facet normal  1.000000e+000  0.000000e+000  0.000000e+000
    outer loop
      vertex  3.750000e-001 -7.500000e-001  3.750000e-001
      vertex  3.750000e-001 -7.500000e-001 -3.750000e-001
      vertex  3.750000e-001 -1.484375e-001  3.750000e-001
    endloop
  endfacet
  facet normal  1.000000e+000  0.000000e+000  0.000000e+000
    outer loop
      vertex  3.750000e-001 -1.484375e-001  3.750000e-001
      vertex  3.750000e-001 -7.500000e-001 -3.750000e-001
      vertex  3.750000e-001  4.163336e-017 -3.750000e-001
    endloop
  endfacet
  facet normal  9.999999e-001  0.000000e+000  -0.000000e+000
    outer loop
      vertex  3.750000e-001 -1.484375e-001  3.750000e-001
      vertex  3.750000e-001  4.163336e-017 -3.750000e-001
      vertex  3.750000e-001  7.546047e-017  2.343750e-001
    endloop
  endfacet
  facet normal  0.000000e+000  6.877446e-001  7.259526e-001
    outer loop
      vertex  3.750000e-001 -1.484375e-001  3.750000e-001
      vertex  3.750000e-001  7.546047e-017  2.343750e-001
      vertex -3.750000e-001 -1.484375e-001  3.750000e-001
    endloop
  endfacet
  facet normal  0.000000e+000  6.877446e-001  7.259526e-001
    outer loop
      vertex -3.750000e-001 -1.484375e-001  3.750000e-001
      vertex  3.750000e-001  7.546047e-017  2.343750e-001
      vertex -3.750000e-001  3.382711e-017  2.343750e-001
    endloop
  endfacet
endsolid CATIA STL
