solid CATIA STL
  facet normal  1.000000e+000  0.000000e+000  0.000000e+000
    outer loop
      vertex -1.250000e-001 -7.500000e-001  1.250000e-001
      vertex -1.250000e-001 -7.500000e-001 -1.093750e-001
      vertex -1.250000e-001  0.000000e+000  1.250000e-001
    endloop
  endfacet
  facet normal  1.000000e+000  0.000000e+000  0.000000e+000
    outer loop
      vertex -1.250000e-001  0.000000e+000  1.250000e-001
      vertex -1.250000e-001 -7.500000e-001 -1.093750e-001
      vertex -1.250000e-001  2.862294e-017 -1.093750e-001
    endloop
  endfacet
  facet normal  0.000000e+000  0.000000e+000  1.000000e+000
    outer loop
      vertex -1.093750e-001 -7.500000e-001 -1.250000e-001
      vertex  1.250000e-001 -7.500000e-001 -1.250000e-001
      vertex -1.093750e-001  2.862294e-017 -1.250000e-001
    endloop
  endfacet
  facet normal  0.000000e+000  0.000000e+000  1.000000e+000
    outer loop
      vertex -1.093750e-001  2.862294e-017 -1.250000e-001
      vertex  1.250000e-001 -7.500000e-001 -1.250000e-001
      vertex  1.250000e-001  0.000000e+000 -1.250000e-001
    endloop
  endfacet
  facet normal  0.000000e+000 -1.000000e+000  0.000000e+000
    outer loop
      vertex -3.750000e-001 -7.500000e-001  3.750000e-001
      vertex -3.750000e-001 -7.500000e-001 -3.750000e-001
      vertex -1.246998e-001 -7.500000e-001 -1.124233e-001
    endloop
  endfacet
  facet normal  0.000000e+000 -9.999999e-001  0.000000e+000
    outer loop
      vertex -3.750000e-001 -7.500000e-001  3.750000e-001
      vertex -1.246998e-001 -7.500000e-001 -1.124233e-001
      vertex -1.250000e-001 -7.500000e-001 -1.093750e-001
    endloop
  endfacet
  facet normal  0.000000e+000 -1.000000e+000  0.000000e+000
    outer loop
      vertex -3.750000e-001 -7.500000e-001  3.750000e-001
      vertex -1.250000e-001 -7.500000e-001 -1.093750e-001
      vertex -1.250000e-001 -7.500000e-001  1.250000e-001
    endloop
  endfacet
  facet normal  0.000000e+000 -1.000000e+000  0.000000e+000
    outer loop
      vertex -3.750000e-001 -7.500000e-001  3.750000e-001
      vertex -1.250000e-001 -7.500000e-001  1.250000e-001
      vertex  1.250000e-001 -7.500000e-001  1.250000e-001
    endloop
  endfacet
  facet normal  0.000000e+000 -1.000000e+000  0.000000e+000
    outer loop
      vertex -3.750000e-001 -7.500000e-001  3.750000e-001
      vertex  1.250000e-001 -7.500000e-001  1.250000e-001
      vertex  3.750000e-001 -7.500000e-001  3.750000e-001
    endloop
  endfacet
  facet normal  0.000000e+000 -1.000000e+000  0.000000e+000
    outer loop
      vertex -3.750000e-001 -7.500000e-001 -3.750000e-001
      vertex  3.750000e-001 -7.500000e-001 -3.750000e-001
      vertex  1.250000e-001 -7.500000e-001 -1.250000e-001
    endloop
  endfacet
  facet normal  -0.000000e+000 -1.000000e+000  0.000000e+000
    outer loop
      vertex -3.750000e-001 -7.500000e-001 -3.750000e-001
      vertex  1.250000e-001 -7.500000e-001 -1.250000e-001
      vertex -1.093750e-001 -7.500000e-001 -1.250000e-001
    endloop
  endfacet
  facet normal  -0.000000e+000 -1.000000e+000  0.000000e+000
    outer loop
      vertex -3.750000e-001 -7.500000e-001 -3.750000e-001
      vertex -1.093750e-001 -7.500000e-001 -1.250000e-001
      vertex -1.124233e-001 -7.500000e-001 -1.246998e-001
    endloop
  endfacet
  facet normal  -0.000000e+000 -9.999999e-001  0.000000e+000
    outer loop
      vertex -3.750000e-001 -7.500000e-001 -3.750000e-001
      vertex -1.124233e-001 -7.500000e-001 -1.246998e-001
      vertex -1.153544e-001 -7.500000e-001 -1.238106e-001
    endloop
  endfacet
  facet normal  -0.000000e+000 -1.000000e+000  0.000000e+000
    outer loop
      vertex -3.750000e-001 -7.500000e-001 -3.750000e-001
      vertex -1.153544e-001 -7.500000e-001 -1.238106e-001
      vertex -1.180558e-001 -7.500000e-001 -1.223667e-001
    endloop
  endfacet
  facet normal  -0.000000e+000 -1.000000e+000  0.000000e+000
    outer loop
      vertex -3.750000e-001 -7.500000e-001 -3.750000e-001
      vertex -1.180558e-001 -7.500000e-001 -1.223667e-001
      vertex -1.204235e-001 -7.500000e-001 -1.204235e-001
    endloop
  endfacet
  facet normal  -0.000000e+000 -1.000000e+000  0.000000e+000
    outer loop
      vertex -3.750000e-001 -7.500000e-001 -3.750000e-001
      vertex -1.204235e-001 -7.500000e-001 -1.204235e-001
      vertex -1.223667e-001 -7.500000e-001 -1.180558e-001
    endloop
  endfacet
  facet normal  -0.000000e+000 -1.000000e+000  0.000000e+000
    outer loop
      vertex -3.750000e-001 -7.500000e-001 -3.750000e-001
      vertex -1.223667e-001 -7.500000e-001 -1.180558e-001
      vertex -1.238106e-001 -7.500000e-001 -1.153544e-001
    endloop
  endfacet
  facet normal  -0.000000e+000 -9.999999e-001  0.000000e+000
    outer loop
      vertex -3.750000e-001 -7.500000e-001 -3.750000e-001
      vertex -1.238106e-001 -7.500000e-001 -1.153544e-001
      vertex -1.246998e-001 -7.500000e-001 -1.124233e-001
    endloop
  endfacet
  facet normal  0.000000e+000 -1.000000e+000  0.000000e+000
    outer loop
      vertex  1.250000e-001 -7.500000e-001  1.250000e-001
      vertex  1.250000e-001 -7.500000e-001 -1.250000e-001
      vertex  3.750000e-001 -7.500000e-001  3.750000e-001
    endloop
  endfacet
  facet normal  0.000000e+000 -1.000000e+000  -0.000000e+000
    outer loop
      vertex  3.750000e-001 -7.500000e-001  3.750000e-001
      vertex  1.250000e-001 -7.500000e-001 -1.250000e-001
      vertex  3.750000e-001 -7.500000e-001 -3.750000e-001
    endloop
  endfacet
  facet normal -5.551115e-017  1.000000e+000 -2.775558e-016
    outer loop
      vertex -3.750000e-001  4.163336e-017  3.750000e-001
      vertex  3.750000e-001  8.326673e-017  3.750000e-001
      vertex  1.250000e-001  0.000000e+000  1.250000e-001
    endloop
  endfacet
  facet normal  0.000000e+000  1.000000e+000 -1.665335e-016
    outer loop
      vertex -3.750000e-001  4.163336e-017  3.750000e-001
      vertex  1.250000e-001  0.000000e+000  1.250000e-001
      vertex -1.250000e-001  0.000000e+000  1.250000e-001
    endloop
  endfacet
  facet normal  2.886580e-016  1.000000e+000  1.221245e-016
    outer loop
      vertex -3.750000e-001  4.163336e-017  3.750000e-001
      vertex -1.250000e-001  0.000000e+000  1.250000e-001
      vertex -1.250000e-001  2.862294e-017 -1.093750e-001
    endloop
  endfacet
  facet normal -5.551180e-017  9.999999e-001 -5.551148e-017
    outer loop
      vertex -3.750000e-001  4.163336e-017  3.750000e-001
      vertex -1.250000e-001  2.862294e-017 -1.093750e-001
      vertex -1.246998e-001  2.847039e-017 -1.124233e-001
    endloop
  endfacet
  facet normal -5.551115e-017  1.000000e+000 -5.551115e-017
    outer loop
      vertex -3.750000e-001  4.163336e-017  3.750000e-001
      vertex -1.246998e-001  2.847039e-017 -1.124233e-001
      vertex -3.750000e-001  0.000000e+000 -3.750000e-001
    endloop
  endfacet
  facet normal -5.551104e-017  9.999999e-001 -5.551126e-017
    outer loop
      vertex -3.750000e-001  0.000000e+000 -3.750000e-001
      vertex -1.246998e-001  2.847039e-017 -1.124233e-001
      vertex -1.238106e-001  2.835704e-017 -1.153544e-001
    endloop
  endfacet
  facet normal -5.551155e-017  1.000000e+000 -5.551075e-017
    outer loop
      vertex -3.750000e-001  0.000000e+000 -3.750000e-001
      vertex -1.238106e-001  2.835704e-017 -1.153544e-001
      vertex -1.223667e-001  2.828723e-017 -1.180558e-001
    endloop
  endfacet
  facet normal -5.551067e-017  1.000000e+000 -5.551163e-017
    outer loop
      vertex -3.750000e-001  0.000000e+000 -3.750000e-001
      vertex -1.223667e-001  2.828723e-017 -1.180558e-001
      vertex -1.204235e-001  2.826366e-017 -1.204235e-001
    endloop
  endfacet
  facet normal -5.551163e-017  1.000000e+000 -5.551067e-017
    outer loop
      vertex -3.750000e-001  0.000000e+000 -3.750000e-001
      vertex -1.204235e-001  2.826366e-017 -1.204235e-001
      vertex -1.180558e-001  2.828723e-017 -1.223667e-001
    endloop
  endfacet
  facet normal -5.551076e-017  1.000000e+000 -5.551156e-017
    outer loop
      vertex -3.750000e-001  0.000000e+000 -3.750000e-001
      vertex -1.180558e-001  2.828723e-017 -1.223667e-001
      vertex -1.153544e-001  2.835704e-017 -1.238106e-001
    endloop
  endfacet
  facet normal -5.551126e-017  9.999999e-001 -5.551104e-017
    outer loop
      vertex -3.750000e-001  0.000000e+000 -3.750000e-001
      vertex -1.153544e-001  2.835704e-017 -1.238106e-001
      vertex -1.124233e-001  2.847039e-017 -1.246998e-001
    endloop
  endfacet
  facet normal -5.551140e-017  1.000000e+000 -5.551089e-017
    outer loop
      vertex -3.750000e-001  0.000000e+000 -3.750000e-001
      vertex -1.124233e-001  2.847039e-017 -1.246998e-001
      vertex -1.093750e-001  2.862294e-017 -1.250000e-001
    endloop
  endfacet
  facet normal  1.221245e-016  1.000000e+000 -2.442491e-016
    outer loop
      vertex -3.750000e-001  0.000000e+000 -3.750000e-001
      vertex -1.093750e-001  2.862294e-017 -1.250000e-001
      vertex  1.250000e-001  0.000000e+000 -1.250000e-001
    endloop
  endfacet
  facet normal -5.551115e-017  1.000000e+000  1.110223e-016
    outer loop
      vertex -3.750000e-001  0.000000e+000 -3.750000e-001
      vertex  1.250000e-001  0.000000e+000 -1.250000e-001
      vertex  3.750000e-001  4.163336e-017 -3.750000e-001
    endloop
  endfacet
  facet normal -3.330669e-016  1.000000e+000  0.000000e+000
    outer loop
      vertex  1.250000e-001  0.000000e+000  1.250000e-001
      vertex  3.750000e-001  8.326673e-017  3.750000e-001
      vertex  1.250000e-001  0.000000e+000 -1.250000e-001
    endloop
  endfacet
  facet normal -2.220446e-016  1.000000e+000 -5.551115e-017
    outer loop
      vertex  1.250000e-001  0.000000e+000 -1.250000e-001
      vertex  3.750000e-001  8.326673e-017  3.750000e-001
      vertex  3.750000e-001  4.163336e-017 -3.750000e-001
    endloop
  endfacet
  facet normal  7.730100e-001  0.000000e+000  6.343939e-001
    outer loop
      vertex -1.204235e-001 -7.500000e-001 -1.204235e-001
      vertex -1.223667e-001  2.828723e-017 -1.180558e-001
      vertex -1.223667e-001 -7.500000e-001 -1.180558e-001
    endloop
  endfacet
  facet normal  8.819210e-001  -0.000000e+000  4.713973e-001
    outer loop
      vertex -1.223667e-001 -7.500000e-001 -1.180558e-001
      vertex -1.223667e-001  2.828723e-017 -1.180558e-001
      vertex -1.238106e-001  2.835704e-017 -1.153544e-001
    endloop
  endfacet
  facet normal  8.819210e-001  0.000000e+000  4.713973e-001
    outer loop
      vertex -1.223667e-001 -7.500000e-001 -1.180558e-001
      vertex -1.238106e-001  2.835704e-017 -1.153544e-001
      vertex -1.238106e-001 -7.500000e-001 -1.153544e-001
    endloop
  endfacet
  facet normal  9.569404e-001  -0.000000e+000  2.902849e-001
    outer loop
      vertex -1.238106e-001 -7.500000e-001 -1.153544e-001
      vertex -1.238106e-001  2.835704e-017 -1.153544e-001
      vertex -1.246998e-001  2.847039e-017 -1.124233e-001
    endloop
  endfacet
  facet normal  9.569404e-001  0.000000e+000  2.902849e-001
    outer loop
      vertex -1.238106e-001 -7.500000e-001 -1.153544e-001
      vertex -1.246998e-001  2.847039e-017 -1.124233e-001
      vertex -1.246998e-001 -7.500000e-001 -1.124233e-001
    endloop
  endfacet
  facet normal  9.951847e-001  -0.000000e+000  9.801669e-002
    outer loop
      vertex -1.246998e-001 -7.500000e-001 -1.124233e-001
      vertex -1.246998e-001  2.847039e-017 -1.124233e-001
      vertex -1.250000e-001  2.862294e-017 -1.093750e-001
    endloop
  endfacet
  facet normal  9.951847e-001  0.000000e+000  9.801669e-002
    outer loop
      vertex -1.246998e-001 -7.500000e-001 -1.124233e-001
      vertex -1.250000e-001  2.862294e-017 -1.093750e-001
      vertex -1.250000e-001 -7.500000e-001 -1.093750e-001
    endloop
  endfacet
  facet normal  7.730100e-001  -0.000000e+000  6.343939e-001
    outer loop
      vertex -1.223667e-001  2.828723e-017 -1.180558e-001
      vertex -1.204235e-001 -7.500000e-001 -1.204235e-001
      vertex -1.204235e-001  2.826366e-017 -1.204235e-001
    endloop
  endfacet
  facet normal  6.343939e-001  0.000000e+000  7.730100e-001
    outer loop
      vertex -1.204235e-001  2.826366e-017 -1.204235e-001
      vertex -1.204235e-001 -7.500000e-001 -1.204235e-001
      vertex -1.180558e-001 -7.500000e-001 -1.223667e-001
    endloop
  endfacet
  facet normal  6.343939e-001  -0.000000e+000  7.730100e-001
    outer loop
      vertex -1.204235e-001  2.826366e-017 -1.204235e-001
      vertex -1.180558e-001 -7.500000e-001 -1.223667e-001
      vertex -1.180558e-001  2.828723e-017 -1.223667e-001
    endloop
  endfacet
  facet normal  4.713973e-001  0.000000e+000  8.819210e-001
    outer loop
      vertex -1.180558e-001  2.828723e-017 -1.223667e-001
      vertex -1.180558e-001 -7.500000e-001 -1.223667e-001
      vertex -1.153544e-001 -7.500000e-001 -1.238106e-001
    endloop
  endfacet
  facet normal  4.713973e-001  -0.000000e+000  8.819210e-001
    outer loop
      vertex -1.180558e-001  2.828723e-017 -1.223667e-001
      vertex -1.153544e-001 -7.500000e-001 -1.238106e-001
      vertex -1.153544e-001  2.835704e-017 -1.238106e-001
    endloop
  endfacet
  facet normal  2.902849e-001  0.000000e+000  9.569404e-001
    outer loop
      vertex -1.153544e-001  2.835704e-017 -1.238106e-001
      vertex -1.153544e-001 -7.500000e-001 -1.238106e-001
      vertex -1.124233e-001 -7.500000e-001 -1.246998e-001
    endloop
  endfacet
  facet normal  2.902849e-001  -0.000000e+000  9.569404e-001
    outer loop
      vertex -1.153544e-001  2.835704e-017 -1.238106e-001
      vertex -1.124233e-001 -7.500000e-001 -1.246998e-001
      vertex -1.124233e-001  2.847039e-017 -1.246998e-001
    endloop
  endfacet
  facet normal  9.801669e-002  0.000000e+000  9.951847e-001
    outer loop
      vertex -1.124233e-001  2.847039e-017 -1.246998e-001
      vertex -1.124233e-001 -7.500000e-001 -1.246998e-001
      vertex -1.093750e-001 -7.500000e-001 -1.250000e-001
    endloop
  endfacet
  facet normal  9.801669e-002  -0.000000e+000  9.951847e-001
    outer loop
      vertex -1.124233e-001  2.847039e-017 -1.246998e-001
      vertex -1.093750e-001 -7.500000e-001 -1.250000e-001
      vertex -1.093750e-001  2.862294e-017 -1.250000e-001
    endloop
  endfacet
  facet normal  0.000000e+000  0.000000e+000 -1.000000e+000
    outer loop
      vertex  1.250000e-001 -7.500000e-001  1.250000e-001
      vertex -1.250000e-001 -7.500000e-001  1.250000e-001
      vertex  1.250000e-001  0.000000e+000  1.250000e-001
    endloop
  endfacet
  facet normal  -0.000000e+000  0.000000e+000 -1.000000e+000
    outer loop
      vertex  1.250000e-001  0.000000e+000  1.250000e-001
      vertex -1.250000e-001 -7.500000e-001  1.250000e-001
      vertex -1.250000e-001  0.000000e+000  1.250000e-001
    endloop
  endfacet
  facet normal -1.000000e+000  0.000000e+000  0.000000e+000
    outer loop
      vertex  1.250000e-001 -7.500000e-001 -1.250000e-001
      vertex  1.250000e-001 -7.500000e-001  1.250000e-001
      vertex  1.250000e-001  0.000000e+000 -1.250000e-001
    endloop
  endfacet
  facet normal -1.000000e+000  0.000000e+000  0.000000e+000
    outer loop
      vertex  1.250000e-001  0.000000e+000 -1.250000e-001
      vertex  1.250000e-001 -7.500000e-001  1.250000e-001
      vertex  1.250000e-001  0.000000e+000  1.250000e-001
    endloop
  endfacet
  facet normal -1.000000e+000  0.000000e+000  0.000000e+000
    outer loop
      vertex -3.750000e-001  4.163336e-017  3.750000e-001
      vertex -3.750000e-001  0.000000e+000 -3.750000e-001
      vertex -3.750000e-001 -7.500000e-001  3.750000e-001
    endloop
  endfacet
  facet normal -1.000000e+000  0.000000e+000  0.000000e+000
    outer loop
      vertex -3.750000e-001 -7.500000e-001  3.750000e-001
      vertex -3.750000e-001  0.000000e+000 -3.750000e-001
      vertex -3.750000e-001 -7.500000e-001 -3.750000e-001
    endloop
  endfacet
  facet normal  -0.000000e+000  0.000000e+000  1.000000e+000
    outer loop
      vertex  3.750000e-001  8.326673e-017  3.750000e-001
      vertex -3.750000e-001  4.163336e-017  3.750000e-001
      vertex  3.750000e-001 -7.500000e-001  3.750000e-001
    endloop
  endfacet
  facet normal  0.000000e+000  0.000000e+000  1.000000e+000
    outer loop
      vertex  3.750000e-001 -7.500000e-001  3.750000e-001
      vertex -3.750000e-001  4.163336e-017  3.750000e-001
      vertex -3.750000e-001 -7.500000e-001  3.750000e-001
    endloop
  endfacet
  facet normal  1.000000e+000  0.000000e+000  0.000000e+000
    outer loop
      vertex  3.750000e-001  4.163336e-017 -3.750000e-001
      vertex  3.750000e-001  8.326673e-017  3.750000e-001
      vertex  3.750000e-001 -7.500000e-001 -3.750000e-001
    endloop
  endfacet
  facet normal  1.000000e+000  0.000000e+000  0.000000e+000
    outer loop
      vertex  3.750000e-001 -7.500000e-001 -3.750000e-001
      vertex  3.750000e-001  8.326673e-017  3.750000e-001
      vertex  3.750000e-001 -7.500000e-001  3.750000e-001
    endloop
  endfacet
  facet normal  0.000000e+000  0.000000e+000 -1.000000e+000
    outer loop
      vertex -3.750000e-001  0.000000e+000 -3.750000e-001
      vertex  3.750000e-001  4.163336e-017 -3.750000e-001
      vertex -3.750000e-001 -7.500000e-001 -3.750000e-001
    endloop
  endfacet
  facet normal  0.000000e+000  0.000000e+000 -1.000000e+000
    outer loop
      vertex -3.750000e-001 -7.500000e-001 -3.750000e-001
      vertex  3.750000e-001  4.163336e-017 -3.750000e-001
      vertex  3.750000e-001 -7.500000e-001 -3.750000e-001
    endloop
  endfacet
endsolid CATIA STL
