solid CATIA STL
  facet normal  1.000000e+000  -0.000000e+000  0.000000e+000
    outer loop
      vertex  7.500000e-001  2.406940e-017  3.930832e-001
      vertex  7.500000e-001  6.218910e-018  1.015625e-001
      vertex  7.500000e-001  1.951495e-003  8.174864e-002
    endloop
  endfacet
  facet normal  9.999999e-001  -0.000000e+000  -0.000000e+000
    outer loop
      vertex  7.500000e-001  2.406940e-017  3.930832e-001
      vertex  7.500000e-001  1.951495e-003  8.174864e-002
      vertex  7.500000e-001  7.730985e-003  6.269621e-002
    endloop
  endfacet
  facet normal  1.000000e+000  -0.000000e+000  -0.000000e+000
    outer loop
      vertex  7.500000e-001  2.406940e-017  3.930832e-001
      vertex  7.500000e-001  7.730985e-003  6.269621e-002
      vertex  7.500000e-001  1.711637e-002  4.513740e-002
    endloop
  endfacet
  facet normal  1.000000e+000  -0.000000e+000  -0.000000e+000
    outer loop
      vertex  7.500000e-001  2.406940e-017  3.930832e-001
      vertex  7.500000e-001  1.711637e-002  4.513740e-002
      vertex  7.500000e-001  2.974697e-002  2.974697e-002
    endloop
  endfacet
  facet normal  9.999999e-001  -0.000000e+000  -0.000000e+000
    outer loop
      vertex  7.500000e-001  2.406940e-017  3.930832e-001
      vertex  7.500000e-001  2.974697e-002  2.974697e-002
      vertex  7.500000e-001  4.513740e-002  1.711637e-002
    endloop
  endfacet
  facet normal  1.000000e+000  -0.000000e+000  -0.000000e+000
    outer loop
      vertex  7.500000e-001  2.406940e-017  3.930832e-001
      vertex  7.500000e-001  4.513740e-002  1.711637e-002
      vertex  7.500000e-001  6.269621e-002  7.730985e-003
    endloop
  endfacet
  facet normal  1.000000e+000  -0.000000e+000  -0.000000e+000
    outer loop
      vertex  7.500000e-001  2.406940e-017  3.930832e-001
      vertex  7.500000e-001  6.269621e-002  7.730985e-003
      vertex  7.500000e-001  8.174864e-002  1.951495e-003
    endloop
  endfacet
  facet normal  1.000000e+000  -0.000000e+000  -0.000000e+000
    outer loop
      vertex  7.500000e-001  2.406940e-017  3.930832e-001
      vertex  7.500000e-001  8.174864e-002  1.951495e-003
      vertex  7.500000e-001  1.015625e-001 -6.218910e-018
    endloop
  endfacet
  facet normal  1.000000e+000  -0.000000e+000  -0.000000e+000
    outer loop
      vertex  7.500000e-001  2.406940e-017  3.930832e-001
      vertex  7.500000e-001  1.015625e-001 -6.218910e-018
      vertex  7.500000e-001  4.445583e-001 -2.722135e-017
    endloop
  endfacet
  facet normal -1.000000e+000  0.000000e+000  0.000000e+000
    outer loop
      vertex  0.000000e+000  2.406940e-017  3.930832e-001
      vertex  0.000000e+000  4.445583e-001 -2.722135e-017
      vertex  0.000000e+000  1.015625e-001 -6.218910e-018
    endloop
  endfacet
  facet normal -1.000000e+000  0.000000e+000  0.000000e+000
    outer loop
      vertex  0.000000e+000  2.406940e-017  3.930832e-001
      vertex  0.000000e+000  1.015625e-001 -6.218910e-018
      vertex  0.000000e+000  8.174864e-002  1.951495e-003
    endloop
  endfacet
  facet normal -1.000000e+000  0.000000e+000  0.000000e+000
    outer loop
      vertex  0.000000e+000  2.406940e-017  3.930832e-001
      vertex  0.000000e+000  8.174864e-002  1.951495e-003
      vertex  0.000000e+000  6.269621e-002  7.730985e-003
    endloop
  endfacet
  facet normal -1.000000e+000  0.000000e+000  0.000000e+000
    outer loop
      vertex  0.000000e+000  2.406940e-017  3.930832e-001
      vertex  0.000000e+000  6.269621e-002  7.730985e-003
      vertex  0.000000e+000  4.513740e-002  1.711637e-002
    endloop
  endfacet
  facet normal -9.999999e-001  0.000000e+000  0.000000e+000
    outer loop
      vertex  0.000000e+000  2.406940e-017  3.930832e-001
      vertex  0.000000e+000  4.513740e-002  1.711637e-002
      vertex  0.000000e+000  2.974697e-002  2.974697e-002
    endloop
  endfacet
  facet normal -1.000000e+000  0.000000e+000  0.000000e+000
    outer loop
      vertex  0.000000e+000  2.406940e-017  3.930832e-001
      vertex  0.000000e+000  2.974697e-002  2.974697e-002
      vertex  0.000000e+000  1.711637e-002  4.513740e-002
    endloop
  endfacet
  facet normal -1.000000e+000  0.000000e+000  0.000000e+000
    outer loop
      vertex  0.000000e+000  2.406940e-017  3.930832e-001
      vertex  0.000000e+000  1.711637e-002  4.513740e-002
      vertex  0.000000e+000  7.730985e-003  6.269621e-002
    endloop
  endfacet
  facet normal -9.999999e-001  0.000000e+000  0.000000e+000
    outer loop
      vertex  0.000000e+000  2.406940e-017  3.930832e-001
      vertex  0.000000e+000  7.730985e-003  6.269621e-002
      vertex  0.000000e+000  1.951495e-003  8.174864e-002
    endloop
  endfacet
  facet normal -1.000000e+000  0.000000e+000  0.000000e+000
    outer loop
      vertex  0.000000e+000  2.406940e-017  3.930832e-001
      vertex  0.000000e+000  1.951495e-003  8.174864e-002
      vertex  0.000000e+000  6.218910e-018  1.015625e-001
    endloop
  endfacet
  facet normal -7.613039e-016 -1.000000e+000  6.123234e-017
    outer loop
      vertex  7.500000e-001  6.218910e-018  1.015625e-001
      vertex  7.500000e-001  2.406940e-017  3.930832e-001
      vertex  7.108042e-001  5.551115e-017  4.192434e-001
    endloop
  endfacet
  facet normal  0.000000e+000 -1.000000e+000  1.551628e-016
    outer loop
      vertex  7.500000e-001  6.218910e-018  1.015625e-001
      vertex  7.108042e-001  5.551115e-017  4.192434e-001
      vertex  0.000000e+000  6.218910e-018  1.015625e-001
    endloop
  endfacet
  facet normal -7.232229e-017 -1.000000e+000  3.169823e-016
    outer loop
      vertex  0.000000e+000  6.218910e-018  1.015625e-001
      vertex  7.108042e-001  5.551115e-017  4.192434e-001
      vertex  3.919577e-002  1.040834e-016  4.192434e-001
    endloop
  endfacet
  facet normal  2.000526e-015 -9.999999e-001  6.123234e-017
    outer loop
      vertex  0.000000e+000  6.218910e-018  1.015625e-001
      vertex  3.919577e-002  1.040834e-016  4.192434e-001
      vertex  0.000000e+000  2.406940e-017  3.930832e-001
    endloop
  endfacet
  facet normal -2.269968e-016 -6.123234e-017 -1.000000e+000
    outer loop
      vertex  0.000000e+000  1.015625e-001 -6.218910e-018
      vertex  0.000000e+000  4.445583e-001 -2.722135e-017
      vertex  5.274942e-002  4.843750e-001 -4.163336e-017
    endloop
  endfacet
  facet normal  0.000000e+000 -9.251122e-017 -1.000000e+000
    outer loop
      vertex  0.000000e+000  1.015625e-001 -6.218910e-018
      vertex  5.274942e-002  4.843750e-001 -4.163336e-017
      vertex  7.500000e-001  1.015625e-001 -6.218910e-018
    endloop
  endfacet
  facet normal  0.000000e+000 -9.251122e-017 -9.999999e-001
    outer loop
      vertex  7.500000e-001  1.015625e-001 -6.218910e-018
      vertex  5.274942e-002  4.843750e-001 -4.163336e-017
      vertex  6.972506e-001  4.843750e-001 -4.163336e-017
    endloop
  endfacet
  facet normal  2.269969e-016 -6.123235e-017 -1.000000e+000
    outer loop
      vertex  7.500000e-001  1.015625e-001 -6.218910e-018
      vertex  6.972506e-001  4.843750e-001 -4.163336e-017
      vertex  7.500000e-001  4.445583e-001 -2.722135e-017
    endloop
  endfacet
  facet normal  -0.000000e+000 -9.801715e-002 -9.951847e-001
    outer loop
      vertex  0.000000e+000  1.015625e-001 -6.218910e-018
      vertex  7.500000e-001  1.015625e-001 -6.218910e-018
      vertex  0.000000e+000  8.174864e-002  1.951495e-003
    endloop
  endfacet
  facet normal  0.000000e+000 -9.801715e-002 -9.951847e-001
    outer loop
      vertex  0.000000e+000  8.174864e-002  1.951495e-003
      vertex  7.500000e-001  1.015625e-001 -6.218910e-018
      vertex  7.500000e-001  8.174864e-002  1.951495e-003
    endloop
  endfacet
  facet normal  -0.000000e+000 -2.902846e-001 -9.569404e-001
    outer loop
      vertex  0.000000e+000  8.174864e-002  1.951495e-003
      vertex  7.500000e-001  8.174864e-002  1.951495e-003
      vertex  0.000000e+000  6.269621e-002  7.730985e-003
    endloop
  endfacet
  facet normal  0.000000e+000 -2.902846e-001 -9.569404e-001
    outer loop
      vertex  0.000000e+000  6.269621e-002  7.730985e-003
      vertex  7.500000e-001  8.174864e-002  1.951495e-003
      vertex  7.500000e-001  6.269621e-002  7.730985e-003
    endloop
  endfacet
  facet normal  -0.000000e+000 -4.713968e-001 -8.819212e-001
    outer loop
      vertex  0.000000e+000  6.269621e-002  7.730985e-003
      vertex  7.500000e-001  6.269621e-002  7.730985e-003
      vertex  0.000000e+000  4.513740e-002  1.711637e-002
    endloop
  endfacet
  facet normal  0.000000e+000 -4.713968e-001 -8.819212e-001
    outer loop
      vertex  0.000000e+000  4.513740e-002  1.711637e-002
      vertex  7.500000e-001  6.269621e-002  7.730985e-003
      vertex  7.500000e-001  4.513740e-002  1.711637e-002
    endloop
  endfacet
  facet normal  -0.000000e+000 -6.343933e-001 -7.730104e-001
    outer loop
      vertex  0.000000e+000  4.513740e-002  1.711637e-002
      vertex  7.500000e-001  4.513740e-002  1.711637e-002
      vertex  0.000000e+000  2.974697e-002  2.974697e-002
    endloop
  endfacet
  facet normal  0.000000e+000 -6.343933e-001 -7.730104e-001
    outer loop
      vertex  0.000000e+000  2.974697e-002  2.974697e-002
      vertex  7.500000e-001  4.513740e-002  1.711637e-002
      vertex  7.500000e-001  2.974697e-002  2.974697e-002
    endloop
  endfacet
  facet normal  -0.000000e+000 -7.730104e-001 -6.343933e-001
    outer loop
      vertex  0.000000e+000  2.974697e-002  2.974697e-002
      vertex  7.500000e-001  2.974697e-002  2.974697e-002
      vertex  0.000000e+000  1.711637e-002  4.513740e-002
    endloop
  endfacet
  facet normal  0.000000e+000 -7.730104e-001 -6.343933e-001
    outer loop
      vertex  0.000000e+000  1.711637e-002  4.513740e-002
      vertex  7.500000e-001  2.974697e-002  2.974697e-002
      vertex  7.500000e-001  1.711637e-002  4.513740e-002
    endloop
  endfacet
  facet normal  -0.000000e+000 -8.819212e-001 -4.713968e-001
    outer loop
      vertex  0.000000e+000  1.711637e-002  4.513740e-002
      vertex  7.500000e-001  1.711637e-002  4.513740e-002
      vertex  0.000000e+000  7.730985e-003  6.269621e-002
    endloop
  endfacet
  facet normal  0.000000e+000 -8.819212e-001 -4.713968e-001
    outer loop
      vertex  0.000000e+000  7.730985e-003  6.269621e-002
      vertex  7.500000e-001  1.711637e-002  4.513740e-002
      vertex  7.500000e-001  7.730985e-003  6.269621e-002
    endloop
  endfacet
  facet normal  -0.000000e+000 -9.569404e-001 -2.902846e-001
    outer loop
      vertex  0.000000e+000  7.730985e-003  6.269621e-002
      vertex  7.500000e-001  7.730985e-003  6.269621e-002
      vertex  0.000000e+000  1.951495e-003  8.174864e-002
    endloop
  endfacet
  facet normal  0.000000e+000 -9.569404e-001 -2.902846e-001
    outer loop
      vertex  0.000000e+000  1.951495e-003  8.174864e-002
      vertex  7.500000e-001  7.730985e-003  6.269621e-002
      vertex  7.500000e-001  1.951495e-003  8.174864e-002
    endloop
  endfacet
  facet normal  -0.000000e+000 -9.951847e-001 -9.801715e-002
    outer loop
      vertex  0.000000e+000  1.951495e-003  8.174864e-002
      vertex  7.500000e-001  1.951495e-003  8.174864e-002
      vertex  0.000000e+000  6.218910e-018  1.015625e-001
    endloop
  endfacet
  facet normal  0.000000e+000 -9.951847e-001 -9.801715e-002
    outer loop
      vertex  0.000000e+000  6.218910e-018  1.015625e-001
      vertex  7.500000e-001  1.951495e-003  8.174864e-002
      vertex  7.500000e-001  6.218910e-018  1.015625e-001
    endloop
  endfacet
  facet normal  0.000000e+000  6.624037e-001  7.491471e-001
    outer loop
      vertex  1.562500e-001  4.454458e-001  1.035006e-001
      vertex  1.562500e-001  1.170542e-001  3.938679e-001
      vertex  5.937500e-001  4.454458e-001  1.035006e-001
    endloop
  endfacet
  facet normal  0.000000e+000  6.624037e-001  7.491471e-001
    outer loop
      vertex  5.937500e-001  4.454458e-001  1.035006e-001
      vertex  1.562500e-001  1.170542e-001  3.938679e-001
      vertex  5.937500e-001  1.170542e-001  3.938679e-001
    endloop
  endfacet
  facet normal  -0.000000e+000  9.359824e-001  3.520470e-001
    outer loop
      vertex  6.972506e-001  4.843750e-001 -4.163336e-017
      vertex  5.274942e-002  4.843750e-001 -4.163336e-017
      vertex  5.937500e-001  4.454458e-001  1.035006e-001
    endloop
  endfacet
  facet normal  0.000000e+000  9.359823e-001  3.520470e-001
    outer loop
      vertex  5.937500e-001  4.454458e-001  1.035006e-001
      vertex  5.274942e-002  4.843750e-001 -4.163336e-017
      vertex  1.562500e-001  4.454458e-001  1.035006e-001
    endloop
  endfacet
  facet normal -4.472137e-001  5.924719e-001  6.700575e-001
    outer loop
      vertex  1.562500e-001  1.170542e-001  3.938679e-001
      vertex  0.000000e+000  2.406940e-017  3.930832e-001
      vertex  3.919577e-002  1.040834e-016  4.192434e-001
    endloop
  endfacet
  facet normal -4.472136e-001  5.924718e-001  6.700575e-001
    outer loop
      vertex  0.000000e+000  2.406940e-017  3.930832e-001
      vertex  1.562500e-001  1.170542e-001  3.938679e-001
      vertex  0.000000e+000  4.445583e-001 -2.722135e-017
    endloop
  endfacet
  facet normal -4.472136e-001  5.924719e-001  6.700575e-001
    outer loop
      vertex  0.000000e+000  4.445583e-001 -2.722135e-017
      vertex  1.562500e-001  1.170542e-001  3.938679e-001
      vertex  1.562500e-001  4.454458e-001  1.035006e-001
    endloop
  endfacet
  facet normal -4.472136e-001  5.924718e-001  6.700575e-001
    outer loop
      vertex  0.000000e+000  4.445583e-001 -2.722135e-017
      vertex  1.562500e-001  4.454458e-001  1.035006e-001
      vertex  5.274942e-002  4.843750e-001 -4.163336e-017
    endloop
  endfacet
  facet normal  1.532246e-017  2.118636e-001  9.772993e-001
    outer loop
      vertex  3.919577e-002  1.040834e-016  4.192434e-001
      vertex  7.108042e-001  5.551115e-017  4.192434e-001
      vertex  1.562500e-001  1.170542e-001  3.938679e-001
    endloop
  endfacet
  facet normal  -0.000000e+000  2.118636e-001  9.772992e-001
    outer loop
      vertex  1.562500e-001  1.170542e-001  3.938679e-001
      vertex  7.108042e-001  5.551115e-017  4.192434e-001
      vertex  5.937500e-001  1.170542e-001  3.938679e-001
    endloop
  endfacet
  facet normal  4.472137e-001  5.924719e-001  6.700575e-001
    outer loop
      vertex  5.937500e-001  1.170542e-001  3.938679e-001
      vertex  7.108042e-001  5.551115e-017  4.192434e-001
      vertex  7.500000e-001  2.406940e-017  3.930832e-001
    endloop
  endfacet
  facet normal  4.472137e-001  5.924717e-001  6.700576e-001
    outer loop
      vertex  6.972506e-001  4.843750e-001 -4.163336e-017
      vertex  5.937500e-001  4.454458e-001  1.035006e-001
      vertex  7.500000e-001  4.445583e-001 -2.722135e-017
    endloop
  endfacet
  facet normal  4.472136e-001  5.924719e-001  6.700575e-001
    outer loop
      vertex  7.500000e-001  4.445583e-001 -2.722135e-017
      vertex  5.937500e-001  4.454458e-001  1.035006e-001
      vertex  5.937500e-001  1.170542e-001  3.938679e-001
    endloop
  endfacet
  facet normal  4.472136e-001  5.924718e-001  6.700575e-001
    outer loop
      vertex  7.500000e-001  4.445583e-001 -2.722135e-017
      vertex  5.937500e-001  1.170542e-001  3.938679e-001
      vertex  7.500000e-001  2.406940e-017  3.930832e-001
    endloop
  endfacet
endsolid CATIA STL
