solid CATIA STL
  facet normal  0.000000e+000  0.000000e+000  1.000000e+000
    outer loop
      vertex -3.125000e-001  3.750000e-001  7.500000e-001
      vertex -3.125000e-001 -3.750000e-001  7.500000e-001
      vertex  3.750000e-001 -3.750000e-001  7.500000e-001
    endloop
  endfacet
  facet normal  0.000000e+000  -0.000000e+000  9.999999e-001
    outer loop
      vertex -3.125000e-001  3.750000e-001  7.500000e-001
      vertex  3.750000e-001 -3.750000e-001  7.500000e-001
      vertex  3.750000e-001  1.953125e-001  7.500000e-001
    endloop
  endfacet
  facet normal  0.000000e+000  0.000000e+000  1.000000e+000
    outer loop
      vertex -3.125000e-001  3.750000e-001  7.500000e-001
      vertex  3.750000e-001  1.953125e-001  7.500000e-001
      vertex  3.715473e-001  2.303678e-001  7.500000e-001
    endloop
  endfacet
  facet normal  0.000000e+000  0.000000e+000  1.000000e+000
    outer loop
      vertex -3.125000e-001  3.750000e-001  7.500000e-001
      vertex  3.715473e-001  2.303678e-001  7.500000e-001
      vertex  3.613221e-001  2.640759e-001  7.500000e-001
    endloop
  endfacet
  facet normal  0.000000e+000  0.000000e+000  1.000000e+000
    outer loop
      vertex -3.125000e-001  3.750000e-001  7.500000e-001
      vertex  3.613221e-001  2.640759e-001  7.500000e-001
      vertex  3.447172e-001  2.951415e-001  7.500000e-001
    endloop
  endfacet
  facet normal  0.000000e+000  0.000000e+000  1.000000e+000
    outer loop
      vertex -3.125000e-001  3.750000e-001  7.500000e-001
      vertex  3.447172e-001  2.951415e-001  7.500000e-001
      vertex  3.223707e-001  3.223707e-001  7.500000e-001
    endloop
  endfacet
  facet normal  0.000000e+000  0.000000e+000  9.999999e-001
    outer loop
      vertex -3.125000e-001  3.750000e-001  7.500000e-001
      vertex  3.223707e-001  3.223707e-001  7.500000e-001
      vertex  2.951415e-001  3.447172e-001  7.500000e-001
    endloop
  endfacet
  facet normal  0.000000e+000  0.000000e+000  1.000000e+000
    outer loop
      vertex -3.125000e-001  3.750000e-001  7.500000e-001
      vertex  2.951415e-001  3.447172e-001  7.500000e-001
      vertex  2.640759e-001  3.613221e-001  7.500000e-001
    endloop
  endfacet
  facet normal  0.000000e+000  0.000000e+000  1.000000e+000
    outer loop
      vertex -3.125000e-001  3.750000e-001  7.500000e-001
      vertex  2.640759e-001  3.613221e-001  7.500000e-001
      vertex  2.303678e-001  3.715473e-001  7.500000e-001
    endloop
  endfacet
  facet normal  0.000000e+000  0.000000e+000  1.000000e+000
    outer loop
      vertex -3.125000e-001  3.750000e-001  7.500000e-001
      vertex  2.303678e-001  3.715473e-001  7.500000e-001
      vertex  1.953125e-001  3.750000e-001  7.500000e-001
    endloop
  endfacet
  facet normal  0.000000e+000  9.999999e-001  0.000000e+000
    outer loop
      vertex  1.953125e-001  3.750000e-001  0.000000e+000
      vertex -3.750000e-001  3.750000e-001  0.000000e+000
      vertex  1.953125e-001  3.750000e-001  7.500000e-001
    endloop
  endfacet
  facet normal  0.000000e+000  1.000000e+000  0.000000e+000
    outer loop
      vertex  1.953125e-001  3.750000e-001  7.500000e-001
      vertex -3.750000e-001  3.750000e-001  0.000000e+000
      vertex -3.750000e-001  3.750000e-001  6.796875e-001
    endloop
  endfacet
  facet normal  0.000000e+000  1.000000e+000  0.000000e+000
    outer loop
      vertex  1.953125e-001  3.750000e-001  7.500000e-001
      vertex -3.750000e-001  3.750000e-001  6.796875e-001
      vertex -3.125000e-001  3.750000e-001  7.500000e-001
    endloop
  endfacet
  facet normal  -0.000000e+000  -0.000000e+000 -9.999999e-001
    outer loop
      vertex -3.750000e-001  3.750000e-001  0.000000e+000
      vertex  1.953125e-001  3.750000e-001  0.000000e+000
      vertex  2.303678e-001  3.715473e-001  0.000000e+000
    endloop
  endfacet
  facet normal  -0.000000e+000  -0.000000e+000 -1.000000e+000
    outer loop
      vertex -3.750000e-001  3.750000e-001  0.000000e+000
      vertex  2.303678e-001  3.715473e-001  0.000000e+000
      vertex  2.640759e-001  3.613221e-001  0.000000e+000
    endloop
  endfacet
  facet normal  -0.000000e+000  -0.000000e+000 -1.000000e+000
    outer loop
      vertex -3.750000e-001  3.750000e-001  0.000000e+000
      vertex  2.640759e-001  3.613221e-001  0.000000e+000
      vertex  2.951415e-001  3.447172e-001  0.000000e+000
    endloop
  endfacet
  facet normal  -0.000000e+000  -0.000000e+000 -1.000000e+000
    outer loop
      vertex -3.750000e-001  3.750000e-001  0.000000e+000
      vertex  2.951415e-001  3.447172e-001  0.000000e+000
      vertex  3.223707e-001  3.223707e-001  0.000000e+000
    endloop
  endfacet
  facet normal  -0.000000e+000  -0.000000e+000 -1.000000e+000
    outer loop
      vertex -3.750000e-001  3.750000e-001  0.000000e+000
      vertex  3.223707e-001  3.223707e-001  0.000000e+000
      vertex  3.447172e-001  2.951415e-001  0.000000e+000
    endloop
  endfacet
  facet normal  -0.000000e+000  -0.000000e+000 -1.000000e+000
    outer loop
      vertex -3.750000e-001  3.750000e-001  0.000000e+000
      vertex  3.447172e-001  2.951415e-001  0.000000e+000
      vertex  3.613221e-001  2.640759e-001  0.000000e+000
    endloop
  endfacet
  facet normal  -0.000000e+000  -0.000000e+000 -1.000000e+000
    outer loop
      vertex -3.750000e-001  3.750000e-001  0.000000e+000
      vertex  3.613221e-001  2.640759e-001  0.000000e+000
      vertex  3.715473e-001  2.303678e-001  0.000000e+000
    endloop
  endfacet
  facet normal  -0.000000e+000  -0.000000e+000 -1.000000e+000
    outer loop
      vertex -3.750000e-001  3.750000e-001  0.000000e+000
      vertex  3.715473e-001  2.303678e-001  0.000000e+000
      vertex  3.750000e-001  1.953125e-001  0.000000e+000
    endloop
  endfacet
  facet normal  -0.000000e+000  -0.000000e+000 -9.999999e-001
    outer loop
      vertex -3.750000e-001  3.750000e-001  0.000000e+000
      vertex  3.750000e-001  1.953125e-001  0.000000e+000
      vertex  3.750000e-001 -3.750000e-001  0.000000e+000
    endloop
  endfacet
  facet normal  0.000000e+000  0.000000e+000 -1.000000e+000
    outer loop
      vertex -3.750000e-001  3.750000e-001  0.000000e+000
      vertex  3.750000e-001 -3.750000e-001  0.000000e+000
      vertex -3.750000e-001 -3.750000e-001  0.000000e+000
    endloop
  endfacet
  facet normal  9.999999e-001  0.000000e+000  0.000000e+000
    outer loop
      vertex  3.750000e-001 -3.750000e-001  0.000000e+000
      vertex  3.750000e-001  1.953125e-001  0.000000e+000
      vertex  3.750000e-001 -3.750000e-001  7.500000e-001
    endloop
  endfacet
  facet normal  9.999999e-001  -0.000000e+000  0.000000e+000
    outer loop
      vertex  3.750000e-001 -3.750000e-001  7.500000e-001
      vertex  3.750000e-001  1.953125e-001  0.000000e+000
      vertex  3.750000e-001  1.953125e-001  7.500000e-001
    endloop
  endfacet
  facet normal  9.801752e-002  9.951847e-001  0.000000e+000
    outer loop
      vertex  1.953125e-001  3.750000e-001  0.000000e+000
      vertex  1.953125e-001  3.750000e-001  7.500000e-001
      vertex  2.303678e-001  3.715473e-001  0.000000e+000
    endloop
  endfacet
  facet normal  9.801752e-002  9.951847e-001  -0.000000e+000
    outer loop
      vertex  2.303678e-001  3.715473e-001  0.000000e+000
      vertex  1.953125e-001  3.750000e-001  7.500000e-001
      vertex  2.303678e-001  3.715473e-001  7.500000e-001
    endloop
  endfacet
  facet normal  2.902843e-001  9.569405e-001  0.000000e+000
    outer loop
      vertex  2.303678e-001  3.715473e-001  0.000000e+000
      vertex  2.303678e-001  3.715473e-001  7.500000e-001
      vertex  2.640759e-001  3.613221e-001  0.000000e+000
    endloop
  endfacet
  facet normal  2.902843e-001  9.569405e-001  -0.000000e+000
    outer loop
      vertex  2.640759e-001  3.613221e-001  0.000000e+000
      vertex  2.303678e-001  3.715473e-001  7.500000e-001
      vertex  2.640759e-001  3.613221e-001  7.500000e-001
    endloop
  endfacet
  facet normal  4.713967e-001  8.819212e-001  0.000000e+000
    outer loop
      vertex  2.640759e-001  3.613221e-001  0.000000e+000
      vertex  2.640759e-001  3.613221e-001  7.500000e-001
      vertex  2.951415e-001  3.447172e-001  0.000000e+000
    endloop
  endfacet
  facet normal  4.713967e-001  8.819212e-001  -0.000000e+000
    outer loop
      vertex  2.951415e-001  3.447172e-001  0.000000e+000
      vertex  2.640759e-001  3.613221e-001  7.500000e-001
      vertex  2.951415e-001  3.447172e-001  7.500000e-001
    endloop
  endfacet
  facet normal  6.343937e-001  7.730101e-001  0.000000e+000
    outer loop
      vertex  2.951415e-001  3.447172e-001  0.000000e+000
      vertex  2.951415e-001  3.447172e-001  7.500000e-001
      vertex  3.223707e-001  3.223707e-001  0.000000e+000
    endloop
  endfacet
  facet normal  6.343937e-001  7.730101e-001  -0.000000e+000
    outer loop
      vertex  3.223707e-001  3.223707e-001  0.000000e+000
      vertex  2.951415e-001  3.447172e-001  7.500000e-001
      vertex  3.223707e-001  3.223707e-001  7.500000e-001
    endloop
  endfacet
  facet normal  7.730101e-001  6.343937e-001  0.000000e+000
    outer loop
      vertex  3.223707e-001  3.223707e-001  0.000000e+000
      vertex  3.223707e-001  3.223707e-001  7.500000e-001
      vertex  3.447172e-001  2.951415e-001  0.000000e+000
    endloop
  endfacet
  facet normal  7.730101e-001  6.343937e-001  -0.000000e+000
    outer loop
      vertex  3.447172e-001  2.951415e-001  0.000000e+000
      vertex  3.223707e-001  3.223707e-001  7.500000e-001
      vertex  3.447172e-001  2.951415e-001  7.500000e-001
    endloop
  endfacet
  facet normal  8.819212e-001  4.713967e-001  0.000000e+000
    outer loop
      vertex  3.447172e-001  2.951415e-001  0.000000e+000
      vertex  3.447172e-001  2.951415e-001  7.500000e-001
      vertex  3.613221e-001  2.640759e-001  0.000000e+000
    endloop
  endfacet
  facet normal  8.819212e-001  4.713967e-001  -0.000000e+000
    outer loop
      vertex  3.613221e-001  2.640759e-001  0.000000e+000
      vertex  3.447172e-001  2.951415e-001  7.500000e-001
      vertex  3.613221e-001  2.640759e-001  7.500000e-001
    endloop
  endfacet
  facet normal  9.569405e-001  2.902843e-001  0.000000e+000
    outer loop
      vertex  3.613221e-001  2.640759e-001  0.000000e+000
      vertex  3.613221e-001  2.640759e-001  7.500000e-001
      vertex  3.715473e-001  2.303678e-001  0.000000e+000
    endloop
  endfacet
  facet normal  9.569405e-001  2.902843e-001  -0.000000e+000
    outer loop
      vertex  3.715473e-001  2.303678e-001  0.000000e+000
      vertex  3.613221e-001  2.640759e-001  7.500000e-001
      vertex  3.715473e-001  2.303678e-001  7.500000e-001
    endloop
  endfacet
  facet normal  9.951847e-001  9.801752e-002  0.000000e+000
    outer loop
      vertex  3.715473e-001  2.303678e-001  0.000000e+000
      vertex  3.715473e-001  2.303678e-001  7.500000e-001
      vertex  3.750000e-001  1.953125e-001  0.000000e+000
    endloop
  endfacet
  facet normal  9.951847e-001  9.801752e-002  -0.000000e+000
    outer loop
      vertex  3.750000e-001  1.953125e-001  0.000000e+000
      vertex  3.715473e-001  2.303678e-001  7.500000e-001
      vertex  3.750000e-001  1.953125e-001  7.500000e-001
    endloop
  endfacet
  facet normal -1.000000e+000  0.000000e+000  0.000000e+000
    outer loop
      vertex -3.750000e-001  3.750000e-001  0.000000e+000
      vertex -3.750000e-001 -3.750000e-001  0.000000e+000
      vertex -3.750000e-001  3.750000e-001  6.796875e-001
    endloop
  endfacet
  facet normal -1.000000e+000  -0.000000e+000  0.000000e+000
    outer loop
      vertex -3.750000e-001  3.750000e-001  6.796875e-001
      vertex -3.750000e-001 -3.750000e-001  0.000000e+000
      vertex -3.750000e-001 -3.750000e-001  6.796875e-001
    endloop
  endfacet
  facet normal  0.000000e+000 -1.000000e+000  0.000000e+000
    outer loop
      vertex -3.750000e-001 -3.750000e-001  0.000000e+000
      vertex  3.750000e-001 -3.750000e-001  0.000000e+000
      vertex -3.750000e-001 -3.750000e-001  6.796875e-001
    endloop
  endfacet
  facet normal  0.000000e+000 -1.000000e+000  0.000000e+000
    outer loop
      vertex -3.750000e-001 -3.750000e-001  6.796875e-001
      vertex  3.750000e-001 -3.750000e-001  0.000000e+000
      vertex  3.750000e-001 -3.750000e-001  7.500000e-001
    endloop
  endfacet
  facet normal  -0.000000e+000 -1.000000e+000  0.000000e+000
    outer loop
      vertex -3.750000e-001 -3.750000e-001  6.796875e-001
      vertex  3.750000e-001 -3.750000e-001  7.500000e-001
      vertex -3.125000e-001 -3.750000e-001  7.500000e-001
    endloop
  endfacet
  facet normal -7.474093e-001  0.000000e+000  6.643639e-001
    outer loop
      vertex -3.125000e-001 -3.750000e-001  7.500000e-001
      vertex -3.125000e-001  3.750000e-001  7.500000e-001
      vertex -3.750000e-001 -3.750000e-001  6.796875e-001
    endloop
  endfacet
  facet normal -7.474093e-001  0.000000e+000  6.643639e-001
    outer loop
      vertex -3.750000e-001 -3.750000e-001  6.796875e-001
      vertex -3.125000e-001  3.750000e-001  7.500000e-001
      vertex -3.750000e-001  3.750000e-001  6.796875e-001
    endloop
  endfacet
endsolid CATIA STL
