solid CATIA STL
  facet normal  -0.000000e+000  -0.000000e+000  1.000000e+000
    outer loop
      vertex -3.203125e-001 -1.640625e-001  3.203125e-001
      vertex -3.173102e-001 -1.945454e-001  3.203125e-001
      vertex -3.084187e-001 -2.238568e-001  3.203125e-001
    endloop
  endfacet
  facet normal  -0.000000e+000  -0.000000e+000  1.000000e+000
    outer loop
      vertex -3.203125e-001 -1.640625e-001  3.203125e-001
      vertex -3.084187e-001 -2.238568e-001  3.203125e-001
      vertex -2.939796e-001 -2.508703e-001  3.203125e-001
    endloop
  endfacet
  facet normal  -0.000000e+000  -0.000000e+000  1.000000e+000
    outer loop
      vertex -3.203125e-001 -1.640625e-001  3.203125e-001
      vertex -2.939796e-001 -2.508703e-001  3.203125e-001
      vertex -2.745479e-001 -2.745479e-001  3.203125e-001
    endloop
  endfacet
  facet normal  -0.000000e+000  -0.000000e+000  1.000000e+000
    outer loop
      vertex -3.203125e-001 -1.640625e-001  3.203125e-001
      vertex -2.745479e-001 -2.745479e-001  3.203125e-001
      vertex -2.508703e-001 -2.939796e-001  3.203125e-001
    endloop
  endfacet
  facet normal  -0.000000e+000  -0.000000e+000  1.000000e+000
    outer loop
      vertex -3.203125e-001 -1.640625e-001  3.203125e-001
      vertex -2.508703e-001 -2.939796e-001  3.203125e-001
      vertex -2.238568e-001 -3.084187e-001  3.203125e-001
    endloop
  endfacet
  facet normal  -0.000000e+000  -0.000000e+000  1.000000e+000
    outer loop
      vertex -3.203125e-001 -1.640625e-001  3.203125e-001
      vertex -2.238568e-001 -3.084187e-001  3.203125e-001
      vertex -1.945454e-001 -3.173102e-001  3.203125e-001
    endloop
  endfacet
  facet normal  -0.000000e+000  -0.000000e+000  1.000000e+000
    outer loop
      vertex -3.203125e-001 -1.640625e-001  3.203125e-001
      vertex -1.945454e-001 -3.173102e-001  3.203125e-001
      vertex -1.640625e-001 -3.203125e-001  3.203125e-001
    endloop
  endfacet
  facet normal  0.000000e+000  -0.000000e+000  1.000000e+000
    outer loop
      vertex -3.203125e-001 -1.640625e-001  3.203125e-001
      vertex -1.640625e-001 -3.203125e-001  3.203125e-001
      vertex  2.265625e-001 -3.203125e-001  3.203125e-001
    endloop
  endfacet
  facet normal  0.000000e+000  -0.000000e+000  1.000000e+000
    outer loop
      vertex -3.203125e-001 -1.640625e-001  3.203125e-001
      vertex  2.265625e-001 -3.203125e-001  3.203125e-001
      vertex  2.265625e-001  3.203125e-001  3.203125e-001
    endloop
  endfacet
  facet normal  0.000000e+000  0.000000e+000  1.000000e+000
    outer loop
      vertex -3.203125e-001 -1.640625e-001  3.203125e-001
      vertex  2.265625e-001  3.203125e-001  3.203125e-001
      vertex -3.203125e-001  3.203125e-001  3.203125e-001
    endloop
  endfacet
  facet normal  0.000000e+000  0.000000e+000 -1.000000e+000
    outer loop
      vertex -3.203125e-001 -1.640625e-001 -3.203125e-001
      vertex -3.203125e-001  3.203125e-001 -3.203125e-001
      vertex  2.265625e-001  3.203125e-001 -3.203125e-001
    endloop
  endfacet
  facet normal  0.000000e+000  -0.000000e+000 -1.000000e+000
    outer loop
      vertex -3.203125e-001 -1.640625e-001 -3.203125e-001
      vertex  2.265625e-001  3.203125e-001 -3.203125e-001
      vertex  2.265625e-001 -3.203125e-001 -3.203125e-001
    endloop
  endfacet
  facet normal  0.000000e+000  0.000000e+000 -1.000000e+000
    outer loop
      vertex -3.203125e-001 -1.640625e-001 -3.203125e-001
      vertex  2.265625e-001 -3.203125e-001 -3.203125e-001
      vertex -1.640625e-001 -3.203125e-001 -3.203125e-001
    endloop
  endfacet
  facet normal  0.000000e+000  0.000000e+000 -1.000000e+000
    outer loop
      vertex -3.203125e-001 -1.640625e-001 -3.203125e-001
      vertex -1.640625e-001 -3.203125e-001 -3.203125e-001
      vertex -1.945454e-001 -3.173102e-001 -3.203125e-001
    endloop
  endfacet
  facet normal  0.000000e+000  0.000000e+000 -1.000000e+000
    outer loop
      vertex -3.203125e-001 -1.640625e-001 -3.203125e-001
      vertex -1.945454e-001 -3.173102e-001 -3.203125e-001
      vertex -2.238568e-001 -3.084187e-001 -3.203125e-001
    endloop
  endfacet
  facet normal  0.000000e+000  0.000000e+000 -1.000000e+000
    outer loop
      vertex -3.203125e-001 -1.640625e-001 -3.203125e-001
      vertex -2.238568e-001 -3.084187e-001 -3.203125e-001
      vertex -2.508703e-001 -2.939796e-001 -3.203125e-001
    endloop
  endfacet
  facet normal  0.000000e+000  0.000000e+000 -1.000000e+000
    outer loop
      vertex -3.203125e-001 -1.640625e-001 -3.203125e-001
      vertex -2.508703e-001 -2.939796e-001 -3.203125e-001
      vertex -2.745479e-001 -2.745479e-001 -3.203125e-001
    endloop
  endfacet
  facet normal  0.000000e+000  0.000000e+000 -1.000000e+000
    outer loop
      vertex -3.203125e-001 -1.640625e-001 -3.203125e-001
      vertex -2.745479e-001 -2.745479e-001 -3.203125e-001
      vertex -2.939796e-001 -2.508703e-001 -3.203125e-001
    endloop
  endfacet
  facet normal  0.000000e+000  0.000000e+000 -1.000000e+000
    outer loop
      vertex -3.203125e-001 -1.640625e-001 -3.203125e-001
      vertex -2.939796e-001 -2.508703e-001 -3.203125e-001
      vertex -3.084187e-001 -2.238568e-001 -3.203125e-001
    endloop
  endfacet
  facet normal  0.000000e+000  0.000000e+000 -1.000000e+000
    outer loop
      vertex -3.203125e-001 -1.640625e-001 -3.203125e-001
      vertex -3.084187e-001 -2.238568e-001 -3.203125e-001
      vertex -3.173102e-001 -1.945454e-001 -3.203125e-001
    endloop
  endfacet
  facet normal  0.000000e+000 -1.000000e+000  0.000000e+000
    outer loop
      vertex -1.640625e-001 -3.203125e-001 -3.203125e-001
      vertex  2.265625e-001 -3.203125e-001 -3.203125e-001
      vertex -1.640625e-001 -3.203125e-001  3.203125e-001
    endloop
  endfacet
  facet normal  0.000000e+000 -1.000000e+000  0.000000e+000
    outer loop
      vertex -1.640625e-001 -3.203125e-001  3.203125e-001
      vertex  2.265625e-001 -3.203125e-001 -3.203125e-001
      vertex  2.265625e-001 -3.203125e-001  3.203125e-001
    endloop
  endfacet
  facet normal -1.000000e+000  0.000000e+000  0.000000e+000
    outer loop
      vertex -3.203125e-001  3.203125e-001 -3.203125e-001
      vertex -3.203125e-001 -1.640625e-001 -3.203125e-001
      vertex -3.203125e-001  3.203125e-001  3.203125e-001
    endloop
  endfacet
  facet normal -1.000000e+000  -0.000000e+000  0.000000e+000
    outer loop
      vertex -3.203125e-001  3.203125e-001  3.203125e-001
      vertex -3.203125e-001 -1.640625e-001 -3.203125e-001
      vertex -3.203125e-001 -1.640625e-001  3.203125e-001
    endloop
  endfacet
  facet normal -9.801669e-002 -9.951847e-001  -0.000000e+000
    outer loop
      vertex -1.640625e-001 -3.203125e-001 -3.203125e-001
      vertex -1.640625e-001 -3.203125e-001  3.203125e-001
      vertex -1.945454e-001 -3.173102e-001 -3.203125e-001
    endloop
  endfacet
  facet normal -9.801669e-002 -9.951847e-001  0.000000e+000
    outer loop
      vertex -1.945454e-001 -3.173102e-001 -3.203125e-001
      vertex -1.640625e-001 -3.203125e-001  3.203125e-001
      vertex -1.945454e-001 -3.173102e-001  3.203125e-001
    endloop
  endfacet
  facet normal -2.902846e-001 -9.569404e-001  -0.000000e+000
    outer loop
      vertex -1.945454e-001 -3.173102e-001 -3.203125e-001
      vertex -1.945454e-001 -3.173102e-001  3.203125e-001
      vertex -2.238568e-001 -3.084187e-001 -3.203125e-001
    endloop
  endfacet
  facet normal -2.902846e-001 -9.569404e-001  0.000000e+000
    outer loop
      vertex -2.238568e-001 -3.084187e-001 -3.203125e-001
      vertex -1.945454e-001 -3.173102e-001  3.203125e-001
      vertex -2.238568e-001 -3.084187e-001  3.203125e-001
    endloop
  endfacet
  facet normal -4.713975e-001 -8.819208e-001  -0.000000e+000
    outer loop
      vertex -2.238568e-001 -3.084187e-001 -3.203125e-001
      vertex -2.238568e-001 -3.084187e-001  3.203125e-001
      vertex -2.508703e-001 -2.939796e-001 -3.203125e-001
    endloop
  endfacet
  facet normal -4.713975e-001 -8.819208e-001  0.000000e+000
    outer loop
      vertex -2.508703e-001 -2.939796e-001 -3.203125e-001
      vertex -2.238568e-001 -3.084187e-001  3.203125e-001
      vertex -2.508703e-001 -2.939796e-001  3.203125e-001
    endloop
  endfacet
  facet normal -6.343931e-001 -7.730107e-001  -0.000000e+000
    outer loop
      vertex -2.508703e-001 -2.939796e-001 -3.203125e-001
      vertex -2.508703e-001 -2.939796e-001  3.203125e-001
      vertex -2.745479e-001 -2.745479e-001 -3.203125e-001
    endloop
  endfacet
  facet normal -6.343931e-001 -7.730107e-001  0.000000e+000
    outer loop
      vertex -2.745479e-001 -2.745479e-001 -3.203125e-001
      vertex -2.508703e-001 -2.939796e-001  3.203125e-001
      vertex -2.745479e-001 -2.745479e-001  3.203125e-001
    endloop
  endfacet
  facet normal -7.730107e-001 -6.343931e-001  -0.000000e+000
    outer loop
      vertex -2.745479e-001 -2.745479e-001 -3.203125e-001
      vertex -2.745479e-001 -2.745479e-001  3.203125e-001
      vertex -2.939796e-001 -2.508703e-001 -3.203125e-001
    endloop
  endfacet
  facet normal -7.730107e-001 -6.343931e-001  0.000000e+000
    outer loop
      vertex -2.939796e-001 -2.508703e-001 -3.203125e-001
      vertex -2.745479e-001 -2.745479e-001  3.203125e-001
      vertex -2.939796e-001 -2.508703e-001  3.203125e-001
    endloop
  endfacet
  facet normal -8.819208e-001 -4.713975e-001  -0.000000e+000
    outer loop
      vertex -2.939796e-001 -2.508703e-001 -3.203125e-001
      vertex -2.939796e-001 -2.508703e-001  3.203125e-001
      vertex -3.084187e-001 -2.238568e-001 -3.203125e-001
    endloop
  endfacet
  facet normal -8.819208e-001 -4.713975e-001  0.000000e+000
    outer loop
      vertex -3.084187e-001 -2.238568e-001 -3.203125e-001
      vertex -2.939796e-001 -2.508703e-001  3.203125e-001
      vertex -3.084187e-001 -2.238568e-001  3.203125e-001
    endloop
  endfacet
  facet normal -9.569404e-001 -2.902846e-001  -0.000000e+000
    outer loop
      vertex -3.084187e-001 -2.238568e-001 -3.203125e-001
      vertex -3.084187e-001 -2.238568e-001  3.203125e-001
      vertex -3.173102e-001 -1.945454e-001 -3.203125e-001
    endloop
  endfacet
  facet normal -9.569404e-001 -2.902846e-001  0.000000e+000
    outer loop
      vertex -3.173102e-001 -1.945454e-001 -3.203125e-001
      vertex -3.084187e-001 -2.238568e-001  3.203125e-001
      vertex -3.173102e-001 -1.945454e-001  3.203125e-001
    endloop
  endfacet
  facet normal -9.951847e-001 -9.801669e-002  -0.000000e+000
    outer loop
      vertex -3.173102e-001 -1.945454e-001 -3.203125e-001
      vertex -3.173102e-001 -1.945454e-001  3.203125e-001
      vertex -3.203125e-001 -1.640625e-001 -3.203125e-001
    endloop
  endfacet
  facet normal -9.951847e-001 -9.801669e-002  0.000000e+000
    outer loop
      vertex -3.203125e-001 -1.640625e-001 -3.203125e-001
      vertex -3.173102e-001 -1.945454e-001  3.203125e-001
      vertex -3.203125e-001 -1.640625e-001  3.203125e-001
    endloop
  endfacet
  facet normal  0.000000e+000  1.000000e+000  0.000000e+000
    outer loop
      vertex  2.265625e-001  3.203125e-001 -3.203125e-001
      vertex -3.203125e-001  3.203125e-001 -3.203125e-001
      vertex  2.265625e-001  3.203125e-001  3.203125e-001
    endloop
  endfacet
  facet normal  0.000000e+000  1.000000e+000  0.000000e+000
    outer loop
      vertex  2.265625e-001  3.203125e-001  3.203125e-001
      vertex -3.203125e-001  3.203125e-001 -3.203125e-001
      vertex -3.203125e-001  3.203125e-001  3.203125e-001
    endloop
  endfacet
  facet normal  1.000000e+000  0.000000e+000  0.000000e+000
    outer loop
      vertex  3.203125e-001 -2.265625e-001 -2.265625e-001
      vertex  3.203125e-001  2.265625e-001 -2.265625e-001
      vertex  3.203125e-001 -2.265625e-001  2.265625e-001
    endloop
  endfacet
  facet normal  1.000000e+000  -0.000000e+000  0.000000e+000
    outer loop
      vertex  3.203125e-001 -2.265625e-001  2.265625e-001
      vertex  3.203125e-001  2.265625e-001 -2.265625e-001
      vertex  3.203125e-001  2.265625e-001  2.265625e-001
    endloop
  endfacet
  facet normal  7.071068e-001 -7.071068e-001  0.000000e+000
    outer loop
      vertex  2.265625e-001 -3.203125e-001 -3.203125e-001
      vertex  3.203125e-001 -2.265625e-001 -2.265625e-001
      vertex  2.265625e-001 -3.203125e-001  3.203125e-001
    endloop
  endfacet
  facet normal  7.071068e-001 -7.071068e-001  0.000000e+000
    outer loop
      vertex  2.265625e-001 -3.203125e-001  3.203125e-001
      vertex  3.203125e-001 -2.265625e-001 -2.265625e-001
      vertex  3.203125e-001 -2.265625e-001  2.265625e-001
    endloop
  endfacet
  facet normal  7.071068e-001  0.000000e+000 -7.071068e-001
    outer loop
      vertex  2.265625e-001 -3.203125e-001 -3.203125e-001
      vertex  2.265625e-001  3.203125e-001 -3.203125e-001
      vertex  3.203125e-001 -2.265625e-001 -2.265625e-001
    endloop
  endfacet
  facet normal  7.071068e-001  0.000000e+000 -7.071068e-001
    outer loop
      vertex  3.203125e-001 -2.265625e-001 -2.265625e-001
      vertex  2.265625e-001  3.203125e-001 -3.203125e-001
      vertex  3.203125e-001  2.265625e-001 -2.265625e-001
    endloop
  endfacet
  facet normal  7.071068e-001  7.071068e-001  0.000000e+000
    outer loop
      vertex  2.265625e-001  3.203125e-001 -3.203125e-001
      vertex  2.265625e-001  3.203125e-001  3.203125e-001
      vertex  3.203125e-001  2.265625e-001 -2.265625e-001
    endloop
  endfacet
  facet normal  7.071068e-001  7.071068e-001  -0.000000e+000
    outer loop
      vertex  3.203125e-001  2.265625e-001 -2.265625e-001
      vertex  2.265625e-001  3.203125e-001  3.203125e-001
      vertex  3.203125e-001  2.265625e-001  2.265625e-001
    endloop
  endfacet
  facet normal  7.071068e-001  0.000000e+000  7.071068e-001
    outer loop
      vertex  2.265625e-001 -3.203125e-001  3.203125e-001
      vertex  3.203125e-001 -2.265625e-001  2.265625e-001
      vertex  2.265625e-001  3.203125e-001  3.203125e-001
    endloop
  endfacet
  facet normal  7.071068e-001  0.000000e+000  7.071068e-001
    outer loop
      vertex  2.265625e-001  3.203125e-001  3.203125e-001
      vertex  3.203125e-001 -2.265625e-001  2.265625e-001
      vertex  3.203125e-001  2.265625e-001  2.265625e-001
    endloop
  endfacet
endsolid CATIA STL
