solid CATIA STL
  facet normal  -0.000000e+000  -0.000000e+000 -9.999999e-001
    outer loop
      vertex -5.625000e-001  7.500000e-001  0.000000e+000
      vertex  5.781250e-001  7.500000e-001  0.000000e+000
      vertex  6.116561e-001  7.466975e-001  0.000000e+000
    endloop
  endfacet
  facet normal  -0.000000e+000  -0.000000e+000 -1.000000e+000
    outer loop
      vertex -5.625000e-001  7.500000e-001  0.000000e+000
      vertex  6.116561e-001  7.466975e-001  0.000000e+000
      vertex  6.438987e-001  7.369168e-001  0.000000e+000
    endloop
  endfacet
  facet normal  -0.000000e+000  -0.000000e+000 -1.000000e+000
    outer loop
      vertex -5.625000e-001  7.500000e-001  0.000000e+000
      vertex  6.438987e-001  7.369168e-001  0.000000e+000
      vertex  6.736136e-001  7.210338e-001  0.000000e+000
    endloop
  endfacet
  facet normal  -0.000000e+000  -0.000000e+000 -1.000000e+000
    outer loop
      vertex -5.625000e-001  7.500000e-001  0.000000e+000
      vertex  6.736136e-001  7.210338e-001  0.000000e+000
      vertex  6.996590e-001  6.996590e-001  0.000000e+000
    endloop
  endfacet
  facet normal  -0.000000e+000  -0.000000e+000 -1.000000e+000
    outer loop
      vertex -5.625000e-001  7.500000e-001  0.000000e+000
      vertex  6.996590e-001  6.996590e-001  0.000000e+000
      vertex  7.210338e-001  6.736136e-001  0.000000e+000
    endloop
  endfacet
  facet normal  -0.000000e+000  -0.000000e+000 -1.000000e+000
    outer loop
      vertex -5.625000e-001  7.500000e-001  0.000000e+000
      vertex  7.210338e-001  6.736136e-001  0.000000e+000
      vertex  7.369168e-001  6.438987e-001  0.000000e+000
    endloop
  endfacet
  facet normal  -0.000000e+000  -0.000000e+000 -1.000000e+000
    outer loop
      vertex -5.625000e-001  7.500000e-001  0.000000e+000
      vertex  7.369168e-001  6.438987e-001  0.000000e+000
      vertex  7.466975e-001  6.116561e-001  0.000000e+000
    endloop
  endfacet
  facet normal  -0.000000e+000  -0.000000e+000 -1.000000e+000
    outer loop
      vertex -5.625000e-001  7.500000e-001  0.000000e+000
      vertex  7.466975e-001  6.116561e-001  0.000000e+000
      vertex  7.500000e-001  5.781250e-001  0.000000e+000
    endloop
  endfacet
  facet normal  -0.000000e+000  -0.000000e+000 -1.000000e+000
    outer loop
      vertex -5.625000e-001  7.500000e-001  0.000000e+000
      vertex  7.500000e-001  5.781250e-001  0.000000e+000
      vertex  7.500000e-001 -7.500000e-001  0.000000e+000
    endloop
  endfacet
  facet normal  0.000000e+000  0.000000e+000 -1.000000e+000
    outer loop
      vertex -5.625000e-001  7.500000e-001  0.000000e+000
      vertex  7.500000e-001 -7.500000e-001  0.000000e+000
      vertex -5.625000e-001 -7.500000e-001  0.000000e+000
    endloop
  endfacet
  facet normal  0.000000e+000  1.000000e+000  0.000000e+000
    outer loop
      vertex -7.500000e-001  7.500000e-001  7.500000e-001
      vertex  5.781250e-001  7.500000e-001  7.500000e-001
      vertex  5.781250e-001  7.500000e-001  0.000000e+000
    endloop
  endfacet
  facet normal  0.000000e+000  9.999999e-001  0.000000e+000
    outer loop
      vertex -7.500000e-001  7.500000e-001  7.500000e-001
      vertex  5.781250e-001  7.500000e-001  0.000000e+000
      vertex -5.625000e-001  7.500000e-001  0.000000e+000
    endloop
  endfacet
  facet normal  0.000000e+000  1.000000e+000  0.000000e+000
    outer loop
      vertex -7.500000e-001  7.500000e-001  7.500000e-001
      vertex -5.625000e-001  7.500000e-001  0.000000e+000
      vertex -5.990794e-001  7.500000e-001  3.602760e-003
    endloop
  endfacet
  facet normal  0.000000e+000  1.000000e+000  0.000000e+000
    outer loop
      vertex -7.500000e-001  7.500000e-001  7.500000e-001
      vertex -5.990794e-001  7.500000e-001  3.602760e-003
      vertex -6.342531e-001  7.500000e-001  1.427259e-002
    endloop
  endfacet
  facet normal  0.000000e+000  9.999999e-001  0.000000e+000
    outer loop
      vertex -7.500000e-001  7.500000e-001  7.500000e-001
      vertex -6.342531e-001  7.500000e-001  1.427259e-002
      vertex -6.666694e-001  7.500000e-001  3.159945e-002
    endloop
  endfacet
  facet normal  0.000000e+000  9.999999e-001  0.000000e+000
    outer loop
      vertex -7.500000e-001  7.500000e-001  7.500000e-001
      vertex -6.666694e-001  7.500000e-001  3.159945e-002
      vertex -6.950825e-001  7.500000e-001  5.491748e-002
    endloop
  endfacet
  facet normal  0.000000e+000  1.000000e+000  0.000000e+000
    outer loop
      vertex -7.500000e-001  7.500000e-001  7.500000e-001
      vertex -6.950825e-001  7.500000e-001  5.491748e-002
      vertex -7.184005e-001  7.500000e-001  8.333058e-002
    endloop
  endfacet
  facet normal  0.000000e+000  1.000000e+000  0.000000e+000
    outer loop
      vertex -7.500000e-001  7.500000e-001  7.500000e-001
      vertex -7.184005e-001  7.500000e-001  8.333058e-002
      vertex -7.357274e-001  7.500000e-001  1.157469e-001
    endloop
  endfacet
  facet normal  0.000000e+000  1.000000e+000  0.000000e+000
    outer loop
      vertex -7.500000e-001  7.500000e-001  7.500000e-001
      vertex -7.357274e-001  7.500000e-001  1.157469e-001
      vertex -7.463973e-001  7.500000e-001  1.509206e-001
    endloop
  endfacet
  facet normal  0.000000e+000  1.000000e+000  0.000000e+000
    outer loop
      vertex -7.500000e-001  7.500000e-001  7.500000e-001
      vertex -7.463973e-001  7.500000e-001  1.509206e-001
      vertex -7.500000e-001  7.500000e-001  1.875000e-001
    endloop
  endfacet
  facet normal  0.000000e+000  0.000000e+000  1.000000e+000
    outer loop
      vertex -7.500000e-001  7.500000e-001  7.500000e-001
      vertex -7.500000e-001 -7.500000e-001  7.500000e-001
      vertex  7.500000e-001 -7.500000e-001  7.500000e-001
    endloop
  endfacet
  facet normal  0.000000e+000  -0.000000e+000  1.000000e+000
    outer loop
      vertex -7.500000e-001  7.500000e-001  7.500000e-001
      vertex  7.500000e-001 -7.500000e-001  7.500000e-001
      vertex  7.500000e-001  5.781250e-001  7.500000e-001
    endloop
  endfacet
  facet normal  0.000000e+000  0.000000e+000  1.000000e+000
    outer loop
      vertex -7.500000e-001  7.500000e-001  7.500000e-001
      vertex  7.500000e-001  5.781250e-001  7.500000e-001
      vertex  7.466975e-001  6.116561e-001  7.500000e-001
    endloop
  endfacet
  facet normal  0.000000e+000  0.000000e+000  1.000000e+000
    outer loop
      vertex -7.500000e-001  7.500000e-001  7.500000e-001
      vertex  7.466975e-001  6.116561e-001  7.500000e-001
      vertex  7.369168e-001  6.438987e-001  7.500000e-001
    endloop
  endfacet
  facet normal  0.000000e+000  0.000000e+000  1.000000e+000
    outer loop
      vertex -7.500000e-001  7.500000e-001  7.500000e-001
      vertex  7.369168e-001  6.438987e-001  7.500000e-001
      vertex  7.210338e-001  6.736136e-001  7.500000e-001
    endloop
  endfacet
  facet normal  0.000000e+000  0.000000e+000  1.000000e+000
    outer loop
      vertex -7.500000e-001  7.500000e-001  7.500000e-001
      vertex  7.210338e-001  6.736136e-001  7.500000e-001
      vertex  6.996590e-001  6.996590e-001  7.500000e-001
    endloop
  endfacet
  facet normal  0.000000e+000  0.000000e+000  1.000000e+000
    outer loop
      vertex -7.500000e-001  7.500000e-001  7.500000e-001
      vertex  6.996590e-001  6.996590e-001  7.500000e-001
      vertex  6.736136e-001  7.210338e-001  7.500000e-001
    endloop
  endfacet
  facet normal  0.000000e+000  0.000000e+000  1.000000e+000
    outer loop
      vertex -7.500000e-001  7.500000e-001  7.500000e-001
      vertex  6.736136e-001  7.210338e-001  7.500000e-001
      vertex  6.438987e-001  7.369168e-001  7.500000e-001
    endloop
  endfacet
  facet normal  0.000000e+000  0.000000e+000  1.000000e+000
    outer loop
      vertex -7.500000e-001  7.500000e-001  7.500000e-001
      vertex  6.438987e-001  7.369168e-001  7.500000e-001
      vertex  6.116561e-001  7.466975e-001  7.500000e-001
    endloop
  endfacet
  facet normal  0.000000e+000  0.000000e+000  1.000000e+000
    outer loop
      vertex -7.500000e-001  7.500000e-001  7.500000e-001
      vertex  6.116561e-001  7.466975e-001  7.500000e-001
      vertex  5.781250e-001  7.500000e-001  7.500000e-001
    endloop
  endfacet
  facet normal  1.000000e+000  0.000000e+000  0.000000e+000
    outer loop
      vertex  7.500000e-001 -7.500000e-001  7.500000e-001
      vertex  7.500000e-001 -7.500000e-001  0.000000e+000
      vertex  7.500000e-001  5.781250e-001  7.500000e-001
    endloop
  endfacet
  facet normal  1.000000e+000  0.000000e+000  0.000000e+000
    outer loop
      vertex  7.500000e-001  5.781250e-001  7.500000e-001
      vertex  7.500000e-001 -7.500000e-001  0.000000e+000
      vertex  7.500000e-001  5.781250e-001  0.000000e+000
    endloop
  endfacet
  facet normal  9.801675e-002  9.951847e-001  0.000000e+000
    outer loop
      vertex  5.781250e-001  7.500000e-001  0.000000e+000
      vertex  5.781250e-001  7.500000e-001  7.500000e-001
      vertex  6.116561e-001  7.466975e-001  0.000000e+000
    endloop
  endfacet
  facet normal  9.801675e-002  9.951847e-001  -0.000000e+000
    outer loop
      vertex  6.116561e-001  7.466975e-001  0.000000e+000
      vertex  5.781250e-001  7.500000e-001  7.500000e-001
      vertex  6.116561e-001  7.466975e-001  7.500000e-001
    endloop
  endfacet
  facet normal  2.902852e-001  9.569402e-001  0.000000e+000
    outer loop
      vertex  6.116561e-001  7.466975e-001  0.000000e+000
      vertex  6.116561e-001  7.466975e-001  7.500000e-001
      vertex  6.438987e-001  7.369168e-001  0.000000e+000
    endloop
  endfacet
  facet normal  2.902852e-001  9.569402e-001  -0.000000e+000
    outer loop
      vertex  6.438987e-001  7.369168e-001  0.000000e+000
      vertex  6.116561e-001  7.466975e-001  7.500000e-001
      vertex  6.438987e-001  7.369168e-001  7.500000e-001
    endloop
  endfacet
  facet normal  4.713975e-001  8.819209e-001  0.000000e+000
    outer loop
      vertex  6.438987e-001  7.369168e-001  0.000000e+000
      vertex  6.438987e-001  7.369168e-001  7.500000e-001
      vertex  6.736136e-001  7.210338e-001  0.000000e+000
    endloop
  endfacet
  facet normal  4.713975e-001  8.819209e-001  -0.000000e+000
    outer loop
      vertex  6.736136e-001  7.210338e-001  0.000000e+000
      vertex  6.438987e-001  7.369168e-001  7.500000e-001
      vertex  6.736136e-001  7.210338e-001  7.500000e-001
    endloop
  endfacet
  facet normal  6.343921e-001  7.730115e-001  0.000000e+000
    outer loop
      vertex  6.736136e-001  7.210338e-001  0.000000e+000
      vertex  6.736136e-001  7.210338e-001  7.500000e-001
      vertex  6.996590e-001  6.996590e-001  0.000000e+000
    endloop
  endfacet
  facet normal  6.343921e-001  7.730115e-001  -0.000000e+000
    outer loop
      vertex  6.996590e-001  6.996590e-001  0.000000e+000
      vertex  6.736136e-001  7.210338e-001  7.500000e-001
      vertex  6.996590e-001  6.996590e-001  7.500000e-001
    endloop
  endfacet
  facet normal  7.730115e-001  6.343921e-001  0.000000e+000
    outer loop
      vertex  6.996590e-001  6.996590e-001  0.000000e+000
      vertex  6.996590e-001  6.996590e-001  7.500000e-001
      vertex  7.210338e-001  6.736136e-001  0.000000e+000
    endloop
  endfacet
  facet normal  7.730115e-001  6.343921e-001  -0.000000e+000
    outer loop
      vertex  7.210338e-001  6.736136e-001  0.000000e+000
      vertex  6.996590e-001  6.996590e-001  7.500000e-001
      vertex  7.210338e-001  6.736136e-001  7.500000e-001
    endloop
  endfacet
  facet normal  8.819209e-001  4.713975e-001  0.000000e+000
    outer loop
      vertex  7.210338e-001  6.736136e-001  0.000000e+000
      vertex  7.210338e-001  6.736136e-001  7.500000e-001
      vertex  7.369168e-001  6.438987e-001  0.000000e+000
    endloop
  endfacet
  facet normal  8.819209e-001  4.713975e-001  -0.000000e+000
    outer loop
      vertex  7.369168e-001  6.438987e-001  0.000000e+000
      vertex  7.210338e-001  6.736136e-001  7.500000e-001
      vertex  7.369168e-001  6.438987e-001  7.500000e-001
    endloop
  endfacet
  facet normal  9.569402e-001  2.902852e-001  0.000000e+000
    outer loop
      vertex  7.369168e-001  6.438987e-001  0.000000e+000
      vertex  7.369168e-001  6.438987e-001  7.500000e-001
      vertex  7.466975e-001  6.116561e-001  0.000000e+000
    endloop
  endfacet
  facet normal  9.569402e-001  2.902852e-001  -0.000000e+000
    outer loop
      vertex  7.466975e-001  6.116561e-001  0.000000e+000
      vertex  7.369168e-001  6.438987e-001  7.500000e-001
      vertex  7.466975e-001  6.116561e-001  7.500000e-001
    endloop
  endfacet
  facet normal  9.951847e-001  9.801675e-002  0.000000e+000
    outer loop
      vertex  7.466975e-001  6.116561e-001  0.000000e+000
      vertex  7.466975e-001  6.116561e-001  7.500000e-001
      vertex  7.500000e-001  5.781250e-001  0.000000e+000
    endloop
  endfacet
  facet normal  9.951847e-001  9.801675e-002  -0.000000e+000
    outer loop
      vertex  7.500000e-001  5.781250e-001  0.000000e+000
      vertex  7.466975e-001  6.116561e-001  7.500000e-001
      vertex  7.500000e-001  5.781250e-001  7.500000e-001
    endloop
  endfacet
  facet normal -1.000000e+000  0.000000e+000  0.000000e+000
    outer loop
      vertex -7.500000e-001  7.500000e-001  7.500000e-001
      vertex -7.500000e-001  7.500000e-001  1.875000e-001
      vertex -7.500000e-001 -7.500000e-001  7.500000e-001
    endloop
  endfacet
  facet normal -1.000000e+000  0.000000e+000  0.000000e+000
    outer loop
      vertex -7.500000e-001 -7.500000e-001  7.500000e-001
      vertex -7.500000e-001  7.500000e-001  1.875000e-001
      vertex -7.500000e-001 -7.500000e-001  1.875000e-001
    endloop
  endfacet
  facet normal  0.000000e+000 -1.000000e+000  0.000000e+000
    outer loop
      vertex -7.500000e-001 -7.500000e-001  1.875000e-001
      vertex -7.463973e-001 -7.500000e-001  1.509206e-001
      vertex -7.500000e-001 -7.500000e-001  7.500000e-001
    endloop
  endfacet
  facet normal  0.000000e+000 -1.000000e+000  0.000000e+000
    outer loop
      vertex -5.625000e-001 -7.500000e-001  0.000000e+000
      vertex  7.500000e-001 -7.500000e-001  0.000000e+000
      vertex  7.500000e-001 -7.500000e-001  7.500000e-001
    endloop
  endfacet
  facet normal  -0.000000e+000 -1.000000e+000  0.000000e+000
    outer loop
      vertex -5.625000e-001 -7.500000e-001  0.000000e+000
      vertex  7.500000e-001 -7.500000e-001  7.500000e-001
      vertex -7.500000e-001 -7.500000e-001  7.500000e-001
    endloop
  endfacet
  facet normal  0.000000e+000 -1.000000e+000  0.000000e+000
    outer loop
      vertex -5.625000e-001 -7.500000e-001  0.000000e+000
      vertex -7.500000e-001 -7.500000e-001  7.500000e-001
      vertex -7.463973e-001 -7.500000e-001  1.509206e-001
    endloop
  endfacet
  facet normal  0.000000e+000 -1.000000e+000  0.000000e+000
    outer loop
      vertex -5.625000e-001 -7.500000e-001  0.000000e+000
      vertex -7.463973e-001 -7.500000e-001  1.509206e-001
      vertex -7.357274e-001 -7.500000e-001  1.157469e-001
    endloop
  endfacet
  facet normal  0.000000e+000 -1.000000e+000  0.000000e+000
    outer loop
      vertex -5.625000e-001 -7.500000e-001  0.000000e+000
      vertex -7.357274e-001 -7.500000e-001  1.157469e-001
      vertex -7.184005e-001 -7.500000e-001  8.333058e-002
    endloop
  endfacet
  facet normal  0.000000e+000 -1.000000e+000  0.000000e+000
    outer loop
      vertex -5.625000e-001 -7.500000e-001  0.000000e+000
      vertex -7.184005e-001 -7.500000e-001  8.333058e-002
      vertex -6.950825e-001 -7.500000e-001  5.491748e-002
    endloop
  endfacet
  facet normal  0.000000e+000 -1.000000e+000  0.000000e+000
    outer loop
      vertex -5.625000e-001 -7.500000e-001  0.000000e+000
      vertex -6.950825e-001 -7.500000e-001  5.491748e-002
      vertex -6.666694e-001 -7.500000e-001  3.159945e-002
    endloop
  endfacet
  facet normal  0.000000e+000 -1.000000e+000  0.000000e+000
    outer loop
      vertex -5.625000e-001 -7.500000e-001  0.000000e+000
      vertex -6.666694e-001 -7.500000e-001  3.159945e-002
      vertex -6.342531e-001 -7.500000e-001  1.427259e-002
    endloop
  endfacet
  facet normal  0.000000e+000 -1.000000e+000  0.000000e+000
    outer loop
      vertex -5.625000e-001 -7.500000e-001  0.000000e+000
      vertex -6.342531e-001 -7.500000e-001  1.427259e-002
      vertex -5.990794e-001 -7.500000e-001  3.602760e-003
    endloop
  endfacet
  facet normal -9.801716e-002  0.000000e+000 -9.951848e-001
    outer loop
      vertex -5.625000e-001  7.500000e-001  0.000000e+000
      vertex -5.625000e-001 -7.500000e-001  0.000000e+000
      vertex -5.990794e-001  7.500000e-001  3.602760e-003
    endloop
  endfacet
  facet normal -9.801716e-002  -0.000000e+000 -9.951848e-001
    outer loop
      vertex -5.990794e-001  7.500000e-001  3.602760e-003
      vertex -5.625000e-001 -7.500000e-001  0.000000e+000
      vertex -5.990794e-001 -7.500000e-001  3.602760e-003
    endloop
  endfacet
  facet normal -2.902846e-001  0.000000e+000 -9.569404e-001
    outer loop
      vertex -5.990794e-001  7.500000e-001  3.602760e-003
      vertex -5.990794e-001 -7.500000e-001  3.602760e-003
      vertex -6.342531e-001  7.500000e-001  1.427259e-002
    endloop
  endfacet
  facet normal -2.902846e-001  -0.000000e+000 -9.569404e-001
    outer loop
      vertex -6.342531e-001  7.500000e-001  1.427259e-002
      vertex -5.990794e-001 -7.500000e-001  3.602760e-003
      vertex -6.342531e-001 -7.500000e-001  1.427259e-002
    endloop
  endfacet
  facet normal -4.713966e-001  0.000000e+000 -8.819213e-001
    outer loop
      vertex -6.342531e-001  7.500000e-001  1.427259e-002
      vertex -6.342531e-001 -7.500000e-001  1.427259e-002
      vertex -6.666694e-001  7.500000e-001  3.159945e-002
    endloop
  endfacet
  facet normal -4.713966e-001  -0.000000e+000 -8.819213e-001
    outer loop
      vertex -6.666694e-001  7.500000e-001  3.159945e-002
      vertex -6.342531e-001 -7.500000e-001  1.427259e-002
      vertex -6.666694e-001 -7.500000e-001  3.159945e-002
    endloop
  endfacet
  facet normal -6.343930e-001  0.000000e+000 -7.730106e-001
    outer loop
      vertex -6.666694e-001  7.500000e-001  3.159945e-002
      vertex -6.666694e-001 -7.500000e-001  3.159945e-002
      vertex -6.950825e-001  7.500000e-001  5.491748e-002
    endloop
  endfacet
  facet normal -6.343930e-001  -0.000000e+000 -7.730106e-001
    outer loop
      vertex -6.950825e-001  7.500000e-001  5.491748e-002
      vertex -6.666694e-001 -7.500000e-001  3.159945e-002
      vertex -6.950825e-001 -7.500000e-001  5.491748e-002
    endloop
  endfacet
  facet normal -7.730109e-001  0.000000e+000 -6.343926e-001
    outer loop
      vertex -6.950825e-001  7.500000e-001  5.491748e-002
      vertex -6.950825e-001 -7.500000e-001  5.491748e-002
      vertex -7.184005e-001  7.500000e-001  8.333058e-002
    endloop
  endfacet
  facet normal -7.730109e-001  -0.000000e+000 -6.343926e-001
    outer loop
      vertex -7.184005e-001  7.500000e-001  8.333058e-002
      vertex -6.950825e-001 -7.500000e-001  5.491748e-002
      vertex -7.184005e-001 -7.500000e-001  8.333058e-002
    endloop
  endfacet
  facet normal -8.819209e-001  0.000000e+000 -4.713974e-001
    outer loop
      vertex -7.184005e-001  7.500000e-001  8.333058e-002
      vertex -7.184005e-001 -7.500000e-001  8.333058e-002
      vertex -7.357274e-001  7.500000e-001  1.157469e-001
    endloop
  endfacet
  facet normal -8.819209e-001  -0.000000e+000 -4.713974e-001
    outer loop
      vertex -7.357274e-001  7.500000e-001  1.157469e-001
      vertex -7.184005e-001 -7.500000e-001  8.333058e-002
      vertex -7.357274e-001 -7.500000e-001  1.157469e-001
    endloop
  endfacet
  facet normal -9.569404e-001  0.000000e+000 -2.902846e-001
    outer loop
      vertex -7.357274e-001  7.500000e-001  1.157469e-001
      vertex -7.357274e-001 -7.500000e-001  1.157469e-001
      vertex -7.463973e-001  7.500000e-001  1.509206e-001
    endloop
  endfacet
  facet normal -9.569404e-001  -0.000000e+000 -2.902846e-001
    outer loop
      vertex -7.463973e-001  7.500000e-001  1.509206e-001
      vertex -7.357274e-001 -7.500000e-001  1.157469e-001
      vertex -7.463973e-001 -7.500000e-001  1.509206e-001
    endloop
  endfacet
  facet normal -9.951848e-001  0.000000e+000 -9.801670e-002
    outer loop
      vertex -7.463973e-001  7.500000e-001  1.509206e-001
      vertex -7.463973e-001 -7.500000e-001  1.509206e-001
      vertex -7.500000e-001  7.500000e-001  1.875000e-001
    endloop
  endfacet
  facet normal -9.951848e-001  -0.000000e+000 -9.801670e-002
    outer loop
      vertex -7.500000e-001  7.500000e-001  1.875000e-001
      vertex -7.463973e-001 -7.500000e-001  1.509206e-001
      vertex -7.500000e-001 -7.500000e-001  1.875000e-001
    endloop
  endfacet
endsolid CATIA STL
