solid CATIA STL
  facet normal  -0.000000e+000  -0.000000e+000  1.000000e+000
    outer loop
      vertex -3.437500e-001 -2.031250e-001  1.718750e-001
      vertex -3.410479e-001 -2.305596e-001  1.718750e-001
      vertex -3.330456e-001 -2.569399e-001  1.718750e-001
    endloop
  endfacet
  facet normal  -0.000000e+000  -0.000000e+000  1.000000e+000
    outer loop
      vertex -3.437500e-001 -2.031250e-001  1.718750e-001
      vertex -3.330456e-001 -2.569399e-001  1.718750e-001
      vertex -3.200504e-001 -2.812521e-001  1.718750e-001
    endloop
  endfacet
  facet normal  -0.000000e+000  -0.000000e+000  1.000000e+000
    outer loop
      vertex -3.437500e-001 -2.031250e-001  1.718750e-001
      vertex -3.200504e-001 -2.812521e-001  1.718750e-001
      vertex -3.025619e-001 -3.025619e-001  1.718750e-001
    endloop
  endfacet
  facet normal  -0.000000e+000  -0.000000e+000  1.000000e+000
    outer loop
      vertex -3.437500e-001 -2.031250e-001  1.718750e-001
      vertex -3.025619e-001 -3.025619e-001  1.718750e-001
      vertex -2.812521e-001 -3.200504e-001  1.718750e-001
    endloop
  endfacet
  facet normal  -0.000000e+000  -0.000000e+000  1.000000e+000
    outer loop
      vertex -3.437500e-001 -2.031250e-001  1.718750e-001
      vertex -2.812521e-001 -3.200504e-001  1.718750e-001
      vertex -2.569399e-001 -3.330456e-001  1.718750e-001
    endloop
  endfacet
  facet normal  -0.000000e+000  -0.000000e+000  9.999999e-001
    outer loop
      vertex -3.437500e-001 -2.031250e-001  1.718750e-001
      vertex -2.569399e-001 -3.330456e-001  1.718750e-001
      vertex -2.305596e-001 -3.410479e-001  1.718750e-001
    endloop
  endfacet
  facet normal  -0.000000e+000  -0.000000e+000  1.000000e+000
    outer loop
      vertex -3.437500e-001 -2.031250e-001  1.718750e-001
      vertex -2.305596e-001 -3.410479e-001  1.718750e-001
      vertex -2.031250e-001 -3.437500e-001  1.718750e-001
    endloop
  endfacet
  facet normal  0.000000e+000  -0.000000e+000  1.000000e+000
    outer loop
      vertex -3.437500e-001 -2.031250e-001  1.718750e-001
      vertex -2.031250e-001 -3.437500e-001  1.718750e-001
      vertex  3.359375e-001 -3.437500e-001  1.718750e-001
    endloop
  endfacet
  facet normal  0.000000e+000  -0.000000e+000  9.999999e-001
    outer loop
      vertex -3.437500e-001 -2.031250e-001  1.718750e-001
      vertex  3.359375e-001 -3.437500e-001  1.718750e-001
      vertex  3.359375e-001  3.359375e-001  1.718750e-001
    endloop
  endfacet
  facet normal  0.000000e+000  0.000000e+000  9.999999e-001
    outer loop
      vertex -3.437500e-001 -2.031250e-001  1.718750e-001
      vertex  3.359375e-001  3.359375e-001  1.718750e-001
      vertex -3.437500e-001  3.359375e-001  1.718750e-001
    endloop
  endfacet
  facet normal  0.000000e+000  0.000000e+000 -9.999999e-001
    outer loop
      vertex -3.437500e-001 -2.031250e-001  0.000000e+000
      vertex -3.437500e-001  3.359375e-001  0.000000e+000
      vertex  3.359375e-001  3.359375e-001  0.000000e+000
    endloop
  endfacet
  facet normal  0.000000e+000  -0.000000e+000 -9.999999e-001
    outer loop
      vertex -3.437500e-001 -2.031250e-001  0.000000e+000
      vertex  3.359375e-001  3.359375e-001  0.000000e+000
      vertex  3.359375e-001 -3.437500e-001  0.000000e+000
    endloop
  endfacet
  facet normal  0.000000e+000  0.000000e+000 -1.000000e+000
    outer loop
      vertex -3.437500e-001 -2.031250e-001  0.000000e+000
      vertex  3.359375e-001 -3.437500e-001  0.000000e+000
      vertex -2.031250e-001 -3.437500e-001  0.000000e+000
    endloop
  endfacet
  facet normal  0.000000e+000  0.000000e+000 -1.000000e+000
    outer loop
      vertex -3.437500e-001 -2.031250e-001  0.000000e+000
      vertex -2.031250e-001 -3.437500e-001  0.000000e+000
      vertex -2.305596e-001 -3.410479e-001  0.000000e+000
    endloop
  endfacet
  facet normal  0.000000e+000  0.000000e+000 -9.999999e-001
    outer loop
      vertex -3.437500e-001 -2.031250e-001  0.000000e+000
      vertex -2.305596e-001 -3.410479e-001  0.000000e+000
      vertex -2.569399e-001 -3.330456e-001  0.000000e+000
    endloop
  endfacet
  facet normal  0.000000e+000  0.000000e+000 -1.000000e+000
    outer loop
      vertex -3.437500e-001 -2.031250e-001  0.000000e+000
      vertex -2.569399e-001 -3.330456e-001  0.000000e+000
      vertex -2.812521e-001 -3.200504e-001  0.000000e+000
    endloop
  endfacet
  facet normal  0.000000e+000  0.000000e+000 -1.000000e+000
    outer loop
      vertex -3.437500e-001 -2.031250e-001  0.000000e+000
      vertex -2.812521e-001 -3.200504e-001  0.000000e+000
      vertex -3.025619e-001 -3.025619e-001  0.000000e+000
    endloop
  endfacet
  facet normal  0.000000e+000  0.000000e+000 -1.000000e+000
    outer loop
      vertex -3.437500e-001 -2.031250e-001  0.000000e+000
      vertex -3.025619e-001 -3.025619e-001  0.000000e+000
      vertex -3.200504e-001 -2.812521e-001  0.000000e+000
    endloop
  endfacet
  facet normal  0.000000e+000  0.000000e+000 -1.000000e+000
    outer loop
      vertex -3.437500e-001 -2.031250e-001  0.000000e+000
      vertex -3.200504e-001 -2.812521e-001  0.000000e+000
      vertex -3.330456e-001 -2.569399e-001  0.000000e+000
    endloop
  endfacet
  facet normal  0.000000e+000  0.000000e+000 -1.000000e+000
    outer loop
      vertex -3.437500e-001 -2.031250e-001  0.000000e+000
      vertex -3.330456e-001 -2.569399e-001  0.000000e+000
      vertex -3.410479e-001 -2.305596e-001  0.000000e+000
    endloop
  endfacet
  facet normal -1.000000e+000  0.000000e+000  0.000000e+000
    outer loop
      vertex -3.437500e-001  3.359375e-001  1.718750e-001
      vertex -3.437500e-001  3.359375e-001  0.000000e+000
      vertex -3.437500e-001 -2.031250e-001  1.718750e-001
    endloop
  endfacet
  facet normal -1.000000e+000  0.000000e+000  0.000000e+000
    outer loop
      vertex -3.437500e-001 -2.031250e-001  1.718750e-001
      vertex -3.437500e-001  3.359375e-001  0.000000e+000
      vertex -3.437500e-001 -2.031250e-001  0.000000e+000
    endloop
  endfacet
  facet normal  0.000000e+000 -1.000000e+000  0.000000e+000
    outer loop
      vertex -2.031250e-001 -3.437500e-001  1.718750e-001
      vertex -2.031250e-001 -3.437500e-001  0.000000e+000
      vertex  3.359375e-001 -3.437500e-001  1.718750e-001
    endloop
  endfacet
  facet normal  0.000000e+000 -1.000000e+000  -0.000000e+000
    outer loop
      vertex  3.359375e-001 -3.437500e-001  1.718750e-001
      vertex -2.031250e-001 -3.437500e-001  0.000000e+000
      vertex  3.359375e-001 -3.437500e-001  0.000000e+000
    endloop
  endfacet
  facet normal -9.801671e-002 -9.951848e-001  -0.000000e+000
    outer loop
      vertex -2.031250e-001 -3.437500e-001  0.000000e+000
      vertex -2.031250e-001 -3.437500e-001  1.718750e-001
      vertex -2.305596e-001 -3.410479e-001  0.000000e+000
    endloop
  endfacet
  facet normal -9.801671e-002 -9.951848e-001  0.000000e+000
    outer loop
      vertex -2.305596e-001 -3.410479e-001  0.000000e+000
      vertex -2.031250e-001 -3.437500e-001  1.718750e-001
      vertex -2.305596e-001 -3.410479e-001  1.718750e-001
    endloop
  endfacet
  facet normal -2.902846e-001 -9.569404e-001  -0.000000e+000
    outer loop
      vertex -2.305596e-001 -3.410479e-001  0.000000e+000
      vertex -2.305596e-001 -3.410479e-001  1.718750e-001
      vertex -2.569399e-001 -3.330456e-001  0.000000e+000
    endloop
  endfacet
  facet normal -2.902846e-001 -9.569404e-001  0.000000e+000
    outer loop
      vertex -2.569399e-001 -3.330456e-001  0.000000e+000
      vertex -2.305596e-001 -3.410479e-001  1.718750e-001
      vertex -2.569399e-001 -3.330456e-001  1.718750e-001
    endloop
  endfacet
  facet normal -4.713971e-001 -8.819211e-001  -0.000000e+000
    outer loop
      vertex -2.569399e-001 -3.330456e-001  0.000000e+000
      vertex -2.569399e-001 -3.330456e-001  1.718750e-001
      vertex -2.812521e-001 -3.200504e-001  0.000000e+000
    endloop
  endfacet
  facet normal -4.713971e-001 -8.819211e-001  0.000000e+000
    outer loop
      vertex -2.812521e-001 -3.200504e-001  0.000000e+000
      vertex -2.569399e-001 -3.330456e-001  1.718750e-001
      vertex -2.812521e-001 -3.200504e-001  1.718750e-001
    endloop
  endfacet
  facet normal -6.343937e-001 -7.730101e-001  -0.000000e+000
    outer loop
      vertex -2.812521e-001 -3.200504e-001  0.000000e+000
      vertex -2.812521e-001 -3.200504e-001  1.718750e-001
      vertex -3.025619e-001 -3.025619e-001  0.000000e+000
    endloop
  endfacet
  facet normal -6.343937e-001 -7.730101e-001  0.000000e+000
    outer loop
      vertex -3.025619e-001 -3.025619e-001  0.000000e+000
      vertex -2.812521e-001 -3.200504e-001  1.718750e-001
      vertex -3.025619e-001 -3.025619e-001  1.718750e-001
    endloop
  endfacet
  facet normal -7.730101e-001 -6.343937e-001  -0.000000e+000
    outer loop
      vertex -3.025619e-001 -3.025619e-001  0.000000e+000
      vertex -3.025619e-001 -3.025619e-001  1.718750e-001
      vertex -3.200504e-001 -2.812521e-001  0.000000e+000
    endloop
  endfacet
  facet normal -7.730101e-001 -6.343937e-001  0.000000e+000
    outer loop
      vertex -3.200504e-001 -2.812521e-001  0.000000e+000
      vertex -3.025619e-001 -3.025619e-001  1.718750e-001
      vertex -3.200504e-001 -2.812521e-001  1.718750e-001
    endloop
  endfacet
  facet normal -8.819211e-001 -4.713971e-001  -0.000000e+000
    outer loop
      vertex -3.200504e-001 -2.812521e-001  0.000000e+000
      vertex -3.200504e-001 -2.812521e-001  1.718750e-001
      vertex -3.330456e-001 -2.569399e-001  0.000000e+000
    endloop
  endfacet
  facet normal -8.819211e-001 -4.713971e-001  0.000000e+000
    outer loop
      vertex -3.330456e-001 -2.569399e-001  0.000000e+000
      vertex -3.200504e-001 -2.812521e-001  1.718750e-001
      vertex -3.330456e-001 -2.569399e-001  1.718750e-001
    endloop
  endfacet
  facet normal -9.569404e-001 -2.902846e-001  -0.000000e+000
    outer loop
      vertex -3.330456e-001 -2.569399e-001  0.000000e+000
      vertex -3.330456e-001 -2.569399e-001  1.718750e-001
      vertex -3.410479e-001 -2.305596e-001  0.000000e+000
    endloop
  endfacet
  facet normal -9.569404e-001 -2.902846e-001  0.000000e+000
    outer loop
      vertex -3.410479e-001 -2.305596e-001  0.000000e+000
      vertex -3.330456e-001 -2.569399e-001  1.718750e-001
      vertex -3.410479e-001 -2.305596e-001  1.718750e-001
    endloop
  endfacet
  facet normal -9.951848e-001 -9.801671e-002  -0.000000e+000
    outer loop
      vertex -3.410479e-001 -2.305596e-001  0.000000e+000
      vertex -3.410479e-001 -2.305596e-001  1.718750e-001
      vertex -3.437500e-001 -2.031250e-001  0.000000e+000
    endloop
  endfacet
  facet normal -9.951848e-001 -9.801671e-002  0.000000e+000
    outer loop
      vertex -3.437500e-001 -2.031250e-001  0.000000e+000
      vertex -3.410479e-001 -2.305596e-001  1.718750e-001
      vertex -3.437500e-001 -2.031250e-001  1.718750e-001
    endloop
  endfacet
  facet normal  0.000000e+000  1.000000e+000  -0.000000e+000
    outer loop
      vertex  3.359375e-001  3.359375e-001  1.718750e-001
      vertex  3.359375e-001  3.359375e-001  0.000000e+000
      vertex -3.437500e-001  3.359375e-001  1.718750e-001
    endloop
  endfacet
  facet normal  0.000000e+000  1.000000e+000  0.000000e+000
    outer loop
      vertex -3.437500e-001  3.359375e-001  1.718750e-001
      vertex  3.359375e-001  3.359375e-001  0.000000e+000
      vertex -3.437500e-001  3.359375e-001  0.000000e+000
    endloop
  endfacet
  facet normal  1.000000e+000  0.000000e+000  0.000000e+000
    outer loop
      vertex  3.359375e-001 -3.437500e-001  1.718750e-001
      vertex  3.359375e-001 -3.437500e-001  0.000000e+000
      vertex  3.359375e-001  3.359375e-001  1.718750e-001
    endloop
  endfacet
  facet normal  1.000000e+000  0.000000e+000  0.000000e+000
    outer loop
      vertex  3.359375e-001  3.359375e-001  1.718750e-001
      vertex  3.359375e-001 -3.437500e-001  0.000000e+000
      vertex  3.359375e-001  3.359375e-001  0.000000e+000
    endloop
  endfacet
endsolid CATIA STL
