solid CATIA STL
  facet normal  0.000000e+000 -1.000000e+000  0.000000e+000
    outer loop
      vertex  4.592425e-017 -1.562500e-002  7.500000e-001
      vertex  0.000000e+000 -1.562500e-002  0.000000e+000
      vertex  7.500000e-001 -1.562500e-002 -4.592425e-017
    endloop
  endfacet
  facet normal  0.000000e+000 -1.000000e+000  0.000000e+000
    outer loop
      vertex  4.592425e-017 -1.562500e-002  7.500000e-001
      vertex  7.500000e-001 -1.562500e-002 -4.592425e-017
      vertex  7.500000e-001 -1.562500e-002  5.781250e-001
    endloop
  endfacet
  facet normal  0.000000e+000 -1.000000e+000  0.000000e+000
    outer loop
      vertex  4.592425e-017 -1.562500e-002  7.500000e-001
      vertex  7.500000e-001 -1.562500e-002  5.781250e-001
      vertex  7.466975e-001 -1.562500e-002  6.116561e-001
    endloop
  endfacet
  facet normal  0.000000e+000 -1.000000e+000  0.000000e+000
    outer loop
      vertex  4.592425e-017 -1.562500e-002  7.500000e-001
      vertex  7.466975e-001 -1.562500e-002  6.116561e-001
      vertex  7.369168e-001 -1.562500e-002  6.438987e-001
    endloop
  endfacet
  facet normal  0.000000e+000 -1.000000e+000  0.000000e+000
    outer loop
      vertex  4.592425e-017 -1.562500e-002  7.500000e-001
      vertex  7.369168e-001 -1.562500e-002  6.438987e-001
      vertex  7.210338e-001 -1.562500e-002  6.736136e-001
    endloop
  endfacet
  facet normal  0.000000e+000 -9.999999e-001  0.000000e+000
    outer loop
      vertex  4.592425e-017 -1.562500e-002  7.500000e-001
      vertex  7.210338e-001 -1.562500e-002  6.736136e-001
      vertex  6.996590e-001 -1.562500e-002  6.996590e-001
    endloop
  endfacet
  facet normal  0.000000e+000 -1.000000e+000  0.000000e+000
    outer loop
      vertex  4.592425e-017 -1.562500e-002  7.500000e-001
      vertex  6.996590e-001 -1.562500e-002  6.996590e-001
      vertex  6.736136e-001 -1.562500e-002  7.210338e-001
    endloop
  endfacet
  facet normal  0.000000e+000 -1.000000e+000  0.000000e+000
    outer loop
      vertex  4.592425e-017 -1.562500e-002  7.500000e-001
      vertex  6.736136e-001 -1.562500e-002  7.210338e-001
      vertex  6.438987e-001 -1.562500e-002  7.369168e-001
    endloop
  endfacet
  facet normal  0.000000e+000 -1.000000e+000  0.000000e+000
    outer loop
      vertex  4.592425e-017 -1.562500e-002  7.500000e-001
      vertex  6.438987e-001 -1.562500e-002  7.369168e-001
      vertex  6.116561e-001 -1.562500e-002  7.466975e-001
    endloop
  endfacet
  facet normal  0.000000e+000 -1.000000e+000  0.000000e+000
    outer loop
      vertex  4.592425e-017 -1.562500e-002  7.500000e-001
      vertex  6.116561e-001 -1.562500e-002  7.466975e-001
      vertex  5.781250e-001 -1.562500e-002  7.500000e-001
    endloop
  endfacet
  facet normal  0.000000e+000  1.000000e+000  0.000000e+000
    outer loop
      vertex  4.592425e-017  0.000000e+000  7.500000e-001
      vertex  5.781250e-001  0.000000e+000  7.500000e-001
      vertex  6.116561e-001  0.000000e+000  7.466975e-001
    endloop
  endfacet
  facet normal  0.000000e+000  1.000000e+000  0.000000e+000
    outer loop
      vertex  4.592425e-017  0.000000e+000  7.500000e-001
      vertex  6.116561e-001  0.000000e+000  7.466975e-001
      vertex  6.438987e-001  0.000000e+000  7.369168e-001
    endloop
  endfacet
  facet normal  0.000000e+000  1.000000e+000  0.000000e+000
    outer loop
      vertex  4.592425e-017  0.000000e+000  7.500000e-001
      vertex  6.438987e-001  0.000000e+000  7.369168e-001
      vertex  6.736136e-001  0.000000e+000  7.210338e-001
    endloop
  endfacet
  facet normal  0.000000e+000  1.000000e+000  0.000000e+000
    outer loop
      vertex  4.592425e-017  0.000000e+000  7.500000e-001
      vertex  6.736136e-001  0.000000e+000  7.210338e-001
      vertex  6.996590e-001  0.000000e+000  6.996590e-001
    endloop
  endfacet
  facet normal  0.000000e+000  9.999999e-001  0.000000e+000
    outer loop
      vertex  4.592425e-017  0.000000e+000  7.500000e-001
      vertex  6.996590e-001  0.000000e+000  6.996590e-001
      vertex  7.210338e-001  0.000000e+000  6.736136e-001
    endloop
  endfacet
  facet normal  0.000000e+000  1.000000e+000  0.000000e+000
    outer loop
      vertex  4.592425e-017  0.000000e+000  7.500000e-001
      vertex  7.210338e-001  0.000000e+000  6.736136e-001
      vertex  7.369168e-001  0.000000e+000  6.438987e-001
    endloop
  endfacet
  facet normal  0.000000e+000  1.000000e+000  0.000000e+000
    outer loop
      vertex  4.592425e-017  0.000000e+000  7.500000e-001
      vertex  7.369168e-001  0.000000e+000  6.438987e-001
      vertex  7.466975e-001  0.000000e+000  6.116561e-001
    endloop
  endfacet
  facet normal  0.000000e+000  1.000000e+000  0.000000e+000
    outer loop
      vertex  4.592425e-017  0.000000e+000  7.500000e-001
      vertex  7.466975e-001  0.000000e+000  6.116561e-001
      vertex  7.500000e-001  0.000000e+000  5.781250e-001
    endloop
  endfacet
  facet normal  0.000000e+000  1.000000e+000  0.000000e+000
    outer loop
      vertex  4.592425e-017  0.000000e+000  7.500000e-001
      vertex  7.500000e-001  0.000000e+000  5.781250e-001
      vertex  7.500000e-001  0.000000e+000 -4.592425e-017
    endloop
  endfacet
  facet normal  0.000000e+000  1.000000e+000  0.000000e+000
    outer loop
      vertex  4.592425e-017  0.000000e+000  7.500000e-001
      vertex  7.500000e-001  0.000000e+000 -4.592425e-017
      vertex  0.000000e+000  0.000000e+000  0.000000e+000
    endloop
  endfacet
  facet normal  0.000000e+000  0.000000e+000  1.000000e+000
    outer loop
      vertex  5.781250e-001 -1.562500e-002  7.500000e-001
      vertex  5.781250e-001  0.000000e+000  7.500000e-001
      vertex  4.592425e-017 -1.562500e-002  7.500000e-001
    endloop
  endfacet
  facet normal  0.000000e+000  0.000000e+000  1.000000e+000
    outer loop
      vertex  4.592425e-017 -1.562500e-002  7.500000e-001
      vertex  5.781250e-001  0.000000e+000  7.500000e-001
      vertex  4.592425e-017  0.000000e+000  7.500000e-001
    endloop
  endfacet
  facet normal  1.000000e+000  0.000000e+000  0.000000e+000
    outer loop
      vertex  7.500000e-001 -1.562500e-002 -4.592425e-017
      vertex  7.500000e-001  0.000000e+000 -4.592425e-017
      vertex  7.500000e-001 -1.562500e-002  5.781250e-001
    endloop
  endfacet
  facet normal  1.000000e+000  -0.000000e+000  0.000000e+000
    outer loop
      vertex  7.500000e-001 -1.562500e-002  5.781250e-001
      vertex  7.500000e-001  0.000000e+000 -4.592425e-017
      vertex  7.500000e-001  0.000000e+000  5.781250e-001
    endloop
  endfacet
  facet normal  9.801675e-002  -0.000000e+000  9.951848e-001
    outer loop
      vertex  5.781250e-001  0.000000e+000  7.500000e-001
      vertex  5.781250e-001 -1.562500e-002  7.500000e-001
      vertex  6.116561e-001  0.000000e+000  7.466975e-001
    endloop
  endfacet
  facet normal  9.801675e-002  0.000000e+000  9.951848e-001
    outer loop
      vertex  6.116561e-001  0.000000e+000  7.466975e-001
      vertex  5.781250e-001 -1.562500e-002  7.500000e-001
      vertex  6.116561e-001 -1.562500e-002  7.466975e-001
    endloop
  endfacet
  facet normal  2.902852e-001  -0.000000e+000  9.569402e-001
    outer loop
      vertex  6.116561e-001  0.000000e+000  7.466975e-001
      vertex  6.116561e-001 -1.562500e-002  7.466975e-001
      vertex  6.438987e-001  0.000000e+000  7.369168e-001
    endloop
  endfacet
  facet normal  2.902852e-001  0.000000e+000  9.569402e-001
    outer loop
      vertex  6.438987e-001  0.000000e+000  7.369168e-001
      vertex  6.116561e-001 -1.562500e-002  7.466975e-001
      vertex  6.438987e-001 -1.562500e-002  7.369168e-001
    endloop
  endfacet
  facet normal  4.713975e-001  -0.000000e+000  8.819209e-001
    outer loop
      vertex  6.438987e-001  0.000000e+000  7.369168e-001
      vertex  6.438987e-001 -1.562500e-002  7.369168e-001
      vertex  6.736136e-001  0.000000e+000  7.210338e-001
    endloop
  endfacet
  facet normal  4.713975e-001  0.000000e+000  8.819209e-001
    outer loop
      vertex  6.736136e-001  0.000000e+000  7.210338e-001
      vertex  6.438987e-001 -1.562500e-002  7.369168e-001
      vertex  6.736136e-001 -1.562500e-002  7.210338e-001
    endloop
  endfacet
  facet normal  6.343920e-001  -0.000000e+000  7.730115e-001
    outer loop
      vertex  6.736136e-001  0.000000e+000  7.210338e-001
      vertex  6.736136e-001 -1.562500e-002  7.210338e-001
      vertex  6.996590e-001  0.000000e+000  6.996590e-001
    endloop
  endfacet
  facet normal  6.343920e-001  0.000000e+000  7.730115e-001
    outer loop
      vertex  6.996590e-001  0.000000e+000  6.996590e-001
      vertex  6.736136e-001 -1.562500e-002  7.210338e-001
      vertex  6.996590e-001 -1.562500e-002  6.996590e-001
    endloop
  endfacet
  facet normal  7.730115e-001  -0.000000e+000  6.343920e-001
    outer loop
      vertex  6.996590e-001  0.000000e+000  6.996590e-001
      vertex  6.996590e-001 -1.562500e-002  6.996590e-001
      vertex  7.210338e-001  0.000000e+000  6.736136e-001
    endloop
  endfacet
  facet normal  7.730115e-001  0.000000e+000  6.343920e-001
    outer loop
      vertex  7.210338e-001  0.000000e+000  6.736136e-001
      vertex  6.996590e-001 -1.562500e-002  6.996590e-001
      vertex  7.210338e-001 -1.562500e-002  6.736136e-001
    endloop
  endfacet
  facet normal  8.819209e-001  -0.000000e+000  4.713975e-001
    outer loop
      vertex  7.210338e-001  0.000000e+000  6.736136e-001
      vertex  7.210338e-001 -1.562500e-002  6.736136e-001
      vertex  7.369168e-001  0.000000e+000  6.438987e-001
    endloop
  endfacet
  facet normal  8.819209e-001  0.000000e+000  4.713975e-001
    outer loop
      vertex  7.369168e-001  0.000000e+000  6.438987e-001
      vertex  7.210338e-001 -1.562500e-002  6.736136e-001
      vertex  7.369168e-001 -1.562500e-002  6.438987e-001
    endloop
  endfacet
  facet normal  9.569402e-001  -0.000000e+000  2.902852e-001
    outer loop
      vertex  7.369168e-001  0.000000e+000  6.438987e-001
      vertex  7.369168e-001 -1.562500e-002  6.438987e-001
      vertex  7.466975e-001  0.000000e+000  6.116561e-001
    endloop
  endfacet
  facet normal  9.569402e-001  0.000000e+000  2.902852e-001
    outer loop
      vertex  7.466975e-001  0.000000e+000  6.116561e-001
      vertex  7.369168e-001 -1.562500e-002  6.438987e-001
      vertex  7.466975e-001 -1.562500e-002  6.116561e-001
    endloop
  endfacet
  facet normal  9.951848e-001  -0.000000e+000  9.801675e-002
    outer loop
      vertex  7.466975e-001  0.000000e+000  6.116561e-001
      vertex  7.466975e-001 -1.562500e-002  6.116561e-001
      vertex  7.500000e-001  0.000000e+000  5.781250e-001
    endloop
  endfacet
  facet normal  9.951848e-001  0.000000e+000  9.801675e-002
    outer loop
      vertex  7.500000e-001  0.000000e+000  5.781250e-001
      vertex  7.466975e-001 -1.562500e-002  6.116561e-001
      vertex  7.500000e-001 -1.562500e-002  5.781250e-001
    endloop
  endfacet
  facet normal -1.000000e+000  0.000000e+000  6.123234e-017
    outer loop
      vertex  4.592425e-017 -1.562500e-002  7.500000e-001
      vertex  4.592425e-017  0.000000e+000  7.500000e-001
      vertex  0.000000e+000 -1.562500e-002  0.000000e+000
    endloop
  endfacet
  facet normal -1.000000e+000  0.000000e+000  6.123234e-017
    outer loop
      vertex  0.000000e+000 -1.562500e-002  0.000000e+000
      vertex  4.592425e-017  0.000000e+000  7.500000e-001
      vertex  0.000000e+000  0.000000e+000  0.000000e+000
    endloop
  endfacet
  facet normal -6.123234e-017  -0.000000e+000 -1.000000e+000
    outer loop
      vertex  0.000000e+000 -1.562500e-002  0.000000e+000
      vertex  0.000000e+000  0.000000e+000  0.000000e+000
      vertex  7.500000e-001 -1.562500e-002 -4.592425e-017
    endloop
  endfacet
  facet normal -6.123234e-017  0.000000e+000 -1.000000e+000
    outer loop
      vertex  7.500000e-001 -1.562500e-002 -4.592425e-017
      vertex  0.000000e+000  0.000000e+000  0.000000e+000
      vertex  7.500000e-001  0.000000e+000 -4.592425e-017
    endloop
  endfacet
endsolid CATIA STL
