solid CATIA STL
  facet normal  0.000000e+000  0.000000e+000 -1.000000e+000
    outer loop
      vertex  1.718750e-001 -7.500000e-001  0.000000e+000
      vertex  1.718750e-001  0.000000e+000  0.000000e+000
      vertex  7.500000e-001 -7.500000e-001  0.000000e+000
    endloop
  endfacet
  facet normal  0.000000e+000  0.000000e+000 -1.000000e+000
    outer loop
      vertex  7.500000e-001 -7.500000e-001  0.000000e+000
      vertex  1.718750e-001  0.000000e+000  0.000000e+000
      vertex  7.500000e-001  0.000000e+000  0.000000e+000
    endloop
  endfacet
  facet normal -1.000000e+000  0.000000e+000  0.000000e+000
    outer loop
      vertex  0.000000e+000  0.000000e+000  1.718750e-001
      vertex  0.000000e+000 -7.500000e-001  1.718750e-001
      vertex  0.000000e+000  0.000000e+000  9.921875e-001
    endloop
  endfacet
  facet normal -1.000000e+000  -0.000000e+000  0.000000e+000
    outer loop
      vertex  0.000000e+000  0.000000e+000  9.921875e-001
      vertex  0.000000e+000 -7.500000e-001  1.718750e-001
      vertex  0.000000e+000 -7.500000e-001  9.921875e-001
    endloop
  endfacet
  facet normal  0.000000e+000  9.999999e-001  0.000000e+000
    outer loop
      vertex  1.718750e-001  0.000000e+000  0.000000e+000
      vertex  1.383439e-001  0.000000e+000  3.302530e-003
      vertex  7.500000e-001  0.000000e+000  0.000000e+000
    endloop
  endfacet
  facet normal  -0.000000e+000  1.000000e+000  0.000000e+000
    outer loop
      vertex  0.000000e+000  0.000000e+000  1.718750e-001
      vertex  0.000000e+000  0.000000e+000  9.921875e-001
      vertex  7.500000e-001  0.000000e+000  9.921875e-001
    endloop
  endfacet
  facet normal  0.000000e+000  1.000000e+000  0.000000e+000
    outer loop
      vertex  0.000000e+000  0.000000e+000  1.718750e-001
      vertex  7.500000e-001  0.000000e+000  9.921875e-001
      vertex  7.500000e-001  0.000000e+000  0.000000e+000
    endloop
  endfacet
  facet normal  0.000000e+000  1.000000e+000  0.000000e+000
    outer loop
      vertex  0.000000e+000  0.000000e+000  1.718750e-001
      vertex  7.500000e-001  0.000000e+000  0.000000e+000
      vertex  1.383439e-001  0.000000e+000  3.302530e-003
    endloop
  endfacet
  facet normal  0.000000e+000  1.000000e+000  0.000000e+000
    outer loop
      vertex  0.000000e+000  0.000000e+000  1.718750e-001
      vertex  1.383439e-001  0.000000e+000  3.302530e-003
      vertex  1.061013e-001  0.000000e+000  1.308321e-002
    endloop
  endfacet
  facet normal  0.000000e+000  1.000000e+000  0.000000e+000
    outer loop
      vertex  0.000000e+000  0.000000e+000  1.718750e-001
      vertex  1.061013e-001  0.000000e+000  1.308321e-002
      vertex  7.638637e-002  0.000000e+000  2.896616e-002
    endloop
  endfacet
  facet normal  0.000000e+000  1.000000e+000  0.000000e+000
    outer loop
      vertex  0.000000e+000  0.000000e+000  1.718750e-001
      vertex  7.638637e-002  0.000000e+000  2.896616e-002
      vertex  5.034102e-002  0.000000e+000  5.034102e-002
    endloop
  endfacet
  facet normal  0.000000e+000  1.000000e+000  0.000000e+000
    outer loop
      vertex  0.000000e+000  0.000000e+000  1.718750e-001
      vertex  5.034102e-002  0.000000e+000  5.034102e-002
      vertex  2.896616e-002  0.000000e+000  7.638637e-002
    endloop
  endfacet
  facet normal  0.000000e+000  1.000000e+000  0.000000e+000
    outer loop
      vertex  0.000000e+000  0.000000e+000  1.718750e-001
      vertex  2.896616e-002  0.000000e+000  7.638637e-002
      vertex  1.308321e-002  0.000000e+000  1.061013e-001
    endloop
  endfacet
  facet normal  0.000000e+000  9.999999e-001  0.000000e+000
    outer loop
      vertex  0.000000e+000  0.000000e+000  1.718750e-001
      vertex  1.308321e-002  0.000000e+000  1.061013e-001
      vertex  3.302530e-003  0.000000e+000  1.383439e-001
    endloop
  endfacet
  facet normal  0.000000e+000 -1.000000e+000  0.000000e+000
    outer loop
      vertex  0.000000e+000 -7.500000e-001  1.718750e-001
      vertex  3.302530e-003 -7.500000e-001  1.383439e-001
      vertex  1.308321e-002 -7.500000e-001  1.061013e-001
    endloop
  endfacet
  facet normal  0.000000e+000 -1.000000e+000  0.000000e+000
    outer loop
      vertex  0.000000e+000 -7.500000e-001  1.718750e-001
      vertex  1.308321e-002 -7.500000e-001  1.061013e-001
      vertex  2.896616e-002 -7.500000e-001  7.638637e-002
    endloop
  endfacet
  facet normal  0.000000e+000 -1.000000e+000  0.000000e+000
    outer loop
      vertex  0.000000e+000 -7.500000e-001  1.718750e-001
      vertex  2.896616e-002 -7.500000e-001  7.638637e-002
      vertex  5.034102e-002 -7.500000e-001  5.034102e-002
    endloop
  endfacet
  facet normal  0.000000e+000 -1.000000e+000  0.000000e+000
    outer loop
      vertex  0.000000e+000 -7.500000e-001  1.718750e-001
      vertex  5.034102e-002 -7.500000e-001  5.034102e-002
      vertex  7.638637e-002 -7.500000e-001  2.896616e-002
    endloop
  endfacet
  facet normal  0.000000e+000 -1.000000e+000  0.000000e+000
    outer loop
      vertex  0.000000e+000 -7.500000e-001  1.718750e-001
      vertex  7.638637e-002 -7.500000e-001  2.896616e-002
      vertex  1.061013e-001 -7.500000e-001  1.308321e-002
    endloop
  endfacet
  facet normal  0.000000e+000 -1.000000e+000  0.000000e+000
    outer loop
      vertex  0.000000e+000 -7.500000e-001  1.718750e-001
      vertex  1.061013e-001 -7.500000e-001  1.308321e-002
      vertex  1.383439e-001 -7.500000e-001  3.302530e-003
    endloop
  endfacet
  facet normal  0.000000e+000 -1.000000e+000  0.000000e+000
    outer loop
      vertex  0.000000e+000 -7.500000e-001  1.718750e-001
      vertex  1.383439e-001 -7.500000e-001  3.302530e-003
      vertex  1.718750e-001 -7.500000e-001  0.000000e+000
    endloop
  endfacet
  facet normal  0.000000e+000 -1.000000e+000  0.000000e+000
    outer loop
      vertex  0.000000e+000 -7.500000e-001  1.718750e-001
      vertex  1.718750e-001 -7.500000e-001  0.000000e+000
      vertex  7.500000e-001 -7.500000e-001  0.000000e+000
    endloop
  endfacet
  facet normal  0.000000e+000 -1.000000e+000  0.000000e+000
    outer loop
      vertex  0.000000e+000 -7.500000e-001  1.718750e-001
      vertex  7.500000e-001 -7.500000e-001  0.000000e+000
      vertex  7.500000e-001 -7.500000e-001  9.921875e-001
    endloop
  endfacet
  facet normal  -0.000000e+000 -1.000000e+000  0.000000e+000
    outer loop
      vertex  0.000000e+000 -7.500000e-001  1.718750e-001
      vertex  7.500000e-001 -7.500000e-001  9.921875e-001
      vertex  0.000000e+000 -7.500000e-001  9.921875e-001
    endloop
  endfacet
  facet normal -9.801716e-002  0.000000e+000 -9.951847e-001
    outer loop
      vertex  1.718750e-001  0.000000e+000  0.000000e+000
      vertex  1.718750e-001 -7.500000e-001  0.000000e+000
      vertex  1.383439e-001  0.000000e+000  3.302530e-003
    endloop
  endfacet
  facet normal -9.801716e-002  -0.000000e+000 -9.951847e-001
    outer loop
      vertex  1.383439e-001  0.000000e+000  3.302530e-003
      vertex  1.718750e-001 -7.500000e-001  0.000000e+000
      vertex  1.383439e-001 -7.500000e-001  3.302530e-003
    endloop
  endfacet
  facet normal -2.902846e-001  0.000000e+000 -9.569403e-001
    outer loop
      vertex  1.383439e-001  0.000000e+000  3.302530e-003
      vertex  1.383439e-001 -7.500000e-001  3.302530e-003
      vertex  1.061013e-001  0.000000e+000  1.308321e-002
    endloop
  endfacet
  facet normal -2.902846e-001  -0.000000e+000 -9.569403e-001
    outer loop
      vertex  1.061013e-001  0.000000e+000  1.308321e-002
      vertex  1.383439e-001 -7.500000e-001  3.302530e-003
      vertex  1.061013e-001 -7.500000e-001  1.308321e-002
    endloop
  endfacet
  facet normal -4.713968e-001  0.000000e+000 -8.819212e-001
    outer loop
      vertex  1.061013e-001  0.000000e+000  1.308321e-002
      vertex  1.061013e-001 -7.500000e-001  1.308321e-002
      vertex  7.638637e-002  0.000000e+000  2.896616e-002
    endloop
  endfacet
  facet normal -4.713968e-001  -0.000000e+000 -8.819212e-001
    outer loop
      vertex  7.638637e-002  0.000000e+000  2.896616e-002
      vertex  1.061013e-001 -7.500000e-001  1.308321e-002
      vertex  7.638637e-002 -7.500000e-001  2.896616e-002
    endloop
  endfacet
  facet normal -6.343932e-001  0.000000e+000 -7.730105e-001
    outer loop
      vertex  7.638637e-002  0.000000e+000  2.896616e-002
      vertex  7.638637e-002 -7.500000e-001  2.896616e-002
      vertex  5.034102e-002  0.000000e+000  5.034102e-002
    endloop
  endfacet
  facet normal -6.343932e-001  -0.000000e+000 -7.730105e-001
    outer loop
      vertex  5.034102e-002  0.000000e+000  5.034102e-002
      vertex  7.638637e-002 -7.500000e-001  2.896616e-002
      vertex  5.034102e-002 -7.500000e-001  5.034102e-002
    endloop
  endfacet
  facet normal -7.730105e-001  0.000000e+000 -6.343932e-001
    outer loop
      vertex  5.034102e-002  0.000000e+000  5.034102e-002
      vertex  5.034102e-002 -7.500000e-001  5.034102e-002
      vertex  2.896616e-002  0.000000e+000  7.638637e-002
    endloop
  endfacet
  facet normal -7.730105e-001  -0.000000e+000 -6.343932e-001
    outer loop
      vertex  2.896616e-002  0.000000e+000  7.638637e-002
      vertex  5.034102e-002 -7.500000e-001  5.034102e-002
      vertex  2.896616e-002 -7.500000e-001  7.638637e-002
    endloop
  endfacet
  facet normal -8.819212e-001  0.000000e+000 -4.713968e-001
    outer loop
      vertex  2.896616e-002  0.000000e+000  7.638637e-002
      vertex  2.896616e-002 -7.500000e-001  7.638637e-002
      vertex  1.308321e-002  0.000000e+000  1.061013e-001
    endloop
  endfacet
  facet normal -8.819212e-001  -0.000000e+000 -4.713968e-001
    outer loop
      vertex  1.308321e-002  0.000000e+000  1.061013e-001
      vertex  2.896616e-002 -7.500000e-001  7.638637e-002
      vertex  1.308321e-002 -7.500000e-001  1.061013e-001
    endloop
  endfacet
  facet normal -9.569403e-001  0.000000e+000 -2.902846e-001
    outer loop
      vertex  1.308321e-002  0.000000e+000  1.061013e-001
      vertex  1.308321e-002 -7.500000e-001  1.061013e-001
      vertex  3.302530e-003  0.000000e+000  1.383439e-001
    endloop
  endfacet
  facet normal -9.569403e-001  -0.000000e+000 -2.902846e-001
    outer loop
      vertex  3.302530e-003  0.000000e+000  1.383439e-001
      vertex  1.308321e-002 -7.500000e-001  1.061013e-001
      vertex  3.302530e-003 -7.500000e-001  1.383439e-001
    endloop
  endfacet
  facet normal -9.951847e-001  0.000000e+000 -9.801716e-002
    outer loop
      vertex  3.302530e-003  0.000000e+000  1.383439e-001
      vertex  3.302530e-003 -7.500000e-001  1.383439e-001
      vertex  0.000000e+000  0.000000e+000  1.718750e-001
    endloop
  endfacet
  facet normal -9.951847e-001  -0.000000e+000 -9.801716e-002
    outer loop
      vertex  0.000000e+000  0.000000e+000  1.718750e-001
      vertex  3.302530e-003 -7.500000e-001  1.383439e-001
      vertex  0.000000e+000 -7.500000e-001  1.718750e-001
    endloop
  endfacet
  facet normal  0.000000e+000  0.000000e+000  1.000000e+000
    outer loop
      vertex  0.000000e+000 -7.500000e-001  9.921875e-001
      vertex  7.500000e-001 -7.500000e-001  9.921875e-001
      vertex  0.000000e+000  0.000000e+000  9.921875e-001
    endloop
  endfacet
  facet normal  -0.000000e+000  0.000000e+000  1.000000e+000
    outer loop
      vertex  0.000000e+000  0.000000e+000  9.921875e-001
      vertex  7.500000e-001 -7.500000e-001  9.921875e-001
      vertex  7.500000e-001  0.000000e+000  9.921875e-001
    endloop
  endfacet
  facet normal  1.000000e+000  0.000000e+000  0.000000e+000
    outer loop
      vertex  7.500000e-001 -7.500000e-001  0.000000e+000
      vertex  7.500000e-001  0.000000e+000  0.000000e+000
      vertex  7.500000e-001 -7.500000e-001  9.921875e-001
    endloop
  endfacet
  facet normal  1.000000e+000  -0.000000e+000  0.000000e+000
    outer loop
      vertex  7.500000e-001 -7.500000e-001  9.921875e-001
      vertex  7.500000e-001  0.000000e+000  0.000000e+000
      vertex  7.500000e-001  0.000000e+000  9.921875e-001
    endloop
  endfacet
endsolid CATIA STL
