solid CATIA STL
  facet normal  0.000000e+000  0.000000e+000  1.000000e+000
    outer loop
      vertex  3.750000e-001  3.671875e-001  7.500000e-001
      vertex -2.343750e-001 -3.750000e-001  7.500000e-001
      vertex  3.750000e-001 -3.750000e-001  7.500000e-001
    endloop
  endfacet
  facet normal  0.000000e+000  0.000000e+000  1.000000e+000
    outer loop
      vertex  3.748499e-001  3.687117e-001  7.500000e-001
      vertex  3.744053e-001  3.701772e-001  7.500000e-001
      vertex  3.736834e-001  3.715279e-001  7.500000e-001
    endloop
  endfacet
  facet normal  0.000000e+000  0.000000e+000  1.000000e+000
    outer loop
      vertex  3.748499e-001  3.687117e-001  7.500000e-001
      vertex  3.736834e-001  3.715279e-001  7.500000e-001
      vertex  3.727118e-001  3.727118e-001  7.500000e-001
    endloop
  endfacet
  facet normal  0.000000e+000  0.000000e+000  9.999999e-001
    outer loop
      vertex  3.748499e-001  3.687117e-001  7.500000e-001
      vertex  3.727118e-001  3.727118e-001  7.500000e-001
      vertex  3.715279e-001  3.736834e-001  7.500000e-001
    endloop
  endfacet
  facet normal  0.000000e+000  0.000000e+000  1.000000e+000
    outer loop
      vertex  3.748499e-001  3.687117e-001  7.500000e-001
      vertex  3.715279e-001  3.736834e-001  7.500000e-001
      vertex  3.701772e-001  3.744053e-001  7.500000e-001
    endloop
  endfacet
  facet normal  0.000000e+000  0.000000e+000  1.000000e+000
    outer loop
      vertex  3.748499e-001  3.687117e-001  7.500000e-001
      vertex  3.701772e-001  3.744053e-001  7.500000e-001
      vertex  3.687117e-001  3.748499e-001  7.500000e-001
    endloop
  endfacet
  facet normal  0.000000e+000  0.000000e+000  9.999999e-001
    outer loop
      vertex  3.748499e-001  3.687117e-001  7.500000e-001
      vertex  3.687117e-001  3.748499e-001  7.500000e-001
      vertex  3.671875e-001  3.750000e-001  7.500000e-001
    endloop
  endfacet
  facet normal  0.000000e+000  0.000000e+000  1.000000e+000
    outer loop
      vertex -2.343750e-001  3.750000e-001  7.500000e-001
      vertex -2.343750e-001 -3.750000e-001  7.500000e-001
      vertex  3.750000e-001  3.671875e-001  7.500000e-001
    endloop
  endfacet
  facet normal  0.000000e+000  0.000000e+000  1.000000e+000
    outer loop
      vertex -2.343750e-001  3.750000e-001  7.500000e-001
      vertex  3.750000e-001  3.671875e-001  7.500000e-001
      vertex  3.748499e-001  3.687117e-001  7.500000e-001
    endloop
  endfacet
  facet normal  0.000000e+000  0.000000e+000  1.000000e+000
    outer loop
      vertex -2.343750e-001  3.750000e-001  7.500000e-001
      vertex  3.748499e-001  3.687117e-001  7.500000e-001
      vertex  3.671875e-001  3.750000e-001  7.500000e-001
    endloop
  endfacet
  facet normal  0.000000e+000  1.000000e+000  -0.000000e+000
    outer loop
      vertex  3.671875e-001  3.750000e-001  7.500000e-001
      vertex  3.671875e-001  3.750000e-001  0.000000e+000
      vertex -3.750000e-001  3.750000e-001  0.000000e+000
    endloop
  endfacet
  facet normal  0.000000e+000  1.000000e+000  0.000000e+000
    outer loop
      vertex  3.671875e-001  3.750000e-001  7.500000e-001
      vertex -3.750000e-001  3.750000e-001  0.000000e+000
      vertex -3.750000e-001  3.750000e-001  6.093750e-001
    endloop
  endfacet
  facet normal  0.000000e+000  1.000000e+000  0.000000e+000
    outer loop
      vertex  3.671875e-001  3.750000e-001  7.500000e-001
      vertex -3.750000e-001  3.750000e-001  6.093750e-001
      vertex -3.722979e-001  3.750000e-001  6.368096e-001
    endloop
  endfacet
  facet normal  0.000000e+000  1.000000e+000  0.000000e+000
    outer loop
      vertex  3.671875e-001  3.750000e-001  7.500000e-001
      vertex -3.722979e-001  3.750000e-001  6.368096e-001
      vertex -3.642956e-001  3.750000e-001  6.631898e-001
    endloop
  endfacet
  facet normal  0.000000e+000  1.000000e+000  0.000000e+000
    outer loop
      vertex  3.671875e-001  3.750000e-001  7.500000e-001
      vertex -3.642956e-001  3.750000e-001  6.631898e-001
      vertex -3.513004e-001  3.750000e-001  6.875021e-001
    endloop
  endfacet
  facet normal  0.000000e+000  1.000000e+000  0.000000e+000
    outer loop
      vertex  3.671875e-001  3.750000e-001  7.500000e-001
      vertex -3.513004e-001  3.750000e-001  6.875021e-001
      vertex -3.338119e-001  3.750000e-001  7.088119e-001
    endloop
  endfacet
  facet normal  0.000000e+000  1.000000e+000  0.000000e+000
    outer loop
      vertex  3.671875e-001  3.750000e-001  7.500000e-001
      vertex -3.338119e-001  3.750000e-001  7.088119e-001
      vertex -3.125021e-001  3.750000e-001  7.263004e-001
    endloop
  endfacet
  facet normal  0.000000e+000  1.000000e+000  0.000000e+000
    outer loop
      vertex  3.671875e-001  3.750000e-001  7.500000e-001
      vertex -3.125021e-001  3.750000e-001  7.263004e-001
      vertex -2.881899e-001  3.750000e-001  7.392955e-001
    endloop
  endfacet
  facet normal  0.000000e+000  1.000000e+000  0.000000e+000
    outer loop
      vertex  3.671875e-001  3.750000e-001  7.500000e-001
      vertex -2.881899e-001  3.750000e-001  7.392955e-001
      vertex -2.618096e-001  3.750000e-001  7.472979e-001
    endloop
  endfacet
  facet normal  0.000000e+000  1.000000e+000  0.000000e+000
    outer loop
      vertex  3.671875e-001  3.750000e-001  7.500000e-001
      vertex -2.618096e-001  3.750000e-001  7.472979e-001
      vertex -2.343750e-001  3.750000e-001  7.500000e-001
    endloop
  endfacet
  facet normal  0.000000e+000  0.000000e+000 -1.000000e+000
    outer loop
      vertex  3.750000e-001 -3.750000e-001  0.000000e+000
      vertex -3.750000e-001 -3.750000e-001  0.000000e+000
      vertex  3.750000e-001  3.671875e-001  0.000000e+000
    endloop
  endfacet
  facet normal  0.000000e+000  0.000000e+000 -9.999999e-001
    outer loop
      vertex  3.748499e-001  3.687117e-001  0.000000e+000
      vertex  3.671875e-001  3.750000e-001  0.000000e+000
      vertex  3.687117e-001  3.748499e-001  0.000000e+000
    endloop
  endfacet
  facet normal  0.000000e+000  0.000000e+000 -1.000000e+000
    outer loop
      vertex  3.748499e-001  3.687117e-001  0.000000e+000
      vertex  3.687117e-001  3.748499e-001  0.000000e+000
      vertex  3.701772e-001  3.744053e-001  0.000000e+000
    endloop
  endfacet
  facet normal  0.000000e+000  0.000000e+000 -1.000000e+000
    outer loop
      vertex  3.748499e-001  3.687117e-001  0.000000e+000
      vertex  3.701772e-001  3.744053e-001  0.000000e+000
      vertex  3.715279e-001  3.736834e-001  0.000000e+000
    endloop
  endfacet
  facet normal  0.000000e+000  0.000000e+000 -9.999999e-001
    outer loop
      vertex  3.748499e-001  3.687117e-001  0.000000e+000
      vertex  3.715279e-001  3.736834e-001  0.000000e+000
      vertex  3.727118e-001  3.727118e-001  0.000000e+000
    endloop
  endfacet
  facet normal  0.000000e+000  0.000000e+000 -1.000000e+000
    outer loop
      vertex  3.748499e-001  3.687117e-001  0.000000e+000
      vertex  3.727118e-001  3.727118e-001  0.000000e+000
      vertex  3.736834e-001  3.715279e-001  0.000000e+000
    endloop
  endfacet
  facet normal  0.000000e+000  0.000000e+000 -1.000000e+000
    outer loop
      vertex  3.748499e-001  3.687117e-001  0.000000e+000
      vertex  3.736834e-001  3.715279e-001  0.000000e+000
      vertex  3.744053e-001  3.701772e-001  0.000000e+000
    endloop
  endfacet
  facet normal  -0.000000e+000  -0.000000e+000 -1.000000e+000
    outer loop
      vertex -3.750000e-001  3.750000e-001  0.000000e+000
      vertex  3.671875e-001  3.750000e-001  0.000000e+000
      vertex  3.748499e-001  3.687117e-001  0.000000e+000
    endloop
  endfacet
  facet normal  -0.000000e+000  -0.000000e+000 -1.000000e+000
    outer loop
      vertex -3.750000e-001  3.750000e-001  0.000000e+000
      vertex  3.748499e-001  3.687117e-001  0.000000e+000
      vertex  3.750000e-001  3.671875e-001  0.000000e+000
    endloop
  endfacet
  facet normal  -0.000000e+000  0.000000e+000 -1.000000e+000
    outer loop
      vertex -3.750000e-001  3.750000e-001  0.000000e+000
      vertex  3.750000e-001  3.671875e-001  0.000000e+000
      vertex -3.750000e-001 -3.750000e-001  0.000000e+000
    endloop
  endfacet
  facet normal  1.000000e+000  0.000000e+000  0.000000e+000
    outer loop
      vertex  3.750000e-001 -3.750000e-001  0.000000e+000
      vertex  3.750000e-001  3.671875e-001  0.000000e+000
      vertex  3.750000e-001 -3.750000e-001  7.500000e-001
    endloop
  endfacet
  facet normal  1.000000e+000  -0.000000e+000  0.000000e+000
    outer loop
      vertex  3.750000e-001 -3.750000e-001  7.500000e-001
      vertex  3.750000e-001  3.671875e-001  0.000000e+000
      vertex  3.750000e-001  3.671875e-001  7.500000e-001
    endloop
  endfacet
  facet normal  9.801622e-002  9.951848e-001  0.000000e+000
    outer loop
      vertex  3.671875e-001  3.750000e-001  0.000000e+000
      vertex  3.671875e-001  3.750000e-001  7.500000e-001
      vertex  3.687117e-001  3.748499e-001  0.000000e+000
    endloop
  endfacet
  facet normal  9.801622e-002  9.951848e-001  -0.000000e+000
    outer loop
      vertex  3.687117e-001  3.748499e-001  0.000000e+000
      vertex  3.671875e-001  3.750000e-001  7.500000e-001
      vertex  3.687117e-001  3.748499e-001  7.500000e-001
    endloop
  endfacet
  facet normal  2.902958e-001  9.569370e-001  0.000000e+000
    outer loop
      vertex  3.687117e-001  3.748499e-001  0.000000e+000
      vertex  3.687117e-001  3.748499e-001  7.500000e-001
      vertex  3.701772e-001  3.744053e-001  0.000000e+000
    endloop
  endfacet
  facet normal  2.902958e-001  9.569370e-001  -0.000000e+000
    outer loop
      vertex  3.701772e-001  3.744053e-001  0.000000e+000
      vertex  3.687117e-001  3.748499e-001  7.500000e-001
      vertex  3.701772e-001  3.744053e-001  7.500000e-001
    endloop
  endfacet
  facet normal  4.713880e-001  8.819259e-001  0.000000e+000
    outer loop
      vertex  3.701772e-001  3.744053e-001  0.000000e+000
      vertex  3.701772e-001  3.744053e-001  7.500000e-001
      vertex  3.715279e-001  3.736834e-001  0.000000e+000
    endloop
  endfacet
  facet normal  4.713880e-001  8.819259e-001  -0.000000e+000
    outer loop
      vertex  3.715279e-001  3.736834e-001  0.000000e+000
      vertex  3.701772e-001  3.744053e-001  7.500000e-001
      vertex  3.715279e-001  3.736834e-001  7.500000e-001
    endloop
  endfacet
  facet normal  6.343879e-001  7.730150e-001  0.000000e+000
    outer loop
      vertex  3.715279e-001  3.736834e-001  0.000000e+000
      vertex  3.715279e-001  3.736834e-001  7.500000e-001
      vertex  3.727118e-001  3.727118e-001  0.000000e+000
    endloop
  endfacet
  facet normal  6.343879e-001  7.730150e-001  -0.000000e+000
    outer loop
      vertex  3.727118e-001  3.727118e-001  0.000000e+000
      vertex  3.715279e-001  3.736834e-001  7.500000e-001
      vertex  3.727118e-001  3.727118e-001  7.500000e-001
    endloop
  endfacet
  facet normal  7.730150e-001  6.343879e-001  0.000000e+000
    outer loop
      vertex  3.727118e-001  3.727118e-001  0.000000e+000
      vertex  3.727118e-001  3.727118e-001  7.500000e-001
      vertex  3.736834e-001  3.715279e-001  0.000000e+000
    endloop
  endfacet
  facet normal  7.730150e-001  6.343879e-001  -0.000000e+000
    outer loop
      vertex  3.736834e-001  3.715279e-001  0.000000e+000
      vertex  3.727118e-001  3.727118e-001  7.500000e-001
      vertex  3.736834e-001  3.715279e-001  7.500000e-001
    endloop
  endfacet
  facet normal  8.819259e-001  4.713880e-001  0.000000e+000
    outer loop
      vertex  3.736834e-001  3.715279e-001  0.000000e+000
      vertex  3.736834e-001  3.715279e-001  7.500000e-001
      vertex  3.744053e-001  3.701772e-001  0.000000e+000
    endloop
  endfacet
  facet normal  8.819259e-001  4.713880e-001  -0.000000e+000
    outer loop
      vertex  3.744053e-001  3.701772e-001  0.000000e+000
      vertex  3.736834e-001  3.715279e-001  7.500000e-001
      vertex  3.744053e-001  3.701772e-001  7.500000e-001
    endloop
  endfacet
  facet normal  9.569370e-001  2.902958e-001  0.000000e+000
    outer loop
      vertex  3.744053e-001  3.701772e-001  0.000000e+000
      vertex  3.744053e-001  3.701772e-001  7.500000e-001
      vertex  3.748499e-001  3.687117e-001  0.000000e+000
    endloop
  endfacet
  facet normal  9.569370e-001  2.902958e-001  -0.000000e+000
    outer loop
      vertex  3.748499e-001  3.687117e-001  0.000000e+000
      vertex  3.744053e-001  3.701772e-001  7.500000e-001
      vertex  3.748499e-001  3.687117e-001  7.500000e-001
    endloop
  endfacet
  facet normal  9.951848e-001  9.801622e-002  0.000000e+000
    outer loop
      vertex  3.748499e-001  3.687117e-001  0.000000e+000
      vertex  3.748499e-001  3.687117e-001  7.500000e-001
      vertex  3.750000e-001  3.671875e-001  0.000000e+000
    endloop
  endfacet
  facet normal  9.951848e-001  9.801622e-002  -0.000000e+000
    outer loop
      vertex  3.750000e-001  3.671875e-001  0.000000e+000
      vertex  3.748499e-001  3.687117e-001  7.500000e-001
      vertex  3.750000e-001  3.671875e-001  7.500000e-001
    endloop
  endfacet
  facet normal -1.000000e+000  0.000000e+000  0.000000e+000
    outer loop
      vertex -3.750000e-001  3.750000e-001  0.000000e+000
      vertex -3.750000e-001 -3.750000e-001  0.000000e+000
      vertex -3.750000e-001  3.750000e-001  6.093750e-001
    endloop
  endfacet
  facet normal -1.000000e+000  -0.000000e+000  0.000000e+000
    outer loop
      vertex -3.750000e-001  3.750000e-001  6.093750e-001
      vertex -3.750000e-001 -3.750000e-001  0.000000e+000
      vertex -3.750000e-001 -3.750000e-001  6.093750e-001
    endloop
  endfacet
  facet normal  0.000000e+000 -1.000000e+000  -0.000000e+000
    outer loop
      vertex  3.750000e-001 -3.750000e-001  7.500000e-001
      vertex -2.343750e-001 -3.750000e-001  7.500000e-001
      vertex -2.618096e-001 -3.750000e-001  7.472979e-001
    endloop
  endfacet
  facet normal  0.000000e+000 -1.000000e+000  -0.000000e+000
    outer loop
      vertex  3.750000e-001 -3.750000e-001  7.500000e-001
      vertex -2.618096e-001 -3.750000e-001  7.472979e-001
      vertex -2.881899e-001 -3.750000e-001  7.392955e-001
    endloop
  endfacet
  facet normal  0.000000e+000 -1.000000e+000  -0.000000e+000
    outer loop
      vertex  3.750000e-001 -3.750000e-001  7.500000e-001
      vertex -2.881899e-001 -3.750000e-001  7.392955e-001
      vertex -3.125021e-001 -3.750000e-001  7.263004e-001
    endloop
  endfacet
  facet normal  0.000000e+000 -1.000000e+000  -0.000000e+000
    outer loop
      vertex  3.750000e-001 -3.750000e-001  7.500000e-001
      vertex -3.125021e-001 -3.750000e-001  7.263004e-001
      vertex -3.338119e-001 -3.750000e-001  7.088119e-001
    endloop
  endfacet
  facet normal  0.000000e+000 -1.000000e+000  -0.000000e+000
    outer loop
      vertex  3.750000e-001 -3.750000e-001  7.500000e-001
      vertex -3.338119e-001 -3.750000e-001  7.088119e-001
      vertex -3.513004e-001 -3.750000e-001  6.875021e-001
    endloop
  endfacet
  facet normal  0.000000e+000 -1.000000e+000  -0.000000e+000
    outer loop
      vertex  3.750000e-001 -3.750000e-001  7.500000e-001
      vertex -3.513004e-001 -3.750000e-001  6.875021e-001
      vertex -3.642956e-001 -3.750000e-001  6.631898e-001
    endloop
  endfacet
  facet normal  0.000000e+000 -9.999999e-001  -0.000000e+000
    outer loop
      vertex  3.750000e-001 -3.750000e-001  7.500000e-001
      vertex -3.642956e-001 -3.750000e-001  6.631898e-001
      vertex -3.722979e-001 -3.750000e-001  6.368096e-001
    endloop
  endfacet
  facet normal  0.000000e+000 -1.000000e+000  -0.000000e+000
    outer loop
      vertex  3.750000e-001 -3.750000e-001  7.500000e-001
      vertex -3.722979e-001 -3.750000e-001  6.368096e-001
      vertex -3.750000e-001 -3.750000e-001  6.093750e-001
    endloop
  endfacet
  facet normal  0.000000e+000 -1.000000e+000  0.000000e+000
    outer loop
      vertex  3.750000e-001 -3.750000e-001  7.500000e-001
      vertex -3.750000e-001 -3.750000e-001  6.093750e-001
      vertex -3.750000e-001 -3.750000e-001  0.000000e+000
    endloop
  endfacet
  facet normal  0.000000e+000 -1.000000e+000  0.000000e+000
    outer loop
      vertex  3.750000e-001 -3.750000e-001  7.500000e-001
      vertex -3.750000e-001 -3.750000e-001  0.000000e+000
      vertex  3.750000e-001 -3.750000e-001  0.000000e+000
    endloop
  endfacet
  facet normal -9.951848e-001  0.000000e+000  9.801666e-002
    outer loop
      vertex -3.750000e-001  3.750000e-001  6.093750e-001
      vertex -3.750000e-001 -3.750000e-001  6.093750e-001
      vertex -3.722979e-001  3.750000e-001  6.368096e-001
    endloop
  endfacet
  facet normal -9.951848e-001  0.000000e+000  9.801666e-002
    outer loop
      vertex -3.722979e-001  3.750000e-001  6.368096e-001
      vertex -3.750000e-001 -3.750000e-001  6.093750e-001
      vertex -3.722979e-001 -3.750000e-001  6.368096e-001
    endloop
  endfacet
  facet normal -9.569402e-001  0.000000e+000  2.902851e-001
    outer loop
      vertex -3.722979e-001  3.750000e-001  6.368096e-001
      vertex -3.722979e-001 -3.750000e-001  6.368096e-001
      vertex -3.642956e-001  3.750000e-001  6.631898e-001
    endloop
  endfacet
  facet normal -9.569402e-001  0.000000e+000  2.902851e-001
    outer loop
      vertex -3.642956e-001  3.750000e-001  6.631898e-001
      vertex -3.722979e-001 -3.750000e-001  6.368096e-001
      vertex -3.642956e-001 -3.750000e-001  6.631898e-001
    endloop
  endfacet
  facet normal -8.819215e-001  0.000000e+000  4.713962e-001
    outer loop
      vertex -3.642956e-001  3.750000e-001  6.631898e-001
      vertex -3.642956e-001 -3.750000e-001  6.631898e-001
      vertex -3.513004e-001  3.750000e-001  6.875021e-001
    endloop
  endfacet
  facet normal -8.819215e-001  0.000000e+000  4.713962e-001
    outer loop
      vertex -3.513004e-001  3.750000e-001  6.875021e-001
      vertex -3.642956e-001 -3.750000e-001  6.631898e-001
      vertex -3.513004e-001 -3.750000e-001  6.875021e-001
    endloop
  endfacet
  facet normal -7.730097e-001  0.000000e+000  6.343942e-001
    outer loop
      vertex -3.513004e-001  3.750000e-001  6.875021e-001
      vertex -3.513004e-001 -3.750000e-001  6.875021e-001
      vertex -3.338119e-001  3.750000e-001  7.088119e-001
    endloop
  endfacet
  facet normal -7.730097e-001  0.000000e+000  6.343942e-001
    outer loop
      vertex -3.338119e-001  3.750000e-001  7.088119e-001
      vertex -3.513004e-001 -3.750000e-001  6.875021e-001
      vertex -3.338119e-001 -3.750000e-001  7.088119e-001
    endloop
  endfacet
  facet normal -6.343938e-001  0.000000e+000  7.730101e-001
    outer loop
      vertex -3.338119e-001  3.750000e-001  7.088119e-001
      vertex -3.338119e-001 -3.750000e-001  7.088119e-001
      vertex -3.125021e-001  3.750000e-001  7.263004e-001
    endloop
  endfacet
  facet normal -6.343938e-001  0.000000e+000  7.730101e-001
    outer loop
      vertex -3.125021e-001  3.750000e-001  7.263004e-001
      vertex -3.338119e-001 -3.750000e-001  7.088119e-001
      vertex -3.125021e-001 -3.750000e-001  7.263004e-001
    endloop
  endfacet
  facet normal -4.713962e-001  0.000000e+000  8.819215e-001
    outer loop
      vertex -3.125021e-001  3.750000e-001  7.263004e-001
      vertex -3.125021e-001 -3.750000e-001  7.263004e-001
      vertex -2.881899e-001  3.750000e-001  7.392955e-001
    endloop
  endfacet
  facet normal -4.713962e-001  0.000000e+000  8.819215e-001
    outer loop
      vertex -2.881899e-001  3.750000e-001  7.392955e-001
      vertex -3.125021e-001 -3.750000e-001  7.263004e-001
      vertex -2.881899e-001 -3.750000e-001  7.392955e-001
    endloop
  endfacet
  facet normal -2.902858e-001  0.000000e+000  9.569400e-001
    outer loop
      vertex -2.881899e-001  3.750000e-001  7.392955e-001
      vertex -2.881899e-001 -3.750000e-001  7.392955e-001
      vertex -2.618096e-001  3.750000e-001  7.472979e-001
    endloop
  endfacet
  facet normal -2.902858e-001  0.000000e+000  9.569400e-001
    outer loop
      vertex -2.618096e-001  3.750000e-001  7.472979e-001
      vertex -2.881899e-001 -3.750000e-001  7.392955e-001
      vertex -2.618096e-001 -3.750000e-001  7.472979e-001
    endloop
  endfacet
  facet normal -9.801666e-002  0.000000e+000  9.951848e-001
    outer loop
      vertex -2.618096e-001  3.750000e-001  7.472979e-001
      vertex -2.618096e-001 -3.750000e-001  7.472979e-001
      vertex -2.343750e-001  3.750000e-001  7.500000e-001
    endloop
  endfacet
  facet normal -9.801666e-002  0.000000e+000  9.951848e-001
    outer loop
      vertex -2.343750e-001  3.750000e-001  7.500000e-001
      vertex -2.618096e-001 -3.750000e-001  7.472979e-001
      vertex -2.343750e-001 -3.750000e-001  7.500000e-001
    endloop
  endfacet
endsolid CATIA STL
