solid CATIA STL
  facet normal -1.000000e+000  0.000000e+000  0.000000e+000
    outer loop
      vertex  0.000000e+000  6.953125e-001  4.687500e-001
      vertex  0.000000e+000  6.953125e-001  7.812500e-003
      vertex  0.000000e+000  5.078125e-001  4.687500e-001
    endloop
  endfacet
  facet normal -1.000000e+000  0.000000e+000  0.000000e+000
    outer loop
      vertex  0.000000e+000  5.078125e-001  4.687500e-001
      vertex  0.000000e+000  6.953125e-001  7.812500e-003
      vertex  0.000000e+000  5.078125e-001  1.875000e-001
    endloop
  endfacet
  facet normal -1.000000e+000  0.000000e+000  0.000000e+000
    outer loop
      vertex  0.000000e+000  6.953125e-001  7.812500e-003
      vertex  0.000000e+000  2.265625e-001  7.812500e-003
      vertex  0.000000e+000  5.078125e-001  1.875000e-001
    endloop
  endfacet
  facet normal -1.000000e+000  -0.000000e+000  0.000000e+000
    outer loop
      vertex  0.000000e+000  5.078125e-001  1.875000e-001
      vertex  0.000000e+000  2.265625e-001  7.812500e-003
      vertex  0.000000e+000  2.265625e-001  1.875000e-001
    endloop
  endfacet
  facet normal  0.000000e+000 -1.000000e+000  0.000000e+000
    outer loop
      vertex  7.812500e-003  2.265625e-001  0.000000e+000
      vertex  3.472107e-003  2.265625e-001  1.316644e-003
      vertex  6.288357e-003  2.265625e-001  1.501150e-004
    endloop
  endfacet
  facet normal  0.000000e+000 -1.000000e+000  0.000000e+000
    outer loop
      vertex  3.472107e-003  2.265625e-001  1.316644e-003
      vertex  4.822786e-003  2.265625e-001  5.946911e-004
      vertex  6.288357e-003  2.265625e-001  1.501150e-004
    endloop
  endfacet
  facet normal  0.000000e+000 -1.000000e+000  0.000000e+000
    outer loop
      vertex  1.316644e-003  2.265625e-001  3.472107e-003
      vertex  0.000000e+000  2.265625e-001  1.875000e-001
      vertex  0.000000e+000  2.265625e-001  7.812500e-003
    endloop
  endfacet
  facet normal  0.000000e+000 -1.000000e+000  0.000000e+000
    outer loop
      vertex  1.316644e-003  2.265625e-001  3.472107e-003
      vertex  0.000000e+000  2.265625e-001  7.812500e-003
      vertex  1.501150e-004  2.265625e-001  6.288357e-003
    endloop
  endfacet
  facet normal  0.000000e+000 -1.000000e+000  0.000000e+000
    outer loop
      vertex  1.316644e-003  2.265625e-001  3.472107e-003
      vertex  1.501150e-004  2.265625e-001  6.288357e-003
      vertex  5.946911e-004  2.265625e-001  4.822786e-003
    endloop
  endfacet
  facet normal  0.000000e+000 -9.999999e-001  0.000000e+000
    outer loop
      vertex  7.500000e-001  2.265625e-001  1.875000e-001
      vertex  0.000000e+000  2.265625e-001  1.875000e-001
      vertex  1.316644e-003  2.265625e-001  3.472107e-003
    endloop
  endfacet
  facet normal  0.000000e+000 -1.000000e+000  0.000000e+000
    outer loop
      vertex  7.500000e-001  2.265625e-001  1.875000e-001
      vertex  1.316644e-003  2.265625e-001  3.472107e-003
      vertex  2.288228e-003  2.265625e-001  2.288228e-003
    endloop
  endfacet
  facet normal  0.000000e+000 -1.000000e+000  0.000000e+000
    outer loop
      vertex  7.500000e-001  2.265625e-001  1.875000e-001
      vertex  2.288228e-003  2.265625e-001  2.288228e-003
      vertex  3.472107e-003  2.265625e-001  1.316644e-003
    endloop
  endfacet
  facet normal  0.000000e+000 -1.000000e+000  0.000000e+000
    outer loop
      vertex  7.500000e-001  2.265625e-001  1.875000e-001
      vertex  3.472107e-003  2.265625e-001  1.316644e-003
      vertex  7.812500e-003  2.265625e-001  0.000000e+000
    endloop
  endfacet
  facet normal  0.000000e+000 -1.000000e+000  0.000000e+000
    outer loop
      vertex  7.500000e-001  2.265625e-001  1.875000e-001
      vertex  7.812500e-003  2.265625e-001  0.000000e+000
      vertex  7.500000e-001  2.265625e-001  0.000000e+000
    endloop
  endfacet
  facet normal  -0.000000e+000  1.000000e+000  -0.000000e+000
    outer loop
      vertex  7.812500e-003  6.953125e-001 -2.870266e-017
      vertex  6.288357e-003  6.953125e-001  1.501150e-004
      vertex  3.472107e-003  6.953125e-001  1.316644e-003
    endloop
  endfacet
  facet normal  0.000000e+000  1.000000e+000  0.000000e+000
    outer loop
      vertex  3.472107e-003  6.953125e-001  1.316644e-003
      vertex  6.288357e-003  6.953125e-001  1.501150e-004
      vertex  4.822786e-003  6.953125e-001  5.946911e-004
    endloop
  endfacet
  facet normal  0.000000e+000  1.000000e+000  -0.000000e+000
    outer loop
      vertex  7.500000e-001  6.953125e-001  4.687500e-001
      vertex  7.500000e-001  6.953125e-001 -2.870266e-017
      vertex  7.812500e-003  6.953125e-001 -2.870266e-017
    endloop
  endfacet
  facet normal  0.000000e+000  1.000000e+000  -0.000000e+000
    outer loop
      vertex  7.500000e-001  6.953125e-001  4.687500e-001
      vertex  7.812500e-003  6.953125e-001 -2.870266e-017
      vertex  3.472107e-003  6.953125e-001  1.316644e-003
    endloop
  endfacet
  facet normal  0.000000e+000  1.000000e+000  -0.000000e+000
    outer loop
      vertex  7.500000e-001  6.953125e-001  4.687500e-001
      vertex  3.472107e-003  6.953125e-001  1.316644e-003
      vertex  2.288228e-003  6.953125e-001  2.288228e-003
    endloop
  endfacet
  facet normal  0.000000e+000  1.000000e+000  -0.000000e+000
    outer loop
      vertex  7.500000e-001  6.953125e-001  4.687500e-001
      vertex  2.288228e-003  6.953125e-001  2.288228e-003
      vertex  1.316644e-003  6.953125e-001  3.472107e-003
    endloop
  endfacet
  facet normal  0.000000e+000  1.000000e+000  -0.000000e+000
    outer loop
      vertex  7.500000e-001  6.953125e-001  4.687500e-001
      vertex  1.316644e-003  6.953125e-001  3.472107e-003
      vertex  5.946911e-004  6.953125e-001  4.822786e-003
    endloop
  endfacet
  facet normal  0.000000e+000  1.000000e+000  -0.000000e+000
    outer loop
      vertex  7.500000e-001  6.953125e-001  4.687500e-001
      vertex  5.946911e-004  6.953125e-001  4.822786e-003
      vertex  1.501150e-004  6.953125e-001  6.288357e-003
    endloop
  endfacet
  facet normal  0.000000e+000  1.000000e+000  -0.000000e+000
    outer loop
      vertex  7.500000e-001  6.953125e-001  4.687500e-001
      vertex  1.501150e-004  6.953125e-001  6.288357e-003
      vertex  0.000000e+000  6.953125e-001  7.812500e-003
    endloop
  endfacet
  facet normal  0.000000e+000  1.000000e+000  0.000000e+000
    outer loop
      vertex  7.500000e-001  6.953125e-001  4.687500e-001
      vertex  0.000000e+000  6.953125e-001  7.812500e-003
      vertex  0.000000e+000  6.953125e-001  4.687500e-001
    endloop
  endfacet
  facet normal  0.000000e+000 -6.123234e-017 -1.000000e+000
    outer loop
      vertex  7.812500e-003  2.265625e-001  0.000000e+000
      vertex  7.812500e-003  6.953125e-001 -2.870266e-017
      vertex  7.500000e-001  2.265625e-001  0.000000e+000
    endloop
  endfacet
  facet normal  0.000000e+000 -6.123234e-017 -1.000000e+000
    outer loop
      vertex  7.500000e-001  2.265625e-001  0.000000e+000
      vertex  7.812500e-003  6.953125e-001 -2.870266e-017
      vertex  7.500000e-001  6.953125e-001 -2.870266e-017
    endloop
  endfacet
  facet normal -9.951847e-001  -0.000000e+000 -9.801716e-002
    outer loop
      vertex  0.000000e+000  2.265625e-001  7.812500e-003
      vertex  0.000000e+000  6.953125e-001  7.812500e-003
      vertex  1.501150e-004  2.265625e-001  6.288357e-003
    endloop
  endfacet
  facet normal -9.951847e-001  0.000000e+000 -9.801716e-002
    outer loop
      vertex  1.501150e-004  2.265625e-001  6.288357e-003
      vertex  0.000000e+000  6.953125e-001  7.812500e-003
      vertex  1.501150e-004  6.953125e-001  6.288357e-003
    endloop
  endfacet
  facet normal -9.569404e-001  -0.000000e+000 -2.902846e-001
    outer loop
      vertex  1.501150e-004  2.265625e-001  6.288357e-003
      vertex  1.501150e-004  6.953125e-001  6.288357e-003
      vertex  5.946911e-004  2.265625e-001  4.822786e-003
    endloop
  endfacet
  facet normal -9.569404e-001  0.000000e+000 -2.902846e-001
    outer loop
      vertex  5.946911e-004  2.265625e-001  4.822786e-003
      vertex  1.501150e-004  6.953125e-001  6.288357e-003
      vertex  5.946911e-004  6.953125e-001  4.822786e-003
    endloop
  endfacet
  facet normal -8.819212e-001  -0.000000e+000 -4.713968e-001
    outer loop
      vertex  5.946911e-004  2.265625e-001  4.822786e-003
      vertex  5.946911e-004  6.953125e-001  4.822786e-003
      vertex  1.316644e-003  2.265625e-001  3.472107e-003
    endloop
  endfacet
  facet normal -8.819212e-001  0.000000e+000 -4.713968e-001
    outer loop
      vertex  1.316644e-003  2.265625e-001  3.472107e-003
      vertex  5.946911e-004  6.953125e-001  4.822786e-003
      vertex  1.316644e-003  6.953125e-001  3.472107e-003
    endloop
  endfacet
  facet normal -7.730104e-001  -0.000000e+000 -6.343934e-001
    outer loop
      vertex  1.316644e-003  2.265625e-001  3.472107e-003
      vertex  1.316644e-003  6.953125e-001  3.472107e-003
      vertex  2.288228e-003  2.265625e-001  2.288228e-003
    endloop
  endfacet
  facet normal -7.730104e-001  0.000000e+000 -6.343934e-001
    outer loop
      vertex  2.288228e-003  2.265625e-001  2.288228e-003
      vertex  1.316644e-003  6.953125e-001  3.472107e-003
      vertex  2.288228e-003  6.953125e-001  2.288228e-003
    endloop
  endfacet
  facet normal -6.343934e-001  -0.000000e+000 -7.730104e-001
    outer loop
      vertex  2.288228e-003  2.265625e-001  2.288228e-003
      vertex  2.288228e-003  6.953125e-001  2.288228e-003
      vertex  3.472107e-003  2.265625e-001  1.316644e-003
    endloop
  endfacet
  facet normal -6.343934e-001  0.000000e+000 -7.730104e-001
    outer loop
      vertex  3.472107e-003  2.265625e-001  1.316644e-003
      vertex  2.288228e-003  6.953125e-001  2.288228e-003
      vertex  3.472107e-003  6.953125e-001  1.316644e-003
    endloop
  endfacet
  facet normal -4.713968e-001  -0.000000e+000 -8.819212e-001
    outer loop
      vertex  3.472107e-003  2.265625e-001  1.316644e-003
      vertex  3.472107e-003  6.953125e-001  1.316644e-003
      vertex  4.822786e-003  2.265625e-001  5.946911e-004
    endloop
  endfacet
  facet normal -4.713968e-001  0.000000e+000 -8.819212e-001
    outer loop
      vertex  4.822786e-003  2.265625e-001  5.946911e-004
      vertex  3.472107e-003  6.953125e-001  1.316644e-003
      vertex  4.822786e-003  6.953125e-001  5.946911e-004
    endloop
  endfacet
  facet normal -2.902846e-001  -0.000000e+000 -9.569404e-001
    outer loop
      vertex  4.822786e-003  2.265625e-001  5.946911e-004
      vertex  4.822786e-003  6.953125e-001  5.946911e-004
      vertex  6.288357e-003  2.265625e-001  1.501150e-004
    endloop
  endfacet
  facet normal -2.902846e-001  0.000000e+000 -9.569404e-001
    outer loop
      vertex  6.288357e-003  2.265625e-001  1.501150e-004
      vertex  4.822786e-003  6.953125e-001  5.946911e-004
      vertex  6.288357e-003  6.953125e-001  1.501150e-004
    endloop
  endfacet
  facet normal -9.801716e-002  -0.000000e+000 -9.951847e-001
    outer loop
      vertex  6.288357e-003  2.265625e-001  1.501150e-004
      vertex  6.288357e-003  6.953125e-001  1.501150e-004
      vertex  7.812500e-003  2.265625e-001  0.000000e+000
    endloop
  endfacet
  facet normal -9.801716e-002 -6.093749e-017 -9.951847e-001
    outer loop
      vertex  7.812500e-003  2.265625e-001  0.000000e+000
      vertex  6.288357e-003  6.953125e-001  1.501150e-004
      vertex  7.812500e-003  6.953125e-001 -2.870266e-017
    endloop
  endfacet
  facet normal  1.000000e+000  -0.000000e+000  0.000000e+000
    outer loop
      vertex  7.500000e-001  6.953125e-001  4.687500e-001
      vertex  7.500000e-001  5.078125e-001  4.687500e-001
      vertex  7.500000e-001  6.953125e-001 -2.870266e-017
    endloop
  endfacet
  facet normal  1.000000e+000  0.000000e+000  0.000000e+000
    outer loop
      vertex  7.500000e-001  6.953125e-001 -2.870266e-017
      vertex  7.500000e-001  5.078125e-001  4.687500e-001
      vertex  7.500000e-001  5.078125e-001  1.875000e-001
    endloop
  endfacet
  facet normal  1.000000e+000  0.000000e+000  0.000000e+000
    outer loop
      vertex  7.500000e-001  6.953125e-001 -2.870266e-017
      vertex  7.500000e-001  5.078125e-001  1.875000e-001
      vertex  7.500000e-001  2.265625e-001  0.000000e+000
    endloop
  endfacet
  facet normal  1.000000e+000  0.000000e+000  0.000000e+000
    outer loop
      vertex  7.500000e-001  2.265625e-001  0.000000e+000
      vertex  7.500000e-001  5.078125e-001  1.875000e-001
      vertex  7.500000e-001  2.265625e-001  1.875000e-001
    endloop
  endfacet
  facet normal  0.000000e+000  0.000000e+000  1.000000e+000
    outer loop
      vertex  0.000000e+000  5.078125e-001  1.875000e-001
      vertex  0.000000e+000  2.265625e-001  1.875000e-001
      vertex  7.500000e-001  5.078125e-001  1.875000e-001
    endloop
  endfacet
  facet normal  0.000000e+000  0.000000e+000  1.000000e+000
    outer loop
      vertex  7.500000e-001  5.078125e-001  1.875000e-001
      vertex  0.000000e+000  2.265625e-001  1.875000e-001
      vertex  7.500000e-001  2.265625e-001  1.875000e-001
    endloop
  endfacet
  facet normal  0.000000e+000 -1.000000e+000  0.000000e+000
    outer loop
      vertex  0.000000e+000  5.078125e-001  4.687500e-001
      vertex  0.000000e+000  5.078125e-001  1.875000e-001
      vertex  7.500000e-001  5.078125e-001  4.687500e-001
    endloop
  endfacet
  facet normal  0.000000e+000 -1.000000e+000  -0.000000e+000
    outer loop
      vertex  7.500000e-001  5.078125e-001  4.687500e-001
      vertex  0.000000e+000  5.078125e-001  1.875000e-001
      vertex  7.500000e-001  5.078125e-001  1.875000e-001
    endloop
  endfacet
  facet normal  0.000000e+000  0.000000e+000  1.000000e+000
    outer loop
      vertex  0.000000e+000  6.953125e-001  4.687500e-001
      vertex  0.000000e+000  5.078125e-001  4.687500e-001
      vertex  7.500000e-001  6.953125e-001  4.687500e-001
    endloop
  endfacet
  facet normal  0.000000e+000  0.000000e+000  1.000000e+000
    outer loop
      vertex  7.500000e-001  6.953125e-001  4.687500e-001
      vertex  0.000000e+000  5.078125e-001  4.687500e-001
      vertex  7.500000e-001  5.078125e-001  4.687500e-001
    endloop
  endfacet
endsolid CATIA STL
