solid CATIA STL
  facet normal  0.000000e+000 -1.000000e+000  0.000000e+000
    outer loop
      vertex -3.750000e-001 -7.500000e-001 -1.875000e-001
      vertex -3.713972e-001 -7.500000e-001 -2.240794e-001
      vertex -3.607274e-001 -7.500000e-001 -2.592531e-001
    endloop
  endfacet
  facet normal  0.000000e+000 -1.000000e+000  0.000000e+000
    outer loop
      vertex -3.750000e-001 -7.500000e-001 -1.875000e-001
      vertex -3.607274e-001 -7.500000e-001 -2.592531e-001
      vertex -3.434005e-001 -7.500000e-001 -2.916694e-001
    endloop
  endfacet
  facet normal  0.000000e+000 -1.000000e+000  0.000000e+000
    outer loop
      vertex -3.750000e-001 -7.500000e-001 -1.875000e-001
      vertex -3.434005e-001 -7.500000e-001 -2.916694e-001
      vertex -3.200825e-001 -7.500000e-001 -3.200825e-001
    endloop
  endfacet
  facet normal  0.000000e+000 -1.000000e+000  0.000000e+000
    outer loop
      vertex -3.750000e-001 -7.500000e-001 -1.875000e-001
      vertex -3.200825e-001 -7.500000e-001 -3.200825e-001
      vertex -2.916694e-001 -7.500000e-001 -3.434005e-001
    endloop
  endfacet
  facet normal  0.000000e+000 -1.000000e+000  0.000000e+000
    outer loop
      vertex -3.750000e-001 -7.500000e-001 -1.875000e-001
      vertex -2.916694e-001 -7.500000e-001 -3.434005e-001
      vertex -2.592531e-001 -7.500000e-001 -3.607274e-001
    endloop
  endfacet
  facet normal  0.000000e+000 -1.000000e+000  0.000000e+000
    outer loop
      vertex -3.750000e-001 -7.500000e-001 -1.875000e-001
      vertex -2.592531e-001 -7.500000e-001 -3.607274e-001
      vertex -2.240794e-001 -7.500000e-001 -3.713972e-001
    endloop
  endfacet
  facet normal  0.000000e+000 -1.000000e+000  0.000000e+000
    outer loop
      vertex -3.750000e-001 -7.500000e-001 -1.875000e-001
      vertex -2.240794e-001 -7.500000e-001 -3.713972e-001
      vertex -1.875000e-001 -7.500000e-001 -3.750000e-001
    endloop
  endfacet
  facet normal  0.000000e+000 -1.000000e+000  0.000000e+000
    outer loop
      vertex -3.750000e-001 -7.500000e-001 -1.875000e-001
      vertex -1.875000e-001 -7.500000e-001 -3.750000e-001
      vertex  3.750000e-001 -7.500000e-001 -3.750000e-001
    endloop
  endfacet
  facet normal  0.000000e+000 -1.000000e+000  0.000000e+000
    outer loop
      vertex -3.750000e-001 -7.500000e-001 -1.875000e-001
      vertex  3.750000e-001 -7.500000e-001 -3.750000e-001
      vertex  3.750000e-001 -7.500000e-001  3.750000e-001
    endloop
  endfacet
  facet normal  -0.000000e+000 -1.000000e+000  0.000000e+000
    outer loop
      vertex -3.750000e-001 -7.500000e-001 -1.875000e-001
      vertex  3.750000e-001 -7.500000e-001  3.750000e-001
      vertex -3.750000e-001 -7.500000e-001  3.750000e-001
    endloop
  endfacet
  facet normal -5.551115e-017  1.000000e+000 -5.551115e-017
    outer loop
      vertex -3.750000e-001  1.040834e-017 -1.875000e-001
      vertex -3.750000e-001  4.163336e-017  3.750000e-001
      vertex  3.750000e-001  8.326673e-017  3.750000e-001
    endloop
  endfacet
  facet normal -5.551115e-017  1.000000e+000 -5.551115e-017
    outer loop
      vertex -3.750000e-001  1.040834e-017 -1.875000e-001
      vertex  3.750000e-001  8.326673e-017  3.750000e-001
      vertex  3.750000e-001  4.163336e-017 -3.750000e-001
    endloop
  endfacet
  facet normal -5.551115e-017  1.000000e+000 -5.551115e-017
    outer loop
      vertex -3.750000e-001  1.040834e-017 -1.875000e-001
      vertex  3.750000e-001  4.163336e-017 -3.750000e-001
      vertex -1.875000e-001  1.040834e-017 -3.750000e-001
    endloop
  endfacet
  facet normal -5.551118e-017  1.000000e+000 -5.551118e-017
    outer loop
      vertex -3.750000e-001  1.040834e-017 -1.875000e-001
      vertex -1.875000e-001  1.040834e-017 -3.750000e-001
      vertex -2.240794e-001  8.577768e-018 -3.713972e-001
    endloop
  endfacet
  facet normal -5.551116e-017  1.000000e+000 -5.551116e-017
    outer loop
      vertex -3.750000e-001  1.040834e-017 -1.875000e-001
      vertex -2.240794e-001  8.577768e-018 -3.713972e-001
      vertex -2.592531e-001  7.217529e-018 -3.607274e-001
    endloop
  endfacet
  facet normal -5.551113e-017  1.000000e+000 -5.551114e-017
    outer loop
      vertex -3.750000e-001  1.040834e-017 -1.875000e-001
      vertex -2.592531e-001  7.217529e-018 -3.607274e-001
      vertex -2.916694e-001  6.379898e-018 -3.434005e-001
    endloop
  endfacet
  facet normal -5.551118e-017  1.000000e+000 -5.551117e-017
    outer loop
      vertex -3.750000e-001  1.040834e-017 -1.875000e-001
      vertex -2.916694e-001  6.379898e-018 -3.434005e-001
      vertex -3.200825e-001  6.097065e-018 -3.200825e-001
    endloop
  endfacet
  facet normal -5.551113e-017  1.000000e+000 -5.551114e-017
    outer loop
      vertex -3.750000e-001  1.040834e-017 -1.875000e-001
      vertex -3.200825e-001  6.097065e-018 -3.200825e-001
      vertex -3.434005e-001  6.379898e-018 -2.916694e-001
    endloop
  endfacet
  facet normal -5.551122e-017  1.000000e+000 -5.551118e-017
    outer loop
      vertex -3.750000e-001  1.040834e-017 -1.875000e-001
      vertex -3.434005e-001  6.379898e-018 -2.916694e-001
      vertex -3.607274e-001  7.217529e-018 -2.592531e-001
    endloop
  endfacet
  facet normal -5.551126e-017  1.000000e+000 -5.551118e-017
    outer loop
      vertex -3.750000e-001  1.040834e-017 -1.875000e-001
      vertex -3.607274e-001  7.217529e-018 -2.592531e-001
      vertex -3.713972e-001  8.577768e-018 -2.240794e-001
    endloop
  endfacet
  facet normal -1.000000e+000  0.000000e+000  0.000000e+000
    outer loop
      vertex -3.750000e-001  4.163336e-017  3.750000e-001
      vertex -3.750000e-001  1.040834e-017 -1.875000e-001
      vertex -3.750000e-001 -7.500000e-001  3.750000e-001
    endloop
  endfacet
  facet normal -1.000000e+000  0.000000e+000  0.000000e+000
    outer loop
      vertex -3.750000e-001 -7.500000e-001  3.750000e-001
      vertex -3.750000e-001  1.040834e-017 -1.875000e-001
      vertex -3.750000e-001 -7.500000e-001 -1.875000e-001
    endloop
  endfacet
  facet normal  0.000000e+000  0.000000e+000 -1.000000e+000
    outer loop
      vertex -1.875000e-001  1.040834e-017 -3.750000e-001
      vertex  3.750000e-001  4.163336e-017 -3.750000e-001
      vertex -1.875000e-001 -7.500000e-001 -3.750000e-001
    endloop
  endfacet
  facet normal  0.000000e+000  0.000000e+000 -1.000000e+000
    outer loop
      vertex -1.875000e-001 -7.500000e-001 -3.750000e-001
      vertex  3.750000e-001  4.163336e-017 -3.750000e-001
      vertex  3.750000e-001 -7.500000e-001 -3.750000e-001
    endloop
  endfacet
  facet normal -9.801750e-002  0.000000e+000 -9.951847e-001
    outer loop
      vertex -1.875000e-001  1.040834e-017 -3.750000e-001
      vertex -1.875000e-001 -7.500000e-001 -3.750000e-001
      vertex -2.240794e-001  8.577768e-018 -3.713972e-001
    endloop
  endfacet
  facet normal -9.801750e-002  -0.000000e+000 -9.951847e-001
    outer loop
      vertex -2.240794e-001  8.577768e-018 -3.713972e-001
      vertex -1.875000e-001 -7.500000e-001 -3.750000e-001
      vertex -2.240794e-001 -7.500000e-001 -3.713972e-001
    endloop
  endfacet
  facet normal -2.902846e-001  0.000000e+000 -9.569404e-001
    outer loop
      vertex -2.240794e-001  8.577768e-018 -3.713972e-001
      vertex -2.240794e-001 -7.500000e-001 -3.713972e-001
      vertex -2.592531e-001  7.217529e-018 -3.607274e-001
    endloop
  endfacet
  facet normal -2.902846e-001  -0.000000e+000 -9.569404e-001
    outer loop
      vertex -2.592531e-001  7.217529e-018 -3.607274e-001
      vertex -2.240794e-001 -7.500000e-001 -3.713972e-001
      vertex -2.592531e-001 -7.500000e-001 -3.607274e-001
    endloop
  endfacet
  facet normal -4.713967e-001  0.000000e+000 -8.819213e-001
    outer loop
      vertex -2.592531e-001  7.217529e-018 -3.607274e-001
      vertex -2.592531e-001 -7.500000e-001 -3.607274e-001
      vertex -2.916694e-001  6.379898e-018 -3.434005e-001
    endloop
  endfacet
  facet normal -4.713967e-001  -0.000000e+000 -8.819213e-001
    outer loop
      vertex -2.916694e-001  6.379898e-018 -3.434005e-001
      vertex -2.592531e-001 -7.500000e-001 -3.607274e-001
      vertex -2.916694e-001 -7.500000e-001 -3.434005e-001
    endloop
  endfacet
  facet normal -6.343934e-001  0.000000e+000 -7.730104e-001
    outer loop
      vertex -2.916694e-001  6.379898e-018 -3.434005e-001
      vertex -2.916694e-001 -7.500000e-001 -3.434005e-001
      vertex -3.200825e-001  6.097065e-018 -3.200825e-001
    endloop
  endfacet
  facet normal -6.343934e-001  -0.000000e+000 -7.730104e-001
    outer loop
      vertex -3.200825e-001  6.097065e-018 -3.200825e-001
      vertex -2.916694e-001 -7.500000e-001 -3.434005e-001
      vertex -3.200825e-001 -7.500000e-001 -3.200825e-001
    endloop
  endfacet
  facet normal -7.730104e-001  0.000000e+000 -6.343934e-001
    outer loop
      vertex -3.200825e-001  6.097065e-018 -3.200825e-001
      vertex -3.200825e-001 -7.500000e-001 -3.200825e-001
      vertex -3.434005e-001  6.379898e-018 -2.916694e-001
    endloop
  endfacet
  facet normal -7.730104e-001  -0.000000e+000 -6.343934e-001
    outer loop
      vertex -3.434005e-001  6.379898e-018 -2.916694e-001
      vertex -3.200825e-001 -7.500000e-001 -3.200825e-001
      vertex -3.434005e-001 -7.500000e-001 -2.916694e-001
    endloop
  endfacet
  facet normal -8.819213e-001  0.000000e+000 -4.713967e-001
    outer loop
      vertex -3.434005e-001  6.379898e-018 -2.916694e-001
      vertex -3.434005e-001 -7.500000e-001 -2.916694e-001
      vertex -3.607274e-001  7.217529e-018 -2.592531e-001
    endloop
  endfacet
  facet normal -8.819213e-001  -0.000000e+000 -4.713967e-001
    outer loop
      vertex -3.607274e-001  7.217529e-018 -2.592531e-001
      vertex -3.434005e-001 -7.500000e-001 -2.916694e-001
      vertex -3.607274e-001 -7.500000e-001 -2.592531e-001
    endloop
  endfacet
  facet normal -9.569404e-001  0.000000e+000 -2.902846e-001
    outer loop
      vertex -3.607274e-001  7.217529e-018 -2.592531e-001
      vertex -3.607274e-001 -7.500000e-001 -2.592531e-001
      vertex -3.713972e-001  8.577768e-018 -2.240794e-001
    endloop
  endfacet
  facet normal -9.569404e-001  -0.000000e+000 -2.902846e-001
    outer loop
      vertex -3.713972e-001  8.577768e-018 -2.240794e-001
      vertex -3.607274e-001 -7.500000e-001 -2.592531e-001
      vertex -3.713972e-001 -7.500000e-001 -2.240794e-001
    endloop
  endfacet
  facet normal -9.951847e-001  0.000000e+000 -9.801750e-002
    outer loop
      vertex -3.713972e-001  8.577768e-018 -2.240794e-001
      vertex -3.713972e-001 -7.500000e-001 -2.240794e-001
      vertex -3.750000e-001  1.040834e-017 -1.875000e-001
    endloop
  endfacet
  facet normal -9.951847e-001  -0.000000e+000 -9.801750e-002
    outer loop
      vertex -3.750000e-001  1.040834e-017 -1.875000e-001
      vertex -3.713972e-001 -7.500000e-001 -2.240794e-001
      vertex -3.750000e-001 -7.500000e-001 -1.875000e-001
    endloop
  endfacet
  facet normal  -0.000000e+000  0.000000e+000  1.000000e+000
    outer loop
      vertex  3.750000e-001  8.326673e-017  3.750000e-001
      vertex -3.750000e-001  4.163336e-017  3.750000e-001
      vertex  3.750000e-001 -7.500000e-001  3.750000e-001
    endloop
  endfacet
  facet normal  0.000000e+000  0.000000e+000  1.000000e+000
    outer loop
      vertex  3.750000e-001 -7.500000e-001  3.750000e-001
      vertex -3.750000e-001  4.163336e-017  3.750000e-001
      vertex -3.750000e-001 -7.500000e-001  3.750000e-001
    endloop
  endfacet
  facet normal  1.000000e+000  0.000000e+000  0.000000e+000
    outer loop
      vertex  3.750000e-001  4.163336e-017 -3.750000e-001
      vertex  3.750000e-001  8.326673e-017  3.750000e-001
      vertex  3.750000e-001 -7.500000e-001 -3.750000e-001
    endloop
  endfacet
  facet normal  1.000000e+000  0.000000e+000  0.000000e+000
    outer loop
      vertex  3.750000e-001 -7.500000e-001 -3.750000e-001
      vertex  3.750000e-001  8.326673e-017  3.750000e-001
      vertex  3.750000e-001 -7.500000e-001  3.750000e-001
    endloop
  endfacet
endsolid CATIA STL
