solid CATIA STL
  facet normal  0.000000e+000 -1.000000e+000  0.000000e+000
    outer loop
      vertex -7.500000e-001 -5.000000e-001 -3.203125e-001
      vertex -7.417437e-001 -5.000000e-001 -4.041404e-001
      vertex -7.172920e-001 -5.000000e-001 -4.847468e-001
    endloop
  endfacet
  facet normal  0.000000e+000 -1.000000e+000  0.000000e+000
    outer loop
      vertex -7.500000e-001 -5.000000e-001 -3.203125e-001
      vertex -7.172920e-001 -5.000000e-001 -4.847468e-001
      vertex -6.775846e-001 -5.000000e-001 -5.590341e-001
    endloop
  endfacet
  facet normal  0.000000e+000 -1.000000e+000  0.000000e+000
    outer loop
      vertex -7.500000e-001 -5.000000e-001 -3.203125e-001
      vertex -6.775846e-001 -5.000000e-001 -5.590341e-001
      vertex -6.241475e-001 -5.000000e-001 -6.241475e-001
    endloop
  endfacet
  facet normal  0.000000e+000 -1.000000e+000  0.000000e+000
    outer loop
      vertex -7.500000e-001 -5.000000e-001 -3.203125e-001
      vertex -6.241475e-001 -5.000000e-001 -6.241475e-001
      vertex -5.590341e-001 -5.000000e-001 -6.775846e-001
    endloop
  endfacet
  facet normal  0.000000e+000 -1.000000e+000  0.000000e+000
    outer loop
      vertex -7.500000e-001 -5.000000e-001 -3.203125e-001
      vertex -5.590341e-001 -5.000000e-001 -6.775846e-001
      vertex -4.847468e-001 -5.000000e-001 -7.172920e-001
    endloop
  endfacet
  facet normal  0.000000e+000 -1.000000e+000  0.000000e+000
    outer loop
      vertex -7.500000e-001 -5.000000e-001 -3.203125e-001
      vertex -4.847468e-001 -5.000000e-001 -7.172920e-001
      vertex -4.041404e-001 -5.000000e-001 -7.417437e-001
    endloop
  endfacet
  facet normal  0.000000e+000 -1.000000e+000  0.000000e+000
    outer loop
      vertex -7.500000e-001 -5.000000e-001 -3.203125e-001
      vertex -4.041404e-001 -5.000000e-001 -7.417437e-001
      vertex -3.203125e-001 -5.000000e-001 -7.500000e-001
    endloop
  endfacet
  facet normal  0.000000e+000 -1.000000e+000  0.000000e+000
    outer loop
      vertex -7.500000e-001 -5.000000e-001 -3.203125e-001
      vertex -3.203125e-001 -5.000000e-001 -7.500000e-001
      vertex  7.500000e-001 -5.000000e-001 -7.500000e-001
    endloop
  endfacet
  facet normal  0.000000e+000 -1.000000e+000  0.000000e+000
    outer loop
      vertex -7.500000e-001 -5.000000e-001 -3.203125e-001
      vertex  7.500000e-001 -5.000000e-001 -7.500000e-001
      vertex  7.500000e-001 -5.000000e-001  7.500000e-001
    endloop
  endfacet
  facet normal  -0.000000e+000 -1.000000e+000  0.000000e+000
    outer loop
      vertex -7.500000e-001 -5.000000e-001 -3.203125e-001
      vertex  7.500000e-001 -5.000000e-001  7.500000e-001
      vertex -7.500000e-001 -5.000000e-001  7.500000e-001
    endloop
  endfacet
  facet normal  -0.000000e+000  1.000000e+000  0.000000e+000
    outer loop
      vertex -7.500000e-001  5.000000e-001 -3.203125e-001
      vertex -7.500000e-001  5.000000e-001  7.500000e-001
      vertex  7.500000e-001  5.000000e-001  7.500000e-001
    endloop
  endfacet
  facet normal  0.000000e+000  1.000000e+000  0.000000e+000
    outer loop
      vertex -7.500000e-001  5.000000e-001 -3.203125e-001
      vertex  7.500000e-001  5.000000e-001  7.500000e-001
      vertex  7.500000e-001  5.000000e-001 -7.500000e-001
    endloop
  endfacet
  facet normal  0.000000e+000  1.000000e+000  0.000000e+000
    outer loop
      vertex -7.500000e-001  5.000000e-001 -3.203125e-001
      vertex  7.500000e-001  5.000000e-001 -7.500000e-001
      vertex -3.203125e-001  5.000000e-001 -7.500000e-001
    endloop
  endfacet
  facet normal  0.000000e+000  1.000000e+000  0.000000e+000
    outer loop
      vertex -7.500000e-001  5.000000e-001 -3.203125e-001
      vertex -3.203125e-001  5.000000e-001 -7.500000e-001
      vertex -4.041404e-001  5.000000e-001 -7.417437e-001
    endloop
  endfacet
  facet normal  0.000000e+000  1.000000e+000  0.000000e+000
    outer loop
      vertex -7.500000e-001  5.000000e-001 -3.203125e-001
      vertex -4.041404e-001  5.000000e-001 -7.417437e-001
      vertex -4.847468e-001  5.000000e-001 -7.172920e-001
    endloop
  endfacet
  facet normal  0.000000e+000  1.000000e+000  0.000000e+000
    outer loop
      vertex -7.500000e-001  5.000000e-001 -3.203125e-001
      vertex -4.847468e-001  5.000000e-001 -7.172920e-001
      vertex -5.590341e-001  5.000000e-001 -6.775846e-001
    endloop
  endfacet
  facet normal  0.000000e+000  1.000000e+000  0.000000e+000
    outer loop
      vertex -7.500000e-001  5.000000e-001 -3.203125e-001
      vertex -5.590341e-001  5.000000e-001 -6.775846e-001
      vertex -6.241475e-001  5.000000e-001 -6.241475e-001
    endloop
  endfacet
  facet normal  0.000000e+000  1.000000e+000  0.000000e+000
    outer loop
      vertex -7.500000e-001  5.000000e-001 -3.203125e-001
      vertex -6.241475e-001  5.000000e-001 -6.241475e-001
      vertex -6.775846e-001  5.000000e-001 -5.590341e-001
    endloop
  endfacet
  facet normal  0.000000e+000  1.000000e+000  0.000000e+000
    outer loop
      vertex -7.500000e-001  5.000000e-001 -3.203125e-001
      vertex -6.775846e-001  5.000000e-001 -5.590341e-001
      vertex -7.172920e-001  5.000000e-001 -4.847468e-001
    endloop
  endfacet
  facet normal  0.000000e+000  1.000000e+000  0.000000e+000
    outer loop
      vertex -7.500000e-001  5.000000e-001 -3.203125e-001
      vertex -7.172920e-001  5.000000e-001 -4.847468e-001
      vertex -7.417437e-001  5.000000e-001 -4.041404e-001
    endloop
  endfacet
  facet normal -1.000000e+000  -0.000000e+000  0.000000e+000
    outer loop
      vertex -7.500000e-001 -5.000000e-001  7.500000e-001
      vertex -7.500000e-001  5.000000e-001  7.500000e-001
      vertex -7.500000e-001 -5.000000e-001 -3.203125e-001
    endloop
  endfacet
  facet normal -1.000000e+000  0.000000e+000  0.000000e+000
    outer loop
      vertex -7.500000e-001 -5.000000e-001 -3.203125e-001
      vertex -7.500000e-001  5.000000e-001  7.500000e-001
      vertex -7.500000e-001  5.000000e-001 -3.203125e-001
    endloop
  endfacet
  facet normal  0.000000e+000  0.000000e+000 -1.000000e+000
    outer loop
      vertex -3.203125e-001 -5.000000e-001 -7.500000e-001
      vertex -3.203125e-001  5.000000e-001 -7.500000e-001
      vertex  7.500000e-001 -5.000000e-001 -7.500000e-001
    endloop
  endfacet
  facet normal  0.000000e+000  0.000000e+000 -1.000000e+000
    outer loop
      vertex  7.500000e-001 -5.000000e-001 -7.500000e-001
      vertex -3.203125e-001  5.000000e-001 -7.500000e-001
      vertex  7.500000e-001  5.000000e-001 -7.500000e-001
    endloop
  endfacet
  facet normal -9.801703e-002  0.000000e+000 -9.951848e-001
    outer loop
      vertex -3.203125e-001  5.000000e-001 -7.500000e-001
      vertex -3.203125e-001 -5.000000e-001 -7.500000e-001
      vertex -4.041404e-001  5.000000e-001 -7.417437e-001
    endloop
  endfacet
  facet normal -9.801703e-002  -0.000000e+000 -9.951848e-001
    outer loop
      vertex -4.041404e-001  5.000000e-001 -7.417437e-001
      vertex -3.203125e-001 -5.000000e-001 -7.500000e-001
      vertex -4.041404e-001 -5.000000e-001 -7.417437e-001
    endloop
  endfacet
  facet normal -2.902845e-001  0.000000e+000 -9.569404e-001
    outer loop
      vertex -4.041404e-001  5.000000e-001 -7.417437e-001
      vertex -4.041404e-001 -5.000000e-001 -7.417437e-001
      vertex -4.847468e-001  5.000000e-001 -7.172920e-001
    endloop
  endfacet
  facet normal -2.902845e-001  -0.000000e+000 -9.569404e-001
    outer loop
      vertex -4.847468e-001  5.000000e-001 -7.172920e-001
      vertex -4.041404e-001 -5.000000e-001 -7.417437e-001
      vertex -4.847468e-001 -5.000000e-001 -7.172920e-001
    endloop
  endfacet
  facet normal -4.713969e-001  0.000000e+000 -8.819212e-001
    outer loop
      vertex -4.847468e-001  5.000000e-001 -7.172920e-001
      vertex -4.847468e-001 -5.000000e-001 -7.172920e-001
      vertex -5.590341e-001  5.000000e-001 -6.775846e-001
    endloop
  endfacet
  facet normal -4.713969e-001  -0.000000e+000 -8.819212e-001
    outer loop
      vertex -5.590341e-001  5.000000e-001 -6.775846e-001
      vertex -4.847468e-001 -5.000000e-001 -7.172920e-001
      vertex -5.590341e-001 -5.000000e-001 -6.775846e-001
    endloop
  endfacet
  facet normal -6.343930e-001  0.000000e+000 -7.730108e-001
    outer loop
      vertex -5.590341e-001  5.000000e-001 -6.775846e-001
      vertex -5.590341e-001 -5.000000e-001 -6.775846e-001
      vertex -6.241475e-001  5.000000e-001 -6.241475e-001
    endloop
  endfacet
  facet normal -6.343930e-001  -0.000000e+000 -7.730108e-001
    outer loop
      vertex -6.241475e-001  5.000000e-001 -6.241475e-001
      vertex -5.590341e-001 -5.000000e-001 -6.775846e-001
      vertex -6.241475e-001 -5.000000e-001 -6.241475e-001
    endloop
  endfacet
  facet normal -7.730108e-001  0.000000e+000 -6.343930e-001
    outer loop
      vertex -6.241475e-001  5.000000e-001 -6.241475e-001
      vertex -6.241475e-001 -5.000000e-001 -6.241475e-001
      vertex -6.775846e-001  5.000000e-001 -5.590341e-001
    endloop
  endfacet
  facet normal -7.730108e-001  -0.000000e+000 -6.343930e-001
    outer loop
      vertex -6.775846e-001  5.000000e-001 -5.590341e-001
      vertex -6.241475e-001 -5.000000e-001 -6.241475e-001
      vertex -6.775846e-001 -5.000000e-001 -5.590341e-001
    endloop
  endfacet
  facet normal -8.819212e-001  0.000000e+000 -4.713969e-001
    outer loop
      vertex -6.775846e-001  5.000000e-001 -5.590341e-001
      vertex -6.775846e-001 -5.000000e-001 -5.590341e-001
      vertex -7.172920e-001  5.000000e-001 -4.847468e-001
    endloop
  endfacet
  facet normal -8.819212e-001  -0.000000e+000 -4.713969e-001
    outer loop
      vertex -7.172920e-001  5.000000e-001 -4.847468e-001
      vertex -6.775846e-001 -5.000000e-001 -5.590341e-001
      vertex -7.172920e-001 -5.000000e-001 -4.847468e-001
    endloop
  endfacet
  facet normal -9.569404e-001  0.000000e+000 -2.902845e-001
    outer loop
      vertex -7.172920e-001  5.000000e-001 -4.847468e-001
      vertex -7.172920e-001 -5.000000e-001 -4.847468e-001
      vertex -7.417437e-001  5.000000e-001 -4.041404e-001
    endloop
  endfacet
  facet normal -9.569404e-001  -0.000000e+000 -2.902845e-001
    outer loop
      vertex -7.417437e-001  5.000000e-001 -4.041404e-001
      vertex -7.172920e-001 -5.000000e-001 -4.847468e-001
      vertex -7.417437e-001 -5.000000e-001 -4.041404e-001
    endloop
  endfacet
  facet normal -9.951848e-001  0.000000e+000 -9.801703e-002
    outer loop
      vertex -7.417437e-001  5.000000e-001 -4.041404e-001
      vertex -7.417437e-001 -5.000000e-001 -4.041404e-001
      vertex -7.500000e-001  5.000000e-001 -3.203125e-001
    endloop
  endfacet
  facet normal -9.951848e-001  -0.000000e+000 -9.801703e-002
    outer loop
      vertex -7.500000e-001  5.000000e-001 -3.203125e-001
      vertex -7.417437e-001 -5.000000e-001 -4.041404e-001
      vertex -7.500000e-001 -5.000000e-001 -3.203125e-001
    endloop
  endfacet
  facet normal  0.000000e+000  0.000000e+000  1.000000e+000
    outer loop
      vertex  7.500000e-001 -5.000000e-001  7.500000e-001
      vertex  7.500000e-001  5.000000e-001  7.500000e-001
      vertex -7.500000e-001 -5.000000e-001  7.500000e-001
    endloop
  endfacet
  facet normal  0.000000e+000  0.000000e+000  1.000000e+000
    outer loop
      vertex -7.500000e-001 -5.000000e-001  7.500000e-001
      vertex  7.500000e-001  5.000000e-001  7.500000e-001
      vertex -7.500000e-001  5.000000e-001  7.500000e-001
    endloop
  endfacet
  facet normal  1.000000e+000  0.000000e+000  0.000000e+000
    outer loop
      vertex  7.500000e-001 -5.000000e-001 -7.500000e-001
      vertex  7.500000e-001  5.000000e-001 -7.500000e-001
      vertex  7.500000e-001 -5.000000e-001  7.500000e-001
    endloop
  endfacet
  facet normal  1.000000e+000  -0.000000e+000  0.000000e+000
    outer loop
      vertex  7.500000e-001 -5.000000e-001  7.500000e-001
      vertex  7.500000e-001  5.000000e-001 -7.500000e-001
      vertex  7.500000e-001  5.000000e-001  7.500000e-001
    endloop
  endfacet
endsolid CATIA STL
