solid CATIA STL
  facet normal  -0.000000e+000  -0.000000e+000  1.000000e+000
    outer loop
      vertex  0.000000e+000  6.250000e-002  1.484375e-001
      vertex  1.200920e-003  5.030686e-002  1.484375e-001
      vertex  4.757529e-003  3.858228e-002  1.484375e-001
    endloop
  endfacet
  facet normal  -0.000000e+000  -0.000000e+000  1.000000e+000
    outer loop
      vertex  0.000000e+000  6.250000e-002  1.484375e-001
      vertex  4.757529e-003  3.858228e-002  1.484375e-001
      vertex  1.053315e-002  2.777686e-002  1.484375e-001
    endloop
  endfacet
  facet normal  -0.000000e+000  -0.000000e+000  1.000000e+000
    outer loop
      vertex  0.000000e+000  6.250000e-002  1.484375e-001
      vertex  1.053315e-002  2.777686e-002  1.484375e-001
      vertex  1.830583e-002  1.830583e-002  1.484375e-001
    endloop
  endfacet
  facet normal  -0.000000e+000  -0.000000e+000  1.000000e+000
    outer loop
      vertex  0.000000e+000  6.250000e-002  1.484375e-001
      vertex  1.830583e-002  1.830583e-002  1.484375e-001
      vertex  2.777686e-002  1.053315e-002  1.484375e-001
    endloop
  endfacet
  facet normal  -0.000000e+000  -0.000000e+000  1.000000e+000
    outer loop
      vertex  0.000000e+000  6.250000e-002  1.484375e-001
      vertex  2.777686e-002  1.053315e-002  1.484375e-001
      vertex  3.858228e-002  4.757529e-003  1.484375e-001
    endloop
  endfacet
  facet normal  -0.000000e+000  -0.000000e+000  1.000000e+000
    outer loop
      vertex  0.000000e+000  6.250000e-002  1.484375e-001
      vertex  3.858228e-002  4.757529e-003  1.484375e-001
      vertex  5.030686e-002  1.200920e-003  1.484375e-001
    endloop
  endfacet
  facet normal  -0.000000e+000  -0.000000e+000  1.000000e+000
    outer loop
      vertex  0.000000e+000  6.250000e-002  1.484375e-001
      vertex  5.030686e-002  1.200920e-003  1.484375e-001
      vertex  6.250000e-002  0.000000e+000  1.484375e-001
    endloop
  endfacet
  facet normal  0.000000e+000  -0.000000e+000  1.000000e+000
    outer loop
      vertex  0.000000e+000  6.250000e-002  1.484375e-001
      vertex  6.250000e-002  0.000000e+000  1.484375e-001
      vertex  7.500000e-001  0.000000e+000  1.484375e-001
    endloop
  endfacet
  facet normal  0.000000e+000  -0.000000e+000  1.000000e+000
    outer loop
      vertex  0.000000e+000  6.250000e-002  1.484375e-001
      vertex  7.500000e-001  0.000000e+000  1.484375e-001
      vertex  7.500000e-001  6.789474e-001  1.484375e-001
    endloop
  endfacet
  facet normal  0.000000e+000  0.000000e+000  1.000000e+000
    outer loop
      vertex  0.000000e+000  6.250000e-002  1.484375e-001
      vertex  7.500000e-001  6.789474e-001  1.484375e-001
      vertex  0.000000e+000  6.789474e-001  1.484375e-001
    endloop
  endfacet
  facet normal  0.000000e+000  0.000000e+000 -1.000000e+000
    outer loop
      vertex  0.000000e+000  6.250000e-002  0.000000e+000
      vertex  0.000000e+000  6.789474e-001  0.000000e+000
      vertex  7.500000e-001  6.789474e-001  0.000000e+000
    endloop
  endfacet
  facet normal  0.000000e+000  -0.000000e+000 -1.000000e+000
    outer loop
      vertex  0.000000e+000  6.250000e-002  0.000000e+000
      vertex  7.500000e-001  6.789474e-001  0.000000e+000
      vertex  7.500000e-001  0.000000e+000  0.000000e+000
    endloop
  endfacet
  facet normal  0.000000e+000  0.000000e+000 -1.000000e+000
    outer loop
      vertex  0.000000e+000  6.250000e-002  0.000000e+000
      vertex  7.500000e-001  0.000000e+000  0.000000e+000
      vertex  6.250000e-002  0.000000e+000  0.000000e+000
    endloop
  endfacet
  facet normal  0.000000e+000  0.000000e+000 -1.000000e+000
    outer loop
      vertex  0.000000e+000  6.250000e-002  0.000000e+000
      vertex  6.250000e-002  0.000000e+000  0.000000e+000
      vertex  5.030686e-002  1.200920e-003  0.000000e+000
    endloop
  endfacet
  facet normal  0.000000e+000  0.000000e+000 -1.000000e+000
    outer loop
      vertex  0.000000e+000  6.250000e-002  0.000000e+000
      vertex  5.030686e-002  1.200920e-003  0.000000e+000
      vertex  3.858228e-002  4.757529e-003  0.000000e+000
    endloop
  endfacet
  facet normal  0.000000e+000  0.000000e+000 -1.000000e+000
    outer loop
      vertex  0.000000e+000  6.250000e-002  0.000000e+000
      vertex  3.858228e-002  4.757529e-003  0.000000e+000
      vertex  2.777686e-002  1.053315e-002  0.000000e+000
    endloop
  endfacet
  facet normal  0.000000e+000  0.000000e+000 -1.000000e+000
    outer loop
      vertex  0.000000e+000  6.250000e-002  0.000000e+000
      vertex  2.777686e-002  1.053315e-002  0.000000e+000
      vertex  1.830583e-002  1.830583e-002  0.000000e+000
    endloop
  endfacet
  facet normal  0.000000e+000  0.000000e+000 -1.000000e+000
    outer loop
      vertex  0.000000e+000  6.250000e-002  0.000000e+000
      vertex  1.830583e-002  1.830583e-002  0.000000e+000
      vertex  1.053315e-002  2.777686e-002  0.000000e+000
    endloop
  endfacet
  facet normal  0.000000e+000  0.000000e+000 -1.000000e+000
    outer loop
      vertex  0.000000e+000  6.250000e-002  0.000000e+000
      vertex  1.053315e-002  2.777686e-002  0.000000e+000
      vertex  4.757529e-003  3.858228e-002  0.000000e+000
    endloop
  endfacet
  facet normal  0.000000e+000  0.000000e+000 -1.000000e+000
    outer loop
      vertex  0.000000e+000  6.250000e-002  0.000000e+000
      vertex  4.757529e-003  3.858228e-002  0.000000e+000
      vertex  1.200920e-003  5.030686e-002  0.000000e+000
    endloop
  endfacet
  facet normal -1.000000e+000  0.000000e+000  0.000000e+000
    outer loop
      vertex  0.000000e+000  6.789474e-001  1.484375e-001
      vertex  0.000000e+000  6.789474e-001  0.000000e+000
      vertex  0.000000e+000  6.250000e-002  1.484375e-001
    endloop
  endfacet
  facet normal -1.000000e+000  0.000000e+000  0.000000e+000
    outer loop
      vertex  0.000000e+000  6.250000e-002  1.484375e-001
      vertex  0.000000e+000  6.789474e-001  0.000000e+000
      vertex  0.000000e+000  6.250000e-002  0.000000e+000
    endloop
  endfacet
  facet normal  0.000000e+000 -9.999999e-001  0.000000e+000
    outer loop
      vertex  6.250000e-002  0.000000e+000  1.484375e-001
      vertex  6.250000e-002  0.000000e+000  0.000000e+000
      vertex  7.500000e-001  0.000000e+000  1.484375e-001
    endloop
  endfacet
  facet normal  0.000000e+000 -9.999999e-001  -0.000000e+000
    outer loop
      vertex  7.500000e-001  0.000000e+000  1.484375e-001
      vertex  6.250000e-002  0.000000e+000  0.000000e+000
      vertex  7.500000e-001  0.000000e+000  0.000000e+000
    endloop
  endfacet
  facet normal -9.801716e-002 -9.951848e-001  -0.000000e+000
    outer loop
      vertex  6.250000e-002  0.000000e+000  0.000000e+000
      vertex  6.250000e-002  0.000000e+000  1.484375e-001
      vertex  5.030686e-002  1.200920e-003  0.000000e+000
    endloop
  endfacet
  facet normal -9.801716e-002 -9.951848e-001  0.000000e+000
    outer loop
      vertex  5.030686e-002  1.200920e-003  0.000000e+000
      vertex  6.250000e-002  0.000000e+000  1.484375e-001
      vertex  5.030686e-002  1.200920e-003  1.484375e-001
    endloop
  endfacet
  facet normal -2.902846e-001 -9.569404e-001  -0.000000e+000
    outer loop
      vertex  5.030686e-002  1.200920e-003  0.000000e+000
      vertex  5.030686e-002  1.200920e-003  1.484375e-001
      vertex  3.858228e-002  4.757529e-003  0.000000e+000
    endloop
  endfacet
  facet normal -2.902846e-001 -9.569404e-001  0.000000e+000
    outer loop
      vertex  3.858228e-002  4.757529e-003  0.000000e+000
      vertex  5.030686e-002  1.200920e-003  1.484375e-001
      vertex  3.858228e-002  4.757529e-003  1.484375e-001
    endloop
  endfacet
  facet normal -4.713968e-001 -8.819212e-001  -0.000000e+000
    outer loop
      vertex  3.858228e-002  4.757529e-003  0.000000e+000
      vertex  3.858228e-002  4.757529e-003  1.484375e-001
      vertex  2.777686e-002  1.053315e-002  0.000000e+000
    endloop
  endfacet
  facet normal -4.713968e-001 -8.819212e-001  0.000000e+000
    outer loop
      vertex  2.777686e-002  1.053315e-002  0.000000e+000
      vertex  3.858228e-002  4.757529e-003  1.484375e-001
      vertex  2.777686e-002  1.053315e-002  1.484375e-001
    endloop
  endfacet
  facet normal -6.343933e-001 -7.730103e-001  -0.000000e+000
    outer loop
      vertex  2.777686e-002  1.053315e-002  0.000000e+000
      vertex  2.777686e-002  1.053315e-002  1.484375e-001
      vertex  1.830583e-002  1.830583e-002  0.000000e+000
    endloop
  endfacet
  facet normal -6.343933e-001 -7.730103e-001  0.000000e+000
    outer loop
      vertex  1.830583e-002  1.830583e-002  0.000000e+000
      vertex  2.777686e-002  1.053315e-002  1.484375e-001
      vertex  1.830583e-002  1.830583e-002  1.484375e-001
    endloop
  endfacet
  facet normal -7.730103e-001 -6.343933e-001  -0.000000e+000
    outer loop
      vertex  1.830583e-002  1.830583e-002  0.000000e+000
      vertex  1.830583e-002  1.830583e-002  1.484375e-001
      vertex  1.053315e-002  2.777686e-002  0.000000e+000
    endloop
  endfacet
  facet normal -7.730103e-001 -6.343933e-001  0.000000e+000
    outer loop
      vertex  1.053315e-002  2.777686e-002  0.000000e+000
      vertex  1.830583e-002  1.830583e-002  1.484375e-001
      vertex  1.053315e-002  2.777686e-002  1.484375e-001
    endloop
  endfacet
  facet normal -8.819212e-001 -4.713968e-001  -0.000000e+000
    outer loop
      vertex  1.053315e-002  2.777686e-002  0.000000e+000
      vertex  1.053315e-002  2.777686e-002  1.484375e-001
      vertex  4.757529e-003  3.858228e-002  0.000000e+000
    endloop
  endfacet
  facet normal -8.819212e-001 -4.713968e-001  0.000000e+000
    outer loop
      vertex  4.757529e-003  3.858228e-002  0.000000e+000
      vertex  1.053315e-002  2.777686e-002  1.484375e-001
      vertex  4.757529e-003  3.858228e-002  1.484375e-001
    endloop
  endfacet
  facet normal -9.569404e-001 -2.902846e-001  -0.000000e+000
    outer loop
      vertex  4.757529e-003  3.858228e-002  0.000000e+000
      vertex  4.757529e-003  3.858228e-002  1.484375e-001
      vertex  1.200920e-003  5.030686e-002  0.000000e+000
    endloop
  endfacet
  facet normal -9.569404e-001 -2.902846e-001  0.000000e+000
    outer loop
      vertex  1.200920e-003  5.030686e-002  0.000000e+000
      vertex  4.757529e-003  3.858228e-002  1.484375e-001
      vertex  1.200920e-003  5.030686e-002  1.484375e-001
    endloop
  endfacet
  facet normal -9.951848e-001 -9.801716e-002  -0.000000e+000
    outer loop
      vertex  1.200920e-003  5.030686e-002  0.000000e+000
      vertex  1.200920e-003  5.030686e-002  1.484375e-001
      vertex  0.000000e+000  6.250000e-002  0.000000e+000
    endloop
  endfacet
  facet normal -9.951848e-001 -9.801716e-002  0.000000e+000
    outer loop
      vertex  0.000000e+000  6.250000e-002  0.000000e+000
      vertex  1.200920e-003  5.030686e-002  1.484375e-001
      vertex  0.000000e+000  6.250000e-002  1.484375e-001
    endloop
  endfacet
  facet normal  0.000000e+000  1.000000e+000  -0.000000e+000
    outer loop
      vertex  7.500000e-001  6.789474e-001  1.484375e-001
      vertex  7.500000e-001  6.789474e-001  0.000000e+000
      vertex  0.000000e+000  6.789474e-001  1.484375e-001
    endloop
  endfacet
  facet normal  0.000000e+000  1.000000e+000  0.000000e+000
    outer loop
      vertex  0.000000e+000  6.789474e-001  1.484375e-001
      vertex  7.500000e-001  6.789474e-001  0.000000e+000
      vertex  0.000000e+000  6.789474e-001  0.000000e+000
    endloop
  endfacet
  facet normal  1.000000e+000  0.000000e+000  0.000000e+000
    outer loop
      vertex  7.500000e-001  0.000000e+000  1.484375e-001
      vertex  7.500000e-001  0.000000e+000  0.000000e+000
      vertex  7.500000e-001  6.789474e-001  1.484375e-001
    endloop
  endfacet
  facet normal  1.000000e+000  0.000000e+000  0.000000e+000
    outer loop
      vertex  7.500000e-001  6.789474e-001  1.484375e-001
      vertex  7.500000e-001  0.000000e+000  0.000000e+000
      vertex  7.500000e-001  6.789474e-001  0.000000e+000
    endloop
  endfacet
endsolid CATIA STL
