solid CATIA STL
  facet normal  0.000000e+000  0.000000e+000 -1.000000e+000
    outer loop
      vertex  0.000000e+000  1.875000e-001  0.000000e+000
      vertex  0.000000e+000  5.234375e-001  0.000000e+000
      vertex  2.259046e-001  1.875000e-001  0.000000e+000
    endloop
  endfacet
  facet normal  0.000000e+000  0.000000e+000 -1.000000e+000
    outer loop
      vertex  2.259046e-001  1.875000e-001  0.000000e+000
      vertex  0.000000e+000  5.234375e-001  0.000000e+000
      vertex  2.259046e-001  5.234375e-001  0.000000e+000
    endloop
  endfacet
  facet normal -1.000000e+000  0.000000e+000  0.000000e+000
    outer loop
      vertex  0.000000e+000  1.875000e-001  0.000000e+000
      vertex  0.000000e+000  1.509206e-001  3.602760e-003
      vertex  0.000000e+000  5.234375e-001  0.000000e+000
    endloop
  endfacet
  facet normal -1.000000e+000  0.000000e+000  0.000000e+000
    outer loop
      vertex  0.000000e+000  0.000000e+000  1.875000e-001
      vertex  0.000000e+000  0.000000e+000  7.500000e-001
      vertex  0.000000e+000  5.234375e-001  7.500000e-001
    endloop
  endfacet
  facet normal -1.000000e+000  0.000000e+000  -0.000000e+000
    outer loop
      vertex  0.000000e+000  0.000000e+000  1.875000e-001
      vertex  0.000000e+000  5.234375e-001  7.500000e-001
      vertex  0.000000e+000  5.234375e-001  0.000000e+000
    endloop
  endfacet
  facet normal -1.000000e+000  0.000000e+000  0.000000e+000
    outer loop
      vertex  0.000000e+000  0.000000e+000  1.875000e-001
      vertex  0.000000e+000  5.234375e-001  0.000000e+000
      vertex  0.000000e+000  1.509206e-001  3.602760e-003
    endloop
  endfacet
  facet normal -1.000000e+000  0.000000e+000  0.000000e+000
    outer loop
      vertex  0.000000e+000  0.000000e+000  1.875000e-001
      vertex  0.000000e+000  1.509206e-001  3.602760e-003
      vertex  0.000000e+000  1.157469e-001  1.427259e-002
    endloop
  endfacet
  facet normal -1.000000e+000  0.000000e+000  0.000000e+000
    outer loop
      vertex  0.000000e+000  0.000000e+000  1.875000e-001
      vertex  0.000000e+000  1.157469e-001  1.427259e-002
      vertex  0.000000e+000  8.333058e-002  3.159945e-002
    endloop
  endfacet
  facet normal -1.000000e+000  0.000000e+000  0.000000e+000
    outer loop
      vertex  0.000000e+000  0.000000e+000  1.875000e-001
      vertex  0.000000e+000  8.333058e-002  3.159945e-002
      vertex  0.000000e+000  5.491748e-002  5.491748e-002
    endloop
  endfacet
  facet normal -1.000000e+000  0.000000e+000  0.000000e+000
    outer loop
      vertex  0.000000e+000  0.000000e+000  1.875000e-001
      vertex  0.000000e+000  5.491748e-002  5.491748e-002
      vertex  0.000000e+000  3.159945e-002  8.333058e-002
    endloop
  endfacet
  facet normal -9.999999e-001  0.000000e+000  0.000000e+000
    outer loop
      vertex  0.000000e+000  0.000000e+000  1.875000e-001
      vertex  0.000000e+000  3.159945e-002  8.333058e-002
      vertex  0.000000e+000  1.427259e-002  1.157469e-001
    endloop
  endfacet
  facet normal -1.000000e+000  0.000000e+000  0.000000e+000
    outer loop
      vertex  0.000000e+000  0.000000e+000  1.875000e-001
      vertex  0.000000e+000  1.427259e-002  1.157469e-001
      vertex  0.000000e+000  3.602760e-003  1.509206e-001
    endloop
  endfacet
  facet normal  1.000000e+000  -0.000000e+000  -0.000000e+000
    outer loop
      vertex  2.259046e-001  0.000000e+000  1.875000e-001
      vertex  2.259046e-001  3.602760e-003  1.509206e-001
      vertex  2.259046e-001  1.427259e-002  1.157469e-001
    endloop
  endfacet
  facet normal  9.999999e-001  -0.000000e+000  -0.000000e+000
    outer loop
      vertex  2.259046e-001  0.000000e+000  1.875000e-001
      vertex  2.259046e-001  1.427259e-002  1.157469e-001
      vertex  2.259046e-001  3.159945e-002  8.333058e-002
    endloop
  endfacet
  facet normal  1.000000e+000  -0.000000e+000  -0.000000e+000
    outer loop
      vertex  2.259046e-001  0.000000e+000  1.875000e-001
      vertex  2.259046e-001  3.159945e-002  8.333058e-002
      vertex  2.259046e-001  5.491748e-002  5.491748e-002
    endloop
  endfacet
  facet normal  1.000000e+000  -0.000000e+000  -0.000000e+000
    outer loop
      vertex  2.259046e-001  0.000000e+000  1.875000e-001
      vertex  2.259046e-001  5.491748e-002  5.491748e-002
      vertex  2.259046e-001  8.333058e-002  3.159945e-002
    endloop
  endfacet
  facet normal  1.000000e+000  -0.000000e+000  -0.000000e+000
    outer loop
      vertex  2.259046e-001  0.000000e+000  1.875000e-001
      vertex  2.259046e-001  8.333058e-002  3.159945e-002
      vertex  2.259046e-001  1.157469e-001  1.427259e-002
    endloop
  endfacet
  facet normal  1.000000e+000  -0.000000e+000  -0.000000e+000
    outer loop
      vertex  2.259046e-001  0.000000e+000  1.875000e-001
      vertex  2.259046e-001  1.157469e-001  1.427259e-002
      vertex  2.259046e-001  1.509206e-001  3.602760e-003
    endloop
  endfacet
  facet normal  1.000000e+000  -0.000000e+000  -0.000000e+000
    outer loop
      vertex  2.259046e-001  0.000000e+000  1.875000e-001
      vertex  2.259046e-001  1.509206e-001  3.602760e-003
      vertex  2.259046e-001  1.875000e-001  0.000000e+000
    endloop
  endfacet
  facet normal  1.000000e+000  0.000000e+000  -0.000000e+000
    outer loop
      vertex  2.259046e-001  0.000000e+000  1.875000e-001
      vertex  2.259046e-001  1.875000e-001  0.000000e+000
      vertex  2.259046e-001  5.234375e-001  0.000000e+000
    endloop
  endfacet
  facet normal  1.000000e+000  0.000000e+000  -0.000000e+000
    outer loop
      vertex  2.259046e-001  0.000000e+000  1.875000e-001
      vertex  2.259046e-001  5.234375e-001  0.000000e+000
      vertex  2.259046e-001  5.234375e-001  7.500000e-001
    endloop
  endfacet
  facet normal  1.000000e+000  0.000000e+000  0.000000e+000
    outer loop
      vertex  2.259046e-001  0.000000e+000  1.875000e-001
      vertex  2.259046e-001  5.234375e-001  7.500000e-001
      vertex  2.259046e-001  0.000000e+000  7.500000e-001
    endloop
  endfacet
  facet normal  0.000000e+000 -1.000000e+000  0.000000e+000
    outer loop
      vertex  0.000000e+000  0.000000e+000  1.875000e-001
      vertex  2.259046e-001  0.000000e+000  1.875000e-001
      vertex  0.000000e+000  0.000000e+000  7.500000e-001
    endloop
  endfacet
  facet normal  0.000000e+000 -1.000000e+000  0.000000e+000
    outer loop
      vertex  0.000000e+000  0.000000e+000  7.500000e-001
      vertex  2.259046e-001  0.000000e+000  1.875000e-001
      vertex  2.259046e-001  0.000000e+000  7.500000e-001
    endloop
  endfacet
  facet normal  -0.000000e+000 -9.801716e-002 -9.951847e-001
    outer loop
      vertex  0.000000e+000  1.875000e-001  0.000000e+000
      vertex  2.259046e-001  1.875000e-001  0.000000e+000
      vertex  0.000000e+000  1.509206e-001  3.602760e-003
    endloop
  endfacet
  facet normal  0.000000e+000 -9.801716e-002 -9.951847e-001
    outer loop
      vertex  0.000000e+000  1.509206e-001  3.602760e-003
      vertex  2.259046e-001  1.875000e-001  0.000000e+000
      vertex  2.259046e-001  1.509206e-001  3.602760e-003
    endloop
  endfacet
  facet normal  -0.000000e+000 -2.902846e-001 -9.569403e-001
    outer loop
      vertex  0.000000e+000  1.509206e-001  3.602760e-003
      vertex  2.259046e-001  1.509206e-001  3.602760e-003
      vertex  0.000000e+000  1.157469e-001  1.427259e-002
    endloop
  endfacet
  facet normal  0.000000e+000 -2.902846e-001 -9.569403e-001
    outer loop
      vertex  0.000000e+000  1.157469e-001  1.427259e-002
      vertex  2.259046e-001  1.509206e-001  3.602760e-003
      vertex  2.259046e-001  1.157469e-001  1.427259e-002
    endloop
  endfacet
  facet normal  -0.000000e+000 -4.713967e-001 -8.819212e-001
    outer loop
      vertex  0.000000e+000  1.157469e-001  1.427259e-002
      vertex  2.259046e-001  1.157469e-001  1.427259e-002
      vertex  0.000000e+000  8.333058e-002  3.159945e-002
    endloop
  endfacet
  facet normal  0.000000e+000 -4.713967e-001 -8.819212e-001
    outer loop
      vertex  0.000000e+000  8.333058e-002  3.159945e-002
      vertex  2.259046e-001  1.157469e-001  1.427259e-002
      vertex  2.259046e-001  8.333058e-002  3.159945e-002
    endloop
  endfacet
  facet normal  -0.000000e+000 -6.343933e-001 -7.730105e-001
    outer loop
      vertex  0.000000e+000  8.333058e-002  3.159945e-002
      vertex  2.259046e-001  8.333058e-002  3.159945e-002
      vertex  0.000000e+000  5.491748e-002  5.491748e-002
    endloop
  endfacet
  facet normal  0.000000e+000 -6.343933e-001 -7.730105e-001
    outer loop
      vertex  0.000000e+000  5.491748e-002  5.491748e-002
      vertex  2.259046e-001  8.333058e-002  3.159945e-002
      vertex  2.259046e-001  5.491748e-002  5.491748e-002
    endloop
  endfacet
  facet normal  -0.000000e+000 -7.730105e-001 -6.343933e-001
    outer loop
      vertex  0.000000e+000  5.491748e-002  5.491748e-002
      vertex  2.259046e-001  5.491748e-002  5.491748e-002
      vertex  0.000000e+000  3.159945e-002  8.333058e-002
    endloop
  endfacet
  facet normal  0.000000e+000 -7.730105e-001 -6.343933e-001
    outer loop
      vertex  0.000000e+000  3.159945e-002  8.333058e-002
      vertex  2.259046e-001  5.491748e-002  5.491748e-002
      vertex  2.259046e-001  3.159945e-002  8.333058e-002
    endloop
  endfacet
  facet normal  -0.000000e+000 -8.819212e-001 -4.713967e-001
    outer loop
      vertex  0.000000e+000  3.159945e-002  8.333058e-002
      vertex  2.259046e-001  3.159945e-002  8.333058e-002
      vertex  0.000000e+000  1.427259e-002  1.157469e-001
    endloop
  endfacet
  facet normal  0.000000e+000 -8.819212e-001 -4.713967e-001
    outer loop
      vertex  0.000000e+000  1.427259e-002  1.157469e-001
      vertex  2.259046e-001  3.159945e-002  8.333058e-002
      vertex  2.259046e-001  1.427259e-002  1.157469e-001
    endloop
  endfacet
  facet normal  -0.000000e+000 -9.569403e-001 -2.902846e-001
    outer loop
      vertex  0.000000e+000  1.427259e-002  1.157469e-001
      vertex  2.259046e-001  1.427259e-002  1.157469e-001
      vertex  0.000000e+000  3.602760e-003  1.509206e-001
    endloop
  endfacet
  facet normal  0.000000e+000 -9.569403e-001 -2.902846e-001
    outer loop
      vertex  0.000000e+000  3.602760e-003  1.509206e-001
      vertex  2.259046e-001  1.427259e-002  1.157469e-001
      vertex  2.259046e-001  3.602760e-003  1.509206e-001
    endloop
  endfacet
  facet normal  -0.000000e+000 -9.951847e-001 -9.801716e-002
    outer loop
      vertex  0.000000e+000  3.602760e-003  1.509206e-001
      vertex  2.259046e-001  3.602760e-003  1.509206e-001
      vertex  0.000000e+000  0.000000e+000  1.875000e-001
    endloop
  endfacet
  facet normal  0.000000e+000 -9.951847e-001 -9.801716e-002
    outer loop
      vertex  0.000000e+000  0.000000e+000  1.875000e-001
      vertex  2.259046e-001  3.602760e-003  1.509206e-001
      vertex  2.259046e-001  0.000000e+000  1.875000e-001
    endloop
  endfacet
  facet normal  0.000000e+000  0.000000e+000  1.000000e+000
    outer loop
      vertex  0.000000e+000  0.000000e+000  7.500000e-001
      vertex  2.259046e-001  0.000000e+000  7.500000e-001
      vertex  0.000000e+000  5.234375e-001  7.500000e-001
    endloop
  endfacet
  facet normal  -0.000000e+000  0.000000e+000  1.000000e+000
    outer loop
      vertex  0.000000e+000  5.234375e-001  7.500000e-001
      vertex  2.259046e-001  0.000000e+000  7.500000e-001
      vertex  2.259046e-001  5.234375e-001  7.500000e-001
    endloop
  endfacet
  facet normal  0.000000e+000  1.000000e+000  0.000000e+000
    outer loop
      vertex  2.259046e-001  5.234375e-001  0.000000e+000
      vertex  0.000000e+000  5.234375e-001  0.000000e+000
      vertex  2.259046e-001  5.234375e-001  7.500000e-001
    endloop
  endfacet
  facet normal  0.000000e+000  1.000000e+000  0.000000e+000
    outer loop
      vertex  2.259046e-001  5.234375e-001  7.500000e-001
      vertex  0.000000e+000  5.234375e-001  0.000000e+000
      vertex  0.000000e+000  5.234375e-001  7.500000e-001
    endloop
  endfacet
endsolid CATIA STL
