solid CATIA STL
  facet normal -9.999999e-001  0.000000e+000 -1.110223e-016
    outer loop
      vertex  7.435483e-034  1.093750e-001 -7.500000e-001
      vertex -8.326673e-017  1.093750e-001  0.000000e+000
      vertex  5.098616e-033  7.500000e-001 -7.500000e-001
    endloop
  endfacet
  facet normal -9.999999e-001  0.000000e+000 -1.110223e-016
    outer loop
      vertex  5.098616e-033  7.500000e-001 -7.500000e-001
      vertex -8.326673e-017  1.093750e-001  0.000000e+000
      vertex -8.326673e-017  7.500000e-001  0.000000e+000
    endloop
  endfacet
  facet normal  2.027002e-016 -1.000000e+000  6.123234e-017
    outer loop
      vertex  3.359375e-001  4.592425e-017  0.000000e+000
      vertex  1.093750e-001  0.000000e+000  5.806732e-017
      vertex  3.359375e-001  0.000000e+000 -7.500000e-001
    endloop
  endfacet
  facet normal  0.000000e+000 -1.000000e+000  0.000000e+000
    outer loop
      vertex  3.359375e-001  0.000000e+000 -7.500000e-001
      vertex  1.093750e-001  0.000000e+000  5.806732e-017
      vertex  1.093750e-001  0.000000e+000 -7.500000e-001
    endloop
  endfacet
  facet normal  0.000000e+000  0.000000e+000  1.000000e+000
    outer loop
      vertex  3.359375e-001  4.592425e-017  0.000000e+000
      vertex  3.359375e-001  7.500000e-001  0.000000e+000
      vertex -8.326673e-017  7.500000e-001  0.000000e+000
    endloop
  endfacet
  facet normal  0.000000e+000  0.000000e+000  1.000000e+000
    outer loop
      vertex  3.359375e-001  4.592425e-017  0.000000e+000
      vertex -8.326673e-017  7.500000e-001  0.000000e+000
      vertex -8.326673e-017  1.093750e-001  0.000000e+000
    endloop
  endfacet
  facet normal  6.426402e-016  1.973824e-015  1.000000e+000
    outer loop
      vertex  3.359375e-001  4.592425e-017  0.000000e+000
      vertex -8.326673e-017  1.093750e-001  0.000000e+000
      vertex  2.101610e-003  8.803700e-002  4.076687e-017
    endloop
  endfacet
  facet normal  1.599404e-016  1.434280e-016  1.000000e+000
    outer loop
      vertex  3.359375e-001  4.592425e-017  0.000000e+000
      vertex  2.101610e-003  8.803700e-002  4.076687e-017
      vertex  8.325676e-003  6.751900e-002  4.271424e-017
    endloop
  endfacet
  facet normal  1.744476e-016  2.138193e-016  1.000000e+000
    outer loop
      vertex  3.359375e-001  4.592425e-017  0.000000e+000
      vertex  8.325676e-003  6.751900e-002  4.271424e-017
      vertex  1.843301e-002  4.860951e-002  4.499426e-017
    endloop
  endfacet
  facet normal  1.887518e-016  3.072505e-016  9.999999e-001
    outer loop
      vertex  3.359375e-001  4.592425e-017  0.000000e+000
      vertex  1.843301e-002  4.860951e-002  4.499426e-017
      vertex  3.203519e-002  3.203519e-002  4.751929e-017
    endloop
  endfacet
  facet normal  2.031758e-016  4.440839e-016  1.000000e+000
    outer loop
      vertex  3.359375e-001  4.592425e-017  0.000000e+000
      vertex  3.203519e-002  3.203519e-002  4.751929e-017
      vertex  4.860951e-002  1.843301e-002  5.019230e-017
    endloop
  endfacet
  facet normal  2.181189e-016  6.770122e-016  1.000000e+000
    outer loop
      vertex  3.359375e-001  4.592425e-017  0.000000e+000
      vertex  4.860951e-002  1.843301e-002  5.019230e-017
      vertex  6.751900e-002  8.325676e-003  5.291057e-017
    endloop
  endfacet
  facet normal  2.343318e-016  1.199712e-015  1.000000e+000
    outer loop
      vertex  3.359375e-001  4.592425e-017  0.000000e+000
      vertex  6.751900e-002  8.325676e-003  5.291057e-017
      vertex  8.803700e-002  2.101610e-003  5.556964e-017
    endloop
  endfacet
  facet normal  2.562971e-016  3.790689e-015  9.999999e-001
    outer loop
      vertex  3.359375e-001  4.592425e-017  0.000000e+000
      vertex  8.803700e-002  2.101610e-003  5.556964e-017
      vertex  1.093750e-001  0.000000e+000  5.806732e-017
    endloop
  endfacet
  facet normal  0.000000e+000  0.000000e+000 -9.999999e-001
    outer loop
      vertex  1.093750e-001  0.000000e+000 -7.500000e-001
      vertex  8.803700e-002  2.101610e-003 -7.500000e-001
      vertex  3.359375e-001  0.000000e+000 -7.500000e-001
    endloop
  endfacet
  facet normal  0.000000e+000  -0.000000e+000 -1.000000e+000
    outer loop
      vertex  7.435483e-034  1.093750e-001 -7.500000e-001
      vertex  5.098616e-033  7.500000e-001 -7.500000e-001
      vertex  3.359375e-001  7.500000e-001 -7.500000e-001
    endloop
  endfacet
  facet normal  0.000000e+000  -0.000000e+000 -1.000000e+000
    outer loop
      vertex  7.435483e-034  1.093750e-001 -7.500000e-001
      vertex  3.359375e-001  7.500000e-001 -7.500000e-001
      vertex  3.359375e-001  0.000000e+000 -7.500000e-001
    endloop
  endfacet
  facet normal  0.000000e+000  0.000000e+000 -9.999999e-001
    outer loop
      vertex  7.435483e-034  1.093750e-001 -7.500000e-001
      vertex  3.359375e-001  0.000000e+000 -7.500000e-001
      vertex  8.803700e-002  2.101610e-003 -7.500000e-001
    endloop
  endfacet
  facet normal  0.000000e+000  0.000000e+000 -1.000000e+000
    outer loop
      vertex  7.435483e-034  1.093750e-001 -7.500000e-001
      vertex  8.803700e-002  2.101610e-003 -7.500000e-001
      vertex  6.751900e-002  8.325676e-003 -7.500000e-001
    endloop
  endfacet
  facet normal  0.000000e+000  0.000000e+000 -1.000000e+000
    outer loop
      vertex  7.435483e-034  1.093750e-001 -7.500000e-001
      vertex  6.751900e-002  8.325676e-003 -7.500000e-001
      vertex  4.860951e-002  1.843301e-002 -7.500000e-001
    endloop
  endfacet
  facet normal  0.000000e+000  0.000000e+000 -1.000000e+000
    outer loop
      vertex  7.435483e-034  1.093750e-001 -7.500000e-001
      vertex  4.860951e-002  1.843301e-002 -7.500000e-001
      vertex  3.203519e-002  3.203519e-002 -7.500000e-001
    endloop
  endfacet
  facet normal  0.000000e+000  0.000000e+000 -1.000000e+000
    outer loop
      vertex  7.435483e-034  1.093750e-001 -7.500000e-001
      vertex  3.203519e-002  3.203519e-002 -7.500000e-001
      vertex  1.843301e-002  4.860951e-002 -7.500000e-001
    endloop
  endfacet
  facet normal  0.000000e+000  0.000000e+000 -1.000000e+000
    outer loop
      vertex  7.435483e-034  1.093750e-001 -7.500000e-001
      vertex  1.843301e-002  4.860951e-002 -7.500000e-001
      vertex  8.325676e-003  6.751900e-002 -7.500000e-001
    endloop
  endfacet
  facet normal  0.000000e+000  0.000000e+000 -1.000000e+000
    outer loop
      vertex  7.435483e-034  1.093750e-001 -7.500000e-001
      vertex  8.325676e-003  6.751900e-002 -7.500000e-001
      vertex  2.101610e-003  8.803700e-002 -7.500000e-001
    endloop
  endfacet
  facet normal -9.951847e-001 -9.801716e-002 -1.104877e-016
    outer loop
      vertex -8.326673e-017  1.093750e-001  0.000000e+000
      vertex  7.435483e-034  1.093750e-001 -7.500000e-001
      vertex  2.101610e-003  8.803700e-002  4.076687e-017
    endloop
  endfacet
  facet normal -9.951847e-001 -9.801716e-002  -0.000000e+000
    outer loop
      vertex  2.101610e-003  8.803700e-002  4.076687e-017
      vertex  7.435483e-034  1.093750e-001 -7.500000e-001
      vertex  2.101610e-003  8.803700e-002 -7.500000e-001
    endloop
  endfacet
  facet normal -9.569403e-001 -2.902847e-001  0.000000e+000
    outer loop
      vertex  2.101610e-003  8.803700e-002  4.076687e-017
      vertex  2.101610e-003  8.803700e-002 -7.500000e-001
      vertex  8.325676e-003  6.751900e-002  4.271424e-017
    endloop
  endfacet
  facet normal -9.569403e-001 -2.902847e-001  -0.000000e+000
    outer loop
      vertex  8.325676e-003  6.751900e-002  4.271424e-017
      vertex  2.101610e-003  8.803700e-002 -7.500000e-001
      vertex  8.325676e-003  6.751900e-002 -7.500000e-001
    endloop
  endfacet
  facet normal -8.819212e-001 -4.713967e-001  0.000000e+000
    outer loop
      vertex  8.325676e-003  6.751900e-002  4.271424e-017
      vertex  8.325676e-003  6.751900e-002 -7.500000e-001
      vertex  1.843301e-002  4.860951e-002  4.499426e-017
    endloop
  endfacet
  facet normal -8.819212e-001 -4.713967e-001  -0.000000e+000
    outer loop
      vertex  1.843301e-002  4.860951e-002  4.499426e-017
      vertex  8.325676e-003  6.751900e-002 -7.500000e-001
      vertex  1.843301e-002  4.860951e-002 -7.500000e-001
    endloop
  endfacet
  facet normal -7.730106e-001 -6.343932e-001  0.000000e+000
    outer loop
      vertex  1.843301e-002  4.860951e-002  4.499426e-017
      vertex  1.843301e-002  4.860951e-002 -7.500000e-001
      vertex  3.203519e-002  3.203519e-002  4.751929e-017
    endloop
  endfacet
  facet normal -7.730106e-001 -6.343932e-001  -0.000000e+000
    outer loop
      vertex  3.203519e-002  3.203519e-002  4.751929e-017
      vertex  1.843301e-002  4.860951e-002 -7.500000e-001
      vertex  3.203519e-002  3.203519e-002 -7.500000e-001
    endloop
  endfacet
  facet normal -6.343932e-001 -7.730106e-001  0.000000e+000
    outer loop
      vertex  3.203519e-002  3.203519e-002  4.751929e-017
      vertex  3.203519e-002  3.203519e-002 -7.500000e-001
      vertex  4.860951e-002  1.843301e-002  5.019230e-017
    endloop
  endfacet
  facet normal -6.343932e-001 -7.730106e-001  -0.000000e+000
    outer loop
      vertex  4.860951e-002  1.843301e-002  5.019230e-017
      vertex  3.203519e-002  3.203519e-002 -7.500000e-001
      vertex  4.860951e-002  1.843301e-002 -7.500000e-001
    endloop
  endfacet
  facet normal -4.713967e-001 -8.819212e-001  0.000000e+000
    outer loop
      vertex  4.860951e-002  1.843301e-002  5.019230e-017
      vertex  4.860951e-002  1.843301e-002 -7.500000e-001
      vertex  6.751900e-002  8.325676e-003  5.291057e-017
    endloop
  endfacet
  facet normal -4.713967e-001 -8.819212e-001  -0.000000e+000
    outer loop
      vertex  6.751900e-002  8.325676e-003  5.291057e-017
      vertex  4.860951e-002  1.843301e-002 -7.500000e-001
      vertex  6.751900e-002  8.325676e-003 -7.500000e-001
    endloop
  endfacet
  facet normal -2.902847e-001 -9.569403e-001  0.000000e+000
    outer loop
      vertex  6.751900e-002  8.325676e-003  5.291057e-017
      vertex  6.751900e-002  8.325676e-003 -7.500000e-001
      vertex  8.803700e-002  2.101610e-003  5.556964e-017
    endloop
  endfacet
  facet normal -2.902847e-001 -9.569403e-001  -0.000000e+000
    outer loop
      vertex  8.803700e-002  2.101610e-003  5.556964e-017
      vertex  6.751900e-002  8.325676e-003 -7.500000e-001
      vertex  8.803700e-002  2.101610e-003 -7.500000e-001
    endloop
  endfacet
  facet normal -9.801716e-002 -9.951847e-001  0.000000e+000
    outer loop
      vertex  8.803700e-002  2.101610e-003  5.556964e-017
      vertex  8.803700e-002  2.101610e-003 -7.500000e-001
      vertex  1.093750e-001  0.000000e+000  5.806732e-017
    endloop
  endfacet
  facet normal -9.801716e-002 -9.951847e-001  -0.000000e+000
    outer loop
      vertex  1.093750e-001  0.000000e+000  5.806732e-017
      vertex  8.803700e-002  2.101610e-003 -7.500000e-001
      vertex  1.093750e-001  0.000000e+000 -7.500000e-001
    endloop
  endfacet
  facet normal  1.000000e+000  0.000000e+000  0.000000e+000
    outer loop
      vertex  3.359375e-001  0.000000e+000 -7.500000e-001
      vertex  3.359375e-001  7.500000e-001 -7.500000e-001
      vertex  3.359375e-001  4.592425e-017  0.000000e+000
    endloop
  endfacet
  facet normal  1.000000e+000  -0.000000e+000  0.000000e+000
    outer loop
      vertex  3.359375e-001  4.592425e-017  0.000000e+000
      vertex  3.359375e-001  7.500000e-001 -7.500000e-001
      vertex  3.359375e-001  7.500000e-001  0.000000e+000
    endloop
  endfacet
  facet normal  0.000000e+000  1.000000e+000  0.000000e+000
    outer loop
      vertex  3.359375e-001  7.500000e-001 -7.500000e-001
      vertex  5.098616e-033  7.500000e-001 -7.500000e-001
      vertex  3.359375e-001  7.500000e-001  0.000000e+000
    endloop
  endfacet
  facet normal  0.000000e+000  1.000000e+000  0.000000e+000
    outer loop
      vertex  3.359375e-001  7.500000e-001  0.000000e+000
      vertex  5.098616e-033  7.500000e-001 -7.500000e-001
      vertex -8.326673e-017  7.500000e-001  0.000000e+000
    endloop
  endfacet
endsolid CATIA STL
