solid CATIA STL
  facet normal  0.000000e+000  1.000000e+000  -0.000000e+000
    outer loop
      vertex  5.156250e-001  0.000000e+000  1.652960e-002
      vertex  5.156250e-001  0.000000e+000 -3.157292e-017
      vertex  7.812500e-003  0.000000e+000 -4.783777e-019
    endloop
  endfacet
  facet normal  0.000000e+000  1.000000e+000  -0.000000e+000
    outer loop
      vertex  5.156250e-001  0.000000e+000  1.652960e-002
      vertex  7.812500e-003  0.000000e+000 -4.783777e-019
      vertex  6.288357e-003  0.000000e+000  1.501150e-004
    endloop
  endfacet
  facet normal  0.000000e+000  1.000000e+000  -0.000000e+000
    outer loop
      vertex  5.156250e-001  0.000000e+000  1.652960e-002
      vertex  6.288357e-003  0.000000e+000  1.501150e-004
      vertex  4.822786e-003  0.000000e+000  5.946911e-004
    endloop
  endfacet
  facet normal  0.000000e+000  9.999999e-001  -0.000000e+000
    outer loop
      vertex  5.156250e-001  0.000000e+000  1.652960e-002
      vertex  4.822786e-003  0.000000e+000  5.946911e-004
      vertex  3.472107e-003  0.000000e+000  1.316644e-003
    endloop
  endfacet
  facet normal  0.000000e+000  1.000000e+000  -0.000000e+000
    outer loop
      vertex  5.156250e-001  0.000000e+000  1.652960e-002
      vertex  3.472107e-003  0.000000e+000  1.316644e-003
      vertex  2.288228e-003  0.000000e+000  2.288228e-003
    endloop
  endfacet
  facet normal  0.000000e+000  1.000000e+000  -0.000000e+000
    outer loop
      vertex  5.156250e-001  0.000000e+000  1.652960e-002
      vertex  2.288228e-003  0.000000e+000  2.288228e-003
      vertex  1.316644e-003  0.000000e+000  3.472107e-003
    endloop
  endfacet
  facet normal  0.000000e+000  1.000000e+000  -0.000000e+000
    outer loop
      vertex  5.156250e-001  0.000000e+000  1.652960e-002
      vertex  1.316644e-003  0.000000e+000  3.472107e-003
      vertex  5.946911e-004  0.000000e+000  4.822786e-003
    endloop
  endfacet
  facet normal  0.000000e+000  1.000000e+000  -0.000000e+000
    outer loop
      vertex  5.156250e-001  0.000000e+000  1.652960e-002
      vertex  5.946911e-004  0.000000e+000  4.822786e-003
      vertex  1.501150e-004  0.000000e+000  6.288357e-003
    endloop
  endfacet
  facet normal  0.000000e+000  1.000000e+000  -0.000000e+000
    outer loop
      vertex  5.156250e-001  0.000000e+000  1.652960e-002
      vertex  1.501150e-004  0.000000e+000  6.288357e-003
      vertex  4.783777e-019  0.000000e+000  7.812500e-003
    endloop
  endfacet
  facet normal  0.000000e+000  1.000000e+000  0.000000e+000
    outer loop
      vertex  5.156250e-001  0.000000e+000  1.652960e-002
      vertex  4.783777e-019  0.000000e+000  7.812500e-003
      vertex  1.012146e-018  0.000000e+000  1.652960e-002
    endloop
  endfacet
  facet normal -6.123234e-017 -2.533739e-022 -1.000000e+000
    outer loop
      vertex  5.199654e-001 -1.316644e-003 -3.183870e-017
      vertex  7.812500e-003  0.000000e+000 -4.783777e-019
      vertex  5.156250e-001  0.000000e+000 -3.157292e-017
    endloop
  endfacet
  facet normal -6.123095e-017  4.315531e-021 -1.000000e+000
    outer loop
      vertex  5.199654e-001 -1.316644e-003 -3.183870e-017
      vertex  5.156250e-001  0.000000e+000 -3.157292e-017
      vertex  5.171492e-001 -1.501150e-004 -3.166625e-017
    endloop
  endfacet
  facet normal -6.123857e-017 -1.407434e-020 -1.000000e+000
    outer loop
      vertex  5.199654e-001 -1.316644e-003 -3.183870e-017
      vertex  5.171492e-001 -1.501150e-004 -3.166625e-017
      vertex  5.186147e-001 -5.946911e-004 -3.175599e-017
    endloop
  endfacet
  facet normal -6.123234e-017  -0.000000e+000 -1.000000e+000
    outer loop
      vertex  7.812500e-003 -7.500000e-001 -4.783777e-019
      vertex  7.812500e-003  0.000000e+000 -4.783777e-019
      vertex  5.199654e-001 -1.316644e-003 -3.183870e-017
    endloop
  endfacet
  facet normal -6.123225e-017 -6.315001e-023 -1.000000e+000
    outer loop
      vertex  7.812500e-003 -7.500000e-001 -4.783777e-019
      vertex  5.199654e-001 -1.316644e-003 -3.183870e-017
      vertex  5.211493e-001 -2.288228e-003 -3.191119e-017
    endloop
  endfacet
  facet normal -6.123431e-017  1.351344e-021 -1.000000e+000
    outer loop
      vertex  7.812500e-003 -7.500000e-001 -4.783777e-019
      vertex  5.211493e-001 -2.288228e-003 -3.191119e-017
      vertex  5.221208e-001 -3.472107e-003 -3.197068e-017
    endloop
  endfacet
  facet normal -6.122952e-017 -1.948047e-021 -1.000000e+000
    outer loop
      vertex  7.812500e-003 -7.500000e-001 -4.783777e-019
      vertex  5.221208e-001 -3.472107e-003 -3.197068e-017
      vertex  5.228428e-001 -4.822786e-003 -3.201489e-017
    endloop
  endfacet
  facet normal -6.123540e-017  2.119994e-021 -1.000000e+000
    outer loop
      vertex  7.812500e-003 -7.500000e-001 -4.783777e-019
      vertex  5.228428e-001 -4.822786e-003 -3.201489e-017
      vertex  5.232874e-001 -6.288357e-003 -3.204211e-017
    endloop
  endfacet
  facet normal -6.123066e-017 -1.174238e-021 -1.000000e+000
    outer loop
      vertex  7.812500e-003 -7.500000e-001 -4.783777e-019
      vertex  5.232874e-001 -6.288357e-003 -3.204211e-017
      vertex  5.234375e-001 -7.812500e-003 -3.205130e-017
    endloop
  endfacet
  facet normal -6.123234e-017  -0.000000e+000 -1.000000e+000
    outer loop
      vertex  7.812500e-003 -7.500000e-001 -4.783777e-019
      vertex  5.234375e-001 -7.812500e-003 -3.205130e-017
      vertex  5.234375e-001 -7.500000e-001 -3.205130e-017
    endloop
  endfacet
  facet normal  0.000000e+000 -1.000000e+000  -0.000000e+000
    outer loop
      vertex  5.234375e-001 -7.500000e-001  1.652960e-002
      vertex  1.012146e-018 -7.500000e-001  1.652960e-002
      vertex  4.783777e-019 -7.500000e-001  7.812500e-003
    endloop
  endfacet
  facet normal  0.000000e+000 -1.000000e+000  0.000000e+000
    outer loop
      vertex  5.234375e-001 -7.500000e-001  1.652960e-002
      vertex  4.783777e-019 -7.500000e-001  7.812500e-003
      vertex  1.501150e-004 -7.500000e-001  6.288357e-003
    endloop
  endfacet
  facet normal  0.000000e+000 -1.000000e+000  0.000000e+000
    outer loop
      vertex  5.234375e-001 -7.500000e-001  1.652960e-002
      vertex  1.501150e-004 -7.500000e-001  6.288357e-003
      vertex  5.946911e-004 -7.500000e-001  4.822786e-003
    endloop
  endfacet
  facet normal  0.000000e+000 -1.000000e+000  0.000000e+000
    outer loop
      vertex  5.234375e-001 -7.500000e-001  1.652960e-002
      vertex  5.946911e-004 -7.500000e-001  4.822786e-003
      vertex  1.316644e-003 -7.500000e-001  3.472107e-003
    endloop
  endfacet
  facet normal  0.000000e+000 -1.000000e+000  0.000000e+000
    outer loop
      vertex  5.234375e-001 -7.500000e-001  1.652960e-002
      vertex  1.316644e-003 -7.500000e-001  3.472107e-003
      vertex  2.288228e-003 -7.500000e-001  2.288228e-003
    endloop
  endfacet
  facet normal  0.000000e+000 -1.000000e+000  0.000000e+000
    outer loop
      vertex  5.234375e-001 -7.500000e-001  1.652960e-002
      vertex  2.288228e-003 -7.500000e-001  2.288228e-003
      vertex  3.472107e-003 -7.500000e-001  1.316644e-003
    endloop
  endfacet
  facet normal  0.000000e+000 -1.000000e+000  0.000000e+000
    outer loop
      vertex  5.234375e-001 -7.500000e-001  1.652960e-002
      vertex  3.472107e-003 -7.500000e-001  1.316644e-003
      vertex  4.822786e-003 -7.500000e-001  5.946911e-004
    endloop
  endfacet
  facet normal  0.000000e+000 -1.000000e+000  0.000000e+000
    outer loop
      vertex  5.234375e-001 -7.500000e-001  1.652960e-002
      vertex  4.822786e-003 -7.500000e-001  5.946911e-004
      vertex  6.288357e-003 -7.500000e-001  1.501150e-004
    endloop
  endfacet
  facet normal  0.000000e+000 -1.000000e+000  0.000000e+000
    outer loop
      vertex  5.234375e-001 -7.500000e-001  1.652960e-002
      vertex  6.288357e-003 -7.500000e-001  1.501150e-004
      vertex  7.812500e-003 -7.500000e-001 -4.783777e-019
    endloop
  endfacet
  facet normal  0.000000e+000 -1.000000e+000  0.000000e+000
    outer loop
      vertex  5.234375e-001 -7.500000e-001  1.652960e-002
      vertex  7.812500e-003 -7.500000e-001 -4.783777e-019
      vertex  5.234375e-001 -7.500000e-001 -3.205130e-017
    endloop
  endfacet
  facet normal -9.999999e-001  0.000000e+000  6.123234e-017
    outer loop
      vertex  1.012146e-018  0.000000e+000  1.652960e-002
      vertex  4.783777e-019  0.000000e+000  7.812500e-003
      vertex  1.012146e-018 -7.500000e-001  1.652960e-002
    endloop
  endfacet
  facet normal -9.999999e-001  0.000000e+000  6.123234e-017
    outer loop
      vertex  1.012146e-018 -7.500000e-001  1.652960e-002
      vertex  4.783777e-019  0.000000e+000  7.812500e-003
      vertex  4.783777e-019 -7.500000e-001  7.812500e-003
    endloop
  endfacet
  facet normal -9.801715e-002  0.000000e+000 -9.951847e-001
    outer loop
      vertex  7.812500e-003  0.000000e+000 -4.783777e-019
      vertex  7.812500e-003 -7.500000e-001 -4.783777e-019
      vertex  6.288357e-003  0.000000e+000  1.501150e-004
    endloop
  endfacet
  facet normal -9.801715e-002  -0.000000e+000 -9.951847e-001
    outer loop
      vertex  6.288357e-003  0.000000e+000  1.501150e-004
      vertex  7.812500e-003 -7.500000e-001 -4.783777e-019
      vertex  6.288357e-003 -7.500000e-001  1.501150e-004
    endloop
  endfacet
  facet normal -2.902846e-001  0.000000e+000 -9.569404e-001
    outer loop
      vertex  6.288357e-003  0.000000e+000  1.501150e-004
      vertex  6.288357e-003 -7.500000e-001  1.501150e-004
      vertex  4.822786e-003  0.000000e+000  5.946911e-004
    endloop
  endfacet
  facet normal -2.902846e-001  -0.000000e+000 -9.569404e-001
    outer loop
      vertex  4.822786e-003  0.000000e+000  5.946911e-004
      vertex  6.288357e-003 -7.500000e-001  1.501150e-004
      vertex  4.822786e-003 -7.500000e-001  5.946911e-004
    endloop
  endfacet
  facet normal -4.713968e-001  0.000000e+000 -8.819212e-001
    outer loop
      vertex  4.822786e-003  0.000000e+000  5.946911e-004
      vertex  4.822786e-003 -7.500000e-001  5.946911e-004
      vertex  3.472107e-003  0.000000e+000  1.316644e-003
    endloop
  endfacet
  facet normal -4.713968e-001  -0.000000e+000 -8.819212e-001
    outer loop
      vertex  3.472107e-003  0.000000e+000  1.316644e-003
      vertex  4.822786e-003 -7.500000e-001  5.946911e-004
      vertex  3.472107e-003 -7.500000e-001  1.316644e-003
    endloop
  endfacet
  facet normal -6.343934e-001  0.000000e+000 -7.730104e-001
    outer loop
      vertex  3.472107e-003  0.000000e+000  1.316644e-003
      vertex  3.472107e-003 -7.500000e-001  1.316644e-003
      vertex  2.288228e-003  0.000000e+000  2.288228e-003
    endloop
  endfacet
  facet normal -6.343934e-001  -0.000000e+000 -7.730104e-001
    outer loop
      vertex  2.288228e-003  0.000000e+000  2.288228e-003
      vertex  3.472107e-003 -7.500000e-001  1.316644e-003
      vertex  2.288228e-003 -7.500000e-001  2.288228e-003
    endloop
  endfacet
  facet normal -7.730104e-001  0.000000e+000 -6.343934e-001
    outer loop
      vertex  2.288228e-003  0.000000e+000  2.288228e-003
      vertex  2.288228e-003 -7.500000e-001  2.288228e-003
      vertex  1.316644e-003  0.000000e+000  3.472107e-003
    endloop
  endfacet
  facet normal -7.730104e-001  -0.000000e+000 -6.343934e-001
    outer loop
      vertex  1.316644e-003  0.000000e+000  3.472107e-003
      vertex  2.288228e-003 -7.500000e-001  2.288228e-003
      vertex  1.316644e-003 -7.500000e-001  3.472107e-003
    endloop
  endfacet
  facet normal -8.819212e-001  0.000000e+000 -4.713968e-001
    outer loop
      vertex  1.316644e-003  0.000000e+000  3.472107e-003
      vertex  1.316644e-003 -7.500000e-001  3.472107e-003
      vertex  5.946911e-004  0.000000e+000  4.822786e-003
    endloop
  endfacet
  facet normal -8.819212e-001  -0.000000e+000 -4.713968e-001
    outer loop
      vertex  5.946911e-004  0.000000e+000  4.822786e-003
      vertex  1.316644e-003 -7.500000e-001  3.472107e-003
      vertex  5.946911e-004 -7.500000e-001  4.822786e-003
    endloop
  endfacet
  facet normal -9.569404e-001  0.000000e+000 -2.902846e-001
    outer loop
      vertex  5.946911e-004  0.000000e+000  4.822786e-003
      vertex  5.946911e-004 -7.500000e-001  4.822786e-003
      vertex  1.501150e-004  0.000000e+000  6.288357e-003
    endloop
  endfacet
  facet normal -9.569404e-001  -0.000000e+000 -2.902846e-001
    outer loop
      vertex  1.501150e-004  0.000000e+000  6.288357e-003
      vertex  5.946911e-004 -7.500000e-001  4.822786e-003
      vertex  1.501150e-004 -7.500000e-001  6.288357e-003
    endloop
  endfacet
  facet normal -9.951847e-001  0.000000e+000 -9.801715e-002
    outer loop
      vertex  1.501150e-004  0.000000e+000  6.288357e-003
      vertex  1.501150e-004 -7.500000e-001  6.288357e-003
      vertex  4.783777e-019  0.000000e+000  7.812500e-003
    endloop
  endfacet
  facet normal -9.951847e-001  -0.000000e+000 -9.801715e-002
    outer loop
      vertex  4.783777e-019  0.000000e+000  7.812500e-003
      vertex  1.501150e-004 -7.500000e-001  6.288357e-003
      vertex  4.783777e-019 -7.500000e-001  7.812500e-003
    endloop
  endfacet
  facet normal  0.000000e+000  0.000000e+000  1.000000e+000
    outer loop
      vertex  5.234375e-001 -7.812500e-003  1.652960e-002
      vertex  5.232874e-001 -6.288357e-003  1.652960e-002
      vertex  5.221208e-001 -3.472107e-003  1.652960e-002
    endloop
  endfacet
  facet normal  0.000000e+000  0.000000e+000  1.000000e+000
    outer loop
      vertex  5.221208e-001 -3.472107e-003  1.652960e-002
      vertex  5.232874e-001 -6.288357e-003  1.652960e-002
      vertex  5.228428e-001 -4.822786e-003  1.652960e-002
    endloop
  endfacet
  facet normal  0.000000e+000  -0.000000e+000  9.999999e-001
    outer loop
      vertex  1.012146e-018 -7.500000e-001  1.652960e-002
      vertex  5.234375e-001 -7.500000e-001  1.652960e-002
      vertex  5.234375e-001 -7.812500e-003  1.652960e-002
    endloop
  endfacet
  facet normal  0.000000e+000  0.000000e+000  9.999999e-001
    outer loop
      vertex  1.012146e-018 -7.500000e-001  1.652960e-002
      vertex  5.234375e-001 -7.812500e-003  1.652960e-002
      vertex  5.221208e-001 -3.472107e-003  1.652960e-002
    endloop
  endfacet
  facet normal  0.000000e+000  0.000000e+000  9.999999e-001
    outer loop
      vertex  1.012146e-018 -7.500000e-001  1.652960e-002
      vertex  5.221208e-001 -3.472107e-003  1.652960e-002
      vertex  5.211493e-001 -2.288228e-003  1.652960e-002
    endloop
  endfacet
  facet normal  0.000000e+000  0.000000e+000  9.999999e-001
    outer loop
      vertex  1.012146e-018 -7.500000e-001  1.652960e-002
      vertex  5.211493e-001 -2.288228e-003  1.652960e-002
      vertex  5.199654e-001 -1.316644e-003  1.652960e-002
    endloop
  endfacet
  facet normal  0.000000e+000  0.000000e+000  1.000000e+000
    outer loop
      vertex  1.012146e-018 -7.500000e-001  1.652960e-002
      vertex  5.199654e-001 -1.316644e-003  1.652960e-002
      vertex  5.186147e-001 -5.946911e-004  1.652960e-002
    endloop
  endfacet
  facet normal  0.000000e+000  0.000000e+000  9.999999e-001
    outer loop
      vertex  1.012146e-018 -7.500000e-001  1.652960e-002
      vertex  5.186147e-001 -5.946911e-004  1.652960e-002
      vertex  5.171492e-001 -1.501150e-004  1.652960e-002
    endloop
  endfacet
  facet normal  0.000000e+000  0.000000e+000  1.000000e+000
    outer loop
      vertex  1.012146e-018 -7.500000e-001  1.652960e-002
      vertex  5.171492e-001 -1.501150e-004  1.652960e-002
      vertex  5.156250e-001  0.000000e+000  1.652960e-002
    endloop
  endfacet
  facet normal  0.000000e+000  0.000000e+000  1.000000e+000
    outer loop
      vertex  1.012146e-018 -7.500000e-001  1.652960e-002
      vertex  5.156250e-001  0.000000e+000  1.652960e-002
      vertex  1.012146e-018  0.000000e+000  1.652960e-002
    endloop
  endfacet
  facet normal  1.000000e+000  0.000000e+000  0.000000e+000
    outer loop
      vertex  5.234375e-001 -7.812500e-003 -3.205130e-017
      vertex  5.234375e-001 -7.812500e-003  1.652960e-002
      vertex  5.234375e-001 -7.500000e-001 -3.205130e-017
    endloop
  endfacet
  facet normal  1.000000e+000  0.000000e+000  0.000000e+000
    outer loop
      vertex  5.234375e-001 -7.500000e-001 -3.205130e-017
      vertex  5.234375e-001 -7.812500e-003  1.652960e-002
      vertex  5.234375e-001 -7.500000e-001  1.652960e-002
    endloop
  endfacet
  facet normal  9.801669e-002  9.951848e-001  0.000000e+000
    outer loop
      vertex  5.156250e-001  0.000000e+000 -3.157292e-017
      vertex  5.156250e-001  0.000000e+000  1.652960e-002
      vertex  5.171492e-001 -1.501150e-004 -3.166625e-017
    endloop
  endfacet
  facet normal  9.801669e-002  9.951848e-001  -0.000000e+000
    outer loop
      vertex  5.171492e-001 -1.501150e-004 -3.166625e-017
      vertex  5.156250e-001  0.000000e+000  1.652960e-002
      vertex  5.171492e-001 -1.501150e-004  1.652960e-002
    endloop
  endfacet
  facet normal  2.902869e-001  9.569397e-001  0.000000e+000
    outer loop
      vertex  5.171492e-001 -1.501150e-004 -3.166625e-017
      vertex  5.171492e-001 -1.501150e-004  1.652960e-002
      vertex  5.186147e-001 -5.946911e-004 -3.175599e-017
    endloop
  endfacet
  facet normal  2.902869e-001  9.569397e-001  -0.000000e+000
    outer loop
      vertex  5.186147e-001 -5.946911e-004 -3.175599e-017
      vertex  5.171492e-001 -1.501150e-004  1.652960e-002
      vertex  5.186147e-001 -5.946911e-004  1.652960e-002
    endloop
  endfacet
  facet normal  4.713906e-001  8.819246e-001  0.000000e+000
    outer loop
      vertex  5.186147e-001 -5.946911e-004 -3.175599e-017
      vertex  5.186147e-001 -5.946911e-004  1.652960e-002
      vertex  5.199654e-001 -1.316644e-003 -3.183870e-017
    endloop
  endfacet
  facet normal  4.713906e-001  8.819246e-001  -0.000000e+000
    outer loop
      vertex  5.199654e-001 -1.316644e-003 -3.183870e-017
      vertex  5.186147e-001 -5.946911e-004  1.652960e-002
      vertex  5.199654e-001 -1.316644e-003  1.652960e-002
    endloop
  endfacet
  facet normal  6.343971e-001  7.730073e-001  0.000000e+000
    outer loop
      vertex  5.199654e-001 -1.316644e-003 -3.183870e-017
      vertex  5.199654e-001 -1.316644e-003  1.652960e-002
      vertex  5.211493e-001 -2.288228e-003 -3.191119e-017
    endloop
  endfacet
  facet normal  6.343971e-001  7.730073e-001  -0.000000e+000
    outer loop
      vertex  5.211493e-001 -2.288228e-003 -3.191119e-017
      vertex  5.199654e-001 -1.316644e-003  1.652960e-002
      vertex  5.211493e-001 -2.288228e-003  1.652960e-002
    endloop
  endfacet
  facet normal  7.730197e-001  6.343821e-001  0.000000e+000
    outer loop
      vertex  5.211493e-001 -2.288228e-003 -3.191119e-017
      vertex  5.211493e-001 -2.288228e-003  1.652960e-002
      vertex  5.221208e-001 -3.472107e-003 -3.197068e-017
    endloop
  endfacet
  facet normal  7.730197e-001  6.343821e-001  -0.000000e+000
    outer loop
      vertex  5.221208e-001 -3.472107e-003 -3.197068e-017
      vertex  5.211493e-001 -2.288228e-003  1.652960e-002
      vertex  5.221208e-001 -3.472107e-003  1.652960e-002
    endloop
  endfacet
  facet normal  8.819108e-001  4.714164e-001  0.000000e+000
    outer loop
      vertex  5.221208e-001 -3.472107e-003 -3.197068e-017
      vertex  5.221208e-001 -3.472107e-003  1.652960e-002
      vertex  5.228428e-001 -4.822786e-003 -3.201489e-017
    endloop
  endfacet
  facet normal  8.819108e-001  4.714164e-001  -0.000000e+000
    outer loop
      vertex  5.228428e-001 -4.822786e-003 -3.201489e-017
      vertex  5.221208e-001 -3.472107e-003  1.652960e-002
      vertex  5.228428e-001 -4.822786e-003  1.652960e-002
    endloop
  endfacet
  facet normal  9.569485e-001  2.902579e-001  0.000000e+000
    outer loop
      vertex  5.228428e-001 -4.822786e-003 -3.201489e-017
      vertex  5.228428e-001 -4.822786e-003  1.652960e-002
      vertex  5.232874e-001 -6.288357e-003 -3.204211e-017
    endloop
  endfacet
  facet normal  9.569485e-001  2.902579e-001  -0.000000e+000
    outer loop
      vertex  5.232874e-001 -6.288357e-003 -3.204211e-017
      vertex  5.228428e-001 -4.822786e-003  1.652960e-002
      vertex  5.232874e-001 -6.288357e-003  1.652960e-002
    endloop
  endfacet
  facet normal  9.951829e-001  9.803598e-002  0.000000e+000
    outer loop
      vertex  5.232874e-001 -6.288357e-003 -3.204211e-017
      vertex  5.232874e-001 -6.288357e-003  1.652960e-002
      vertex  5.234375e-001 -7.812500e-003 -3.205130e-017
    endloop
  endfacet
  facet normal  9.951829e-001  9.803598e-002  -0.000000e+000
    outer loop
      vertex  5.234375e-001 -7.812500e-003 -3.205130e-017
      vertex  5.232874e-001 -6.288357e-003  1.652960e-002
      vertex  5.234375e-001 -7.812500e-003  1.652960e-002
    endloop
  endfacet
endsolid CATIA STL
