solid CATIA STL
  facet normal  0.000000e+000 -1.000000e+000  0.000000e+000
    outer loop
      vertex  4.353237e-017 -7.031250e-002  7.109375e-001
      vertex  0.000000e+000 -7.031250e-002  0.000000e+000
      vertex  7.109375e-001 -7.031250e-002 -4.353237e-017
    endloop
  endfacet
  facet normal  0.000000e+000 -1.000000e+000  0.000000e+000
    outer loop
      vertex  4.353237e-017 -7.031250e-002  7.109375e-001
      vertex  7.109375e-001 -7.031250e-002 -4.353237e-017
      vertex  7.109375e-001 -7.031250e-002  5.390625e-001
    endloop
  endfacet
  facet normal  0.000000e+000 -1.000000e+000  0.000000e+000
    outer loop
      vertex  4.353237e-017 -7.031250e-002  7.109375e-001
      vertex  7.109375e-001 -7.031250e-002  5.390625e-001
      vertex  7.076350e-001 -7.031250e-002  5.725936e-001
    endloop
  endfacet
  facet normal  0.000000e+000 -1.000000e+000  0.000000e+000
    outer loop
      vertex  4.353237e-017 -7.031250e-002  7.109375e-001
      vertex  7.076350e-001 -7.031250e-002  5.725936e-001
      vertex  6.978543e-001 -7.031250e-002  6.048362e-001
    endloop
  endfacet
  facet normal  0.000000e+000 -1.000000e+000  0.000000e+000
    outer loop
      vertex  4.353237e-017 -7.031250e-002  7.109375e-001
      vertex  6.978543e-001 -7.031250e-002  6.048362e-001
      vertex  6.819713e-001 -7.031250e-002  6.345511e-001
    endloop
  endfacet
  facet normal  0.000000e+000 -1.000000e+000  0.000000e+000
    outer loop
      vertex  4.353237e-017 -7.031250e-002  7.109375e-001
      vertex  6.819713e-001 -7.031250e-002  6.345511e-001
      vertex  6.605965e-001 -7.031250e-002  6.605965e-001
    endloop
  endfacet
  facet normal  0.000000e+000 -1.000000e+000  0.000000e+000
    outer loop
      vertex  4.353237e-017 -7.031250e-002  7.109375e-001
      vertex  6.605965e-001 -7.031250e-002  6.605965e-001
      vertex  6.345511e-001 -7.031250e-002  6.819713e-001
    endloop
  endfacet
  facet normal  0.000000e+000 -1.000000e+000  0.000000e+000
    outer loop
      vertex  4.353237e-017 -7.031250e-002  7.109375e-001
      vertex  6.345511e-001 -7.031250e-002  6.819713e-001
      vertex  6.048362e-001 -7.031250e-002  6.978543e-001
    endloop
  endfacet
  facet normal  0.000000e+000 -1.000000e+000  0.000000e+000
    outer loop
      vertex  4.353237e-017 -7.031250e-002  7.109375e-001
      vertex  6.048362e-001 -7.031250e-002  6.978543e-001
      vertex  5.725936e-001 -7.031250e-002  7.076350e-001
    endloop
  endfacet
  facet normal  0.000000e+000 -1.000000e+000  0.000000e+000
    outer loop
      vertex  4.353237e-017 -7.031250e-002  7.109375e-001
      vertex  5.725936e-001 -7.031250e-002  7.076350e-001
      vertex  5.390625e-001 -7.031250e-002  7.109375e-001
    endloop
  endfacet
  facet normal  0.000000e+000  1.000000e+000  0.000000e+000
    outer loop
      vertex  4.353237e-017  0.000000e+000  7.109375e-001
      vertex  5.390625e-001  0.000000e+000  7.109375e-001
      vertex  5.725936e-001  0.000000e+000  7.076350e-001
    endloop
  endfacet
  facet normal  0.000000e+000  1.000000e+000  0.000000e+000
    outer loop
      vertex  4.353237e-017  0.000000e+000  7.109375e-001
      vertex  5.725936e-001  0.000000e+000  7.076350e-001
      vertex  6.048362e-001  0.000000e+000  6.978543e-001
    endloop
  endfacet
  facet normal  0.000000e+000  1.000000e+000  0.000000e+000
    outer loop
      vertex  4.353237e-017  0.000000e+000  7.109375e-001
      vertex  6.048362e-001  0.000000e+000  6.978543e-001
      vertex  6.345511e-001  0.000000e+000  6.819713e-001
    endloop
  endfacet
  facet normal  0.000000e+000  1.000000e+000  0.000000e+000
    outer loop
      vertex  4.353237e-017  0.000000e+000  7.109375e-001
      vertex  6.345511e-001  0.000000e+000  6.819713e-001
      vertex  6.605965e-001  0.000000e+000  6.605965e-001
    endloop
  endfacet
  facet normal  0.000000e+000  1.000000e+000  0.000000e+000
    outer loop
      vertex  4.353237e-017  0.000000e+000  7.109375e-001
      vertex  6.605965e-001  0.000000e+000  6.605965e-001
      vertex  6.819713e-001  0.000000e+000  6.345511e-001
    endloop
  endfacet
  facet normal  0.000000e+000  1.000000e+000  0.000000e+000
    outer loop
      vertex  4.353237e-017  0.000000e+000  7.109375e-001
      vertex  6.819713e-001  0.000000e+000  6.345511e-001
      vertex  6.978543e-001  0.000000e+000  6.048362e-001
    endloop
  endfacet
  facet normal  0.000000e+000  1.000000e+000  0.000000e+000
    outer loop
      vertex  4.353237e-017  0.000000e+000  7.109375e-001
      vertex  6.978543e-001  0.000000e+000  6.048362e-001
      vertex  7.076350e-001  0.000000e+000  5.725936e-001
    endloop
  endfacet
  facet normal  0.000000e+000  1.000000e+000  0.000000e+000
    outer loop
      vertex  4.353237e-017  0.000000e+000  7.109375e-001
      vertex  7.076350e-001  0.000000e+000  5.725936e-001
      vertex  7.109375e-001  0.000000e+000  5.390625e-001
    endloop
  endfacet
  facet normal  0.000000e+000  1.000000e+000  0.000000e+000
    outer loop
      vertex  4.353237e-017  0.000000e+000  7.109375e-001
      vertex  7.109375e-001  0.000000e+000  5.390625e-001
      vertex  7.109375e-001  0.000000e+000 -4.353237e-017
    endloop
  endfacet
  facet normal  0.000000e+000  1.000000e+000  0.000000e+000
    outer loop
      vertex  4.353237e-017  0.000000e+000  7.109375e-001
      vertex  7.109375e-001  0.000000e+000 -4.353237e-017
      vertex  0.000000e+000  0.000000e+000  0.000000e+000
    endloop
  endfacet
  facet normal  0.000000e+000  0.000000e+000  1.000000e+000
    outer loop
      vertex  5.390625e-001 -7.031250e-002  7.109375e-001
      vertex  5.390625e-001  0.000000e+000  7.109375e-001
      vertex  4.353237e-017 -7.031250e-002  7.109375e-001
    endloop
  endfacet
  facet normal  0.000000e+000  0.000000e+000  1.000000e+000
    outer loop
      vertex  4.353237e-017 -7.031250e-002  7.109375e-001
      vertex  5.390625e-001  0.000000e+000  7.109375e-001
      vertex  4.353237e-017  0.000000e+000  7.109375e-001
    endloop
  endfacet
  facet normal  1.000000e+000  0.000000e+000  0.000000e+000
    outer loop
      vertex  7.109375e-001 -7.031250e-002 -4.353237e-017
      vertex  7.109375e-001  0.000000e+000 -4.353237e-017
      vertex  7.109375e-001 -7.031250e-002  5.390625e-001
    endloop
  endfacet
  facet normal  1.000000e+000  -0.000000e+000  0.000000e+000
    outer loop
      vertex  7.109375e-001 -7.031250e-002  5.390625e-001
      vertex  7.109375e-001  0.000000e+000 -4.353237e-017
      vertex  7.109375e-001  0.000000e+000  5.390625e-001
    endloop
  endfacet
  facet normal  9.801675e-002  -0.000000e+000  9.951848e-001
    outer loop
      vertex  5.390625e-001  0.000000e+000  7.109375e-001
      vertex  5.390625e-001 -7.031250e-002  7.109375e-001
      vertex  5.725936e-001  0.000000e+000  7.076350e-001
    endloop
  endfacet
  facet normal  9.801675e-002  0.000000e+000  9.951848e-001
    outer loop
      vertex  5.725936e-001  0.000000e+000  7.076350e-001
      vertex  5.390625e-001 -7.031250e-002  7.109375e-001
      vertex  5.725936e-001 -7.031250e-002  7.076350e-001
    endloop
  endfacet
  facet normal  2.902852e-001  -0.000000e+000  9.569402e-001
    outer loop
      vertex  5.725936e-001  0.000000e+000  7.076350e-001
      vertex  5.725936e-001 -7.031250e-002  7.076350e-001
      vertex  6.048362e-001  0.000000e+000  6.978543e-001
    endloop
  endfacet
  facet normal  2.902852e-001  0.000000e+000  9.569402e-001
    outer loop
      vertex  6.048362e-001  0.000000e+000  6.978543e-001
      vertex  5.725936e-001 -7.031250e-002  7.076350e-001
      vertex  6.048362e-001 -7.031250e-002  6.978543e-001
    endloop
  endfacet
  facet normal  4.713975e-001  -0.000000e+000  8.819208e-001
    outer loop
      vertex  6.048362e-001  0.000000e+000  6.978543e-001
      vertex  6.048362e-001 -7.031250e-002  6.978543e-001
      vertex  6.345511e-001  0.000000e+000  6.819713e-001
    endloop
  endfacet
  facet normal  4.713975e-001  0.000000e+000  8.819208e-001
    outer loop
      vertex  6.345511e-001  0.000000e+000  6.819713e-001
      vertex  6.048362e-001 -7.031250e-002  6.978543e-001
      vertex  6.345511e-001 -7.031250e-002  6.819713e-001
    endloop
  endfacet
  facet normal  6.343920e-001  -0.000000e+000  7.730115e-001
    outer loop
      vertex  6.345511e-001  0.000000e+000  6.819713e-001
      vertex  6.345511e-001 -7.031250e-002  6.819713e-001
      vertex  6.605965e-001  0.000000e+000  6.605965e-001
    endloop
  endfacet
  facet normal  6.343920e-001  0.000000e+000  7.730115e-001
    outer loop
      vertex  6.605965e-001  0.000000e+000  6.605965e-001
      vertex  6.345511e-001 -7.031250e-002  6.819713e-001
      vertex  6.605965e-001 -7.031250e-002  6.605965e-001
    endloop
  endfacet
  facet normal  7.730115e-001  -0.000000e+000  6.343920e-001
    outer loop
      vertex  6.605965e-001  0.000000e+000  6.605965e-001
      vertex  6.605965e-001 -7.031250e-002  6.605965e-001
      vertex  6.819713e-001  0.000000e+000  6.345511e-001
    endloop
  endfacet
  facet normal  7.730115e-001  0.000000e+000  6.343920e-001
    outer loop
      vertex  6.819713e-001  0.000000e+000  6.345511e-001
      vertex  6.605965e-001 -7.031250e-002  6.605965e-001
      vertex  6.819713e-001 -7.031250e-002  6.345511e-001
    endloop
  endfacet
  facet normal  8.819208e-001  -0.000000e+000  4.713975e-001
    outer loop
      vertex  6.819713e-001  0.000000e+000  6.345511e-001
      vertex  6.819713e-001 -7.031250e-002  6.345511e-001
      vertex  6.978543e-001  0.000000e+000  6.048362e-001
    endloop
  endfacet
  facet normal  8.819208e-001  0.000000e+000  4.713975e-001
    outer loop
      vertex  6.978543e-001  0.000000e+000  6.048362e-001
      vertex  6.819713e-001 -7.031250e-002  6.345511e-001
      vertex  6.978543e-001 -7.031250e-002  6.048362e-001
    endloop
  endfacet
  facet normal  9.569402e-001  -0.000000e+000  2.902852e-001
    outer loop
      vertex  6.978543e-001  0.000000e+000  6.048362e-001
      vertex  6.978543e-001 -7.031250e-002  6.048362e-001
      vertex  7.076350e-001  0.000000e+000  5.725936e-001
    endloop
  endfacet
  facet normal  9.569402e-001  0.000000e+000  2.902852e-001
    outer loop
      vertex  7.076350e-001  0.000000e+000  5.725936e-001
      vertex  6.978543e-001 -7.031250e-002  6.048362e-001
      vertex  7.076350e-001 -7.031250e-002  5.725936e-001
    endloop
  endfacet
  facet normal  9.951848e-001  -0.000000e+000  9.801675e-002
    outer loop
      vertex  7.076350e-001  0.000000e+000  5.725936e-001
      vertex  7.076350e-001 -7.031250e-002  5.725936e-001
      vertex  7.109375e-001  0.000000e+000  5.390625e-001
    endloop
  endfacet
  facet normal  9.951848e-001  0.000000e+000  9.801675e-002
    outer loop
      vertex  7.109375e-001  0.000000e+000  5.390625e-001
      vertex  7.076350e-001 -7.031250e-002  5.725936e-001
      vertex  7.109375e-001 -7.031250e-002  5.390625e-001
    endloop
  endfacet
  facet normal -1.000000e+000  0.000000e+000  6.123234e-017
    outer loop
      vertex  4.353237e-017 -7.031250e-002  7.109375e-001
      vertex  4.353237e-017  0.000000e+000  7.109375e-001
      vertex  0.000000e+000 -7.031250e-002  0.000000e+000
    endloop
  endfacet
  facet normal -1.000000e+000  0.000000e+000  6.123234e-017
    outer loop
      vertex  0.000000e+000 -7.031250e-002  0.000000e+000
      vertex  4.353237e-017  0.000000e+000  7.109375e-001
      vertex  0.000000e+000  0.000000e+000  0.000000e+000
    endloop
  endfacet
  facet normal -6.123234e-017  -0.000000e+000 -1.000000e+000
    outer loop
      vertex  0.000000e+000 -7.031250e-002  0.000000e+000
      vertex  0.000000e+000  0.000000e+000  0.000000e+000
      vertex  7.109375e-001 -7.031250e-002 -4.353237e-017
    endloop
  endfacet
  facet normal -6.123234e-017  0.000000e+000 -1.000000e+000
    outer loop
      vertex  7.109375e-001 -7.031250e-002 -4.353237e-017
      vertex  0.000000e+000  0.000000e+000  0.000000e+000
      vertex  7.109375e-001  0.000000e+000 -4.353237e-017
    endloop
  endfacet
endsolid CATIA STL
