solid CATIA STL
  facet normal  -0.000000e+000  -0.000000e+000  1.000000e+000
    outer loop
      vertex  4.687500e-002  1.796875e-001  9.375000e-002
      vertex  4.942695e-002  1.537771e-001  9.375000e-002
      vertex  5.698475e-002  1.288624e-001  9.375000e-002
    endloop
  endfacet
  facet normal  -0.000000e+000  -0.000000e+000  1.000000e+000
    outer loop
      vertex  4.687500e-002  1.796875e-001  9.375000e-002
      vertex  5.698475e-002  1.288624e-001  9.375000e-002
      vertex  6.925794e-002  1.059008e-001  9.375000e-002
    endloop
  endfacet
  facet normal  -0.000000e+000  -0.000000e+000  1.000000e+000
    outer loop
      vertex  4.687500e-002  1.796875e-001  9.375000e-002
      vertex  6.925794e-002  1.059008e-001  9.375000e-002
      vertex  8.577488e-002  8.577488e-002  9.375000e-002
    endloop
  endfacet
  facet normal  -0.000000e+000  -0.000000e+000  1.000000e+000
    outer loop
      vertex  4.687500e-002  1.796875e-001  9.375000e-002
      vertex  8.577488e-002  8.577488e-002  9.375000e-002
      vertex  1.059008e-001  6.925794e-002  9.375000e-002
    endloop
  endfacet
  facet normal  -0.000000e+000  -0.000000e+000  9.999999e-001
    outer loop
      vertex  4.687500e-002  1.796875e-001  9.375000e-002
      vertex  1.059008e-001  6.925794e-002  9.375000e-002
      vertex  1.288624e-001  5.698475e-002  9.375000e-002
    endloop
  endfacet
  facet normal  -0.000000e+000  -0.000000e+000  1.000000e+000
    outer loop
      vertex  4.687500e-002  1.796875e-001  9.375000e-002
      vertex  1.288624e-001  5.698475e-002  9.375000e-002
      vertex  1.537771e-001  4.942695e-002  9.375000e-002
    endloop
  endfacet
  facet normal  -0.000000e+000  -0.000000e+000  9.999999e-001
    outer loop
      vertex  4.687500e-002  1.796875e-001  9.375000e-002
      vertex  1.537771e-001  4.942695e-002  9.375000e-002
      vertex  1.796875e-001  4.687500e-002  9.375000e-002
    endloop
  endfacet
  facet normal  0.000000e+000  -0.000000e+000  1.000000e+000
    outer loop
      vertex  4.687500e-002  1.796875e-001  9.375000e-002
      vertex  1.796875e-001  4.687500e-002  9.375000e-002
      vertex  7.031250e-001  4.687500e-002  9.375000e-002
    endloop
  endfacet
  facet normal  0.000000e+000  -0.000000e+000  1.000000e+000
    outer loop
      vertex  4.687500e-002  1.796875e-001  9.375000e-002
      vertex  7.031250e-001  4.687500e-002  9.375000e-002
      vertex  7.031250e-001  7.031250e-001  9.375000e-002
    endloop
  endfacet
  facet normal  0.000000e+000  0.000000e+000  1.000000e+000
    outer loop
      vertex  4.687500e-002  1.796875e-001  9.375000e-002
      vertex  7.031250e-001  7.031250e-001  9.375000e-002
      vertex  4.687500e-002  7.031250e-001  9.375000e-002
    endloop
  endfacet
  facet normal  1.000000e+000  0.000000e+000  0.000000e+000
    outer loop
      vertex  4.687500e-002  7.031250e-001  9.375000e-002
      vertex  4.687500e-002  7.031250e-001  4.687500e-001
      vertex  4.687500e-002  1.796875e-001  9.375000e-002
    endloop
  endfacet
  facet normal  1.000000e+000  0.000000e+000  0.000000e+000
    outer loop
      vertex  4.687500e-002  1.796875e-001  9.375000e-002
      vertex  4.687500e-002  7.031250e-001  4.687500e-001
      vertex  4.687500e-002  1.796875e-001  4.687500e-001
    endloop
  endfacet
  facet normal  0.000000e+000  1.000000e+000  0.000000e+000
    outer loop
      vertex  1.796875e-001  4.687500e-002  9.375000e-002
      vertex  1.796875e-001  4.687500e-002  4.687500e-001
      vertex  7.031250e-001  4.687500e-002  9.375000e-002
    endloop
  endfacet
  facet normal  0.000000e+000  1.000000e+000  -0.000000e+000
    outer loop
      vertex  7.031250e-001  4.687500e-002  9.375000e-002
      vertex  1.796875e-001  4.687500e-002  4.687500e-001
      vertex  7.031250e-001  4.687500e-002  4.687500e-001
    endloop
  endfacet
  facet normal  0.000000e+000  0.000000e+000  1.000000e+000
    outer loop
      vertex  0.000000e+000  0.000000e+000  4.687500e-001
      vertex  7.500000e-001  0.000000e+000  4.687500e-001
      vertex  7.031250e-001  4.687500e-002  4.687500e-001
    endloop
  endfacet
  facet normal  0.000000e+000  0.000000e+000  1.000000e+000
    outer loop
      vertex  0.000000e+000  0.000000e+000  4.687500e-001
      vertex  7.031250e-001  4.687500e-002  4.687500e-001
      vertex  1.796875e-001  4.687500e-002  4.687500e-001
    endloop
  endfacet
  facet normal  0.000000e+000  0.000000e+000  1.000000e+000
    outer loop
      vertex  0.000000e+000  0.000000e+000  4.687500e-001
      vertex  1.796875e-001  4.687500e-002  4.687500e-001
      vertex  1.537771e-001  4.942695e-002  4.687500e-001
    endloop
  endfacet
  facet normal  0.000000e+000  0.000000e+000  9.999999e-001
    outer loop
      vertex  0.000000e+000  0.000000e+000  4.687500e-001
      vertex  1.537771e-001  4.942695e-002  4.687500e-001
      vertex  1.288624e-001  5.698475e-002  4.687500e-001
    endloop
  endfacet
  facet normal  0.000000e+000  0.000000e+000  1.000000e+000
    outer loop
      vertex  0.000000e+000  0.000000e+000  4.687500e-001
      vertex  1.288624e-001  5.698475e-002  4.687500e-001
      vertex  1.059008e-001  6.925794e-002  4.687500e-001
    endloop
  endfacet
  facet normal  0.000000e+000  0.000000e+000  1.000000e+000
    outer loop
      vertex  0.000000e+000  0.000000e+000  4.687500e-001
      vertex  1.059008e-001  6.925794e-002  4.687500e-001
      vertex  8.577488e-002  8.577488e-002  4.687500e-001
    endloop
  endfacet
  facet normal  0.000000e+000  0.000000e+000  1.000000e+000
    outer loop
      vertex  0.000000e+000  0.000000e+000  4.687500e-001
      vertex  8.577488e-002  8.577488e-002  4.687500e-001
      vertex  6.925794e-002  1.059008e-001  4.687500e-001
    endloop
  endfacet
  facet normal  0.000000e+000  0.000000e+000  1.000000e+000
    outer loop
      vertex  0.000000e+000  0.000000e+000  4.687500e-001
      vertex  6.925794e-002  1.059008e-001  4.687500e-001
      vertex  5.698475e-002  1.288624e-001  4.687500e-001
    endloop
  endfacet
  facet normal  0.000000e+000  0.000000e+000  9.999999e-001
    outer loop
      vertex  0.000000e+000  0.000000e+000  4.687500e-001
      vertex  5.698475e-002  1.288624e-001  4.687500e-001
      vertex  4.942695e-002  1.537771e-001  4.687500e-001
    endloop
  endfacet
  facet normal  0.000000e+000  0.000000e+000  1.000000e+000
    outer loop
      vertex  0.000000e+000  0.000000e+000  4.687500e-001
      vertex  4.942695e-002  1.537771e-001  4.687500e-001
      vertex  4.687500e-002  1.796875e-001  4.687500e-001
    endloop
  endfacet
  facet normal  0.000000e+000  -0.000000e+000  1.000000e+000
    outer loop
      vertex  0.000000e+000  0.000000e+000  4.687500e-001
      vertex  4.687500e-002  1.796875e-001  4.687500e-001
      vertex  4.687500e-002  7.031250e-001  4.687500e-001
    endloop
  endfacet
  facet normal  0.000000e+000  0.000000e+000  1.000000e+000
    outer loop
      vertex  0.000000e+000  0.000000e+000  4.687500e-001
      vertex  4.687500e-002  7.031250e-001  4.687500e-001
      vertex  0.000000e+000  7.500000e-001  4.687500e-001
    endloop
  endfacet
  facet normal  0.000000e+000  0.000000e+000  1.000000e+000
    outer loop
      vertex  7.031250e-001  4.687500e-002  4.687500e-001
      vertex  7.500000e-001  0.000000e+000  4.687500e-001
      vertex  7.031250e-001  7.031250e-001  4.687500e-001
    endloop
  endfacet
  facet normal  -0.000000e+000  0.000000e+000  1.000000e+000
    outer loop
      vertex  7.031250e-001  7.031250e-001  4.687500e-001
      vertex  7.500000e-001  0.000000e+000  4.687500e-001
      vertex  7.500000e-001  7.500000e-001  4.687500e-001
    endloop
  endfacet
  facet normal  0.000000e+000  0.000000e+000  1.000000e+000
    outer loop
      vertex  7.031250e-001  7.031250e-001  4.687500e-001
      vertex  7.500000e-001  7.500000e-001  4.687500e-001
      vertex  4.687500e-002  7.031250e-001  4.687500e-001
    endloop
  endfacet
  facet normal  0.000000e+000  -0.000000e+000  1.000000e+000
    outer loop
      vertex  4.687500e-002  7.031250e-001  4.687500e-001
      vertex  7.500000e-001  7.500000e-001  4.687500e-001
      vertex  0.000000e+000  7.500000e-001  4.687500e-001
    endloop
  endfacet
  facet normal  7.730105e-001  6.343933e-001  -0.000000e+000
    outer loop
      vertex  8.577488e-002  8.577488e-002  4.687500e-001
      vertex  6.925794e-002  1.059008e-001  9.375000e-002
      vertex  6.925794e-002  1.059008e-001  4.687500e-001
    endloop
  endfacet
  facet normal  8.819211e-001  4.713970e-001  0.000000e+000
    outer loop
      vertex  6.925794e-002  1.059008e-001  4.687500e-001
      vertex  6.925794e-002  1.059008e-001  9.375000e-002
      vertex  5.698475e-002  1.288624e-001  9.375000e-002
    endloop
  endfacet
  facet normal  8.819211e-001  4.713970e-001  -0.000000e+000
    outer loop
      vertex  6.925794e-002  1.059008e-001  4.687500e-001
      vertex  5.698475e-002  1.288624e-001  9.375000e-002
      vertex  5.698475e-002  1.288624e-001  4.687500e-001
    endloop
  endfacet
  facet normal  9.569403e-001  2.902846e-001  0.000000e+000
    outer loop
      vertex  5.698475e-002  1.288624e-001  4.687500e-001
      vertex  5.698475e-002  1.288624e-001  9.375000e-002
      vertex  4.942695e-002  1.537771e-001  9.375000e-002
    endloop
  endfacet
  facet normal  9.569403e-001  2.902846e-001  -0.000000e+000
    outer loop
      vertex  5.698475e-002  1.288624e-001  4.687500e-001
      vertex  4.942695e-002  1.537771e-001  9.375000e-002
      vertex  4.942695e-002  1.537771e-001  4.687500e-001
    endloop
  endfacet
  facet normal  9.951847e-001  9.801710e-002  0.000000e+000
    outer loop
      vertex  4.942695e-002  1.537771e-001  4.687500e-001
      vertex  4.942695e-002  1.537771e-001  9.375000e-002
      vertex  4.687500e-002  1.796875e-001  9.375000e-002
    endloop
  endfacet
  facet normal  9.951847e-001  9.801710e-002  -0.000000e+000
    outer loop
      vertex  4.942695e-002  1.537771e-001  4.687500e-001
      vertex  4.687500e-002  1.796875e-001  9.375000e-002
      vertex  4.687500e-002  1.796875e-001  4.687500e-001
    endloop
  endfacet
  facet normal  7.730105e-001  6.343933e-001  0.000000e+000
    outer loop
      vertex  6.925794e-002  1.059008e-001  9.375000e-002
      vertex  8.577488e-002  8.577488e-002  4.687500e-001
      vertex  8.577488e-002  8.577488e-002  9.375000e-002
    endloop
  endfacet
  facet normal  6.343933e-001  7.730105e-001  -0.000000e+000
    outer loop
      vertex  8.577488e-002  8.577488e-002  9.375000e-002
      vertex  8.577488e-002  8.577488e-002  4.687500e-001
      vertex  1.059008e-001  6.925794e-002  4.687500e-001
    endloop
  endfacet
  facet normal  6.343933e-001  7.730105e-001  0.000000e+000
    outer loop
      vertex  8.577488e-002  8.577488e-002  9.375000e-002
      vertex  1.059008e-001  6.925794e-002  4.687500e-001
      vertex  1.059008e-001  6.925794e-002  9.375000e-002
    endloop
  endfacet
  facet normal  4.713970e-001  8.819211e-001  -0.000000e+000
    outer loop
      vertex  1.059008e-001  6.925794e-002  9.375000e-002
      vertex  1.059008e-001  6.925794e-002  4.687500e-001
      vertex  1.288624e-001  5.698475e-002  4.687500e-001
    endloop
  endfacet
  facet normal  4.713970e-001  8.819211e-001  0.000000e+000
    outer loop
      vertex  1.059008e-001  6.925794e-002  9.375000e-002
      vertex  1.288624e-001  5.698475e-002  4.687500e-001
      vertex  1.288624e-001  5.698475e-002  9.375000e-002
    endloop
  endfacet
  facet normal  2.902846e-001  9.569403e-001  -0.000000e+000
    outer loop
      vertex  1.288624e-001  5.698475e-002  9.375000e-002
      vertex  1.288624e-001  5.698475e-002  4.687500e-001
      vertex  1.537771e-001  4.942695e-002  4.687500e-001
    endloop
  endfacet
  facet normal  2.902846e-001  9.569403e-001  0.000000e+000
    outer loop
      vertex  1.288624e-001  5.698475e-002  9.375000e-002
      vertex  1.537771e-001  4.942695e-002  4.687500e-001
      vertex  1.537771e-001  4.942695e-002  9.375000e-002
    endloop
  endfacet
  facet normal  9.801710e-002  9.951847e-001  -0.000000e+000
    outer loop
      vertex  1.537771e-001  4.942695e-002  9.375000e-002
      vertex  1.537771e-001  4.942695e-002  4.687500e-001
      vertex  1.796875e-001  4.687500e-002  4.687500e-001
    endloop
  endfacet
  facet normal  9.801710e-002  9.951847e-001  0.000000e+000
    outer loop
      vertex  1.537771e-001  4.942695e-002  9.375000e-002
      vertex  1.796875e-001  4.687500e-002  4.687500e-001
      vertex  1.796875e-001  4.687500e-002  9.375000e-002
    endloop
  endfacet
  facet normal  0.000000e+000 -1.000000e+000  -0.000000e+000
    outer loop
      vertex  7.031250e-001  7.031250e-001  9.375000e-002
      vertex  7.031250e-001  7.031250e-001  4.687500e-001
      vertex  4.687500e-002  7.031250e-001  9.375000e-002
    endloop
  endfacet
  facet normal  0.000000e+000 -1.000000e+000  0.000000e+000
    outer loop
      vertex  4.687500e-002  7.031250e-001  9.375000e-002
      vertex  7.031250e-001  7.031250e-001  4.687500e-001
      vertex  4.687500e-002  7.031250e-001  4.687500e-001
    endloop
  endfacet
  facet normal -1.000000e+000  0.000000e+000  0.000000e+000
    outer loop
      vertex  7.031250e-001  4.687500e-002  9.375000e-002
      vertex  7.031250e-001  4.687500e-002  4.687500e-001
      vertex  7.031250e-001  7.031250e-001  9.375000e-002
    endloop
  endfacet
  facet normal -1.000000e+000  0.000000e+000  0.000000e+000
    outer loop
      vertex  7.031250e-001  7.031250e-001  9.375000e-002
      vertex  7.031250e-001  4.687500e-002  4.687500e-001
      vertex  7.031250e-001  7.031250e-001  4.687500e-001
    endloop
  endfacet
  facet normal  0.000000e+000  0.000000e+000 -1.000000e+000
    outer loop
      vertex  0.000000e+000  0.000000e+000  0.000000e+000
      vertex  0.000000e+000  7.500000e-001  0.000000e+000
      vertex  7.500000e-001  0.000000e+000  0.000000e+000
    endloop
  endfacet
  facet normal  0.000000e+000  0.000000e+000 -1.000000e+000
    outer loop
      vertex  7.500000e-001  0.000000e+000  0.000000e+000
      vertex  0.000000e+000  7.500000e-001  0.000000e+000
      vertex  7.500000e-001  7.500000e-001  0.000000e+000
    endloop
  endfacet
  facet normal -1.000000e+000  0.000000e+000  0.000000e+000
    outer loop
      vertex  0.000000e+000  7.500000e-001  4.687500e-001
      vertex  0.000000e+000  7.500000e-001  0.000000e+000
      vertex  0.000000e+000  0.000000e+000  4.687500e-001
    endloop
  endfacet
  facet normal -1.000000e+000  0.000000e+000  0.000000e+000
    outer loop
      vertex  0.000000e+000  0.000000e+000  4.687500e-001
      vertex  0.000000e+000  7.500000e-001  0.000000e+000
      vertex  0.000000e+000  0.000000e+000  0.000000e+000
    endloop
  endfacet
  facet normal  0.000000e+000  1.000000e+000  -0.000000e+000
    outer loop
      vertex  7.500000e-001  7.500000e-001  4.687500e-001
      vertex  7.500000e-001  7.500000e-001  0.000000e+000
      vertex  0.000000e+000  7.500000e-001  4.687500e-001
    endloop
  endfacet
  facet normal  0.000000e+000  1.000000e+000  0.000000e+000
    outer loop
      vertex  0.000000e+000  7.500000e-001  4.687500e-001
      vertex  7.500000e-001  7.500000e-001  0.000000e+000
      vertex  0.000000e+000  7.500000e-001  0.000000e+000
    endloop
  endfacet
  facet normal  1.000000e+000  0.000000e+000  0.000000e+000
    outer loop
      vertex  7.500000e-001  0.000000e+000  4.687500e-001
      vertex  7.500000e-001  0.000000e+000  0.000000e+000
      vertex  7.500000e-001  7.500000e-001  4.687500e-001
    endloop
  endfacet
  facet normal  1.000000e+000  0.000000e+000  0.000000e+000
    outer loop
      vertex  7.500000e-001  7.500000e-001  4.687500e-001
      vertex  7.500000e-001  0.000000e+000  0.000000e+000
      vertex  7.500000e-001  7.500000e-001  0.000000e+000
    endloop
  endfacet
  facet normal  0.000000e+000 -1.000000e+000  0.000000e+000
    outer loop
      vertex  0.000000e+000  0.000000e+000  4.687500e-001
      vertex  0.000000e+000  0.000000e+000  0.000000e+000
      vertex  7.500000e-001  0.000000e+000  4.687500e-001
    endloop
  endfacet
  facet normal  0.000000e+000 -1.000000e+000  -0.000000e+000
    outer loop
      vertex  7.500000e-001  0.000000e+000  4.687500e-001
      vertex  0.000000e+000  0.000000e+000  0.000000e+000
      vertex  7.500000e-001  0.000000e+000  0.000000e+000
    endloop
  endfacet
endsolid CATIA STL
