solid CATIA STL
  facet normal  0.000000e+000  0.000000e+000 -1.000000e+000
    outer loop
      vertex  7.493991e-001  7.451264e-001  0.000000e+000
      vertex  7.343622e-001  7.436454e-001  0.000000e+000
      vertex  7.348115e-001  7.451264e-001  0.000000e+000
    endloop
  endfacet
  facet normal  0.000000e+000  0.000000e+000 -1.000000e+000
    outer loop
      vertex  7.498483e-001  7.436454e-001  0.000000e+000
      vertex  7.343622e-001  7.436454e-001  0.000000e+000
      vertex  7.493991e-001  7.451264e-001  0.000000e+000
    endloop
  endfacet
  facet normal  0.000000e+000  0.000000e+000 -1.000000e+000
    outer loop
      vertex  7.498483e-001  7.405651e-001  0.000000e+000
      vertex  7.343622e-001  7.405651e-001  0.000000e+000
      vertex  7.500000e-001  7.421052e-001  0.000000e+000
    endloop
  endfacet
  facet normal  0.000000e+000  0.000000e+000 -1.000000e+000
    outer loop
      vertex  7.498483e-001  7.405651e-001  0.000000e+000
      vertex  7.348115e-001  7.390841e-001  0.000000e+000
      vertex  7.343622e-001  7.405651e-001  0.000000e+000
    endloop
  endfacet
  facet normal  0.000000e+000  0.000000e+000 -1.000000e+000
    outer loop
      vertex  7.493991e-001  7.390841e-001  0.000000e+000
      vertex  7.348115e-001  7.390841e-001  0.000000e+000
      vertex  7.498483e-001  7.405651e-001  0.000000e+000
    endloop
  endfacet
  facet normal  0.000000e+000  0.000000e+000 -1.000000e+000
    outer loop
      vertex  7.493991e-001  7.390841e-001  0.000000e+000
      vertex  7.355410e-001  7.377192e-001  0.000000e+000
      vertex  7.348115e-001  7.390841e-001  0.000000e+000
    endloop
  endfacet
  facet normal  0.000000e+000  0.000000e+000 -1.000000e+000
    outer loop
      vertex  7.486695e-001  7.377192e-001  0.000000e+000
      vertex  7.355410e-001  7.377192e-001  0.000000e+000
      vertex  7.493991e-001  7.390841e-001  0.000000e+000
    endloop
  endfacet
  facet normal  0.000000e+000  0.000000e+000 -1.000000e+000
    outer loop
      vertex  7.486695e-001  7.377192e-001  0.000000e+000
      vertex  7.365229e-001  7.365229e-001  0.000000e+000
      vertex  7.355410e-001  7.377192e-001  0.000000e+000
    endloop
  endfacet
  facet normal  0.000000e+000  0.000000e+000 -1.000000e+000
    outer loop
      vertex  7.377192e-001  7.355410e-001  0.000000e+000
      vertex  7.365229e-001  7.365229e-001  0.000000e+000
      vertex  7.486695e-001  7.377192e-001  0.000000e+000
    endloop
  endfacet
  facet normal  0.000000e+000  0.000000e+000 -9.999999e-001
    outer loop
      vertex  7.476877e-001  7.365229e-001  0.000000e+000
      vertex  7.377192e-001  7.355410e-001  0.000000e+000
      vertex  7.486695e-001  7.377192e-001  0.000000e+000
    endloop
  endfacet
  facet normal  0.000000e+000  0.000000e+000 -1.000000e+000
    outer loop
      vertex  7.390841e-001  7.348115e-001  0.000000e+000
      vertex  7.377192e-001  7.355410e-001  0.000000e+000
      vertex  7.476877e-001  7.365229e-001  0.000000e+000
    endloop
  endfacet
  facet normal  0.000000e+000  0.000000e+000 -9.999999e-001
    outer loop
      vertex  7.405651e-001  7.343622e-001  0.000000e+000
      vertex  7.390841e-001  7.348115e-001  0.000000e+000
      vertex  7.476877e-001  7.365229e-001  0.000000e+000
    endloop
  endfacet
  facet normal  0.000000e+000  0.000000e+000 -9.999999e-001
    outer loop
      vertex  7.476877e-001  7.365229e-001  0.000000e+000
      vertex  7.421052e-001  7.342106e-001  0.000000e+000
      vertex  7.405651e-001  7.343622e-001  0.000000e+000
    endloop
  endfacet
  facet normal  0.000000e+000  0.000000e+000 -9.999999e-001
    outer loop
      vertex  7.421052e-001  7.342106e-001  0.000000e+000
      vertex  7.476877e-001  7.365229e-001  0.000000e+000
      vertex  7.464914e-001  7.355410e-001  0.000000e+000
    endloop
  endfacet
  facet normal  0.000000e+000  0.000000e+000 -1.000000e+000
    outer loop
      vertex  7.436454e-001  7.343622e-001  0.000000e+000
      vertex  7.421052e-001  7.342106e-001  0.000000e+000
      vertex  7.464914e-001  7.355410e-001  0.000000e+000
    endloop
  endfacet
  facet normal  0.000000e+000  0.000000e+000 -1.000000e+000
    outer loop
      vertex  7.451264e-001  7.348115e-001  0.000000e+000
      vertex  7.436454e-001  7.343622e-001  0.000000e+000
      vertex  7.464914e-001  7.355410e-001  0.000000e+000
    endloop
  endfacet
  facet normal  0.000000e+000  -0.000000e+000 -1.000000e+000
    outer loop
      vertex  7.342106e-001  7.421052e-001  0.000000e+000
      vertex  7.343622e-001  7.436454e-001  0.000000e+000
      vertex  7.498483e-001  7.436454e-001  0.000000e+000
    endloop
  endfacet
  facet normal  0.000000e+000  -0.000000e+000 -1.000000e+000
    outer loop
      vertex  7.342106e-001  7.421052e-001  0.000000e+000
      vertex  7.498483e-001  7.436454e-001  0.000000e+000
      vertex  7.500000e-001  7.421052e-001  0.000000e+000
    endloop
  endfacet
  facet normal  -0.000000e+000  0.000000e+000 -1.000000e+000
    outer loop
      vertex  7.342106e-001  7.421052e-001  0.000000e+000
      vertex  7.500000e-001  7.421052e-001  0.000000e+000
      vertex  7.343622e-001  7.405651e-001  0.000000e+000
    endloop
  endfacet
  facet normal  0.000000e+000  0.000000e+000 -1.000000e+000
    outer loop
      vertex  7.486695e-001  7.464914e-001  0.000000e+000
      vertex  7.493991e-001  7.451264e-001  0.000000e+000
      vertex  7.348115e-001  7.451264e-001  0.000000e+000
    endloop
  endfacet
  facet normal  0.000000e+000  0.000000e+000 -1.000000e+000
    outer loop
      vertex  7.486695e-001  7.464914e-001  0.000000e+000
      vertex  7.348115e-001  7.451264e-001  0.000000e+000
      vertex  7.355410e-001  7.464914e-001  0.000000e+000
    endloop
  endfacet
  facet normal  0.000000e+000  0.000000e+000 -1.000000e+000
    outer loop
      vertex  7.486695e-001  7.464914e-001  0.000000e+000
      vertex  7.355410e-001  7.464914e-001  0.000000e+000
      vertex  7.365229e-001  7.476877e-001  0.000000e+000
    endloop
  endfacet
  facet normal  0.000000e+000  0.000000e+000 -1.000000e+000
    outer loop
      vertex  7.486695e-001  7.464914e-001  0.000000e+000
      vertex  7.365229e-001  7.476877e-001  0.000000e+000
      vertex  7.377192e-001  7.486695e-001  0.000000e+000
    endloop
  endfacet
  facet normal  0.000000e+000  0.000000e+000 -1.000000e+000
    outer loop
      vertex  7.486695e-001  7.464914e-001  0.000000e+000
      vertex  7.377192e-001  7.486695e-001  0.000000e+000
      vertex  7.390841e-001  7.493991e-001  0.000000e+000
    endloop
  endfacet
  facet normal  0.000000e+000  0.000000e+000 -1.000000e+000
    outer loop
      vertex  7.486695e-001  7.464914e-001  0.000000e+000
      vertex  7.390841e-001  7.493991e-001  0.000000e+000
      vertex  7.405651e-001  7.498483e-001  0.000000e+000
    endloop
  endfacet
  facet normal  0.000000e+000  0.000000e+000 -1.000000e+000
    outer loop
      vertex  7.486695e-001  7.464914e-001  0.000000e+000
      vertex  7.405651e-001  7.498483e-001  0.000000e+000
      vertex  7.421052e-001  7.500000e-001  0.000000e+000
    endloop
  endfacet
  facet normal  0.000000e+000  0.000000e+000 -1.000000e+000
    outer loop
      vertex  7.486695e-001  7.464914e-001  0.000000e+000
      vertex  7.421052e-001  7.500000e-001  0.000000e+000
      vertex  7.436454e-001  7.498483e-001  0.000000e+000
    endloop
  endfacet
  facet normal  0.000000e+000  0.000000e+000 -1.000000e+000
    outer loop
      vertex  7.486695e-001  7.464914e-001  0.000000e+000
      vertex  7.436454e-001  7.498483e-001  0.000000e+000
      vertex  7.451264e-001  7.493991e-001  0.000000e+000
    endloop
  endfacet
  facet normal  0.000000e+000  0.000000e+000 -1.000000e+000
    outer loop
      vertex  7.486695e-001  7.464914e-001  0.000000e+000
      vertex  7.451264e-001  7.493991e-001  0.000000e+000
      vertex  7.464914e-001  7.486695e-001  0.000000e+000
    endloop
  endfacet
  facet normal  0.000000e+000  0.000000e+000 -1.000000e+000
    outer loop
      vertex  7.486695e-001  7.464914e-001  0.000000e+000
      vertex  7.464914e-001  7.486695e-001  0.000000e+000
      vertex  7.476877e-001  7.476877e-001  0.000000e+000
    endloop
  endfacet
  facet normal  6.998767e-001  6.893136e-002  7.109298e-001
    outer loop
      vertex  7.420641e-001  7.421052e-001  7.812500e-003
      vertex  7.500000e-001  7.421052e-001  0.000000e+000
      vertex  7.498483e-001  7.436454e-001  0.000000e+000
    endloop
  endfacet
  facet normal  6.730502e-001  2.041606e-001  7.108600e-001
    outer loop
      vertex  7.420641e-001  7.421052e-001  7.812500e-003
      vertex  7.498483e-001  7.436454e-001  0.000000e+000
      vertex  7.493991e-001  7.451264e-001  0.000000e+000
    endloop
  endfacet
  facet normal  6.204103e-001  3.316079e-001  7.107231e-001
    outer loop
      vertex  7.420641e-001  7.421052e-001  7.812500e-003
      vertex  7.493991e-001  7.451264e-001  0.000000e+000
      vertex  7.486695e-001  7.464914e-001  0.000000e+000
    endloop
  endfacet
  facet normal  5.439447e-001  4.464081e-001  7.105238e-001
    outer loop
      vertex  7.420641e-001  7.421052e-001  7.812500e-003
      vertex  7.486695e-001  7.464914e-001  0.000000e+000
      vertex  7.476877e-001  7.476877e-001  0.000000e+000
    endloop
  endfacet
  facet normal  4.465710e-001  5.441431e-001  7.102695e-001
    outer loop
      vertex  7.420641e-001  7.421052e-001  7.812500e-003
      vertex  7.476877e-001  7.476877e-001  0.000000e+000
      vertex  7.464914e-001  7.486695e-001  0.000000e+000
    endloop
  endfacet
  facet normal  3.319665e-001  6.210811e-001  7.099696e-001
    outer loop
      vertex  7.420641e-001  7.421052e-001  7.812500e-003
      vertex  7.464914e-001  7.486695e-001  0.000000e+000
      vertex  7.451264e-001  7.493991e-001  0.000000e+000
    endloop
  endfacet
  facet normal  2.045192e-001  6.742322e-001  7.096357e-001
    outer loop
      vertex  7.420641e-001  7.421052e-001  7.812500e-003
      vertex  7.451264e-001  7.493991e-001  0.000000e+000
      vertex  7.436454e-001  7.498483e-001  0.000000e+000
    endloop
  endfacet
  facet normal  6.909432e-002  7.015314e-001  7.092812e-001
    outer loop
      vertex  7.420641e-001  7.421052e-001  7.812500e-003
      vertex  7.436454e-001  7.498483e-001  0.000000e+000
      vertex  7.421052e-001  7.500000e-001  0.000000e+000
    endloop
  endfacet
  facet normal -6.912998e-002  7.018934e-001  7.089194e-001
    outer loop
      vertex  7.420641e-001  7.421052e-001  7.812500e-003
      vertex  7.421052e-001  7.500000e-001  0.000000e+000
      vertex  7.405651e-001  7.498483e-001  0.000000e+000
    endloop
  endfacet
  facet normal -2.048319e-001  6.752633e-001  7.085643e-001
    outer loop
      vertex  7.420641e-001  7.421052e-001  7.812500e-003
      vertex  7.405651e-001  7.498483e-001  0.000000e+000
      vertex  7.390841e-001  7.493991e-001  0.000000e+000
    endloop
  endfacet
  facet normal -3.328029e-001  6.226187e-001  7.082289e-001
    outer loop
      vertex  7.420641e-001  7.421052e-001  7.812500e-003
      vertex  7.390841e-001  7.493991e-001  0.000000e+000
      vertex  7.377192e-001  7.486695e-001  0.000000e+000
    endloop
  endfacet
  facet normal -4.480659e-001  5.459647e-001  7.079262e-001
    outer loop
      vertex  7.420641e-001  7.421052e-001  7.812500e-003
      vertex  7.377192e-001  7.486695e-001  0.000000e+000
      vertex  7.365229e-001  7.476877e-001  0.000000e+000
    endloop
  endfacet
  facet normal -5.461642e-001  4.482296e-001  7.076685e-001
    outer loop
      vertex  7.420641e-001  7.421052e-001  7.812500e-003
      vertex  7.365229e-001  7.476877e-001  0.000000e+000
      vertex  7.355410e-001  7.464914e-001  0.000000e+000
    endloop
  endfacet
  facet normal -6.232994e-001  3.331521e-001  7.074656e-001
    outer loop
      vertex  7.420641e-001  7.421052e-001  7.812500e-003
      vertex  7.355410e-001  7.464914e-001  0.000000e+000
      vertex  7.348115e-001  7.451264e-001  0.000000e+000
    endloop
  endfacet
  facet normal -6.764517e-001  2.051924e-001  7.073253e-001
    outer loop
      vertex  7.420641e-001  7.421052e-001  7.812500e-003
      vertex  7.348115e-001  7.451264e-001  0.000000e+000
      vertex  7.343622e-001  7.436454e-001  0.000000e+000
    endloop
  endfacet
  facet normal -7.035555e-001  6.929369e-002  7.072539e-001
    outer loop
      vertex  7.420641e-001  7.421052e-001  7.812500e-003
      vertex  7.343622e-001  7.436454e-001  0.000000e+000
      vertex  7.342106e-001  7.421052e-001  0.000000e+000
    endloop
  endfacet
  facet normal -7.035555e-001 -6.929369e-002  7.072539e-001
    outer loop
      vertex  7.420641e-001  7.421052e-001  7.812500e-003
      vertex  7.342106e-001  7.421052e-001  0.000000e+000
      vertex  7.343622e-001  7.405651e-001  0.000000e+000
    endloop
  endfacet
  facet normal -6.764517e-001 -2.051924e-001  7.073253e-001
    outer loop
      vertex  7.420641e-001  7.421052e-001  7.812500e-003
      vertex  7.343622e-001  7.405651e-001  0.000000e+000
      vertex  7.348115e-001  7.390841e-001  0.000000e+000
    endloop
  endfacet
  facet normal -6.232939e-001 -3.331638e-001  7.074649e-001
    outer loop
      vertex  7.420641e-001  7.421052e-001  7.812500e-003
      vertex  7.348115e-001  7.390841e-001  0.000000e+000
      vertex  7.355410e-001  7.377192e-001  0.000000e+000
    endloop
  endfacet
  facet normal -5.461656e-001 -4.482307e-001  7.076669e-001
    outer loop
      vertex  7.420641e-001  7.421052e-001  7.812500e-003
      vertex  7.355410e-001  7.377192e-001  0.000000e+000
      vertex  7.365229e-001  7.365229e-001  0.000000e+000
    endloop
  endfacet
  facet normal -4.480672e-001 -5.459663e-001  7.079241e-001
    outer loop
      vertex  7.420641e-001  7.421052e-001  7.812500e-003
      vertex  7.365229e-001  7.365229e-001  0.000000e+000
      vertex  7.377192e-001  7.355410e-001  0.000000e+000
    endloop
  endfacet
  facet normal -3.328040e-001 -6.226208e-001  7.082267e-001
    outer loop
      vertex  7.420641e-001  7.421052e-001  7.812500e-003
      vertex  7.377192e-001  7.355410e-001  0.000000e+000
      vertex  7.390841e-001  7.348115e-001  0.000000e+000
    endloop
  endfacet
  facet normal -2.048327e-001 -6.752657e-001  7.085618e-001
    outer loop
      vertex  7.420641e-001  7.421052e-001  7.812500e-003
      vertex  7.390841e-001  7.348115e-001  0.000000e+000
      vertex  7.405651e-001  7.343622e-001  0.000000e+000
    endloop
  endfacet
  facet normal -6.913025e-002 -7.018961e-001  7.089168e-001
    outer loop
      vertex  7.420641e-001  7.421052e-001  7.812500e-003
      vertex  7.405651e-001  7.343622e-001  0.000000e+000
      vertex  7.421052e-001  7.342106e-001  0.000000e+000
    endloop
  endfacet
  facet normal  6.909458e-002 -7.015340e-001  7.092785e-001
    outer loop
      vertex  7.420641e-001  7.421052e-001  7.812500e-003
      vertex  7.421052e-001  7.342106e-001  0.000000e+000
      vertex  7.436454e-001  7.343622e-001  0.000000e+000
    endloop
  endfacet
  facet normal  2.045199e-001 -6.742346e-001  7.096332e-001
    outer loop
      vertex  7.420641e-001  7.421052e-001  7.812500e-003
      vertex  7.436454e-001  7.343622e-001  0.000000e+000
      vertex  7.451264e-001  7.348115e-001  0.000000e+000
    endloop
  endfacet
  facet normal  3.319676e-001 -6.210831e-001  7.099672e-001
    outer loop
      vertex  7.420641e-001  7.421052e-001  7.812500e-003
      vertex  7.451264e-001  7.348115e-001  0.000000e+000
      vertex  7.464914e-001  7.355410e-001  0.000000e+000
    endloop
  endfacet
  facet normal  4.465723e-001 -5.441447e-001  7.102674e-001
    outer loop
      vertex  7.420641e-001  7.421052e-001  7.812500e-003
      vertex  7.464914e-001  7.355410e-001  0.000000e+000
      vertex  7.476877e-001  7.365229e-001  0.000000e+000
    endloop
  endfacet
  facet normal  5.439460e-001 -4.464091e-001  7.105221e-001
    outer loop
      vertex  7.420641e-001  7.421052e-001  7.812500e-003
      vertex  7.476877e-001  7.365229e-001  0.000000e+000
      vertex  7.486695e-001  7.377192e-001  0.000000e+000
    endloop
  endfacet
  facet normal  6.204048e-001 -3.316195e-001  7.107224e-001
    outer loop
      vertex  7.420641e-001  7.421052e-001  7.812500e-003
      vertex  7.486695e-001  7.377192e-001  0.000000e+000
      vertex  7.493991e-001  7.390841e-001  0.000000e+000
    endloop
  endfacet
  facet normal  6.730502e-001 -2.041606e-001  7.108600e-001
    outer loop
      vertex  7.420641e-001  7.421052e-001  7.812500e-003
      vertex  7.493991e-001  7.390841e-001  0.000000e+000
      vertex  7.498483e-001  7.405651e-001  0.000000e+000
    endloop
  endfacet
  facet normal  6.998767e-001 -6.893136e-002  7.109298e-001
    outer loop
      vertex  7.420641e-001  7.421052e-001  7.812500e-003
      vertex  7.498483e-001  7.405651e-001  0.000000e+000
      vertex  7.500000e-001  7.421052e-001  0.000000e+000
    endloop
  endfacet
endsolid CATIA STL
