solid CATIA STL
  facet normal  0.000000e+000 -9.999999e-001  0.000000e+000
    outer loop
      vertex  7.812500e-002 -7.500000e-001  1.562500e-002
      vertex  9.567554e-019 -7.500000e-001  1.562500e-002
      vertex  3.002300e-004 -7.500000e-001  1.257671e-002
    endloop
  endfacet
  facet normal  0.000000e+000 -1.000000e+000  0.000000e+000
    outer loop
      vertex  7.812500e-002 -7.500000e-001  1.562500e-002
      vertex  3.002300e-004 -7.500000e-001  1.257671e-002
      vertex  1.189382e-003 -7.500000e-001  9.645571e-003
    endloop
  endfacet
  facet normal  0.000000e+000 -1.000000e+000  0.000000e+000
    outer loop
      vertex  7.812500e-002 -7.500000e-001  1.562500e-002
      vertex  1.189382e-003 -7.500000e-001  9.645571e-003
      vertex  2.633287e-003 -7.500000e-001  6.944215e-003
    endloop
  endfacet
  facet normal  0.000000e+000 -9.999999e-001  0.000000e+000
    outer loop
      vertex  7.812500e-002 -7.500000e-001  1.562500e-002
      vertex  2.633287e-003 -7.500000e-001  6.944215e-003
      vertex  4.576457e-003 -7.500000e-001  4.576457e-003
    endloop
  endfacet
  facet normal  0.000000e+000 -1.000000e+000  0.000000e+000
    outer loop
      vertex  7.812500e-002 -7.500000e-001  1.562500e-002
      vertex  4.576457e-003 -7.500000e-001  4.576457e-003
      vertex  6.944215e-003 -7.500000e-001  2.633287e-003
    endloop
  endfacet
  facet normal  0.000000e+000 -1.000000e+000  0.000000e+000
    outer loop
      vertex  7.812500e-002 -7.500000e-001  1.562500e-002
      vertex  6.944215e-003 -7.500000e-001  2.633287e-003
      vertex  9.645571e-003 -7.500000e-001  1.189382e-003
    endloop
  endfacet
  facet normal  0.000000e+000 -1.000000e+000  0.000000e+000
    outer loop
      vertex  7.812500e-002 -7.500000e-001  1.562500e-002
      vertex  9.645571e-003 -7.500000e-001  1.189382e-003
      vertex  1.257671e-002 -7.500000e-001  3.002300e-004
    endloop
  endfacet
  facet normal  0.000000e+000 -1.000000e+000  0.000000e+000
    outer loop
      vertex  7.812500e-002 -7.500000e-001  1.562500e-002
      vertex  1.257671e-002 -7.500000e-001  3.002300e-004
      vertex  1.562500e-002 -7.500000e-001 -9.567554e-019
    endloop
  endfacet
  facet normal  0.000000e+000 -1.000000e+000  0.000000e+000
    outer loop
      vertex  7.812500e-002 -7.500000e-001  1.562500e-002
      vertex  1.562500e-002 -7.500000e-001 -9.567554e-019
      vertex  7.812500e-002 -7.500000e-001 -4.783777e-018
    endloop
  endfacet
  facet normal  0.000000e+000  1.000000e+000  -0.000000e+000
    outer loop
      vertex  7.812500e-002  0.000000e+000  1.562500e-002
      vertex  7.812500e-002  0.000000e+000 -4.783777e-018
      vertex  1.562500e-002  0.000000e+000 -9.567554e-019
    endloop
  endfacet
  facet normal  0.000000e+000  1.000000e+000  -0.000000e+000
    outer loop
      vertex  7.812500e-002  0.000000e+000  1.562500e-002
      vertex  1.562500e-002  0.000000e+000 -9.567554e-019
      vertex  1.257671e-002  0.000000e+000  3.002300e-004
    endloop
  endfacet
  facet normal  0.000000e+000  1.000000e+000  -0.000000e+000
    outer loop
      vertex  7.812500e-002  0.000000e+000  1.562500e-002
      vertex  1.257671e-002  0.000000e+000  3.002300e-004
      vertex  9.645571e-003  0.000000e+000  1.189382e-003
    endloop
  endfacet
  facet normal  0.000000e+000  1.000000e+000  -0.000000e+000
    outer loop
      vertex  7.812500e-002  0.000000e+000  1.562500e-002
      vertex  9.645571e-003  0.000000e+000  1.189382e-003
      vertex  6.944215e-003  0.000000e+000  2.633287e-003
    endloop
  endfacet
  facet normal  0.000000e+000  1.000000e+000  -0.000000e+000
    outer loop
      vertex  7.812500e-002  0.000000e+000  1.562500e-002
      vertex  6.944215e-003  0.000000e+000  2.633287e-003
      vertex  4.576457e-003  0.000000e+000  4.576457e-003
    endloop
  endfacet
  facet normal  0.000000e+000  9.999999e-001  -0.000000e+000
    outer loop
      vertex  7.812500e-002  0.000000e+000  1.562500e-002
      vertex  4.576457e-003  0.000000e+000  4.576457e-003
      vertex  2.633287e-003  0.000000e+000  6.944215e-003
    endloop
  endfacet
  facet normal  0.000000e+000  1.000000e+000  -0.000000e+000
    outer loop
      vertex  7.812500e-002  0.000000e+000  1.562500e-002
      vertex  2.633287e-003  0.000000e+000  6.944215e-003
      vertex  1.189382e-003  0.000000e+000  9.645571e-003
    endloop
  endfacet
  facet normal  0.000000e+000  1.000000e+000  -0.000000e+000
    outer loop
      vertex  7.812500e-002  0.000000e+000  1.562500e-002
      vertex  1.189382e-003  0.000000e+000  9.645571e-003
      vertex  3.002300e-004  0.000000e+000  1.257671e-002
    endloop
  endfacet
  facet normal  0.000000e+000  9.999999e-001  -0.000000e+000
    outer loop
      vertex  7.812500e-002  0.000000e+000  1.562500e-002
      vertex  3.002300e-004  0.000000e+000  1.257671e-002
      vertex  0.000000e+000  0.000000e+000  1.562500e-002
    endloop
  endfacet
  facet normal -6.123234e-017  0.000000e+000 -1.000000e+000
    outer loop
      vertex  1.562500e-002  0.000000e+000 -9.567554e-019
      vertex  7.812500e-002  0.000000e+000 -4.783777e-018
      vertex  1.562500e-002 -7.500000e-001 -9.567554e-019
    endloop
  endfacet
  facet normal -6.123234e-017  0.000000e+000 -1.000000e+000
    outer loop
      vertex  1.562500e-002 -7.500000e-001 -9.567554e-019
      vertex  7.812500e-002  0.000000e+000 -4.783777e-018
      vertex  7.812500e-002 -7.500000e-001 -4.783777e-018
    endloop
  endfacet
  facet normal  -0.000000e+000  0.000000e+000  1.000000e+000
    outer loop
      vertex  7.812500e-002  0.000000e+000  1.562500e-002
      vertex  0.000000e+000  0.000000e+000  1.562500e-002
      vertex  7.812500e-002 -7.500000e-001  1.562500e-002
    endloop
  endfacet
  facet normal  0.000000e+000  0.000000e+000  1.000000e+000
    outer loop
      vertex  7.812500e-002 -7.500000e-001  1.562500e-002
      vertex  0.000000e+000  0.000000e+000  1.562500e-002
      vertex  9.567554e-019 -7.500000e-001  1.562500e-002
    endloop
  endfacet
  facet normal -9.801715e-002  0.000000e+000 -9.951847e-001
    outer loop
      vertex  1.562500e-002  0.000000e+000 -9.567554e-019
      vertex  1.562500e-002 -7.500000e-001 -9.567554e-019
      vertex  1.257671e-002  0.000000e+000  3.002300e-004
    endloop
  endfacet
  facet normal -9.801715e-002  -0.000000e+000 -9.951847e-001
    outer loop
      vertex  1.257671e-002  0.000000e+000  3.002300e-004
      vertex  1.562500e-002 -7.500000e-001 -9.567554e-019
      vertex  1.257671e-002 -7.500000e-001  3.002300e-004
    endloop
  endfacet
  facet normal -2.902846e-001  0.000000e+000 -9.569404e-001
    outer loop
      vertex  1.257671e-002  0.000000e+000  3.002300e-004
      vertex  1.257671e-002 -7.500000e-001  3.002300e-004
      vertex  9.645571e-003  0.000000e+000  1.189382e-003
    endloop
  endfacet
  facet normal -2.902846e-001  -0.000000e+000 -9.569404e-001
    outer loop
      vertex  9.645571e-003  0.000000e+000  1.189382e-003
      vertex  1.257671e-002 -7.500000e-001  3.002300e-004
      vertex  9.645571e-003 -7.500000e-001  1.189382e-003
    endloop
  endfacet
  facet normal -4.713968e-001  0.000000e+000 -8.819212e-001
    outer loop
      vertex  9.645571e-003  0.000000e+000  1.189382e-003
      vertex  9.645571e-003 -7.500000e-001  1.189382e-003
      vertex  6.944215e-003  0.000000e+000  2.633287e-003
    endloop
  endfacet
  facet normal -4.713968e-001  -0.000000e+000 -8.819212e-001
    outer loop
      vertex  6.944215e-003  0.000000e+000  2.633287e-003
      vertex  9.645571e-003 -7.500000e-001  1.189382e-003
      vertex  6.944215e-003 -7.500000e-001  2.633287e-003
    endloop
  endfacet
  facet normal -6.343934e-001  0.000000e+000 -7.730104e-001
    outer loop
      vertex  6.944215e-003  0.000000e+000  2.633287e-003
      vertex  6.944215e-003 -7.500000e-001  2.633287e-003
      vertex  4.576457e-003  0.000000e+000  4.576457e-003
    endloop
  endfacet
  facet normal -6.343934e-001  -0.000000e+000 -7.730104e-001
    outer loop
      vertex  4.576457e-003  0.000000e+000  4.576457e-003
      vertex  6.944215e-003 -7.500000e-001  2.633287e-003
      vertex  4.576457e-003 -7.500000e-001  4.576457e-003
    endloop
  endfacet
  facet normal -7.730104e-001  0.000000e+000 -6.343934e-001
    outer loop
      vertex  4.576457e-003  0.000000e+000  4.576457e-003
      vertex  4.576457e-003 -7.500000e-001  4.576457e-003
      vertex  2.633287e-003  0.000000e+000  6.944215e-003
    endloop
  endfacet
  facet normal -7.730104e-001  -0.000000e+000 -6.343934e-001
    outer loop
      vertex  2.633287e-003  0.000000e+000  6.944215e-003
      vertex  4.576457e-003 -7.500000e-001  4.576457e-003
      vertex  2.633287e-003 -7.500000e-001  6.944215e-003
    endloop
  endfacet
  facet normal -8.819212e-001  0.000000e+000 -4.713968e-001
    outer loop
      vertex  2.633287e-003  0.000000e+000  6.944215e-003
      vertex  2.633287e-003 -7.500000e-001  6.944215e-003
      vertex  1.189382e-003  0.000000e+000  9.645571e-003
    endloop
  endfacet
  facet normal -8.819212e-001  -0.000000e+000 -4.713968e-001
    outer loop
      vertex  1.189382e-003  0.000000e+000  9.645571e-003
      vertex  2.633287e-003 -7.500000e-001  6.944215e-003
      vertex  1.189382e-003 -7.500000e-001  9.645571e-003
    endloop
  endfacet
  facet normal -9.569404e-001  0.000000e+000 -2.902846e-001
    outer loop
      vertex  1.189382e-003  0.000000e+000  9.645571e-003
      vertex  1.189382e-003 -7.500000e-001  9.645571e-003
      vertex  3.002300e-004  0.000000e+000  1.257671e-002
    endloop
  endfacet
  facet normal -9.569404e-001  -0.000000e+000 -2.902846e-001
    outer loop
      vertex  3.002300e-004  0.000000e+000  1.257671e-002
      vertex  1.189382e-003 -7.500000e-001  9.645571e-003
      vertex  3.002300e-004 -7.500000e-001  1.257671e-002
    endloop
  endfacet
  facet normal -9.951847e-001  0.000000e+000 -9.801715e-002
    outer loop
      vertex  3.002300e-004  0.000000e+000  1.257671e-002
      vertex  3.002300e-004 -7.500000e-001  1.257671e-002
      vertex  0.000000e+000  0.000000e+000  1.562500e-002
    endloop
  endfacet
  facet normal -9.951847e-001 -1.269531e-018 -9.801715e-002
    outer loop
      vertex  0.000000e+000  0.000000e+000  1.562500e-002
      vertex  3.002300e-004 -7.500000e-001  1.257671e-002
      vertex  9.567554e-019 -7.500000e-001  1.562500e-002
    endloop
  endfacet
  facet normal  1.000000e+000  0.000000e+000  0.000000e+000
    outer loop
      vertex  7.812500e-002  0.000000e+000 -4.783777e-018
      vertex  7.812500e-002  0.000000e+000  1.562500e-002
      vertex  7.812500e-002 -7.500000e-001 -4.783777e-018
    endloop
  endfacet
  facet normal  1.000000e+000  0.000000e+000  0.000000e+000
    outer loop
      vertex  7.812500e-002 -7.500000e-001 -4.783777e-018
      vertex  7.812500e-002  0.000000e+000  1.562500e-002
      vertex  7.812500e-002 -7.500000e-001  1.562500e-002
    endloop
  endfacet
endsolid CATIA STL
