solid CATIA STL
  facet normal  -0.000000e+000  0.000000e+000  1.000000e+000
    outer loop
      vertex  5.468750e-002  5.468750e-002  5.468750e-002
      vertex -5.468750e-002  5.468750e-002  5.468750e-002
      vertex -5.258589e-002  3.334950e-002  5.468750e-002
    endloop
  endfacet
  facet normal  -0.000000e+000  0.000000e+000  1.000000e+000
    outer loop
      vertex  5.468750e-002  5.468750e-002  5.468750e-002
      vertex -5.258589e-002  3.334950e-002  5.468750e-002
      vertex -4.636182e-002  1.283150e-002  5.468750e-002
    endloop
  endfacet
  facet normal  -0.000000e+000  0.000000e+000  1.000000e+000
    outer loop
      vertex  5.468750e-002  5.468750e-002  5.468750e-002
      vertex -4.636182e-002  1.283150e-002  5.468750e-002
      vertex -3.625449e-002 -6.077994e-003  5.468750e-002
    endloop
  endfacet
  facet normal  -0.000000e+000  0.000000e+000  1.000000e+000
    outer loop
      vertex  5.468750e-002  5.468750e-002  5.468750e-002
      vertex -3.625449e-002 -6.077994e-003  5.468750e-002
      vertex -2.265230e-002 -2.265230e-002  5.468750e-002
    endloop
  endfacet
  facet normal  -0.000000e+000  0.000000e+000  1.000000e+000
    outer loop
      vertex  5.468750e-002  5.468750e-002  5.468750e-002
      vertex -2.265230e-002 -2.265230e-002  5.468750e-002
      vertex -6.077994e-003 -3.625449e-002  5.468750e-002
    endloop
  endfacet
  facet normal  -0.000000e+000  0.000000e+000  1.000000e+000
    outer loop
      vertex  5.468750e-002  5.468750e-002  5.468750e-002
      vertex -6.077994e-003 -3.625449e-002  5.468750e-002
      vertex  1.283150e-002 -4.636182e-002  5.468750e-002
    endloop
  endfacet
  facet normal  -0.000000e+000  0.000000e+000  1.000000e+000
    outer loop
      vertex  5.468750e-002  5.468750e-002  5.468750e-002
      vertex  1.283150e-002 -4.636182e-002  5.468750e-002
      vertex  3.334950e-002 -5.258589e-002  5.468750e-002
    endloop
  endfacet
  facet normal  -0.000000e+000  0.000000e+000  1.000000e+000
    outer loop
      vertex  5.468750e-002  5.468750e-002  5.468750e-002
      vertex  3.334950e-002 -5.258589e-002  5.468750e-002
      vertex  5.468750e-002 -5.468750e-002  5.468750e-002
    endloop
  endfacet
  facet normal  0.000000e+000  0.000000e+000 -1.000000e+000
    outer loop
      vertex  5.468750e-002  5.468750e-002 -5.468750e-002
      vertex  5.468750e-002 -5.468750e-002 -5.468750e-002
      vertex  3.334950e-002 -5.258589e-002 -5.468750e-002
    endloop
  endfacet
  facet normal  0.000000e+000  0.000000e+000 -1.000000e+000
    outer loop
      vertex  5.468750e-002  5.468750e-002 -5.468750e-002
      vertex  3.334950e-002 -5.258589e-002 -5.468750e-002
      vertex  1.283150e-002 -4.636182e-002 -5.468750e-002
    endloop
  endfacet
  facet normal  0.000000e+000  0.000000e+000 -1.000000e+000
    outer loop
      vertex  5.468750e-002  5.468750e-002 -5.468750e-002
      vertex  1.283150e-002 -4.636182e-002 -5.468750e-002
      vertex -6.077994e-003 -3.625449e-002 -5.468750e-002
    endloop
  endfacet
  facet normal  0.000000e+000  0.000000e+000 -1.000000e+000
    outer loop
      vertex  5.468750e-002  5.468750e-002 -5.468750e-002
      vertex -6.077994e-003 -3.625449e-002 -5.468750e-002
      vertex -2.265230e-002 -2.265230e-002 -5.468750e-002
    endloop
  endfacet
  facet normal  0.000000e+000  0.000000e+000 -1.000000e+000
    outer loop
      vertex  5.468750e-002  5.468750e-002 -5.468750e-002
      vertex -2.265230e-002 -2.265230e-002 -5.468750e-002
      vertex -3.625449e-002 -6.077994e-003 -5.468750e-002
    endloop
  endfacet
  facet normal  0.000000e+000  0.000000e+000 -1.000000e+000
    outer loop
      vertex  5.468750e-002  5.468750e-002 -5.468750e-002
      vertex -3.625449e-002 -6.077994e-003 -5.468750e-002
      vertex -4.636182e-002  1.283150e-002 -5.468750e-002
    endloop
  endfacet
  facet normal  0.000000e+000  0.000000e+000 -1.000000e+000
    outer loop
      vertex  5.468750e-002  5.468750e-002 -5.468750e-002
      vertex -4.636182e-002  1.283150e-002 -5.468750e-002
      vertex -5.258589e-002  3.334950e-002 -5.468750e-002
    endloop
  endfacet
  facet normal  0.000000e+000  0.000000e+000 -1.000000e+000
    outer loop
      vertex  5.468750e-002  5.468750e-002 -5.468750e-002
      vertex -5.258589e-002  3.334950e-002 -5.468750e-002
      vertex -5.468750e-002  5.468750e-002 -5.468750e-002
    endloop
  endfacet
  facet normal  0.000000e+000  1.000000e+000  0.000000e+000
    outer loop
      vertex  5.468750e-002  5.468750e-002 -5.468750e-002
      vertex -5.468750e-002  5.468750e-002 -5.468750e-002
      vertex  5.468750e-002  5.468750e-002  5.468750e-002
    endloop
  endfacet
  facet normal  0.000000e+000  1.000000e+000  0.000000e+000
    outer loop
      vertex  5.468750e-002  5.468750e-002  5.468750e-002
      vertex -5.468750e-002  5.468750e-002 -5.468750e-002
      vertex -5.468750e-002  5.468750e-002  5.468750e-002
    endloop
  endfacet
  facet normal  1.000000e+000  0.000000e+000  0.000000e+000
    outer loop
      vertex  5.468750e-002 -5.468750e-002 -5.468750e-002
      vertex  5.468750e-002  5.468750e-002 -5.468750e-002
      vertex  5.468750e-002 -5.468750e-002  5.468750e-002
    endloop
  endfacet
  facet normal  1.000000e+000  -0.000000e+000  0.000000e+000
    outer loop
      vertex  5.468750e-002 -5.468750e-002  5.468750e-002
      vertex  5.468750e-002  5.468750e-002 -5.468750e-002
      vertex  5.468750e-002  5.468750e-002  5.468750e-002
    endloop
  endfacet
  facet normal -9.801719e-002 -9.951847e-001  -0.000000e+000
    outer loop
      vertex  5.468750e-002 -5.468750e-002 -5.468750e-002
      vertex  5.468750e-002 -5.468750e-002  5.468750e-002
      vertex  3.334950e-002 -5.258589e-002 -5.468750e-002
    endloop
  endfacet
  facet normal -9.801719e-002 -9.951847e-001  0.000000e+000
    outer loop
      vertex  3.334950e-002 -5.258589e-002 -5.468750e-002
      vertex  5.468750e-002 -5.468750e-002  5.468750e-002
      vertex  3.334950e-002 -5.258589e-002  5.468750e-002
    endloop
  endfacet
  facet normal -2.902847e-001 -9.569404e-001  -0.000000e+000
    outer loop
      vertex  3.334950e-002 -5.258589e-002 -5.468750e-002
      vertex  3.334950e-002 -5.258589e-002  5.468750e-002
      vertex  1.283150e-002 -4.636182e-002 -5.468750e-002
    endloop
  endfacet
  facet normal -2.902847e-001 -9.569404e-001  0.000000e+000
    outer loop
      vertex  1.283150e-002 -4.636182e-002 -5.468750e-002
      vertex  3.334950e-002 -5.258589e-002  5.468750e-002
      vertex  1.283150e-002 -4.636182e-002  5.468750e-002
    endloop
  endfacet
  facet normal -4.713967e-001 -8.819212e-001  -0.000000e+000
    outer loop
      vertex  1.283150e-002 -4.636182e-002 -5.468750e-002
      vertex  1.283150e-002 -4.636182e-002  5.468750e-002
      vertex -6.077994e-003 -3.625449e-002 -5.468750e-002
    endloop
  endfacet
  facet normal -4.713967e-001 -8.819212e-001  0.000000e+000
    outer loop
      vertex -6.077994e-003 -3.625449e-002 -5.468750e-002
      vertex  1.283150e-002 -4.636182e-002  5.468750e-002
      vertex -6.077994e-003 -3.625449e-002  5.468750e-002
    endloop
  endfacet
  facet normal -6.343932e-001 -7.730104e-001  -0.000000e+000
    outer loop
      vertex -6.077994e-003 -3.625449e-002 -5.468750e-002
      vertex -6.077994e-003 -3.625449e-002  5.468750e-002
      vertex -2.265230e-002 -2.265230e-002 -5.468750e-002
    endloop
  endfacet
  facet normal -6.343932e-001 -7.730104e-001  0.000000e+000
    outer loop
      vertex -2.265230e-002 -2.265230e-002 -5.468750e-002
      vertex -6.077994e-003 -3.625449e-002  5.468750e-002
      vertex -2.265230e-002 -2.265230e-002  5.468750e-002
    endloop
  endfacet
  facet normal -7.730104e-001 -6.343932e-001  -0.000000e+000
    outer loop
      vertex -2.265230e-002 -2.265230e-002 -5.468750e-002
      vertex -2.265230e-002 -2.265230e-002  5.468750e-002
      vertex -3.625449e-002 -6.077994e-003 -5.468750e-002
    endloop
  endfacet
  facet normal -7.730104e-001 -6.343932e-001  0.000000e+000
    outer loop
      vertex -3.625449e-002 -6.077994e-003 -5.468750e-002
      vertex -2.265230e-002 -2.265230e-002  5.468750e-002
      vertex -3.625449e-002 -6.077994e-003  5.468750e-002
    endloop
  endfacet
  facet normal -8.819212e-001 -4.713967e-001  -0.000000e+000
    outer loop
      vertex -3.625449e-002 -6.077994e-003 -5.468750e-002
      vertex -3.625449e-002 -6.077994e-003  5.468750e-002
      vertex -4.636182e-002  1.283150e-002 -5.468750e-002
    endloop
  endfacet
  facet normal -8.819212e-001 -4.713967e-001  0.000000e+000
    outer loop
      vertex -4.636182e-002  1.283150e-002 -5.468750e-002
      vertex -3.625449e-002 -6.077994e-003  5.468750e-002
      vertex -4.636182e-002  1.283150e-002  5.468750e-002
    endloop
  endfacet
  facet normal -9.569404e-001 -2.902847e-001  -0.000000e+000
    outer loop
      vertex -4.636182e-002  1.283150e-002 -5.468750e-002
      vertex -4.636182e-002  1.283150e-002  5.468750e-002
      vertex -5.258589e-002  3.334950e-002 -5.468750e-002
    endloop
  endfacet
  facet normal -9.569404e-001 -2.902847e-001  0.000000e+000
    outer loop
      vertex -5.258589e-002  3.334950e-002 -5.468750e-002
      vertex -4.636182e-002  1.283150e-002  5.468750e-002
      vertex -5.258589e-002  3.334950e-002  5.468750e-002
    endloop
  endfacet
  facet normal -9.951847e-001 -9.801719e-002  -0.000000e+000
    outer loop
      vertex -5.258589e-002  3.334950e-002 -5.468750e-002
      vertex -5.258589e-002  3.334950e-002  5.468750e-002
      vertex -5.468750e-002  5.468750e-002 -5.468750e-002
    endloop
  endfacet
  facet normal -9.951847e-001 -9.801719e-002  0.000000e+000
    outer loop
      vertex -5.468750e-002  5.468750e-002 -5.468750e-002
      vertex -5.258589e-002  3.334950e-002  5.468750e-002
      vertex -5.468750e-002  5.468750e-002  5.468750e-002
    endloop
  endfacet
endsolid CATIA STL
