solid CATIA STL
  facet normal  1.110223e-016 -1.000000e+000  0.000000e+000
    outer loop
      vertex -5.625000e-001  4.248847e-034  6.250000e-002
      vertex  5.625000e-001  1.249001e-016  6.250000e-002
      vertex -5.625000e-001  5.071782e-033  7.460526e-001
    endloop
  endfacet
  facet normal  1.110223e-016 -1.000000e+000  0.000000e+000
    outer loop
      vertex -5.625000e-001  5.071782e-033  7.460526e-001
      vertex  5.625000e-001  1.249001e-016  6.250000e-002
      vertex  5.625000e-001  1.249001e-016  7.460526e-001
    endloop
  endfacet
  facet normal -9.999999e-001  0.000000e+000  0.000000e+000
    outer loop
      vertex -5.625000e-001  5.071782e-033  7.460526e-001
      vertex -5.625000e-001  1.200920e-003  5.030686e-002
      vertex -5.625000e-001  4.248847e-034  6.250000e-002
    endloop
  endfacet
  facet normal -1.000000e+000  0.000000e+000  0.000000e+000
    outer loop
      vertex -5.625000e-001  6.250000e-002  0.000000e+000
      vertex -5.625000e-001  5.030686e-002  1.200920e-003
      vertex -5.625000e-001  3.858228e-002  4.757529e-003
    endloop
  endfacet
  facet normal -1.000000e+000  0.000000e+000  0.000000e+000
    outer loop
      vertex -5.625000e-001  6.250000e-002  0.000000e+000
      vertex -5.625000e-001  3.858228e-002  4.757529e-003
      vertex -5.625000e-001  2.777686e-002  1.053315e-002
    endloop
  endfacet
  facet normal -1.000000e+000  0.000000e+000  0.000000e+000
    outer loop
      vertex -5.625000e-001  6.250000e-002  0.000000e+000
      vertex -5.625000e-001  2.777686e-002  1.053315e-002
      vertex -5.625000e-001  1.830583e-002  1.830583e-002
    endloop
  endfacet
  facet normal -1.000000e+000  0.000000e+000  0.000000e+000
    outer loop
      vertex -5.625000e-001  6.250000e-002  0.000000e+000
      vertex -5.625000e-001  1.830583e-002  1.830583e-002
      vertex -5.625000e-001  1.053315e-002  2.777686e-002
    endloop
  endfacet
  facet normal -1.000000e+000  0.000000e+000  0.000000e+000
    outer loop
      vertex -5.625000e-001  6.250000e-002  0.000000e+000
      vertex -5.625000e-001  1.053315e-002  2.777686e-002
      vertex -5.625000e-001  4.757529e-003  3.858228e-002
    endloop
  endfacet
  facet normal -1.000000e+000  0.000000e+000  0.000000e+000
    outer loop
      vertex -5.625000e-001  6.250000e-002  0.000000e+000
      vertex -5.625000e-001  4.757529e-003  3.858228e-002
      vertex -5.625000e-001  1.200920e-003  5.030686e-002
    endloop
  endfacet
  facet normal -1.000000e+000  0.000000e+000  0.000000e+000
    outer loop
      vertex -5.625000e-001  6.250000e-002  0.000000e+000
      vertex -5.625000e-001  1.200920e-003  5.030686e-002
      vertex -5.625000e-001  5.071782e-033  7.460526e-001
    endloop
  endfacet
  facet normal -1.000000e+000  0.000000e+000  0.000000e+000
    outer loop
      vertex -5.625000e-001  6.250000e-002  0.000000e+000
      vertex -5.625000e-001  5.071782e-033  7.460526e-001
      vertex -5.625000e-001  7.500000e-001  7.460526e-001
    endloop
  endfacet
  facet normal -1.000000e+000  0.000000e+000  -0.000000e+000
    outer loop
      vertex -5.625000e-001  6.250000e-002  0.000000e+000
      vertex -5.625000e-001  7.500000e-001  7.460526e-001
      vertex -5.625000e-001  7.500000e-001  0.000000e+000
    endloop
  endfacet
  facet normal  1.000000e+000  0.000000e+000  -0.000000e+000
    outer loop
      vertex  5.625000e-001  6.250000e-002 -6.888638e-017
      vertex  5.625000e-001  7.500000e-001 -6.888638e-017
      vertex  5.625000e-001  7.500000e-001  7.460526e-001
    endloop
  endfacet
  facet normal  1.000000e+000  0.000000e+000  0.000000e+000
    outer loop
      vertex  5.625000e-001  6.250000e-002 -6.888638e-017
      vertex  5.625000e-001  7.500000e-001  7.460526e-001
      vertex  5.625000e-001  1.249001e-016  7.460526e-001
    endloop
  endfacet
  facet normal  9.999999e-001  0.000000e+000  0.000000e+000
    outer loop
      vertex  5.625000e-001  6.250000e-002 -6.888638e-017
      vertex  5.625000e-001  1.249001e-016  7.460526e-001
      vertex  5.625000e-001  1.249001e-016  6.250000e-002
    endloop
  endfacet
  facet normal  1.000000e+000  0.000000e+000  0.000000e+000
    outer loop
      vertex  5.625000e-001  6.250000e-002 -6.888638e-017
      vertex  5.625000e-001  1.249001e-016  6.250000e-002
      vertex  5.625000e-001  1.200920e-003  5.030686e-002
    endloop
  endfacet
  facet normal  1.000000e+000  0.000000e+000  0.000000e+000
    outer loop
      vertex  5.625000e-001  6.250000e-002 -6.888638e-017
      vertex  5.625000e-001  1.200920e-003  5.030686e-002
      vertex  5.625000e-001  4.757529e-003  3.858228e-002
    endloop
  endfacet
  facet normal  1.000000e+000  0.000000e+000  0.000000e+000
    outer loop
      vertex  5.625000e-001  6.250000e-002 -6.888638e-017
      vertex  5.625000e-001  4.757529e-003  3.858228e-002
      vertex  5.625000e-001  1.053315e-002  2.777686e-002
    endloop
  endfacet
  facet normal  1.000000e+000  0.000000e+000  0.000000e+000
    outer loop
      vertex  5.625000e-001  6.250000e-002 -6.888638e-017
      vertex  5.625000e-001  1.053315e-002  2.777686e-002
      vertex  5.625000e-001  1.830583e-002  1.830583e-002
    endloop
  endfacet
  facet normal  1.000000e+000  0.000000e+000  0.000000e+000
    outer loop
      vertex  5.625000e-001  6.250000e-002 -6.888638e-017
      vertex  5.625000e-001  1.830583e-002  1.830583e-002
      vertex  5.625000e-001  2.777686e-002  1.053315e-002
    endloop
  endfacet
  facet normal  1.000000e+000  0.000000e+000  0.000000e+000
    outer loop
      vertex  5.625000e-001  6.250000e-002 -6.888638e-017
      vertex  5.625000e-001  2.777686e-002  1.053315e-002
      vertex  5.625000e-001  3.858228e-002  4.757529e-003
    endloop
  endfacet
  facet normal  1.000000e+000  0.000000e+000  0.000000e+000
    outer loop
      vertex  5.625000e-001  6.250000e-002 -6.888638e-017
      vertex  5.625000e-001  3.858228e-002  4.757529e-003
      vertex  5.625000e-001  5.030686e-002  1.200920e-003
    endloop
  endfacet
  facet normal -6.123234e-017  0.000000e+000 -1.000000e+000
    outer loop
      vertex -5.625000e-001  7.500000e-001  0.000000e+000
      vertex  5.625000e-001  7.500000e-001 -6.888638e-017
      vertex -5.625000e-001  6.250000e-002  0.000000e+000
    endloop
  endfacet
  facet normal -6.123234e-017  0.000000e+000 -1.000000e+000
    outer loop
      vertex -5.625000e-001  6.250000e-002  0.000000e+000
      vertex  5.625000e-001  7.500000e-001 -6.888638e-017
      vertex  5.625000e-001  6.250000e-002 -6.888638e-017
    endloop
  endfacet
  facet normal -6.093750e-017 -9.801716e-002 -9.951848e-001
    outer loop
      vertex -5.625000e-001  6.250000e-002  0.000000e+000
      vertex  5.625000e-001  6.250000e-002 -6.888638e-017
      vertex -5.625000e-001  5.030686e-002  1.200920e-003
    endloop
  endfacet
  facet normal  0.000000e+000 -9.801716e-002 -9.951848e-001
    outer loop
      vertex -5.625000e-001  5.030686e-002  1.200920e-003
      vertex  5.625000e-001  6.250000e-002 -6.888638e-017
      vertex  5.625000e-001  5.030686e-002  1.200920e-003
    endloop
  endfacet
  facet normal  -0.000000e+000 -2.902846e-001 -9.569403e-001
    outer loop
      vertex -5.625000e-001  5.030686e-002  1.200920e-003
      vertex  5.625000e-001  5.030686e-002  1.200920e-003
      vertex -5.625000e-001  3.858228e-002  4.757529e-003
    endloop
  endfacet
  facet normal  0.000000e+000 -2.902846e-001 -9.569403e-001
    outer loop
      vertex -5.625000e-001  3.858228e-002  4.757529e-003
      vertex  5.625000e-001  5.030686e-002  1.200920e-003
      vertex  5.625000e-001  3.858228e-002  4.757529e-003
    endloop
  endfacet
  facet normal  -0.000000e+000 -4.713968e-001 -8.819213e-001
    outer loop
      vertex -5.625000e-001  3.858228e-002  4.757529e-003
      vertex  5.625000e-001  3.858228e-002  4.757529e-003
      vertex -5.625000e-001  2.777686e-002  1.053315e-002
    endloop
  endfacet
  facet normal  0.000000e+000 -4.713968e-001 -8.819213e-001
    outer loop
      vertex -5.625000e-001  2.777686e-002  1.053315e-002
      vertex  5.625000e-001  3.858228e-002  4.757529e-003
      vertex  5.625000e-001  2.777686e-002  1.053315e-002
    endloop
  endfacet
  facet normal  -0.000000e+000 -6.343934e-001 -7.730104e-001
    outer loop
      vertex -5.625000e-001  2.777686e-002  1.053315e-002
      vertex  5.625000e-001  2.777686e-002  1.053315e-002
      vertex -5.625000e-001  1.830583e-002  1.830583e-002
    endloop
  endfacet
  facet normal  0.000000e+000 -6.343934e-001 -7.730104e-001
    outer loop
      vertex -5.625000e-001  1.830583e-002  1.830583e-002
      vertex  5.625000e-001  2.777686e-002  1.053315e-002
      vertex  5.625000e-001  1.830583e-002  1.830583e-002
    endloop
  endfacet
  facet normal  -0.000000e+000 -7.730104e-001 -6.343934e-001
    outer loop
      vertex -5.625000e-001  1.830583e-002  1.830583e-002
      vertex  5.625000e-001  1.830583e-002  1.830583e-002
      vertex -5.625000e-001  1.053315e-002  2.777686e-002
    endloop
  endfacet
  facet normal  0.000000e+000 -7.730104e-001 -6.343934e-001
    outer loop
      vertex -5.625000e-001  1.053315e-002  2.777686e-002
      vertex  5.625000e-001  1.830583e-002  1.830583e-002
      vertex  5.625000e-001  1.053315e-002  2.777686e-002
    endloop
  endfacet
  facet normal  -0.000000e+000 -8.819213e-001 -4.713968e-001
    outer loop
      vertex -5.625000e-001  1.053315e-002  2.777686e-002
      vertex  5.625000e-001  1.053315e-002  2.777686e-002
      vertex -5.625000e-001  4.757529e-003  3.858228e-002
    endloop
  endfacet
  facet normal  0.000000e+000 -8.819213e-001 -4.713968e-001
    outer loop
      vertex -5.625000e-001  4.757529e-003  3.858228e-002
      vertex  5.625000e-001  1.053315e-002  2.777686e-002
      vertex  5.625000e-001  4.757529e-003  3.858228e-002
    endloop
  endfacet
  facet normal  -0.000000e+000 -9.569403e-001 -2.902846e-001
    outer loop
      vertex -5.625000e-001  4.757529e-003  3.858228e-002
      vertex  5.625000e-001  4.757529e-003  3.858228e-002
      vertex -5.625000e-001  1.200920e-003  5.030686e-002
    endloop
  endfacet
  facet normal  0.000000e+000 -9.569403e-001 -2.902846e-001
    outer loop
      vertex -5.625000e-001  1.200920e-003  5.030686e-002
      vertex  5.625000e-001  4.757529e-003  3.858228e-002
      vertex  5.625000e-001  1.200920e-003  5.030686e-002
    endloop
  endfacet
  facet normal  -0.000000e+000 -9.951848e-001 -9.801716e-002
    outer loop
      vertex -5.625000e-001  1.200920e-003  5.030686e-002
      vertex  5.625000e-001  1.200920e-003  5.030686e-002
      vertex -5.625000e-001  4.248847e-034  6.250000e-002
    endloop
  endfacet
  facet normal  1.104877e-016 -9.951848e-001 -9.801716e-002
    outer loop
      vertex -5.625000e-001  4.248847e-034  6.250000e-002
      vertex  5.625000e-001  1.200920e-003  5.030686e-002
      vertex  5.625000e-001  1.249001e-016  6.250000e-002
    endloop
  endfacet
  facet normal  0.000000e+000  9.999999e-001  0.000000e+000
    outer loop
      vertex -5.625000e-001  7.500000e-001  0.000000e+000
      vertex -5.625000e-001  7.500000e-001  7.460526e-001
      vertex  5.625000e-001  7.500000e-001 -6.888638e-017
    endloop
  endfacet
  facet normal  0.000000e+000  9.999999e-001  -0.000000e+000
    outer loop
      vertex  5.625000e-001  7.500000e-001 -6.888638e-017
      vertex -5.625000e-001  7.500000e-001  7.460526e-001
      vertex  5.625000e-001  7.500000e-001  7.460526e-001
    endloop
  endfacet
  facet normal  -0.000000e+000  0.000000e+000  1.000000e+000
    outer loop
      vertex  5.625000e-001  7.500000e-001  7.460526e-001
      vertex -5.625000e-001  7.500000e-001  7.460526e-001
      vertex  5.625000e-001  1.249001e-016  7.460526e-001
    endloop
  endfacet
  facet normal  0.000000e+000  0.000000e+000  1.000000e+000
    outer loop
      vertex  5.625000e-001  1.249001e-016  7.460526e-001
      vertex -5.625000e-001  7.500000e-001  7.460526e-001
      vertex -5.625000e-001  5.071782e-033  7.460526e-001
    endloop
  endfacet
endsolid CATIA STL
