solid CATIA STL
  facet normal  0.000000e+000 -7.071068e-001 -7.071068e-001
    outer loop
      vertex  7.500000e-001 -6.825658e-003 -7.812500e-003
      vertex  7.421875e-001 -6.825658e-003 -7.812500e-003
      vertex  7.500000e-001 -5.838816e-003 -8.799342e-003
    endloop
  endfacet
  facet normal  -0.000000e+000 -7.071068e-001 -7.071068e-001
    outer loop
      vertex  7.500000e-001 -5.838816e-003 -8.799342e-003
      vertex  7.421875e-001 -6.825658e-003 -7.812500e-003
      vertex  7.421875e-001 -5.838816e-003 -8.799342e-003
    endloop
  endfacet
  facet normal  0.000000e+000 -7.071068e-001 -7.071068e-001
    outer loop
      vertex  7.812500e-003 -6.825658e-003 -7.812500e-003
      vertex -1.116346e-035 -6.825658e-003 -7.812500e-003
      vertex  7.812500e-003 -5.838816e-003 -8.799342e-003
    endloop
  endfacet
  facet normal  -0.000000e+000 -7.071068e-001 -7.071068e-001
    outer loop
      vertex  7.812500e-003 -5.838816e-003 -8.799342e-003
      vertex -1.116346e-035 -6.825658e-003 -7.812500e-003
      vertex  6.077238e-020 -5.838816e-003 -8.799342e-003
    endloop
  endfacet
  facet normal  0.000000e+000 -7.071068e-001  7.071068e-001
    outer loop
      vertex  7.500000e-001  5.838816e-003 -8.799342e-003
      vertex  7.421875e-001  6.825658e-003 -7.812500e-003
      vertex  7.421875e-001  5.838816e-003 -8.799342e-003
    endloop
  endfacet
  facet normal  0.000000e+000  7.071068e-001  7.071068e-001
    outer loop
      vertex  7.421875e-001 -6.825658e-003 -7.812500e-003
      vertex  7.500000e-001 -5.838816e-003 -8.799342e-003
      vertex  7.421875e-001 -5.838816e-003 -8.799342e-003
    endloop
  endfacet
  facet normal -1.253200e-001  0.000000e+000 -9.921163e-001
    outer loop
      vertex  7.500000e-001 -5.838816e-003 -8.799342e-003
      vertex  7.421875e-001 -6.825658e-003 -7.812500e-003
      vertex  7.500000e-001  5.838816e-003 -8.799342e-003
    endloop
  endfacet
  facet normal -1.253200e-001  0.000000e+000 -9.921163e-001
    outer loop
      vertex  7.421875e-001  6.825658e-003 -7.812500e-003
      vertex  7.500000e-001  5.838816e-003 -8.799342e-003
      vertex  7.421875e-001 -6.825658e-003 -7.812500e-003
    endloop
  endfacet
  facet normal  1.253200e-001  0.000000e+000 -9.921163e-001
    outer loop
      vertex  6.077238e-020  5.838816e-003 -8.799342e-003
      vertex  7.812500e-003  6.825658e-003 -7.812500e-003
      vertex  7.812500e-003 -6.825658e-003 -7.812500e-003
    endloop
  endfacet
  facet normal  0.000000e+000 -7.071068e-001  7.071068e-001
    outer loop
      vertex  7.812500e-003  6.825658e-003 -7.812500e-003
      vertex  6.077238e-020  5.838816e-003 -8.799342e-003
      vertex  7.812500e-003  5.838816e-003 -8.799342e-003
    endloop
  endfacet
  facet normal  1.253200e-001  0.000000e+000 -9.921163e-001
    outer loop
      vertex  6.077238e-020  5.838816e-003 -8.799342e-003
      vertex  7.812500e-003 -6.825658e-003 -7.812500e-003
      vertex  6.077238e-020 -5.838816e-003 -8.799342e-003
    endloop
  endfacet
  facet normal  0.000000e+000  7.071068e-001  7.071068e-001
    outer loop
      vertex  6.077238e-020 -5.838816e-003 -8.799342e-003
      vertex  7.812500e-003 -6.825658e-003 -7.812500e-003
      vertex  7.812500e-003 -5.838816e-003 -8.799342e-003
    endloop
  endfacet
  facet normal  0.000000e+000  7.071068e-001 -7.071068e-001
    outer loop
      vertex  7.500000e-001  5.838816e-003 -8.799342e-003
      vertex  7.421875e-001  5.838816e-003 -8.799342e-003
      vertex  7.500000e-001  6.825658e-003 -7.812500e-003
    endloop
  endfacet
  facet normal  0.000000e+000  7.071068e-001 -7.071068e-001
    outer loop
      vertex  7.500000e-001  6.825658e-003 -7.812500e-003
      vertex  7.421875e-001  5.838816e-003 -8.799342e-003
      vertex  7.421875e-001  6.825658e-003 -7.812500e-003
    endloop
  endfacet
  facet normal  0.000000e+000  7.071068e-001 -7.071068e-001
    outer loop
      vertex  7.812500e-003  5.838816e-003 -8.799342e-003
      vertex  6.077238e-020  5.838816e-003 -8.799342e-003
      vertex  7.812500e-003  6.825658e-003 -7.812500e-003
    endloop
  endfacet
  facet normal  0.000000e+000  7.071068e-001 -7.071068e-001
    outer loop
      vertex  7.812500e-003  6.825658e-003 -7.812500e-003
      vertex  6.077238e-020  5.838816e-003 -8.799342e-003
      vertex  1.860568e-035  6.825658e-003 -7.812500e-003
    endloop
  endfacet
  facet normal  0.000000e+000  1.000000e+000  0.000000e+000
    outer loop
      vertex  7.421875e-001  6.825658e-003 -7.812500e-003
      vertex  7.421875e-001  6.825658e-003  3.865132e-003
      vertex  7.500000e-001  6.825658e-003 -7.812500e-003
    endloop
  endfacet
  facet normal  0.000000e+000  1.000000e+000  -0.000000e+000
    outer loop
      vertex  7.500000e-001  6.825658e-003 -7.812500e-003
      vertex  7.421875e-001  6.825658e-003  3.865132e-003
      vertex  7.500000e-001  6.825658e-003  3.865132e-003
    endloop
  endfacet
  facet normal  0.000000e+000  1.000000e+000  0.000000e+000
    outer loop
      vertex  1.860568e-035  6.825658e-003 -7.812500e-003
      vertex -7.191399e-019  6.825658e-003  3.865132e-003
      vertex  7.812500e-003  6.825658e-003 -7.812500e-003
    endloop
  endfacet
  facet normal  0.000000e+000  1.000000e+000  -0.000000e+000
    outer loop
      vertex  7.812500e-003  6.825658e-003 -7.812500e-003
      vertex -7.191399e-019  6.825658e-003  3.865132e-003
      vertex  7.812500e-003  6.825658e-003  3.865132e-003
    endloop
  endfacet
  facet normal  -0.000000e+000  7.071066e-001  7.071069e-001
    outer loop
      vertex  7.500000e-001  6.825658e-003  3.865132e-003
      vertex  7.421875e-001  6.825658e-003  3.865132e-003
      vertex  7.500000e-001  5.838816e-003  4.851974e-003
    endloop
  endfacet
  facet normal  0.000000e+000  7.071066e-001  7.071069e-001
    outer loop
      vertex  7.500000e-001  5.838816e-003  4.851974e-003
      vertex  7.421875e-001  6.825658e-003  3.865132e-003
      vertex  7.421875e-001  5.838816e-003  4.851974e-003
    endloop
  endfacet
  facet normal  -0.000000e+000  7.071066e-001  7.071069e-001
    outer loop
      vertex  7.812500e-003  6.825658e-003  3.865132e-003
      vertex -7.191399e-019  6.825658e-003  3.865132e-003
      vertex  7.812500e-003  5.838816e-003  4.851974e-003
    endloop
  endfacet
  facet normal  0.000000e+000  7.071066e-001  7.071069e-001
    outer loop
      vertex  7.812500e-003  5.838816e-003  4.851974e-003
      vertex -7.191399e-019  6.825658e-003  3.865132e-003
      vertex -6.077238e-020  5.838816e-003  4.851974e-003
    endloop
  endfacet
  facet normal -1.253200e-001  0.000000e+000  9.921164e-001
    outer loop
      vertex  7.500000e-001  5.838816e-003  4.851974e-003
      vertex  7.421875e-001  6.825658e-003  3.865132e-003
      vertex  7.421875e-001 -6.825658e-003  3.865132e-003
    endloop
  endfacet
  facet normal  -0.000000e+000 -7.071066e-001 -7.071069e-001
    outer loop
      vertex  7.421875e-001  6.825658e-003  3.865132e-003
      vertex  7.500000e-001  5.838816e-003  4.851974e-003
      vertex  7.421875e-001  5.838816e-003  4.851974e-003
    endloop
  endfacet
  facet normal -1.253199e-001  0.000000e+000  9.921164e-001
    outer loop
      vertex  7.500000e-001  5.838816e-003  4.851974e-003
      vertex  7.421875e-001 -6.825658e-003  3.865132e-003
      vertex  7.500000e-001 -5.838816e-003  4.851974e-003
    endloop
  endfacet
  facet normal  0.000000e+000  7.071066e-001 -7.071069e-001
    outer loop
      vertex  7.500000e-001 -5.838816e-003  4.851974e-003
      vertex  7.421875e-001 -6.825658e-003  3.865132e-003
      vertex  7.421875e-001 -5.838816e-003  4.851974e-003
    endloop
  endfacet
  facet normal  1.253200e-001  -0.000000e+000  9.921164e-001
    outer loop
      vertex -7.799123e-019 -5.838816e-003  4.851974e-003
      vertex  7.812500e-003 -6.825658e-003  3.865132e-003
      vertex  7.812500e-003  6.825658e-003  3.865132e-003
    endloop
  endfacet
  facet normal  0.000000e+000  7.071066e-001 -7.071069e-001
    outer loop
      vertex  7.812500e-003 -6.825658e-003  3.865132e-003
      vertex -7.799123e-019 -5.838816e-003  4.851974e-003
      vertex  7.812500e-003 -5.838816e-003  4.851974e-003
    endloop
  endfacet
  facet normal  1.253199e-001  0.000000e+000  9.921164e-001
    outer loop
      vertex -7.799123e-019 -5.838816e-003  4.851974e-003
      vertex  7.812500e-003  6.825658e-003  3.865132e-003
      vertex -6.077238e-020  5.838816e-003  4.851974e-003
    endloop
  endfacet
  facet normal  0.000000e+000 -7.071066e-001 -7.071069e-001
    outer loop
      vertex -6.077238e-020  5.838816e-003  4.851974e-003
      vertex  7.812500e-003  6.825658e-003  3.865132e-003
      vertex  7.812500e-003  5.838816e-003  4.851974e-003
    endloop
  endfacet
  facet normal  0.000000e+000 -7.071066e-001  7.071069e-001
    outer loop
      vertex  7.500000e-001 -5.838816e-003  4.851974e-003
      vertex  7.421875e-001 -5.838816e-003  4.851974e-003
      vertex  7.500000e-001 -6.825658e-003  3.865132e-003
    endloop
  endfacet
  facet normal  0.000000e+000 -7.071066e-001  7.071069e-001
    outer loop
      vertex  7.500000e-001 -6.825658e-003  3.865132e-003
      vertex  7.421875e-001 -5.838816e-003  4.851974e-003
      vertex  7.421875e-001 -6.825658e-003  3.865132e-003
    endloop
  endfacet
  facet normal  0.000000e+000 -7.071066e-001  7.071069e-001
    outer loop
      vertex  7.812500e-003 -5.838816e-003  4.851974e-003
      vertex -7.799123e-019 -5.838816e-003  4.851974e-003
      vertex  7.812500e-003 -6.825658e-003  3.865132e-003
    endloop
  endfacet
  facet normal  0.000000e+000 -7.071066e-001  7.071069e-001
    outer loop
      vertex  7.812500e-003 -6.825658e-003  3.865132e-003
      vertex -7.799123e-019 -5.838816e-003  4.851974e-003
      vertex -1.116346e-035 -6.825658e-003  3.865132e-003
    endloop
  endfacet
  facet normal  0.000000e+000 -1.000000e+000  0.000000e+000
    outer loop
      vertex  7.421875e-001 -6.825658e-003  3.865132e-003
      vertex  7.421875e-001 -6.825658e-003 -7.812500e-003
      vertex  7.500000e-001 -6.825658e-003  3.865132e-003
    endloop
  endfacet
  facet normal  0.000000e+000 -1.000000e+000  -0.000000e+000
    outer loop
      vertex  7.500000e-001 -6.825658e-003  3.865132e-003
      vertex  7.421875e-001 -6.825658e-003 -7.812500e-003
      vertex  7.500000e-001 -6.825658e-003 -7.812500e-003
    endloop
  endfacet
  facet normal  0.000000e+000 -1.000000e+000  0.000000e+000
    outer loop
      vertex -1.116346e-035 -6.825658e-003  3.865132e-003
      vertex -1.116346e-035 -6.825658e-003 -7.812500e-003
      vertex  7.812500e-003 -6.825658e-003  3.865132e-003
    endloop
  endfacet
  facet normal  0.000000e+000 -1.000000e+000  -0.000000e+000
    outer loop
      vertex  7.812500e-003 -6.825658e-003  3.865132e-003
      vertex -1.116346e-035 -6.825658e-003 -7.812500e-003
      vertex  7.812500e-003 -6.825658e-003 -7.812500e-003
    endloop
  endfacet
  facet normal  9.999999e-001  0.000000e+000  0.000000e+000
    outer loop
      vertex  7.812500e-003 -6.825658e-003 -7.812500e-003
      vertex  7.812500e-003  6.825658e-003 -7.812500e-003
      vertex  7.812500e-003 -6.825658e-003  3.865132e-003
    endloop
  endfacet
  facet normal  9.999999e-001  -0.000000e+000  0.000000e+000
    outer loop
      vertex  7.812500e-003 -6.825658e-003  3.865132e-003
      vertex  7.812500e-003  6.825658e-003 -7.812500e-003
      vertex  7.812500e-003  6.825658e-003  3.865132e-003
    endloop
  endfacet
  facet normal -9.999999e-001  0.000000e+000  0.000000e+000
    outer loop
      vertex  7.421875e-001 -6.825658e-003 -7.812500e-003
      vertex  7.421875e-001 -6.825658e-003  3.865132e-003
      vertex  7.421875e-001  6.825658e-003 -7.812500e-003
    endloop
  endfacet
  facet normal -9.999999e-001  0.000000e+000  0.000000e+000
    outer loop
      vertex  7.421875e-001  6.825658e-003 -7.812500e-003
      vertex  7.421875e-001 -6.825658e-003  3.865132e-003
      vertex  7.421875e-001  6.825658e-003  3.865132e-003
    endloop
  endfacet
  facet normal  9.999999e-001  0.000000e+000  0.000000e+000
    outer loop
      vertex  7.500000e-001 -6.825658e-003 -7.812500e-003
      vertex  7.500000e-001  6.825658e-003 -7.812500e-003
      vertex  7.500000e-001 -6.825658e-003  3.865132e-003
    endloop
  endfacet
  facet normal  9.999999e-001  -0.000000e+000  0.000000e+000
    outer loop
      vertex  7.500000e-001 -6.825658e-003  3.865132e-003
      vertex  7.500000e-001  6.825658e-003 -7.812500e-003
      vertex  7.500000e-001  6.825658e-003  3.865132e-003
    endloop
  endfacet
  facet normal -9.999999e-001  2.180679e-033  0.000000e+000
    outer loop
      vertex -1.116346e-035 -6.825658e-003 -7.812500e-003
      vertex -1.116346e-035 -6.825658e-003  3.865132e-003
      vertex  1.860568e-035  6.825658e-003 -7.812500e-003
    endloop
  endfacet
  facet normal -9.999999e-001 -5.267916e-017 -6.158268e-017
    outer loop
      vertex  1.860568e-035  6.825658e-003 -7.812500e-003
      vertex -1.116346e-035 -6.825658e-003  3.865132e-003
      vertex -7.191399e-019  6.825658e-003  3.865132e-003
    endloop
  endfacet
endsolid CATIA STL
