solid CATIA STL
  facet normal  -0.000000e+000  -0.000000e+000  1.000000e+000
    outer loop
      vertex -3.750000e-001 -3.046875e-001  7.500000e-001
      vertex -3.736490e-001 -3.184048e-001  7.500000e-001
      vertex -3.696478e-001 -3.315949e-001  7.500000e-001
    endloop
  endfacet
  facet normal  -0.000000e+000  -0.000000e+000  1.000000e+000
    outer loop
      vertex -3.750000e-001 -3.046875e-001  7.500000e-001
      vertex -3.696478e-001 -3.315949e-001  7.500000e-001
      vertex -3.631502e-001 -3.437510e-001  7.500000e-001
    endloop
  endfacet
  facet normal  -0.000000e+000  -0.000000e+000  9.999999e-001
    outer loop
      vertex -3.750000e-001 -3.046875e-001  7.500000e-001
      vertex -3.631502e-001 -3.437510e-001  7.500000e-001
      vertex -3.544059e-001 -3.544059e-001  7.500000e-001
    endloop
  endfacet
  facet normal  -0.000000e+000  -0.000000e+000  1.000000e+000
    outer loop
      vertex -3.750000e-001 -3.046875e-001  7.500000e-001
      vertex -3.544059e-001 -3.544059e-001  7.500000e-001
      vertex -3.437510e-001 -3.631502e-001  7.500000e-001
    endloop
  endfacet
  facet normal  -0.000000e+000  -0.000000e+000  1.000000e+000
    outer loop
      vertex -3.750000e-001 -3.046875e-001  7.500000e-001
      vertex -3.437510e-001 -3.631502e-001  7.500000e-001
      vertex -3.315949e-001 -3.696478e-001  7.500000e-001
    endloop
  endfacet
  facet normal  -0.000000e+000  -0.000000e+000  1.000000e+000
    outer loop
      vertex -3.750000e-001 -3.046875e-001  7.500000e-001
      vertex -3.315949e-001 -3.696478e-001  7.500000e-001
      vertex -3.184048e-001 -3.736490e-001  7.500000e-001
    endloop
  endfacet
  facet normal  -0.000000e+000  -0.000000e+000  1.000000e+000
    outer loop
      vertex -3.750000e-001 -3.046875e-001  7.500000e-001
      vertex -3.184048e-001 -3.736490e-001  7.500000e-001
      vertex -3.046875e-001 -3.750000e-001  7.500000e-001
    endloop
  endfacet
  facet normal  0.000000e+000  -0.000000e+000  1.000000e+000
    outer loop
      vertex -3.750000e-001 -3.046875e-001  7.500000e-001
      vertex -3.046875e-001 -3.750000e-001  7.500000e-001
      vertex  3.750000e-001 -3.750000e-001  7.500000e-001
    endloop
  endfacet
  facet normal  0.000000e+000  -0.000000e+000  1.000000e+000
    outer loop
      vertex -3.750000e-001 -3.046875e-001  7.500000e-001
      vertex  3.750000e-001 -3.750000e-001  7.500000e-001
      vertex  3.750000e-001  3.750000e-001  7.500000e-001
    endloop
  endfacet
  facet normal  0.000000e+000  0.000000e+000  1.000000e+000
    outer loop
      vertex -3.750000e-001 -3.046875e-001  7.500000e-001
      vertex  3.750000e-001  3.750000e-001  7.500000e-001
      vertex -3.750000e-001  3.750000e-001  7.500000e-001
    endloop
  endfacet
  facet normal  0.000000e+000  0.000000e+000 -1.000000e+000
    outer loop
      vertex -3.750000e-001 -3.046875e-001  0.000000e+000
      vertex -3.750000e-001  3.750000e-001  0.000000e+000
      vertex  3.750000e-001  3.750000e-001  0.000000e+000
    endloop
  endfacet
  facet normal  0.000000e+000  -0.000000e+000 -1.000000e+000
    outer loop
      vertex -3.750000e-001 -3.046875e-001  0.000000e+000
      vertex  3.750000e-001  3.750000e-001  0.000000e+000
      vertex  3.750000e-001 -3.750000e-001  0.000000e+000
    endloop
  endfacet
  facet normal  0.000000e+000  0.000000e+000 -1.000000e+000
    outer loop
      vertex -3.750000e-001 -3.046875e-001  0.000000e+000
      vertex  3.750000e-001 -3.750000e-001  0.000000e+000
      vertex -3.046875e-001 -3.750000e-001  0.000000e+000
    endloop
  endfacet
  facet normal  0.000000e+000  0.000000e+000 -1.000000e+000
    outer loop
      vertex -3.750000e-001 -3.046875e-001  0.000000e+000
      vertex -3.046875e-001 -3.750000e-001  0.000000e+000
      vertex -3.184048e-001 -3.736490e-001  0.000000e+000
    endloop
  endfacet
  facet normal  0.000000e+000  0.000000e+000 -1.000000e+000
    outer loop
      vertex -3.750000e-001 -3.046875e-001  0.000000e+000
      vertex -3.184048e-001 -3.736490e-001  0.000000e+000
      vertex -3.315949e-001 -3.696478e-001  0.000000e+000
    endloop
  endfacet
  facet normal  0.000000e+000  0.000000e+000 -1.000000e+000
    outer loop
      vertex -3.750000e-001 -3.046875e-001  0.000000e+000
      vertex -3.315949e-001 -3.696478e-001  0.000000e+000
      vertex -3.437510e-001 -3.631502e-001  0.000000e+000
    endloop
  endfacet
  facet normal  0.000000e+000  0.000000e+000 -1.000000e+000
    outer loop
      vertex -3.750000e-001 -3.046875e-001  0.000000e+000
      vertex -3.437510e-001 -3.631502e-001  0.000000e+000
      vertex -3.544059e-001 -3.544059e-001  0.000000e+000
    endloop
  endfacet
  facet normal  0.000000e+000  0.000000e+000 -9.999999e-001
    outer loop
      vertex -3.750000e-001 -3.046875e-001  0.000000e+000
      vertex -3.544059e-001 -3.544059e-001  0.000000e+000
      vertex -3.631502e-001 -3.437510e-001  0.000000e+000
    endloop
  endfacet
  facet normal  0.000000e+000  0.000000e+000 -1.000000e+000
    outer loop
      vertex -3.750000e-001 -3.046875e-001  0.000000e+000
      vertex -3.631502e-001 -3.437510e-001  0.000000e+000
      vertex -3.696478e-001 -3.315949e-001  0.000000e+000
    endloop
  endfacet
  facet normal  0.000000e+000  0.000000e+000 -1.000000e+000
    outer loop
      vertex -3.750000e-001 -3.046875e-001  0.000000e+000
      vertex -3.696478e-001 -3.315949e-001  0.000000e+000
      vertex -3.736490e-001 -3.184048e-001  0.000000e+000
    endloop
  endfacet
  facet normal -1.000000e+000  0.000000e+000  0.000000e+000
    outer loop
      vertex -3.750000e-001  3.750000e-001  0.000000e+000
      vertex -3.750000e-001 -3.046875e-001  0.000000e+000
      vertex -3.750000e-001  3.750000e-001  7.500000e-001
    endloop
  endfacet
  facet normal -1.000000e+000  -0.000000e+000  0.000000e+000
    outer loop
      vertex -3.750000e-001  3.750000e-001  7.500000e-001
      vertex -3.750000e-001 -3.046875e-001  0.000000e+000
      vertex -3.750000e-001 -3.046875e-001  7.500000e-001
    endloop
  endfacet
  facet normal  0.000000e+000 -1.000000e+000  0.000000e+000
    outer loop
      vertex -3.046875e-001 -3.750000e-001  0.000000e+000
      vertex  3.750000e-001 -3.750000e-001  0.000000e+000
      vertex -3.046875e-001 -3.750000e-001  7.500000e-001
    endloop
  endfacet
  facet normal  0.000000e+000 -1.000000e+000  0.000000e+000
    outer loop
      vertex -3.046875e-001 -3.750000e-001  7.500000e-001
      vertex  3.750000e-001 -3.750000e-001  0.000000e+000
      vertex  3.750000e-001 -3.750000e-001  7.500000e-001
    endloop
  endfacet
  facet normal -9.801666e-002 -9.951848e-001  -0.000000e+000
    outer loop
      vertex -3.046875e-001 -3.750000e-001  0.000000e+000
      vertex -3.046875e-001 -3.750000e-001  7.500000e-001
      vertex -3.184048e-001 -3.736490e-001  0.000000e+000
    endloop
  endfacet
  facet normal -9.801666e-002 -9.951848e-001  0.000000e+000
    outer loop
      vertex -3.184048e-001 -3.736490e-001  0.000000e+000
      vertex -3.046875e-001 -3.750000e-001  7.500000e-001
      vertex -3.184048e-001 -3.736490e-001  7.500000e-001
    endloop
  endfacet
  facet normal -2.902861e-001 -9.569399e-001  -0.000000e+000
    outer loop
      vertex -3.184048e-001 -3.736490e-001  0.000000e+000
      vertex -3.184048e-001 -3.736490e-001  7.500000e-001
      vertex -3.315949e-001 -3.696478e-001  0.000000e+000
    endloop
  endfacet
  facet normal -2.902861e-001 -9.569399e-001  0.000000e+000
    outer loop
      vertex -3.315949e-001 -3.696478e-001  0.000000e+000
      vertex -3.184048e-001 -3.736490e-001  7.500000e-001
      vertex -3.315949e-001 -3.696478e-001  7.500000e-001
    endloop
  endfacet
  facet normal -4.713953e-001 -8.819219e-001  -0.000000e+000
    outer loop
      vertex -3.315949e-001 -3.696478e-001  0.000000e+000
      vertex -3.315949e-001 -3.696478e-001  7.500000e-001
      vertex -3.437510e-001 -3.631502e-001  0.000000e+000
    endloop
  endfacet
  facet normal -4.713953e-001 -8.819219e-001  0.000000e+000
    outer loop
      vertex -3.437510e-001 -3.631502e-001  0.000000e+000
      vertex -3.315949e-001 -3.696478e-001  7.500000e-001
      vertex -3.437510e-001 -3.631502e-001  7.500000e-001
    endloop
  endfacet
  facet normal -6.343942e-001 -7.730097e-001  -0.000000e+000
    outer loop
      vertex -3.437510e-001 -3.631502e-001  0.000000e+000
      vertex -3.437510e-001 -3.631502e-001  7.500000e-001
      vertex -3.544059e-001 -3.544059e-001  0.000000e+000
    endloop
  endfacet
  facet normal -6.343942e-001 -7.730097e-001  0.000000e+000
    outer loop
      vertex -3.544059e-001 -3.544059e-001  0.000000e+000
      vertex -3.437510e-001 -3.631502e-001  7.500000e-001
      vertex -3.544059e-001 -3.544059e-001  7.500000e-001
    endloop
  endfacet
  facet normal -7.730097e-001 -6.343942e-001  -0.000000e+000
    outer loop
      vertex -3.544059e-001 -3.544059e-001  0.000000e+000
      vertex -3.544059e-001 -3.544059e-001  7.500000e-001
      vertex -3.631502e-001 -3.437510e-001  0.000000e+000
    endloop
  endfacet
  facet normal -7.730097e-001 -6.343942e-001  0.000000e+000
    outer loop
      vertex -3.631502e-001 -3.437510e-001  0.000000e+000
      vertex -3.544059e-001 -3.544059e-001  7.500000e-001
      vertex -3.631502e-001 -3.437510e-001  7.500000e-001
    endloop
  endfacet
  facet normal -8.819219e-001 -4.713953e-001  -0.000000e+000
    outer loop
      vertex -3.631502e-001 -3.437510e-001  0.000000e+000
      vertex -3.631502e-001 -3.437510e-001  7.500000e-001
      vertex -3.696478e-001 -3.315949e-001  0.000000e+000
    endloop
  endfacet
  facet normal -8.819219e-001 -4.713953e-001  0.000000e+000
    outer loop
      vertex -3.696478e-001 -3.315949e-001  0.000000e+000
      vertex -3.631502e-001 -3.437510e-001  7.500000e-001
      vertex -3.696478e-001 -3.315949e-001  7.500000e-001
    endloop
  endfacet
  facet normal -9.569399e-001 -2.902861e-001  -0.000000e+000
    outer loop
      vertex -3.696478e-001 -3.315949e-001  0.000000e+000
      vertex -3.696478e-001 -3.315949e-001  7.500000e-001
      vertex -3.736490e-001 -3.184048e-001  0.000000e+000
    endloop
  endfacet
  facet normal -9.569399e-001 -2.902861e-001  0.000000e+000
    outer loop
      vertex -3.736490e-001 -3.184048e-001  0.000000e+000
      vertex -3.696478e-001 -3.315949e-001  7.500000e-001
      vertex -3.736490e-001 -3.184048e-001  7.500000e-001
    endloop
  endfacet
  facet normal -9.951848e-001 -9.801666e-002  -0.000000e+000
    outer loop
      vertex -3.736490e-001 -3.184048e-001  0.000000e+000
      vertex -3.736490e-001 -3.184048e-001  7.500000e-001
      vertex -3.750000e-001 -3.046875e-001  0.000000e+000
    endloop
  endfacet
  facet normal -9.951848e-001 -9.801666e-002  0.000000e+000
    outer loop
      vertex -3.750000e-001 -3.046875e-001  0.000000e+000
      vertex -3.736490e-001 -3.184048e-001  7.500000e-001
      vertex -3.750000e-001 -3.046875e-001  7.500000e-001
    endloop
  endfacet
  facet normal  0.000000e+000  1.000000e+000  0.000000e+000
    outer loop
      vertex  3.750000e-001  3.750000e-001  0.000000e+000
      vertex -3.750000e-001  3.750000e-001  0.000000e+000
      vertex  3.750000e-001  3.750000e-001  7.500000e-001
    endloop
  endfacet
  facet normal  0.000000e+000  1.000000e+000  0.000000e+000
    outer loop
      vertex  3.750000e-001  3.750000e-001  7.500000e-001
      vertex -3.750000e-001  3.750000e-001  0.000000e+000
      vertex -3.750000e-001  3.750000e-001  7.500000e-001
    endloop
  endfacet
  facet normal  1.000000e+000  0.000000e+000  0.000000e+000
    outer loop
      vertex  3.750000e-001 -3.750000e-001  0.000000e+000
      vertex  3.750000e-001  3.750000e-001  0.000000e+000
      vertex  3.750000e-001 -3.750000e-001  7.500000e-001
    endloop
  endfacet
  facet normal  1.000000e+000  -0.000000e+000  0.000000e+000
    outer loop
      vertex  3.750000e-001 -3.750000e-001  7.500000e-001
      vertex  3.750000e-001  3.750000e-001  0.000000e+000
      vertex  3.750000e-001  3.750000e-001  7.500000e-001
    endloop
  endfacet
endsolid CATIA STL
