solid CATIA STL
  facet normal  9.801713e-002  9.951845e-001  6.386339e-004
    outer loop
      vertex -7.812500e-003  8.239937e-017 -7.812500e-002
      vertex -5.389658e-003 -3.851861e-004  1.502550e-001
      vertex -6.288357e-003 -1.501150e-004 -7.812500e-002
    endloop
  endfacet
  facet normal  1.570093e-001  9.875971e-001 -5.482265e-017
    outer loop
      vertex -7.812500e-003  8.239937e-017 -7.812500e-002
      vertex -7.812500e-003  9.506285e-017  1.500000e-001
      vertex -5.389658e-003 -3.851861e-004  1.502550e-001
    endloop
  endfacet
  facet normal  6.343933e-001  7.730104e-001 -1.109666e-004
    outer loop
      vertex -2.288228e-003 -2.288228e-003 -7.812500e-002
      vertex -3.472107e-003 -1.316644e-003 -7.812500e-002
      vertex -3.202151e-003 -1.505374e-003  1.504853e-001
    endloop
  endfacet
  facet normal  7.039751e-001  7.102246e-001  3.822064e-004
    outer loop
      vertex -3.202151e-003 -1.505374e-003  1.504853e-001
      vertex -1.546100e-003 -3.146947e-003  1.506596e-001
      vertex -2.288228e-003 -2.288228e-003 -7.812500e-002
    endloop
  endfacet
  facet normal  4.557814e-001  8.900918e-001  1.966066e-004
    outer loop
      vertex -3.202151e-003 -1.505374e-003  1.504853e-001
      vertex -3.472107e-003 -1.316644e-003 -7.812500e-002
      vertex -5.389658e-003 -3.851861e-004  1.502550e-001
    endloop
  endfacet
  facet normal  4.713968e-001  8.819212e-001  3.610423e-004
    outer loop
      vertex -5.389658e-003 -3.851861e-004  1.502550e-001
      vertex -3.472107e-003 -1.316644e-003 -7.812500e-002
      vertex -4.822786e-003 -5.946911e-004 -7.812500e-002
    endloop
  endfacet
  facet normal  2.902846e-001  9.569404e-001 -1.573233e-004
    outer loop
      vertex -5.389658e-003 -3.851861e-004  1.502550e-001
      vertex -4.822786e-003 -5.946911e-004 -7.812500e-002
      vertex -6.288357e-003 -1.501150e-004 -7.812500e-002
    endloop
  endfacet
  facet normal  9.956782e-001  9.287051e-002 -6.096770e-017
    outer loop
      vertex  1.401898e-017 -7.812500e-003  1.508224e-001
      vertex  0.000000e+000 -7.812500e-003 -7.812500e-002
      vertex -1.347646e-004 -6.367669e-003  1.508082e-001
    endloop
  endfacet
  facet normal  9.951848e-001  9.801716e-002 -3.277172e-005
    outer loop
      vertex -1.347646e-004 -6.367669e-003  1.508082e-001
      vertex  0.000000e+000 -7.812500e-003 -7.812500e-002
      vertex -1.501150e-004 -6.288357e-003 -7.812500e-002
    endloop
  endfacet
  facet normal  9.574492e-001  2.886019e-001  3.578531e-005
    outer loop
      vertex -1.347646e-004 -6.367669e-003  1.508082e-001
      vertex -1.501150e-004 -6.288357e-003 -7.812500e-002
      vertex -6.152553e-004 -4.773614e-003  1.507576e-001
    endloop
  endfacet
  facet normal  9.569404e-001  2.902846e-001  2.361493e-005
    outer loop
      vertex -6.152553e-004 -4.773614e-003  1.507576e-001
      vertex -1.501150e-004 -6.288357e-003 -7.812500e-002
      vertex -5.946911e-004 -4.822786e-003 -7.812500e-002
    endloop
  endfacet
  facet normal  8.679404e-001  4.966686e-001 -2.871898e-005
    outer loop
      vertex -6.152553e-004 -4.773614e-003  1.507576e-001
      vertex -5.946911e-004 -4.822786e-003 -7.812500e-002
      vertex -1.546100e-003 -3.146947e-003  1.506596e-001
    endloop
  endfacet
  facet normal  8.819213e-001  4.713968e-001  2.145362e-004
    outer loop
      vertex -1.546100e-003 -3.146947e-003  1.506596e-001
      vertex -5.946911e-004 -4.822786e-003 -7.812500e-002
      vertex -1.316644e-003 -3.472107e-003 -7.812500e-002
    endloop
  endfacet
  facet normal  7.730104e-001  6.343934e-001 -1.263536e-004
    outer loop
      vertex -1.546100e-003 -3.146947e-003  1.506596e-001
      vertex -1.316644e-003 -3.472107e-003 -7.812500e-002
      vertex -2.288228e-003 -2.288228e-003 -7.812500e-002
    endloop
  endfacet
  facet normal -1.110223e-016  9.999999e-001 -5.551115e-017
    outer loop
      vertex -7.500000e-001  0.000000e+000 -7.812500e-002
      vertex -7.500000e-001  8.326673e-018  7.187500e-002
      vertex -7.812500e-003  8.239937e-017 -7.812500e-002
    endloop
  endfacet
  facet normal -1.110223e-016  1.000000e+000 -5.551114e-017
    outer loop
      vertex -7.812500e-003  8.239937e-017 -7.812500e-002
      vertex -7.500000e-001  8.326673e-018  7.187500e-002
      vertex -7.812500e-003  9.506285e-017  1.500000e-001
    endloop
  endfacet
  facet normal -1.046825e-001  7.873362e-006  9.945057e-001
    outer loop
      vertex -7.812500e-003  9.506285e-017  1.500000e-001
      vertex -3.202151e-003 -1.505374e-003  1.504853e-001
      vertex -5.389658e-003 -3.851861e-004  1.502550e-001
    endloop
  endfacet
  facet normal -1.046871e-001 -1.079975e-007  9.945053e-001
    outer loop
      vertex  1.401898e-017 -7.812500e-003  1.508224e-001
      vertex -1.347646e-004 -6.367669e-003  1.508082e-001
      vertex -1.546100e-003 -3.146947e-003  1.506596e-001
    endloop
  endfacet
  facet normal -1.047069e-001 -8.872264e-006  9.945032e-001
    outer loop
      vertex -1.546100e-003 -3.146947e-003  1.506596e-001
      vertex -1.347646e-004 -6.367669e-003  1.508082e-001
      vertex -6.152553e-004 -4.773614e-003  1.507576e-001
    endloop
  endfacet
  facet normal -1.046848e-001  6.668034e-007  9.945055e-001
    outer loop
      vertex -7.500000e-001 -7.812500e-003  7.187500e-002
      vertex  1.401898e-017 -7.812500e-003  1.508224e-001
      vertex -1.546100e-003 -3.146947e-003  1.506596e-001
    endloop
  endfacet
  facet normal -1.046848e-001 -4.425996e-006  9.945055e-001
    outer loop
      vertex -7.500000e-001 -7.812500e-003  7.187500e-002
      vertex -1.546100e-003 -3.146947e-003  1.506596e-001
      vertex -3.202151e-003 -1.505374e-003  1.504853e-001
    endloop
  endfacet
  facet normal -1.046848e-001  6.648303e-007  9.945055e-001
    outer loop
      vertex -7.500000e-001 -7.812500e-003  7.187500e-002
      vertex -3.202151e-003 -1.505374e-003  1.504853e-001
      vertex -7.812500e-003  9.506285e-017  1.500000e-001
    endloop
  endfacet
  facet normal -1.046848e-001  0.000000e+000  9.945055e-001
    outer loop
      vertex -7.500000e-001 -7.812500e-003  7.187500e-002
      vertex -7.812500e-003  9.506285e-017  1.500000e-001
      vertex -7.500000e-001  8.326673e-018  7.187500e-002
    endloop
  endfacet
  facet normal  0.000000e+000  0.000000e+000 -1.000000e+000
    outer loop
      vertex -7.500000e-001 -7.812500e-003 -7.812500e-002
      vertex -7.500000e-001  0.000000e+000 -7.812500e-002
      vertex -7.812500e-003  8.239937e-017 -7.812500e-002
    endloop
  endfacet
  facet normal  0.000000e+000  -0.000000e+000 -1.000000e+000
    outer loop
      vertex -7.500000e-001 -7.812500e-003 -7.812500e-002
      vertex -7.812500e-003  8.239937e-017 -7.812500e-002
      vertex -6.288357e-003 -1.501150e-004 -7.812500e-002
    endloop
  endfacet
  facet normal  0.000000e+000  -0.000000e+000 -1.000000e+000
    outer loop
      vertex -7.500000e-001 -7.812500e-003 -7.812500e-002
      vertex -6.288357e-003 -1.501150e-004 -7.812500e-002
      vertex -4.822786e-003 -5.946911e-004 -7.812500e-002
    endloop
  endfacet
  facet normal  0.000000e+000  -0.000000e+000 -1.000000e+000
    outer loop
      vertex -7.500000e-001 -7.812500e-003 -7.812500e-002
      vertex -4.822786e-003 -5.946911e-004 -7.812500e-002
      vertex -3.472107e-003 -1.316644e-003 -7.812500e-002
    endloop
  endfacet
  facet normal  0.000000e+000  -0.000000e+000 -1.000000e+000
    outer loop
      vertex -7.500000e-001 -7.812500e-003 -7.812500e-002
      vertex -3.472107e-003 -1.316644e-003 -7.812500e-002
      vertex -2.288228e-003 -2.288228e-003 -7.812500e-002
    endloop
  endfacet
  facet normal  0.000000e+000  -0.000000e+000 -1.000000e+000
    outer loop
      vertex -7.500000e-001 -7.812500e-003 -7.812500e-002
      vertex -2.288228e-003 -2.288228e-003 -7.812500e-002
      vertex -1.316644e-003 -3.472107e-003 -7.812500e-002
    endloop
  endfacet
  facet normal  0.000000e+000  -0.000000e+000 -1.000000e+000
    outer loop
      vertex -7.500000e-001 -7.812500e-003 -7.812500e-002
      vertex -1.316644e-003 -3.472107e-003 -7.812500e-002
      vertex -5.946911e-004 -4.822786e-003 -7.812500e-002
    endloop
  endfacet
  facet normal  0.000000e+000  -0.000000e+000 -1.000000e+000
    outer loop
      vertex -7.500000e-001 -7.812500e-003 -7.812500e-002
      vertex -5.946911e-004 -4.822786e-003 -7.812500e-002
      vertex -1.501150e-004 -6.288357e-003 -7.812500e-002
    endloop
  endfacet
  facet normal  0.000000e+000  -0.000000e+000 -1.000000e+000
    outer loop
      vertex -7.500000e-001 -7.812500e-003 -7.812500e-002
      vertex -1.501150e-004 -6.288357e-003 -7.812500e-002
      vertex  0.000000e+000 -7.812500e-003 -7.812500e-002
    endloop
  endfacet
  facet normal  0.000000e+000 -1.000000e+000  0.000000e+000
    outer loop
      vertex -7.500000e-001 -7.812500e-003 -7.812500e-002
      vertex  0.000000e+000 -7.812500e-003 -7.812500e-002
      vertex -7.500000e-001 -7.812500e-003  7.187500e-002
    endloop
  endfacet
  facet normal  0.000000e+000 -1.000000e+000  0.000000e+000
    outer loop
      vertex -7.500000e-001 -7.812500e-003  7.187500e-002
      vertex  0.000000e+000 -7.812500e-003 -7.812500e-002
      vertex  1.401898e-017 -7.812500e-003  1.508224e-001
    endloop
  endfacet
  facet normal -1.000000e+000  -0.000000e+000  0.000000e+000
    outer loop
      vertex -7.500000e-001 -7.812500e-003  7.187500e-002
      vertex -7.500000e-001  8.326673e-018  7.187500e-002
      vertex -7.500000e-001 -7.812500e-003 -7.812500e-002
    endloop
  endfacet
  facet normal -1.000000e+000  0.000000e+000  0.000000e+000
    outer loop
      vertex -7.500000e-001 -7.812500e-003 -7.812500e-002
      vertex -7.500000e-001  8.326673e-018  7.187500e-002
      vertex -7.500000e-001  0.000000e+000 -7.812500e-002
    endloop
  endfacet
endsolid CATIA STL
