solid CATIA STL
  facet normal  -0.000000e+000  -0.000000e+000  1.000000e+000
    outer loop
      vertex -6.796875e-001 -5.234375e-001  2.265625e-001
      vertex -6.766852e-001 -5.539204e-001  2.265625e-001
      vertex -6.677937e-001 -5.832318e-001  2.265625e-001
    endloop
  endfacet
  facet normal  -0.000000e+000  -0.000000e+000  1.000000e+000
    outer loop
      vertex -6.796875e-001 -5.234375e-001  2.265625e-001
      vertex -6.677937e-001 -5.832318e-001  2.265625e-001
      vertex -6.533546e-001 -6.102453e-001  2.265625e-001
    endloop
  endfacet
  facet normal  -0.000000e+000  -0.000000e+000  1.000000e+000
    outer loop
      vertex -6.796875e-001 -5.234375e-001  2.265625e-001
      vertex -6.533546e-001 -6.102453e-001  2.265625e-001
      vertex -6.339229e-001 -6.339229e-001  2.265625e-001
    endloop
  endfacet
  facet normal  -0.000000e+000  -0.000000e+000  1.000000e+000
    outer loop
      vertex -6.796875e-001 -5.234375e-001  2.265625e-001
      vertex -6.339229e-001 -6.339229e-001  2.265625e-001
      vertex -6.102453e-001 -6.533546e-001  2.265625e-001
    endloop
  endfacet
  facet normal  -0.000000e+000  -0.000000e+000  1.000000e+000
    outer loop
      vertex -6.796875e-001 -5.234375e-001  2.265625e-001
      vertex -6.102453e-001 -6.533546e-001  2.265625e-001
      vertex -5.832318e-001 -6.677937e-001  2.265625e-001
    endloop
  endfacet
  facet normal  -0.000000e+000  -0.000000e+000  1.000000e+000
    outer loop
      vertex -6.796875e-001 -5.234375e-001  2.265625e-001
      vertex -5.832318e-001 -6.677937e-001  2.265625e-001
      vertex -5.539204e-001 -6.766852e-001  2.265625e-001
    endloop
  endfacet
  facet normal  -0.000000e+000  -0.000000e+000  9.999999e-001
    outer loop
      vertex -6.796875e-001 -5.234375e-001  2.265625e-001
      vertex -5.539204e-001 -6.766852e-001  2.265625e-001
      vertex -5.234375e-001 -6.796875e-001  2.265625e-001
    endloop
  endfacet
  facet normal  0.000000e+000  -0.000000e+000  1.000000e+000
    outer loop
      vertex -6.796875e-001 -5.234375e-001  2.265625e-001
      vertex -5.234375e-001 -6.796875e-001  2.265625e-001
      vertex  6.796875e-001 -6.796875e-001  2.265625e-001
    endloop
  endfacet
  facet normal  0.000000e+000  -0.000000e+000  9.999999e-001
    outer loop
      vertex -6.796875e-001 -5.234375e-001  2.265625e-001
      vertex  6.796875e-001 -6.796875e-001  2.265625e-001
      vertex  6.796875e-001  6.796875e-001  2.265625e-001
    endloop
  endfacet
  facet normal  0.000000e+000  0.000000e+000  9.999999e-001
    outer loop
      vertex -6.796875e-001 -5.234375e-001  2.265625e-001
      vertex  6.796875e-001  6.796875e-001  2.265625e-001
      vertex -6.796875e-001  6.796875e-001  2.265625e-001
    endloop
  endfacet
  facet normal  0.000000e+000  0.000000e+000 -9.999999e-001
    outer loop
      vertex -6.796875e-001 -5.234375e-001 -2.265625e-001
      vertex -6.796875e-001  6.796875e-001 -2.265625e-001
      vertex  6.796875e-001  6.796875e-001 -2.265625e-001
    endloop
  endfacet
  facet normal  0.000000e+000  -0.000000e+000 -9.999999e-001
    outer loop
      vertex -6.796875e-001 -5.234375e-001 -2.265625e-001
      vertex  6.796875e-001  6.796875e-001 -2.265625e-001
      vertex  6.796875e-001 -6.796875e-001 -2.265625e-001
    endloop
  endfacet
  facet normal  0.000000e+000  0.000000e+000 -1.000000e+000
    outer loop
      vertex -6.796875e-001 -5.234375e-001 -2.265625e-001
      vertex  6.796875e-001 -6.796875e-001 -2.265625e-001
      vertex -5.234375e-001 -6.796875e-001 -2.265625e-001
    endloop
  endfacet
  facet normal  0.000000e+000  0.000000e+000 -9.999999e-001
    outer loop
      vertex -6.796875e-001 -5.234375e-001 -2.265625e-001
      vertex -5.234375e-001 -6.796875e-001 -2.265625e-001
      vertex -5.539204e-001 -6.766852e-001 -2.265625e-001
    endloop
  endfacet
  facet normal  0.000000e+000  0.000000e+000 -1.000000e+000
    outer loop
      vertex -6.796875e-001 -5.234375e-001 -2.265625e-001
      vertex -5.539204e-001 -6.766852e-001 -2.265625e-001
      vertex -5.832318e-001 -6.677937e-001 -2.265625e-001
    endloop
  endfacet
  facet normal  0.000000e+000  0.000000e+000 -1.000000e+000
    outer loop
      vertex -6.796875e-001 -5.234375e-001 -2.265625e-001
      vertex -5.832318e-001 -6.677937e-001 -2.265625e-001
      vertex -6.102453e-001 -6.533546e-001 -2.265625e-001
    endloop
  endfacet
  facet normal  0.000000e+000  0.000000e+000 -1.000000e+000
    outer loop
      vertex -6.796875e-001 -5.234375e-001 -2.265625e-001
      vertex -6.102453e-001 -6.533546e-001 -2.265625e-001
      vertex -6.339229e-001 -6.339229e-001 -2.265625e-001
    endloop
  endfacet
  facet normal  0.000000e+000  0.000000e+000 -1.000000e+000
    outer loop
      vertex -6.796875e-001 -5.234375e-001 -2.265625e-001
      vertex -6.339229e-001 -6.339229e-001 -2.265625e-001
      vertex -6.533546e-001 -6.102453e-001 -2.265625e-001
    endloop
  endfacet
  facet normal  0.000000e+000  0.000000e+000 -1.000000e+000
    outer loop
      vertex -6.796875e-001 -5.234375e-001 -2.265625e-001
      vertex -6.533546e-001 -6.102453e-001 -2.265625e-001
      vertex -6.677937e-001 -5.832318e-001 -2.265625e-001
    endloop
  endfacet
  facet normal  0.000000e+000  0.000000e+000 -1.000000e+000
    outer loop
      vertex -6.796875e-001 -5.234375e-001 -2.265625e-001
      vertex -6.677937e-001 -5.832318e-001 -2.265625e-001
      vertex -6.766852e-001 -5.539204e-001 -2.265625e-001
    endloop
  endfacet
  facet normal -1.000000e+000  0.000000e+000  0.000000e+000
    outer loop
      vertex -6.796875e-001  6.796875e-001  2.265625e-001
      vertex -6.796875e-001  6.796875e-001 -2.265625e-001
      vertex -6.796875e-001 -5.234375e-001  2.265625e-001
    endloop
  endfacet
  facet normal -1.000000e+000  0.000000e+000  0.000000e+000
    outer loop
      vertex -6.796875e-001 -5.234375e-001  2.265625e-001
      vertex -6.796875e-001  6.796875e-001 -2.265625e-001
      vertex -6.796875e-001 -5.234375e-001 -2.265625e-001
    endloop
  endfacet
  facet normal  0.000000e+000 -1.000000e+000  0.000000e+000
    outer loop
      vertex -5.234375e-001 -6.796875e-001  2.265625e-001
      vertex -5.234375e-001 -6.796875e-001 -2.265625e-001
      vertex  6.796875e-001 -6.796875e-001  2.265625e-001
    endloop
  endfacet
  facet normal  0.000000e+000 -1.000000e+000  -0.000000e+000
    outer loop
      vertex  6.796875e-001 -6.796875e-001  2.265625e-001
      vertex -5.234375e-001 -6.796875e-001 -2.265625e-001
      vertex  6.796875e-001 -6.796875e-001 -2.265625e-001
    endloop
  endfacet
  facet normal -9.801660e-002 -9.951848e-001  -0.000000e+000
    outer loop
      vertex -5.234375e-001 -6.796875e-001 -2.265625e-001
      vertex -5.234375e-001 -6.796875e-001  2.265625e-001
      vertex -5.539204e-001 -6.766852e-001 -2.265625e-001
    endloop
  endfacet
  facet normal -9.801660e-002 -9.951848e-001  0.000000e+000
    outer loop
      vertex -5.539204e-001 -6.766852e-001 -2.265625e-001
      vertex -5.234375e-001 -6.796875e-001  2.265625e-001
      vertex -5.539204e-001 -6.766852e-001  2.265625e-001
    endloop
  endfacet
  facet normal -2.902847e-001 -9.569404e-001  -0.000000e+000
    outer loop
      vertex -5.539204e-001 -6.766852e-001 -2.265625e-001
      vertex -5.539204e-001 -6.766852e-001  2.265625e-001
      vertex -5.832318e-001 -6.677937e-001 -2.265625e-001
    endloop
  endfacet
  facet normal -2.902847e-001 -9.569404e-001  0.000000e+000
    outer loop
      vertex -5.832318e-001 -6.677937e-001 -2.265625e-001
      vertex -5.539204e-001 -6.766852e-001  2.265625e-001
      vertex -5.832318e-001 -6.677937e-001  2.265625e-001
    endloop
  endfacet
  facet normal -4.713970e-001 -8.819212e-001  -0.000000e+000
    outer loop
      vertex -5.832318e-001 -6.677937e-001 -2.265625e-001
      vertex -5.832318e-001 -6.677937e-001  2.265625e-001
      vertex -6.102453e-001 -6.533546e-001 -2.265625e-001
    endloop
  endfacet
  facet normal -4.713970e-001 -8.819212e-001  0.000000e+000
    outer loop
      vertex -6.102453e-001 -6.533546e-001 -2.265625e-001
      vertex -5.832318e-001 -6.677937e-001  2.265625e-001
      vertex -6.102453e-001 -6.533546e-001  2.265625e-001
    endloop
  endfacet
  facet normal -6.343936e-001 -7.730103e-001  -0.000000e+000
    outer loop
      vertex -6.102453e-001 -6.533546e-001 -2.265625e-001
      vertex -6.102453e-001 -6.533546e-001  2.265625e-001
      vertex -6.339229e-001 -6.339229e-001 -2.265625e-001
    endloop
  endfacet
  facet normal -6.343936e-001 -7.730103e-001  0.000000e+000
    outer loop
      vertex -6.339229e-001 -6.339229e-001 -2.265625e-001
      vertex -6.102453e-001 -6.533546e-001  2.265625e-001
      vertex -6.339229e-001 -6.339229e-001  2.265625e-001
    endloop
  endfacet
  facet normal -7.730103e-001 -6.343936e-001  -0.000000e+000
    outer loop
      vertex -6.339229e-001 -6.339229e-001 -2.265625e-001
      vertex -6.339229e-001 -6.339229e-001  2.265625e-001
      vertex -6.533546e-001 -6.102453e-001 -2.265625e-001
    endloop
  endfacet
  facet normal -7.730103e-001 -6.343936e-001  0.000000e+000
    outer loop
      vertex -6.533546e-001 -6.102453e-001 -2.265625e-001
      vertex -6.339229e-001 -6.339229e-001  2.265625e-001
      vertex -6.533546e-001 -6.102453e-001  2.265625e-001
    endloop
  endfacet
  facet normal -8.819212e-001 -4.713970e-001  -0.000000e+000
    outer loop
      vertex -6.533546e-001 -6.102453e-001 -2.265625e-001
      vertex -6.533546e-001 -6.102453e-001  2.265625e-001
      vertex -6.677937e-001 -5.832318e-001 -2.265625e-001
    endloop
  endfacet
  facet normal -8.819212e-001 -4.713970e-001  0.000000e+000
    outer loop
      vertex -6.677937e-001 -5.832318e-001 -2.265625e-001
      vertex -6.533546e-001 -6.102453e-001  2.265625e-001
      vertex -6.677937e-001 -5.832318e-001  2.265625e-001
    endloop
  endfacet
  facet normal -9.569404e-001 -2.902847e-001  -0.000000e+000
    outer loop
      vertex -6.677937e-001 -5.832318e-001 -2.265625e-001
      vertex -6.677937e-001 -5.832318e-001  2.265625e-001
      vertex -6.766852e-001 -5.539204e-001 -2.265625e-001
    endloop
  endfacet
  facet normal -9.569404e-001 -2.902847e-001  0.000000e+000
    outer loop
      vertex -6.766852e-001 -5.539204e-001 -2.265625e-001
      vertex -6.677937e-001 -5.832318e-001  2.265625e-001
      vertex -6.766852e-001 -5.539204e-001  2.265625e-001
    endloop
  endfacet
  facet normal -9.951848e-001 -9.801660e-002  -0.000000e+000
    outer loop
      vertex -6.766852e-001 -5.539204e-001 -2.265625e-001
      vertex -6.766852e-001 -5.539204e-001  2.265625e-001
      vertex -6.796875e-001 -5.234375e-001 -2.265625e-001
    endloop
  endfacet
  facet normal -9.951848e-001 -9.801660e-002  0.000000e+000
    outer loop
      vertex -6.796875e-001 -5.234375e-001 -2.265625e-001
      vertex -6.766852e-001 -5.539204e-001  2.265625e-001
      vertex -6.796875e-001 -5.234375e-001  2.265625e-001
    endloop
  endfacet
  facet normal  0.000000e+000  1.000000e+000  -0.000000e+000
    outer loop
      vertex  6.796875e-001  6.796875e-001  2.265625e-001
      vertex  6.796875e-001  6.796875e-001 -2.265625e-001
      vertex -6.796875e-001  6.796875e-001  2.265625e-001
    endloop
  endfacet
  facet normal  0.000000e+000  1.000000e+000  0.000000e+000
    outer loop
      vertex -6.796875e-001  6.796875e-001  2.265625e-001
      vertex  6.796875e-001  6.796875e-001 -2.265625e-001
      vertex -6.796875e-001  6.796875e-001 -2.265625e-001
    endloop
  endfacet
  facet normal  1.000000e+000  0.000000e+000  0.000000e+000
    outer loop
      vertex  6.796875e-001 -6.796875e-001  2.265625e-001
      vertex  6.796875e-001 -6.796875e-001 -2.265625e-001
      vertex  6.796875e-001  6.796875e-001  2.265625e-001
    endloop
  endfacet
  facet normal  1.000000e+000  0.000000e+000  0.000000e+000
    outer loop
      vertex  6.796875e-001  6.796875e-001  2.265625e-001
      vertex  6.796875e-001 -6.796875e-001 -2.265625e-001
      vertex  6.796875e-001  6.796875e-001 -2.265625e-001
    endloop
  endfacet
endsolid CATIA STL
