solid CATIA STL
  facet normal  0.000000e+000 -1.000000e+000  -0.000000e+000
    outer loop
      vertex  2.812500e-001 -7.500000e-001  0.000000e+000
      vertex  6.699221e-017 -7.500000e-001  2.775558e-017
      vertex -1.875000e-001 -7.500000e-001 -1.718750e-001
    endloop
  endfacet
  facet normal  0.000000e+000 -1.000000e+000  0.000000e+000
    outer loop
      vertex  2.812500e-001 -7.500000e-001  0.000000e+000
      vertex -1.875000e-001 -7.500000e-001 -1.718750e-001
      vertex -1.871998e-001 -7.500000e-001 -1.749233e-001
    endloop
  endfacet
  facet normal  0.000000e+000 -1.000000e+000  0.000000e+000
    outer loop
      vertex  2.812500e-001 -7.500000e-001  0.000000e+000
      vertex -1.871998e-001 -7.500000e-001 -1.749233e-001
      vertex -1.863106e-001 -7.500000e-001 -1.778544e-001
    endloop
  endfacet
  facet normal  0.000000e+000 -1.000000e+000  0.000000e+000
    outer loop
      vertex -1.749233e-001 -7.500000e-001 -1.871998e-001
      vertex -1.718750e-001 -7.500000e-001 -1.875000e-001
      vertex -1.863106e-001 -7.500000e-001 -1.778544e-001
    endloop
  endfacet
  facet normal  0.000000e+000 -1.000000e+000  0.000000e+000
    outer loop
      vertex -1.749233e-001 -7.500000e-001 -1.871998e-001
      vertex -1.863106e-001 -7.500000e-001 -1.778544e-001
      vertex -1.848667e-001 -7.500000e-001 -1.805558e-001
    endloop
  endfacet
  facet normal  0.000000e+000 -1.000000e+000  0.000000e+000
    outer loop
      vertex -1.749233e-001 -7.500000e-001 -1.871998e-001
      vertex -1.848667e-001 -7.500000e-001 -1.805558e-001
      vertex -1.829235e-001 -7.500000e-001 -1.829235e-001
    endloop
  endfacet
  facet normal  0.000000e+000 -1.000000e+000  0.000000e+000
    outer loop
      vertex -1.749233e-001 -7.500000e-001 -1.871998e-001
      vertex -1.829235e-001 -7.500000e-001 -1.829235e-001
      vertex -1.805558e-001 -7.500000e-001 -1.848667e-001
    endloop
  endfacet
  facet normal  0.000000e+000 -1.000000e+000  0.000000e+000
    outer loop
      vertex -1.749233e-001 -7.500000e-001 -1.871998e-001
      vertex -1.805558e-001 -7.500000e-001 -1.848667e-001
      vertex -1.778544e-001 -7.500000e-001 -1.863106e-001
    endloop
  endfacet
  facet normal  0.000000e+000 -1.000000e+000  0.000000e+000
    outer loop
      vertex -1.718750e-001 -7.500000e-001 -1.875000e-001
      vertex  2.812500e-001 -7.500000e-001 -1.875000e-001
      vertex -1.863106e-001 -7.500000e-001 -1.778544e-001
    endloop
  endfacet
  facet normal  0.000000e+000 -1.000000e+000  0.000000e+000
    outer loop
      vertex -1.863106e-001 -7.500000e-001 -1.778544e-001
      vertex  2.812500e-001 -7.500000e-001 -1.875000e-001
      vertex  2.812500e-001 -7.500000e-001  0.000000e+000
    endloop
  endfacet
  facet normal  -0.000000e+000 -1.000000e+000  0.000000e+000
    outer loop
      vertex -1.875000e-001 -7.500000e-001 -1.718750e-001
      vertex  6.699221e-017 -7.500000e-001  2.775558e-017
      vertex -1.875000e-001 -7.500000e-001  2.812500e-001
    endloop
  endfacet
  facet normal  0.000000e+000 -1.000000e+000  0.000000e+000
    outer loop
      vertex -1.875000e-001 -7.500000e-001  2.812500e-001
      vertex  6.699221e-017 -7.500000e-001  2.775558e-017
      vertex  8.421381e-017 -7.500000e-001  2.812500e-001
    endloop
  endfacet
  facet normal -5.551119e-017  1.000000e+000 -5.551105e-017
    outer loop
      vertex  2.812500e-001  3.642919e-017 -2.775558e-017
      vertex -1.863106e-001  6.014608e-019 -1.778544e-001
      vertex -1.871998e-001  7.148140e-019 -1.749233e-001
    endloop
  endfacet
  facet normal -5.551116e-017  1.000000e+000 -5.551113e-017
    outer loop
      vertex  2.812500e-001  3.642919e-017 -2.775558e-017
      vertex -1.871998e-001  7.148140e-019 -1.749233e-001
      vertex -1.875000e-001  8.673617e-019 -1.718750e-001
    endloop
  endfacet
  facet normal -5.551115e-017  1.000000e+000 -5.551115e-017
    outer loop
      vertex  2.812500e-001  3.642919e-017 -2.775558e-017
      vertex -1.875000e-001  8.673617e-019 -1.718750e-001
      vertex  1.148106e-017  2.081668e-017  0.000000e+000
    endloop
  endfacet
  facet normal -5.551086e-017  1.000000e+000 -5.551053e-017
    outer loop
      vertex -1.749233e-001  7.148140e-019 -1.871998e-001
      vertex -1.778544e-001  6.014608e-019 -1.863106e-001
      vertex -1.805558e-001  5.316582e-019 -1.848667e-001
    endloop
  endfacet
  facet normal -5.551083e-017  1.000000e+000 -5.551047e-017
    outer loop
      vertex -1.749233e-001  7.148140e-019 -1.871998e-001
      vertex -1.805558e-001  5.316582e-019 -1.848667e-001
      vertex -1.829235e-001  5.080888e-019 -1.829235e-001
    endloop
  endfacet
  facet normal -5.551146e-017  1.000000e+000 -5.551165e-017
    outer loop
      vertex -1.749233e-001  7.148140e-019 -1.871998e-001
      vertex -1.829235e-001  5.080888e-019 -1.829235e-001
      vertex -1.848667e-001  5.316582e-019 -1.805558e-001
    endloop
  endfacet
  facet normal -5.551116e-017  1.000000e+000 -5.551119e-017
    outer loop
      vertex -1.749233e-001  7.148140e-019 -1.871998e-001
      vertex -1.848667e-001  5.316582e-019 -1.805558e-001
      vertex -1.863106e-001  6.014608e-019 -1.778544e-001
    endloop
  endfacet
  facet normal -5.551114e-017  1.000000e+000 -5.551117e-017
    outer loop
      vertex -1.749233e-001  7.148140e-019 -1.871998e-001
      vertex -1.863106e-001  6.014608e-019 -1.778544e-001
      vertex -1.718750e-001  8.673617e-019 -1.875000e-001
    endloop
  endfacet
  facet normal -5.551115e-017  1.000000e+000 -5.551119e-017
    outer loop
      vertex -1.718750e-001  8.673617e-019 -1.875000e-001
      vertex -1.863106e-001  6.014608e-019 -1.778544e-001
      vertex  2.812500e-001  2.602085e-017 -1.875000e-001
    endloop
  endfacet
  facet normal -5.551115e-017  1.000000e+000 -5.551115e-017
    outer loop
      vertex  2.812500e-001  2.602085e-017 -1.875000e-001
      vertex -1.863106e-001  6.014608e-019 -1.778544e-001
      vertex  2.812500e-001  3.642919e-017 -2.775558e-017
    endloop
  endfacet
  facet normal -5.551115e-017  1.000000e+000 -5.551115e-017
    outer loop
      vertex -1.875000e-001  8.673617e-019 -1.718750e-001
      vertex -1.875000e-001  2.602085e-017  2.812500e-001
      vertex  1.148106e-017  2.081668e-017  0.000000e+000
    endloop
  endfacet
  facet normal -5.551115e-017  1.000000e+000 -5.551115e-017
    outer loop
      vertex  1.148106e-017  2.081668e-017  0.000000e+000
      vertex -1.875000e-001  2.602085e-017  2.812500e-001
      vertex  2.870266e-017  3.642919e-017  2.812500e-001
    endloop
  endfacet
  facet normal -1.000000e+000  0.000000e+000  0.000000e+000
    outer loop
      vertex -1.875000e-001  2.602085e-017  2.812500e-001
      vertex -1.875000e-001  8.673617e-019 -1.718750e-001
      vertex -1.875000e-001 -7.500000e-001  2.812500e-001
    endloop
  endfacet
  facet normal -1.000000e+000  0.000000e+000  0.000000e+000
    outer loop
      vertex -1.875000e-001 -7.500000e-001  2.812500e-001
      vertex -1.875000e-001  8.673617e-019 -1.718750e-001
      vertex -1.875000e-001 -7.500000e-001 -1.718750e-001
    endloop
  endfacet
  facet normal  0.000000e+000  0.000000e+000 -1.000000e+000
    outer loop
      vertex -1.718750e-001  8.673617e-019 -1.875000e-001
      vertex  2.812500e-001  2.602085e-017 -1.875000e-001
      vertex -1.718750e-001 -7.500000e-001 -1.875000e-001
    endloop
  endfacet
  facet normal  0.000000e+000  0.000000e+000 -1.000000e+000
    outer loop
      vertex -1.718750e-001 -7.500000e-001 -1.875000e-001
      vertex  2.812500e-001  2.602085e-017 -1.875000e-001
      vertex  2.812500e-001 -7.500000e-001 -1.875000e-001
    endloop
  endfacet
  facet normal -9.801669e-002  0.000000e+000 -9.951847e-001
    outer loop
      vertex -1.718750e-001  8.673617e-019 -1.875000e-001
      vertex -1.718750e-001 -7.500000e-001 -1.875000e-001
      vertex -1.749233e-001  7.148140e-019 -1.871998e-001
    endloop
  endfacet
  facet normal -9.801669e-002  -0.000000e+000 -9.951847e-001
    outer loop
      vertex -1.749233e-001  7.148140e-019 -1.871998e-001
      vertex -1.718750e-001 -7.500000e-001 -1.875000e-001
      vertex -1.749233e-001 -7.500000e-001 -1.871998e-001
    endloop
  endfacet
  facet normal -2.902842e-001  0.000000e+000 -9.569405e-001
    outer loop
      vertex -1.749233e-001  7.148140e-019 -1.871998e-001
      vertex -1.749233e-001 -7.500000e-001 -1.871998e-001
      vertex -1.778544e-001  6.014608e-019 -1.863106e-001
    endloop
  endfacet
  facet normal -2.902842e-001  -0.000000e+000 -9.569405e-001
    outer loop
      vertex -1.778544e-001  6.014608e-019 -1.863106e-001
      vertex -1.749233e-001 -7.500000e-001 -1.871998e-001
      vertex -1.778544e-001 -7.500000e-001 -1.863106e-001
    endloop
  endfacet
  facet normal -4.713973e-001  0.000000e+000 -8.819210e-001
    outer loop
      vertex -1.778544e-001  6.014608e-019 -1.863106e-001
      vertex -1.778544e-001 -7.500000e-001 -1.863106e-001
      vertex -1.805558e-001  5.316582e-019 -1.848667e-001
    endloop
  endfacet
  facet normal -4.713973e-001  -0.000000e+000 -8.819210e-001
    outer loop
      vertex -1.805558e-001  5.316582e-019 -1.848667e-001
      vertex -1.778544e-001 -7.500000e-001 -1.863106e-001
      vertex -1.805558e-001 -7.500000e-001 -1.848667e-001
    endloop
  endfacet
  facet normal -6.343951e-001  0.000000e+000 -7.730091e-001
    outer loop
      vertex -1.805558e-001  5.316582e-019 -1.848667e-001
      vertex -1.805558e-001 -7.500000e-001 -1.848667e-001
      vertex -1.829235e-001  5.080888e-019 -1.829235e-001
    endloop
  endfacet
  facet normal -6.343951e-001  -0.000000e+000 -7.730091e-001
    outer loop
      vertex -1.829235e-001  5.080888e-019 -1.829235e-001
      vertex -1.805558e-001 -7.500000e-001 -1.848667e-001
      vertex -1.829235e-001 -7.500000e-001 -1.829235e-001
    endloop
  endfacet
  facet normal -7.730091e-001  0.000000e+000 -6.343951e-001
    outer loop
      vertex -1.829235e-001  5.080888e-019 -1.829235e-001
      vertex -1.829235e-001 -7.500000e-001 -1.829235e-001
      vertex -1.848667e-001  5.316582e-019 -1.805558e-001
    endloop
  endfacet
  facet normal -7.730091e-001  -0.000000e+000 -6.343951e-001
    outer loop
      vertex -1.848667e-001  5.316582e-019 -1.805558e-001
      vertex -1.829235e-001 -7.500000e-001 -1.829235e-001
      vertex -1.848667e-001 -7.500000e-001 -1.805558e-001
    endloop
  endfacet
  facet normal -8.819210e-001  0.000000e+000 -4.713973e-001
    outer loop
      vertex -1.848667e-001  5.316582e-019 -1.805558e-001
      vertex -1.848667e-001 -7.500000e-001 -1.805558e-001
      vertex -1.863106e-001  6.014608e-019 -1.778544e-001
    endloop
  endfacet
  facet normal -8.819210e-001  -0.000000e+000 -4.713973e-001
    outer loop
      vertex -1.863106e-001  6.014608e-019 -1.778544e-001
      vertex -1.848667e-001 -7.500000e-001 -1.805558e-001
      vertex -1.863106e-001 -7.500000e-001 -1.778544e-001
    endloop
  endfacet
  facet normal -9.569405e-001  0.000000e+000 -2.902842e-001
    outer loop
      vertex -1.863106e-001  6.014608e-019 -1.778544e-001
      vertex -1.863106e-001 -7.500000e-001 -1.778544e-001
      vertex -1.871998e-001  7.148140e-019 -1.749233e-001
    endloop
  endfacet
  facet normal -9.569405e-001  -0.000000e+000 -2.902842e-001
    outer loop
      vertex -1.871998e-001  7.148140e-019 -1.749233e-001
      vertex -1.863106e-001 -7.500000e-001 -1.778544e-001
      vertex -1.871998e-001 -7.500000e-001 -1.749233e-001
    endloop
  endfacet
  facet normal -9.951847e-001  0.000000e+000 -9.801669e-002
    outer loop
      vertex -1.871998e-001  7.148140e-019 -1.749233e-001
      vertex -1.871998e-001 -7.500000e-001 -1.749233e-001
      vertex -1.875000e-001  8.673617e-019 -1.718750e-001
    endloop
  endfacet
  facet normal -9.951847e-001  -0.000000e+000 -9.801669e-002
    outer loop
      vertex -1.875000e-001  8.673617e-019 -1.718750e-001
      vertex -1.871998e-001 -7.500000e-001 -1.749233e-001
      vertex -1.875000e-001 -7.500000e-001 -1.718750e-001
    endloop
  endfacet
  facet normal  -0.000000e+000  0.000000e+000  1.000000e+000
    outer loop
      vertex  2.870266e-017  3.642919e-017  2.812500e-001
      vertex -1.875000e-001  2.602085e-017  2.812500e-001
      vertex  8.421381e-017 -7.500000e-001  2.812500e-001
    endloop
  endfacet
  facet normal  0.000000e+000  0.000000e+000  1.000000e+000
    outer loop
      vertex  8.421381e-017 -7.500000e-001  2.812500e-001
      vertex -1.875000e-001  2.602085e-017  2.812500e-001
      vertex -1.875000e-001 -7.500000e-001  2.812500e-001
    endloop
  endfacet
  facet normal  1.000000e+000  7.401487e-017 -6.123234e-017
    outer loop
      vertex  1.148106e-017  2.081668e-017  0.000000e+000
      vertex  2.870266e-017  3.642919e-017  2.812500e-001
      vertex  6.699221e-017 -7.500000e-001  2.775558e-017
    endloop
  endfacet
  facet normal  1.000000e+000  7.401487e-017 -6.123234e-017
    outer loop
      vertex  6.699221e-017 -7.500000e-001  2.775558e-017
      vertex  2.870266e-017  3.642919e-017  2.812500e-001
      vertex  8.421381e-017 -7.500000e-001  2.812500e-001
    endloop
  endfacet
  facet normal  9.868649e-017  3.700744e-017  1.000000e+000
    outer loop
      vertex  2.812500e-001  3.642919e-017 -2.775558e-017
      vertex  1.148106e-017  2.081668e-017  0.000000e+000
      vertex  2.812500e-001 -7.500000e-001  0.000000e+000
    endloop
  endfacet
  facet normal  9.868649e-017  3.700744e-017  1.000000e+000
    outer loop
      vertex  2.812500e-001 -7.500000e-001  0.000000e+000
      vertex  1.148106e-017  2.081668e-017  0.000000e+000
      vertex  6.699221e-017 -7.500000e-001  2.775558e-017
    endloop
  endfacet
  facet normal  1.000000e+000  0.000000e+000  0.000000e+000
    outer loop
      vertex  2.812500e-001  2.602085e-017 -1.875000e-001
      vertex  2.812500e-001  3.642919e-017 -2.775558e-017
      vertex  2.812500e-001 -7.500000e-001 -1.875000e-001
    endloop
  endfacet
  facet normal  1.000000e+000  0.000000e+000  0.000000e+000
    outer loop
      vertex  2.812500e-001 -7.500000e-001 -1.875000e-001
      vertex  2.812500e-001  3.642919e-017 -2.775558e-017
      vertex  2.812500e-001 -7.500000e-001  0.000000e+000
    endloop
  endfacet
endsolid CATIA STL
