solid CATIA STL
  facet normal  1.000000e+000  -0.000000e+000  -0.000000e+000
    outer loop
      vertex  6.640625e-001  0.000000e+000  8.593750e-002
      vertex  6.640625e-001  1.651265e-003  6.917193e-002
      vertex  6.640625e-001  6.541603e-003  5.305064e-002
    endloop
  endfacet
  facet normal  1.000000e+000  -0.000000e+000  -0.000000e+000
    outer loop
      vertex  6.640625e-001  0.000000e+000  8.593750e-002
      vertex  6.640625e-001  6.541603e-003  5.305064e-002
      vertex  6.640625e-001  1.448308e-002  3.819318e-002
    endloop
  endfacet
  facet normal  1.000000e+000  -0.000000e+000  -0.000000e+000
    outer loop
      vertex  6.640625e-001  0.000000e+000  8.593750e-002
      vertex  6.640625e-001  1.448308e-002  3.819318e-002
      vertex  6.640625e-001  2.517051e-002  2.517051e-002
    endloop
  endfacet
  facet normal  1.000000e+000  -0.000000e+000  -0.000000e+000
    outer loop
      vertex  6.640625e-001  0.000000e+000  8.593750e-002
      vertex  6.640625e-001  2.517051e-002  2.517051e-002
      vertex  6.640625e-001  3.819318e-002  1.448308e-002
    endloop
  endfacet
  facet normal  1.000000e+000  -0.000000e+000  -0.000000e+000
    outer loop
      vertex  6.640625e-001  0.000000e+000  8.593750e-002
      vertex  6.640625e-001  3.819318e-002  1.448308e-002
      vertex  6.640625e-001  5.305064e-002  6.541603e-003
    endloop
  endfacet
  facet normal  1.000000e+000  -0.000000e+000  -0.000000e+000
    outer loop
      vertex  6.640625e-001  0.000000e+000  8.593750e-002
      vertex  6.640625e-001  5.305064e-002  6.541603e-003
      vertex  6.640625e-001  6.917193e-002  1.651265e-003
    endloop
  endfacet
  facet normal  1.000000e+000  -0.000000e+000  -0.000000e+000
    outer loop
      vertex  6.640625e-001  0.000000e+000  8.593750e-002
      vertex  6.640625e-001  6.917193e-002  1.651265e-003
      vertex  6.640625e-001  8.593750e-002  0.000000e+000
    endloop
  endfacet
  facet normal  9.999999e-001  0.000000e+000  -0.000000e+000
    outer loop
      vertex  6.640625e-001  0.000000e+000  8.593750e-002
      vertex  6.640625e-001  8.593750e-002  0.000000e+000
      vertex  6.640625e-001  3.844572e-001  0.000000e+000
    endloop
  endfacet
  facet normal  1.000000e+000  0.000000e+000  -0.000000e+000
    outer loop
      vertex  6.640625e-001  0.000000e+000  8.593750e-002
      vertex  6.640625e-001  3.844572e-001  0.000000e+000
      vertex  6.640625e-001  3.844572e-001  6.875000e-001
    endloop
  endfacet
  facet normal  1.000000e+000  0.000000e+000  0.000000e+000
    outer loop
      vertex  6.640625e-001  0.000000e+000  8.593750e-002
      vertex  6.640625e-001  3.844572e-001  6.875000e-001
      vertex  6.640625e-001  0.000000e+000  6.875000e-001
    endloop
  endfacet
  facet normal  0.000000e+000 -1.000000e+000  0.000000e+000
    outer loop
      vertex  0.000000e+000  0.000000e+000  8.593750e-002
      vertex  6.640625e-001  0.000000e+000  8.593750e-002
      vertex  0.000000e+000  0.000000e+000  7.500000e-001
    endloop
  endfacet
  facet normal  0.000000e+000 -1.000000e+000  0.000000e+000
    outer loop
      vertex  0.000000e+000  0.000000e+000  7.500000e-001
      vertex  6.640625e-001  0.000000e+000  8.593750e-002
      vertex  6.640625e-001  0.000000e+000  6.875000e-001
    endloop
  endfacet
  facet normal  0.000000e+000 -1.000000e+000  0.000000e+000
    outer loop
      vertex  0.000000e+000  0.000000e+000  7.500000e-001
      vertex  6.640625e-001  0.000000e+000  6.875000e-001
      vertex  6.171875e-001  0.000000e+000  7.500000e-001
    endloop
  endfacet
  facet normal  0.000000e+000  0.000000e+000  1.000000e+000
    outer loop
      vertex  0.000000e+000  0.000000e+000  7.500000e-001
      vertex  6.171875e-001  0.000000e+000  7.500000e-001
      vertex  0.000000e+000  3.844572e-001  7.500000e-001
    endloop
  endfacet
  facet normal  -0.000000e+000  0.000000e+000  1.000000e+000
    outer loop
      vertex  0.000000e+000  3.844572e-001  7.500000e-001
      vertex  6.171875e-001  0.000000e+000  7.500000e-001
      vertex  6.171875e-001  3.844572e-001  7.500000e-001
    endloop
  endfacet
  facet normal  0.000000e+000  1.000000e+000  0.000000e+000
    outer loop
      vertex  6.640625e-001  3.844572e-001  0.000000e+000
      vertex  0.000000e+000  3.844572e-001  0.000000e+000
      vertex  6.640625e-001  3.844572e-001  6.875000e-001
    endloop
  endfacet
  facet normal  0.000000e+000  1.000000e+000  0.000000e+000
    outer loop
      vertex  6.640625e-001  3.844572e-001  6.875000e-001
      vertex  0.000000e+000  3.844572e-001  0.000000e+000
      vertex  0.000000e+000  3.844572e-001  7.500000e-001
    endloop
  endfacet
  facet normal  -0.000000e+000  1.000000e+000  0.000000e+000
    outer loop
      vertex  6.640625e-001  3.844572e-001  6.875000e-001
      vertex  0.000000e+000  3.844572e-001  7.500000e-001
      vertex  6.171875e-001  3.844572e-001  7.500000e-001
    endloop
  endfacet
  facet normal  8.000000e-001  -0.000000e+000  6.000000e-001
    outer loop
      vertex  6.171875e-001  3.844572e-001  7.500000e-001
      vertex  6.171875e-001  0.000000e+000  7.500000e-001
      vertex  6.640625e-001  3.844572e-001  6.875000e-001
    endloop
  endfacet
  facet normal  8.000000e-001  0.000000e+000  6.000000e-001
    outer loop
      vertex  6.640625e-001  3.844572e-001  6.875000e-001
      vertex  6.171875e-001  0.000000e+000  7.500000e-001
      vertex  6.640625e-001  0.000000e+000  6.875000e-001
    endloop
  endfacet
  facet normal  0.000000e+000  0.000000e+000 -1.000000e+000
    outer loop
      vertex  0.000000e+000  8.593750e-002  0.000000e+000
      vertex  0.000000e+000  3.844572e-001  0.000000e+000
      vertex  6.640625e-001  8.593750e-002  0.000000e+000
    endloop
  endfacet
  facet normal  0.000000e+000  0.000000e+000 -1.000000e+000
    outer loop
      vertex  6.640625e-001  8.593750e-002  0.000000e+000
      vertex  0.000000e+000  3.844572e-001  0.000000e+000
      vertex  6.640625e-001  3.844572e-001  0.000000e+000
    endloop
  endfacet
  facet normal -1.000000e+000  0.000000e+000  0.000000e+000
    outer loop
      vertex  0.000000e+000  8.593750e-002  0.000000e+000
      vertex  0.000000e+000  6.917193e-002  1.651265e-003
      vertex  0.000000e+000  3.844572e-001  0.000000e+000
    endloop
  endfacet
  facet normal -1.000000e+000  0.000000e+000  0.000000e+000
    outer loop
      vertex  0.000000e+000  0.000000e+000  8.593750e-002
      vertex  0.000000e+000  0.000000e+000  7.500000e-001
      vertex  0.000000e+000  3.844572e-001  7.500000e-001
    endloop
  endfacet
  facet normal -1.000000e+000  0.000000e+000  -0.000000e+000
    outer loop
      vertex  0.000000e+000  0.000000e+000  8.593750e-002
      vertex  0.000000e+000  3.844572e-001  7.500000e-001
      vertex  0.000000e+000  3.844572e-001  0.000000e+000
    endloop
  endfacet
  facet normal -9.999999e-001  0.000000e+000  0.000000e+000
    outer loop
      vertex  0.000000e+000  0.000000e+000  8.593750e-002
      vertex  0.000000e+000  3.844572e-001  0.000000e+000
      vertex  0.000000e+000  6.917193e-002  1.651265e-003
    endloop
  endfacet
  facet normal -1.000000e+000  0.000000e+000  0.000000e+000
    outer loop
      vertex  0.000000e+000  0.000000e+000  8.593750e-002
      vertex  0.000000e+000  6.917193e-002  1.651265e-003
      vertex  0.000000e+000  5.305064e-002  6.541603e-003
    endloop
  endfacet
  facet normal -1.000000e+000  0.000000e+000  0.000000e+000
    outer loop
      vertex  0.000000e+000  0.000000e+000  8.593750e-002
      vertex  0.000000e+000  5.305064e-002  6.541603e-003
      vertex  0.000000e+000  3.819318e-002  1.448308e-002
    endloop
  endfacet
  facet normal -1.000000e+000  0.000000e+000  0.000000e+000
    outer loop
      vertex  0.000000e+000  0.000000e+000  8.593750e-002
      vertex  0.000000e+000  3.819318e-002  1.448308e-002
      vertex  0.000000e+000  2.517051e-002  2.517051e-002
    endloop
  endfacet
  facet normal -1.000000e+000  0.000000e+000  0.000000e+000
    outer loop
      vertex  0.000000e+000  0.000000e+000  8.593750e-002
      vertex  0.000000e+000  2.517051e-002  2.517051e-002
      vertex  0.000000e+000  1.448308e-002  3.819318e-002
    endloop
  endfacet
  facet normal -1.000000e+000  0.000000e+000  0.000000e+000
    outer loop
      vertex  0.000000e+000  0.000000e+000  8.593750e-002
      vertex  0.000000e+000  1.448308e-002  3.819318e-002
      vertex  0.000000e+000  6.541603e-003  5.305064e-002
    endloop
  endfacet
  facet normal -9.999999e-001  0.000000e+000  0.000000e+000
    outer loop
      vertex  0.000000e+000  0.000000e+000  8.593750e-002
      vertex  0.000000e+000  6.541603e-003  5.305064e-002
      vertex  0.000000e+000  1.651265e-003  6.917193e-002
    endloop
  endfacet
  facet normal  -0.000000e+000 -9.801716e-002 -9.951847e-001
    outer loop
      vertex  0.000000e+000  8.593750e-002  0.000000e+000
      vertex  6.640625e-001  8.593750e-002  0.000000e+000
      vertex  0.000000e+000  6.917193e-002  1.651265e-003
    endloop
  endfacet
  facet normal  0.000000e+000 -9.801716e-002 -9.951847e-001
    outer loop
      vertex  0.000000e+000  6.917193e-002  1.651265e-003
      vertex  6.640625e-001  8.593750e-002  0.000000e+000
      vertex  6.640625e-001  6.917193e-002  1.651265e-003
    endloop
  endfacet
  facet normal  -0.000000e+000 -2.902846e-001 -9.569404e-001
    outer loop
      vertex  0.000000e+000  6.917193e-002  1.651265e-003
      vertex  6.640625e-001  6.917193e-002  1.651265e-003
      vertex  0.000000e+000  5.305064e-002  6.541603e-003
    endloop
  endfacet
  facet normal  0.000000e+000 -2.902846e-001 -9.569404e-001
    outer loop
      vertex  0.000000e+000  5.305064e-002  6.541603e-003
      vertex  6.640625e-001  6.917193e-002  1.651265e-003
      vertex  6.640625e-001  5.305064e-002  6.541603e-003
    endloop
  endfacet
  facet normal  -0.000000e+000 -4.713968e-001 -8.819212e-001
    outer loop
      vertex  0.000000e+000  5.305064e-002  6.541603e-003
      vertex  6.640625e-001  5.305064e-002  6.541603e-003
      vertex  0.000000e+000  3.819318e-002  1.448308e-002
    endloop
  endfacet
  facet normal  0.000000e+000 -4.713968e-001 -8.819212e-001
    outer loop
      vertex  0.000000e+000  3.819318e-002  1.448308e-002
      vertex  6.640625e-001  5.305064e-002  6.541603e-003
      vertex  6.640625e-001  3.819318e-002  1.448308e-002
    endloop
  endfacet
  facet normal  -0.000000e+000 -6.343932e-001 -7.730105e-001
    outer loop
      vertex  0.000000e+000  3.819318e-002  1.448308e-002
      vertex  6.640625e-001  3.819318e-002  1.448308e-002
      vertex  0.000000e+000  2.517051e-002  2.517051e-002
    endloop
  endfacet
  facet normal  0.000000e+000 -6.343932e-001 -7.730105e-001
    outer loop
      vertex  0.000000e+000  2.517051e-002  2.517051e-002
      vertex  6.640625e-001  3.819318e-002  1.448308e-002
      vertex  6.640625e-001  2.517051e-002  2.517051e-002
    endloop
  endfacet
  facet normal  -0.000000e+000 -7.730105e-001 -6.343932e-001
    outer loop
      vertex  0.000000e+000  2.517051e-002  2.517051e-002
      vertex  6.640625e-001  2.517051e-002  2.517051e-002
      vertex  0.000000e+000  1.448308e-002  3.819318e-002
    endloop
  endfacet
  facet normal  0.000000e+000 -7.730105e-001 -6.343932e-001
    outer loop
      vertex  0.000000e+000  1.448308e-002  3.819318e-002
      vertex  6.640625e-001  2.517051e-002  2.517051e-002
      vertex  6.640625e-001  1.448308e-002  3.819318e-002
    endloop
  endfacet
  facet normal  -0.000000e+000 -8.819212e-001 -4.713968e-001
    outer loop
      vertex  0.000000e+000  1.448308e-002  3.819318e-002
      vertex  6.640625e-001  1.448308e-002  3.819318e-002
      vertex  0.000000e+000  6.541603e-003  5.305064e-002
    endloop
  endfacet
  facet normal  0.000000e+000 -8.819212e-001 -4.713968e-001
    outer loop
      vertex  0.000000e+000  6.541603e-003  5.305064e-002
      vertex  6.640625e-001  1.448308e-002  3.819318e-002
      vertex  6.640625e-001  6.541603e-003  5.305064e-002
    endloop
  endfacet
  facet normal  -0.000000e+000 -9.569404e-001 -2.902846e-001
    outer loop
      vertex  0.000000e+000  6.541603e-003  5.305064e-002
      vertex  6.640625e-001  6.541603e-003  5.305064e-002
      vertex  0.000000e+000  1.651265e-003  6.917193e-002
    endloop
  endfacet
  facet normal  0.000000e+000 -9.569404e-001 -2.902846e-001
    outer loop
      vertex  0.000000e+000  1.651265e-003  6.917193e-002
      vertex  6.640625e-001  6.541603e-003  5.305064e-002
      vertex  6.640625e-001  1.651265e-003  6.917193e-002
    endloop
  endfacet
  facet normal  -0.000000e+000 -9.951847e-001 -9.801716e-002
    outer loop
      vertex  0.000000e+000  1.651265e-003  6.917193e-002
      vertex  6.640625e-001  1.651265e-003  6.917193e-002
      vertex  0.000000e+000  0.000000e+000  8.593750e-002
    endloop
  endfacet
  facet normal  0.000000e+000 -9.951847e-001 -9.801716e-002
    outer loop
      vertex  0.000000e+000  0.000000e+000  8.593750e-002
      vertex  6.640625e-001  1.651265e-003  6.917193e-002
      vertex  6.640625e-001  0.000000e+000  8.593750e-002
    endloop
  endfacet
endsolid CATIA STL
