solid CATIA STL
  facet normal -9.801716e-002  0.000000e+000 -9.951848e-001
    outer loop
      vertex  7.812500e-003  3.618421e-001  0.000000e+000
      vertex  7.812500e-003  1.250000e-001  0.000000e+000
      vertex  6.288357e-003  3.618421e-001  1.501150e-004
    endloop
  endfacet
  facet normal -9.801716e-002  -0.000000e+000 -9.951848e-001
    outer loop
      vertex  6.288357e-003  3.618421e-001  1.501150e-004
      vertex  7.812500e-003  1.250000e-001  0.000000e+000
      vertex  6.288357e-003  1.250000e-001  1.501150e-004
    endloop
  endfacet
  facet normal -2.902846e-001  0.000000e+000 -9.569403e-001
    outer loop
      vertex  6.288357e-003  3.618421e-001  1.501150e-004
      vertex  6.288357e-003  1.250000e-001  1.501150e-004
      vertex  4.822786e-003  3.618421e-001  5.946911e-004
    endloop
  endfacet
  facet normal -2.902846e-001  -0.000000e+000 -9.569403e-001
    outer loop
      vertex  4.822786e-003  3.618421e-001  5.946911e-004
      vertex  6.288357e-003  1.250000e-001  1.501150e-004
      vertex  4.822786e-003  1.250000e-001  5.946911e-004
    endloop
  endfacet
  facet normal -4.713968e-001  0.000000e+000 -8.819213e-001
    outer loop
      vertex  4.822786e-003  3.618421e-001  5.946911e-004
      vertex  4.822786e-003  1.250000e-001  5.946911e-004
      vertex  3.472107e-003  3.618421e-001  1.316644e-003
    endloop
  endfacet
  facet normal -4.713968e-001  -0.000000e+000 -8.819213e-001
    outer loop
      vertex  3.472107e-003  3.618421e-001  1.316644e-003
      vertex  4.822786e-003  1.250000e-001  5.946911e-004
      vertex  3.472107e-003  1.250000e-001  1.316644e-003
    endloop
  endfacet
  facet normal -6.343934e-001  0.000000e+000 -7.730104e-001
    outer loop
      vertex  3.472107e-003  3.618421e-001  1.316644e-003
      vertex  3.472107e-003  1.250000e-001  1.316644e-003
      vertex  2.288228e-003  3.618421e-001  2.288228e-003
    endloop
  endfacet
  facet normal -6.343934e-001  -0.000000e+000 -7.730104e-001
    outer loop
      vertex  2.288228e-003  3.618421e-001  2.288228e-003
      vertex  3.472107e-003  1.250000e-001  1.316644e-003
      vertex  2.288228e-003  1.250000e-001  2.288228e-003
    endloop
  endfacet
  facet normal -7.730104e-001  0.000000e+000 -6.343934e-001
    outer loop
      vertex  2.288228e-003  3.618421e-001  2.288228e-003
      vertex  2.288228e-003  1.250000e-001  2.288228e-003
      vertex  1.316644e-003  3.618421e-001  3.472107e-003
    endloop
  endfacet
  facet normal -7.730104e-001  -0.000000e+000 -6.343934e-001
    outer loop
      vertex  1.316644e-003  3.618421e-001  3.472107e-003
      vertex  2.288228e-003  1.250000e-001  2.288228e-003
      vertex  1.316644e-003  1.250000e-001  3.472107e-003
    endloop
  endfacet
  facet normal -8.819213e-001  0.000000e+000 -4.713968e-001
    outer loop
      vertex  1.316644e-003  3.618421e-001  3.472107e-003
      vertex  1.316644e-003  1.250000e-001  3.472107e-003
      vertex  5.946911e-004  3.618421e-001  4.822786e-003
    endloop
  endfacet
  facet normal -8.819213e-001  -0.000000e+000 -4.713968e-001
    outer loop
      vertex  5.946911e-004  3.618421e-001  4.822786e-003
      vertex  1.316644e-003  1.250000e-001  3.472107e-003
      vertex  5.946911e-004  1.250000e-001  4.822786e-003
    endloop
  endfacet
  facet normal -9.569403e-001  0.000000e+000 -2.902846e-001
    outer loop
      vertex  5.946911e-004  3.618421e-001  4.822786e-003
      vertex  5.946911e-004  1.250000e-001  4.822786e-003
      vertex  1.501150e-004  3.618421e-001  6.288357e-003
    endloop
  endfacet
  facet normal -9.569403e-001  -0.000000e+000 -2.902846e-001
    outer loop
      vertex  1.501150e-004  3.618421e-001  6.288357e-003
      vertex  5.946911e-004  1.250000e-001  4.822786e-003
      vertex  1.501150e-004  1.250000e-001  6.288357e-003
    endloop
  endfacet
  facet normal -9.951848e-001  0.000000e+000 -9.801716e-002
    outer loop
      vertex  1.501150e-004  3.618421e-001  6.288357e-003
      vertex  1.501150e-004  1.250000e-001  6.288357e-003
      vertex  0.000000e+000  3.620888e-001  7.812500e-003
    endloop
  endfacet
  facet normal -9.951847e-001  -0.000000e+000 -9.801716e-002
    outer loop
      vertex  0.000000e+000  3.620888e-001  7.812500e-003
      vertex  1.501150e-004  1.250000e-001  6.288357e-003
      vertex  0.000000e+000  1.250000e-001  7.812500e-003
    endloop
  endfacet
  facet normal  0.000000e+000  1.000000e+000  -0.000000e+000
    outer loop
      vertex  5.526316e-002  3.618421e-001  7.812500e-003
      vertex  5.526316e-002  3.618421e-001  0.000000e+000
      vertex  7.812500e-003  3.618421e-001  0.000000e+000
    endloop
  endfacet
  facet normal  0.000000e+000  1.000000e+000  -0.000000e+000
    outer loop
      vertex  5.526316e-002  3.618421e-001  7.812500e-003
      vertex  7.812500e-003  3.618421e-001  0.000000e+000
      vertex  6.288357e-003  3.618421e-001  1.501150e-004
    endloop
  endfacet
  facet normal  0.000000e+000  9.999999e-001  -0.000000e+000
    outer loop
      vertex  5.526316e-002  3.618421e-001  7.812500e-003
      vertex  6.288357e-003  3.618421e-001  1.501150e-004
      vertex  4.822786e-003  3.618421e-001  5.946911e-004
    endloop
  endfacet
  facet normal  0.000000e+000  1.000000e+000  -0.000000e+000
    outer loop
      vertex  5.526316e-002  3.618421e-001  7.812500e-003
      vertex  4.822786e-003  3.618421e-001  5.946911e-004
      vertex  3.472107e-003  3.618421e-001  1.316644e-003
    endloop
  endfacet
  facet normal  0.000000e+000  1.000000e+000  -0.000000e+000
    outer loop
      vertex  5.526316e-002  3.618421e-001  7.812500e-003
      vertex  3.472107e-003  3.618421e-001  1.316644e-003
      vertex  2.288228e-003  3.618421e-001  2.288228e-003
    endloop
  endfacet
  facet normal  0.000000e+000  1.000000e+000  -0.000000e+000
    outer loop
      vertex  5.526316e-002  3.618421e-001  7.812500e-003
      vertex  2.288228e-003  3.618421e-001  2.288228e-003
      vertex  1.316644e-003  3.618421e-001  3.472107e-003
    endloop
  endfacet
  facet normal  0.000000e+000  1.000000e+000  -0.000000e+000
    outer loop
      vertex  5.526316e-002  3.618421e-001  7.812500e-003
      vertex  1.316644e-003  3.618421e-001  3.472107e-003
      vertex  5.946911e-004  3.618421e-001  4.822786e-003
    endloop
  endfacet
  facet normal  0.000000e+000  1.000000e+000  -0.000000e+000
    outer loop
      vertex  5.526316e-002  3.618421e-001  7.812500e-003
      vertex  5.946911e-004  3.618421e-001  4.822786e-003
      vertex  1.501150e-004  3.618421e-001  6.288357e-003
    endloop
  endfacet
  facet normal  4.407587e-003  9.872077e-001 -1.593784e-001
    outer loop
      vertex  5.526316e-002  3.618421e-001  7.812500e-003
      vertex  1.501150e-004  3.618421e-001  6.288357e-003
      vertex  0.000000e+000  3.620888e-001  7.812500e-003
    endloop
  endfacet
  facet normal  0.000000e+000 -1.000000e+000  0.000000e+000
    outer loop
      vertex  7.812500e-003  1.250000e-001  0.000000e+000
      vertex  3.472107e-003  1.250000e-001  1.316644e-003
      vertex  6.288357e-003  1.250000e-001  1.501150e-004
    endloop
  endfacet
  facet normal  0.000000e+000 -1.000000e+000  0.000000e+000
    outer loop
      vertex  3.472107e-003  1.250000e-001  1.316644e-003
      vertex  4.822786e-003  1.250000e-001  5.946911e-004
      vertex  6.288357e-003  1.250000e-001  1.501150e-004
    endloop
  endfacet
  facet normal  0.000000e+000 -1.000000e+000  0.000000e+000
    outer loop
      vertex  0.000000e+000  1.250000e-001  7.812500e-003
      vertex  1.501150e-004  1.250000e-001  6.288357e-003
      vertex  1.316644e-003  1.250000e-001  3.472107e-003
    endloop
  endfacet
  facet normal  0.000000e+000 -1.000000e+000  0.000000e+000
    outer loop
      vertex  1.316644e-003  1.250000e-001  3.472107e-003
      vertex  1.501150e-004  1.250000e-001  6.288357e-003
      vertex  5.946911e-004  1.250000e-001  4.822786e-003
    endloop
  endfacet
  facet normal  0.000000e+000 -1.000000e+000  0.000000e+000
    outer loop
      vertex  6.315789e-002  1.250000e-001  7.812500e-003
      vertex  0.000000e+000  1.250000e-001  7.812500e-003
      vertex  1.316644e-003  1.250000e-001  3.472107e-003
    endloop
  endfacet
  facet normal  0.000000e+000 -1.000000e+000  0.000000e+000
    outer loop
      vertex  6.315789e-002  1.250000e-001  7.812500e-003
      vertex  1.316644e-003  1.250000e-001  3.472107e-003
      vertex  2.288228e-003  1.250000e-001  2.288228e-003
    endloop
  endfacet
  facet normal  0.000000e+000 -1.000000e+000  0.000000e+000
    outer loop
      vertex  6.315789e-002  1.250000e-001  7.812500e-003
      vertex  2.288228e-003  1.250000e-001  2.288228e-003
      vertex  3.472107e-003  1.250000e-001  1.316644e-003
    endloop
  endfacet
  facet normal  0.000000e+000 -1.000000e+000  0.000000e+000
    outer loop
      vertex  6.315789e-002  1.250000e-001  7.812500e-003
      vertex  3.472107e-003  1.250000e-001  1.316644e-003
      vertex  7.812500e-003  1.250000e-001  0.000000e+000
    endloop
  endfacet
  facet normal  0.000000e+000 -1.000000e+000  0.000000e+000
    outer loop
      vertex  6.315789e-002  1.250000e-001  7.812500e-003
      vertex  7.812500e-003  1.250000e-001  0.000000e+000
      vertex  6.315789e-002  1.250000e-001  0.000000e+000
    endloop
  endfacet
  facet normal  0.000000e+000  -0.000000e+000  1.000000e+000
    outer loop
      vertex  0.000000e+000  1.250000e-001  7.812500e-003
      vertex  6.315789e-002  1.250000e-001  7.812500e-003
      vertex  1.657895e-001  1.565789e-001  7.812500e-003
    endloop
  endfacet
  facet normal  0.000000e+000  0.000000e+000  1.000000e+000
    outer loop
      vertex  0.000000e+000  1.250000e-001  7.812500e-003
      vertex  1.657895e-001  1.565789e-001  7.812500e-003
      vertex  6.315789e-002  3.618421e-001  7.812500e-003
    endloop
  endfacet
  facet normal  0.000000e+000  0.000000e+000  1.000000e+000
    outer loop
      vertex  0.000000e+000  1.250000e-001  7.812500e-003
      vertex  6.315789e-002  3.618421e-001  7.812500e-003
      vertex  5.526316e-002  3.618421e-001  7.812500e-003
    endloop
  endfacet
  facet normal  0.000000e+000  0.000000e+000  1.000000e+000
    outer loop
      vertex  0.000000e+000  1.250000e-001  7.812500e-003
      vertex  5.526316e-002  3.618421e-001  7.812500e-003
      vertex  0.000000e+000  3.620888e-001  7.812500e-003
    endloop
  endfacet
  facet normal  0.000000e+000  -0.000000e+000  1.000000e+000
    outer loop
      vertex  6.315789e-002  3.618421e-001  7.812500e-003
      vertex  1.657895e-001  1.565789e-001  7.812500e-003
      vertex  7.263158e-001  1.565789e-001  7.812500e-003
    endloop
  endfacet
  facet normal  0.000000e+000  0.000000e+000  9.999999e-001
    outer loop
      vertex  7.263158e-001  1.565789e-001  7.812500e-003
      vertex  1.657895e-001  1.565789e-001  7.812500e-003
      vertex  7.500000e-001  1.013158e-001  7.812500e-003
    endloop
  endfacet
  facet normal  0.000000e+000  0.000000e+000  9.999999e-001
    outer loop
      vertex -7.500000e-001  1.015625e-001  7.812500e-003
      vertex -1.657895e-001  1.568257e-001  7.812500e-003
      vertex -7.263158e-001  1.568257e-001  7.812500e-003
    endloop
  endfacet
  facet normal  0.000000e+000  0.000000e+000  1.000000e+000
    outer loop
      vertex -6.315789e-002  3.620888e-001  7.812500e-003
      vertex -7.263158e-001  1.568257e-001  7.812500e-003
      vertex  0.000000e+000  3.620888e-001  7.812500e-003
    endloop
  endfacet
  facet normal  0.000000e+000  0.000000e+000  1.000000e+000
    outer loop
      vertex  0.000000e+000  3.620888e-001  7.812500e-003
      vertex -7.263158e-001  1.568257e-001  7.812500e-003
      vertex -1.657895e-001  1.568257e-001  7.812500e-003
    endloop
  endfacet
  facet normal  -0.000000e+000  0.000000e+000  1.000000e+000
    outer loop
      vertex  0.000000e+000  3.620888e-001  7.812500e-003
      vertex -1.657895e-001  1.568257e-001  7.812500e-003
      vertex  0.000000e+000  1.250000e-001  7.812500e-003
    endloop
  endfacet
  facet normal  0.000000e+000  0.000000e+000  1.000000e+000
    outer loop
      vertex  0.000000e+000  1.250000e-001  7.812500e-003
      vertex -1.657895e-001  1.568257e-001  7.812500e-003
      vertex -6.315789e-002  1.252467e-001  7.812500e-003
    endloop
  endfacet
  facet normal  0.000000e+000  1.000000e+000  -0.000000e+000
    outer loop
      vertex  0.000000e+000  3.620888e-001  7.812500e-003
      vertex  0.000000e+000  3.620888e-001  0.000000e+000
      vertex -6.315789e-002  3.620888e-001  7.812500e-003
    endloop
  endfacet
  facet normal  0.000000e+000  1.000000e+000  0.000000e+000
    outer loop
      vertex -6.315789e-002  3.620888e-001  7.812500e-003
      vertex  0.000000e+000  3.620888e-001  0.000000e+000
      vertex -6.315789e-002  3.620888e-001  0.000000e+000
    endloop
  endfacet
  facet normal  9.999999e-001  0.000000e+000  -0.000000e+000
    outer loop
      vertex  0.000000e+000  1.250000e-001  7.812500e-003
      vertex  0.000000e+000  1.252467e-001  0.000000e+000
      vertex  0.000000e+000  3.620888e-001  7.812500e-003
    endloop
  endfacet
  facet normal  1.000000e+000  0.000000e+000  0.000000e+000
    outer loop
      vertex  0.000000e+000  3.620888e-001  7.812500e-003
      vertex  0.000000e+000  1.252467e-001  0.000000e+000
      vertex  0.000000e+000  3.620888e-001  0.000000e+000
    endloop
  endfacet
  facet normal -3.906111e-003 -9.999923e-001  0.000000e+000
    outer loop
      vertex -6.315789e-002  1.252467e-001  7.812500e-003
      vertex -6.315789e-002  1.252467e-001  0.000000e+000
      vertex  0.000000e+000  1.250000e-001  7.812500e-003
    endloop
  endfacet
  facet normal  0.000000e+000 -9.995018e-001 -3.156233e-002
    outer loop
      vertex  0.000000e+000  1.250000e-001  7.812500e-003
      vertex -6.315789e-002  1.252467e-001  0.000000e+000
      vertex  0.000000e+000  1.252467e-001  0.000000e+000
    endloop
  endfacet
  facet normal  -0.000000e+000  0.000000e+000 -9.999999e-001
    outer loop
      vertex -7.263158e-001  1.568257e-001  0.000000e+000
      vertex -1.657895e-001  1.568257e-001  0.000000e+000
      vertex -7.500000e-001  1.015625e-001  0.000000e+000
    endloop
  endfacet
  facet normal  -0.000000e+000  0.000000e+000 -1.000000e+000
    outer loop
      vertex -6.315789e-002  3.620888e-001  0.000000e+000
      vertex  0.000000e+000  3.620888e-001  0.000000e+000
      vertex -7.263158e-001  1.568257e-001  0.000000e+000
    endloop
  endfacet
  facet normal  0.000000e+000  0.000000e+000 -9.999999e-001
    outer loop
      vertex -7.263158e-001  1.568257e-001  0.000000e+000
      vertex  0.000000e+000  3.620888e-001  0.000000e+000
      vertex -1.657895e-001  1.568257e-001  0.000000e+000
    endloop
  endfacet
  facet normal  0.000000e+000  0.000000e+000 -1.000000e+000
    outer loop
      vertex  0.000000e+000  3.620888e-001  0.000000e+000
      vertex  0.000000e+000  1.252467e-001  0.000000e+000
      vertex -1.657895e-001  1.568257e-001  0.000000e+000
    endloop
  endfacet
  facet normal  0.000000e+000  0.000000e+000 -1.000000e+000
    outer loop
      vertex -1.657895e-001  1.568257e-001  0.000000e+000
      vertex  0.000000e+000  1.252467e-001  0.000000e+000
      vertex -6.315789e-002  1.252467e-001  0.000000e+000
    endloop
  endfacet
  facet normal -9.191450e-001  3.939191e-001  0.000000e+000
    outer loop
      vertex -7.263158e-001  1.568257e-001  7.812500e-003
      vertex -7.263158e-001  1.568257e-001  0.000000e+000
      vertex -7.500000e-001  1.015625e-001  7.812500e-003
    endloop
  endfacet
  facet normal -9.191450e-001  3.939191e-001  0.000000e+000
    outer loop
      vertex -7.500000e-001  1.015625e-001  7.812500e-003
      vertex -7.263158e-001  1.568257e-001  0.000000e+000
      vertex -7.500000e-001  1.015625e-001  0.000000e+000
    endloop
  endfacet
  facet normal -2.956837e-001  9.552859e-001  0.000000e+000
    outer loop
      vertex -6.315789e-002  3.620888e-001  7.812500e-003
      vertex -6.315789e-002  3.620888e-001  0.000000e+000
      vertex -7.263158e-001  1.568257e-001  7.812500e-003
    endloop
  endfacet
  facet normal -2.956837e-001  9.552859e-001  0.000000e+000
    outer loop
      vertex -7.263158e-001  1.568257e-001  7.812500e-003
      vertex -6.315789e-002  3.620888e-001  0.000000e+000
      vertex -7.263158e-001  1.568257e-001  0.000000e+000
    endloop
  endfacet
  facet normal -2.940859e-001 -9.557790e-001  0.000000e+000
    outer loop
      vertex -1.657895e-001  1.568257e-001  7.812500e-003
      vertex -1.657895e-001  1.568257e-001  0.000000e+000
      vertex -6.315789e-002  1.252467e-001  7.812500e-003
    endloop
  endfacet
  facet normal -2.940859e-001 -9.557790e-001  -0.000000e+000
    outer loop
      vertex -6.315789e-002  1.252467e-001  7.812500e-003
      vertex -1.657895e-001  1.568257e-001  0.000000e+000
      vertex -6.315789e-002  1.252467e-001  0.000000e+000
    endloop
  endfacet
  facet normal  9.417420e-002 -9.955557e-001  0.000000e+000
    outer loop
      vertex -7.500000e-001  1.015625e-001  7.812500e-003
      vertex -7.500000e-001  1.015625e-001  0.000000e+000
      vertex -1.657895e-001  1.568257e-001  7.812500e-003
    endloop
  endfacet
  facet normal  9.417420e-002 -9.955557e-001  0.000000e+000
    outer loop
      vertex -1.657895e-001  1.568257e-001  7.812500e-003
      vertex -7.500000e-001  1.015625e-001  0.000000e+000
      vertex -1.657895e-001  1.568257e-001  0.000000e+000
    endloop
  endfacet
  facet normal  0.000000e+000  0.000000e+000 -1.000000e+000
    outer loop
      vertex  7.812500e-003  1.250000e-001  0.000000e+000
      vertex  7.812500e-003  3.618421e-001  0.000000e+000
      vertex  5.526316e-002  3.618421e-001  0.000000e+000
    endloop
  endfacet
  facet normal  0.000000e+000  -0.000000e+000 -1.000000e+000
    outer loop
      vertex  7.812500e-003  1.250000e-001  0.000000e+000
      vertex  5.526316e-002  3.618421e-001  0.000000e+000
      vertex  6.315789e-002  3.618421e-001  0.000000e+000
    endloop
  endfacet
  facet normal  0.000000e+000  -0.000000e+000 -1.000000e+000
    outer loop
      vertex  7.812500e-003  1.250000e-001  0.000000e+000
      vertex  6.315789e-002  3.618421e-001  0.000000e+000
      vertex  1.657895e-001  1.565789e-001  0.000000e+000
    endloop
  endfacet
  facet normal  0.000000e+000  0.000000e+000 -1.000000e+000
    outer loop
      vertex  7.812500e-003  1.250000e-001  0.000000e+000
      vertex  1.657895e-001  1.565789e-001  0.000000e+000
      vertex  6.315789e-002  1.250000e-001  0.000000e+000
    endloop
  endfacet
  facet normal  0.000000e+000  0.000000e+000 -1.000000e+000
    outer loop
      vertex  6.315789e-002  3.618421e-001  0.000000e+000
      vertex  7.263158e-001  1.565789e-001  0.000000e+000
      vertex  1.657895e-001  1.565789e-001  0.000000e+000
    endloop
  endfacet
  facet normal  0.000000e+000  0.000000e+000 -9.999999e-001
    outer loop
      vertex  1.657895e-001  1.565789e-001  0.000000e+000
      vertex  7.263158e-001  1.565789e-001  0.000000e+000
      vertex  7.500000e-001  1.013158e-001  0.000000e+000
    endloop
  endfacet
  facet normal  0.000000e+000  1.000000e+000  -0.000000e+000
    outer loop
      vertex  6.315789e-002  3.618421e-001  7.812500e-003
      vertex  6.315789e-002  3.618421e-001  0.000000e+000
      vertex  5.526316e-002  3.618421e-001  7.812500e-003
    endloop
  endfacet
  facet normal  0.000000e+000  1.000000e+000  0.000000e+000
    outer loop
      vertex  5.526316e-002  3.618421e-001  7.812500e-003
      vertex  6.315789e-002  3.618421e-001  0.000000e+000
      vertex  5.526316e-002  3.618421e-001  0.000000e+000
    endloop
  endfacet
  facet normal  2.956837e-001  9.552859e-001  -0.000000e+000
    outer loop
      vertex  7.263158e-001  1.565789e-001  7.812500e-003
      vertex  7.263158e-001  1.565789e-001  0.000000e+000
      vertex  6.315789e-002  3.618421e-001  7.812500e-003
    endloop
  endfacet
  facet normal  2.956837e-001  9.552859e-001  0.000000e+000
    outer loop
      vertex  6.315789e-002  3.618421e-001  7.812500e-003
      vertex  7.263158e-001  1.565789e-001  0.000000e+000
      vertex  6.315789e-002  3.618421e-001  0.000000e+000
    endloop
  endfacet
  facet normal  9.191451e-001  3.939192e-001  -0.000000e+000
    outer loop
      vertex  7.500000e-001  1.013158e-001  7.812500e-003
      vertex  7.500000e-001  1.013158e-001  0.000000e+000
      vertex  7.263158e-001  1.565789e-001  7.812500e-003
    endloop
  endfacet
  facet normal  9.191451e-001  3.939192e-001  0.000000e+000
    outer loop
      vertex  7.263158e-001  1.565789e-001  7.812500e-003
      vertex  7.500000e-001  1.013158e-001  0.000000e+000
      vertex  7.263158e-001  1.565789e-001  0.000000e+000
    endloop
  endfacet
  facet normal -9.417418e-002 -9.955557e-001  0.000000e+000
    outer loop
      vertex  1.657895e-001  1.565789e-001  7.812500e-003
      vertex  1.657895e-001  1.565789e-001  0.000000e+000
      vertex  7.500000e-001  1.013158e-001  7.812500e-003
    endloop
  endfacet
  facet normal -9.417418e-002 -9.955557e-001  -0.000000e+000
    outer loop
      vertex  7.500000e-001  1.013158e-001  7.812500e-003
      vertex  1.657895e-001  1.565789e-001  0.000000e+000
      vertex  7.500000e-001  1.013158e-001  0.000000e+000
    endloop
  endfacet
  facet normal  2.940858e-001 -9.557791e-001  0.000000e+000
    outer loop
      vertex  6.315789e-002  1.250000e-001  7.812500e-003
      vertex  6.315789e-002  1.250000e-001  0.000000e+000
      vertex  1.657895e-001  1.565789e-001  7.812500e-003
    endloop
  endfacet
  facet normal  2.940858e-001 -9.557791e-001  0.000000e+000
    outer loop
      vertex  1.657895e-001  1.565789e-001  7.812500e-003
      vertex  6.315789e-002  1.250000e-001  0.000000e+000
      vertex  1.657895e-001  1.565789e-001  0.000000e+000
    endloop
  endfacet
endsolid CATIA STL
