solid CATIA STL
  facet normal  0.000000e+000  0.000000e+000  1.000000e+000
    outer loop
      vertex -2.343750e-001  2.265625e-001  6.171875e-001
      vertex -2.343750e-001 -2.343750e-001  6.171875e-001
      vertex  2.265625e-001 -2.343750e-001  6.171875e-001
    endloop
  endfacet
  facet normal  0.000000e+000  -0.000000e+000  1.000000e+000
    outer loop
      vertex -2.343750e-001  2.265625e-001  6.171875e-001
      vertex  2.265625e-001 -2.343750e-001  6.171875e-001
      vertex  2.265625e-001  1.406250e-001  6.171875e-001
    endloop
  endfacet
  facet normal  0.000000e+000  0.000000e+000  1.000000e+000
    outer loop
      vertex -2.343750e-001  2.265625e-001  6.171875e-001
      vertex  2.265625e-001  1.406250e-001  6.171875e-001
      vertex  2.249112e-001  1.573906e-001  6.171875e-001
    endloop
  endfacet
  facet normal  0.000000e+000  0.000000e+000  9.999999e-001
    outer loop
      vertex -2.343750e-001  2.265625e-001  6.171875e-001
      vertex  2.249112e-001  1.573906e-001  6.171875e-001
      vertex  2.200209e-001  1.735119e-001  6.171875e-001
    endloop
  endfacet
  facet normal  0.000000e+000  0.000000e+000  1.000000e+000
    outer loop
      vertex -2.343750e-001  2.265625e-001  6.171875e-001
      vertex  2.200209e-001  1.735119e-001  6.171875e-001
      vertex  2.120794e-001  1.883693e-001  6.171875e-001
    endloop
  endfacet
  facet normal  0.000000e+000  0.000000e+000  1.000000e+000
    outer loop
      vertex -2.343750e-001  2.265625e-001  6.171875e-001
      vertex  2.120794e-001  1.883693e-001  6.171875e-001
      vertex  2.013920e-001  2.013920e-001  6.171875e-001
    endloop
  endfacet
  facet normal  0.000000e+000  0.000000e+000  1.000000e+000
    outer loop
      vertex -2.343750e-001  2.265625e-001  6.171875e-001
      vertex  2.013920e-001  2.013920e-001  6.171875e-001
      vertex  1.883693e-001  2.120794e-001  6.171875e-001
    endloop
  endfacet
  facet normal  0.000000e+000  0.000000e+000  1.000000e+000
    outer loop
      vertex -2.343750e-001  2.265625e-001  6.171875e-001
      vertex  1.883693e-001  2.120794e-001  6.171875e-001
      vertex  1.735119e-001  2.200209e-001  6.171875e-001
    endloop
  endfacet
  facet normal  0.000000e+000  0.000000e+000  1.000000e+000
    outer loop
      vertex -2.343750e-001  2.265625e-001  6.171875e-001
      vertex  1.735119e-001  2.200209e-001  6.171875e-001
      vertex  1.573906e-001  2.249112e-001  6.171875e-001
    endloop
  endfacet
  facet normal  0.000000e+000  0.000000e+000  1.000000e+000
    outer loop
      vertex -2.343750e-001  2.265625e-001  6.171875e-001
      vertex  1.573906e-001  2.249112e-001  6.171875e-001
      vertex  1.406250e-001  2.265625e-001  6.171875e-001
    endloop
  endfacet
  facet normal  -0.000000e+000  -0.000000e+000 -1.000000e+000
    outer loop
      vertex -2.343750e-001  2.265625e-001  0.000000e+000
      vertex  1.406250e-001  2.265625e-001  0.000000e+000
      vertex  1.573906e-001  2.249112e-001  0.000000e+000
    endloop
  endfacet
  facet normal  -0.000000e+000  -0.000000e+000 -1.000000e+000
    outer loop
      vertex -2.343750e-001  2.265625e-001  0.000000e+000
      vertex  1.573906e-001  2.249112e-001  0.000000e+000
      vertex  1.735119e-001  2.200209e-001  0.000000e+000
    endloop
  endfacet
  facet normal  -0.000000e+000  -0.000000e+000 -1.000000e+000
    outer loop
      vertex -2.343750e-001  2.265625e-001  0.000000e+000
      vertex  1.735119e-001  2.200209e-001  0.000000e+000
      vertex  1.883693e-001  2.120794e-001  0.000000e+000
    endloop
  endfacet
  facet normal  -0.000000e+000  -0.000000e+000 -1.000000e+000
    outer loop
      vertex -2.343750e-001  2.265625e-001  0.000000e+000
      vertex  1.883693e-001  2.120794e-001  0.000000e+000
      vertex  2.013920e-001  2.013920e-001  0.000000e+000
    endloop
  endfacet
  facet normal  -0.000000e+000  -0.000000e+000 -1.000000e+000
    outer loop
      vertex -2.343750e-001  2.265625e-001  0.000000e+000
      vertex  2.013920e-001  2.013920e-001  0.000000e+000
      vertex  2.120794e-001  1.883693e-001  0.000000e+000
    endloop
  endfacet
  facet normal  -0.000000e+000  -0.000000e+000 -1.000000e+000
    outer loop
      vertex -2.343750e-001  2.265625e-001  0.000000e+000
      vertex  2.120794e-001  1.883693e-001  0.000000e+000
      vertex  2.200209e-001  1.735119e-001  0.000000e+000
    endloop
  endfacet
  facet normal  -0.000000e+000  -0.000000e+000 -9.999999e-001
    outer loop
      vertex -2.343750e-001  2.265625e-001  0.000000e+000
      vertex  2.200209e-001  1.735119e-001  0.000000e+000
      vertex  2.249112e-001  1.573906e-001  0.000000e+000
    endloop
  endfacet
  facet normal  -0.000000e+000  -0.000000e+000 -9.999999e-001
    outer loop
      vertex -2.343750e-001  2.265625e-001  0.000000e+000
      vertex  2.249112e-001  1.573906e-001  0.000000e+000
      vertex  2.265625e-001  1.406250e-001  0.000000e+000
    endloop
  endfacet
  facet normal  -0.000000e+000  -0.000000e+000 -1.000000e+000
    outer loop
      vertex -2.343750e-001  2.265625e-001  0.000000e+000
      vertex  2.265625e-001  1.406250e-001  0.000000e+000
      vertex  2.265625e-001 -2.343750e-001  0.000000e+000
    endloop
  endfacet
  facet normal  0.000000e+000  0.000000e+000 -1.000000e+000
    outer loop
      vertex -2.343750e-001  2.265625e-001  0.000000e+000
      vertex  2.265625e-001 -2.343750e-001  0.000000e+000
      vertex -2.343750e-001 -2.343750e-001  0.000000e+000
    endloop
  endfacet
  facet normal  0.000000e+000  9.999999e-001  0.000000e+000
    outer loop
      vertex  1.406250e-001  2.265625e-001  0.000000e+000
      vertex -2.343750e-001  2.265625e-001  0.000000e+000
      vertex  1.406250e-001  2.265625e-001  6.171875e-001
    endloop
  endfacet
  facet normal  0.000000e+000  9.999999e-001  0.000000e+000
    outer loop
      vertex  1.406250e-001  2.265625e-001  6.171875e-001
      vertex -2.343750e-001  2.265625e-001  0.000000e+000
      vertex -2.343750e-001  2.265625e-001  6.171875e-001
    endloop
  endfacet
  facet normal  9.999999e-001  0.000000e+000  0.000000e+000
    outer loop
      vertex  2.265625e-001 -2.343750e-001  0.000000e+000
      vertex  2.265625e-001  1.406250e-001  0.000000e+000
      vertex  2.265625e-001 -2.343750e-001  6.171875e-001
    endloop
  endfacet
  facet normal  9.999999e-001  -0.000000e+000  0.000000e+000
    outer loop
      vertex  2.265625e-001 -2.343750e-001  6.171875e-001
      vertex  2.265625e-001  1.406250e-001  0.000000e+000
      vertex  2.265625e-001  1.406250e-001  6.171875e-001
    endloop
  endfacet
  facet normal  9.801754e-002  9.951847e-001  0.000000e+000
    outer loop
      vertex  1.406250e-001  2.265625e-001  0.000000e+000
      vertex  1.406250e-001  2.265625e-001  6.171875e-001
      vertex  1.573906e-001  2.249112e-001  0.000000e+000
    endloop
  endfacet
  facet normal  9.801754e-002  9.951847e-001  -0.000000e+000
    outer loop
      vertex  1.573906e-001  2.249112e-001  0.000000e+000
      vertex  1.406250e-001  2.265625e-001  6.171875e-001
      vertex  1.573906e-001  2.249112e-001  6.171875e-001
    endloop
  endfacet
  facet normal  2.902847e-001  9.569404e-001  0.000000e+000
    outer loop
      vertex  1.573906e-001  2.249112e-001  0.000000e+000
      vertex  1.573906e-001  2.249112e-001  6.171875e-001
      vertex  1.735119e-001  2.200209e-001  0.000000e+000
    endloop
  endfacet
  facet normal  2.902847e-001  9.569404e-001  -0.000000e+000
    outer loop
      vertex  1.735119e-001  2.200209e-001  0.000000e+000
      vertex  1.573906e-001  2.249112e-001  6.171875e-001
      vertex  1.735119e-001  2.200209e-001  6.171875e-001
    endloop
  endfacet
  facet normal  4.713964e-001  8.819214e-001  0.000000e+000
    outer loop
      vertex  1.735119e-001  2.200209e-001  0.000000e+000
      vertex  1.735119e-001  2.200209e-001  6.171875e-001
      vertex  1.883693e-001  2.120794e-001  0.000000e+000
    endloop
  endfacet
  facet normal  4.713964e-001  8.819214e-001  -0.000000e+000
    outer loop
      vertex  1.883693e-001  2.120794e-001  0.000000e+000
      vertex  1.735119e-001  2.200209e-001  6.171875e-001
      vertex  1.883693e-001  2.120794e-001  6.171875e-001
    endloop
  endfacet
  facet normal  6.343930e-001  7.730107e-001  0.000000e+000
    outer loop
      vertex  1.883693e-001  2.120794e-001  0.000000e+000
      vertex  1.883693e-001  2.120794e-001  6.171875e-001
      vertex  2.013920e-001  2.013920e-001  0.000000e+000
    endloop
  endfacet
  facet normal  6.343930e-001  7.730107e-001  -0.000000e+000
    outer loop
      vertex  2.013920e-001  2.013920e-001  0.000000e+000
      vertex  1.883693e-001  2.120794e-001  6.171875e-001
      vertex  2.013920e-001  2.013920e-001  6.171875e-001
    endloop
  endfacet
  facet normal  7.730107e-001  6.343930e-001  0.000000e+000
    outer loop
      vertex  2.013920e-001  2.013920e-001  0.000000e+000
      vertex  2.013920e-001  2.013920e-001  6.171875e-001
      vertex  2.120794e-001  1.883693e-001  0.000000e+000
    endloop
  endfacet
  facet normal  7.730107e-001  6.343930e-001  -0.000000e+000
    outer loop
      vertex  2.120794e-001  1.883693e-001  0.000000e+000
      vertex  2.013920e-001  2.013920e-001  6.171875e-001
      vertex  2.120794e-001  1.883693e-001  6.171875e-001
    endloop
  endfacet
  facet normal  8.819214e-001  4.713964e-001  0.000000e+000
    outer loop
      vertex  2.120794e-001  1.883693e-001  0.000000e+000
      vertex  2.120794e-001  1.883693e-001  6.171875e-001
      vertex  2.200209e-001  1.735119e-001  0.000000e+000
    endloop
  endfacet
  facet normal  8.819214e-001  4.713964e-001  -0.000000e+000
    outer loop
      vertex  2.200209e-001  1.735119e-001  0.000000e+000
      vertex  2.120794e-001  1.883693e-001  6.171875e-001
      vertex  2.200209e-001  1.735119e-001  6.171875e-001
    endloop
  endfacet
  facet normal  9.569404e-001  2.902847e-001  0.000000e+000
    outer loop
      vertex  2.200209e-001  1.735119e-001  0.000000e+000
      vertex  2.200209e-001  1.735119e-001  6.171875e-001
      vertex  2.249112e-001  1.573906e-001  0.000000e+000
    endloop
  endfacet
  facet normal  9.569404e-001  2.902847e-001  -0.000000e+000
    outer loop
      vertex  2.249112e-001  1.573906e-001  0.000000e+000
      vertex  2.200209e-001  1.735119e-001  6.171875e-001
      vertex  2.249112e-001  1.573906e-001  6.171875e-001
    endloop
  endfacet
  facet normal  9.951847e-001  9.801754e-002  0.000000e+000
    outer loop
      vertex  2.249112e-001  1.573906e-001  0.000000e+000
      vertex  2.249112e-001  1.573906e-001  6.171875e-001
      vertex  2.265625e-001  1.406250e-001  0.000000e+000
    endloop
  endfacet
  facet normal  9.951847e-001  9.801754e-002  -0.000000e+000
    outer loop
      vertex  2.265625e-001  1.406250e-001  0.000000e+000
      vertex  2.249112e-001  1.573906e-001  6.171875e-001
      vertex  2.265625e-001  1.406250e-001  6.171875e-001
    endloop
  endfacet
  facet normal -1.000000e+000  0.000000e+000  0.000000e+000
    outer loop
      vertex -2.343750e-001  2.265625e-001  0.000000e+000
      vertex -2.343750e-001 -2.343750e-001  0.000000e+000
      vertex -2.343750e-001  2.265625e-001  6.171875e-001
    endloop
  endfacet
  facet normal -1.000000e+000  -0.000000e+000  0.000000e+000
    outer loop
      vertex -2.343750e-001  2.265625e-001  6.171875e-001
      vertex -2.343750e-001 -2.343750e-001  0.000000e+000
      vertex -2.343750e-001 -2.343750e-001  6.171875e-001
    endloop
  endfacet
  facet normal  0.000000e+000 -1.000000e+000  0.000000e+000
    outer loop
      vertex -2.343750e-001 -2.343750e-001  0.000000e+000
      vertex  2.265625e-001 -2.343750e-001  0.000000e+000
      vertex -2.343750e-001 -2.343750e-001  6.171875e-001
    endloop
  endfacet
  facet normal  0.000000e+000 -1.000000e+000  0.000000e+000
    outer loop
      vertex -2.343750e-001 -2.343750e-001  6.171875e-001
      vertex  2.265625e-001 -2.343750e-001  0.000000e+000
      vertex  2.265625e-001 -2.343750e-001  6.171875e-001
    endloop
  endfacet
endsolid CATIA STL
