solid CATIA STL
  facet normal  0.000000e+000 -1.000000e+000  0.000000e+000
    outer loop
      vertex  1.365132e-002 -7.500000e-001  1.365132e-002
      vertex -1.365132e-002 -7.500000e-001  1.365132e-002
      vertex -1.365132e-002 -7.500000e-001 -5.838816e-003
    endloop
  endfacet
  facet normal  0.000000e+000 -9.999999e-001  0.000000e+000
    outer loop
      vertex  1.365132e-002 -7.500000e-001  1.365132e-002
      vertex -1.365132e-002 -7.500000e-001 -5.838816e-003
      vertex -1.350120e-002 -7.500000e-001 -7.362959e-003
    endloop
  endfacet
  facet normal  0.000000e+000 -1.000000e+000  0.000000e+000
    outer loop
      vertex  1.365132e-002 -7.500000e-001  1.365132e-002
      vertex -1.350120e-002 -7.500000e-001 -7.362959e-003
      vertex -1.305662e-002 -7.500000e-001 -8.828530e-003
    endloop
  endfacet
  facet normal  0.000000e+000 -1.000000e+000  0.000000e+000
    outer loop
      vertex  1.365132e-002 -7.500000e-001  1.365132e-002
      vertex -1.305662e-002 -7.500000e-001 -8.828530e-003
      vertex -1.233467e-002 -7.500000e-001 -1.017921e-002
    endloop
  endfacet
  facet normal  0.000000e+000 -1.000000e+000  0.000000e+000
    outer loop
      vertex  1.365132e-002 -7.500000e-001  1.365132e-002
      vertex -1.233467e-002 -7.500000e-001 -1.017921e-002
      vertex -1.136309e-002 -7.500000e-001 -1.136309e-002
    endloop
  endfacet
  facet normal  0.000000e+000 -1.000000e+000  0.000000e+000
    outer loop
      vertex  1.365132e-002 -7.500000e-001  1.365132e-002
      vertex -1.136309e-002 -7.500000e-001 -1.136309e-002
      vertex -1.017921e-002 -7.500000e-001 -1.233467e-002
    endloop
  endfacet
  facet normal  0.000000e+000 -1.000000e+000  0.000000e+000
    outer loop
      vertex  1.365132e-002 -7.500000e-001  1.365132e-002
      vertex -1.017921e-002 -7.500000e-001 -1.233467e-002
      vertex -8.828530e-003 -7.500000e-001 -1.305662e-002
    endloop
  endfacet
  facet normal  0.000000e+000 -1.000000e+000  0.000000e+000
    outer loop
      vertex  1.365132e-002 -7.500000e-001  1.365132e-002
      vertex -8.828530e-003 -7.500000e-001 -1.305662e-002
      vertex -7.362959e-003 -7.500000e-001 -1.350120e-002
    endloop
  endfacet
  facet normal  0.000000e+000 -9.999999e-001  0.000000e+000
    outer loop
      vertex  1.365132e-002 -7.500000e-001  1.365132e-002
      vertex -7.362959e-003 -7.500000e-001 -1.350120e-002
      vertex -5.838816e-003 -7.500000e-001 -1.365132e-002
    endloop
  endfacet
  facet normal  0.000000e+000 -1.000000e+000  0.000000e+000
    outer loop
      vertex  1.365132e-002 -7.500000e-001  1.365132e-002
      vertex -5.838816e-003 -7.500000e-001 -1.365132e-002
      vertex  1.365132e-002 -7.500000e-001 -1.365132e-002
    endloop
  endfacet
  facet normal -6.071532e-017  1.000000e+000 -6.071532e-017
    outer loop
      vertex  1.365132e-002  3.555042e-018  1.365132e-002
      vertex  1.365132e-002  1.897354e-018 -1.365132e-002
      vertex -5.838816e-003  7.140042e-019 -1.365132e-002
    endloop
  endfacet
  facet normal -6.071533e-017  9.999999e-001 -6.071532e-017
    outer loop
      vertex  1.365132e-002  3.555042e-018  1.365132e-002
      vertex -5.838816e-003  7.140042e-019 -1.365132e-002
      vertex -7.362959e-003  6.305796e-019 -1.350120e-002
    endloop
  endfacet
  facet normal -6.071533e-017  1.000000e+000 -6.071532e-017
    outer loop
      vertex  1.365132e-002  3.555042e-018  1.365132e-002
      vertex -7.362959e-003  6.305796e-019 -1.350120e-002
      vertex -8.828530e-003  5.685896e-019 -1.305662e-002
    endloop
  endfacet
  facet normal -6.071531e-017  1.000000e+000 -6.071533e-017
    outer loop
      vertex  1.365132e-002  3.555042e-018  1.365132e-002
      vertex -8.828530e-003  5.685896e-019 -1.305662e-002
      vertex -1.017921e-002  5.304163e-019 -1.233467e-002
    endloop
  endfacet
  facet normal -6.071534e-017  1.000000e+000 -6.071530e-017
    outer loop
      vertex  1.365132e-002  3.555042e-018  1.365132e-002
      vertex -1.017921e-002  5.304163e-019 -1.233467e-002
      vertex -1.136309e-002  5.175268e-019 -1.136309e-002
    endloop
  endfacet
  facet normal -6.071530e-017  1.000000e+000 -6.071534e-017
    outer loop
      vertex  1.365132e-002  3.555042e-018  1.365132e-002
      vertex -1.136309e-002  5.175268e-019 -1.136309e-002
      vertex -1.233467e-002  5.304163e-019 -1.017921e-002
    endloop
  endfacet
  facet normal -6.071533e-017  1.000000e+000 -6.071531e-017
    outer loop
      vertex  1.365132e-002  3.555042e-018  1.365132e-002
      vertex -1.233467e-002  5.304163e-019 -1.017921e-002
      vertex -1.305662e-002  5.685896e-019 -8.828530e-003
    endloop
  endfacet
  facet normal -6.071532e-017  1.000000e+000 -6.071533e-017
    outer loop
      vertex  1.365132e-002  3.555042e-018  1.365132e-002
      vertex -1.305662e-002  5.685896e-019 -8.828530e-003
      vertex -1.350120e-002  6.305796e-019 -7.362959e-003
    endloop
  endfacet
  facet normal -6.071532e-017  9.999999e-001 -6.071533e-017
    outer loop
      vertex  1.365132e-002  3.555042e-018  1.365132e-002
      vertex -1.350120e-002  6.305796e-019 -7.362959e-003
      vertex -1.365132e-002  7.140042e-019 -5.838816e-003
    endloop
  endfacet
  facet normal -6.071532e-017  1.000000e+000 -6.071532e-017
    outer loop
      vertex  1.365132e-002  3.555042e-018  1.365132e-002
      vertex -1.365132e-002  7.140042e-019 -5.838816e-003
      vertex -1.365132e-002  1.897354e-018  1.365132e-002
    endloop
  endfacet
  facet normal -9.999999e-001  0.000000e+000  0.000000e+000
    outer loop
      vertex -1.365132e-002  1.897354e-018  1.365132e-002
      vertex -1.365132e-002  7.140042e-019 -5.838816e-003
      vertex -1.365132e-002 -7.500000e-001  1.365132e-002
    endloop
  endfacet
  facet normal -9.999999e-001  0.000000e+000  0.000000e+000
    outer loop
      vertex -1.365132e-002 -7.500000e-001  1.365132e-002
      vertex -1.365132e-002  7.140042e-019 -5.838816e-003
      vertex -1.365132e-002 -7.500000e-001 -5.838816e-003
    endloop
  endfacet
  facet normal  0.000000e+000  0.000000e+000 -9.999999e-001
    outer loop
      vertex -5.838816e-003  7.140042e-019 -1.365132e-002
      vertex  1.365132e-002  1.897354e-018 -1.365132e-002
      vertex -5.838816e-003 -7.500000e-001 -1.365132e-002
    endloop
  endfacet
  facet normal  0.000000e+000  0.000000e+000 -9.999999e-001
    outer loop
      vertex -5.838816e-003 -7.500000e-001 -1.365132e-002
      vertex  1.365132e-002  1.897354e-018 -1.365132e-002
      vertex  1.365132e-002 -7.500000e-001 -1.365132e-002
    endloop
  endfacet
  facet normal -9.801728e-002  0.000000e+000 -9.951847e-001
    outer loop
      vertex -5.838816e-003  7.140042e-019 -1.365132e-002
      vertex -5.838816e-003 -7.500000e-001 -1.365132e-002
      vertex -7.362959e-003  6.305796e-019 -1.350120e-002
    endloop
  endfacet
  facet normal -9.801728e-002  -0.000000e+000 -9.951847e-001
    outer loop
      vertex -7.362959e-003  6.305796e-019 -1.350120e-002
      vertex -5.838816e-003 -7.500000e-001 -1.365132e-002
      vertex -7.362959e-003 -7.500000e-001 -1.350120e-002
    endloop
  endfacet
  facet normal -2.902847e-001  0.000000e+000 -9.569404e-001
    outer loop
      vertex -7.362959e-003  6.305796e-019 -1.350120e-002
      vertex -7.362959e-003 -7.500000e-001 -1.350120e-002
      vertex -8.828530e-003  5.685896e-019 -1.305662e-002
    endloop
  endfacet
  facet normal -2.902847e-001  -0.000000e+000 -9.569404e-001
    outer loop
      vertex -8.828530e-003  5.685896e-019 -1.305662e-002
      vertex -7.362959e-003 -7.500000e-001 -1.350120e-002
      vertex -8.828530e-003 -7.500000e-001 -1.305662e-002
    endloop
  endfacet
  facet normal -4.713968e-001  0.000000e+000 -8.819212e-001
    outer loop
      vertex -8.828530e-003  5.685896e-019 -1.305662e-002
      vertex -8.828530e-003 -7.500000e-001 -1.305662e-002
      vertex -1.017921e-002  5.304163e-019 -1.233467e-002
    endloop
  endfacet
  facet normal -4.713968e-001  -0.000000e+000 -8.819212e-001
    outer loop
      vertex -1.017921e-002  5.304163e-019 -1.233467e-002
      vertex -8.828530e-003 -7.500000e-001 -1.305662e-002
      vertex -1.017921e-002 -7.500000e-001 -1.233467e-002
    endloop
  endfacet
  facet normal -6.343935e-001  0.000000e+000 -7.730103e-001
    outer loop
      vertex -1.017921e-002  5.304163e-019 -1.233467e-002
      vertex -1.017921e-002 -7.500000e-001 -1.233467e-002
      vertex -1.136309e-002  5.175268e-019 -1.136309e-002
    endloop
  endfacet
  facet normal -6.343935e-001  -0.000000e+000 -7.730103e-001
    outer loop
      vertex -1.136309e-002  5.175268e-019 -1.136309e-002
      vertex -1.017921e-002 -7.500000e-001 -1.233467e-002
      vertex -1.136309e-002 -7.500000e-001 -1.136309e-002
    endloop
  endfacet
  facet normal -7.730103e-001  0.000000e+000 -6.343935e-001
    outer loop
      vertex -1.136309e-002  5.175268e-019 -1.136309e-002
      vertex -1.136309e-002 -7.500000e-001 -1.136309e-002
      vertex -1.233467e-002  5.304163e-019 -1.017921e-002
    endloop
  endfacet
  facet normal -7.730103e-001  -0.000000e+000 -6.343935e-001
    outer loop
      vertex -1.233467e-002  5.304163e-019 -1.017921e-002
      vertex -1.136309e-002 -7.500000e-001 -1.136309e-002
      vertex -1.233467e-002 -7.500000e-001 -1.017921e-002
    endloop
  endfacet
  facet normal -8.819212e-001  0.000000e+000 -4.713968e-001
    outer loop
      vertex -1.233467e-002  5.304163e-019 -1.017921e-002
      vertex -1.233467e-002 -7.500000e-001 -1.017921e-002
      vertex -1.305662e-002  5.685896e-019 -8.828530e-003
    endloop
  endfacet
  facet normal -8.819212e-001  -0.000000e+000 -4.713968e-001
    outer loop
      vertex -1.305662e-002  5.685896e-019 -8.828530e-003
      vertex -1.233467e-002 -7.500000e-001 -1.017921e-002
      vertex -1.305662e-002 -7.500000e-001 -8.828530e-003
    endloop
  endfacet
  facet normal -9.569404e-001  0.000000e+000 -2.902847e-001
    outer loop
      vertex -1.305662e-002  5.685896e-019 -8.828530e-003
      vertex -1.305662e-002 -7.500000e-001 -8.828530e-003
      vertex -1.350120e-002  6.305796e-019 -7.362959e-003
    endloop
  endfacet
  facet normal -9.569404e-001  -0.000000e+000 -2.902847e-001
    outer loop
      vertex -1.350120e-002  6.305796e-019 -7.362959e-003
      vertex -1.305662e-002 -7.500000e-001 -8.828530e-003
      vertex -1.350120e-002 -7.500000e-001 -7.362959e-003
    endloop
  endfacet
  facet normal -9.951847e-001  0.000000e+000 -9.801728e-002
    outer loop
      vertex -1.350120e-002  6.305796e-019 -7.362959e-003
      vertex -1.350120e-002 -7.500000e-001 -7.362959e-003
      vertex -1.365132e-002  7.140042e-019 -5.838816e-003
    endloop
  endfacet
  facet normal -9.951847e-001  -0.000000e+000 -9.801728e-002
    outer loop
      vertex -1.365132e-002  7.140042e-019 -5.838816e-003
      vertex -1.350120e-002 -7.500000e-001 -7.362959e-003
      vertex -1.365132e-002 -7.500000e-001 -5.838816e-003
    endloop
  endfacet
  facet normal  -0.000000e+000  0.000000e+000  1.000000e+000
    outer loop
      vertex  1.365132e-002  3.555042e-018  1.365132e-002
      vertex -1.365132e-002  1.897354e-018  1.365132e-002
      vertex  1.365132e-002 -7.500000e-001  1.365132e-002
    endloop
  endfacet
  facet normal  0.000000e+000  0.000000e+000  1.000000e+000
    outer loop
      vertex  1.365132e-002 -7.500000e-001  1.365132e-002
      vertex -1.365132e-002  1.897354e-018  1.365132e-002
      vertex -1.365132e-002 -7.500000e-001  1.365132e-002
    endloop
  endfacet
  facet normal  1.000000e+000  0.000000e+000  0.000000e+000
    outer loop
      vertex  1.365132e-002  1.897354e-018 -1.365132e-002
      vertex  1.365132e-002  3.555042e-018  1.365132e-002
      vertex  1.365132e-002 -7.500000e-001 -1.365132e-002
    endloop
  endfacet
  facet normal  1.000000e+000  0.000000e+000  0.000000e+000
    outer loop
      vertex  1.365132e-002 -7.500000e-001 -1.365132e-002
      vertex  1.365132e-002  3.555042e-018  1.365132e-002
      vertex  1.365132e-002 -7.500000e-001  1.365132e-002
    endloop
  endfacet
endsolid CATIA STL
