solid CATIA STL
  facet normal  0.000000e+000 -1.000000e+000  0.000000e+000
    outer loop
      vertex -2.343750e-002 -7.500000e-001  2.343750e-002
      vertex -1.562500e-002 -7.500000e-001 -1.562500e-002
      vertex -1.562500e-002 -7.500000e-001  1.562500e-002
    endloop
  endfacet
  facet normal  0.000000e+000 -1.000000e+000  0.000000e+000
    outer loop
      vertex -2.343750e-002 -7.500000e-001  2.343750e-002
      vertex -2.343750e-002 -7.500000e-001 -2.343750e-002
      vertex -1.562500e-002 -7.500000e-001 -1.562500e-002
    endloop
  endfacet
  facet normal  0.000000e+000 -1.000000e+000  0.000000e+000
    outer loop
      vertex  2.343750e-002 -7.500000e-001  2.343750e-002
      vertex -2.343750e-002 -7.500000e-001  2.343750e-002
      vertex -1.562500e-002 -7.500000e-001  1.562500e-002
    endloop
  endfacet
  facet normal  0.000000e+000 -1.000000e+000  0.000000e+000
    outer loop
      vertex  2.343750e-002 -7.500000e-001  2.343750e-002
      vertex -1.562500e-002 -7.500000e-001  1.562500e-002
      vertex  1.562500e-002 -7.500000e-001  1.562500e-002
    endloop
  endfacet
  facet normal  0.000000e+000 -1.000000e+000  0.000000e+000
    outer loop
      vertex  2.343750e-002 -7.500000e-001  2.343750e-002
      vertex  1.562500e-002 -7.500000e-001  1.562500e-002
      vertex  1.562500e-002 -7.500000e-001 -1.562500e-002
    endloop
  endfacet
  facet normal  0.000000e+000 -1.000000e+000  -0.000000e+000
    outer loop
      vertex  2.343750e-002 -7.500000e-001 -2.343750e-002
      vertex  2.343750e-002 -7.500000e-001  2.343750e-002
      vertex  1.562500e-002 -7.500000e-001 -1.562500e-002
    endloop
  endfacet
  facet normal  -0.000000e+000 -1.000000e+000  -0.000000e+000
    outer loop
      vertex  2.343750e-002 -7.500000e-001 -2.343750e-002
      vertex  1.562500e-002 -7.500000e-001 -1.562500e-002
      vertex -1.562500e-002 -7.500000e-001 -1.562500e-002
    endloop
  endfacet
  facet normal  0.000000e+000 -1.000000e+000  -0.000000e+000
    outer loop
      vertex  2.343750e-002 -7.500000e-001 -2.343750e-002
      vertex -1.562500e-002 -7.500000e-001 -1.562500e-002
      vertex -2.343750e-002 -7.500000e-001 -2.343750e-002
    endloop
  endfacet
  facet normal  0.000000e+000  0.000000e+000  1.000000e+000
    outer loop
      vertex -1.562500e-002 -7.812500e-003 -1.562500e-002
      vertex -1.562500e-002 -7.500000e-001 -1.562500e-002
      vertex  1.562500e-002 -7.812500e-003 -1.562500e-002
    endloop
  endfacet
  facet normal  0.000000e+000  0.000000e+000  1.000000e+000
    outer loop
      vertex  1.562500e-002 -7.812500e-003 -1.562500e-002
      vertex -1.562500e-002 -7.500000e-001 -1.562500e-002
      vertex  1.562500e-002 -7.500000e-001 -1.562500e-002
    endloop
  endfacet
  facet normal -1.000000e+000  0.000000e+000  0.000000e+000
    outer loop
      vertex  1.562500e-002 -7.812500e-003 -1.562500e-002
      vertex  1.562500e-002 -7.500000e-001 -1.562500e-002
      vertex  1.562500e-002 -7.812500e-003  1.562500e-002
    endloop
  endfacet
  facet normal -1.000000e+000  -0.000000e+000  0.000000e+000
    outer loop
      vertex  1.562500e-002 -7.812500e-003  1.562500e-002
      vertex  1.562500e-002 -7.500000e-001 -1.562500e-002
      vertex  1.562500e-002 -7.500000e-001  1.562500e-002
    endloop
  endfacet
  facet normal  0.000000e+000  0.000000e+000 -1.000000e+000
    outer loop
      vertex  1.562500e-002 -7.812500e-003  1.562500e-002
      vertex  1.562500e-002 -7.500000e-001  1.562500e-002
      vertex -1.562500e-002 -7.812500e-003  1.562500e-002
    endloop
  endfacet
  facet normal  0.000000e+000  0.000000e+000 -1.000000e+000
    outer loop
      vertex -1.562500e-002 -7.812500e-003  1.562500e-002
      vertex  1.562500e-002 -7.500000e-001  1.562500e-002
      vertex -1.562500e-002 -7.500000e-001  1.562500e-002
    endloop
  endfacet
  facet normal  1.000000e+000  -0.000000e+000  0.000000e+000
    outer loop
      vertex -1.562500e-002 -7.812500e-003  1.562500e-002
      vertex -1.562500e-002 -7.500000e-001  1.562500e-002
      vertex -1.562500e-002 -7.812500e-003 -1.562500e-002
    endloop
  endfacet
  facet normal  1.000000e+000  0.000000e+000  0.000000e+000
    outer loop
      vertex -1.562500e-002 -7.812500e-003 -1.562500e-002
      vertex -1.562500e-002 -7.500000e-001  1.562500e-002
      vertex -1.562500e-002 -7.500000e-001 -1.562500e-002
    endloop
  endfacet
  facet normal  0.000000e+000 -1.000000e+000  0.000000e+000
    outer loop
      vertex -1.562500e-002 -7.812500e-003 -1.562500e-002
      vertex  1.562500e-002 -7.812500e-003 -1.562500e-002
      vertex -1.562500e-002 -7.812500e-003  1.562500e-002
    endloop
  endfacet
  facet normal  0.000000e+000 -1.000000e+000  0.000000e+000
    outer loop
      vertex -1.562500e-002 -7.812500e-003  1.562500e-002
      vertex  1.562500e-002 -7.812500e-003 -1.562500e-002
      vertex  1.562500e-002 -7.812500e-003  1.562500e-002
    endloop
  endfacet
  facet normal -6.245005e-017  1.000000e+000 -6.245005e-017
    outer loop
      vertex -2.343750e-002  0.000000e+000 -2.343750e-002
      vertex -2.343750e-002  2.927346e-018  2.343750e-002
      vertex  2.343750e-002  2.927346e-018 -2.343750e-002
    endloop
  endfacet
  facet normal -6.245005e-017  1.000000e+000 -6.245005e-017
    outer loop
      vertex  2.343750e-002  2.927346e-018 -2.343750e-002
      vertex -2.343750e-002  2.927346e-018  2.343750e-002
      vertex  2.343750e-002  5.854692e-018  2.343750e-002
    endloop
  endfacet
  facet normal -1.000000e+000  0.000000e+000  0.000000e+000
    outer loop
      vertex -2.343750e-002  2.927346e-018  2.343750e-002
      vertex -2.343750e-002  0.000000e+000 -2.343750e-002
      vertex -2.343750e-002 -7.500000e-001  2.343750e-002
    endloop
  endfacet
  facet normal -1.000000e+000  0.000000e+000  0.000000e+000
    outer loop
      vertex -2.343750e-002 -7.500000e-001  2.343750e-002
      vertex -2.343750e-002  0.000000e+000 -2.343750e-002
      vertex -2.343750e-002 -7.500000e-001 -2.343750e-002
    endloop
  endfacet
  facet normal  -0.000000e+000  0.000000e+000  1.000000e+000
    outer loop
      vertex  2.343750e-002  5.854692e-018  2.343750e-002
      vertex -2.343750e-002  2.927346e-018  2.343750e-002
      vertex  2.343750e-002 -7.500000e-001  2.343750e-002
    endloop
  endfacet
  facet normal  0.000000e+000  0.000000e+000  1.000000e+000
    outer loop
      vertex  2.343750e-002 -7.500000e-001  2.343750e-002
      vertex -2.343750e-002  2.927346e-018  2.343750e-002
      vertex -2.343750e-002 -7.500000e-001  2.343750e-002
    endloop
  endfacet
  facet normal  1.000000e+000  0.000000e+000  0.000000e+000
    outer loop
      vertex  2.343750e-002  2.927346e-018 -2.343750e-002
      vertex  2.343750e-002  5.854692e-018  2.343750e-002
      vertex  2.343750e-002 -7.500000e-001 -2.343750e-002
    endloop
  endfacet
  facet normal  1.000000e+000  0.000000e+000  0.000000e+000
    outer loop
      vertex  2.343750e-002 -7.500000e-001 -2.343750e-002
      vertex  2.343750e-002  5.854692e-018  2.343750e-002
      vertex  2.343750e-002 -7.500000e-001  2.343750e-002
    endloop
  endfacet
  facet normal  0.000000e+000  0.000000e+000 -1.000000e+000
    outer loop
      vertex -2.343750e-002  0.000000e+000 -2.343750e-002
      vertex  2.343750e-002  2.927346e-018 -2.343750e-002
      vertex -2.343750e-002 -7.500000e-001 -2.343750e-002
    endloop
  endfacet
  facet normal  0.000000e+000  0.000000e+000 -1.000000e+000
    outer loop
      vertex -2.343750e-002 -7.500000e-001 -2.343750e-002
      vertex  2.343750e-002  2.927346e-018 -2.343750e-002
      vertex  2.343750e-002 -7.500000e-001 -2.343750e-002
    endloop
  endfacet
endsolid CATIA STL
