solid CATIA STL
  facet normal  0.000000e+000  1.000000e+000  -0.000000e+000
    outer loop
      vertex  2.343750e-001  0.000000e+000  1.274671e-002
      vertex  2.343750e-001  0.000000e+000 -1.435133e-017
      vertex  7.812500e-003  0.000000e+000 -4.783777e-019
    endloop
  endfacet
  facet normal  0.000000e+000  1.000000e+000  -0.000000e+000
    outer loop
      vertex  2.343750e-001  0.000000e+000  1.274671e-002
      vertex  7.812500e-003  0.000000e+000 -4.783777e-019
      vertex  6.288357e-003  0.000000e+000  1.501150e-004
    endloop
  endfacet
  facet normal  0.000000e+000  1.000000e+000  -0.000000e+000
    outer loop
      vertex  2.343750e-001  0.000000e+000  1.274671e-002
      vertex  6.288357e-003  0.000000e+000  1.501150e-004
      vertex  4.822786e-003  0.000000e+000  5.946911e-004
    endloop
  endfacet
  facet normal  0.000000e+000  1.000000e+000  -0.000000e+000
    outer loop
      vertex  2.343750e-001  0.000000e+000  1.274671e-002
      vertex  4.822786e-003  0.000000e+000  5.946911e-004
      vertex  3.472107e-003  0.000000e+000  1.316644e-003
    endloop
  endfacet
  facet normal  0.000000e+000  1.000000e+000  -0.000000e+000
    outer loop
      vertex  2.343750e-001  0.000000e+000  1.274671e-002
      vertex  3.472107e-003  0.000000e+000  1.316644e-003
      vertex  2.288228e-003  0.000000e+000  2.288228e-003
    endloop
  endfacet
  facet normal  0.000000e+000  1.000000e+000  -0.000000e+000
    outer loop
      vertex  2.343750e-001  0.000000e+000  1.274671e-002
      vertex  2.288228e-003  0.000000e+000  2.288228e-003
      vertex  1.316644e-003  0.000000e+000  3.472107e-003
    endloop
  endfacet
  facet normal  0.000000e+000  1.000000e+000  -0.000000e+000
    outer loop
      vertex  2.343750e-001  0.000000e+000  1.274671e-002
      vertex  1.316644e-003  0.000000e+000  3.472107e-003
      vertex  5.946911e-004  0.000000e+000  4.822786e-003
    endloop
  endfacet
  facet normal  0.000000e+000  1.000000e+000  -0.000000e+000
    outer loop
      vertex  2.343750e-001  0.000000e+000  1.274671e-002
      vertex  5.946911e-004  0.000000e+000  4.822786e-003
      vertex  1.501150e-004  0.000000e+000  6.288357e-003
    endloop
  endfacet
  facet normal  0.000000e+000  1.000000e+000  -0.000000e+000
    outer loop
      vertex  2.343750e-001  0.000000e+000  1.274671e-002
      vertex  1.501150e-004  0.000000e+000  6.288357e-003
      vertex  4.783777e-019  0.000000e+000  7.812500e-003
    endloop
  endfacet
  facet normal  0.000000e+000  1.000000e+000  0.000000e+000
    outer loop
      vertex  2.343750e-001  0.000000e+000  1.274671e-002
      vertex  4.783777e-019  0.000000e+000  7.812500e-003
      vertex  7.805109e-019  0.000000e+000  1.274671e-002
    endloop
  endfacet
  facet normal -6.123234e-017  0.000000e+000 -1.000000e+000
    outer loop
      vertex  7.812500e-003  0.000000e+000 -4.783777e-019
      vertex  2.343750e-001  0.000000e+000 -1.435133e-017
      vertex  7.812500e-003 -3.125000e-002 -4.783777e-019
    endloop
  endfacet
  facet normal -6.123507e-017 -6.268337e-021 -9.999999e-001
    outer loop
      vertex  2.358992e-001 -1.501150e-004 -1.444466e-017
      vertex  2.373647e-001 -5.946911e-004 -1.453440e-017
      vertex  2.387154e-001 -1.316644e-003 -1.461710e-017
    endloop
  endfacet
  facet normal -6.123212e-017  8.457251e-022 -1.000000e+000
    outer loop
      vertex  2.358992e-001 -1.501150e-004 -1.444466e-017
      vertex  2.387154e-001 -1.316644e-003 -1.461710e-017
      vertex  2.398993e-001 -2.288228e-003 -1.468959e-017
    endloop
  endfacet
  facet normal -6.123275e-017 -3.025769e-022 -1.000000e+000
    outer loop
      vertex  2.358992e-001 -1.501150e-004 -1.444466e-017
      vertex  2.398993e-001 -2.288228e-003 -1.468959e-017
      vertex  2.408709e-001 -3.472107e-003 -1.474909e-017
    endloop
  endfacet
  facet normal -6.123286e-017 -4.846397e-022 -1.000000e+000
    outer loop
      vertex  2.358992e-001 -1.501150e-004 -1.444466e-017
      vertex  2.408709e-001 -3.472107e-003 -1.474909e-017
      vertex  2.415928e-001 -4.822786e-003 -1.479329e-017
    endloop
  endfacet
  facet normal -6.123245e-017  1.964802e-023 -9.999999e-001
    outer loop
      vertex  2.358992e-001 -1.501150e-004 -1.444466e-017
      vertex  2.415928e-001 -4.822786e-003 -1.479329e-017
      vertex  2.420374e-001 -6.288357e-003 -1.482052e-017
    endloop
  endfacet
  facet normal -6.123264e-017 -1.730404e-022 -1.000000e+000
    outer loop
      vertex  2.358992e-001 -1.501150e-004 -1.444466e-017
      vertex  2.420374e-001 -6.288357e-003 -1.482052e-017
      vertex  2.421875e-001 -7.812500e-003 -1.482971e-017
    endloop
  endfacet
  facet normal -6.123234e-017 -1.764652e-024 -1.000000e+000
    outer loop
      vertex  2.421875e-001 -3.125000e-002 -1.482971e-017
      vertex  7.812500e-003 -3.125000e-002 -4.783777e-019
      vertex  2.343750e-001  0.000000e+000 -1.435133e-017
    endloop
  endfacet
  facet normal -6.123246e-017 -6.864359e-024 -1.000000e+000
    outer loop
      vertex  2.421875e-001 -3.125000e-002 -1.482971e-017
      vertex  2.343750e-001  0.000000e+000 -1.435133e-017
      vertex  2.358992e-001 -1.501150e-004 -1.444466e-017
    endloop
  endfacet
  facet normal -6.123243e-017  0.000000e+000 -1.000000e+000
    outer loop
      vertex  2.421875e-001 -3.125000e-002 -1.482971e-017
      vertex  2.358992e-001 -1.501150e-004 -1.444466e-017
      vertex  2.421875e-001 -7.812500e-003 -1.482971e-017
    endloop
  endfacet
  facet normal  0.000000e+000 -1.000000e+000  -0.000000e+000
    outer loop
      vertex  2.421875e-001 -3.125000e-002  1.274671e-002
      vertex  7.805109e-019 -3.125000e-002  1.274671e-002
      vertex  4.783777e-019 -3.125000e-002  7.812500e-003
    endloop
  endfacet
  facet normal  0.000000e+000 -9.999999e-001  0.000000e+000
    outer loop
      vertex  2.421875e-001 -3.125000e-002  1.274671e-002
      vertex  4.783777e-019 -3.125000e-002  7.812500e-003
      vertex  1.501150e-004 -3.125000e-002  6.288357e-003
    endloop
  endfacet
  facet normal  0.000000e+000 -1.000000e+000  0.000000e+000
    outer loop
      vertex  2.421875e-001 -3.125000e-002  1.274671e-002
      vertex  1.501150e-004 -3.125000e-002  6.288357e-003
      vertex  5.946911e-004 -3.125000e-002  4.822786e-003
    endloop
  endfacet
  facet normal  0.000000e+000 -1.000000e+000  0.000000e+000
    outer loop
      vertex  2.421875e-001 -3.125000e-002  1.274671e-002
      vertex  5.946911e-004 -3.125000e-002  4.822786e-003
      vertex  1.316644e-003 -3.125000e-002  3.472107e-003
    endloop
  endfacet
  facet normal  0.000000e+000 -1.000000e+000  0.000000e+000
    outer loop
      vertex  2.421875e-001 -3.125000e-002  1.274671e-002
      vertex  1.316644e-003 -3.125000e-002  3.472107e-003
      vertex  2.288228e-003 -3.125000e-002  2.288228e-003
    endloop
  endfacet
  facet normal  0.000000e+000 -1.000000e+000  0.000000e+000
    outer loop
      vertex  2.421875e-001 -3.125000e-002  1.274671e-002
      vertex  2.288228e-003 -3.125000e-002  2.288228e-003
      vertex  3.472107e-003 -3.125000e-002  1.316644e-003
    endloop
  endfacet
  facet normal  0.000000e+000 -1.000000e+000  0.000000e+000
    outer loop
      vertex  2.421875e-001 -3.125000e-002  1.274671e-002
      vertex  3.472107e-003 -3.125000e-002  1.316644e-003
      vertex  4.822786e-003 -3.125000e-002  5.946911e-004
    endloop
  endfacet
  facet normal  0.000000e+000 -1.000000e+000  0.000000e+000
    outer loop
      vertex  2.421875e-001 -3.125000e-002  1.274671e-002
      vertex  4.822786e-003 -3.125000e-002  5.946911e-004
      vertex  6.288357e-003 -3.125000e-002  1.501150e-004
    endloop
  endfacet
  facet normal  0.000000e+000 -1.000000e+000  0.000000e+000
    outer loop
      vertex  2.421875e-001 -3.125000e-002  1.274671e-002
      vertex  6.288357e-003 -3.125000e-002  1.501150e-004
      vertex  7.812500e-003 -3.125000e-002 -4.783777e-019
    endloop
  endfacet
  facet normal  0.000000e+000 -9.999999e-001  0.000000e+000
    outer loop
      vertex  2.421875e-001 -3.125000e-002  1.274671e-002
      vertex  7.812500e-003 -3.125000e-002 -4.783777e-019
      vertex  2.421875e-001 -3.125000e-002 -1.482971e-017
    endloop
  endfacet
  facet normal -1.000000e+000  0.000000e+000  6.123234e-017
    outer loop
      vertex  7.805109e-019  0.000000e+000  1.274671e-002
      vertex  4.783777e-019  0.000000e+000  7.812500e-003
      vertex  7.805109e-019 -3.125000e-002  1.274671e-002
    endloop
  endfacet
  facet normal -1.000000e+000  0.000000e+000  6.123234e-017
    outer loop
      vertex  7.805109e-019 -3.125000e-002  1.274671e-002
      vertex  4.783777e-019  0.000000e+000  7.812500e-003
      vertex  4.783777e-019 -3.125000e-002  7.812500e-003
    endloop
  endfacet
  facet normal -9.801716e-002  0.000000e+000 -9.951848e-001
    outer loop
      vertex  7.812500e-003  0.000000e+000 -4.783777e-019
      vertex  7.812500e-003 -3.125000e-002 -4.783777e-019
      vertex  6.288357e-003  0.000000e+000  1.501150e-004
    endloop
  endfacet
  facet normal -9.801716e-002  -0.000000e+000 -9.951848e-001
    outer loop
      vertex  6.288357e-003  0.000000e+000  1.501150e-004
      vertex  7.812500e-003 -3.125000e-002 -4.783777e-019
      vertex  6.288357e-003 -3.125000e-002  1.501150e-004
    endloop
  endfacet
  facet normal -2.902846e-001  0.000000e+000 -9.569404e-001
    outer loop
      vertex  6.288357e-003  0.000000e+000  1.501150e-004
      vertex  6.288357e-003 -3.125000e-002  1.501150e-004
      vertex  4.822786e-003  0.000000e+000  5.946911e-004
    endloop
  endfacet
  facet normal -2.902846e-001  -0.000000e+000 -9.569404e-001
    outer loop
      vertex  4.822786e-003  0.000000e+000  5.946911e-004
      vertex  6.288357e-003 -3.125000e-002  1.501150e-004
      vertex  4.822786e-003 -3.125000e-002  5.946911e-004
    endloop
  endfacet
  facet normal -4.713968e-001  0.000000e+000 -8.819213e-001
    outer loop
      vertex  4.822786e-003  0.000000e+000  5.946911e-004
      vertex  4.822786e-003 -3.125000e-002  5.946911e-004
      vertex  3.472107e-003  0.000000e+000  1.316644e-003
    endloop
  endfacet
  facet normal -4.713968e-001  -0.000000e+000 -8.819213e-001
    outer loop
      vertex  3.472107e-003  0.000000e+000  1.316644e-003
      vertex  4.822786e-003 -3.125000e-002  5.946911e-004
      vertex  3.472107e-003 -3.125000e-002  1.316644e-003
    endloop
  endfacet
  facet normal -6.343934e-001  0.000000e+000 -7.730104e-001
    outer loop
      vertex  3.472107e-003  0.000000e+000  1.316644e-003
      vertex  3.472107e-003 -3.125000e-002  1.316644e-003
      vertex  2.288228e-003  0.000000e+000  2.288228e-003
    endloop
  endfacet
  facet normal -6.343934e-001  -0.000000e+000 -7.730104e-001
    outer loop
      vertex  2.288228e-003  0.000000e+000  2.288228e-003
      vertex  3.472107e-003 -3.125000e-002  1.316644e-003
      vertex  2.288228e-003 -3.125000e-002  2.288228e-003
    endloop
  endfacet
  facet normal -7.730104e-001  0.000000e+000 -6.343934e-001
    outer loop
      vertex  2.288228e-003  0.000000e+000  2.288228e-003
      vertex  2.288228e-003 -3.125000e-002  2.288228e-003
      vertex  1.316644e-003  0.000000e+000  3.472107e-003
    endloop
  endfacet
  facet normal -7.730104e-001  -0.000000e+000 -6.343934e-001
    outer loop
      vertex  1.316644e-003  0.000000e+000  3.472107e-003
      vertex  2.288228e-003 -3.125000e-002  2.288228e-003
      vertex  1.316644e-003 -3.125000e-002  3.472107e-003
    endloop
  endfacet
  facet normal -8.819213e-001  0.000000e+000 -4.713968e-001
    outer loop
      vertex  1.316644e-003  0.000000e+000  3.472107e-003
      vertex  1.316644e-003 -3.125000e-002  3.472107e-003
      vertex  5.946911e-004  0.000000e+000  4.822786e-003
    endloop
  endfacet
  facet normal -8.819213e-001  -0.000000e+000 -4.713968e-001
    outer loop
      vertex  5.946911e-004  0.000000e+000  4.822786e-003
      vertex  1.316644e-003 -3.125000e-002  3.472107e-003
      vertex  5.946911e-004 -3.125000e-002  4.822786e-003
    endloop
  endfacet
  facet normal -9.569404e-001  0.000000e+000 -2.902846e-001
    outer loop
      vertex  5.946911e-004  0.000000e+000  4.822786e-003
      vertex  5.946911e-004 -3.125000e-002  4.822786e-003
      vertex  1.501150e-004  0.000000e+000  6.288357e-003
    endloop
  endfacet
  facet normal -9.569404e-001  -0.000000e+000 -2.902846e-001
    outer loop
      vertex  1.501150e-004  0.000000e+000  6.288357e-003
      vertex  5.946911e-004 -3.125000e-002  4.822786e-003
      vertex  1.501150e-004 -3.125000e-002  6.288357e-003
    endloop
  endfacet
  facet normal -9.951848e-001  0.000000e+000 -9.801716e-002
    outer loop
      vertex  1.501150e-004  0.000000e+000  6.288357e-003
      vertex  1.501150e-004 -3.125000e-002  6.288357e-003
      vertex  4.783777e-019  0.000000e+000  7.812500e-003
    endloop
  endfacet
  facet normal -9.951848e-001  -0.000000e+000 -9.801716e-002
    outer loop
      vertex  4.783777e-019  0.000000e+000  7.812500e-003
      vertex  1.501150e-004 -3.125000e-002  6.288357e-003
      vertex  4.783777e-019 -3.125000e-002  7.812500e-003
    endloop
  endfacet
  facet normal  0.000000e+000  0.000000e+000  1.000000e+000
    outer loop
      vertex  2.343750e-001  0.000000e+000  1.274671e-002
      vertex  2.387154e-001 -1.316644e-003  1.274671e-002
      vertex  2.358992e-001 -1.501150e-004  1.274671e-002
    endloop
  endfacet
  facet normal  0.000000e+000  0.000000e+000  9.999999e-001
    outer loop
      vertex  2.387154e-001 -1.316644e-003  1.274671e-002
      vertex  2.373647e-001 -5.946911e-004  1.274671e-002
      vertex  2.358992e-001 -1.501150e-004  1.274671e-002
    endloop
  endfacet
  facet normal  0.000000e+000  -0.000000e+000  1.000000e+000
    outer loop
      vertex  2.408709e-001 -3.472107e-003  1.274671e-002
      vertex  2.421875e-001 -3.125000e-002  1.274671e-002
      vertex  2.421875e-001 -7.812500e-003  1.274671e-002
    endloop
  endfacet
  facet normal  0.000000e+000  0.000000e+000  1.000000e+000
    outer loop
      vertex  2.408709e-001 -3.472107e-003  1.274671e-002
      vertex  2.421875e-001 -7.812500e-003  1.274671e-002
      vertex  2.420374e-001 -6.288357e-003  1.274671e-002
    endloop
  endfacet
  facet normal  0.000000e+000  0.000000e+000  9.999999e-001
    outer loop
      vertex  2.408709e-001 -3.472107e-003  1.274671e-002
      vertex  2.420374e-001 -6.288357e-003  1.274671e-002
      vertex  2.415928e-001 -4.822786e-003  1.274671e-002
    endloop
  endfacet
  facet normal  0.000000e+000  0.000000e+000  1.000000e+000
    outer loop
      vertex  7.805109e-019 -3.125000e-002  1.274671e-002
      vertex  2.421875e-001 -3.125000e-002  1.274671e-002
      vertex  2.408709e-001 -3.472107e-003  1.274671e-002
    endloop
  endfacet
  facet normal  0.000000e+000  0.000000e+000  9.999999e-001
    outer loop
      vertex  7.805109e-019 -3.125000e-002  1.274671e-002
      vertex  2.408709e-001 -3.472107e-003  1.274671e-002
      vertex  2.398993e-001 -2.288228e-003  1.274671e-002
    endloop
  endfacet
  facet normal  0.000000e+000  0.000000e+000  1.000000e+000
    outer loop
      vertex  7.805109e-019 -3.125000e-002  1.274671e-002
      vertex  2.398993e-001 -2.288228e-003  1.274671e-002
      vertex  2.387154e-001 -1.316644e-003  1.274671e-002
    endloop
  endfacet
  facet normal  0.000000e+000  0.000000e+000  1.000000e+000
    outer loop
      vertex  7.805109e-019 -3.125000e-002  1.274671e-002
      vertex  2.387154e-001 -1.316644e-003  1.274671e-002
      vertex  2.343750e-001  0.000000e+000  1.274671e-002
    endloop
  endfacet
  facet normal  0.000000e+000  0.000000e+000  1.000000e+000
    outer loop
      vertex  7.805109e-019 -3.125000e-002  1.274671e-002
      vertex  2.343750e-001  0.000000e+000  1.274671e-002
      vertex  7.805109e-019  0.000000e+000  1.274671e-002
    endloop
  endfacet
  facet normal  1.000000e+000  0.000000e+000  0.000000e+000
    outer loop
      vertex  2.421875e-001 -7.812500e-003 -1.482971e-017
      vertex  2.421875e-001 -7.812500e-003  1.274671e-002
      vertex  2.421875e-001 -3.125000e-002 -1.482971e-017
    endloop
  endfacet
  facet normal  1.000000e+000  0.000000e+000  0.000000e+000
    outer loop
      vertex  2.421875e-001 -3.125000e-002 -1.482971e-017
      vertex  2.421875e-001 -7.812500e-003  1.274671e-002
      vertex  2.421875e-001 -3.125000e-002  1.274671e-002
    endloop
  endfacet
  facet normal  9.801669e-002  9.951848e-001  0.000000e+000
    outer loop
      vertex  2.343750e-001  0.000000e+000 -1.435133e-017
      vertex  2.343750e-001  0.000000e+000  1.274671e-002
      vertex  2.358992e-001 -1.501150e-004 -1.444466e-017
    endloop
  endfacet
  facet normal  9.801669e-002  9.951848e-001  -0.000000e+000
    outer loop
      vertex  2.358992e-001 -1.501150e-004 -1.444466e-017
      vertex  2.343750e-001  0.000000e+000  1.274671e-002
      vertex  2.358992e-001 -1.501150e-004  1.274671e-002
    endloop
  endfacet
  facet normal  2.902869e-001  9.569396e-001  0.000000e+000
    outer loop
      vertex  2.358992e-001 -1.501150e-004 -1.444466e-017
      vertex  2.358992e-001 -1.501150e-004  1.274671e-002
      vertex  2.373647e-001 -5.946911e-004 -1.453440e-017
    endloop
  endfacet
  facet normal  2.902869e-001  9.569396e-001  -0.000000e+000
    outer loop
      vertex  2.373647e-001 -5.946911e-004 -1.453440e-017
      vertex  2.358992e-001 -1.501150e-004  1.274671e-002
      vertex  2.373647e-001 -5.946911e-004  1.274671e-002
    endloop
  endfacet
  facet normal  4.713946e-001  8.819224e-001  0.000000e+000
    outer loop
      vertex  2.373647e-001 -5.946911e-004 -1.453440e-017
      vertex  2.373647e-001 -5.946911e-004  1.274671e-002
      vertex  2.387154e-001 -1.316644e-003 -1.461710e-017
    endloop
  endfacet
  facet normal  4.713946e-001  8.819224e-001  -0.000000e+000
    outer loop
      vertex  2.387154e-001 -1.316644e-003 -1.461710e-017
      vertex  2.373647e-001 -5.946911e-004  1.274671e-002
      vertex  2.387154e-001 -1.316644e-003  1.274671e-002
    endloop
  endfacet
  facet normal  6.343923e-001  7.730112e-001  0.000000e+000
    outer loop
      vertex  2.387154e-001 -1.316644e-003 -1.461710e-017
      vertex  2.387154e-001 -1.316644e-003  1.274671e-002
      vertex  2.398993e-001 -2.288228e-003 -1.468959e-017
    endloop
  endfacet
  facet normal  6.343923e-001  7.730112e-001  -0.000000e+000
    outer loop
      vertex  2.398993e-001 -2.288228e-003 -1.468959e-017
      vertex  2.387154e-001 -1.316644e-003  1.274671e-002
      vertex  2.398993e-001 -2.288228e-003  1.274671e-002
    endloop
  endfacet
  facet normal  7.730101e-001  6.343937e-001  0.000000e+000
    outer loop
      vertex  2.398993e-001 -2.288228e-003 -1.468959e-017
      vertex  2.398993e-001 -2.288228e-003  1.274671e-002
      vertex  2.408709e-001 -3.472107e-003 -1.474909e-017
    endloop
  endfacet
  facet normal  7.730101e-001  6.343937e-001  -0.000000e+000
    outer loop
      vertex  2.408709e-001 -3.472107e-003 -1.474909e-017
      vertex  2.398993e-001 -2.288228e-003  1.274671e-002
      vertex  2.408709e-001 -3.472107e-003  1.274671e-002
    endloop
  endfacet
  facet normal  8.819230e-001  4.713936e-001  0.000000e+000
    outer loop
      vertex  2.408709e-001 -3.472107e-003 -1.474909e-017
      vertex  2.408709e-001 -3.472107e-003  1.274671e-002
      vertex  2.415928e-001 -4.822786e-003 -1.479329e-017
    endloop
  endfacet
  facet normal  8.819230e-001  4.713936e-001  -0.000000e+000
    outer loop
      vertex  2.415928e-001 -4.822786e-003 -1.479329e-017
      vertex  2.408709e-001 -3.472107e-003  1.274671e-002
      vertex  2.415928e-001 -4.822786e-003  1.274671e-002
    endloop
  endfacet
  facet normal  9.569404e-001  2.902846e-001  0.000000e+000
    outer loop
      vertex  2.415928e-001 -4.822786e-003 -1.479329e-017
      vertex  2.415928e-001 -4.822786e-003  1.274671e-002
      vertex  2.420374e-001 -6.288357e-003 -1.482052e-017
    endloop
  endfacet
  facet normal  9.569404e-001  2.902846e-001  -0.000000e+000
    outer loop
      vertex  2.420374e-001 -6.288357e-003 -1.482052e-017
      vertex  2.415928e-001 -4.822786e-003  1.274671e-002
      vertex  2.420374e-001 -6.288357e-003  1.274671e-002
    endloop
  endfacet
  facet normal  9.951848e-001  9.801670e-002  0.000000e+000
    outer loop
      vertex  2.420374e-001 -6.288357e-003 -1.482052e-017
      vertex  2.420374e-001 -6.288357e-003  1.274671e-002
      vertex  2.421875e-001 -7.812500e-003 -1.482971e-017
    endloop
  endfacet
  facet normal  9.951848e-001  9.801670e-002  -0.000000e+000
    outer loop
      vertex  2.421875e-001 -7.812500e-003 -1.482971e-017
      vertex  2.420374e-001 -6.288357e-003  1.274671e-002
      vertex  2.421875e-001 -7.812500e-003  1.274671e-002
    endloop
  endfacet
endsolid CATIA STL
