solid CATIA STL
  facet normal  0.000000e+000 -9.999999e-001  0.000000e+000
    outer loop
      vertex  2.465407e-017 -2.343750e-002  4.026316e-001
      vertex  4.305399e-018 -2.343750e-002  7.031250e-002
      vertex  7.500000e-001 -2.343750e-002 -4.592425e-017
    endloop
  endfacet
  facet normal  0.000000e+000 -1.000000e+000  0.000000e+000
    outer loop
      vertex  2.465407e-017 -2.343750e-002  4.026316e-001
      vertex  7.500000e-001 -2.343750e-002 -4.592425e-017
      vertex  7.500000e-001 -2.343750e-002  3.245066e-001
    endloop
  endfacet
  facet normal  0.000000e+000 -9.999999e-001  0.000000e+000
    outer loop
      vertex  2.465407e-017 -2.343750e-002  4.026316e-001
      vertex  7.500000e-001 -2.343750e-002  3.245066e-001
      vertex  7.484989e-001 -2.343750e-002  3.397480e-001
    endloop
  endfacet
  facet normal  0.000000e+000 -1.000000e+000  0.000000e+000
    outer loop
      vertex  2.465407e-017 -2.343750e-002  4.026316e-001
      vertex  7.484989e-001 -2.343750e-002  3.397480e-001
      vertex  7.440531e-001 -2.343750e-002  3.544037e-001
    endloop
  endfacet
  facet normal  0.000000e+000 -1.000000e+000  0.000000e+000
    outer loop
      vertex  2.465407e-017 -2.343750e-002  4.026316e-001
      vertex  7.440531e-001 -2.343750e-002  3.544037e-001
      vertex  7.368336e-001 -2.343750e-002  3.679105e-001
    endloop
  endfacet
  facet normal  0.000000e+000 -1.000000e+000  0.000000e+000
    outer loop
      vertex  2.465407e-017 -2.343750e-002  4.026316e-001
      vertex  7.368336e-001 -2.343750e-002  3.679105e-001
      vertex  7.271177e-001 -2.343750e-002  3.797493e-001
    endloop
  endfacet
  facet normal  0.000000e+000 -9.999999e-001  0.000000e+000
    outer loop
      vertex  2.465407e-017 -2.343750e-002  4.026316e-001
      vertex  7.271177e-001 -2.343750e-002  3.797493e-001
      vertex  7.152789e-001 -2.343750e-002  3.894652e-001
    endloop
  endfacet
  facet normal  0.000000e+000 -1.000000e+000  0.000000e+000
    outer loop
      vertex  2.465407e-017 -2.343750e-002  4.026316e-001
      vertex  7.152789e-001 -2.343750e-002  3.894652e-001
      vertex  7.017722e-001 -2.343750e-002  3.966847e-001
    endloop
  endfacet
  facet normal  0.000000e+000 -9.999999e-001  0.000000e+000
    outer loop
      vertex  2.465407e-017 -2.343750e-002  4.026316e-001
      vertex  7.017722e-001 -2.343750e-002  3.966847e-001
      vertex  6.871164e-001 -2.343750e-002  4.011304e-001
    endloop
  endfacet
  facet normal  0.000000e+000 -1.000000e+000  0.000000e+000
    outer loop
      vertex  2.465407e-017 -2.343750e-002  4.026316e-001
      vertex  6.871164e-001 -2.343750e-002  4.011304e-001
      vertex  6.718750e-001 -2.343750e-002  4.026316e-001
    endloop
  endfacet
  facet normal  0.000000e+000 -9.999999e-001  0.000000e+000
    outer loop
      vertex  4.305399e-018 -2.343750e-002  7.031250e-002
      vertex  1.351035e-003 -2.343750e-002  5.659521e-002
      vertex  5.352220e-003 -2.343750e-002  4.340507e-002
    endloop
  endfacet
  facet normal  0.000000e+000 -1.000000e+000  0.000000e+000
    outer loop
      vertex  4.305399e-018 -2.343750e-002  7.031250e-002
      vertex  5.352220e-003 -2.343750e-002  4.340507e-002
      vertex  1.184979e-002 -2.343750e-002  3.124897e-002
    endloop
  endfacet
  facet normal  0.000000e+000 -9.999999e-001  0.000000e+000
    outer loop
      vertex  4.305399e-018 -2.343750e-002  7.031250e-002
      vertex  1.184979e-002 -2.343750e-002  3.124897e-002
      vertex  2.059405e-002 -2.343750e-002  2.059405e-002
    endloop
  endfacet
  facet normal  0.000000e+000 -1.000000e+000  0.000000e+000
    outer loop
      vertex  4.305399e-018 -2.343750e-002  7.031250e-002
      vertex  2.059405e-002 -2.343750e-002  2.059405e-002
      vertex  3.124897e-002 -2.343750e-002  1.184979e-002
    endloop
  endfacet
  facet normal  0.000000e+000 -1.000000e+000  0.000000e+000
    outer loop
      vertex  4.305399e-018 -2.343750e-002  7.031250e-002
      vertex  3.124897e-002 -2.343750e-002  1.184979e-002
      vertex  4.340507e-002 -2.343750e-002  5.352220e-003
    endloop
  endfacet
  facet normal  0.000000e+000 -1.000000e+000  0.000000e+000
    outer loop
      vertex  4.305399e-018 -2.343750e-002  7.031250e-002
      vertex  4.340507e-002 -2.343750e-002  5.352220e-003
      vertex  5.659521e-002 -2.343750e-002  1.351035e-003
    endloop
  endfacet
  facet normal  0.000000e+000 -1.000000e+000  0.000000e+000
    outer loop
      vertex  4.305399e-018 -2.343750e-002  7.031250e-002
      vertex  5.659521e-002 -2.343750e-002  1.351035e-003
      vertex  7.031250e-002 -2.343750e-002 -4.305399e-018
    endloop
  endfacet
  facet normal  0.000000e+000 -1.000000e+000  0.000000e+000
    outer loop
      vertex  4.305399e-018 -2.343750e-002  7.031250e-002
      vertex  7.031250e-002 -2.343750e-002 -4.305399e-018
      vertex  7.500000e-001 -2.343750e-002 -4.592425e-017
    endloop
  endfacet
  facet normal  0.000000e+000  1.000000e+000  0.000000e+000
    outer loop
      vertex  2.465407e-017  0.000000e+000  4.026316e-001
      vertex  6.718750e-001  0.000000e+000  4.026316e-001
      vertex  6.871164e-001  0.000000e+000  4.011304e-001
    endloop
  endfacet
  facet normal  0.000000e+000  9.999999e-001  0.000000e+000
    outer loop
      vertex  2.465407e-017  0.000000e+000  4.026316e-001
      vertex  6.871164e-001  0.000000e+000  4.011304e-001
      vertex  7.017722e-001  0.000000e+000  3.966847e-001
    endloop
  endfacet
  facet normal  0.000000e+000  1.000000e+000  0.000000e+000
    outer loop
      vertex  2.465407e-017  0.000000e+000  4.026316e-001
      vertex  7.017722e-001  0.000000e+000  3.966847e-001
      vertex  7.152789e-001  0.000000e+000  3.894652e-001
    endloop
  endfacet
  facet normal  0.000000e+000  9.999999e-001  0.000000e+000
    outer loop
      vertex  2.465407e-017  0.000000e+000  4.026316e-001
      vertex  7.152789e-001  0.000000e+000  3.894652e-001
      vertex  7.271177e-001  0.000000e+000  3.797493e-001
    endloop
  endfacet
  facet normal  0.000000e+000  1.000000e+000  0.000000e+000
    outer loop
      vertex  2.465407e-017  0.000000e+000  4.026316e-001
      vertex  7.271177e-001  0.000000e+000  3.797493e-001
      vertex  7.368336e-001  0.000000e+000  3.679105e-001
    endloop
  endfacet
  facet normal  0.000000e+000  1.000000e+000  0.000000e+000
    outer loop
      vertex  2.465407e-017  0.000000e+000  4.026316e-001
      vertex  7.368336e-001  0.000000e+000  3.679105e-001
      vertex  7.440531e-001  0.000000e+000  3.544037e-001
    endloop
  endfacet
  facet normal  0.000000e+000  1.000000e+000  0.000000e+000
    outer loop
      vertex  2.465407e-017  0.000000e+000  4.026316e-001
      vertex  7.440531e-001  0.000000e+000  3.544037e-001
      vertex  7.484989e-001  0.000000e+000  3.397480e-001
    endloop
  endfacet
  facet normal  0.000000e+000  9.999999e-001  0.000000e+000
    outer loop
      vertex  2.465407e-017  0.000000e+000  4.026316e-001
      vertex  7.484989e-001  0.000000e+000  3.397480e-001
      vertex  7.500000e-001  0.000000e+000  3.245066e-001
    endloop
  endfacet
  facet normal  0.000000e+000  1.000000e+000  0.000000e+000
    outer loop
      vertex  2.465407e-017  0.000000e+000  4.026316e-001
      vertex  7.500000e-001  0.000000e+000  3.245066e-001
      vertex  7.500000e-001  0.000000e+000 -4.592425e-017
    endloop
  endfacet
  facet normal  0.000000e+000  9.999999e-001  0.000000e+000
    outer loop
      vertex  2.465407e-017  0.000000e+000  4.026316e-001
      vertex  7.500000e-001  0.000000e+000 -4.592425e-017
      vertex  4.305399e-018  0.000000e+000  7.031250e-002
    endloop
  endfacet
  facet normal  0.000000e+000  1.000000e+000  0.000000e+000
    outer loop
      vertex  4.305399e-018  0.000000e+000  7.031250e-002
      vertex  7.500000e-001  0.000000e+000 -4.592425e-017
      vertex  7.031250e-002  0.000000e+000 -4.305399e-018
    endloop
  endfacet
  facet normal  0.000000e+000  1.000000e+000  0.000000e+000
    outer loop
      vertex  4.305399e-018  0.000000e+000  7.031250e-002
      vertex  7.031250e-002  0.000000e+000 -4.305399e-018
      vertex  5.659521e-002  0.000000e+000  1.351035e-003
    endloop
  endfacet
  facet normal  0.000000e+000  1.000000e+000  0.000000e+000
    outer loop
      vertex  4.305399e-018  0.000000e+000  7.031250e-002
      vertex  5.659521e-002  0.000000e+000  1.351035e-003
      vertex  4.340507e-002  0.000000e+000  5.352220e-003
    endloop
  endfacet
  facet normal  0.000000e+000  1.000000e+000  0.000000e+000
    outer loop
      vertex  4.305399e-018  0.000000e+000  7.031250e-002
      vertex  4.340507e-002  0.000000e+000  5.352220e-003
      vertex  3.124897e-002  0.000000e+000  1.184979e-002
    endloop
  endfacet
  facet normal  0.000000e+000  1.000000e+000  0.000000e+000
    outer loop
      vertex  4.305399e-018  0.000000e+000  7.031250e-002
      vertex  3.124897e-002  0.000000e+000  1.184979e-002
      vertex  2.059405e-002  0.000000e+000  2.059405e-002
    endloop
  endfacet
  facet normal  0.000000e+000  1.000000e+000  0.000000e+000
    outer loop
      vertex  4.305399e-018  0.000000e+000  7.031250e-002
      vertex  2.059405e-002  0.000000e+000  2.059405e-002
      vertex  1.184979e-002  0.000000e+000  3.124897e-002
    endloop
  endfacet
  facet normal  0.000000e+000  1.000000e+000  0.000000e+000
    outer loop
      vertex  4.305399e-018  0.000000e+000  7.031250e-002
      vertex  1.184979e-002  0.000000e+000  3.124897e-002
      vertex  5.352220e-003  0.000000e+000  4.340507e-002
    endloop
  endfacet
  facet normal  0.000000e+000  1.000000e+000  0.000000e+000
    outer loop
      vertex  4.305399e-018  0.000000e+000  7.031250e-002
      vertex  5.352220e-003  0.000000e+000  4.340507e-002
      vertex  1.351035e-003  0.000000e+000  5.659521e-002
    endloop
  endfacet
  facet normal -9.999999e-001  0.000000e+000  6.123234e-017
    outer loop
      vertex  2.465407e-017 -2.343750e-002  4.026316e-001
      vertex  2.465407e-017  0.000000e+000  4.026316e-001
      vertex  4.305399e-018 -2.343750e-002  7.031250e-002
    endloop
  endfacet
  facet normal -9.999999e-001  0.000000e+000  6.123234e-017
    outer loop
      vertex  4.305399e-018 -2.343750e-002  7.031250e-002
      vertex  2.465407e-017  0.000000e+000  4.026316e-001
      vertex  4.305399e-018  0.000000e+000  7.031250e-002
    endloop
  endfacet
  facet normal -6.123234e-017  -0.000000e+000 -1.000000e+000
    outer loop
      vertex  7.031250e-002 -2.343750e-002 -4.305399e-018
      vertex  7.031250e-002  0.000000e+000 -4.305399e-018
      vertex  7.500000e-001 -2.343750e-002 -4.592425e-017
    endloop
  endfacet
  facet normal -6.123234e-017  0.000000e+000 -1.000000e+000
    outer loop
      vertex  7.500000e-001 -2.343750e-002 -4.592425e-017
      vertex  7.031250e-002  0.000000e+000 -4.305399e-018
      vertex  7.500000e-001  0.000000e+000 -4.592425e-017
    endloop
  endfacet
  facet normal -9.801712e-002  0.000000e+000 -9.951847e-001
    outer loop
      vertex  7.031250e-002  0.000000e+000 -4.305399e-018
      vertex  7.031250e-002 -2.343750e-002 -4.305399e-018
      vertex  5.659521e-002  0.000000e+000  1.351035e-003
    endloop
  endfacet
  facet normal -9.801712e-002  -0.000000e+000 -9.951847e-001
    outer loop
      vertex  5.659521e-002  0.000000e+000  1.351035e-003
      vertex  7.031250e-002 -2.343750e-002 -4.305399e-018
      vertex  5.659521e-002 -2.343750e-002  1.351035e-003
    endloop
  endfacet
  facet normal -2.902847e-001  0.000000e+000 -9.569404e-001
    outer loop
      vertex  5.659521e-002  0.000000e+000  1.351035e-003
      vertex  5.659521e-002 -2.343750e-002  1.351035e-003
      vertex  4.340507e-002  0.000000e+000  5.352220e-003
    endloop
  endfacet
  facet normal -2.902847e-001  -0.000000e+000 -9.569404e-001
    outer loop
      vertex  4.340507e-002  0.000000e+000  5.352220e-003
      vertex  5.659521e-002 -2.343750e-002  1.351035e-003
      vertex  4.340507e-002 -2.343750e-002  5.352220e-003
    endloop
  endfacet
  facet normal -4.713967e-001  0.000000e+000 -8.819212e-001
    outer loop
      vertex  4.340507e-002  0.000000e+000  5.352220e-003
      vertex  4.340507e-002 -2.343750e-002  5.352220e-003
      vertex  3.124897e-002  0.000000e+000  1.184979e-002
    endloop
  endfacet
  facet normal -4.713967e-001  -0.000000e+000 -8.819212e-001
    outer loop
      vertex  3.124897e-002  0.000000e+000  1.184979e-002
      vertex  4.340507e-002 -2.343750e-002  5.352220e-003
      vertex  3.124897e-002 -2.343750e-002  1.184979e-002
    endloop
  endfacet
  facet normal -6.343933e-001  0.000000e+000 -7.730104e-001
    outer loop
      vertex  3.124897e-002  0.000000e+000  1.184979e-002
      vertex  3.124897e-002 -2.343750e-002  1.184979e-002
      vertex  2.059405e-002  0.000000e+000  2.059405e-002
    endloop
  endfacet
  facet normal -6.343933e-001  -0.000000e+000 -7.730104e-001
    outer loop
      vertex  2.059405e-002  0.000000e+000  2.059405e-002
      vertex  3.124897e-002 -2.343750e-002  1.184979e-002
      vertex  2.059405e-002 -2.343750e-002  2.059405e-002
    endloop
  endfacet
  facet normal -7.730104e-001  0.000000e+000 -6.343933e-001
    outer loop
      vertex  2.059405e-002  0.000000e+000  2.059405e-002
      vertex  2.059405e-002 -2.343750e-002  2.059405e-002
      vertex  1.184979e-002  0.000000e+000  3.124897e-002
    endloop
  endfacet
  facet normal -7.730104e-001  -0.000000e+000 -6.343933e-001
    outer loop
      vertex  1.184979e-002  0.000000e+000  3.124897e-002
      vertex  2.059405e-002 -2.343750e-002  2.059405e-002
      vertex  1.184979e-002 -2.343750e-002  3.124897e-002
    endloop
  endfacet
  facet normal -8.819212e-001  0.000000e+000 -4.713967e-001
    outer loop
      vertex  1.184979e-002  0.000000e+000  3.124897e-002
      vertex  1.184979e-002 -2.343750e-002  3.124897e-002
      vertex  5.352220e-003  0.000000e+000  4.340507e-002
    endloop
  endfacet
  facet normal -8.819212e-001  -0.000000e+000 -4.713967e-001
    outer loop
      vertex  5.352220e-003  0.000000e+000  4.340507e-002
      vertex  1.184979e-002 -2.343750e-002  3.124897e-002
      vertex  5.352220e-003 -2.343750e-002  4.340507e-002
    endloop
  endfacet
  facet normal -9.569404e-001  0.000000e+000 -2.902847e-001
    outer loop
      vertex  5.352220e-003  0.000000e+000  4.340507e-002
      vertex  5.352220e-003 -2.343750e-002  4.340507e-002
      vertex  1.351035e-003  0.000000e+000  5.659521e-002
    endloop
  endfacet
  facet normal -9.569404e-001  -0.000000e+000 -2.902847e-001
    outer loop
      vertex  1.351035e-003  0.000000e+000  5.659521e-002
      vertex  5.352220e-003 -2.343750e-002  4.340507e-002
      vertex  1.351035e-003 -2.343750e-002  5.659521e-002
    endloop
  endfacet
  facet normal -9.951847e-001  0.000000e+000 -9.801712e-002
    outer loop
      vertex  1.351035e-003  0.000000e+000  5.659521e-002
      vertex  1.351035e-003 -2.343750e-002  5.659521e-002
      vertex  4.305399e-018  0.000000e+000  7.031250e-002
    endloop
  endfacet
  facet normal -9.951847e-001  -0.000000e+000 -9.801712e-002
    outer loop
      vertex  4.305399e-018  0.000000e+000  7.031250e-002
      vertex  1.351035e-003 -2.343750e-002  5.659521e-002
      vertex  4.305399e-018 -2.343750e-002  7.031250e-002
    endloop
  endfacet
  facet normal  0.000000e+000  0.000000e+000  1.000000e+000
    outer loop
      vertex  6.718750e-001 -2.343750e-002  4.026316e-001
      vertex  6.718750e-001  0.000000e+000  4.026316e-001
      vertex  2.465407e-017 -2.343750e-002  4.026316e-001
    endloop
  endfacet
  facet normal  0.000000e+000  0.000000e+000  1.000000e+000
    outer loop
      vertex  2.465407e-017 -2.343750e-002  4.026316e-001
      vertex  6.718750e-001  0.000000e+000  4.026316e-001
      vertex  2.465407e-017  0.000000e+000  4.026316e-001
    endloop
  endfacet
  facet normal  1.000000e+000  0.000000e+000  0.000000e+000
    outer loop
      vertex  7.500000e-001 -2.343750e-002 -4.592425e-017
      vertex  7.500000e-001  0.000000e+000 -4.592425e-017
      vertex  7.500000e-001 -2.343750e-002  3.245066e-001
    endloop
  endfacet
  facet normal  1.000000e+000  -0.000000e+000  0.000000e+000
    outer loop
      vertex  7.500000e-001 -2.343750e-002  3.245066e-001
      vertex  7.500000e-001  0.000000e+000 -4.592425e-017
      vertex  7.500000e-001  0.000000e+000  3.245066e-001
    endloop
  endfacet
  facet normal  9.801661e-002  -0.000000e+000  9.951848e-001
    outer loop
      vertex  6.718750e-001  0.000000e+000  4.026316e-001
      vertex  6.718750e-001 -2.343750e-002  4.026316e-001
      vertex  6.871164e-001  0.000000e+000  4.011304e-001
    endloop
  endfacet
  facet normal  9.801661e-002  0.000000e+000  9.951848e-001
    outer loop
      vertex  6.871164e-001  0.000000e+000  4.011304e-001
      vertex  6.718750e-001 -2.343750e-002  4.026316e-001
      vertex  6.871164e-001 -2.343750e-002  4.011304e-001
    endloop
  endfacet
  facet normal  2.902848e-001  -0.000000e+000  9.569404e-001
    outer loop
      vertex  6.871164e-001  0.000000e+000  4.011304e-001
      vertex  6.871164e-001 -2.343750e-002  4.011304e-001
      vertex  7.017722e-001  0.000000e+000  3.966847e-001
    endloop
  endfacet
  facet normal  2.902848e-001  0.000000e+000  9.569404e-001
    outer loop
      vertex  7.017722e-001  0.000000e+000  3.966847e-001
      vertex  6.871164e-001 -2.343750e-002  4.011304e-001
      vertex  7.017722e-001 -2.343750e-002  3.966847e-001
    endloop
  endfacet
  facet normal  4.713969e-001  -0.000000e+000  8.819211e-001
    outer loop
      vertex  7.017722e-001  0.000000e+000  3.966847e-001
      vertex  7.017722e-001 -2.343750e-002  3.966847e-001
      vertex  7.152789e-001  0.000000e+000  3.894652e-001
    endloop
  endfacet
  facet normal  4.713969e-001  0.000000e+000  8.819211e-001
    outer loop
      vertex  7.152789e-001  0.000000e+000  3.894652e-001
      vertex  7.017722e-001 -2.343750e-002  3.966847e-001
      vertex  7.152789e-001 -2.343750e-002  3.894652e-001
    endloop
  endfacet
  facet normal  6.343936e-001  -0.000000e+000  7.730101e-001
    outer loop
      vertex  7.152789e-001  0.000000e+000  3.894652e-001
      vertex  7.152789e-001 -2.343750e-002  3.894652e-001
      vertex  7.271177e-001  0.000000e+000  3.797493e-001
    endloop
  endfacet
  facet normal  6.343936e-001  0.000000e+000  7.730101e-001
    outer loop
      vertex  7.271177e-001  0.000000e+000  3.797493e-001
      vertex  7.152789e-001 -2.343750e-002  3.894652e-001
      vertex  7.271177e-001 -2.343750e-002  3.797493e-001
    endloop
  endfacet
  facet normal  7.730101e-001  -0.000000e+000  6.343936e-001
    outer loop
      vertex  7.271177e-001  0.000000e+000  3.797493e-001
      vertex  7.271177e-001 -2.343750e-002  3.797493e-001
      vertex  7.368336e-001  0.000000e+000  3.679105e-001
    endloop
  endfacet
  facet normal  7.730101e-001  0.000000e+000  6.343936e-001
    outer loop
      vertex  7.368336e-001  0.000000e+000  3.679105e-001
      vertex  7.271177e-001 -2.343750e-002  3.797493e-001
      vertex  7.368336e-001 -2.343750e-002  3.679105e-001
    endloop
  endfacet
  facet normal  8.819219e-001  -0.000000e+000  4.713954e-001
    outer loop
      vertex  7.368336e-001  0.000000e+000  3.679105e-001
      vertex  7.368336e-001 -2.343750e-002  3.679105e-001
      vertex  7.440531e-001  0.000000e+000  3.544037e-001
    endloop
  endfacet
  facet normal  8.819219e-001  0.000000e+000  4.713954e-001
    outer loop
      vertex  7.440531e-001  0.000000e+000  3.544037e-001
      vertex  7.368336e-001 -2.343750e-002  3.679105e-001
      vertex  7.440531e-001 -2.343750e-002  3.544037e-001
    endloop
  endfacet
  facet normal  9.569398e-001  -0.000000e+000  2.902865e-001
    outer loop
      vertex  7.440531e-001  0.000000e+000  3.544037e-001
      vertex  7.440531e-001 -2.343750e-002  3.544037e-001
      vertex  7.484989e-001  0.000000e+000  3.397480e-001
    endloop
  endfacet
  facet normal  9.569398e-001  0.000000e+000  2.902865e-001
    outer loop
      vertex  7.484989e-001  0.000000e+000  3.397480e-001
      vertex  7.440531e-001 -2.343750e-002  3.544037e-001
      vertex  7.484989e-001 -2.343750e-002  3.397480e-001
    endloop
  endfacet
  facet normal  9.951848e-001  -0.000000e+000  9.801661e-002
    outer loop
      vertex  7.484989e-001  0.000000e+000  3.397480e-001
      vertex  7.484989e-001 -2.343750e-002  3.397480e-001
      vertex  7.500000e-001  0.000000e+000  3.245066e-001
    endloop
  endfacet
  facet normal  9.951848e-001  0.000000e+000  9.801661e-002
    outer loop
      vertex  7.500000e-001  0.000000e+000  3.245066e-001
      vertex  7.484989e-001 -2.343750e-002  3.397480e-001
      vertex  7.500000e-001 -2.343750e-002  3.245066e-001
    endloop
  endfacet
endsolid CATIA STL
