solid CATIA STL
  facet normal  0.000000e+000 -1.000000e+000  0.000000e+000
    outer loop
      vertex -7.187500e-001 -7.500000e-001 -5.859375e-001
      vertex -7.161980e-001 -7.500000e-001 -6.118479e-001
      vertex -7.086403e-001 -7.500000e-001 -6.367626e-001
    endloop
  endfacet
  facet normal  0.000000e+000 -9.999999e-001  0.000000e+000
    outer loop
      vertex -7.187500e-001 -7.500000e-001 -5.859375e-001
      vertex -7.086403e-001 -7.500000e-001 -6.367626e-001
      vertex -6.963671e-001 -7.500000e-001 -6.597242e-001
    endloop
  endfacet
  facet normal  0.000000e+000 -1.000000e+000  0.000000e+000
    outer loop
      vertex -7.187500e-001 -7.500000e-001 -5.859375e-001
      vertex -6.963671e-001 -7.500000e-001 -6.597242e-001
      vertex -6.798501e-001 -7.500000e-001 -6.798501e-001
    endloop
  endfacet
  facet normal  0.000000e+000 -1.000000e+000  0.000000e+000
    outer loop
      vertex -7.187500e-001 -7.500000e-001 -5.859375e-001
      vertex -6.798501e-001 -7.500000e-001 -6.798501e-001
      vertex -6.597242e-001 -7.500000e-001 -6.963671e-001
    endloop
  endfacet
  facet normal  0.000000e+000 -1.000000e+000  0.000000e+000
    outer loop
      vertex -7.187500e-001 -7.500000e-001 -5.859375e-001
      vertex -6.597242e-001 -7.500000e-001 -6.963671e-001
      vertex -6.367626e-001 -7.500000e-001 -7.086403e-001
    endloop
  endfacet
  facet normal  0.000000e+000 -1.000000e+000  0.000000e+000
    outer loop
      vertex -7.187500e-001 -7.500000e-001 -5.859375e-001
      vertex -6.367626e-001 -7.500000e-001 -7.086403e-001
      vertex -6.118479e-001 -7.500000e-001 -7.161980e-001
    endloop
  endfacet
  facet normal  0.000000e+000 -9.999999e-001  0.000000e+000
    outer loop
      vertex -7.187500e-001 -7.500000e-001 -5.859375e-001
      vertex -6.118479e-001 -7.500000e-001 -7.161980e-001
      vertex -5.859375e-001 -7.500000e-001 -7.187500e-001
    endloop
  endfacet
  facet normal  0.000000e+000 -1.000000e+000  0.000000e+000
    outer loop
      vertex -7.187500e-001 -7.500000e-001 -5.859375e-001
      vertex -5.859375e-001 -7.500000e-001 -7.187500e-001
      vertex  7.187500e-001 -7.500000e-001 -7.187500e-001
    endloop
  endfacet
  facet normal  0.000000e+000 -1.000000e+000  0.000000e+000
    outer loop
      vertex -7.187500e-001 -7.500000e-001 -5.859375e-001
      vertex  7.187500e-001 -7.500000e-001 -7.187500e-001
      vertex  7.187500e-001 -7.500000e-001  7.187500e-001
    endloop
  endfacet
  facet normal  -0.000000e+000 -1.000000e+000  0.000000e+000
    outer loop
      vertex -7.187500e-001 -7.500000e-001 -5.859375e-001
      vertex  7.187500e-001 -7.500000e-001  7.187500e-001
      vertex -7.187500e-001 -7.500000e-001  7.187500e-001
    endloop
  endfacet
  facet normal  -0.000000e+000  1.000000e+000  0.000000e+000
    outer loop
      vertex -7.187500e-001  7.500000e-001 -5.859375e-001
      vertex -7.187500e-001  7.500000e-001  7.187500e-001
      vertex  7.187500e-001  7.500000e-001  7.187500e-001
    endloop
  endfacet
  facet normal  0.000000e+000  1.000000e+000  0.000000e+000
    outer loop
      vertex -7.187500e-001  7.500000e-001 -5.859375e-001
      vertex  7.187500e-001  7.500000e-001  7.187500e-001
      vertex  7.187500e-001  7.500000e-001 -7.187500e-001
    endloop
  endfacet
  facet normal  0.000000e+000  1.000000e+000  0.000000e+000
    outer loop
      vertex -7.187500e-001  7.500000e-001 -5.859375e-001
      vertex  7.187500e-001  7.500000e-001 -7.187500e-001
      vertex -5.859375e-001  7.500000e-001 -7.187500e-001
    endloop
  endfacet
  facet normal  0.000000e+000  9.999999e-001  0.000000e+000
    outer loop
      vertex -7.187500e-001  7.500000e-001 -5.859375e-001
      vertex -5.859375e-001  7.500000e-001 -7.187500e-001
      vertex -6.118479e-001  7.500000e-001 -7.161980e-001
    endloop
  endfacet
  facet normal  0.000000e+000  1.000000e+000  0.000000e+000
    outer loop
      vertex -7.187500e-001  7.500000e-001 -5.859375e-001
      vertex -6.118479e-001  7.500000e-001 -7.161980e-001
      vertex -6.367626e-001  7.500000e-001 -7.086403e-001
    endloop
  endfacet
  facet normal  0.000000e+000  1.000000e+000  0.000000e+000
    outer loop
      vertex -7.187500e-001  7.500000e-001 -5.859375e-001
      vertex -6.367626e-001  7.500000e-001 -7.086403e-001
      vertex -6.597242e-001  7.500000e-001 -6.963671e-001
    endloop
  endfacet
  facet normal  0.000000e+000  1.000000e+000  0.000000e+000
    outer loop
      vertex -7.187500e-001  7.500000e-001 -5.859375e-001
      vertex -6.597242e-001  7.500000e-001 -6.963671e-001
      vertex -6.798501e-001  7.500000e-001 -6.798501e-001
    endloop
  endfacet
  facet normal  0.000000e+000  1.000000e+000  0.000000e+000
    outer loop
      vertex -7.187500e-001  7.500000e-001 -5.859375e-001
      vertex -6.798501e-001  7.500000e-001 -6.798501e-001
      vertex -6.963671e-001  7.500000e-001 -6.597242e-001
    endloop
  endfacet
  facet normal  0.000000e+000  9.999999e-001  0.000000e+000
    outer loop
      vertex -7.187500e-001  7.500000e-001 -5.859375e-001
      vertex -6.963671e-001  7.500000e-001 -6.597242e-001
      vertex -7.086403e-001  7.500000e-001 -6.367626e-001
    endloop
  endfacet
  facet normal  0.000000e+000  1.000000e+000  0.000000e+000
    outer loop
      vertex -7.187500e-001  7.500000e-001 -5.859375e-001
      vertex -7.086403e-001  7.500000e-001 -6.367626e-001
      vertex -7.161980e-001  7.500000e-001 -6.118479e-001
    endloop
  endfacet
  facet normal -1.000000e+000  0.000000e+000  0.000000e+000
    outer loop
      vertex -7.187500e-001  7.500000e-001  7.187500e-001
      vertex -7.187500e-001  7.500000e-001 -5.859375e-001
      vertex -7.187500e-001 -7.500000e-001  7.187500e-001
    endloop
  endfacet
  facet normal -1.000000e+000  0.000000e+000  0.000000e+000
    outer loop
      vertex -7.187500e-001 -7.500000e-001  7.187500e-001
      vertex -7.187500e-001  7.500000e-001 -5.859375e-001
      vertex -7.187500e-001 -7.500000e-001 -5.859375e-001
    endloop
  endfacet
  facet normal  -0.000000e+000  0.000000e+000 -1.000000e+000
    outer loop
      vertex -5.859375e-001  7.500000e-001 -7.187500e-001
      vertex  7.187500e-001  7.500000e-001 -7.187500e-001
      vertex -5.859375e-001 -7.500000e-001 -7.187500e-001
    endloop
  endfacet
  facet normal  0.000000e+000  0.000000e+000 -1.000000e+000
    outer loop
      vertex -5.859375e-001 -7.500000e-001 -7.187500e-001
      vertex  7.187500e-001  7.500000e-001 -7.187500e-001
      vertex  7.187500e-001 -7.500000e-001 -7.187500e-001
    endloop
  endfacet
  facet normal -9.801781e-002  0.000000e+000 -9.951847e-001
    outer loop
      vertex -5.859375e-001  7.500000e-001 -7.187500e-001
      vertex -5.859375e-001 -7.500000e-001 -7.187500e-001
      vertex -6.118479e-001  7.500000e-001 -7.161980e-001
    endloop
  endfacet
  facet normal -9.801781e-002  -0.000000e+000 -9.951847e-001
    outer loop
      vertex -6.118479e-001  7.500000e-001 -7.161980e-001
      vertex -5.859375e-001 -7.500000e-001 -7.187500e-001
      vertex -6.118479e-001 -7.500000e-001 -7.161980e-001
    endloop
  endfacet
  facet normal -2.902834e-001  0.000000e+000 -9.569407e-001
    outer loop
      vertex -6.118479e-001  7.500000e-001 -7.161980e-001
      vertex -6.118479e-001 -7.500000e-001 -7.161980e-001
      vertex -6.367626e-001  7.500000e-001 -7.086403e-001
    endloop
  endfacet
  facet normal -2.902834e-001  -0.000000e+000 -9.569407e-001
    outer loop
      vertex -6.367626e-001  7.500000e-001 -7.086403e-001
      vertex -6.118479e-001 -7.500000e-001 -7.161980e-001
      vertex -6.367626e-001 -7.500000e-001 -7.086403e-001
    endloop
  endfacet
  facet normal -4.713963e-001  0.000000e+000 -8.819215e-001
    outer loop
      vertex -6.367626e-001  7.500000e-001 -7.086403e-001
      vertex -6.367626e-001 -7.500000e-001 -7.086403e-001
      vertex -6.597242e-001  7.500000e-001 -6.963671e-001
    endloop
  endfacet
  facet normal -4.713963e-001  -0.000000e+000 -8.819215e-001
    outer loop
      vertex -6.597242e-001  7.500000e-001 -6.963671e-001
      vertex -6.367626e-001 -7.500000e-001 -7.086403e-001
      vertex -6.597242e-001 -7.500000e-001 -6.963671e-001
    endloop
  endfacet
  facet normal -6.343948e-001  0.000000e+000 -7.730093e-001
    outer loop
      vertex -6.597242e-001  7.500000e-001 -6.963671e-001
      vertex -6.597242e-001 -7.500000e-001 -6.963671e-001
      vertex -6.798501e-001  7.500000e-001 -6.798501e-001
    endloop
  endfacet
  facet normal -6.343948e-001  -0.000000e+000 -7.730093e-001
    outer loop
      vertex -6.798501e-001  7.500000e-001 -6.798501e-001
      vertex -6.597242e-001 -7.500000e-001 -6.963671e-001
      vertex -6.798501e-001 -7.500000e-001 -6.798501e-001
    endloop
  endfacet
  facet normal -7.730093e-001  0.000000e+000 -6.343948e-001
    outer loop
      vertex -6.798501e-001  7.500000e-001 -6.798501e-001
      vertex -6.798501e-001 -7.500000e-001 -6.798501e-001
      vertex -6.963671e-001  7.500000e-001 -6.597242e-001
    endloop
  endfacet
  facet normal -7.730093e-001  -0.000000e+000 -6.343948e-001
    outer loop
      vertex -6.963671e-001  7.500000e-001 -6.597242e-001
      vertex -6.798501e-001 -7.500000e-001 -6.798501e-001
      vertex -6.963671e-001 -7.500000e-001 -6.597242e-001
    endloop
  endfacet
  facet normal -8.819215e-001  0.000000e+000 -4.713963e-001
    outer loop
      vertex -6.963671e-001  7.500000e-001 -6.597242e-001
      vertex -6.963671e-001 -7.500000e-001 -6.597242e-001
      vertex -7.086403e-001  7.500000e-001 -6.367626e-001
    endloop
  endfacet
  facet normal -8.819215e-001  -0.000000e+000 -4.713963e-001
    outer loop
      vertex -7.086403e-001  7.500000e-001 -6.367626e-001
      vertex -6.963671e-001 -7.500000e-001 -6.597242e-001
      vertex -7.086403e-001 -7.500000e-001 -6.367626e-001
    endloop
  endfacet
  facet normal -9.569407e-001  0.000000e+000 -2.902834e-001
    outer loop
      vertex -7.086403e-001  7.500000e-001 -6.367626e-001
      vertex -7.086403e-001 -7.500000e-001 -6.367626e-001
      vertex -7.161980e-001  7.500000e-001 -6.118479e-001
    endloop
  endfacet
  facet normal -9.569407e-001  -0.000000e+000 -2.902834e-001
    outer loop
      vertex -7.161980e-001  7.500000e-001 -6.118479e-001
      vertex -7.086403e-001 -7.500000e-001 -6.367626e-001
      vertex -7.161980e-001 -7.500000e-001 -6.118479e-001
    endloop
  endfacet
  facet normal -9.951847e-001  0.000000e+000 -9.801781e-002
    outer loop
      vertex -7.161980e-001  7.500000e-001 -6.118479e-001
      vertex -7.161980e-001 -7.500000e-001 -6.118479e-001
      vertex -7.187500e-001  7.500000e-001 -5.859375e-001
    endloop
  endfacet
  facet normal -9.951847e-001  -0.000000e+000 -9.801781e-002
    outer loop
      vertex -7.187500e-001  7.500000e-001 -5.859375e-001
      vertex -7.161980e-001 -7.500000e-001 -6.118479e-001
      vertex -7.187500e-001 -7.500000e-001 -5.859375e-001
    endloop
  endfacet
  facet normal  -0.000000e+000  0.000000e+000  1.000000e+000
    outer loop
      vertex  7.187500e-001  7.500000e-001  7.187500e-001
      vertex -7.187500e-001  7.500000e-001  7.187500e-001
      vertex  7.187500e-001 -7.500000e-001  7.187500e-001
    endloop
  endfacet
  facet normal  0.000000e+000  0.000000e+000  1.000000e+000
    outer loop
      vertex  7.187500e-001 -7.500000e-001  7.187500e-001
      vertex -7.187500e-001  7.500000e-001  7.187500e-001
      vertex -7.187500e-001 -7.500000e-001  7.187500e-001
    endloop
  endfacet
  facet normal  1.000000e+000  0.000000e+000  0.000000e+000
    outer loop
      vertex  7.187500e-001  7.500000e-001 -7.187500e-001
      vertex  7.187500e-001  7.500000e-001  7.187500e-001
      vertex  7.187500e-001 -7.500000e-001 -7.187500e-001
    endloop
  endfacet
  facet normal  1.000000e+000  0.000000e+000  0.000000e+000
    outer loop
      vertex  7.187500e-001 -7.500000e-001 -7.187500e-001
      vertex  7.187500e-001  7.500000e-001  7.187500e-001
      vertex  7.187500e-001 -7.500000e-001  7.187500e-001
    endloop
  endfacet
endsolid CATIA STL
