solid CATIA STL
  facet normal  0.000000e+000  0.000000e+000  1.000000e+000
    outer loop
      vertex -1.093750e-001  1.171875e-001  7.500000e-001
      vertex -1.093750e-001 -1.093750e-001  7.500000e-001
      vertex  1.171875e-001 -1.093750e-001  7.500000e-001
    endloop
  endfacet
  facet normal  0.000000e+000  -0.000000e+000  1.000000e+000
    outer loop
      vertex -1.093750e-001  1.171875e-001  7.500000e-001
      vertex  1.171875e-001 -1.093750e-001  7.500000e-001
      vertex  1.171875e-001  7.812500e-003  7.500000e-001
    endloop
  endfacet
  facet normal  0.000000e+000  0.000000e+000  1.000000e+000
    outer loop
      vertex -1.093750e-001  1.171875e-001  7.500000e-001
      vertex  1.171875e-001  7.812500e-003  7.500000e-001
      vertex  1.150859e-001  2.915050e-002  7.500000e-001
    endloop
  endfacet
  facet normal  0.000000e+000  0.000000e+000  1.000000e+000
    outer loop
      vertex -1.093750e-001  1.171875e-001  7.500000e-001
      vertex  1.150859e-001  2.915050e-002  7.500000e-001
      vertex  1.088618e-001  4.966850e-002  7.500000e-001
    endloop
  endfacet
  facet normal  0.000000e+000  0.000000e+000  1.000000e+000
    outer loop
      vertex -1.093750e-001  1.171875e-001  7.500000e-001
      vertex  1.088618e-001  4.966850e-002  7.500000e-001
      vertex  9.875449e-002  6.857800e-002  7.500000e-001
    endloop
  endfacet
  facet normal  0.000000e+000  0.000000e+000  9.999999e-001
    outer loop
      vertex -1.093750e-001  1.171875e-001  7.500000e-001
      vertex  9.875449e-002  6.857800e-002  7.500000e-001
      vertex  8.515231e-002  8.515231e-002  7.500000e-001
    endloop
  endfacet
  facet normal  0.000000e+000  0.000000e+000  9.999999e-001
    outer loop
      vertex -1.093750e-001  1.171875e-001  7.500000e-001
      vertex  8.515231e-002  8.515231e-002  7.500000e-001
      vertex  6.857800e-002  9.875449e-002  7.500000e-001
    endloop
  endfacet
  facet normal  0.000000e+000  0.000000e+000  1.000000e+000
    outer loop
      vertex -1.093750e-001  1.171875e-001  7.500000e-001
      vertex  6.857800e-002  9.875449e-002  7.500000e-001
      vertex  4.966850e-002  1.088618e-001  7.500000e-001
    endloop
  endfacet
  facet normal  0.000000e+000  0.000000e+000  1.000000e+000
    outer loop
      vertex -1.093750e-001  1.171875e-001  7.500000e-001
      vertex  4.966850e-002  1.088618e-001  7.500000e-001
      vertex  2.915050e-002  1.150859e-001  7.500000e-001
    endloop
  endfacet
  facet normal  0.000000e+000  0.000000e+000  1.000000e+000
    outer loop
      vertex -1.093750e-001  1.171875e-001  7.500000e-001
      vertex  2.915050e-002  1.150859e-001  7.500000e-001
      vertex  7.812500e-003  1.171875e-001  7.500000e-001
    endloop
  endfacet
  facet normal  -0.000000e+000  -0.000000e+000 -1.000000e+000
    outer loop
      vertex -1.093750e-001  1.171875e-001  0.000000e+000
      vertex  7.812500e-003  1.171875e-001  0.000000e+000
      vertex  2.915050e-002  1.150859e-001  0.000000e+000
    endloop
  endfacet
  facet normal  -0.000000e+000  -0.000000e+000 -1.000000e+000
    outer loop
      vertex -1.093750e-001  1.171875e-001  0.000000e+000
      vertex  2.915050e-002  1.150859e-001  0.000000e+000
      vertex  4.966850e-002  1.088618e-001  0.000000e+000
    endloop
  endfacet
  facet normal  -0.000000e+000  -0.000000e+000 -1.000000e+000
    outer loop
      vertex -1.093750e-001  1.171875e-001  0.000000e+000
      vertex  4.966850e-002  1.088618e-001  0.000000e+000
      vertex  6.857800e-002  9.875449e-002  0.000000e+000
    endloop
  endfacet
  facet normal  -0.000000e+000  -0.000000e+000 -1.000000e+000
    outer loop
      vertex -1.093750e-001  1.171875e-001  0.000000e+000
      vertex  6.857800e-002  9.875449e-002  0.000000e+000
      vertex  8.515231e-002  8.515231e-002  0.000000e+000
    endloop
  endfacet
  facet normal  -0.000000e+000  -0.000000e+000 -9.999999e-001
    outer loop
      vertex -1.093750e-001  1.171875e-001  0.000000e+000
      vertex  8.515231e-002  8.515231e-002  0.000000e+000
      vertex  9.875449e-002  6.857800e-002  0.000000e+000
    endloop
  endfacet
  facet normal  -0.000000e+000  -0.000000e+000 -1.000000e+000
    outer loop
      vertex -1.093750e-001  1.171875e-001  0.000000e+000
      vertex  9.875449e-002  6.857800e-002  0.000000e+000
      vertex  1.088618e-001  4.966850e-002  0.000000e+000
    endloop
  endfacet
  facet normal  -0.000000e+000  -0.000000e+000 -1.000000e+000
    outer loop
      vertex -1.093750e-001  1.171875e-001  0.000000e+000
      vertex  1.088618e-001  4.966850e-002  0.000000e+000
      vertex  1.150859e-001  2.915050e-002  0.000000e+000
    endloop
  endfacet
  facet normal  -0.000000e+000  -0.000000e+000 -1.000000e+000
    outer loop
      vertex -1.093750e-001  1.171875e-001  0.000000e+000
      vertex  1.150859e-001  2.915050e-002  0.000000e+000
      vertex  1.171875e-001  7.812500e-003  0.000000e+000
    endloop
  endfacet
  facet normal  -0.000000e+000  -0.000000e+000 -1.000000e+000
    outer loop
      vertex -1.093750e-001  1.171875e-001  0.000000e+000
      vertex  1.171875e-001  7.812500e-003  0.000000e+000
      vertex  1.171875e-001 -1.093750e-001  0.000000e+000
    endloop
  endfacet
  facet normal  0.000000e+000  0.000000e+000 -1.000000e+000
    outer loop
      vertex -1.093750e-001  1.171875e-001  0.000000e+000
      vertex  1.171875e-001 -1.093750e-001  0.000000e+000
      vertex -1.093750e-001 -1.093750e-001  0.000000e+000
    endloop
  endfacet
  facet normal  0.000000e+000  1.000000e+000  0.000000e+000
    outer loop
      vertex  7.812500e-003  1.171875e-001  0.000000e+000
      vertex -1.093750e-001  1.171875e-001  0.000000e+000
      vertex  7.812500e-003  1.171875e-001  7.500000e-001
    endloop
  endfacet
  facet normal  0.000000e+000  1.000000e+000  0.000000e+000
    outer loop
      vertex  7.812500e-003  1.171875e-001  7.500000e-001
      vertex -1.093750e-001  1.171875e-001  0.000000e+000
      vertex -1.093750e-001  1.171875e-001  7.500000e-001
    endloop
  endfacet
  facet normal  1.000000e+000  0.000000e+000  0.000000e+000
    outer loop
      vertex  1.171875e-001 -1.093750e-001  0.000000e+000
      vertex  1.171875e-001  7.812500e-003  0.000000e+000
      vertex  1.171875e-001 -1.093750e-001  7.500000e-001
    endloop
  endfacet
  facet normal  1.000000e+000  -0.000000e+000  0.000000e+000
    outer loop
      vertex  1.171875e-001 -1.093750e-001  7.500000e-001
      vertex  1.171875e-001  7.812500e-003  0.000000e+000
      vertex  1.171875e-001  7.812500e-003  7.500000e-001
    endloop
  endfacet
  facet normal  9.801702e-002  9.951847e-001  0.000000e+000
    outer loop
      vertex  7.812500e-003  1.171875e-001  0.000000e+000
      vertex  7.812500e-003  1.171875e-001  7.500000e-001
      vertex  2.915050e-002  1.150859e-001  0.000000e+000
    endloop
  endfacet
  facet normal  9.801702e-002  9.951847e-001  -0.000000e+000
    outer loop
      vertex  2.915050e-002  1.150859e-001  0.000000e+000
      vertex  7.812500e-003  1.171875e-001  7.500000e-001
      vertex  2.915050e-002  1.150859e-001  7.500000e-001
    endloop
  endfacet
  facet normal  2.902846e-001  9.569403e-001  0.000000e+000
    outer loop
      vertex  2.915050e-002  1.150859e-001  0.000000e+000
      vertex  2.915050e-002  1.150859e-001  7.500000e-001
      vertex  4.966850e-002  1.088618e-001  0.000000e+000
    endloop
  endfacet
  facet normal  2.902846e-001  9.569403e-001  -0.000000e+000
    outer loop
      vertex  4.966850e-002  1.088618e-001  0.000000e+000
      vertex  2.915050e-002  1.150859e-001  7.500000e-001
      vertex  4.966850e-002  1.088618e-001  7.500000e-001
    endloop
  endfacet
  facet normal  4.713968e-001  8.819211e-001  0.000000e+000
    outer loop
      vertex  4.966850e-002  1.088618e-001  0.000000e+000
      vertex  4.966850e-002  1.088618e-001  7.500000e-001
      vertex  6.857800e-002  9.875449e-002  0.000000e+000
    endloop
  endfacet
  facet normal  4.713968e-001  8.819211e-001  -0.000000e+000
    outer loop
      vertex  6.857800e-002  9.875449e-002  0.000000e+000
      vertex  4.966850e-002  1.088618e-001  7.500000e-001
      vertex  6.857800e-002  9.875449e-002  7.500000e-001
    endloop
  endfacet
  facet normal  6.343933e-001  7.730105e-001  0.000000e+000
    outer loop
      vertex  6.857800e-002  9.875449e-002  0.000000e+000
      vertex  6.857800e-002  9.875449e-002  7.500000e-001
      vertex  8.515231e-002  8.515231e-002  0.000000e+000
    endloop
  endfacet
  facet normal  6.343933e-001  7.730105e-001  -0.000000e+000
    outer loop
      vertex  8.515231e-002  8.515231e-002  0.000000e+000
      vertex  6.857800e-002  9.875449e-002  7.500000e-001
      vertex  8.515231e-002  8.515231e-002  7.500000e-001
    endloop
  endfacet
  facet normal  7.730105e-001  6.343933e-001  0.000000e+000
    outer loop
      vertex  8.515231e-002  8.515231e-002  0.000000e+000
      vertex  8.515231e-002  8.515231e-002  7.500000e-001
      vertex  9.875449e-002  6.857800e-002  0.000000e+000
    endloop
  endfacet
  facet normal  7.730105e-001  6.343933e-001  -0.000000e+000
    outer loop
      vertex  9.875449e-002  6.857800e-002  0.000000e+000
      vertex  8.515231e-002  8.515231e-002  7.500000e-001
      vertex  9.875449e-002  6.857800e-002  7.500000e-001
    endloop
  endfacet
  facet normal  8.819211e-001  4.713968e-001  0.000000e+000
    outer loop
      vertex  9.875449e-002  6.857800e-002  0.000000e+000
      vertex  9.875449e-002  6.857800e-002  7.500000e-001
      vertex  1.088618e-001  4.966850e-002  0.000000e+000
    endloop
  endfacet
  facet normal  8.819211e-001  4.713968e-001  -0.000000e+000
    outer loop
      vertex  1.088618e-001  4.966850e-002  0.000000e+000
      vertex  9.875449e-002  6.857800e-002  7.500000e-001
      vertex  1.088618e-001  4.966850e-002  7.500000e-001
    endloop
  endfacet
  facet normal  9.569403e-001  2.902846e-001  0.000000e+000
    outer loop
      vertex  1.088618e-001  4.966850e-002  0.000000e+000
      vertex  1.088618e-001  4.966850e-002  7.500000e-001
      vertex  1.150859e-001  2.915050e-002  0.000000e+000
    endloop
  endfacet
  facet normal  9.569403e-001  2.902846e-001  -0.000000e+000
    outer loop
      vertex  1.150859e-001  2.915050e-002  0.000000e+000
      vertex  1.088618e-001  4.966850e-002  7.500000e-001
      vertex  1.150859e-001  2.915050e-002  7.500000e-001
    endloop
  endfacet
  facet normal  9.951847e-001  9.801702e-002  0.000000e+000
    outer loop
      vertex  1.150859e-001  2.915050e-002  0.000000e+000
      vertex  1.150859e-001  2.915050e-002  7.500000e-001
      vertex  1.171875e-001  7.812500e-003  0.000000e+000
    endloop
  endfacet
  facet normal  9.951847e-001  9.801702e-002  -0.000000e+000
    outer loop
      vertex  1.171875e-001  7.812500e-003  0.000000e+000
      vertex  1.150859e-001  2.915050e-002  7.500000e-001
      vertex  1.171875e-001  7.812500e-003  7.500000e-001
    endloop
  endfacet
  facet normal -1.000000e+000  0.000000e+000  0.000000e+000
    outer loop
      vertex -1.093750e-001  1.171875e-001  0.000000e+000
      vertex -1.093750e-001 -1.093750e-001  0.000000e+000
      vertex -1.093750e-001  1.171875e-001  7.500000e-001
    endloop
  endfacet
  facet normal -1.000000e+000  -0.000000e+000  0.000000e+000
    outer loop
      vertex -1.093750e-001  1.171875e-001  7.500000e-001
      vertex -1.093750e-001 -1.093750e-001  0.000000e+000
      vertex -1.093750e-001 -1.093750e-001  7.500000e-001
    endloop
  endfacet
  facet normal  0.000000e+000 -1.000000e+000  0.000000e+000
    outer loop
      vertex -1.093750e-001 -1.093750e-001  0.000000e+000
      vertex  1.171875e-001 -1.093750e-001  0.000000e+000
      vertex -1.093750e-001 -1.093750e-001  7.500000e-001
    endloop
  endfacet
  facet normal  0.000000e+000 -1.000000e+000  0.000000e+000
    outer loop
      vertex -1.093750e-001 -1.093750e-001  7.500000e-001
      vertex  1.171875e-001 -1.093750e-001  0.000000e+000
      vertex  1.171875e-001 -1.093750e-001  7.500000e-001
    endloop
  endfacet
endsolid CATIA STL
