solid CATIA STL
  facet normal  0.000000e+000 -1.000000e+000  0.000000e+000
    outer loop
      vertex -4.765625e-001 -4.843750e-001  2.656250e-001
      vertex  0.000000e+000 -4.843750e-001  2.656250e-001
      vertex -4.765625e-001 -4.843750e-001  7.500000e-001
    endloop
  endfacet
  facet normal  0.000000e+000 -1.000000e+000  0.000000e+000
    outer loop
      vertex -4.765625e-001 -4.843750e-001  7.500000e-001
      vertex  0.000000e+000 -4.843750e-001  2.656250e-001
      vertex  2.965941e-017 -4.843750e-001  7.500000e-001
    endloop
  endfacet
  facet normal -1.000000e+000  0.000000e+000  0.000000e+000
    outer loop
      vertex -4.843750e-001  2.688821e-017  7.500000e-001
      vertex -4.843750e-001  0.000000e+000  2.656250e-001
      vertex -4.843750e-001 -4.765625e-001  7.500000e-001
    endloop
  endfacet
  facet normal -1.000000e+000  0.000000e+000  0.000000e+000
    outer loop
      vertex -4.843750e-001 -4.765625e-001  7.500000e-001
      vertex -4.843750e-001  0.000000e+000  2.656250e-001
      vertex -4.843750e-001 -4.765625e-001  2.656250e-001
    endloop
  endfacet
  facet normal  0.000000e+000  0.000000e+000  1.000000e+000
    outer loop
      vertex -4.843750e-001 -4.765625e-001  7.500000e-001
      vertex  2.965941e-017  5.377643e-017  7.500000e-001
      vertex -4.843750e-001  2.688821e-017  7.500000e-001
    endloop
  endfacet
  facet normal  -0.000000e+000  -0.000000e+000  1.000000e+000
    outer loop
      vertex -4.842249e-001 -4.780867e-001  7.500000e-001
      vertex -4.837803e-001 -4.795522e-001  7.500000e-001
      vertex -4.830584e-001 -4.809029e-001  7.500000e-001
    endloop
  endfacet
  facet normal  -0.000000e+000  -0.000000e+000  1.000000e+000
    outer loop
      vertex -4.842249e-001 -4.780867e-001  7.500000e-001
      vertex -4.830584e-001 -4.809029e-001  7.500000e-001
      vertex -4.820868e-001 -4.820868e-001  7.500000e-001
    endloop
  endfacet
  facet normal  -0.000000e+000  -0.000000e+000  9.999999e-001
    outer loop
      vertex -4.842249e-001 -4.780867e-001  7.500000e-001
      vertex -4.820868e-001 -4.820868e-001  7.500000e-001
      vertex -4.809029e-001 -4.830584e-001  7.500000e-001
    endloop
  endfacet
  facet normal  -0.000000e+000  -0.000000e+000  1.000000e+000
    outer loop
      vertex -4.842249e-001 -4.780867e-001  7.500000e-001
      vertex -4.809029e-001 -4.830584e-001  7.500000e-001
      vertex -4.795522e-001 -4.837803e-001  7.500000e-001
    endloop
  endfacet
  facet normal  -0.000000e+000  -0.000000e+000  1.000000e+000
    outer loop
      vertex -4.842249e-001 -4.780867e-001  7.500000e-001
      vertex -4.795522e-001 -4.837803e-001  7.500000e-001
      vertex -4.780867e-001 -4.842249e-001  7.500000e-001
    endloop
  endfacet
  facet normal  -0.000000e+000  -0.000000e+000  9.999999e-001
    outer loop
      vertex -4.842249e-001 -4.780867e-001  7.500000e-001
      vertex -4.780867e-001 -4.842249e-001  7.500000e-001
      vertex -4.765625e-001 -4.843750e-001  7.500000e-001
    endloop
  endfacet
  facet normal  0.000000e+000  0.000000e+000  1.000000e+000
    outer loop
      vertex  2.965941e-017 -4.843750e-001  7.500000e-001
      vertex  2.965941e-017  5.377643e-017  7.500000e-001
      vertex -4.843750e-001 -4.765625e-001  7.500000e-001
    endloop
  endfacet
  facet normal  0.000000e+000  0.000000e+000  1.000000e+000
    outer loop
      vertex  2.965941e-017 -4.843750e-001  7.500000e-001
      vertex -4.843750e-001 -4.765625e-001  7.500000e-001
      vertex -4.842249e-001 -4.780867e-001  7.500000e-001
    endloop
  endfacet
  facet normal  0.000000e+000  0.000000e+000  1.000000e+000
    outer loop
      vertex  2.965941e-017 -4.843750e-001  7.500000e-001
      vertex -4.842249e-001 -4.780867e-001  7.500000e-001
      vertex -4.765625e-001 -4.843750e-001  7.500000e-001
    endloop
  endfacet
  facet normal  0.000000e+000  0.000000e+000 -9.999999e-001
    outer loop
      vertex -4.830584e-001 -4.809029e-001  2.656250e-001
      vertex -4.809029e-001 -4.830584e-001  2.656250e-001
      vertex -4.820868e-001 -4.820868e-001  2.656250e-001
    endloop
  endfacet
  facet normal  0.000000e+000  0.000000e+000 -1.000000e+000
    outer loop
      vertex -4.843750e-001 -4.765625e-001  2.656250e-001
      vertex -4.843750e-001  0.000000e+000  2.656250e-001
      vertex  0.000000e+000  2.688821e-017  2.656250e-001
    endloop
  endfacet
  facet normal  0.000000e+000  0.000000e+000 -1.000000e+000
    outer loop
      vertex  0.000000e+000 -4.843750e-001  2.656250e-001
      vertex -4.809029e-001 -4.830584e-001  2.656250e-001
      vertex -4.830584e-001 -4.809029e-001  2.656250e-001
    endloop
  endfacet
  facet normal  0.000000e+000  0.000000e+000 -1.000000e+000
    outer loop
      vertex  0.000000e+000 -4.843750e-001  2.656250e-001
      vertex -4.830584e-001 -4.809029e-001  2.656250e-001
      vertex -4.837803e-001 -4.795522e-001  2.656250e-001
    endloop
  endfacet
  facet normal  0.000000e+000  0.000000e+000 -1.000000e+000
    outer loop
      vertex  0.000000e+000 -4.843750e-001  2.656250e-001
      vertex -4.837803e-001 -4.795522e-001  2.656250e-001
      vertex -4.842249e-001 -4.780867e-001  2.656250e-001
    endloop
  endfacet
  facet normal  0.000000e+000  0.000000e+000 -1.000000e+000
    outer loop
      vertex  0.000000e+000 -4.843750e-001  2.656250e-001
      vertex -4.842249e-001 -4.780867e-001  2.656250e-001
      vertex -4.843750e-001 -4.765625e-001  2.656250e-001
    endloop
  endfacet
  facet normal  0.000000e+000  0.000000e+000 -1.000000e+000
    outer loop
      vertex  0.000000e+000 -4.843750e-001  2.656250e-001
      vertex -4.843750e-001 -4.765625e-001  2.656250e-001
      vertex  0.000000e+000  2.688821e-017  2.656250e-001
    endloop
  endfacet
  facet normal  0.000000e+000  0.000000e+000 -1.000000e+000
    outer loop
      vertex -4.809029e-001 -4.830584e-001  2.656250e-001
      vertex  0.000000e+000 -4.843750e-001  2.656250e-001
      vertex -4.765625e-001 -4.843750e-001  2.656250e-001
    endloop
  endfacet
  facet normal  0.000000e+000  0.000000e+000 -1.000000e+000
    outer loop
      vertex -4.809029e-001 -4.830584e-001  2.656250e-001
      vertex -4.765625e-001 -4.843750e-001  2.656250e-001
      vertex -4.780867e-001 -4.842249e-001  2.656250e-001
    endloop
  endfacet
  facet normal  0.000000e+000  0.000000e+000 -1.000000e+000
    outer loop
      vertex -4.809029e-001 -4.830584e-001  2.656250e-001
      vertex -4.780867e-001 -4.842249e-001  2.656250e-001
      vertex -4.795522e-001 -4.837803e-001  2.656250e-001
    endloop
  endfacet
  facet normal -9.951848e-001 -9.801623e-002  0.000000e+000
    outer loop
      vertex -4.843750e-001 -4.765625e-001  7.500000e-001
      vertex -4.843750e-001 -4.765625e-001  2.656250e-001
      vertex -4.842249e-001 -4.780867e-001  7.500000e-001
    endloop
  endfacet
  facet normal -9.951848e-001 -9.801623e-002  -0.000000e+000
    outer loop
      vertex -4.842249e-001 -4.780867e-001  7.500000e-001
      vertex -4.843750e-001 -4.765625e-001  2.656250e-001
      vertex -4.842249e-001 -4.780867e-001  2.656250e-001
    endloop
  endfacet
  facet normal -9.569369e-001 -2.902958e-001  0.000000e+000
    outer loop
      vertex -4.842249e-001 -4.780867e-001  7.500000e-001
      vertex -4.842249e-001 -4.780867e-001  2.656250e-001
      vertex -4.837803e-001 -4.795522e-001  7.500000e-001
    endloop
  endfacet
  facet normal -9.569369e-001 -2.902958e-001  -0.000000e+000
    outer loop
      vertex -4.837803e-001 -4.795522e-001  7.500000e-001
      vertex -4.842249e-001 -4.780867e-001  2.656250e-001
      vertex -4.837803e-001 -4.795522e-001  2.656250e-001
    endloop
  endfacet
  facet normal -8.819259e-001 -4.713880e-001  0.000000e+000
    outer loop
      vertex -4.837803e-001 -4.795522e-001  7.500000e-001
      vertex -4.837803e-001 -4.795522e-001  2.656250e-001
      vertex -4.830584e-001 -4.809029e-001  7.500000e-001
    endloop
  endfacet
  facet normal -8.819259e-001 -4.713880e-001  -0.000000e+000
    outer loop
      vertex -4.830584e-001 -4.809029e-001  7.500000e-001
      vertex -4.837803e-001 -4.795522e-001  2.656250e-001
      vertex -4.830584e-001 -4.809029e-001  2.656250e-001
    endloop
  endfacet
  facet normal -7.730148e-001 -6.343879e-001  0.000000e+000
    outer loop
      vertex -4.830584e-001 -4.809029e-001  7.500000e-001
      vertex -4.830584e-001 -4.809029e-001  2.656250e-001
      vertex -4.820868e-001 -4.820868e-001  7.500000e-001
    endloop
  endfacet
  facet normal -7.730148e-001 -6.343879e-001  -0.000000e+000
    outer loop
      vertex -4.820868e-001 -4.820868e-001  7.500000e-001
      vertex -4.830584e-001 -4.809029e-001  2.656250e-001
      vertex -4.820868e-001 -4.820868e-001  2.656250e-001
    endloop
  endfacet
  facet normal -6.343879e-001 -7.730148e-001  0.000000e+000
    outer loop
      vertex -4.820868e-001 -4.820868e-001  7.500000e-001
      vertex -4.820868e-001 -4.820868e-001  2.656250e-001
      vertex -4.809029e-001 -4.830584e-001  7.500000e-001
    endloop
  endfacet
  facet normal -6.343879e-001 -7.730148e-001  -0.000000e+000
    outer loop
      vertex -4.809029e-001 -4.830584e-001  7.500000e-001
      vertex -4.820868e-001 -4.820868e-001  2.656250e-001
      vertex -4.809029e-001 -4.830584e-001  2.656250e-001
    endloop
  endfacet
  facet normal -4.713880e-001 -8.819259e-001  0.000000e+000
    outer loop
      vertex -4.809029e-001 -4.830584e-001  7.500000e-001
      vertex -4.809029e-001 -4.830584e-001  2.656250e-001
      vertex -4.795522e-001 -4.837803e-001  7.500000e-001
    endloop
  endfacet
  facet normal -4.713880e-001 -8.819259e-001  -0.000000e+000
    outer loop
      vertex -4.795522e-001 -4.837803e-001  7.500000e-001
      vertex -4.809029e-001 -4.830584e-001  2.656250e-001
      vertex -4.795522e-001 -4.837803e-001  2.656250e-001
    endloop
  endfacet
  facet normal -2.902958e-001 -9.569369e-001  0.000000e+000
    outer loop
      vertex -4.795522e-001 -4.837803e-001  7.500000e-001
      vertex -4.795522e-001 -4.837803e-001  2.656250e-001
      vertex -4.780867e-001 -4.842249e-001  7.500000e-001
    endloop
  endfacet
  facet normal -2.902958e-001 -9.569369e-001  -0.000000e+000
    outer loop
      vertex -4.780867e-001 -4.842249e-001  7.500000e-001
      vertex -4.795522e-001 -4.837803e-001  2.656250e-001
      vertex -4.780867e-001 -4.842249e-001  2.656250e-001
    endloop
  endfacet
  facet normal -9.801623e-002 -9.951848e-001  0.000000e+000
    outer loop
      vertex -4.780867e-001 -4.842249e-001  7.500000e-001
      vertex -4.780867e-001 -4.842249e-001  2.656250e-001
      vertex -4.765625e-001 -4.843750e-001  7.500000e-001
    endloop
  endfacet
  facet normal -9.801623e-002 -9.951848e-001  -0.000000e+000
    outer loop
      vertex -4.765625e-001 -4.843750e-001  7.500000e-001
      vertex -4.780867e-001 -4.842249e-001  2.656250e-001
      vertex -4.765625e-001 -4.843750e-001  2.656250e-001
    endloop
  endfacet
  facet normal -5.551115e-017  1.000000e+000 -5.551115e-017
    outer loop
      vertex -4.843750e-001  0.000000e+000  2.656250e-001
      vertex -4.843750e-001  2.688821e-017  7.500000e-001
      vertex  0.000000e+000  2.688821e-017  2.656250e-001
    endloop
  endfacet
  facet normal -5.551115e-017  1.000000e+000 -5.551115e-017
    outer loop
      vertex  0.000000e+000  2.688821e-017  2.656250e-001
      vertex -4.843750e-001  2.688821e-017  7.500000e-001
      vertex  2.965941e-017  5.377643e-017  7.500000e-001
    endloop
  endfacet
  facet normal  1.000000e+000  0.000000e+000 -6.123234e-017
    outer loop
      vertex  0.000000e+000  2.688821e-017  2.656250e-001
      vertex  2.965941e-017  5.377643e-017  7.500000e-001
      vertex  0.000000e+000 -4.843750e-001  2.656250e-001
    endloop
  endfacet
  facet normal  1.000000e+000  0.000000e+000 -6.123234e-017
    outer loop
      vertex  0.000000e+000 -4.843750e-001  2.656250e-001
      vertex  2.965941e-017  5.377643e-017  7.500000e-001
      vertex  2.965941e-017 -4.843750e-001  7.500000e-001
    endloop
  endfacet
endsolid CATIA STL
