solid CATIA STL
  facet normal  -0.000000e+000  0.000000e+000  9.999999e-001
    outer loop
      vertex  3.394737e-001  7.500000e-001  3.125000e-002
      vertex  2.538932e-001  7.184296e-001  3.125000e-002
      vertex  2.599853e-001  6.807435e-001  3.125000e-002
    endloop
  endfacet
  facet normal  0.000000e+000  -0.000000e+000  1.000000e+000
    outer loop
      vertex -1.665335e-016  4.657895e-001  3.125000e-002
      vertex  0.000000e+000  1.562500e-002  3.125000e-002
      vertex  1.209857e-001  4.011609e-001  3.125000e-002
    endloop
  endfacet
  facet normal  0.000000e+000  -0.000000e+000  1.000000e+000
    outer loop
      vertex -1.665335e-016  4.657895e-001  3.125000e-002
      vertex  1.209857e-001  4.011609e-001  3.125000e-002
      vertex  1.486011e-001  5.029069e-001  3.125000e-002
    endloop
  endfacet
  facet normal  0.000000e+000  0.000000e+000  9.999999e-001
    outer loop
      vertex -1.665335e-016  4.657895e-001  3.125000e-002
      vertex  1.486011e-001  5.029069e-001  3.125000e-002
      vertex  4.612654e-002  5.444854e-001  3.125000e-002
    endloop
  endfacet
  facet normal  0.000000e+000  -0.000000e+000  1.000000e+000
    outer loop
      vertex  0.000000e+000  1.562500e-002  3.125000e-002
      vertex  3.002300e-004  1.257671e-002  3.125000e-002
      vertex  1.607396e-001  9.147232e-002  3.125000e-002
    endloop
  endfacet
  facet normal  0.000000e+000  0.000000e+000  1.000000e+000
    outer loop
      vertex  0.000000e+000  1.562500e-002  3.125000e-002
      vertex  1.607396e-001  9.147232e-002  3.125000e-002
      vertex  1.271739e-001  1.914133e-001  3.125000e-002
    endloop
  endfacet
  facet normal  0.000000e+000  0.000000e+000  1.000000e+000
    outer loop
      vertex  0.000000e+000  1.562500e-002  3.125000e-002
      vertex  1.271739e-001  1.914133e-001  3.125000e-002
      vertex  1.137506e-001  2.959824e-001  3.125000e-002
    endloop
  endfacet
  facet normal  0.000000e+000  -0.000000e+000  1.000000e+000
    outer loop
      vertex  0.000000e+000  1.562500e-002  3.125000e-002
      vertex  1.137506e-001  2.959824e-001  3.125000e-002
      vertex  1.209857e-001  4.011609e-001  3.125000e-002
    endloop
  endfacet
  facet normal  -0.000000e+000  0.000000e+000  1.000000e+000
    outer loop
      vertex  1.607396e-001  9.147232e-002  3.125000e-002
      vertex  3.002300e-004  1.257671e-002  3.125000e-002
      vertex  1.189382e-003  9.645571e-003  3.125000e-002
    endloop
  endfacet
  facet normal  -0.000000e+000  0.000000e+000  1.000000e+000
    outer loop
      vertex  1.607396e-001  9.147232e-002  3.125000e-002
      vertex  1.189382e-003  9.645571e-003  3.125000e-002
      vertex  2.633287e-003  6.944215e-003  3.125000e-002
    endloop
  endfacet
  facet normal  -0.000000e+000  0.000000e+000  1.000000e+000
    outer loop
      vertex  1.607396e-001  9.147232e-002  3.125000e-002
      vertex  2.633287e-003  6.944215e-003  3.125000e-002
      vertex  4.576457e-003  4.576457e-003  3.125000e-002
    endloop
  endfacet
  facet normal  -0.000000e+000  0.000000e+000  1.000000e+000
    outer loop
      vertex  1.607396e-001  9.147232e-002  3.125000e-002
      vertex  4.576457e-003  4.576457e-003  3.125000e-002
      vertex  6.944215e-003  2.633287e-003  3.125000e-002
    endloop
  endfacet
  facet normal  -0.000000e+000  0.000000e+000  1.000000e+000
    outer loop
      vertex  1.607396e-001  9.147232e-002  3.125000e-002
      vertex  6.944215e-003  2.633287e-003  3.125000e-002
      vertex  9.645571e-003  1.189382e-003  3.125000e-002
    endloop
  endfacet
  facet normal  -0.000000e+000  0.000000e+000  9.999999e-001
    outer loop
      vertex  1.607396e-001  9.147232e-002  3.125000e-002
      vertex  9.645571e-003  1.189382e-003  3.125000e-002
      vertex  1.257671e-002  3.002300e-004  3.125000e-002
    endloop
  endfacet
  facet normal  -0.000000e+000  0.000000e+000  9.999999e-001
    outer loop
      vertex  1.607396e-001  9.147232e-002  3.125000e-002
      vertex  1.257671e-002  3.002300e-004  3.125000e-002
      vertex  1.562500e-002  0.000000e+000  3.125000e-002
    endloop
  endfacet
  facet normal  0.000000e+000  0.000000e+000  1.000000e+000
    outer loop
      vertex  1.607396e-001  9.147232e-002  3.125000e-002
      vertex  1.562500e-002  0.000000e+000  3.125000e-002
      vertex  1.026316e-001  0.000000e+000  3.125000e-002
    endloop
  endfacet
  facet normal  0.000000e+000  0.000000e+000  1.000000e+000
    outer loop
      vertex  1.607396e-001  9.147232e-002  3.125000e-002
      vertex  1.026316e-001  0.000000e+000  3.125000e-002
      vertex  2.131579e-001  0.000000e+000  3.125000e-002
    endloop
  endfacet
  facet normal  0.000000e+000  0.000000e+000  1.000000e+000
    outer loop
      vertex  4.612654e-002  5.444854e-001  3.125000e-002
      vertex  1.486011e-001  5.029069e-001  3.125000e-002
      vertex  1.050280e-001  6.141369e-001  3.125000e-002
    endloop
  endfacet
  facet normal  0.000000e+000  0.000000e+000  9.999999e-001
    outer loop
      vertex  1.050280e-001  6.141369e-001  3.125000e-002
      vertex  1.486011e-001  5.029069e-001  3.125000e-002
      vertex  1.955355e-001  5.973104e-001  3.125000e-002
    endloop
  endfacet
  facet normal  0.000000e+000  0.000000e+000  9.999999e-001
    outer loop
      vertex  1.050280e-001  6.141369e-001  3.125000e-002
      vertex  1.955355e-001  5.973104e-001  3.125000e-002
      vertex  1.749700e-001  6.726930e-001  3.125000e-002
    endloop
  endfacet
  facet normal  -0.000000e+000  0.000000e+000  9.999999e-001
    outer loop
      vertex  1.749700e-001  6.726930e-001  3.125000e-002
      vertex  1.955355e-001  5.973104e-001  3.125000e-002
      vertex  2.599853e-001  6.807435e-001  3.125000e-002
    endloop
  endfacet
  facet normal  0.000000e+000  0.000000e+000  9.999999e-001
    outer loop
      vertex  1.749700e-001  6.726930e-001  3.125000e-002
      vertex  2.599853e-001  6.807435e-001  3.125000e-002
      vertex  2.538932e-001  7.184296e-001  3.125000e-002
    endloop
  endfacet
  facet normal  0.000000e+000  0.000000e+000 -9.999999e-001
    outer loop
      vertex  2.599853e-001  6.807435e-001  0.000000e+000
      vertex  2.538932e-001  7.184296e-001  0.000000e+000
      vertex  3.394737e-001  7.500000e-001  0.000000e+000
    endloop
  endfacet
  facet normal  0.000000e+000  -0.000000e+000 -9.999999e-001
    outer loop
      vertex -1.665335e-016  4.657895e-001  0.000000e+000
      vertex  4.612654e-002  5.444854e-001  0.000000e+000
      vertex  1.486011e-001  5.029069e-001  0.000000e+000
    endloop
  endfacet
  facet normal  0.000000e+000  0.000000e+000 -1.000000e+000
    outer loop
      vertex -1.665335e-016  4.657895e-001  0.000000e+000
      vertex  1.486011e-001  5.029069e-001  0.000000e+000
      vertex  1.209857e-001  4.011609e-001  0.000000e+000
    endloop
  endfacet
  facet normal  -0.000000e+000  0.000000e+000 -1.000000e+000
    outer loop
      vertex -1.665335e-016  4.657895e-001  0.000000e+000
      vertex  1.209857e-001  4.011609e-001  0.000000e+000
      vertex  0.000000e+000  1.562500e-002  0.000000e+000
    endloop
  endfacet
  facet normal  0.000000e+000  0.000000e+000 -1.000000e+000
    outer loop
      vertex  0.000000e+000  1.562500e-002  0.000000e+000
      vertex  1.209857e-001  4.011609e-001  0.000000e+000
      vertex  1.137506e-001  2.959824e-001  0.000000e+000
    endloop
  endfacet
  facet normal  0.000000e+000  -0.000000e+000 -1.000000e+000
    outer loop
      vertex  0.000000e+000  1.562500e-002  0.000000e+000
      vertex  1.137506e-001  2.959824e-001  0.000000e+000
      vertex  1.271739e-001  1.914133e-001  0.000000e+000
    endloop
  endfacet
  facet normal  0.000000e+000  -0.000000e+000 -1.000000e+000
    outer loop
      vertex  0.000000e+000  1.562500e-002  0.000000e+000
      vertex  1.271739e-001  1.914133e-001  0.000000e+000
      vertex  1.607396e-001  9.147232e-002  0.000000e+000
    endloop
  endfacet
  facet normal  0.000000e+000  0.000000e+000 -1.000000e+000
    outer loop
      vertex  0.000000e+000  1.562500e-002  0.000000e+000
      vertex  1.607396e-001  9.147232e-002  0.000000e+000
      vertex  3.002300e-004  1.257671e-002  0.000000e+000
    endloop
  endfacet
  facet normal  0.000000e+000  0.000000e+000 -1.000000e+000
    outer loop
      vertex  1.607396e-001  9.147232e-002  0.000000e+000
      vertex  2.131579e-001  0.000000e+000  0.000000e+000
      vertex  1.026316e-001  0.000000e+000  0.000000e+000
    endloop
  endfacet
  facet normal  0.000000e+000  0.000000e+000 -1.000000e+000
    outer loop
      vertex  1.607396e-001  9.147232e-002  0.000000e+000
      vertex  1.026316e-001  0.000000e+000  0.000000e+000
      vertex  1.562500e-002  0.000000e+000  0.000000e+000
    endloop
  endfacet
  facet normal  0.000000e+000  0.000000e+000 -1.000000e+000
    outer loop
      vertex  1.607396e-001  9.147232e-002  0.000000e+000
      vertex  1.562500e-002  0.000000e+000  0.000000e+000
      vertex  1.257671e-002  3.002300e-004  0.000000e+000
    endloop
  endfacet
  facet normal  0.000000e+000  0.000000e+000 -9.999999e-001
    outer loop
      vertex  1.607396e-001  9.147232e-002  0.000000e+000
      vertex  1.257671e-002  3.002300e-004  0.000000e+000
      vertex  9.645571e-003  1.189382e-003  0.000000e+000
    endloop
  endfacet
  facet normal  0.000000e+000  0.000000e+000 -1.000000e+000
    outer loop
      vertex  1.607396e-001  9.147232e-002  0.000000e+000
      vertex  9.645571e-003  1.189382e-003  0.000000e+000
      vertex  6.944215e-003  2.633287e-003  0.000000e+000
    endloop
  endfacet
  facet normal  0.000000e+000  0.000000e+000 -1.000000e+000
    outer loop
      vertex  1.607396e-001  9.147232e-002  0.000000e+000
      vertex  6.944215e-003  2.633287e-003  0.000000e+000
      vertex  4.576457e-003  4.576457e-003  0.000000e+000
    endloop
  endfacet
  facet normal  0.000000e+000  0.000000e+000 -1.000000e+000
    outer loop
      vertex  1.607396e-001  9.147232e-002  0.000000e+000
      vertex  4.576457e-003  4.576457e-003  0.000000e+000
      vertex  2.633287e-003  6.944215e-003  0.000000e+000
    endloop
  endfacet
  facet normal  0.000000e+000  0.000000e+000 -1.000000e+000
    outer loop
      vertex  1.607396e-001  9.147232e-002  0.000000e+000
      vertex  2.633287e-003  6.944215e-003  0.000000e+000
      vertex  1.189382e-003  9.645571e-003  0.000000e+000
    endloop
  endfacet
  facet normal  0.000000e+000  0.000000e+000 -1.000000e+000
    outer loop
      vertex  1.607396e-001  9.147232e-002  0.000000e+000
      vertex  1.189382e-003  9.645571e-003  0.000000e+000
      vertex  3.002300e-004  1.257671e-002  0.000000e+000
    endloop
  endfacet
  facet normal  -0.000000e+000  0.000000e+000 -9.999999e-001
    outer loop
      vertex  2.538932e-001  7.184296e-001  0.000000e+000
      vertex  2.599853e-001  6.807435e-001  0.000000e+000
      vertex  1.749700e-001  6.726930e-001  0.000000e+000
    endloop
  endfacet
  facet normal  0.000000e+000  0.000000e+000 -9.999999e-001
    outer loop
      vertex  1.749700e-001  6.726930e-001  0.000000e+000
      vertex  2.599853e-001  6.807435e-001  0.000000e+000
      vertex  1.955355e-001  5.973104e-001  0.000000e+000
    endloop
  endfacet
  facet normal  0.000000e+000  0.000000e+000 -9.999999e-001
    outer loop
      vertex  1.749700e-001  6.726930e-001  0.000000e+000
      vertex  1.955355e-001  5.973104e-001  0.000000e+000
      vertex  1.050280e-001  6.141369e-001  0.000000e+000
    endloop
  endfacet
  facet normal  0.000000e+000  0.000000e+000 -9.999999e-001
    outer loop
      vertex  1.050280e-001  6.141369e-001  0.000000e+000
      vertex  1.955355e-001  5.973104e-001  0.000000e+000
      vertex  1.486011e-001  5.029069e-001  0.000000e+000
    endloop
  endfacet
  facet normal  0.000000e+000  0.000000e+000 -1.000000e+000
    outer loop
      vertex  1.050280e-001  6.141369e-001  0.000000e+000
      vertex  1.486011e-001  5.029069e-001  0.000000e+000
      vertex  4.612654e-002  5.444854e-001  0.000000e+000
    endloop
  endfacet
  facet normal -1.000000e+000 -3.699391e-016  0.000000e+000
    outer loop
      vertex -1.665335e-016  4.657895e-001  3.125000e-002
      vertex -1.665335e-016  4.657895e-001  0.000000e+000
      vertex  0.000000e+000  1.562500e-002  3.125000e-002
    endloop
  endfacet
  facet normal -1.000000e+000 -3.699391e-016  -0.000000e+000
    outer loop
      vertex  0.000000e+000  1.562500e-002  3.125000e-002
      vertex -1.665335e-016  4.657895e-001  0.000000e+000
      vertex  0.000000e+000  1.562500e-002  0.000000e+000
    endloop
  endfacet
  facet normal  0.000000e+000 -1.000000e+000  0.000000e+000
    outer loop
      vertex  1.562500e-002  0.000000e+000  3.125000e-002
      vertex  1.562500e-002  0.000000e+000  0.000000e+000
      vertex  1.026316e-001  0.000000e+000  3.125000e-002
    endloop
  endfacet
  facet normal  0.000000e+000 -1.000000e+000  -0.000000e+000
    outer loop
      vertex  1.026316e-001  0.000000e+000  3.125000e-002
      vertex  1.562500e-002  0.000000e+000  0.000000e+000
      vertex  1.026316e-001  0.000000e+000  0.000000e+000
    endloop
  endfacet
  facet normal -9.801716e-002 -9.951848e-001  -0.000000e+000
    outer loop
      vertex  1.562500e-002  0.000000e+000  0.000000e+000
      vertex  1.562500e-002  0.000000e+000  3.125000e-002
      vertex  1.257671e-002  3.002300e-004  0.000000e+000
    endloop
  endfacet
  facet normal -9.801716e-002 -9.951848e-001  0.000000e+000
    outer loop
      vertex  1.257671e-002  3.002300e-004  0.000000e+000
      vertex  1.562500e-002  0.000000e+000  3.125000e-002
      vertex  1.257671e-002  3.002300e-004  3.125000e-002
    endloop
  endfacet
  facet normal -2.902846e-001 -9.569404e-001  -0.000000e+000
    outer loop
      vertex  1.257671e-002  3.002300e-004  0.000000e+000
      vertex  1.257671e-002  3.002300e-004  3.125000e-002
      vertex  9.645571e-003  1.189382e-003  0.000000e+000
    endloop
  endfacet
  facet normal -2.902846e-001 -9.569404e-001  0.000000e+000
    outer loop
      vertex  9.645571e-003  1.189382e-003  0.000000e+000
      vertex  1.257671e-002  3.002300e-004  3.125000e-002
      vertex  9.645571e-003  1.189382e-003  3.125000e-002
    endloop
  endfacet
  facet normal -4.713968e-001 -8.819213e-001  -0.000000e+000
    outer loop
      vertex  9.645571e-003  1.189382e-003  0.000000e+000
      vertex  9.645571e-003  1.189382e-003  3.125000e-002
      vertex  6.944215e-003  2.633287e-003  0.000000e+000
    endloop
  endfacet
  facet normal -4.713968e-001 -8.819213e-001  0.000000e+000
    outer loop
      vertex  6.944215e-003  2.633287e-003  0.000000e+000
      vertex  9.645571e-003  1.189382e-003  3.125000e-002
      vertex  6.944215e-003  2.633287e-003  3.125000e-002
    endloop
  endfacet
  facet normal -6.343934e-001 -7.730104e-001  -0.000000e+000
    outer loop
      vertex  6.944215e-003  2.633287e-003  0.000000e+000
      vertex  6.944215e-003  2.633287e-003  3.125000e-002
      vertex  4.576457e-003  4.576457e-003  0.000000e+000
    endloop
  endfacet
  facet normal -6.343934e-001 -7.730104e-001  0.000000e+000
    outer loop
      vertex  4.576457e-003  4.576457e-003  0.000000e+000
      vertex  6.944215e-003  2.633287e-003  3.125000e-002
      vertex  4.576457e-003  4.576457e-003  3.125000e-002
    endloop
  endfacet
  facet normal -7.730104e-001 -6.343934e-001  -0.000000e+000
    outer loop
      vertex  4.576457e-003  4.576457e-003  0.000000e+000
      vertex  4.576457e-003  4.576457e-003  3.125000e-002
      vertex  2.633287e-003  6.944215e-003  0.000000e+000
    endloop
  endfacet
  facet normal -7.730104e-001 -6.343934e-001  0.000000e+000
    outer loop
      vertex  2.633287e-003  6.944215e-003  0.000000e+000
      vertex  4.576457e-003  4.576457e-003  3.125000e-002
      vertex  2.633287e-003  6.944215e-003  3.125000e-002
    endloop
  endfacet
  facet normal -8.819213e-001 -4.713968e-001  -0.000000e+000
    outer loop
      vertex  2.633287e-003  6.944215e-003  0.000000e+000
      vertex  2.633287e-003  6.944215e-003  3.125000e-002
      vertex  1.189382e-003  9.645571e-003  0.000000e+000
    endloop
  endfacet
  facet normal -8.819213e-001 -4.713968e-001  0.000000e+000
    outer loop
      vertex  1.189382e-003  9.645571e-003  0.000000e+000
      vertex  2.633287e-003  6.944215e-003  3.125000e-002
      vertex  1.189382e-003  9.645571e-003  3.125000e-002
    endloop
  endfacet
  facet normal -9.569404e-001 -2.902846e-001  -0.000000e+000
    outer loop
      vertex  1.189382e-003  9.645571e-003  0.000000e+000
      vertex  1.189382e-003  9.645571e-003  3.125000e-002
      vertex  3.002300e-004  1.257671e-002  0.000000e+000
    endloop
  endfacet
  facet normal -9.569404e-001 -2.902846e-001  0.000000e+000
    outer loop
      vertex  3.002300e-004  1.257671e-002  0.000000e+000
      vertex  1.189382e-003  9.645571e-003  3.125000e-002
      vertex  3.002300e-004  1.257671e-002  3.125000e-002
    endloop
  endfacet
  facet normal -9.951848e-001 -9.801716e-002  -0.000000e+000
    outer loop
      vertex  3.002300e-004  1.257671e-002  0.000000e+000
      vertex  3.002300e-004  1.257671e-002  3.125000e-002
      vertex  0.000000e+000  1.562500e-002  0.000000e+000
    endloop
  endfacet
  facet normal -9.951848e-001 -9.801716e-002  0.000000e+000
    outer loop
      vertex  0.000000e+000  1.562500e-002  0.000000e+000
      vertex  3.002300e-004  1.257671e-002  3.125000e-002
      vertex  0.000000e+000  1.562500e-002  3.125000e-002
    endloop
  endfacet
  facet normal -8.627245e-001  5.056742e-001  0.000000e+000
    outer loop
      vertex -1.665335e-016  4.657895e-001  0.000000e+000
      vertex -1.665335e-016  4.657895e-001  3.125000e-002
      vertex  4.612654e-002  5.444854e-001  0.000000e+000
    endloop
  endfacet
  facet normal -8.627245e-001  5.056742e-001  0.000000e+000
    outer loop
      vertex  4.612654e-002  5.444854e-001  0.000000e+000
      vertex -1.665335e-016  4.657895e-001  3.125000e-002
      vertex  4.612654e-002  5.444854e-001  3.125000e-002
    endloop
  endfacet
  facet normal -7.635723e-001  6.457223e-001  0.000000e+000
    outer loop
      vertex  4.612654e-002  5.444854e-001  0.000000e+000
      vertex  4.612654e-002  5.444854e-001  3.125000e-002
      vertex  1.050280e-001  6.141369e-001  0.000000e+000
    endloop
  endfacet
  facet normal -7.635723e-001  6.457223e-001  0.000000e+000
    outer loop
      vertex  1.050280e-001  6.141369e-001  0.000000e+000
      vertex  4.612654e-002  5.444854e-001  3.125000e-002
      vertex  1.050280e-001  6.141369e-001  3.125000e-002
    endloop
  endfacet
  facet normal -6.419364e-001  7.667578e-001  0.000000e+000
    outer loop
      vertex  1.050280e-001  6.141369e-001  0.000000e+000
      vertex  1.050280e-001  6.141369e-001  3.125000e-002
      vertex  1.749700e-001  6.726930e-001  0.000000e+000
    endloop
  endfacet
  facet normal -6.419364e-001  7.667578e-001  0.000000e+000
    outer loop
      vertex  1.749700e-001  6.726930e-001  0.000000e+000
      vertex  1.050280e-001  6.141369e-001  3.125000e-002
      vertex  1.749700e-001  6.726930e-001  3.125000e-002
    endloop
  endfacet
  facet normal -5.013994e-001  8.652159e-001  0.000000e+000
    outer loop
      vertex  1.749700e-001  6.726930e-001  0.000000e+000
      vertex  1.749700e-001  6.726930e-001  3.125000e-002
      vertex  2.538932e-001  7.184296e-001  0.000000e+000
    endloop
  endfacet
  facet normal -5.013994e-001  8.652159e-001  0.000000e+000
    outer loop
      vertex  2.538932e-001  7.184296e-001  0.000000e+000
      vertex  1.749700e-001  6.726930e-001  3.125000e-002
      vertex  2.538932e-001  7.184296e-001  3.125000e-002
    endloop
  endfacet
  facet normal -3.460990e-001  9.381980e-001  0.000000e+000
    outer loop
      vertex  2.538932e-001  7.184296e-001  0.000000e+000
      vertex  2.538932e-001  7.184296e-001  3.125000e-002
      vertex  3.394737e-001  7.500000e-001  0.000000e+000
    endloop
  endfacet
  facet normal -3.460990e-001  9.381980e-001  0.000000e+000
    outer loop
      vertex  3.394737e-001  7.500000e-001  0.000000e+000
      vertex  2.538932e-001  7.184296e-001  3.125000e-002
      vertex  3.394737e-001  7.500000e-001  3.125000e-002
    endloop
  endfacet
  facet normal  9.976425e-001 -6.862641e-002  0.000000e+000
    outer loop
      vertex  1.209857e-001  4.011609e-001  0.000000e+000
      vertex  1.137506e-001  2.959824e-001  3.125000e-002
      vertex  1.137506e-001  2.959824e-001  0.000000e+000
    endloop
  endfacet
  facet normal  9.918614e-001  1.273226e-001  -0.000000e+000
    outer loop
      vertex  1.137506e-001  2.959824e-001  0.000000e+000
      vertex  1.137506e-001  2.959824e-001  3.125000e-002
      vertex  1.271739e-001  1.914133e-001  3.125000e-002
    endloop
  endfacet
  facet normal  9.918614e-001  1.273226e-001  0.000000e+000
    outer loop
      vertex  1.137506e-001  2.959824e-001  0.000000e+000
      vertex  1.271739e-001  1.914133e-001  3.125000e-002
      vertex  1.271739e-001  1.914133e-001  0.000000e+000
    endloop
  endfacet
  facet normal  9.479636e-001  3.183787e-001  -0.000000e+000
    outer loop
      vertex  1.271739e-001  1.914133e-001  0.000000e+000
      vertex  1.271739e-001  1.914133e-001  3.125000e-002
      vertex  1.607396e-001  9.147232e-002  3.125000e-002
    endloop
  endfacet
  facet normal  9.479636e-001  3.183787e-001  0.000000e+000
    outer loop
      vertex  1.271739e-001  1.914133e-001  0.000000e+000
      vertex  1.607396e-001  9.147232e-002  3.125000e-002
      vertex  1.607396e-001  9.147232e-002  0.000000e+000
    endloop
  endfacet
  facet normal  8.676361e-001  4.971996e-001  -0.000000e+000
    outer loop
      vertex  1.607396e-001  9.147232e-002  0.000000e+000
      vertex  1.607396e-001  9.147232e-002  3.125000e-002
      vertex  2.131579e-001  0.000000e+000  3.125000e-002
    endloop
  endfacet
  facet normal  8.676361e-001  4.971996e-001  0.000000e+000
    outer loop
      vertex  1.607396e-001  9.147232e-002  0.000000e+000
      vertex  2.131579e-001  0.000000e+000  3.125000e-002
      vertex  2.131579e-001  0.000000e+000  0.000000e+000
    endloop
  endfacet
  facet normal  9.976425e-001 -6.862641e-002  0.000000e+000
    outer loop
      vertex  1.137506e-001  2.959824e-001  3.125000e-002
      vertex  1.209857e-001  4.011609e-001  0.000000e+000
      vertex  1.209857e-001  4.011609e-001  3.125000e-002
    endloop
  endfacet
  facet normal  9.650847e-001 -2.619381e-001  0.000000e+000
    outer loop
      vertex  1.209857e-001  4.011609e-001  3.125000e-002
      vertex  1.209857e-001  4.011609e-001  0.000000e+000
      vertex  1.486011e-001  5.029069e-001  0.000000e+000
    endloop
  endfacet
  facet normal  9.650847e-001 -2.619381e-001  0.000000e+000
    outer loop
      vertex  1.209857e-001  4.011609e-001  3.125000e-002
      vertex  1.486011e-001  5.029069e-001  0.000000e+000
      vertex  1.486011e-001  5.029069e-001  3.125000e-002
    endloop
  endfacet
  facet normal  8.954392e-001 -4.451838e-001  0.000000e+000
    outer loop
      vertex  1.486011e-001  5.029069e-001  3.125000e-002
      vertex  1.486011e-001  5.029069e-001  0.000000e+000
      vertex  1.955355e-001  5.973104e-001  0.000000e+000
    endloop
  endfacet
  facet normal  8.954392e-001 -4.451838e-001  0.000000e+000
    outer loop
      vertex  1.486011e-001  5.029069e-001  3.125000e-002
      vertex  1.955355e-001  5.973104e-001  0.000000e+000
      vertex  1.955355e-001  5.973104e-001  3.125000e-002
    endloop
  endfacet
  facet normal  7.913824e-001 -6.113213e-001  0.000000e+000
    outer loop
      vertex  1.955355e-001  5.973104e-001  3.125000e-002
      vertex  1.955355e-001  5.973104e-001  0.000000e+000
      vertex  2.599853e-001  6.807435e-001  0.000000e+000
    endloop
  endfacet
  facet normal  7.913824e-001 -6.113213e-001  0.000000e+000
    outer loop
      vertex  1.955355e-001  5.973104e-001  3.125000e-002
      vertex  2.599853e-001  6.807435e-001  0.000000e+000
      vertex  2.599853e-001  6.807435e-001  3.125000e-002
    endloop
  endfacet
  facet normal  6.569136e-001 -7.539659e-001  0.000000e+000
    outer loop
      vertex  2.599853e-001  6.807435e-001  3.125000e-002
      vertex  2.599853e-001  6.807435e-001  0.000000e+000
      vertex  3.394737e-001  7.500000e-001  0.000000e+000
    endloop
  endfacet
  facet normal  6.569136e-001 -7.539659e-001  0.000000e+000
    outer loop
      vertex  2.599853e-001  6.807435e-001  3.125000e-002
      vertex  3.394737e-001  7.500000e-001  0.000000e+000
      vertex  3.394737e-001  7.500000e-001  3.125000e-002
    endloop
  endfacet
  facet normal  0.000000e+000 -1.000000e+000  0.000000e+000
    outer loop
      vertex  1.026316e-001  0.000000e+000  3.125000e-002
      vertex  1.026316e-001  0.000000e+000  0.000000e+000
      vertex  2.131579e-001  0.000000e+000  3.125000e-002
    endloop
  endfacet
  facet normal  0.000000e+000 -1.000000e+000  -0.000000e+000
    outer loop
      vertex  2.131579e-001  0.000000e+000  3.125000e-002
      vertex  1.026316e-001  0.000000e+000  0.000000e+000
      vertex  2.131579e-001  0.000000e+000  0.000000e+000
    endloop
  endfacet
endsolid CATIA STL
