solid CATIA STL
  facet normal  -0.000000e+000  -0.000000e+000  1.000000e+000
    outer loop
      vertex -7.500000e-001 -6.406250e-001  3.125000e-002
      vertex -7.478984e-001 -6.619630e-001  3.125000e-002
      vertex -7.416743e-001 -6.824810e-001  3.125000e-002
    endloop
  endfacet
  facet normal  -0.000000e+000  -0.000000e+000  9.999999e-001
    outer loop
      vertex -7.500000e-001 -6.406250e-001  3.125000e-002
      vertex -7.416743e-001 -6.824810e-001  3.125000e-002
      vertex -7.315670e-001 -7.013905e-001  3.125000e-002
    endloop
  endfacet
  facet normal  -0.000000e+000  -0.000000e+000  1.000000e+000
    outer loop
      vertex -7.500000e-001 -6.406250e-001  3.125000e-002
      vertex -7.315670e-001 -7.013905e-001  3.125000e-002
      vertex -7.179648e-001 -7.179648e-001  3.125000e-002
    endloop
  endfacet
  facet normal  -0.000000e+000  -0.000000e+000  1.000000e+000
    outer loop
      vertex -7.500000e-001 -6.406250e-001  3.125000e-002
      vertex -7.179648e-001 -7.179648e-001  3.125000e-002
      vertex -7.013905e-001 -7.315670e-001  3.125000e-002
    endloop
  endfacet
  facet normal  -0.000000e+000  -0.000000e+000  1.000000e+000
    outer loop
      vertex -7.500000e-001 -6.406250e-001  3.125000e-002
      vertex -7.013905e-001 -7.315670e-001  3.125000e-002
      vertex -6.824810e-001 -7.416743e-001  3.125000e-002
    endloop
  endfacet
  facet normal  -0.000000e+000  -0.000000e+000  1.000000e+000
    outer loop
      vertex -7.500000e-001 -6.406250e-001  3.125000e-002
      vertex -6.824810e-001 -7.416743e-001  3.125000e-002
      vertex -6.619630e-001 -7.478984e-001  3.125000e-002
    endloop
  endfacet
  facet normal  -0.000000e+000  -0.000000e+000  1.000000e+000
    outer loop
      vertex -7.500000e-001 -6.406250e-001  3.125000e-002
      vertex -6.619630e-001 -7.478984e-001  3.125000e-002
      vertex -6.406250e-001 -7.500000e-001  3.125000e-002
    endloop
  endfacet
  facet normal  0.000000e+000  -0.000000e+000  1.000000e+000
    outer loop
      vertex -7.500000e-001 -6.406250e-001  3.125000e-002
      vertex -6.406250e-001 -7.500000e-001  3.125000e-002
      vertex  7.500000e-001 -7.500000e-001  3.125000e-002
    endloop
  endfacet
  facet normal  0.000000e+000  -0.000000e+000  1.000000e+000
    outer loop
      vertex -7.500000e-001 -6.406250e-001  3.125000e-002
      vertex  7.500000e-001 -7.500000e-001  3.125000e-002
      vertex  7.500000e-001  7.500000e-001  3.125000e-002
    endloop
  endfacet
  facet normal  0.000000e+000  0.000000e+000  1.000000e+000
    outer loop
      vertex -7.500000e-001 -6.406250e-001  3.125000e-002
      vertex  7.500000e-001  7.500000e-001  3.125000e-002
      vertex -7.500000e-001  7.500000e-001  3.125000e-002
    endloop
  endfacet
  facet normal  0.000000e+000  0.000000e+000 -1.000000e+000
    outer loop
      vertex -7.500000e-001 -6.406250e-001  0.000000e+000
      vertex -7.500000e-001  7.500000e-001  0.000000e+000
      vertex  7.500000e-001  7.500000e-001  0.000000e+000
    endloop
  endfacet
  facet normal  0.000000e+000  -0.000000e+000 -1.000000e+000
    outer loop
      vertex -7.500000e-001 -6.406250e-001  0.000000e+000
      vertex  7.500000e-001  7.500000e-001  0.000000e+000
      vertex  7.500000e-001 -7.500000e-001  0.000000e+000
    endloop
  endfacet
  facet normal  0.000000e+000  0.000000e+000 -1.000000e+000
    outer loop
      vertex -7.500000e-001 -6.406250e-001  0.000000e+000
      vertex  7.500000e-001 -7.500000e-001  0.000000e+000
      vertex -6.406250e-001 -7.500000e-001  0.000000e+000
    endloop
  endfacet
  facet normal  0.000000e+000  0.000000e+000 -1.000000e+000
    outer loop
      vertex -7.500000e-001 -6.406250e-001  0.000000e+000
      vertex -6.406250e-001 -7.500000e-001  0.000000e+000
      vertex -6.619630e-001 -7.478984e-001  0.000000e+000
    endloop
  endfacet
  facet normal  0.000000e+000  0.000000e+000 -1.000000e+000
    outer loop
      vertex -7.500000e-001 -6.406250e-001  0.000000e+000
      vertex -6.619630e-001 -7.478984e-001  0.000000e+000
      vertex -6.824810e-001 -7.416743e-001  0.000000e+000
    endloop
  endfacet
  facet normal  0.000000e+000  0.000000e+000 -1.000000e+000
    outer loop
      vertex -7.500000e-001 -6.406250e-001  0.000000e+000
      vertex -6.824810e-001 -7.416743e-001  0.000000e+000
      vertex -7.013905e-001 -7.315670e-001  0.000000e+000
    endloop
  endfacet
  facet normal  0.000000e+000  0.000000e+000 -1.000000e+000
    outer loop
      vertex -7.500000e-001 -6.406250e-001  0.000000e+000
      vertex -7.013905e-001 -7.315670e-001  0.000000e+000
      vertex -7.179648e-001 -7.179648e-001  0.000000e+000
    endloop
  endfacet
  facet normal  0.000000e+000  0.000000e+000 -1.000000e+000
    outer loop
      vertex -7.500000e-001 -6.406250e-001  0.000000e+000
      vertex -7.179648e-001 -7.179648e-001  0.000000e+000
      vertex -7.315670e-001 -7.013905e-001  0.000000e+000
    endloop
  endfacet
  facet normal  0.000000e+000  0.000000e+000 -9.999999e-001
    outer loop
      vertex -7.500000e-001 -6.406250e-001  0.000000e+000
      vertex -7.315670e-001 -7.013905e-001  0.000000e+000
      vertex -7.416743e-001 -6.824810e-001  0.000000e+000
    endloop
  endfacet
  facet normal  0.000000e+000  0.000000e+000 -1.000000e+000
    outer loop
      vertex -7.500000e-001 -6.406250e-001  0.000000e+000
      vertex -7.416743e-001 -6.824810e-001  0.000000e+000
      vertex -7.478984e-001 -6.619630e-001  0.000000e+000
    endloop
  endfacet
  facet normal -1.000000e+000  0.000000e+000  0.000000e+000
    outer loop
      vertex -7.500000e-001  7.500000e-001  3.125000e-002
      vertex -7.500000e-001  7.500000e-001  0.000000e+000
      vertex -7.500000e-001 -6.406250e-001  3.125000e-002
    endloop
  endfacet
  facet normal -1.000000e+000  0.000000e+000  0.000000e+000
    outer loop
      vertex -7.500000e-001 -6.406250e-001  3.125000e-002
      vertex -7.500000e-001  7.500000e-001  0.000000e+000
      vertex -7.500000e-001 -6.406250e-001  0.000000e+000
    endloop
  endfacet
  facet normal  0.000000e+000 -1.000000e+000  0.000000e+000
    outer loop
      vertex -6.406250e-001 -7.500000e-001  3.125000e-002
      vertex -6.406250e-001 -7.500000e-001  0.000000e+000
      vertex  7.500000e-001 -7.500000e-001  3.125000e-002
    endloop
  endfacet
  facet normal  0.000000e+000 -1.000000e+000  -0.000000e+000
    outer loop
      vertex  7.500000e-001 -7.500000e-001  3.125000e-002
      vertex -6.406250e-001 -7.500000e-001  0.000000e+000
      vertex  7.500000e-001 -7.500000e-001  0.000000e+000
    endloop
  endfacet
  facet normal -9.801677e-002 -9.951848e-001  -0.000000e+000
    outer loop
      vertex -6.406250e-001 -7.500000e-001  0.000000e+000
      vertex -6.406250e-001 -7.500000e-001  3.125000e-002
      vertex -6.619630e-001 -7.478984e-001  0.000000e+000
    endloop
  endfacet
  facet normal -9.801677e-002 -9.951848e-001  0.000000e+000
    outer loop
      vertex -6.619630e-001 -7.478984e-001  0.000000e+000
      vertex -6.406250e-001 -7.500000e-001  3.125000e-002
      vertex -6.619630e-001 -7.478984e-001  3.125000e-002
    endloop
  endfacet
  facet normal -2.902859e-001 -9.569400e-001  -0.000000e+000
    outer loop
      vertex -6.619630e-001 -7.478984e-001  0.000000e+000
      vertex -6.619630e-001 -7.478984e-001  3.125000e-002
      vertex -6.824810e-001 -7.416743e-001  0.000000e+000
    endloop
  endfacet
  facet normal -2.902859e-001 -9.569400e-001  0.000000e+000
    outer loop
      vertex -6.824810e-001 -7.416743e-001  0.000000e+000
      vertex -6.619630e-001 -7.478984e-001  3.125000e-002
      vertex -6.824810e-001 -7.416743e-001  3.125000e-002
    endloop
  endfacet
  facet normal -4.713965e-001 -8.819214e-001  -0.000000e+000
    outer loop
      vertex -6.824810e-001 -7.416743e-001  0.000000e+000
      vertex -6.824810e-001 -7.416743e-001  3.125000e-002
      vertex -7.013905e-001 -7.315670e-001  0.000000e+000
    endloop
  endfacet
  facet normal -4.713965e-001 -8.819214e-001  0.000000e+000
    outer loop
      vertex -7.013905e-001 -7.315670e-001  0.000000e+000
      vertex -6.824810e-001 -7.416743e-001  3.125000e-002
      vertex -7.013905e-001 -7.315670e-001  3.125000e-002
    endloop
  endfacet
  facet normal -6.343917e-001 -7.730117e-001  -0.000000e+000
    outer loop
      vertex -7.013905e-001 -7.315670e-001  0.000000e+000
      vertex -7.013905e-001 -7.315670e-001  3.125000e-002
      vertex -7.179648e-001 -7.179648e-001  0.000000e+000
    endloop
  endfacet
  facet normal -6.343917e-001 -7.730117e-001  0.000000e+000
    outer loop
      vertex -7.179648e-001 -7.179648e-001  0.000000e+000
      vertex -7.013905e-001 -7.315670e-001  3.125000e-002
      vertex -7.179648e-001 -7.179648e-001  3.125000e-002
    endloop
  endfacet
  facet normal -7.730117e-001 -6.343917e-001  -0.000000e+000
    outer loop
      vertex -7.179648e-001 -7.179648e-001  0.000000e+000
      vertex -7.179648e-001 -7.179648e-001  3.125000e-002
      vertex -7.315670e-001 -7.013905e-001  0.000000e+000
    endloop
  endfacet
  facet normal -7.730117e-001 -6.343917e-001  0.000000e+000
    outer loop
      vertex -7.315670e-001 -7.013905e-001  0.000000e+000
      vertex -7.179648e-001 -7.179648e-001  3.125000e-002
      vertex -7.315670e-001 -7.013905e-001  3.125000e-002
    endloop
  endfacet
  facet normal -8.819214e-001 -4.713965e-001  -0.000000e+000
    outer loop
      vertex -7.315670e-001 -7.013905e-001  0.000000e+000
      vertex -7.315670e-001 -7.013905e-001  3.125000e-002
      vertex -7.416743e-001 -6.824810e-001  0.000000e+000
    endloop
  endfacet
  facet normal -8.819214e-001 -4.713965e-001  0.000000e+000
    outer loop
      vertex -7.416743e-001 -6.824810e-001  0.000000e+000
      vertex -7.315670e-001 -7.013905e-001  3.125000e-002
      vertex -7.416743e-001 -6.824810e-001  3.125000e-002
    endloop
  endfacet
  facet normal -9.569400e-001 -2.902859e-001  -0.000000e+000
    outer loop
      vertex -7.416743e-001 -6.824810e-001  0.000000e+000
      vertex -7.416743e-001 -6.824810e-001  3.125000e-002
      vertex -7.478984e-001 -6.619630e-001  0.000000e+000
    endloop
  endfacet
  facet normal -9.569400e-001 -2.902859e-001  0.000000e+000
    outer loop
      vertex -7.478984e-001 -6.619630e-001  0.000000e+000
      vertex -7.416743e-001 -6.824810e-001  3.125000e-002
      vertex -7.478984e-001 -6.619630e-001  3.125000e-002
    endloop
  endfacet
  facet normal -9.951848e-001 -9.801677e-002  -0.000000e+000
    outer loop
      vertex -7.478984e-001 -6.619630e-001  0.000000e+000
      vertex -7.478984e-001 -6.619630e-001  3.125000e-002
      vertex -7.500000e-001 -6.406250e-001  0.000000e+000
    endloop
  endfacet
  facet normal -9.951848e-001 -9.801677e-002  0.000000e+000
    outer loop
      vertex -7.500000e-001 -6.406250e-001  0.000000e+000
      vertex -7.478984e-001 -6.619630e-001  3.125000e-002
      vertex -7.500000e-001 -6.406250e-001  3.125000e-002
    endloop
  endfacet
  facet normal  0.000000e+000  1.000000e+000  -0.000000e+000
    outer loop
      vertex  7.500000e-001  7.500000e-001  3.125000e-002
      vertex  7.500000e-001  7.500000e-001  0.000000e+000
      vertex -7.500000e-001  7.500000e-001  3.125000e-002
    endloop
  endfacet
  facet normal  0.000000e+000  1.000000e+000  0.000000e+000
    outer loop
      vertex -7.500000e-001  7.500000e-001  3.125000e-002
      vertex  7.500000e-001  7.500000e-001  0.000000e+000
      vertex -7.500000e-001  7.500000e-001  0.000000e+000
    endloop
  endfacet
  facet normal  1.000000e+000  0.000000e+000  0.000000e+000
    outer loop
      vertex  7.500000e-001 -7.500000e-001  3.125000e-002
      vertex  7.500000e-001 -7.500000e-001  0.000000e+000
      vertex  7.500000e-001  7.500000e-001  3.125000e-002
    endloop
  endfacet
  facet normal  1.000000e+000  0.000000e+000  0.000000e+000
    outer loop
      vertex  7.500000e-001  7.500000e-001  3.125000e-002
      vertex  7.500000e-001 -7.500000e-001  0.000000e+000
      vertex  7.500000e-001  7.500000e-001  0.000000e+000
    endloop
  endfacet
endsolid CATIA STL
