solid CATIA STL
  facet normal  0.000000e+000  1.000000e+000  0.000000e+000
    outer loop
      vertex  3.125000e-002  1.562500e-002 -4.609375e-001
      vertex  3.125000e-002  1.562500e-002  0.000000e+000
      vertex  7.421875e-001  1.562500e-002 -4.609375e-001
    endloop
  endfacet
  facet normal  0.000000e+000  1.000000e+000  -0.000000e+000
    outer loop
      vertex  7.421875e-001  1.562500e-002 -4.609375e-001
      vertex  3.125000e-002  1.562500e-002  0.000000e+000
      vertex  7.421875e-001  1.562500e-002  0.000000e+000
    endloop
  endfacet
  facet normal -1.000000e+000  0.000000e+000  0.000000e+000
    outer loop
      vertex  7.421875e-001  1.562500e-002 -4.609375e-001
      vertex  7.421875e-001  1.562500e-002  0.000000e+000
      vertex  7.421875e-001  6.339286e-001 -4.609375e-001
    endloop
  endfacet
  facet normal -1.000000e+000  0.000000e+000  0.000000e+000
    outer loop
      vertex  7.421875e-001  6.339286e-001 -4.609375e-001
      vertex  7.421875e-001  1.562500e-002  0.000000e+000
      vertex  7.421875e-001  6.339286e-001  0.000000e+000
    endloop
  endfacet
  facet normal  0.000000e+000 -1.000000e+000  -0.000000e+000
    outer loop
      vertex  6.474609e-001  7.421875e-001 -4.609375e-001
      vertex  6.474609e-001  7.421875e-001  0.000000e+000
      vertex  1.562500e-002  7.421875e-001 -4.609375e-001
    endloop
  endfacet
  facet normal  0.000000e+000 -1.000000e+000  0.000000e+000
    outer loop
      vertex  1.562500e-002  7.421875e-001 -4.609375e-001
      vertex  6.474609e-001  7.421875e-001  0.000000e+000
      vertex  1.562500e-002  7.421875e-001  0.000000e+000
    endloop
  endfacet
  facet normal  1.000000e+000  0.000000e+000  0.000000e+000
    outer loop
      vertex  1.562500e-002  7.421875e-001 -4.609375e-001
      vertex  1.562500e-002  7.421875e-001  0.000000e+000
      vertex  1.562500e-002  3.125000e-002 -4.609375e-001
    endloop
  endfacet
  facet normal  1.000000e+000  0.000000e+000  0.000000e+000
    outer loop
      vertex  1.562500e-002  3.125000e-002 -4.609375e-001
      vertex  1.562500e-002  7.421875e-001  0.000000e+000
      vertex  1.562500e-002  3.125000e-002  0.000000e+000
    endloop
  endfacet
  facet normal  0.000000e+000  0.000000e+000  1.000000e+000
    outer loop
      vertex  7.421875e-001  6.339286e-001 -4.609375e-001
      vertex  6.474609e-001  7.421875e-001 -4.609375e-001
      vertex  1.562500e-002  7.421875e-001 -4.609375e-001
    endloop
  endfacet
  facet normal  0.000000e+000  0.000000e+000  9.999999e-001
    outer loop
      vertex  7.421875e-001  1.562500e-002 -4.609375e-001
      vertex  7.421875e-001  6.339286e-001 -4.609375e-001
      vertex  1.562500e-002  7.421875e-001 -4.609375e-001
    endloop
  endfacet
  facet normal  0.000000e+000  0.000000e+000  1.000000e+000
    outer loop
      vertex  7.421875e-001  1.562500e-002 -4.609375e-001
      vertex  1.562500e-002  7.421875e-001 -4.609375e-001
      vertex  1.562500e-002  3.125000e-002 -4.609375e-001
    endloop
  endfacet
  facet normal  0.000000e+000  0.000000e+000  1.000000e+000
    outer loop
      vertex  7.421875e-001  1.562500e-002 -4.609375e-001
      vertex  1.562500e-002  3.125000e-002 -4.609375e-001
      vertex  2.288228e-002  2.288228e-002 -4.609375e-001
    endloop
  endfacet
  facet normal  0.000000e+000  0.000000e+000  1.000000e+000
    outer loop
      vertex  7.421875e-001  1.562500e-002 -4.609375e-001
      vertex  2.288228e-002  2.288228e-002 -4.609375e-001
      vertex  3.125000e-002  1.562500e-002 -4.609375e-001
    endloop
  endfacet
  facet normal  7.525767e-001  6.585046e-001  0.000000e+000
    outer loop
      vertex  6.474609e-001  7.421875e-001 -4.609375e-001
      vertex  6.406250e-001  7.500000e-001  0.000000e+000
      vertex  6.474609e-001  7.421875e-001  0.000000e+000
    endloop
  endfacet
  facet normal  7.525766e-001  6.585046e-001  0.000000e+000
    outer loop
      vertex  6.406250e-001  7.500000e-001  0.000000e+000
      vertex  6.474609e-001  7.421875e-001 -4.609375e-001
      vertex  6.406250e-001  7.500000e-001 -4.765625e-001
    endloop
  endfacet
  facet normal  7.525766e-001  6.585047e-001  7.769059e-008
    outer loop
      vertex  6.406250e-001  7.500000e-001 -4.765625e-001
      vertex  6.474609e-001  7.421875e-001 -4.609375e-001
      vertex  7.421875e-001  6.339286e-001 -4.609375e-001
    endloop
  endfacet
  facet normal  7.525767e-001  6.585046e-001 -1.076570e-006
    outer loop
      vertex  6.406250e-001  7.500000e-001 -4.765625e-001
      vertex  7.421875e-001  6.339286e-001 -4.609375e-001
      vertex  7.500000e-001  6.250000e-001 -4.765625e-001
    endloop
  endfacet
  facet normal  7.525776e-001  6.585035e-001  0.000000e+000
    outer loop
      vertex  7.500000e-001  6.250000e-001 -4.765625e-001
      vertex  7.421875e-001  6.339286e-001 -4.609375e-001
      vertex  7.421875e-001  6.339286e-001  0.000000e+000
    endloop
  endfacet
  facet normal  7.525776e-001  6.585035e-001  0.000000e+000
    outer loop
      vertex  7.500000e-001  6.250000e-001 -4.765625e-001
      vertex  7.421875e-001  6.339286e-001  0.000000e+000
      vertex  7.500000e-001  6.250000e-001  0.000000e+000
    endloop
  endfacet
  facet normal  -0.000000e+000  0.000000e+000  9.999999e-001
    outer loop
      vertex  7.421875e-001  1.562500e-002  0.000000e+000
      vertex  3.125000e-002  1.562500e-002  0.000000e+000
      vertex  4.186666e-002  8.923491e-003  0.000000e+000
    endloop
  endfacet
  facet normal  -0.000000e+000  0.000000e+000  1.000000e+000
    outer loop
      vertex  7.421875e-001  1.562500e-002  0.000000e+000
      vertex  4.186666e-002  8.923491e-003  0.000000e+000
      vertex  5.341971e-002  4.009117e-003  0.000000e+000
    endloop
  endfacet
  facet normal  -0.000000e+000  0.000000e+000  1.000000e+000
    outer loop
      vertex  7.421875e-001  1.562500e-002  0.000000e+000
      vertex  5.341971e-002  4.009117e-003  0.000000e+000
      vertex  6.561076e-002  1.008792e-003  0.000000e+000
    endloop
  endfacet
  facet normal  -0.000000e+000  0.000000e+000  9.999999e-001
    outer loop
      vertex  7.421875e-001  1.562500e-002  0.000000e+000
      vertex  6.561076e-002  1.008792e-003  0.000000e+000
      vertex  7.812500e-002  0.000000e+000  0.000000e+000
    endloop
  endfacet
  facet normal  0.000000e+000  0.000000e+000  1.000000e+000
    outer loop
      vertex  7.421875e-001  1.562500e-002  0.000000e+000
      vertex  7.812500e-002  0.000000e+000  0.000000e+000
      vertex  7.500000e-001  0.000000e+000  0.000000e+000
    endloop
  endfacet
  facet normal  0.000000e+000  -0.000000e+000  1.000000e+000
    outer loop
      vertex  7.421875e-001  1.562500e-002  0.000000e+000
      vertex  7.500000e-001  0.000000e+000  0.000000e+000
      vertex  7.500000e-001  6.250000e-001  0.000000e+000
    endloop
  endfacet
  facet normal  0.000000e+000  0.000000e+000  1.000000e+000
    outer loop
      vertex  7.421875e-001  1.562500e-002  0.000000e+000
      vertex  7.500000e-001  6.250000e-001  0.000000e+000
      vertex  7.421875e-001  6.339286e-001  0.000000e+000
    endloop
  endfacet
  facet normal  0.000000e+000  0.000000e+000  9.999999e-001
    outer loop
      vertex  6.406250e-001  7.500000e-001  0.000000e+000
      vertex  1.562500e-002  7.421875e-001  0.000000e+000
      vertex  6.474609e-001  7.421875e-001  0.000000e+000
    endloop
  endfacet
  facet normal  -0.000000e+000  0.000000e+000  9.999999e-001
    outer loop
      vertex  6.406250e-001  7.500000e-001  0.000000e+000
      vertex  0.000000e+000  7.500000e-001  0.000000e+000
      vertex  1.562500e-002  7.421875e-001  0.000000e+000
    endloop
  endfacet
  facet normal  0.000000e+000  0.000000e+000  1.000000e+000
    outer loop
      vertex  8.923491e-003  4.186666e-002  0.000000e+000
      vertex  1.008792e-003  6.561076e-002  0.000000e+000
      vertex  4.009117e-003  5.341971e-002  0.000000e+000
    endloop
  endfacet
  facet normal  -0.000000e+000  -0.000000e+000  1.000000e+000
    outer loop
      vertex  0.000000e+000  7.812500e-002  0.000000e+000
      vertex  1.008792e-003  6.561076e-002  0.000000e+000
      vertex  8.923491e-003  4.186666e-002  0.000000e+000
    endloop
  endfacet
  facet normal  -0.000000e+000  -0.000000e+000  1.000000e+000
    outer loop
      vertex  0.000000e+000  7.812500e-002  0.000000e+000
      vertex  8.923491e-003  4.186666e-002  0.000000e+000
      vertex  1.562500e-002  3.125000e-002  0.000000e+000
    endloop
  endfacet
  facet normal  0.000000e+000  -0.000000e+000  1.000000e+000
    outer loop
      vertex  0.000000e+000  7.812500e-002  0.000000e+000
      vertex  1.562500e-002  3.125000e-002  0.000000e+000
      vertex  1.562500e-002  7.421875e-001  0.000000e+000
    endloop
  endfacet
  facet normal  0.000000e+000  0.000000e+000  1.000000e+000
    outer loop
      vertex  0.000000e+000  7.812500e-002  0.000000e+000
      vertex  1.562500e-002  7.421875e-001  0.000000e+000
      vertex  0.000000e+000  7.500000e-001  0.000000e+000
    endloop
  endfacet
  facet normal -5.337792e-001 -8.456237e-001  4.747137e-004
    outer loop
      vertex  3.125000e-002  1.562500e-002  0.000000e+000
      vertex  3.472108e-002  1.316644e-002 -4.765625e-001
      vertex  4.186666e-002  8.923491e-003  0.000000e+000
    endloop
  endfacet
  facet normal -5.779992e-001 -8.160374e-001  0.000000e+000
    outer loop
      vertex  3.125000e-002  1.562500e-002  0.000000e+000
      vertex  3.125000e-002  1.562500e-002 -4.609375e-001
      vertex  3.472108e-002  1.316644e-002 -4.765625e-001
    endloop
  endfacet
  facet normal -6.342751e-001 -7.728666e-001 -1.929448e-002
    outer loop
      vertex  3.125000e-002  1.562500e-002 -4.609375e-001
      vertex  2.288228e-002  2.288228e-002 -4.765625e-001
      vertex  3.472108e-002  1.316644e-002 -4.765625e-001
    endloop
  endfacet
  facet normal -6.552017e-001 -7.554540e-001  -0.000000e+000
    outer loop
      vertex  3.125000e-002  1.562500e-002 -4.609375e-001
      vertex  2.288228e-002  2.288228e-002 -4.609375e-001
      vertex  2.288228e-002  2.288228e-002 -4.765625e-001
    endloop
  endfacet
  facet normal -9.569401e-001 -2.902845e-001 -7.286337e-004
    outer loop
      vertex  1.501150e-003  6.288357e-002 -4.765625e-001
      vertex  5.946911e-003  4.822786e-002 -4.765625e-001
      vertex  4.009117e-003  5.341971e-002  0.000000e+000
    endloop
  endfacet
  facet normal -9.202065e-001 -3.914328e-001  5.226778e-004
    outer loop
      vertex  8.923491e-003  4.186666e-002  0.000000e+000
      vertex  4.009117e-003  5.341971e-002  0.000000e+000
      vertex  5.946911e-003  4.822786e-002 -4.765625e-001
    endloop
  endfacet
  facet normal -8.819210e-001 -4.713967e-001 -7.838152e-004
    outer loop
      vertex  5.946911e-003  4.822786e-002 -4.765625e-001
      vertex  1.316644e-002  3.472108e-002 -4.765625e-001
      vertex  8.923491e-003  4.186666e-002  0.000000e+000
    endloop
  endfacet
  facet normal -8.456237e-001 -5.337792e-001  4.747137e-004
    outer loop
      vertex  1.562500e-002  3.125000e-002  0.000000e+000
      vertex  8.923491e-003  4.186666e-002  0.000000e+000
      vertex  1.316644e-002  3.472108e-002 -4.765625e-001
    endloop
  endfacet
  facet normal -4.713967e-001 -8.819210e-001 -7.838152e-004
    outer loop
      vertex  3.472108e-002  1.316644e-002 -4.765625e-001
      vertex  4.822786e-002  5.946911e-003 -4.765625e-001
      vertex  4.186666e-002  8.923491e-003  0.000000e+000
    endloop
  endfacet
  facet normal -3.914328e-001 -9.202065e-001  5.226778e-004
    outer loop
      vertex  4.186666e-002  8.923491e-003  0.000000e+000
      vertex  4.822786e-002  5.946911e-003 -4.765625e-001
      vertex  5.341971e-002  4.009117e-003  0.000000e+000
    endloop
  endfacet
  facet normal -2.902845e-001 -9.569401e-001 -7.286337e-004
    outer loop
      vertex  5.341971e-002  4.009117e-003  0.000000e+000
      vertex  4.822786e-002  5.946911e-003 -4.765625e-001
      vertex  6.288357e-002  1.501150e-003 -4.765625e-001
    endloop
  endfacet
  facet normal -8.160374e-001 -5.779992e-001  -0.000000e+000
    outer loop
      vertex  1.562500e-002  3.125000e-002 -4.609375e-001
      vertex  1.562500e-002  3.125000e-002  0.000000e+000
      vertex  1.316644e-002  3.472108e-002 -4.765625e-001
    endloop
  endfacet
  facet normal -7.728666e-001 -6.342751e-001 -1.929448e-002
    outer loop
      vertex  1.562500e-002  3.125000e-002 -4.609375e-001
      vertex  1.316644e-002  3.472108e-002 -4.765625e-001
      vertex  2.288228e-002  2.288228e-002 -4.765625e-001
    endloop
  endfacet
  facet normal -7.554540e-001 -6.552017e-001  0.000000e+000
    outer loop
      vertex  1.562500e-002  3.125000e-002 -4.609375e-001
      vertex  2.288228e-002  2.288228e-002 -4.765625e-001
      vertex  2.288228e-002  2.288228e-002 -4.609375e-001
    endloop
  endfacet
  facet normal -9.967666e-001 -8.035090e-002  0.000000e+000
    outer loop
      vertex  0.000000e+000  7.812500e-002  0.000000e+000
      vertex  0.000000e+000  7.812500e-002 -4.765625e-001
      vertex  1.008792e-003  6.561076e-002  0.000000e+000
    endloop
  endfacet
  facet normal -9.951847e-001 -9.801714e-002 -4.672537e-004
    outer loop
      vertex  1.008792e-003  6.561076e-002  0.000000e+000
      vertex  0.000000e+000  7.812500e-002 -4.765625e-001
      vertex  1.501150e-003  6.288357e-002 -4.765625e-001
    endloop
  endfacet
  facet normal -9.710249e-001 -2.389778e-001  3.643714e-004
    outer loop
      vertex  1.008792e-003  6.561076e-002  0.000000e+000
      vertex  1.501150e-003  6.288357e-002 -4.765625e-001
      vertex  4.009117e-003  5.341971e-002  0.000000e+000
    endloop
  endfacet
  facet normal -9.801716e-002 -9.951848e-001  -0.000000e+000
    outer loop
      vertex  7.812500e-002  0.000000e+000 -4.765625e-001
      vertex  7.812500e-002  0.000000e+000  0.000000e+000
      vertex  6.288357e-002  1.501150e-003 -4.765625e-001
    endloop
  endfacet
  facet normal -8.035088e-002 -9.967664e-001 -5.699852e-004
    outer loop
      vertex  6.288357e-002  1.501150e-003 -4.765625e-001
      vertex  7.812500e-002  0.000000e+000  0.000000e+000
      vertex  6.561076e-002  1.008792e-003  0.000000e+000
    endloop
  endfacet
  facet normal -2.389778e-001 -9.710249e-001  3.643714e-004
    outer loop
      vertex  6.288357e-002  1.501150e-003 -4.765625e-001
      vertex  6.561076e-002  1.008792e-003  0.000000e+000
      vertex  5.341971e-002  4.009117e-003  0.000000e+000
    endloop
  endfacet
  facet normal  0.000000e+000  0.000000e+000 -9.999999e-001
    outer loop
      vertex  6.406250e-001  7.500000e-001 -4.765625e-001
      vertex  7.500000e-001  6.250000e-001 -4.765625e-001
      vertex  0.000000e+000  7.500000e-001 -4.765625e-001
    endloop
  endfacet
  facet normal  0.000000e+000  0.000000e+000 -1.000000e+000
    outer loop
      vertex  0.000000e+000  7.812500e-002 -4.765625e-001
      vertex  0.000000e+000  7.500000e-001 -4.765625e-001
      vertex  7.500000e-001  6.250000e-001 -4.765625e-001
    endloop
  endfacet
  facet normal  0.000000e+000  -0.000000e+000 -1.000000e+000
    outer loop
      vertex  0.000000e+000  7.812500e-002 -4.765625e-001
      vertex  7.500000e-001  6.250000e-001 -4.765625e-001
      vertex  7.500000e-001  0.000000e+000 -4.765625e-001
    endloop
  endfacet
  facet normal  0.000000e+000  0.000000e+000 -1.000000e+000
    outer loop
      vertex  0.000000e+000  7.812500e-002 -4.765625e-001
      vertex  7.500000e-001  0.000000e+000 -4.765625e-001
      vertex  7.812500e-002  0.000000e+000 -4.765625e-001
    endloop
  endfacet
  facet normal  0.000000e+000  0.000000e+000 -1.000000e+000
    outer loop
      vertex  0.000000e+000  7.812500e-002 -4.765625e-001
      vertex  7.812500e-002  0.000000e+000 -4.765625e-001
      vertex  6.288357e-002  1.501150e-003 -4.765625e-001
    endloop
  endfacet
  facet normal  0.000000e+000  0.000000e+000 -1.000000e+000
    outer loop
      vertex  0.000000e+000  7.812500e-002 -4.765625e-001
      vertex  6.288357e-002  1.501150e-003 -4.765625e-001
      vertex  4.822786e-002  5.946911e-003 -4.765625e-001
    endloop
  endfacet
  facet normal  0.000000e+000  0.000000e+000 -1.000000e+000
    outer loop
      vertex  0.000000e+000  7.812500e-002 -4.765625e-001
      vertex  4.822786e-002  5.946911e-003 -4.765625e-001
      vertex  3.472108e-002  1.316644e-002 -4.765625e-001
    endloop
  endfacet
  facet normal  0.000000e+000  0.000000e+000 -1.000000e+000
    outer loop
      vertex  0.000000e+000  7.812500e-002 -4.765625e-001
      vertex  3.472108e-002  1.316644e-002 -4.765625e-001
      vertex  2.288228e-002  2.288228e-002 -4.765625e-001
    endloop
  endfacet
  facet normal  0.000000e+000  0.000000e+000 -1.000000e+000
    outer loop
      vertex  0.000000e+000  7.812500e-002 -4.765625e-001
      vertex  2.288228e-002  2.288228e-002 -4.765625e-001
      vertex  1.316644e-002  3.472108e-002 -4.765625e-001
    endloop
  endfacet
  facet normal  0.000000e+000  0.000000e+000 -1.000000e+000
    outer loop
      vertex  0.000000e+000  7.812500e-002 -4.765625e-001
      vertex  1.316644e-002  3.472108e-002 -4.765625e-001
      vertex  5.946911e-003  4.822786e-002 -4.765625e-001
    endloop
  endfacet
  facet normal  0.000000e+000  0.000000e+000 -1.000000e+000
    outer loop
      vertex  0.000000e+000  7.812500e-002 -4.765625e-001
      vertex  5.946911e-003  4.822786e-002 -4.765625e-001
      vertex  1.501150e-003  6.288357e-002 -4.765625e-001
    endloop
  endfacet
  facet normal -1.000000e+000  0.000000e+000  0.000000e+000
    outer loop
      vertex  0.000000e+000  7.500000e-001 -4.765625e-001
      vertex  0.000000e+000  7.812500e-002 -4.765625e-001
      vertex  0.000000e+000  7.500000e-001  0.000000e+000
    endloop
  endfacet
  facet normal -1.000000e+000  -0.000000e+000  0.000000e+000
    outer loop
      vertex  0.000000e+000  7.500000e-001  0.000000e+000
      vertex  0.000000e+000  7.812500e-002 -4.765625e-001
      vertex  0.000000e+000  7.812500e-002  0.000000e+000
    endloop
  endfacet
  facet normal  0.000000e+000 -1.000000e+000  0.000000e+000
    outer loop
      vertex  7.812500e-002  0.000000e+000 -4.765625e-001
      vertex  7.500000e-001  0.000000e+000 -4.765625e-001
      vertex  7.812500e-002  0.000000e+000  0.000000e+000
    endloop
  endfacet
  facet normal  0.000000e+000 -1.000000e+000  0.000000e+000
    outer loop
      vertex  7.812500e-002  0.000000e+000  0.000000e+000
      vertex  7.500000e-001  0.000000e+000 -4.765625e-001
      vertex  7.500000e-001  0.000000e+000  0.000000e+000
    endloop
  endfacet
  facet normal  0.000000e+000  1.000000e+000  0.000000e+000
    outer loop
      vertex  6.406250e-001  7.500000e-001 -4.765625e-001
      vertex  0.000000e+000  7.500000e-001 -4.765625e-001
      vertex  6.406250e-001  7.500000e-001  0.000000e+000
    endloop
  endfacet
  facet normal  0.000000e+000  1.000000e+000  0.000000e+000
    outer loop
      vertex  6.406250e-001  7.500000e-001  0.000000e+000
      vertex  0.000000e+000  7.500000e-001 -4.765625e-001
      vertex  0.000000e+000  7.500000e-001  0.000000e+000
    endloop
  endfacet
  facet normal  1.000000e+000  0.000000e+000  0.000000e+000
    outer loop
      vertex  7.500000e-001  0.000000e+000 -4.765625e-001
      vertex  7.500000e-001  6.250000e-001 -4.765625e-001
      vertex  7.500000e-001  0.000000e+000  0.000000e+000
    endloop
  endfacet
  facet normal  1.000000e+000  -0.000000e+000  0.000000e+000
    outer loop
      vertex  7.500000e-001  0.000000e+000  0.000000e+000
      vertex  7.500000e-001  6.250000e-001 -4.765625e-001
      vertex  7.500000e-001  6.250000e-001  0.000000e+000
    endloop
  endfacet
endsolid CATIA STL
