solid CATIA STL
  facet normal  0.000000e+000  1.000000e+000  0.000000e+000
    outer loop
      vertex -1.484375e-001  1.484375e-001 -1.484375e-001
      vertex -1.484375e-001  1.484375e-001 -7.812500e-003
      vertex  1.484375e-001  1.484375e-001 -1.484375e-001
    endloop
  endfacet
  facet normal  0.000000e+000  1.000000e+000  -0.000000e+000
    outer loop
      vertex  1.484375e-001  1.484375e-001 -1.484375e-001
      vertex -1.484375e-001  1.484375e-001 -7.812500e-003
      vertex  1.484375e-001  1.484375e-001 -7.812500e-003
    endloop
  endfacet
  facet normal -1.000000e+000  0.000000e+000  0.000000e+000
    outer loop
      vertex -1.484375e-001 -1.484375e-001 -1.484375e-001
      vertex -1.484375e-001 -1.484375e-001  1.484375e-001
      vertex -1.484375e-001 -7.812500e-003  1.484375e-001
    endloop
  endfacet
  facet normal -9.999999e-001  0.000000e+000  -0.000000e+000
    outer loop
      vertex -1.484375e-001 -1.484375e-001 -1.484375e-001
      vertex -1.484375e-001 -7.812500e-003  1.484375e-001
      vertex -1.484375e-001  2.267036e-002  1.454352e-001
    endloop
  endfacet
  facet normal -1.000000e+000  0.000000e+000  -0.000000e+000
    outer loop
      vertex -1.484375e-001 -1.484375e-001 -1.484375e-001
      vertex -1.484375e-001  2.267036e-002  1.454352e-001
      vertex -1.484375e-001  5.198179e-002  1.365437e-001
    endloop
  endfacet
  facet normal -1.000000e+000  0.000000e+000  -0.000000e+000
    outer loop
      vertex -1.484375e-001 -1.484375e-001 -1.484375e-001
      vertex -1.484375e-001  5.198179e-002  1.365437e-001
      vertex -1.484375e-001  7.899535e-002  1.221046e-001
    endloop
  endfacet
  facet normal -1.000000e+000  0.000000e+000  -0.000000e+000
    outer loop
      vertex -1.484375e-001 -1.484375e-001 -1.484375e-001
      vertex -1.484375e-001  7.899535e-002  1.221046e-001
      vertex -1.484375e-001  1.026729e-001  1.026729e-001
    endloop
  endfacet
  facet normal -1.000000e+000  0.000000e+000  -0.000000e+000
    outer loop
      vertex -1.484375e-001 -1.484375e-001 -1.484375e-001
      vertex -1.484375e-001  1.026729e-001  1.026729e-001
      vertex -1.484375e-001  1.221046e-001  7.899535e-002
    endloop
  endfacet
  facet normal -1.000000e+000  0.000000e+000  -0.000000e+000
    outer loop
      vertex -1.484375e-001 -1.484375e-001 -1.484375e-001
      vertex -1.484375e-001  1.221046e-001  7.899535e-002
      vertex -1.484375e-001  1.365437e-001  5.198179e-002
    endloop
  endfacet
  facet normal -1.000000e+000  0.000000e+000  -0.000000e+000
    outer loop
      vertex -1.484375e-001 -1.484375e-001 -1.484375e-001
      vertex -1.484375e-001  1.365437e-001  5.198179e-002
      vertex -1.484375e-001  1.454352e-001  2.267036e-002
    endloop
  endfacet
  facet normal -9.999999e-001  0.000000e+000  -0.000000e+000
    outer loop
      vertex -1.484375e-001 -1.484375e-001 -1.484375e-001
      vertex -1.484375e-001  1.454352e-001  2.267036e-002
      vertex -1.484375e-001  1.484375e-001 -7.812500e-003
    endloop
  endfacet
  facet normal -1.000000e+000  0.000000e+000  -0.000000e+000
    outer loop
      vertex -1.484375e-001 -1.484375e-001 -1.484375e-001
      vertex -1.484375e-001  1.484375e-001 -7.812500e-003
      vertex -1.484375e-001  1.484375e-001 -1.484375e-001
    endloop
  endfacet
  facet normal  -0.000000e+000  0.000000e+000  1.000000e+000
    outer loop
      vertex  1.484375e-001 -7.812500e-003  1.484375e-001
      vertex -1.484375e-001 -7.812500e-003  1.484375e-001
      vertex  1.484375e-001 -1.484375e-001  1.484375e-001
    endloop
  endfacet
  facet normal  0.000000e+000  0.000000e+000  1.000000e+000
    outer loop
      vertex  1.484375e-001 -1.484375e-001  1.484375e-001
      vertex -1.484375e-001 -7.812500e-003  1.484375e-001
      vertex -1.484375e-001 -1.484375e-001  1.484375e-001
    endloop
  endfacet
  facet normal  9.999999e-001  0.000000e+000  0.000000e+000
    outer loop
      vertex  1.484375e-001  1.484375e-001 -7.812500e-003
      vertex  1.484375e-001  1.454352e-001  2.267036e-002
      vertex  1.484375e-001  1.484375e-001 -1.484375e-001
    endloop
  endfacet
  facet normal  9.999999e-001  0.000000e+000  0.000000e+000
    outer loop
      vertex  1.484375e-001 -1.484375e-001 -1.484375e-001
      vertex  1.484375e-001  1.484375e-001 -1.484375e-001
      vertex  1.484375e-001  1.454352e-001  2.267036e-002
    endloop
  endfacet
  facet normal  1.000000e+000  0.000000e+000  0.000000e+000
    outer loop
      vertex  1.484375e-001 -1.484375e-001 -1.484375e-001
      vertex  1.484375e-001  1.454352e-001  2.267036e-002
      vertex  1.484375e-001  1.365437e-001  5.198179e-002
    endloop
  endfacet
  facet normal  1.000000e+000  0.000000e+000  0.000000e+000
    outer loop
      vertex  1.484375e-001 -1.484375e-001 -1.484375e-001
      vertex  1.484375e-001  1.365437e-001  5.198179e-002
      vertex  1.484375e-001  1.221046e-001  7.899535e-002
    endloop
  endfacet
  facet normal  1.000000e+000  0.000000e+000  0.000000e+000
    outer loop
      vertex  1.484375e-001 -1.484375e-001 -1.484375e-001
      vertex  1.484375e-001  1.221046e-001  7.899535e-002
      vertex  1.484375e-001  1.026729e-001  1.026729e-001
    endloop
  endfacet
  facet normal  1.000000e+000  0.000000e+000  0.000000e+000
    outer loop
      vertex  1.484375e-001 -1.484375e-001 -1.484375e-001
      vertex  1.484375e-001  1.026729e-001  1.026729e-001
      vertex  1.484375e-001  7.899535e-002  1.221046e-001
    endloop
  endfacet
  facet normal  1.000000e+000  0.000000e+000  0.000000e+000
    outer loop
      vertex  1.484375e-001 -1.484375e-001 -1.484375e-001
      vertex  1.484375e-001  7.899535e-002  1.221046e-001
      vertex  1.484375e-001  5.198179e-002  1.365437e-001
    endloop
  endfacet
  facet normal  1.000000e+000  0.000000e+000  0.000000e+000
    outer loop
      vertex  1.484375e-001 -1.484375e-001 -1.484375e-001
      vertex  1.484375e-001  5.198179e-002  1.365437e-001
      vertex  1.484375e-001  2.267036e-002  1.454352e-001
    endloop
  endfacet
  facet normal  9.999999e-001  0.000000e+000  0.000000e+000
    outer loop
      vertex  1.484375e-001 -1.484375e-001 -1.484375e-001
      vertex  1.484375e-001  2.267036e-002  1.454352e-001
      vertex  1.484375e-001 -7.812500e-003  1.484375e-001
    endloop
  endfacet
  facet normal  1.000000e+000  0.000000e+000  0.000000e+000
    outer loop
      vertex  1.484375e-001 -1.484375e-001 -1.484375e-001
      vertex  1.484375e-001 -7.812500e-003  1.484375e-001
      vertex  1.484375e-001 -1.484375e-001  1.484375e-001
    endloop
  endfacet
  facet normal  -0.000000e+000  9.951847e-001  9.801717e-002
    outer loop
      vertex  1.484375e-001  1.484375e-001 -7.812500e-003
      vertex -1.484375e-001  1.484375e-001 -7.812500e-003
      vertex  1.484375e-001  1.454352e-001  2.267036e-002
    endloop
  endfacet
  facet normal  0.000000e+000  9.951847e-001  9.801717e-002
    outer loop
      vertex  1.484375e-001  1.454352e-001  2.267036e-002
      vertex -1.484375e-001  1.484375e-001 -7.812500e-003
      vertex -1.484375e-001  1.454352e-001  2.267036e-002
    endloop
  endfacet
  facet normal  -0.000000e+000  9.569404e-001  2.902847e-001
    outer loop
      vertex  1.484375e-001  1.454352e-001  2.267036e-002
      vertex -1.484375e-001  1.454352e-001  2.267036e-002
      vertex  1.484375e-001  1.365437e-001  5.198179e-002
    endloop
  endfacet
  facet normal  0.000000e+000  9.569404e-001  2.902847e-001
    outer loop
      vertex  1.484375e-001  1.365437e-001  5.198179e-002
      vertex -1.484375e-001  1.454352e-001  2.267036e-002
      vertex -1.484375e-001  1.365437e-001  5.198179e-002
    endloop
  endfacet
  facet normal  -0.000000e+000  8.819213e-001  4.713967e-001
    outer loop
      vertex  1.484375e-001  1.365437e-001  5.198179e-002
      vertex -1.484375e-001  1.365437e-001  5.198179e-002
      vertex  1.484375e-001  1.221046e-001  7.899535e-002
    endloop
  endfacet
  facet normal  0.000000e+000  8.819213e-001  4.713967e-001
    outer loop
      vertex  1.484375e-001  1.221046e-001  7.899535e-002
      vertex -1.484375e-001  1.365437e-001  5.198179e-002
      vertex -1.484375e-001  1.221046e-001  7.899535e-002
    endloop
  endfacet
  facet normal  -0.000000e+000  7.730104e-001  6.343933e-001
    outer loop
      vertex  1.484375e-001  1.221046e-001  7.899535e-002
      vertex -1.484375e-001  1.221046e-001  7.899535e-002
      vertex  1.484375e-001  1.026729e-001  1.026729e-001
    endloop
  endfacet
  facet normal  0.000000e+000  7.730104e-001  6.343933e-001
    outer loop
      vertex  1.484375e-001  1.026729e-001  1.026729e-001
      vertex -1.484375e-001  1.221046e-001  7.899535e-002
      vertex -1.484375e-001  1.026729e-001  1.026729e-001
    endloop
  endfacet
  facet normal  -0.000000e+000  6.343933e-001  7.730104e-001
    outer loop
      vertex  1.484375e-001  1.026729e-001  1.026729e-001
      vertex -1.484375e-001  1.026729e-001  1.026729e-001
      vertex  1.484375e-001  7.899535e-002  1.221046e-001
    endloop
  endfacet
  facet normal  0.000000e+000  6.343933e-001  7.730104e-001
    outer loop
      vertex  1.484375e-001  7.899535e-002  1.221046e-001
      vertex -1.484375e-001  1.026729e-001  1.026729e-001
      vertex -1.484375e-001  7.899535e-002  1.221046e-001
    endloop
  endfacet
  facet normal  -0.000000e+000  4.713967e-001  8.819213e-001
    outer loop
      vertex  1.484375e-001  7.899535e-002  1.221046e-001
      vertex -1.484375e-001  7.899535e-002  1.221046e-001
      vertex  1.484375e-001  5.198179e-002  1.365437e-001
    endloop
  endfacet
  facet normal  0.000000e+000  4.713967e-001  8.819213e-001
    outer loop
      vertex  1.484375e-001  5.198179e-002  1.365437e-001
      vertex -1.484375e-001  7.899535e-002  1.221046e-001
      vertex -1.484375e-001  5.198179e-002  1.365437e-001
    endloop
  endfacet
  facet normal  -0.000000e+000  2.902847e-001  9.569404e-001
    outer loop
      vertex  1.484375e-001  5.198179e-002  1.365437e-001
      vertex -1.484375e-001  5.198179e-002  1.365437e-001
      vertex  1.484375e-001  2.267036e-002  1.454352e-001
    endloop
  endfacet
  facet normal  0.000000e+000  2.902847e-001  9.569404e-001
    outer loop
      vertex  1.484375e-001  2.267036e-002  1.454352e-001
      vertex -1.484375e-001  5.198179e-002  1.365437e-001
      vertex -1.484375e-001  2.267036e-002  1.454352e-001
    endloop
  endfacet
  facet normal  -0.000000e+000  9.801717e-002  9.951847e-001
    outer loop
      vertex  1.484375e-001  2.267036e-002  1.454352e-001
      vertex -1.484375e-001  2.267036e-002  1.454352e-001
      vertex  1.484375e-001 -7.812500e-003  1.484375e-001
    endloop
  endfacet
  facet normal  0.000000e+000  9.801717e-002  9.951847e-001
    outer loop
      vertex  1.484375e-001 -7.812500e-003  1.484375e-001
      vertex -1.484375e-001  2.267036e-002  1.454352e-001
      vertex -1.484375e-001 -7.812500e-003  1.484375e-001
    endloop
  endfacet
  facet normal  0.000000e+000 -1.000000e+000  0.000000e+000
    outer loop
      vertex -1.484375e-001 -1.484375e-001 -1.484375e-001
      vertex  1.484375e-001 -1.484375e-001 -1.484375e-001
      vertex -1.484375e-001 -1.484375e-001  1.484375e-001
    endloop
  endfacet
  facet normal  0.000000e+000 -1.000000e+000  0.000000e+000
    outer loop
      vertex -1.484375e-001 -1.484375e-001  1.484375e-001
      vertex  1.484375e-001 -1.484375e-001 -1.484375e-001
      vertex  1.484375e-001 -1.484375e-001  1.484375e-001
    endloop
  endfacet
  facet normal  -0.000000e+000  0.000000e+000 -1.000000e+000
    outer loop
      vertex -1.484375e-001  1.484375e-001 -1.484375e-001
      vertex  1.484375e-001  1.484375e-001 -1.484375e-001
      vertex -1.484375e-001 -1.484375e-001 -1.484375e-001
    endloop
  endfacet
  facet normal  0.000000e+000  0.000000e+000 -1.000000e+000
    outer loop
      vertex -1.484375e-001 -1.484375e-001 -1.484375e-001
      vertex  1.484375e-001  1.484375e-001 -1.484375e-001
      vertex  1.484375e-001 -1.484375e-001 -1.484375e-001
    endloop
  endfacet
endsolid CATIA STL
