solid CATIA STL
  facet normal  0.000000e+000  0.000000e+000 -1.000000e+000
    outer loop
      vertex  0.000000e+000  3.046875e-001  0.000000e+000
      vertex  0.000000e+000  4.973684e-001  0.000000e+000
      vertex  7.500000e-001  3.046875e-001  0.000000e+000
    endloop
  endfacet
  facet normal  0.000000e+000  0.000000e+000 -1.000000e+000
    outer loop
      vertex  7.500000e-001  3.046875e-001  0.000000e+000
      vertex  0.000000e+000  4.973684e-001  0.000000e+000
      vertex  7.500000e-001  4.973684e-001  0.000000e+000
    endloop
  endfacet
  facet normal -1.000000e+000  0.000000e+000  0.000000e+000
    outer loop
      vertex  0.000000e+000  4.973684e-001  0.000000e+000
      vertex  0.000000e+000  3.046875e-001  0.000000e+000
      vertex  0.000000e+000  2.452459e-001  5.854485e-003
    endloop
  endfacet
  facet normal -1.000000e+000  0.000000e+000  0.000000e+000
    outer loop
      vertex  0.000000e+000  4.973684e-001  0.000000e+000
      vertex  0.000000e+000  2.452459e-001  5.854485e-003
      vertex  0.000000e+000  1.880886e-001  2.319296e-002
    endloop
  endfacet
  facet normal -1.000000e+000  0.000000e+000  0.000000e+000
    outer loop
      vertex  0.000000e+000  4.973684e-001  0.000000e+000
      vertex  0.000000e+000  1.880886e-001  2.319296e-002
      vertex  0.000000e+000  1.354122e-001  5.134910e-002
    endloop
  endfacet
  facet normal -1.000000e+000  0.000000e+000  0.000000e+000
    outer loop
      vertex  0.000000e+000  4.973684e-001  0.000000e+000
      vertex  0.000000e+000  1.354122e-001  5.134910e-002
      vertex  0.000000e+000  8.924090e-002  8.924090e-002
    endloop
  endfacet
  facet normal -1.000000e+000  0.000000e+000  0.000000e+000
    outer loop
      vertex  0.000000e+000  4.973684e-001  0.000000e+000
      vertex  0.000000e+000  8.924090e-002  8.924090e-002
      vertex  0.000000e+000  5.134910e-002  1.354122e-001
    endloop
  endfacet
  facet normal -1.000000e+000  0.000000e+000  0.000000e+000
    outer loop
      vertex  0.000000e+000  4.973684e-001  0.000000e+000
      vertex  0.000000e+000  5.134910e-002  1.354122e-001
      vertex  0.000000e+000  2.319296e-002  1.880886e-001
    endloop
  endfacet
  facet normal -9.999999e-001  0.000000e+000  0.000000e+000
    outer loop
      vertex  0.000000e+000  4.973684e-001  0.000000e+000
      vertex  0.000000e+000  2.319296e-002  1.880886e-001
      vertex  0.000000e+000  5.854485e-003  2.452459e-001
    endloop
  endfacet
  facet normal -1.000000e+000  0.000000e+000  0.000000e+000
    outer loop
      vertex  0.000000e+000  4.973684e-001  0.000000e+000
      vertex  0.000000e+000  5.854485e-003  2.452459e-001
      vertex  0.000000e+000  0.000000e+000  3.046875e-001
    endloop
  endfacet
  facet normal -1.000000e+000  0.000000e+000  0.000000e+000
    outer loop
      vertex  0.000000e+000  4.973684e-001  0.000000e+000
      vertex  0.000000e+000  0.000000e+000  3.046875e-001
      vertex  0.000000e+000  0.000000e+000  5.000000e-001
    endloop
  endfacet
  facet normal -1.000000e+000  0.000000e+000  0.000000e+000
    outer loop
      vertex  0.000000e+000  4.973684e-001  0.000000e+000
      vertex  0.000000e+000  0.000000e+000  5.000000e-001
      vertex  0.000000e+000  4.973684e-001  5.000000e-001
    endloop
  endfacet
  facet normal  1.000000e+000  -0.000000e+000  0.000000e+000
    outer loop
      vertex  7.500000e-001  4.973684e-001  5.000000e-001
      vertex  7.500000e-001  0.000000e+000  5.000000e-001
      vertex  7.500000e-001  0.000000e+000  3.046875e-001
    endloop
  endfacet
  facet normal  1.000000e+000  -0.000000e+000  0.000000e+000
    outer loop
      vertex  7.500000e-001  4.973684e-001  5.000000e-001
      vertex  7.500000e-001  0.000000e+000  3.046875e-001
      vertex  7.500000e-001  5.854485e-003  2.452459e-001
    endloop
  endfacet
  facet normal  1.000000e+000  -0.000000e+000  0.000000e+000
    outer loop
      vertex  7.500000e-001  4.973684e-001  5.000000e-001
      vertex  7.500000e-001  5.854485e-003  2.452459e-001
      vertex  7.500000e-001  2.319296e-002  1.880886e-001
    endloop
  endfacet
  facet normal  1.000000e+000  -0.000000e+000  0.000000e+000
    outer loop
      vertex  7.500000e-001  4.973684e-001  5.000000e-001
      vertex  7.500000e-001  2.319296e-002  1.880886e-001
      vertex  7.500000e-001  5.134910e-002  1.354122e-001
    endloop
  endfacet
  facet normal  1.000000e+000  -0.000000e+000  0.000000e+000
    outer loop
      vertex  7.500000e-001  4.973684e-001  5.000000e-001
      vertex  7.500000e-001  5.134910e-002  1.354122e-001
      vertex  7.500000e-001  8.924090e-002  8.924090e-002
    endloop
  endfacet
  facet normal  1.000000e+000  -0.000000e+000  0.000000e+000
    outer loop
      vertex  7.500000e-001  4.973684e-001  5.000000e-001
      vertex  7.500000e-001  8.924090e-002  8.924090e-002
      vertex  7.500000e-001  1.354122e-001  5.134910e-002
    endloop
  endfacet
  facet normal  1.000000e+000  -0.000000e+000  0.000000e+000
    outer loop
      vertex  7.500000e-001  4.973684e-001  5.000000e-001
      vertex  7.500000e-001  1.354122e-001  5.134910e-002
      vertex  7.500000e-001  1.880886e-001  2.319296e-002
    endloop
  endfacet
  facet normal  1.000000e+000  -0.000000e+000  0.000000e+000
    outer loop
      vertex  7.500000e-001  4.973684e-001  5.000000e-001
      vertex  7.500000e-001  1.880886e-001  2.319296e-002
      vertex  7.500000e-001  2.452459e-001  5.854485e-003
    endloop
  endfacet
  facet normal  9.999999e-001  -0.000000e+000  0.000000e+000
    outer loop
      vertex  7.500000e-001  4.973684e-001  5.000000e-001
      vertex  7.500000e-001  2.452459e-001  5.854485e-003
      vertex  7.500000e-001  3.046875e-001  0.000000e+000
    endloop
  endfacet
  facet normal  9.999999e-001  0.000000e+000  0.000000e+000
    outer loop
      vertex  7.500000e-001  4.973684e-001  5.000000e-001
      vertex  7.500000e-001  3.046875e-001  0.000000e+000
      vertex  7.500000e-001  4.973684e-001  0.000000e+000
    endloop
  endfacet
  facet normal  0.000000e+000 -1.000000e+000  0.000000e+000
    outer loop
      vertex  0.000000e+000  0.000000e+000  5.000000e-001
      vertex  0.000000e+000  0.000000e+000  3.046875e-001
      vertex  7.500000e-001  0.000000e+000  5.000000e-001
    endloop
  endfacet
  facet normal  0.000000e+000 -1.000000e+000  -0.000000e+000
    outer loop
      vertex  7.500000e-001  0.000000e+000  5.000000e-001
      vertex  0.000000e+000  0.000000e+000  3.046875e-001
      vertex  7.500000e-001  0.000000e+000  3.046875e-001
    endloop
  endfacet
  facet normal  -0.000000e+000 -9.801714e-002 -9.951847e-001
    outer loop
      vertex  0.000000e+000  3.046875e-001  0.000000e+000
      vertex  7.500000e-001  3.046875e-001  0.000000e+000
      vertex  0.000000e+000  2.452459e-001  5.854485e-003
    endloop
  endfacet
  facet normal  0.000000e+000 -9.801714e-002 -9.951847e-001
    outer loop
      vertex  0.000000e+000  2.452459e-001  5.854485e-003
      vertex  7.500000e-001  3.046875e-001  0.000000e+000
      vertex  7.500000e-001  2.452459e-001  5.854485e-003
    endloop
  endfacet
  facet normal  -0.000000e+000 -2.902847e-001 -9.569404e-001
    outer loop
      vertex  0.000000e+000  2.452459e-001  5.854485e-003
      vertex  7.500000e-001  2.452459e-001  5.854485e-003
      vertex  0.000000e+000  1.880886e-001  2.319296e-002
    endloop
  endfacet
  facet normal  0.000000e+000 -2.902847e-001 -9.569404e-001
    outer loop
      vertex  0.000000e+000  1.880886e-001  2.319296e-002
      vertex  7.500000e-001  2.452459e-001  5.854485e-003
      vertex  7.500000e-001  1.880886e-001  2.319296e-002
    endloop
  endfacet
  facet normal  -0.000000e+000 -4.713968e-001 -8.819212e-001
    outer loop
      vertex  0.000000e+000  1.880886e-001  2.319296e-002
      vertex  7.500000e-001  1.880886e-001  2.319296e-002
      vertex  0.000000e+000  1.354122e-001  5.134910e-002
    endloop
  endfacet
  facet normal  0.000000e+000 -4.713968e-001 -8.819212e-001
    outer loop
      vertex  0.000000e+000  1.354122e-001  5.134910e-002
      vertex  7.500000e-001  1.880886e-001  2.319296e-002
      vertex  7.500000e-001  1.354122e-001  5.134910e-002
    endloop
  endfacet
  facet normal  -0.000000e+000 -6.343932e-001 -7.730105e-001
    outer loop
      vertex  0.000000e+000  1.354122e-001  5.134910e-002
      vertex  7.500000e-001  1.354122e-001  5.134910e-002
      vertex  0.000000e+000  8.924090e-002  8.924090e-002
    endloop
  endfacet
  facet normal  0.000000e+000 -6.343932e-001 -7.730105e-001
    outer loop
      vertex  0.000000e+000  8.924090e-002  8.924090e-002
      vertex  7.500000e-001  1.354122e-001  5.134910e-002
      vertex  7.500000e-001  8.924090e-002  8.924090e-002
    endloop
  endfacet
  facet normal  -0.000000e+000 -7.730105e-001 -6.343932e-001
    outer loop
      vertex  0.000000e+000  8.924090e-002  8.924090e-002
      vertex  7.500000e-001  8.924090e-002  8.924090e-002
      vertex  0.000000e+000  5.134910e-002  1.354122e-001
    endloop
  endfacet
  facet normal  0.000000e+000 -7.730105e-001 -6.343932e-001
    outer loop
      vertex  0.000000e+000  5.134910e-002  1.354122e-001
      vertex  7.500000e-001  8.924090e-002  8.924090e-002
      vertex  7.500000e-001  5.134910e-002  1.354122e-001
    endloop
  endfacet
  facet normal  -0.000000e+000 -8.819212e-001 -4.713968e-001
    outer loop
      vertex  0.000000e+000  5.134910e-002  1.354122e-001
      vertex  7.500000e-001  5.134910e-002  1.354122e-001
      vertex  0.000000e+000  2.319296e-002  1.880886e-001
    endloop
  endfacet
  facet normal  0.000000e+000 -8.819212e-001 -4.713968e-001
    outer loop
      vertex  0.000000e+000  2.319296e-002  1.880886e-001
      vertex  7.500000e-001  5.134910e-002  1.354122e-001
      vertex  7.500000e-001  2.319296e-002  1.880886e-001
    endloop
  endfacet
  facet normal  -0.000000e+000 -9.569404e-001 -2.902847e-001
    outer loop
      vertex  0.000000e+000  2.319296e-002  1.880886e-001
      vertex  7.500000e-001  2.319296e-002  1.880886e-001
      vertex  0.000000e+000  5.854485e-003  2.452459e-001
    endloop
  endfacet
  facet normal  0.000000e+000 -9.569404e-001 -2.902847e-001
    outer loop
      vertex  0.000000e+000  5.854485e-003  2.452459e-001
      vertex  7.500000e-001  2.319296e-002  1.880886e-001
      vertex  7.500000e-001  5.854485e-003  2.452459e-001
    endloop
  endfacet
  facet normal  -0.000000e+000 -9.951847e-001 -9.801714e-002
    outer loop
      vertex  0.000000e+000  5.854485e-003  2.452459e-001
      vertex  7.500000e-001  5.854485e-003  2.452459e-001
      vertex  0.000000e+000  0.000000e+000  3.046875e-001
    endloop
  endfacet
  facet normal  0.000000e+000 -9.951847e-001 -9.801714e-002
    outer loop
      vertex  0.000000e+000  0.000000e+000  3.046875e-001
      vertex  7.500000e-001  5.854485e-003  2.452459e-001
      vertex  7.500000e-001  0.000000e+000  3.046875e-001
    endloop
  endfacet
  facet normal  0.000000e+000  0.000000e+000  1.000000e+000
    outer loop
      vertex  0.000000e+000  0.000000e+000  5.000000e-001
      vertex  7.500000e-001  0.000000e+000  5.000000e-001
      vertex  0.000000e+000  4.973684e-001  5.000000e-001
    endloop
  endfacet
  facet normal  -0.000000e+000  0.000000e+000  1.000000e+000
    outer loop
      vertex  0.000000e+000  4.973684e-001  5.000000e-001
      vertex  7.500000e-001  0.000000e+000  5.000000e-001
      vertex  7.500000e-001  4.973684e-001  5.000000e-001
    endloop
  endfacet
  facet normal  0.000000e+000  1.000000e+000  -0.000000e+000
    outer loop
      vertex  7.500000e-001  4.973684e-001  5.000000e-001
      vertex  7.500000e-001  4.973684e-001  0.000000e+000
      vertex  0.000000e+000  4.973684e-001  5.000000e-001
    endloop
  endfacet
  facet normal  0.000000e+000  1.000000e+000  0.000000e+000
    outer loop
      vertex  0.000000e+000  4.973684e-001  5.000000e-001
      vertex  7.500000e-001  4.973684e-001  0.000000e+000
      vertex  0.000000e+000  4.973684e-001  0.000000e+000
    endloop
  endfacet
endsolid CATIA STL
