solid CATIA STL
  facet normal -5.551115e-017  1.000000e+000 -3.399078e-033
    outer loop
      vertex -2.500000e-001  0.000000e+000  0.000000e+000
      vertex -2.500000e-001  8.497695e-034  2.500000e-001
      vertex -1.093750e-001  7.806256e-018 -8.610798e-018
    endloop
  endfacet
  facet normal -5.551115e-017  1.000000e+000  0.000000e+000
    outer loop
      vertex -1.093750e-001  7.806256e-018 -8.610798e-018
      vertex -2.500000e-001  8.497695e-034  2.500000e-001
      vertex -1.093750e-001  7.806256e-018  2.500000e-001
    endloop
  endfacet
  facet normal  0.000000e+000  0.000000e+000  1.000000e+000
    outer loop
      vertex  2.137962e-017 -1.093750e-001  2.500000e-001
      vertex -2.101610e-003 -8.803700e-002  2.500000e-001
      vertex -8.325676e-003 -6.751900e-002  2.500000e-001
    endloop
  endfacet
  facet normal  0.000000e+000  0.000000e+000  1.000000e+000
    outer loop
      vertex  2.137962e-017 -1.093750e-001  2.500000e-001
      vertex -8.325676e-003 -6.751900e-002  2.500000e-001
      vertex -1.843301e-002 -4.860951e-002  2.500000e-001
    endloop
  endfacet
  facet normal  0.000000e+000  0.000000e+000  1.000000e+000
    outer loop
      vertex  2.137962e-017 -1.093750e-001  2.500000e-001
      vertex -1.843301e-002 -4.860951e-002  2.500000e-001
      vertex -3.203519e-002 -3.203519e-002  2.500000e-001
    endloop
  endfacet
  facet normal  0.000000e+000  0.000000e+000  1.000000e+000
    outer loop
      vertex  2.137962e-017 -1.093750e-001  2.500000e-001
      vertex -3.203519e-002 -3.203519e-002  2.500000e-001
      vertex -4.860951e-002 -1.843301e-002  2.500000e-001
    endloop
  endfacet
  facet normal  0.000000e+000  0.000000e+000  1.000000e+000
    outer loop
      vertex  2.137962e-017 -1.093750e-001  2.500000e-001
      vertex -4.860951e-002 -1.843301e-002  2.500000e-001
      vertex -6.751900e-002 -8.325676e-003  2.500000e-001
    endloop
  endfacet
  facet normal  0.000000e+000  0.000000e+000  1.000000e+000
    outer loop
      vertex  2.137962e-017 -1.093750e-001  2.500000e-001
      vertex -6.751900e-002 -8.325676e-003  2.500000e-001
      vertex -8.803700e-002 -2.101610e-003  2.500000e-001
    endloop
  endfacet
  facet normal  0.000000e+000  0.000000e+000  1.000000e+000
    outer loop
      vertex  2.137962e-017 -1.093750e-001  2.500000e-001
      vertex -8.803700e-002 -2.101610e-003  2.500000e-001
      vertex -1.093750e-001  7.806256e-018  2.500000e-001
    endloop
  endfacet
  facet normal  0.000000e+000  0.000000e+000  1.000000e+000
    outer loop
      vertex  2.137962e-017 -1.093750e-001  2.500000e-001
      vertex -1.093750e-001  7.806256e-018  2.500000e-001
      vertex -2.500000e-001  8.497695e-034  2.500000e-001
    endloop
  endfacet
  facet normal  0.000000e+000  0.000000e+000  1.000000e+000
    outer loop
      vertex  2.137962e-017 -1.093750e-001  2.500000e-001
      vertex -2.500000e-001  8.497695e-034  2.500000e-001
      vertex -2.500000e-001 -7.500000e-001  2.500000e-001
    endloop
  endfacet
  facet normal  0.000000e+000  0.000000e+000  9.999999e-001
    outer loop
      vertex  2.137962e-017 -1.093750e-001  2.500000e-001
      vertex -2.500000e-001 -7.500000e-001  2.500000e-001
      vertex  7.081923e-017 -7.500000e-001  2.500000e-001
    endloop
  endfacet
  facet normal  9.999999e-001  7.717404e-017 -6.123234e-017
    outer loop
      vertex  6.071532e-018 -1.093750e-001 -1.530809e-017
      vertex  2.137962e-017 -1.093750e-001  2.500000e-001
      vertex  5.551115e-017 -7.500000e-001 -1.530809e-017
    endloop
  endfacet
  facet normal  9.999999e-001  7.717403e-017 -6.123233e-017
    outer loop
      vertex  5.551115e-017 -7.500000e-001 -1.530809e-017
      vertex  2.137962e-017 -1.093750e-001  2.500000e-001
      vertex  7.081923e-017 -7.500000e-001  2.500000e-001
    endloop
  endfacet
  facet normal -6.123234e-017 -6.293340e-023 -1.000000e+000
    outer loop
      vertex -1.093750e-001  7.806256e-018 -8.610798e-018
      vertex -8.803700e-002 -2.101610e-003 -9.917374e-018
      vertex -2.500000e-001  0.000000e+000  0.000000e+000
    endloop
  endfacet
  facet normal -6.123234e-017 -4.725547e-033 -9.999999e-001
    outer loop
      vertex  6.071532e-018 -1.093750e-001 -1.530809e-017
      vertex  5.551115e-017 -7.500000e-001 -1.530809e-017
      vertex -2.500000e-001 -7.500000e-001  0.000000e+000
    endloop
  endfacet
  facet normal -6.123234e-017  0.000000e+000 -1.000000e+000
    outer loop
      vertex  6.071532e-018 -1.093750e-001 -1.530809e-017
      vertex -2.500000e-001 -7.500000e-001  0.000000e+000
      vertex -2.500000e-001  0.000000e+000  0.000000e+000
    endloop
  endfacet
  facet normal -6.123234e-017  5.387582e-024 -1.000000e+000
    outer loop
      vertex  6.071532e-018 -1.093750e-001 -1.530809e-017
      vertex -2.500000e-001  0.000000e+000  0.000000e+000
      vertex -8.803700e-002 -2.101610e-003 -9.917374e-018
    endloop
  endfacet
  facet normal -6.123234e-017  1.108441e-023 -1.000000e+000
    outer loop
      vertex  6.071532e-018 -1.093750e-001 -1.530809e-017
      vertex -8.803700e-002 -2.101610e-003 -9.917374e-018
      vertex -6.751900e-002 -8.325676e-003 -1.117374e-017
    endloop
  endfacet
  facet normal -6.123232e-017  1.661515e-023 -1.000000e+000
    outer loop
      vertex  6.071532e-018 -1.093750e-001 -1.530809e-017
      vertex -6.751900e-002 -8.325676e-003 -1.117374e-017
      vertex -4.860951e-002 -1.843301e-002 -1.233161e-017
    endloop
  endfacet
  facet normal -6.123230e-017  3.247373e-023 -1.000000e+000
    outer loop
      vertex  6.071532e-018 -1.093750e-001 -1.530809e-017
      vertex -4.860951e-002 -1.843301e-002 -1.233161e-017
      vertex -3.203519e-002 -3.203519e-002 -1.334649e-017
    endloop
  endfacet
  facet normal -6.123226e-017  4.839414e-023 -1.000000e+000
    outer loop
      vertex  6.071532e-018 -1.093750e-001 -1.530809e-017
      vertex -3.203519e-002 -3.203519e-002 -1.334649e-017
      vertex -1.843301e-002 -4.860951e-002 -1.417939e-017
    endloop
  endfacet
  facet normal -6.123241e-017  3.524812e-024 -1.000000e+000
    outer loop
      vertex  6.071532e-018 -1.093750e-001 -1.530809e-017
      vertex -1.843301e-002 -4.860951e-002 -1.417939e-017
      vertex -8.325676e-003 -6.751900e-002 -1.479828e-017
    endloop
  endfacet
  facet normal -6.123190e-017  1.047216e-022 -1.000000e+000
    outer loop
      vertex  6.071532e-018 -1.093750e-001 -1.530809e-017
      vertex -8.325676e-003 -6.751900e-002 -1.479828e-017
      vertex -2.101610e-003 -8.803700e-002 -1.517940e-017
    endloop
  endfacet
  facet normal  9.801716e-002  9.951847e-001  0.000000e+000
    outer loop
      vertex -1.093750e-001  7.806256e-018 -8.610798e-018
      vertex -1.093750e-001  7.806256e-018  2.500000e-001
      vertex -8.803700e-002 -2.101610e-003 -9.917374e-018
    endloop
  endfacet
  facet normal  9.801716e-002  9.951847e-001  -0.000000e+000
    outer loop
      vertex -8.803700e-002 -2.101610e-003 -9.917374e-018
      vertex -1.093750e-001  7.806256e-018  2.500000e-001
      vertex -8.803700e-002 -2.101610e-003  2.500000e-001
    endloop
  endfacet
  facet normal  2.902847e-001  9.569403e-001  0.000000e+000
    outer loop
      vertex -8.803700e-002 -2.101610e-003 -9.917374e-018
      vertex -8.803700e-002 -2.101610e-003  2.500000e-001
      vertex -6.751900e-002 -8.325676e-003 -1.117374e-017
    endloop
  endfacet
  facet normal  2.902847e-001  9.569403e-001  -0.000000e+000
    outer loop
      vertex -6.751900e-002 -8.325676e-003 -1.117374e-017
      vertex -8.803700e-002 -2.101610e-003  2.500000e-001
      vertex -6.751900e-002 -8.325676e-003  2.500000e-001
    endloop
  endfacet
  facet normal  4.713967e-001  8.819212e-001  0.000000e+000
    outer loop
      vertex -6.751900e-002 -8.325676e-003 -1.117374e-017
      vertex -6.751900e-002 -8.325676e-003  2.500000e-001
      vertex -4.860951e-002 -1.843301e-002 -1.233161e-017
    endloop
  endfacet
  facet normal  4.713967e-001  8.819212e-001  -0.000000e+000
    outer loop
      vertex -4.860951e-002 -1.843301e-002 -1.233161e-017
      vertex -6.751900e-002 -8.325676e-003  2.500000e-001
      vertex -4.860951e-002 -1.843301e-002  2.500000e-001
    endloop
  endfacet
  facet normal  6.343932e-001  7.730106e-001  0.000000e+000
    outer loop
      vertex -4.860951e-002 -1.843301e-002 -1.233161e-017
      vertex -4.860951e-002 -1.843301e-002  2.500000e-001
      vertex -3.203519e-002 -3.203519e-002 -1.334649e-017
    endloop
  endfacet
  facet normal  6.343932e-001  7.730106e-001  -0.000000e+000
    outer loop
      vertex -3.203519e-002 -3.203519e-002 -1.334649e-017
      vertex -4.860951e-002 -1.843301e-002  2.500000e-001
      vertex -3.203519e-002 -3.203519e-002  2.500000e-001
    endloop
  endfacet
  facet normal  7.730106e-001  6.343932e-001  0.000000e+000
    outer loop
      vertex -3.203519e-002 -3.203519e-002 -1.334649e-017
      vertex -3.203519e-002 -3.203519e-002  2.500000e-001
      vertex -1.843301e-002 -4.860951e-002 -1.417939e-017
    endloop
  endfacet
  facet normal  7.730106e-001  6.343932e-001  -0.000000e+000
    outer loop
      vertex -1.843301e-002 -4.860951e-002 -1.417939e-017
      vertex -3.203519e-002 -3.203519e-002  2.500000e-001
      vertex -1.843301e-002 -4.860951e-002  2.500000e-001
    endloop
  endfacet
  facet normal  8.819212e-001  4.713967e-001  0.000000e+000
    outer loop
      vertex -1.843301e-002 -4.860951e-002 -1.417939e-017
      vertex -1.843301e-002 -4.860951e-002  2.500000e-001
      vertex -8.325676e-003 -6.751900e-002 -1.479828e-017
    endloop
  endfacet
  facet normal  8.819212e-001  4.713967e-001  -0.000000e+000
    outer loop
      vertex -8.325676e-003 -6.751900e-002 -1.479828e-017
      vertex -1.843301e-002 -4.860951e-002  2.500000e-001
      vertex -8.325676e-003 -6.751900e-002  2.500000e-001
    endloop
  endfacet
  facet normal  9.569403e-001  2.902847e-001  0.000000e+000
    outer loop
      vertex -8.325676e-003 -6.751900e-002 -1.479828e-017
      vertex -8.325676e-003 -6.751900e-002  2.500000e-001
      vertex -2.101610e-003 -8.803700e-002 -1.517940e-017
    endloop
  endfacet
  facet normal  9.569403e-001  2.902847e-001  -0.000000e+000
    outer loop
      vertex -2.101610e-003 -8.803700e-002 -1.517940e-017
      vertex -8.325676e-003 -6.751900e-002  2.500000e-001
      vertex -2.101610e-003 -8.803700e-002  2.500000e-001
    endloop
  endfacet
  facet normal  9.951847e-001  9.801716e-002  0.000000e+000
    outer loop
      vertex -2.101610e-003 -8.803700e-002 -1.517940e-017
      vertex -2.101610e-003 -8.803700e-002  2.500000e-001
      vertex  6.071532e-018 -1.093750e-001 -1.530809e-017
    endloop
  endfacet
  facet normal  9.951847e-001  9.801716e-002 -6.093750e-017
    outer loop
      vertex  6.071532e-018 -1.093750e-001 -1.530809e-017
      vertex -2.101610e-003 -8.803700e-002  2.500000e-001
      vertex  2.137962e-017 -1.093750e-001  2.500000e-001
    endloop
  endfacet
  facet normal  0.000000e+000 -1.000000e+000  0.000000e+000
    outer loop
      vertex -2.500000e-001 -7.500000e-001  0.000000e+000
      vertex  5.551115e-017 -7.500000e-001 -1.530809e-017
      vertex -2.500000e-001 -7.500000e-001  2.500000e-001
    endloop
  endfacet
  facet normal  0.000000e+000 -1.000000e+000  0.000000e+000
    outer loop
      vertex -2.500000e-001 -7.500000e-001  2.500000e-001
      vertex  5.551115e-017 -7.500000e-001 -1.530809e-017
      vertex  7.081923e-017 -7.500000e-001  2.500000e-001
    endloop
  endfacet
  facet normal -1.000000e+000  0.000000e+000  0.000000e+000
    outer loop
      vertex -2.500000e-001  8.497695e-034  2.500000e-001
      vertex -2.500000e-001  0.000000e+000  0.000000e+000
      vertex -2.500000e-001 -7.500000e-001  2.500000e-001
    endloop
  endfacet
  facet normal -1.000000e+000  0.000000e+000  0.000000e+000
    outer loop
      vertex -2.500000e-001 -7.500000e-001  2.500000e-001
      vertex -2.500000e-001  0.000000e+000  0.000000e+000
      vertex -2.500000e-001 -7.500000e-001  0.000000e+000
    endloop
  endfacet
endsolid CATIA STL
