solid CATIA STL
  facet normal  0.000000e+000 -1.000000e+000  0.000000e+000
    outer loop
      vertex  8.132420e-018 -2.500000e-001  1.328125e-001
      vertex  2.551955e-003 -2.500000e-001  1.069021e-001
      vertex  1.010975e-002 -2.500000e-001  8.198736e-002
    endloop
  endfacet
  facet normal  0.000000e+000 -1.000000e+000  0.000000e+000
    outer loop
      vertex  8.132420e-018 -2.500000e-001  1.328125e-001
      vertex  1.010975e-002 -2.500000e-001  8.198736e-002
      vertex  2.238294e-002 -2.500000e-001  5.902583e-002
    endloop
  endfacet
  facet normal  0.000000e+000 -1.000000e+000  0.000000e+000
    outer loop
      vertex  8.132420e-018 -2.500000e-001  1.328125e-001
      vertex  2.238294e-002 -2.500000e-001  5.902583e-002
      vertex  3.889988e-002 -2.500000e-001  3.889988e-002
    endloop
  endfacet
  facet normal  0.000000e+000 -1.000000e+000  0.000000e+000
    outer loop
      vertex  8.132420e-018 -2.500000e-001  1.328125e-001
      vertex  3.889988e-002 -2.500000e-001  3.889988e-002
      vertex  5.902583e-002 -2.500000e-001  2.238294e-002
    endloop
  endfacet
  facet normal  0.000000e+000 -9.999999e-001  0.000000e+000
    outer loop
      vertex  8.132420e-018 -2.500000e-001  1.328125e-001
      vertex  5.902583e-002 -2.500000e-001  2.238294e-002
      vertex  8.198736e-002 -2.500000e-001  1.010975e-002
    endloop
  endfacet
  facet normal  0.000000e+000 -1.000000e+000  0.000000e+000
    outer loop
      vertex  8.132420e-018 -2.500000e-001  1.328125e-001
      vertex  8.198736e-002 -2.500000e-001  1.010975e-002
      vertex  1.069021e-001 -2.500000e-001  2.551955e-003
    endloop
  endfacet
  facet normal  0.000000e+000 -9.999999e-001  0.000000e+000
    outer loop
      vertex  8.132420e-018 -2.500000e-001  1.328125e-001
      vertex  1.069021e-001 -2.500000e-001  2.551955e-003
      vertex  1.328125e-001 -2.500000e-001 -8.132420e-018
    endloop
  endfacet
  facet normal  0.000000e+000 -1.000000e+000  0.000000e+000
    outer loop
      vertex  8.132420e-018 -2.500000e-001  1.328125e-001
      vertex  1.328125e-001 -2.500000e-001 -8.132420e-018
      vertex  7.500000e-001 -2.500000e-001 -4.592425e-017
    endloop
  endfacet
  facet normal  0.000000e+000 -1.000000e+000  0.000000e+000
    outer loop
      vertex  8.132420e-018 -2.500000e-001  1.328125e-001
      vertex  7.500000e-001 -2.500000e-001 -4.592425e-017
      vertex  7.500000e-001 -2.500000e-001  3.489309e-001
    endloop
  endfacet
  facet normal  -0.000000e+000 -1.000000e+000  0.000000e+000
    outer loop
      vertex  8.132420e-018 -2.500000e-001  1.328125e-001
      vertex  7.500000e-001 -2.500000e-001  3.489309e-001
      vertex  2.136586e-017 -2.500000e-001  3.489309e-001
    endloop
  endfacet
  facet normal -1.000000e+000  3.989144e-022  6.123234e-017
    outer loop
      vertex  8.132420e-018 -2.500000e-001  1.328125e-001
      vertex  2.136586e-017 -2.500000e-001  3.489309e-001
      vertex  2.313907e-017 -2.471478e-001  3.778896e-001
    endloop
  endfacet
  facet normal -1.000000e+000 -1.922996e-022  6.123235e-017
    outer loop
      vertex  8.132420e-018 -2.500000e-001  1.328125e-001
      vertex  2.313907e-017 -2.471478e-001  3.778896e-001
      vertex  2.484413e-017 -2.387009e-001  4.057355e-001
    endloop
  endfacet
  facet normal -9.999999e-001 -7.035362e-023  6.123234e-017
    outer loop
      vertex  8.132420e-018 -2.500000e-001  1.328125e-001
      vertex  2.484413e-017 -2.387009e-001  4.057355e-001
      vertex  2.641553e-017 -2.249838e-001  4.313984e-001
    endloop
  endfacet
  facet normal -1.000000e+000  1.393389e-022  6.123232e-017
    outer loop
      vertex  8.132420e-018 -2.500000e-001  1.328125e-001
      vertex  2.641553e-017 -2.249838e-001  4.313984e-001
      vertex  2.779287e-017 -2.065237e-001  4.538921e-001
    endloop
  endfacet
  facet normal -1.000000e+000  3.337925e-023  6.123234e-017
    outer loop
      vertex  8.132420e-018 -2.500000e-001  1.328125e-001
      vertex  2.779287e-017 -2.065237e-001  4.538921e-001
      vertex  2.892323e-017 -1.840300e-001  4.723522e-001
    endloop
  endfacet
  facet normal -1.000000e+000 -8.698112e-023  6.123236e-017
    outer loop
      vertex  8.132420e-018 -2.500000e-001  1.328125e-001
      vertex  2.892323e-017 -1.840300e-001  4.723522e-001
      vertex  2.976316e-017 -1.583671e-001  4.860693e-001
    endloop
  endfacet
  facet normal -1.000000e+000  2.766825e-023  6.123233e-017
    outer loop
      vertex  8.132420e-018 -2.500000e-001  1.328125e-001
      vertex  2.976316e-017 -1.583671e-001  4.860693e-001
      vertex  3.028039e-017 -1.305212e-001  4.945162e-001
    endloop
  endfacet
  facet normal -1.000000e+000 -1.087036e-015  4.203045e-016
    outer loop
      vertex  8.132420e-018 -2.500000e-001  1.328125e-001
      vertex  3.028039e-017 -1.305212e-001  4.945162e-001
      vertex  0.000000e+000 -1.015625e-001  4.973684e-001
    endloop
  endfacet
  facet normal -1.000000e+000  8.662765e-017 -5.758023e-017
    outer loop
      vertex  8.132420e-018 -2.500000e-001  1.328125e-001
      vertex  0.000000e+000 -1.015625e-001  4.973684e-001
      vertex  3.045503e-017  2.500000e-001  4.973684e-001
    endloop
  endfacet
  facet normal -1.000000e+000  0.000000e+000  6.123234e-017
    outer loop
      vertex  8.132420e-018 -2.500000e-001  1.328125e-001
      vertex  3.045503e-017  2.500000e-001  4.973684e-001
      vertex  8.132420e-018  2.500000e-001  1.328125e-001
    endloop
  endfacet
  facet normal  -0.000000e+000  1.000000e+000  0.000000e+000
    outer loop
      vertex  8.132420e-018  2.500000e-001  1.328125e-001
      vertex  3.045503e-017  2.500000e-001  4.973684e-001
      vertex  7.500000e-001  2.500000e-001  4.973684e-001
    endloop
  endfacet
  facet normal  0.000000e+000  1.000000e+000  0.000000e+000
    outer loop
      vertex  8.132420e-018  2.500000e-001  1.328125e-001
      vertex  7.500000e-001  2.500000e-001  4.973684e-001
      vertex  7.500000e-001  2.500000e-001 -4.592425e-017
    endloop
  endfacet
  facet normal  0.000000e+000  1.000000e+000  0.000000e+000
    outer loop
      vertex  8.132420e-018  2.500000e-001  1.328125e-001
      vertex  7.500000e-001  2.500000e-001 -4.592425e-017
      vertex  1.328125e-001  2.500000e-001 -8.132420e-018
    endloop
  endfacet
  facet normal  0.000000e+000  9.999999e-001  0.000000e+000
    outer loop
      vertex  8.132420e-018  2.500000e-001  1.328125e-001
      vertex  1.328125e-001  2.500000e-001 -8.132420e-018
      vertex  1.069021e-001  2.500000e-001  2.551955e-003
    endloop
  endfacet
  facet normal  0.000000e+000  1.000000e+000  0.000000e+000
    outer loop
      vertex  8.132420e-018  2.500000e-001  1.328125e-001
      vertex  1.069021e-001  2.500000e-001  2.551955e-003
      vertex  8.198736e-002  2.500000e-001  1.010975e-002
    endloop
  endfacet
  facet normal  0.000000e+000  9.999999e-001  0.000000e+000
    outer loop
      vertex  8.132420e-018  2.500000e-001  1.328125e-001
      vertex  8.198736e-002  2.500000e-001  1.010975e-002
      vertex  5.902583e-002  2.500000e-001  2.238294e-002
    endloop
  endfacet
  facet normal  0.000000e+000  1.000000e+000  0.000000e+000
    outer loop
      vertex  8.132420e-018  2.500000e-001  1.328125e-001
      vertex  5.902583e-002  2.500000e-001  2.238294e-002
      vertex  3.889988e-002  2.500000e-001  3.889988e-002
    endloop
  endfacet
  facet normal  0.000000e+000  1.000000e+000  0.000000e+000
    outer loop
      vertex  8.132420e-018  2.500000e-001  1.328125e-001
      vertex  3.889988e-002  2.500000e-001  3.889988e-002
      vertex  2.238294e-002  2.500000e-001  5.902583e-002
    endloop
  endfacet
  facet normal  0.000000e+000  9.999999e-001  0.000000e+000
    outer loop
      vertex  8.132420e-018  2.500000e-001  1.328125e-001
      vertex  2.238294e-002  2.500000e-001  5.902583e-002
      vertex  1.010975e-002  2.500000e-001  8.198736e-002
    endloop
  endfacet
  facet normal  0.000000e+000  1.000000e+000  0.000000e+000
    outer loop
      vertex  8.132420e-018  2.500000e-001  1.328125e-001
      vertex  1.010975e-002  2.500000e-001  8.198736e-002
      vertex  2.551955e-003  2.500000e-001  1.069021e-001
    endloop
  endfacet
  facet normal -6.123234e-017  -0.000000e+000 -1.000000e+000
    outer loop
      vertex  1.328125e-001 -2.500000e-001 -8.132420e-018
      vertex  1.328125e-001  2.500000e-001 -8.132420e-018
      vertex  7.500000e-001 -2.500000e-001 -4.592425e-017
    endloop
  endfacet
  facet normal -6.123234e-017  0.000000e+000 -1.000000e+000
    outer loop
      vertex  7.500000e-001 -2.500000e-001 -4.592425e-017
      vertex  1.328125e-001  2.500000e-001 -8.132420e-018
      vertex  7.500000e-001  2.500000e-001 -4.592425e-017
    endloop
  endfacet
  facet normal -9.801713e-002  0.000000e+000 -9.951847e-001
    outer loop
      vertex  1.328125e-001  2.500000e-001 -8.132420e-018
      vertex  1.328125e-001 -2.500000e-001 -8.132420e-018
      vertex  1.069021e-001  2.500000e-001  2.551955e-003
    endloop
  endfacet
  facet normal -9.801713e-002  -0.000000e+000 -9.951847e-001
    outer loop
      vertex  1.069021e-001  2.500000e-001  2.551955e-003
      vertex  1.328125e-001 -2.500000e-001 -8.132420e-018
      vertex  1.069021e-001 -2.500000e-001  2.551955e-003
    endloop
  endfacet
  facet normal -2.902847e-001  0.000000e+000 -9.569404e-001
    outer loop
      vertex  1.069021e-001  2.500000e-001  2.551955e-003
      vertex  1.069021e-001 -2.500000e-001  2.551955e-003
      vertex  8.198736e-002  2.500000e-001  1.010975e-002
    endloop
  endfacet
  facet normal -2.902847e-001  -0.000000e+000 -9.569404e-001
    outer loop
      vertex  8.198736e-002  2.500000e-001  1.010975e-002
      vertex  1.069021e-001 -2.500000e-001  2.551955e-003
      vertex  8.198736e-002 -2.500000e-001  1.010975e-002
    endloop
  endfacet
  facet normal -4.713967e-001  0.000000e+000 -8.819212e-001
    outer loop
      vertex  8.198736e-002  2.500000e-001  1.010975e-002
      vertex  8.198736e-002 -2.500000e-001  1.010975e-002
      vertex  5.902583e-002  2.500000e-001  2.238294e-002
    endloop
  endfacet
  facet normal -4.713967e-001  -0.000000e+000 -8.819212e-001
    outer loop
      vertex  5.902583e-002  2.500000e-001  2.238294e-002
      vertex  8.198736e-002 -2.500000e-001  1.010975e-002
      vertex  5.902583e-002 -2.500000e-001  2.238294e-002
    endloop
  endfacet
  facet normal -6.343932e-001  0.000000e+000 -7.730105e-001
    outer loop
      vertex  5.902583e-002  2.500000e-001  2.238294e-002
      vertex  5.902583e-002 -2.500000e-001  2.238294e-002
      vertex  3.889988e-002  2.500000e-001  3.889988e-002
    endloop
  endfacet
  facet normal -6.343932e-001  -0.000000e+000 -7.730105e-001
    outer loop
      vertex  3.889988e-002  2.500000e-001  3.889988e-002
      vertex  5.902583e-002 -2.500000e-001  2.238294e-002
      vertex  3.889988e-002 -2.500000e-001  3.889988e-002
    endloop
  endfacet
  facet normal -7.730105e-001  0.000000e+000 -6.343932e-001
    outer loop
      vertex  3.889988e-002  2.500000e-001  3.889988e-002
      vertex  3.889988e-002 -2.500000e-001  3.889988e-002
      vertex  2.238294e-002  2.500000e-001  5.902583e-002
    endloop
  endfacet
  facet normal -7.730105e-001  -0.000000e+000 -6.343932e-001
    outer loop
      vertex  2.238294e-002  2.500000e-001  5.902583e-002
      vertex  3.889988e-002 -2.500000e-001  3.889988e-002
      vertex  2.238294e-002 -2.500000e-001  5.902583e-002
    endloop
  endfacet
  facet normal -8.819212e-001  0.000000e+000 -4.713967e-001
    outer loop
      vertex  2.238294e-002  2.500000e-001  5.902583e-002
      vertex  2.238294e-002 -2.500000e-001  5.902583e-002
      vertex  1.010975e-002  2.500000e-001  8.198736e-002
    endloop
  endfacet
  facet normal -8.819212e-001  -0.000000e+000 -4.713967e-001
    outer loop
      vertex  1.010975e-002  2.500000e-001  8.198736e-002
      vertex  2.238294e-002 -2.500000e-001  5.902583e-002
      vertex  1.010975e-002 -2.500000e-001  8.198736e-002
    endloop
  endfacet
  facet normal -9.569404e-001  0.000000e+000 -2.902847e-001
    outer loop
      vertex  1.010975e-002  2.500000e-001  8.198736e-002
      vertex  1.010975e-002 -2.500000e-001  8.198736e-002
      vertex  2.551955e-003  2.500000e-001  1.069021e-001
    endloop
  endfacet
  facet normal -9.569404e-001  -0.000000e+000 -2.902847e-001
    outer loop
      vertex  2.551955e-003  2.500000e-001  1.069021e-001
      vertex  1.010975e-002 -2.500000e-001  8.198736e-002
      vertex  2.551955e-003 -2.500000e-001  1.069021e-001
    endloop
  endfacet
  facet normal -9.951847e-001  0.000000e+000 -9.801713e-002
    outer loop
      vertex  2.551955e-003  2.500000e-001  1.069021e-001
      vertex  2.551955e-003 -2.500000e-001  1.069021e-001
      vertex  8.132420e-018  2.500000e-001  1.328125e-001
    endloop
  endfacet
  facet normal -9.951847e-001  -0.000000e+000 -9.801713e-002
    outer loop
      vertex  8.132420e-018  2.500000e-001  1.328125e-001
      vertex  2.551955e-003 -2.500000e-001  1.069021e-001
      vertex  8.132420e-018 -2.500000e-001  1.328125e-001
    endloop
  endfacet
  facet normal  0.000000e+000  0.000000e+000  1.000000e+000
    outer loop
      vertex  7.500000e-001 -1.015625e-001  4.973684e-001
      vertex  7.500000e-001  2.500000e-001  4.973684e-001
      vertex  0.000000e+000 -1.015625e-001  4.973684e-001
    endloop
  endfacet
  facet normal  0.000000e+000  0.000000e+000  1.000000e+000
    outer loop
      vertex  0.000000e+000 -1.015625e-001  4.973684e-001
      vertex  7.500000e-001  2.500000e-001  4.973684e-001
      vertex  3.045503e-017  2.500000e-001  4.973684e-001
    endloop
  endfacet
  facet normal  1.000000e+000  0.000000e+000  -0.000000e+000
    outer loop
      vertex  7.500000e-001 -2.500000e-001 -4.592425e-017
      vertex  7.500000e-001  2.500000e-001 -4.592425e-017
      vertex  7.500000e-001  2.500000e-001  4.973684e-001
    endloop
  endfacet
  facet normal  1.000000e+000  0.000000e+000  0.000000e+000
    outer loop
      vertex  7.500000e-001 -2.500000e-001 -4.592425e-017
      vertex  7.500000e-001  2.500000e-001  4.973684e-001
      vertex  7.500000e-001 -1.015625e-001  4.973684e-001
    endloop
  endfacet
  facet normal  1.000000e+000  0.000000e+000  0.000000e+000
    outer loop
      vertex  7.500000e-001 -2.500000e-001 -4.592425e-017
      vertex  7.500000e-001 -1.015625e-001  4.973684e-001
      vertex  7.500000e-001 -1.305212e-001  4.945162e-001
    endloop
  endfacet
  facet normal  1.000000e+000  0.000000e+000  0.000000e+000
    outer loop
      vertex  7.500000e-001 -2.500000e-001 -4.592425e-017
      vertex  7.500000e-001 -1.305212e-001  4.945162e-001
      vertex  7.500000e-001 -1.583671e-001  4.860693e-001
    endloop
  endfacet
  facet normal  1.000000e+000  0.000000e+000  0.000000e+000
    outer loop
      vertex  7.500000e-001 -2.500000e-001 -4.592425e-017
      vertex  7.500000e-001 -1.583671e-001  4.860693e-001
      vertex  7.500000e-001 -1.840300e-001  4.723522e-001
    endloop
  endfacet
  facet normal  1.000000e+000  0.000000e+000  0.000000e+000
    outer loop
      vertex  7.500000e-001 -2.500000e-001 -4.592425e-017
      vertex  7.500000e-001 -1.840300e-001  4.723522e-001
      vertex  7.500000e-001 -2.065237e-001  4.538921e-001
    endloop
  endfacet
  facet normal  9.999999e-001  0.000000e+000  0.000000e+000
    outer loop
      vertex  7.500000e-001 -2.500000e-001 -4.592425e-017
      vertex  7.500000e-001 -2.065237e-001  4.538921e-001
      vertex  7.500000e-001 -2.249838e-001  4.313984e-001
    endloop
  endfacet
  facet normal  1.000000e+000  0.000000e+000  0.000000e+000
    outer loop
      vertex  7.500000e-001 -2.500000e-001 -4.592425e-017
      vertex  7.500000e-001 -2.249838e-001  4.313984e-001
      vertex  7.500000e-001 -2.387009e-001  4.057355e-001
    endloop
  endfacet
  facet normal  1.000000e+000  0.000000e+000  0.000000e+000
    outer loop
      vertex  7.500000e-001 -2.500000e-001 -4.592425e-017
      vertex  7.500000e-001 -2.387009e-001  4.057355e-001
      vertex  7.500000e-001 -2.471478e-001  3.778896e-001
    endloop
  endfacet
  facet normal  1.000000e+000  0.000000e+000  0.000000e+000
    outer loop
      vertex  7.500000e-001 -2.500000e-001 -4.592425e-017
      vertex  7.500000e-001 -2.471478e-001  3.778896e-001
      vertex  7.500000e-001 -2.500000e-001  3.489309e-001
    endloop
  endfacet
  facet normal  0.000000e+000 -9.801769e-002  9.951847e-001
    outer loop
      vertex  7.500000e-001 -1.015625e-001  4.973684e-001
      vertex  0.000000e+000 -1.015625e-001  4.973684e-001
      vertex  7.500000e-001 -1.305212e-001  4.945162e-001
    endloop
  endfacet
  facet normal  0.000000e+000 -9.801769e-002  9.951847e-001
    outer loop
      vertex  7.500000e-001 -1.305212e-001  4.945162e-001
      vertex  0.000000e+000 -1.015625e-001  4.973684e-001
      vertex  3.028039e-017 -1.305212e-001  4.945162e-001
    endloop
  endfacet
  facet normal  0.000000e+000 -2.902843e-001  9.569405e-001
    outer loop
      vertex  7.500000e-001 -1.305212e-001  4.945162e-001
      vertex  3.028039e-017 -1.305212e-001  4.945162e-001
      vertex  7.500000e-001 -1.583671e-001  4.860693e-001
    endloop
  endfacet
  facet normal  0.000000e+000 -2.902843e-001  9.569405e-001
    outer loop
      vertex  7.500000e-001 -1.583671e-001  4.860693e-001
      vertex  3.028039e-017 -1.305212e-001  4.945162e-001
      vertex  2.976316e-017 -1.583671e-001  4.860693e-001
    endloop
  endfacet
  facet normal  0.000000e+000 -4.713972e-001  8.819210e-001
    outer loop
      vertex  7.500000e-001 -1.583671e-001  4.860693e-001
      vertex  2.976316e-017 -1.583671e-001  4.860693e-001
      vertex  7.500000e-001 -1.840300e-001  4.723522e-001
    endloop
  endfacet
  facet normal  0.000000e+000 -4.713972e-001  8.819210e-001
    outer loop
      vertex  7.500000e-001 -1.840300e-001  4.723522e-001
      vertex  2.976316e-017 -1.583671e-001  4.860693e-001
      vertex  2.892323e-017 -1.840300e-001  4.723522e-001
    endloop
  endfacet
  facet normal  0.000000e+000 -6.343930e-001  7.730107e-001
    outer loop
      vertex  7.500000e-001 -1.840300e-001  4.723522e-001
      vertex  2.892323e-017 -1.840300e-001  4.723522e-001
      vertex  7.500000e-001 -2.065237e-001  4.538921e-001
    endloop
  endfacet
  facet normal  0.000000e+000 -6.343930e-001  7.730107e-001
    outer loop
      vertex  7.500000e-001 -2.065237e-001  4.538921e-001
      vertex  2.892323e-017 -1.840300e-001  4.723522e-001
      vertex  2.779287e-017 -2.065237e-001  4.538921e-001
    endloop
  endfacet
  facet normal  0.000000e+000 -7.730101e-001  6.343936e-001
    outer loop
      vertex  7.500000e-001 -2.065237e-001  4.538921e-001
      vertex  2.779287e-017 -2.065237e-001  4.538921e-001
      vertex  7.500000e-001 -2.249838e-001  4.313984e-001
    endloop
  endfacet
  facet normal  0.000000e+000 -7.730101e-001  6.343936e-001
    outer loop
      vertex  7.500000e-001 -2.249838e-001  4.313984e-001
      vertex  2.779287e-017 -2.065237e-001  4.538921e-001
      vertex  2.641553e-017 -2.249838e-001  4.313984e-001
    endloop
  endfacet
  facet normal  0.000000e+000 -8.819213e-001  4.713966e-001
    outer loop
      vertex  7.500000e-001 -2.249838e-001  4.313984e-001
      vertex  2.641553e-017 -2.249838e-001  4.313984e-001
      vertex  7.500000e-001 -2.387009e-001  4.057355e-001
    endloop
  endfacet
  facet normal  0.000000e+000 -8.819213e-001  4.713966e-001
    outer loop
      vertex  7.500000e-001 -2.387009e-001  4.057355e-001
      vertex  2.641553e-017 -2.249838e-001  4.313984e-001
      vertex  2.484413e-017 -2.387009e-001  4.057355e-001
    endloop
  endfacet
  facet normal  0.000000e+000 -9.569404e-001  2.902846e-001
    outer loop
      vertex  7.500000e-001 -2.387009e-001  4.057355e-001
      vertex  2.484413e-017 -2.387009e-001  4.057355e-001
      vertex  7.500000e-001 -2.471478e-001  3.778896e-001
    endloop
  endfacet
  facet normal  0.000000e+000 -9.569404e-001  2.902846e-001
    outer loop
      vertex  7.500000e-001 -2.471478e-001  3.778896e-001
      vertex  2.484413e-017 -2.387009e-001  4.057355e-001
      vertex  2.313907e-017 -2.471478e-001  3.778896e-001
    endloop
  endfacet
  facet normal  0.000000e+000 -9.951847e-001  9.801724e-002
    outer loop
      vertex  7.500000e-001 -2.471478e-001  3.778896e-001
      vertex  2.313907e-017 -2.471478e-001  3.778896e-001
      vertex  7.500000e-001 -2.500000e-001  3.489309e-001
    endloop
  endfacet
  facet normal  0.000000e+000 -9.951847e-001  9.801724e-002
    outer loop
      vertex  7.500000e-001 -2.500000e-001  3.489309e-001
      vertex  2.313907e-017 -2.471478e-001  3.778896e-001
      vertex  2.136586e-017 -2.500000e-001  3.489309e-001
    endloop
  endfacet
endsolid CATIA STL
