solid CATIA STL
  facet normal  -0.000000e+000  -0.000000e+000  9.999999e-001
    outer loop
      vertex  0.000000e+000  2.343750e-001  2.500000e-001
      vertex  4.503450e-003  1.886507e-001  2.500000e-001
      vertex  1.784073e-002  1.446836e-001  2.500000e-001
    endloop
  endfacet
  facet normal  -0.000000e+000  -0.000000e+000  1.000000e+000
    outer loop
      vertex  0.000000e+000  2.343750e-001  2.500000e-001
      vertex  1.784073e-002  1.446836e-001  2.500000e-001
      vertex  3.949931e-002  1.041632e-001  2.500000e-001
    endloop
  endfacet
  facet normal  -0.000000e+000  -0.000000e+000  1.000000e+000
    outer loop
      vertex  0.000000e+000  2.343750e-001  2.500000e-001
      vertex  3.949931e-002  1.041632e-001  2.500000e-001
      vertex  6.864685e-002  6.864685e-002  2.500000e-001
    endloop
  endfacet
  facet normal  -0.000000e+000  -0.000000e+000  9.999999e-001
    outer loop
      vertex  0.000000e+000  2.343750e-001  2.500000e-001
      vertex  6.864685e-002  6.864685e-002  2.500000e-001
      vertex  1.041632e-001  3.949931e-002  2.500000e-001
    endloop
  endfacet
  facet normal  -0.000000e+000  -0.000000e+000  1.000000e+000
    outer loop
      vertex  0.000000e+000  2.343750e-001  2.500000e-001
      vertex  1.041632e-001  3.949931e-002  2.500000e-001
      vertex  1.446836e-001  1.784073e-002  2.500000e-001
    endloop
  endfacet
  facet normal  -0.000000e+000  -0.000000e+000  9.999999e-001
    outer loop
      vertex  0.000000e+000  2.343750e-001  2.500000e-001
      vertex  1.446836e-001  1.784073e-002  2.500000e-001
      vertex  1.886507e-001  4.503450e-003  2.500000e-001
    endloop
  endfacet
  facet normal  -0.000000e+000  -0.000000e+000  1.000000e+000
    outer loop
      vertex  0.000000e+000  2.343750e-001  2.500000e-001
      vertex  1.886507e-001  4.503450e-003  2.500000e-001
      vertex  2.343750e-001  0.000000e+000  2.500000e-001
    endloop
  endfacet
  facet normal  0.000000e+000  -0.000000e+000  1.000000e+000
    outer loop
      vertex  0.000000e+000  2.343750e-001  2.500000e-001
      vertex  2.343750e-001  0.000000e+000  2.500000e-001
      vertex  7.500000e-001  0.000000e+000  2.500000e-001
    endloop
  endfacet
  facet normal  0.000000e+000  -0.000000e+000  1.000000e+000
    outer loop
      vertex  0.000000e+000  2.343750e-001  2.500000e-001
      vertex  7.500000e-001  0.000000e+000  2.500000e-001
      vertex  7.500000e-001  4.973684e-001  2.500000e-001
    endloop
  endfacet
  facet normal  0.000000e+000  0.000000e+000  1.000000e+000
    outer loop
      vertex  0.000000e+000  2.343750e-001  2.500000e-001
      vertex  7.500000e-001  4.973684e-001  2.500000e-001
      vertex  0.000000e+000  4.973684e-001  2.500000e-001
    endloop
  endfacet
  facet normal  0.000000e+000  0.000000e+000 -1.000000e+000
    outer loop
      vertex  0.000000e+000  2.343750e-001  0.000000e+000
      vertex  0.000000e+000  4.973684e-001  0.000000e+000
      vertex  7.500000e-001  4.973684e-001  0.000000e+000
    endloop
  endfacet
  facet normal  0.000000e+000  -0.000000e+000 -1.000000e+000
    outer loop
      vertex  0.000000e+000  2.343750e-001  0.000000e+000
      vertex  7.500000e-001  4.973684e-001  0.000000e+000
      vertex  7.500000e-001  0.000000e+000  0.000000e+000
    endloop
  endfacet
  facet normal  0.000000e+000  0.000000e+000 -1.000000e+000
    outer loop
      vertex  0.000000e+000  2.343750e-001  0.000000e+000
      vertex  7.500000e-001  0.000000e+000  0.000000e+000
      vertex  2.343750e-001  0.000000e+000  0.000000e+000
    endloop
  endfacet
  facet normal  0.000000e+000  0.000000e+000 -1.000000e+000
    outer loop
      vertex  0.000000e+000  2.343750e-001  0.000000e+000
      vertex  2.343750e-001  0.000000e+000  0.000000e+000
      vertex  1.886507e-001  4.503450e-003  0.000000e+000
    endloop
  endfacet
  facet normal  0.000000e+000  0.000000e+000 -9.999999e-001
    outer loop
      vertex  0.000000e+000  2.343750e-001  0.000000e+000
      vertex  1.886507e-001  4.503450e-003  0.000000e+000
      vertex  1.446836e-001  1.784073e-002  0.000000e+000
    endloop
  endfacet
  facet normal  0.000000e+000  0.000000e+000 -1.000000e+000
    outer loop
      vertex  0.000000e+000  2.343750e-001  0.000000e+000
      vertex  1.446836e-001  1.784073e-002  0.000000e+000
      vertex  1.041632e-001  3.949931e-002  0.000000e+000
    endloop
  endfacet
  facet normal  0.000000e+000  0.000000e+000 -9.999999e-001
    outer loop
      vertex  0.000000e+000  2.343750e-001  0.000000e+000
      vertex  1.041632e-001  3.949931e-002  0.000000e+000
      vertex  6.864685e-002  6.864685e-002  0.000000e+000
    endloop
  endfacet
  facet normal  0.000000e+000  0.000000e+000 -1.000000e+000
    outer loop
      vertex  0.000000e+000  2.343750e-001  0.000000e+000
      vertex  6.864685e-002  6.864685e-002  0.000000e+000
      vertex  3.949931e-002  1.041632e-001  0.000000e+000
    endloop
  endfacet
  facet normal  0.000000e+000  0.000000e+000 -1.000000e+000
    outer loop
      vertex  0.000000e+000  2.343750e-001  0.000000e+000
      vertex  3.949931e-002  1.041632e-001  0.000000e+000
      vertex  1.784073e-002  1.446836e-001  0.000000e+000
    endloop
  endfacet
  facet normal  0.000000e+000  0.000000e+000 -9.999999e-001
    outer loop
      vertex  0.000000e+000  2.343750e-001  0.000000e+000
      vertex  1.784073e-002  1.446836e-001  0.000000e+000
      vertex  4.503450e-003  1.886507e-001  0.000000e+000
    endloop
  endfacet
  facet normal -1.000000e+000  0.000000e+000  0.000000e+000
    outer loop
      vertex  0.000000e+000  4.973684e-001  2.500000e-001
      vertex  0.000000e+000  4.973684e-001  0.000000e+000
      vertex  0.000000e+000  2.343750e-001  2.500000e-001
    endloop
  endfacet
  facet normal -1.000000e+000  0.000000e+000  0.000000e+000
    outer loop
      vertex  0.000000e+000  2.343750e-001  2.500000e-001
      vertex  0.000000e+000  4.973684e-001  0.000000e+000
      vertex  0.000000e+000  2.343750e-001  0.000000e+000
    endloop
  endfacet
  facet normal  0.000000e+000 -1.000000e+000  0.000000e+000
    outer loop
      vertex  2.343750e-001  0.000000e+000  2.500000e-001
      vertex  2.343750e-001  0.000000e+000  0.000000e+000
      vertex  7.500000e-001  0.000000e+000  2.500000e-001
    endloop
  endfacet
  facet normal  0.000000e+000 -1.000000e+000  -0.000000e+000
    outer loop
      vertex  7.500000e-001  0.000000e+000  2.500000e-001
      vertex  2.343750e-001  0.000000e+000  0.000000e+000
      vertex  7.500000e-001  0.000000e+000  0.000000e+000
    endloop
  endfacet
  facet normal -9.801716e-002 -9.951847e-001  -0.000000e+000
    outer loop
      vertex  2.343750e-001  0.000000e+000  0.000000e+000
      vertex  2.343750e-001  0.000000e+000  2.500000e-001
      vertex  1.886507e-001  4.503450e-003  0.000000e+000
    endloop
  endfacet
  facet normal -9.801716e-002 -9.951847e-001  0.000000e+000
    outer loop
      vertex  1.886507e-001  4.503450e-003  0.000000e+000
      vertex  2.343750e-001  0.000000e+000  2.500000e-001
      vertex  1.886507e-001  4.503450e-003  2.500000e-001
    endloop
  endfacet
  facet normal -2.902846e-001 -9.569404e-001  -0.000000e+000
    outer loop
      vertex  1.886507e-001  4.503450e-003  0.000000e+000
      vertex  1.886507e-001  4.503450e-003  2.500000e-001
      vertex  1.446836e-001  1.784073e-002  0.000000e+000
    endloop
  endfacet
  facet normal -2.902846e-001 -9.569404e-001  0.000000e+000
    outer loop
      vertex  1.446836e-001  1.784073e-002  0.000000e+000
      vertex  1.886507e-001  4.503450e-003  2.500000e-001
      vertex  1.446836e-001  1.784073e-002  2.500000e-001
    endloop
  endfacet
  facet normal -4.713968e-001 -8.819212e-001  -0.000000e+000
    outer loop
      vertex  1.446836e-001  1.784073e-002  0.000000e+000
      vertex  1.446836e-001  1.784073e-002  2.500000e-001
      vertex  1.041632e-001  3.949931e-002  0.000000e+000
    endloop
  endfacet
  facet normal -4.713968e-001 -8.819212e-001  0.000000e+000
    outer loop
      vertex  1.041632e-001  3.949931e-002  0.000000e+000
      vertex  1.446836e-001  1.784073e-002  2.500000e-001
      vertex  1.041632e-001  3.949931e-002  2.500000e-001
    endloop
  endfacet
  facet normal -6.343933e-001 -7.730105e-001  -0.000000e+000
    outer loop
      vertex  1.041632e-001  3.949931e-002  0.000000e+000
      vertex  1.041632e-001  3.949931e-002  2.500000e-001
      vertex  6.864685e-002  6.864685e-002  0.000000e+000
    endloop
  endfacet
  facet normal -6.343933e-001 -7.730105e-001  0.000000e+000
    outer loop
      vertex  6.864685e-002  6.864685e-002  0.000000e+000
      vertex  1.041632e-001  3.949931e-002  2.500000e-001
      vertex  6.864685e-002  6.864685e-002  2.500000e-001
    endloop
  endfacet
  facet normal -7.730105e-001 -6.343933e-001  -0.000000e+000
    outer loop
      vertex  6.864685e-002  6.864685e-002  0.000000e+000
      vertex  6.864685e-002  6.864685e-002  2.500000e-001
      vertex  3.949931e-002  1.041632e-001  0.000000e+000
    endloop
  endfacet
  facet normal -7.730105e-001 -6.343933e-001  0.000000e+000
    outer loop
      vertex  3.949931e-002  1.041632e-001  0.000000e+000
      vertex  6.864685e-002  6.864685e-002  2.500000e-001
      vertex  3.949931e-002  1.041632e-001  2.500000e-001
    endloop
  endfacet
  facet normal -8.819212e-001 -4.713968e-001  -0.000000e+000
    outer loop
      vertex  3.949931e-002  1.041632e-001  0.000000e+000
      vertex  3.949931e-002  1.041632e-001  2.500000e-001
      vertex  1.784073e-002  1.446836e-001  0.000000e+000
    endloop
  endfacet
  facet normal -8.819212e-001 -4.713968e-001  0.000000e+000
    outer loop
      vertex  1.784073e-002  1.446836e-001  0.000000e+000
      vertex  3.949931e-002  1.041632e-001  2.500000e-001
      vertex  1.784073e-002  1.446836e-001  2.500000e-001
    endloop
  endfacet
  facet normal -9.569404e-001 -2.902846e-001  -0.000000e+000
    outer loop
      vertex  1.784073e-002  1.446836e-001  0.000000e+000
      vertex  1.784073e-002  1.446836e-001  2.500000e-001
      vertex  4.503450e-003  1.886507e-001  0.000000e+000
    endloop
  endfacet
  facet normal -9.569404e-001 -2.902846e-001  0.000000e+000
    outer loop
      vertex  4.503450e-003  1.886507e-001  0.000000e+000
      vertex  1.784073e-002  1.446836e-001  2.500000e-001
      vertex  4.503450e-003  1.886507e-001  2.500000e-001
    endloop
  endfacet
  facet normal -9.951847e-001 -9.801716e-002  -0.000000e+000
    outer loop
      vertex  4.503450e-003  1.886507e-001  0.000000e+000
      vertex  4.503450e-003  1.886507e-001  2.500000e-001
      vertex  0.000000e+000  2.343750e-001  0.000000e+000
    endloop
  endfacet
  facet normal -9.951847e-001 -9.801716e-002  0.000000e+000
    outer loop
      vertex  0.000000e+000  2.343750e-001  0.000000e+000
      vertex  4.503450e-003  1.886507e-001  2.500000e-001
      vertex  0.000000e+000  2.343750e-001  2.500000e-001
    endloop
  endfacet
  facet normal  0.000000e+000  1.000000e+000  -0.000000e+000
    outer loop
      vertex  7.500000e-001  4.973684e-001  2.500000e-001
      vertex  7.500000e-001  4.973684e-001  0.000000e+000
      vertex  0.000000e+000  4.973684e-001  2.500000e-001
    endloop
  endfacet
  facet normal  0.000000e+000  1.000000e+000  0.000000e+000
    outer loop
      vertex  0.000000e+000  4.973684e-001  2.500000e-001
      vertex  7.500000e-001  4.973684e-001  0.000000e+000
      vertex  0.000000e+000  4.973684e-001  0.000000e+000
    endloop
  endfacet
  facet normal  1.000000e+000  0.000000e+000  0.000000e+000
    outer loop
      vertex  7.500000e-001  0.000000e+000  2.500000e-001
      vertex  7.500000e-001  0.000000e+000  0.000000e+000
      vertex  7.500000e-001  4.973684e-001  2.500000e-001
    endloop
  endfacet
  facet normal  1.000000e+000  0.000000e+000  0.000000e+000
    outer loop
      vertex  7.500000e-001  4.973684e-001  2.500000e-001
      vertex  7.500000e-001  0.000000e+000  0.000000e+000
      vertex  7.500000e-001  4.973684e-001  0.000000e+000
    endloop
  endfacet
endsolid CATIA STL
