solid CATIA STL
  facet normal  0.000000e+000 -1.000000e+000  0.000000e+000
    outer loop
      vertex  7.500000e-001 -7.500000e-001  7.421875e-001
      vertex -5.168413e-017 -7.500000e-001  6.250000e-002
      vertex  7.500000e-001 -7.500000e-001  6.250000e-002
    endloop
  endfacet
  facet normal  -0.000000e+000 -1.000000e+000  -0.000000e+000
    outer loop
      vertex  7.498499e-001 -7.500000e-001  7.437117e-001
      vertex  7.494053e-001 -7.500000e-001  7.451772e-001
      vertex  7.486833e-001 -7.500000e-001  7.465279e-001
    endloop
  endfacet
  facet normal  -0.000000e+000 -1.000000e+000  -0.000000e+000
    outer loop
      vertex  7.498499e-001 -7.500000e-001  7.437117e-001
      vertex  7.486833e-001 -7.500000e-001  7.465279e-001
      vertex  7.477118e-001 -7.500000e-001  7.477118e-001
    endloop
  endfacet
  facet normal  -0.000000e+000 -1.000000e+000  -0.000000e+000
    outer loop
      vertex  7.498499e-001 -7.500000e-001  7.437117e-001
      vertex  7.477118e-001 -7.500000e-001  7.477118e-001
      vertex  7.465279e-001 -7.500000e-001  7.486833e-001
    endloop
  endfacet
  facet normal  -0.000000e+000 -1.000000e+000  -0.000000e+000
    outer loop
      vertex  7.498499e-001 -7.500000e-001  7.437117e-001
      vertex  7.465279e-001 -7.500000e-001  7.486833e-001
      vertex  7.451772e-001 -7.500000e-001  7.494053e-001
    endloop
  endfacet
  facet normal  -0.000000e+000 -1.000000e+000  -0.000000e+000
    outer loop
      vertex  7.498499e-001 -7.500000e-001  7.437117e-001
      vertex  7.451772e-001 -7.500000e-001  7.494053e-001
      vertex  7.437117e-001 -7.500000e-001  7.498499e-001
    endloop
  endfacet
  facet normal  -0.000000e+000 -1.000000e+000  -0.000000e+000
    outer loop
      vertex  7.498499e-001 -7.500000e-001  7.437117e-001
      vertex  7.437117e-001 -7.500000e-001  7.498499e-001
      vertex  7.421875e-001 -7.500000e-001  7.500000e-001
    endloop
  endfacet
  facet normal  0.000000e+000 -1.000000e+000  0.000000e+000
    outer loop
      vertex  4.592425e-017 -7.500000e-001  7.500000e-001
      vertex -5.168413e-017 -7.500000e-001  6.250000e-002
      vertex  7.500000e-001 -7.500000e-001  7.421875e-001
    endloop
  endfacet
  facet normal  0.000000e+000 -1.000000e+000  0.000000e+000
    outer loop
      vertex  4.592425e-017 -7.500000e-001  7.500000e-001
      vertex  7.500000e-001 -7.500000e-001  7.421875e-001
      vertex  7.498499e-001 -7.500000e-001  7.437117e-001
    endloop
  endfacet
  facet normal  0.000000e+000 -1.000000e+000  0.000000e+000
    outer loop
      vertex  4.592425e-017 -7.500000e-001  7.500000e-001
      vertex  7.498499e-001 -7.500000e-001  7.437117e-001
      vertex  7.421875e-001 -7.500000e-001  7.500000e-001
    endloop
  endfacet
  facet normal  7.401486e-017  1.000000e+000  0.000000e+000
    outer loop
      vertex  7.500000e-001  0.000000e+000  6.250000e-002
      vertex  3.827021e-018  5.551115e-017  6.250000e-002
      vertex  7.500000e-001  0.000000e+000  7.421875e-001
    endloop
  endfacet
  facet normal  0.000000e+000  1.000000e+000  0.000000e+000
    outer loop
      vertex  7.498499e-001  0.000000e+000  7.437117e-001
      vertex  7.421875e-001  0.000000e+000  7.500000e-001
      vertex  7.437117e-001  0.000000e+000  7.498499e-001
    endloop
  endfacet
  facet normal  0.000000e+000  1.000000e+000  0.000000e+000
    outer loop
      vertex  7.498499e-001  0.000000e+000  7.437117e-001
      vertex  7.437117e-001  0.000000e+000  7.498499e-001
      vertex  7.451772e-001  0.000000e+000  7.494053e-001
    endloop
  endfacet
  facet normal  0.000000e+000  1.000000e+000  0.000000e+000
    outer loop
      vertex  7.498499e-001  0.000000e+000  7.437117e-001
      vertex  7.451772e-001  0.000000e+000  7.494053e-001
      vertex  7.465279e-001  0.000000e+000  7.486833e-001
    endloop
  endfacet
  facet normal  0.000000e+000  1.000000e+000  0.000000e+000
    outer loop
      vertex  7.498499e-001  0.000000e+000  7.437117e-001
      vertex  7.465279e-001  0.000000e+000  7.486833e-001
      vertex  7.477118e-001  0.000000e+000  7.477118e-001
    endloop
  endfacet
  facet normal  0.000000e+000  1.000000e+000  0.000000e+000
    outer loop
      vertex  7.498499e-001  0.000000e+000  7.437117e-001
      vertex  7.477118e-001  0.000000e+000  7.477118e-001
      vertex  7.486833e-001  0.000000e+000  7.465279e-001
    endloop
  endfacet
  facet normal  0.000000e+000  1.000000e+000  0.000000e+000
    outer loop
      vertex  7.498499e-001  0.000000e+000  7.437117e-001
      vertex  7.486833e-001  0.000000e+000  7.465279e-001
      vertex  7.494053e-001  0.000000e+000  7.451772e-001
    endloop
  endfacet
  facet normal  0.000000e+000  1.000000e+000  0.000000e+000
    outer loop
      vertex  4.592425e-017  0.000000e+000  7.500000e-001
      vertex  7.421875e-001  0.000000e+000  7.500000e-001
      vertex  7.498499e-001  0.000000e+000  7.437117e-001
    endloop
  endfacet
  facet normal  0.000000e+000  1.000000e+000  0.000000e+000
    outer loop
      vertex  4.592425e-017  0.000000e+000  7.500000e-001
      vertex  7.498499e-001  0.000000e+000  7.437117e-001
      vertex  7.500000e-001  0.000000e+000  7.421875e-001
    endloop
  endfacet
  facet normal  8.410781e-019  1.000000e+000  8.074350e-017
    outer loop
      vertex  4.592425e-017  0.000000e+000  7.500000e-001
      vertex  7.500000e-001  0.000000e+000  7.421875e-001
      vertex  3.827021e-018  5.551115e-017  6.250000e-002
    endloop
  endfacet
  facet normal  1.000000e+000  0.000000e+000  0.000000e+000
    outer loop
      vertex  7.500000e-001  0.000000e+000  6.250000e-002
      vertex  7.500000e-001  0.000000e+000  7.421875e-001
      vertex  7.500000e-001 -7.500000e-001  6.250000e-002
    endloop
  endfacet
  facet normal  1.000000e+000  0.000000e+000  0.000000e+000
    outer loop
      vertex  7.500000e-001 -7.500000e-001  6.250000e-002
      vertex  7.500000e-001  0.000000e+000  7.421875e-001
      vertex  7.500000e-001 -7.500000e-001  7.421875e-001
    endloop
  endfacet
  facet normal  -0.000000e+000  0.000000e+000  1.000000e+000
    outer loop
      vertex  7.421875e-001  0.000000e+000  7.500000e-001
      vertex  4.592425e-017  0.000000e+000  7.500000e-001
      vertex  7.421875e-001 -7.500000e-001  7.500000e-001
    endloop
  endfacet
  facet normal  0.000000e+000  0.000000e+000  1.000000e+000
    outer loop
      vertex  7.421875e-001 -7.500000e-001  7.500000e-001
      vertex  4.592425e-017  0.000000e+000  7.500000e-001
      vertex  4.592425e-017 -7.500000e-001  7.500000e-001
    endloop
  endfacet
  facet normal  9.803550e-002  -0.000000e+000  9.951829e-001
    outer loop
      vertex  7.421875e-001  0.000000e+000  7.500000e-001
      vertex  7.421875e-001 -7.500000e-001  7.500000e-001
      vertex  7.437117e-001  0.000000e+000  7.498499e-001
    endloop
  endfacet
  facet normal  9.803550e-002  0.000000e+000  9.951829e-001
    outer loop
      vertex  7.437117e-001  0.000000e+000  7.498499e-001
      vertex  7.421875e-001 -7.500000e-001  7.500000e-001
      vertex  7.437117e-001 -7.500000e-001  7.498499e-001
    endloop
  endfacet
  facet normal  2.902601e-001  -0.000000e+000  9.569477e-001
    outer loop
      vertex  7.437117e-001  0.000000e+000  7.498499e-001
      vertex  7.437117e-001 -7.500000e-001  7.498499e-001
      vertex  7.451772e-001  0.000000e+000  7.494053e-001
    endloop
  endfacet
  facet normal  2.902601e-001  0.000000e+000  9.569477e-001
    outer loop
      vertex  7.451772e-001  0.000000e+000  7.494053e-001
      vertex  7.437117e-001 -7.500000e-001  7.498499e-001
      vertex  7.451772e-001 -7.500000e-001  7.494053e-001
    endloop
  endfacet
  facet normal  4.714101e-001  -0.000000e+000  8.819141e-001
    outer loop
      vertex  7.451772e-001  0.000000e+000  7.494053e-001
      vertex  7.451772e-001 -7.500000e-001  7.494053e-001
      vertex  7.465279e-001  0.000000e+000  7.486833e-001
    endloop
  endfacet
  facet normal  4.714101e-001  0.000000e+000  8.819141e-001
    outer loop
      vertex  7.465279e-001  0.000000e+000  7.486833e-001
      vertex  7.451772e-001 -7.500000e-001  7.494053e-001
      vertex  7.465279e-001 -7.500000e-001  7.486833e-001
    endloop
  endfacet
  facet normal  6.343857e-001  -0.000000e+000  7.730165e-001
    outer loop
      vertex  7.465279e-001  0.000000e+000  7.486833e-001
      vertex  7.465279e-001 -7.500000e-001  7.486833e-001
      vertex  7.477118e-001  0.000000e+000  7.477118e-001
    endloop
  endfacet
  facet normal  6.343857e-001  0.000000e+000  7.730165e-001
    outer loop
      vertex  7.477118e-001  0.000000e+000  7.477118e-001
      vertex  7.465279e-001 -7.500000e-001  7.486833e-001
      vertex  7.477118e-001 -7.500000e-001  7.477118e-001
    endloop
  endfacet
  facet normal  7.730165e-001  -0.000000e+000  6.343857e-001
    outer loop
      vertex  7.477118e-001  0.000000e+000  7.477118e-001
      vertex  7.477118e-001 -7.500000e-001  7.477118e-001
      vertex  7.486833e-001  0.000000e+000  7.465279e-001
    endloop
  endfacet
  facet normal  7.730165e-001  0.000000e+000  6.343857e-001
    outer loop
      vertex  7.486833e-001  0.000000e+000  7.465279e-001
      vertex  7.477118e-001 -7.500000e-001  7.477118e-001
      vertex  7.486833e-001 -7.500000e-001  7.465279e-001
    endloop
  endfacet
  facet normal  8.819141e-001  -0.000000e+000  4.714101e-001
    outer loop
      vertex  7.486833e-001  0.000000e+000  7.465279e-001
      vertex  7.486833e-001 -7.500000e-001  7.465279e-001
      vertex  7.494053e-001  0.000000e+000  7.451772e-001
    endloop
  endfacet
  facet normal  8.819141e-001  0.000000e+000  4.714101e-001
    outer loop
      vertex  7.494053e-001  0.000000e+000  7.451772e-001
      vertex  7.486833e-001 -7.500000e-001  7.465279e-001
      vertex  7.494053e-001 -7.500000e-001  7.451772e-001
    endloop
  endfacet
  facet normal  9.569477e-001  -0.000000e+000  2.902601e-001
    outer loop
      vertex  7.494053e-001  0.000000e+000  7.451772e-001
      vertex  7.494053e-001 -7.500000e-001  7.451772e-001
      vertex  7.498499e-001  0.000000e+000  7.437117e-001
    endloop
  endfacet
  facet normal  9.569477e-001  0.000000e+000  2.902601e-001
    outer loop
      vertex  7.498499e-001  0.000000e+000  7.437117e-001
      vertex  7.494053e-001 -7.500000e-001  7.451772e-001
      vertex  7.498499e-001 -7.500000e-001  7.437117e-001
    endloop
  endfacet
  facet normal  9.951829e-001  -0.000000e+000  9.803550e-002
    outer loop
      vertex  7.498499e-001  0.000000e+000  7.437117e-001
      vertex  7.498499e-001 -7.500000e-001  7.437117e-001
      vertex  7.500000e-001  0.000000e+000  7.421875e-001
    endloop
  endfacet
  facet normal  9.951829e-001  0.000000e+000  9.803550e-002
    outer loop
      vertex  7.500000e-001  0.000000e+000  7.421875e-001
      vertex  7.498499e-001 -7.500000e-001  7.437117e-001
      vertex  7.500000e-001 -7.500000e-001  7.421875e-001
    endloop
  endfacet
  facet normal -1.000000e+000  0.000000e+000  6.123234e-017
    outer loop
      vertex  4.592425e-017  0.000000e+000  7.500000e-001
      vertex  3.827021e-018  5.551115e-017  6.250000e-002
      vertex  4.592425e-017 -7.500000e-001  7.500000e-001
    endloop
  endfacet
  facet normal -1.000000e+000  7.401487e-017  1.419758e-016
    outer loop
      vertex  4.592425e-017 -7.500000e-001  7.500000e-001
      vertex  3.827021e-018  5.551115e-017  6.250000e-002
      vertex -5.168413e-017 -7.500000e-001  6.250000e-002
    endloop
  endfacet
  facet normal -6.123234e-017  0.000000e+000 -1.000000e+000
    outer loop
      vertex  1.171875e-001 -1.171875e-001 -7.175664e-018
      vertex  6.328125e-001 -1.171875e-001 -3.874859e-017
      vertex  1.171875e-001 -6.328125e-001 -7.175664e-018
    endloop
  endfacet
  facet normal -6.123234e-017  0.000000e+000 -1.000000e+000
    outer loop
      vertex  1.171875e-001 -6.328125e-001 -7.175664e-018
      vertex  6.328125e-001 -1.171875e-001 -3.874859e-017
      vertex  6.328125e-001 -6.328125e-001 -3.874859e-017
    endloop
  endfacet
  facet normal -4.705883e-001  3.483053e-017 -8.823529e-001
    outer loop
      vertex -5.168413e-017 -7.500000e-001  6.250000e-002
      vertex  3.827021e-018  5.551115e-017  6.250000e-002
      vertex  1.171875e-001 -6.328125e-001 -7.175664e-018
    endloop
  endfacet
  facet normal -4.705882e-001  0.000000e+000 -8.823529e-001
    outer loop
      vertex  1.171875e-001 -6.328125e-001 -7.175664e-018
      vertex  3.827021e-018  5.551115e-017  6.250000e-002
      vertex  1.171875e-001 -1.171875e-001 -7.175664e-018
    endloop
  endfacet
  facet normal  0.000000e+000  4.705883e-001 -8.823529e-001
    outer loop
      vertex  7.500000e-001  0.000000e+000  6.250000e-002
      vertex  6.328125e-001 -1.171875e-001 -3.874859e-017
      vertex  3.827021e-018  5.551115e-017  6.250000e-002
    endloop
  endfacet
  facet normal  0.000000e+000  4.705882e-001 -8.823529e-001
    outer loop
      vertex  3.827021e-018  5.551115e-017  6.250000e-002
      vertex  6.328125e-001 -1.171875e-001 -3.874859e-017
      vertex  1.171875e-001 -1.171875e-001 -7.175664e-018
    endloop
  endfacet
  facet normal  4.705883e-001  0.000000e+000 -8.823529e-001
    outer loop
      vertex  7.500000e-001  0.000000e+000  6.250000e-002
      vertex  7.500000e-001 -7.500000e-001  6.250000e-002
      vertex  6.328125e-001 -1.171875e-001 -3.874859e-017
    endloop
  endfacet
  facet normal  4.705882e-001  0.000000e+000 -8.823529e-001
    outer loop
      vertex  6.328125e-001 -1.171875e-001 -3.874859e-017
      vertex  7.500000e-001 -7.500000e-001  6.250000e-002
      vertex  6.328125e-001 -6.328125e-001 -3.874859e-017
    endloop
  endfacet
  facet normal  0.000000e+000 -4.705883e-001 -8.823529e-001
    outer loop
      vertex  7.500000e-001 -7.500000e-001  6.250000e-002
      vertex -5.168413e-017 -7.500000e-001  6.250000e-002
      vertex  6.328125e-001 -6.328125e-001 -3.874859e-017
    endloop
  endfacet
  facet normal -5.402854e-017 -4.705882e-001 -8.823529e-001
    outer loop
      vertex  6.328125e-001 -6.328125e-001 -3.874859e-017
      vertex -5.168413e-017 -7.500000e-001  6.250000e-002
      vertex  1.171875e-001 -6.328125e-001 -7.175664e-018
    endloop
  endfacet
endsolid CATIA STL
