solid CATIA STL
  facet normal  0.000000e+000  0.000000e+000  1.000000e+000
    outer loop
      vertex -7.500000e-001  7.500000e-001  4.687500e-002
      vertex -7.500000e-001 -7.500000e-001  4.687500e-002
      vertex  7.500000e-001 -7.500000e-001  4.687500e-002
    endloop
  endfacet
  facet normal  0.000000e+000  -0.000000e+000  1.000000e+000
    outer loop
      vertex -7.500000e-001  7.500000e-001  4.687500e-002
      vertex  7.500000e-001 -7.500000e-001  4.687500e-002
      vertex  7.500000e-001  5.625000e-001  4.687500e-002
    endloop
  endfacet
  facet normal  0.000000e+000  0.000000e+000  1.000000e+000
    outer loop
      vertex -7.500000e-001  7.500000e-001  4.687500e-002
      vertex  7.500000e-001  5.625000e-001  4.687500e-002
      vertex  7.463973e-001  5.990794e-001  4.687500e-002
    endloop
  endfacet
  facet normal  0.000000e+000  0.000000e+000  1.000000e+000
    outer loop
      vertex -7.500000e-001  7.500000e-001  4.687500e-002
      vertex  7.463973e-001  5.990794e-001  4.687500e-002
      vertex  7.357274e-001  6.342531e-001  4.687500e-002
    endloop
  endfacet
  facet normal  0.000000e+000  0.000000e+000  1.000000e+000
    outer loop
      vertex -7.500000e-001  7.500000e-001  4.687500e-002
      vertex  7.357274e-001  6.342531e-001  4.687500e-002
      vertex  7.184005e-001  6.666694e-001  4.687500e-002
    endloop
  endfacet
  facet normal  0.000000e+000  0.000000e+000  9.999999e-001
    outer loop
      vertex -7.500000e-001  7.500000e-001  4.687500e-002
      vertex  7.184005e-001  6.666694e-001  4.687500e-002
      vertex  6.950825e-001  6.950825e-001  4.687500e-002
    endloop
  endfacet
  facet normal  0.000000e+000  0.000000e+000  1.000000e+000
    outer loop
      vertex -7.500000e-001  7.500000e-001  4.687500e-002
      vertex  6.950825e-001  6.950825e-001  4.687500e-002
      vertex  6.666694e-001  7.184005e-001  4.687500e-002
    endloop
  endfacet
  facet normal  0.000000e+000  0.000000e+000  1.000000e+000
    outer loop
      vertex -7.500000e-001  7.500000e-001  4.687500e-002
      vertex  6.666694e-001  7.184005e-001  4.687500e-002
      vertex  6.342531e-001  7.357274e-001  4.687500e-002
    endloop
  endfacet
  facet normal  0.000000e+000  0.000000e+000  9.999999e-001
    outer loop
      vertex -7.500000e-001  7.500000e-001  4.687500e-002
      vertex  6.342531e-001  7.357274e-001  4.687500e-002
      vertex  5.990794e-001  7.463973e-001  4.687500e-002
    endloop
  endfacet
  facet normal  0.000000e+000  0.000000e+000  1.000000e+000
    outer loop
      vertex -7.500000e-001  7.500000e-001  4.687500e-002
      vertex  5.990794e-001  7.463973e-001  4.687500e-002
      vertex  5.625000e-001  7.500000e-001  4.687500e-002
    endloop
  endfacet
  facet normal  -0.000000e+000  -0.000000e+000 -1.000000e+000
    outer loop
      vertex -7.500000e-001  7.500000e-001  0.000000e+000
      vertex  5.625000e-001  7.500000e-001  0.000000e+000
      vertex  5.990794e-001  7.463973e-001  0.000000e+000
    endloop
  endfacet
  facet normal  -0.000000e+000  -0.000000e+000 -1.000000e+000
    outer loop
      vertex -7.500000e-001  7.500000e-001  0.000000e+000
      vertex  5.990794e-001  7.463973e-001  0.000000e+000
      vertex  6.342531e-001  7.357274e-001  0.000000e+000
    endloop
  endfacet
  facet normal  -0.000000e+000  -0.000000e+000 -1.000000e+000
    outer loop
      vertex -7.500000e-001  7.500000e-001  0.000000e+000
      vertex  6.342531e-001  7.357274e-001  0.000000e+000
      vertex  6.666694e-001  7.184005e-001  0.000000e+000
    endloop
  endfacet
  facet normal  -0.000000e+000  -0.000000e+000 -1.000000e+000
    outer loop
      vertex -7.500000e-001  7.500000e-001  0.000000e+000
      vertex  6.666694e-001  7.184005e-001  0.000000e+000
      vertex  6.950825e-001  6.950825e-001  0.000000e+000
    endloop
  endfacet
  facet normal  -0.000000e+000  -0.000000e+000 -1.000000e+000
    outer loop
      vertex -7.500000e-001  7.500000e-001  0.000000e+000
      vertex  6.950825e-001  6.950825e-001  0.000000e+000
      vertex  7.184005e-001  6.666694e-001  0.000000e+000
    endloop
  endfacet
  facet normal  -0.000000e+000  -0.000000e+000 -1.000000e+000
    outer loop
      vertex -7.500000e-001  7.500000e-001  0.000000e+000
      vertex  7.184005e-001  6.666694e-001  0.000000e+000
      vertex  7.357274e-001  6.342531e-001  0.000000e+000
    endloop
  endfacet
  facet normal  -0.000000e+000  -0.000000e+000 -1.000000e+000
    outer loop
      vertex -7.500000e-001  7.500000e-001  0.000000e+000
      vertex  7.357274e-001  6.342531e-001  0.000000e+000
      vertex  7.463973e-001  5.990794e-001  0.000000e+000
    endloop
  endfacet
  facet normal  -0.000000e+000  -0.000000e+000 -1.000000e+000
    outer loop
      vertex -7.500000e-001  7.500000e-001  0.000000e+000
      vertex  7.463973e-001  5.990794e-001  0.000000e+000
      vertex  7.500000e-001  5.625000e-001  0.000000e+000
    endloop
  endfacet
  facet normal  -0.000000e+000  -0.000000e+000 -1.000000e+000
    outer loop
      vertex -7.500000e-001  7.500000e-001  0.000000e+000
      vertex  7.500000e-001  5.625000e-001  0.000000e+000
      vertex  7.500000e-001 -7.500000e-001  0.000000e+000
    endloop
  endfacet
  facet normal  0.000000e+000  0.000000e+000 -1.000000e+000
    outer loop
      vertex -7.500000e-001  7.500000e-001  0.000000e+000
      vertex  7.500000e-001 -7.500000e-001  0.000000e+000
      vertex -7.500000e-001 -7.500000e-001  0.000000e+000
    endloop
  endfacet
  facet normal  0.000000e+000  1.000000e+000  -0.000000e+000
    outer loop
      vertex  5.625000e-001  7.500000e-001  4.687500e-002
      vertex  5.625000e-001  7.500000e-001  0.000000e+000
      vertex -7.500000e-001  7.500000e-001  4.687500e-002
    endloop
  endfacet
  facet normal  0.000000e+000  1.000000e+000  0.000000e+000
    outer loop
      vertex -7.500000e-001  7.500000e-001  4.687500e-002
      vertex  5.625000e-001  7.500000e-001  0.000000e+000
      vertex -7.500000e-001  7.500000e-001  0.000000e+000
    endloop
  endfacet
  facet normal  1.000000e+000  0.000000e+000  0.000000e+000
    outer loop
      vertex  7.500000e-001 -7.500000e-001  4.687500e-002
      vertex  7.500000e-001 -7.500000e-001  0.000000e+000
      vertex  7.500000e-001  5.625000e-001  4.687500e-002
    endloop
  endfacet
  facet normal  1.000000e+000  0.000000e+000  0.000000e+000
    outer loop
      vertex  7.500000e-001  5.625000e-001  4.687500e-002
      vertex  7.500000e-001 -7.500000e-001  0.000000e+000
      vertex  7.500000e-001  5.625000e-001  0.000000e+000
    endloop
  endfacet
  facet normal  9.801670e-002  9.951848e-001  0.000000e+000
    outer loop
      vertex  5.625000e-001  7.500000e-001  0.000000e+000
      vertex  5.625000e-001  7.500000e-001  4.687500e-002
      vertex  5.990794e-001  7.463973e-001  0.000000e+000
    endloop
  endfacet
  facet normal  9.801670e-002  9.951848e-001  -0.000000e+000
    outer loop
      vertex  5.990794e-001  7.463973e-001  0.000000e+000
      vertex  5.625000e-001  7.500000e-001  4.687500e-002
      vertex  5.990794e-001  7.463973e-001  4.687500e-002
    endloop
  endfacet
  facet normal  2.902846e-001  9.569404e-001  0.000000e+000
    outer loop
      vertex  5.990794e-001  7.463973e-001  0.000000e+000
      vertex  5.990794e-001  7.463973e-001  4.687500e-002
      vertex  6.342531e-001  7.357274e-001  0.000000e+000
    endloop
  endfacet
  facet normal  2.902846e-001  9.569404e-001  -0.000000e+000
    outer loop
      vertex  6.342531e-001  7.357274e-001  0.000000e+000
      vertex  5.990794e-001  7.463973e-001  4.687500e-002
      vertex  6.342531e-001  7.357274e-001  4.687500e-002
    endloop
  endfacet
  facet normal  4.713973e-001  8.819209e-001  0.000000e+000
    outer loop
      vertex  6.342531e-001  7.357274e-001  0.000000e+000
      vertex  6.342531e-001  7.357274e-001  4.687500e-002
      vertex  6.666694e-001  7.184005e-001  0.000000e+000
    endloop
  endfacet
  facet normal  4.713973e-001  8.819209e-001  -0.000000e+000
    outer loop
      vertex  6.666694e-001  7.184005e-001  0.000000e+000
      vertex  6.342531e-001  7.357274e-001  4.687500e-002
      vertex  6.666694e-001  7.184005e-001  4.687500e-002
    endloop
  endfacet
  facet normal  6.343925e-001  7.730111e-001  0.000000e+000
    outer loop
      vertex  6.666694e-001  7.184005e-001  0.000000e+000
      vertex  6.666694e-001  7.184005e-001  4.687500e-002
      vertex  6.950825e-001  6.950825e-001  0.000000e+000
    endloop
  endfacet
  facet normal  6.343925e-001  7.730111e-001  -0.000000e+000
    outer loop
      vertex  6.950825e-001  6.950825e-001  0.000000e+000
      vertex  6.666694e-001  7.184005e-001  4.687500e-002
      vertex  6.950825e-001  6.950825e-001  4.687500e-002
    endloop
  endfacet
  facet normal  7.730111e-001  6.343925e-001  0.000000e+000
    outer loop
      vertex  6.950825e-001  6.950825e-001  0.000000e+000
      vertex  6.950825e-001  6.950825e-001  4.687500e-002
      vertex  7.184005e-001  6.666694e-001  0.000000e+000
    endloop
  endfacet
  facet normal  7.730111e-001  6.343925e-001  -0.000000e+000
    outer loop
      vertex  7.184005e-001  6.666694e-001  0.000000e+000
      vertex  6.950825e-001  6.950825e-001  4.687500e-002
      vertex  7.184005e-001  6.666694e-001  4.687500e-002
    endloop
  endfacet
  facet normal  8.819209e-001  4.713973e-001  0.000000e+000
    outer loop
      vertex  7.184005e-001  6.666694e-001  0.000000e+000
      vertex  7.184005e-001  6.666694e-001  4.687500e-002
      vertex  7.357274e-001  6.342531e-001  0.000000e+000
    endloop
  endfacet
  facet normal  8.819209e-001  4.713973e-001  -0.000000e+000
    outer loop
      vertex  7.357274e-001  6.342531e-001  0.000000e+000
      vertex  7.184005e-001  6.666694e-001  4.687500e-002
      vertex  7.357274e-001  6.342531e-001  4.687500e-002
    endloop
  endfacet
  facet normal  9.569404e-001  2.902846e-001  0.000000e+000
    outer loop
      vertex  7.357274e-001  6.342531e-001  0.000000e+000
      vertex  7.357274e-001  6.342531e-001  4.687500e-002
      vertex  7.463973e-001  5.990794e-001  0.000000e+000
    endloop
  endfacet
  facet normal  9.569404e-001  2.902846e-001  -0.000000e+000
    outer loop
      vertex  7.463973e-001  5.990794e-001  0.000000e+000
      vertex  7.357274e-001  6.342531e-001  4.687500e-002
      vertex  7.463973e-001  5.990794e-001  4.687500e-002
    endloop
  endfacet
  facet normal  9.951848e-001  9.801670e-002  0.000000e+000
    outer loop
      vertex  7.463973e-001  5.990794e-001  0.000000e+000
      vertex  7.463973e-001  5.990794e-001  4.687500e-002
      vertex  7.500000e-001  5.625000e-001  0.000000e+000
    endloop
  endfacet
  facet normal  9.951848e-001  9.801670e-002  -0.000000e+000
    outer loop
      vertex  7.500000e-001  5.625000e-001  0.000000e+000
      vertex  7.463973e-001  5.990794e-001  4.687500e-002
      vertex  7.500000e-001  5.625000e-001  4.687500e-002
    endloop
  endfacet
  facet normal -1.000000e+000  0.000000e+000  0.000000e+000
    outer loop
      vertex -7.500000e-001  7.500000e-001  4.687500e-002
      vertex -7.500000e-001  7.500000e-001  0.000000e+000
      vertex -7.500000e-001 -7.500000e-001  4.687500e-002
    endloop
  endfacet
  facet normal -1.000000e+000  0.000000e+000  0.000000e+000
    outer loop
      vertex -7.500000e-001 -7.500000e-001  4.687500e-002
      vertex -7.500000e-001  7.500000e-001  0.000000e+000
      vertex -7.500000e-001 -7.500000e-001  0.000000e+000
    endloop
  endfacet
  facet normal  0.000000e+000 -1.000000e+000  0.000000e+000
    outer loop
      vertex -7.500000e-001 -7.500000e-001  4.687500e-002
      vertex -7.500000e-001 -7.500000e-001  0.000000e+000
      vertex  7.500000e-001 -7.500000e-001  4.687500e-002
    endloop
  endfacet
  facet normal  0.000000e+000 -1.000000e+000  -0.000000e+000
    outer loop
      vertex  7.500000e-001 -7.500000e-001  4.687500e-002
      vertex -7.500000e-001 -7.500000e-001  0.000000e+000
      vertex  7.500000e-001 -7.500000e-001  0.000000e+000
    endloop
  endfacet
endsolid CATIA STL
