solid CATIA STL
  facet normal  0.000000e+000  0.000000e+000 -1.000000e+000
    outer loop
      vertex  4.453125e-001  7.421875e-001  0.000000e+000
      vertex  4.453125e-001  7.812500e-002  0.000000e+000
      vertex  0.000000e+000  7.812500e-002  0.000000e+000
    endloop
  endfacet
  facet normal  0.000000e+000  0.000000e+000 -1.000000e+000
    outer loop
      vertex  4.453125e-001  7.421875e-001  0.000000e+000
      vertex  0.000000e+000  7.812500e-002  0.000000e+000
      vertex  0.000000e+000  6.796875e-001  0.000000e+000
    endloop
  endfacet
  facet normal  0.000000e+000  0.000000e+000 -1.000000e+000
    outer loop
      vertex  4.453125e-001  7.421875e-001  0.000000e+000
      vertex  0.000000e+000  6.796875e-001  0.000000e+000
      vertex  1.200920e-003  6.918806e-001  0.000000e+000
    endloop
  endfacet
  facet normal  0.000000e+000  0.000000e+000 -1.000000e+000
    outer loop
      vertex  4.453125e-001  7.421875e-001  0.000000e+000
      vertex  1.200920e-003  6.918806e-001  0.000000e+000
      vertex  4.757529e-003  7.036052e-001  0.000000e+000
    endloop
  endfacet
  facet normal  0.000000e+000  0.000000e+000 -1.000000e+000
    outer loop
      vertex  4.453125e-001  7.421875e-001  0.000000e+000
      vertex  4.757529e-003  7.036052e-001  0.000000e+000
      vertex  1.053315e-002  7.144107e-001  0.000000e+000
    endloop
  endfacet
  facet normal  0.000000e+000  0.000000e+000 -1.000000e+000
    outer loop
      vertex  4.453125e-001  7.421875e-001  0.000000e+000
      vertex  1.053315e-002  7.144107e-001  0.000000e+000
      vertex  1.830583e-002  7.238817e-001  0.000000e+000
    endloop
  endfacet
  facet normal  0.000000e+000  0.000000e+000 -1.000000e+000
    outer loop
      vertex  4.453125e-001  7.421875e-001  0.000000e+000
      vertex  1.830583e-002  7.238817e-001  0.000000e+000
      vertex  2.777686e-002  7.316543e-001  0.000000e+000
    endloop
  endfacet
  facet normal  0.000000e+000  0.000000e+000 -1.000000e+000
    outer loop
      vertex  4.453125e-001  7.421875e-001  0.000000e+000
      vertex  2.777686e-002  7.316543e-001  0.000000e+000
      vertex  3.858228e-002  7.374300e-001  0.000000e+000
    endloop
  endfacet
  facet normal  0.000000e+000  0.000000e+000 -9.999999e-001
    outer loop
      vertex  4.453125e-001  7.421875e-001  0.000000e+000
      vertex  3.858228e-002  7.374300e-001  0.000000e+000
      vertex  5.030686e-002  7.409866e-001  0.000000e+000
    endloop
  endfacet
  facet normal  0.000000e+000  0.000000e+000 -1.000000e+000
    outer loop
      vertex  4.453125e-001  7.421875e-001  0.000000e+000
      vertex  5.030686e-002  7.409866e-001  0.000000e+000
      vertex  6.250000e-002  7.421875e-001  0.000000e+000
    endloop
  endfacet
  facet normal -1.000000e+000  -0.000000e+000  -0.000000e+000
    outer loop
      vertex  0.000000e+000  0.000000e+000  2.265625e-001
      vertex  0.000000e+000  6.796875e-001  2.265625e-001
      vertex  0.000000e+000  6.796875e-001  0.000000e+000
    endloop
  endfacet
  facet normal -1.000000e+000  0.000000e+000  0.000000e+000
    outer loop
      vertex  0.000000e+000  0.000000e+000  2.265625e-001
      vertex  0.000000e+000  6.796875e-001  0.000000e+000
      vertex  0.000000e+000  7.812500e-002  0.000000e+000
    endloop
  endfacet
  facet normal -9.999999e-001  0.000000e+000  0.000000e+000
    outer loop
      vertex  0.000000e+000  0.000000e+000  2.265625e-001
      vertex  0.000000e+000  7.812500e-002  0.000000e+000
      vertex  0.000000e+000  6.288357e-002  1.501150e-003
    endloop
  endfacet
  facet normal -1.000000e+000  0.000000e+000  0.000000e+000
    outer loop
      vertex  0.000000e+000  0.000000e+000  2.265625e-001
      vertex  0.000000e+000  6.288357e-002  1.501150e-003
      vertex  0.000000e+000  4.822786e-002  5.946911e-003
    endloop
  endfacet
  facet normal -1.000000e+000  0.000000e+000  0.000000e+000
    outer loop
      vertex  0.000000e+000  0.000000e+000  2.265625e-001
      vertex  0.000000e+000  4.822786e-002  5.946911e-003
      vertex  0.000000e+000  3.472108e-002  1.316644e-002
    endloop
  endfacet
  facet normal -1.000000e+000  0.000000e+000  0.000000e+000
    outer loop
      vertex  0.000000e+000  0.000000e+000  2.265625e-001
      vertex  0.000000e+000  3.472108e-002  1.316644e-002
      vertex  0.000000e+000  2.288228e-002  2.288228e-002
    endloop
  endfacet
  facet normal -9.999999e-001  0.000000e+000  0.000000e+000
    outer loop
      vertex  0.000000e+000  0.000000e+000  2.265625e-001
      vertex  0.000000e+000  2.288228e-002  2.288228e-002
      vertex  0.000000e+000  1.316644e-002  3.472108e-002
    endloop
  endfacet
  facet normal -1.000000e+000  0.000000e+000  0.000000e+000
    outer loop
      vertex  0.000000e+000  0.000000e+000  2.265625e-001
      vertex  0.000000e+000  1.316644e-002  3.472108e-002
      vertex  0.000000e+000  5.946911e-003  4.822786e-002
    endloop
  endfacet
  facet normal -1.000000e+000  0.000000e+000  0.000000e+000
    outer loop
      vertex  0.000000e+000  0.000000e+000  2.265625e-001
      vertex  0.000000e+000  5.946911e-003  4.822786e-002
      vertex  0.000000e+000  1.501150e-003  6.288357e-002
    endloop
  endfacet
  facet normal -1.000000e+000  0.000000e+000  0.000000e+000
    outer loop
      vertex  0.000000e+000  0.000000e+000  2.265625e-001
      vertex  0.000000e+000  1.501150e-003  6.288357e-002
      vertex  0.000000e+000  0.000000e+000  7.812500e-002
    endloop
  endfacet
  facet normal  -0.000000e+000  0.000000e+000  1.000000e+000
    outer loop
      vertex  4.453125e-001  7.421875e-001  2.265625e-001
      vertex  6.250000e-002  7.421875e-001  2.265625e-001
      vertex  5.030686e-002  7.409866e-001  2.265625e-001
    endloop
  endfacet
  facet normal  -0.000000e+000  0.000000e+000  9.999999e-001
    outer loop
      vertex  4.453125e-001  7.421875e-001  2.265625e-001
      vertex  5.030686e-002  7.409866e-001  2.265625e-001
      vertex  3.858228e-002  7.374300e-001  2.265625e-001
    endloop
  endfacet
  facet normal  -0.000000e+000  0.000000e+000  1.000000e+000
    outer loop
      vertex  4.453125e-001  7.421875e-001  2.265625e-001
      vertex  3.858228e-002  7.374300e-001  2.265625e-001
      vertex  2.777686e-002  7.316543e-001  2.265625e-001
    endloop
  endfacet
  facet normal  -0.000000e+000  0.000000e+000  1.000000e+000
    outer loop
      vertex  4.453125e-001  7.421875e-001  2.265625e-001
      vertex  2.777686e-002  7.316543e-001  2.265625e-001
      vertex  1.830583e-002  7.238817e-001  2.265625e-001
    endloop
  endfacet
  facet normal  -0.000000e+000  0.000000e+000  1.000000e+000
    outer loop
      vertex  4.453125e-001  7.421875e-001  2.265625e-001
      vertex  1.830583e-002  7.238817e-001  2.265625e-001
      vertex  1.053315e-002  7.144107e-001  2.265625e-001
    endloop
  endfacet
  facet normal  -0.000000e+000  0.000000e+000  1.000000e+000
    outer loop
      vertex  4.453125e-001  7.421875e-001  2.265625e-001
      vertex  1.053315e-002  7.144107e-001  2.265625e-001
      vertex  4.757529e-003  7.036052e-001  2.265625e-001
    endloop
  endfacet
  facet normal  -0.000000e+000  0.000000e+000  1.000000e+000
    outer loop
      vertex  4.453125e-001  7.421875e-001  2.265625e-001
      vertex  4.757529e-003  7.036052e-001  2.265625e-001
      vertex  1.200920e-003  6.918806e-001  2.265625e-001
    endloop
  endfacet
  facet normal  -0.000000e+000  0.000000e+000  1.000000e+000
    outer loop
      vertex  4.453125e-001  7.421875e-001  2.265625e-001
      vertex  1.200920e-003  6.918806e-001  2.265625e-001
      vertex  0.000000e+000  6.796875e-001  2.265625e-001
    endloop
  endfacet
  facet normal  -0.000000e+000  0.000000e+000  1.000000e+000
    outer loop
      vertex  4.453125e-001  7.421875e-001  2.265625e-001
      vertex  0.000000e+000  6.796875e-001  2.265625e-001
      vertex  0.000000e+000  0.000000e+000  2.265625e-001
    endloop
  endfacet
  facet normal  0.000000e+000  0.000000e+000  9.999999e-001
    outer loop
      vertex  4.453125e-001  7.421875e-001  2.265625e-001
      vertex  0.000000e+000  0.000000e+000  2.265625e-001
      vertex  4.453125e-001  0.000000e+000  2.265625e-001
    endloop
  endfacet
  facet normal  0.000000e+000  1.000000e+000  -0.000000e+000
    outer loop
      vertex  4.453125e-001  7.421875e-001  2.265625e-001
      vertex  4.453125e-001  7.421875e-001  0.000000e+000
      vertex  6.250000e-002  7.421875e-001  2.265625e-001
    endloop
  endfacet
  facet normal  0.000000e+000  1.000000e+000  0.000000e+000
    outer loop
      vertex  6.250000e-002  7.421875e-001  2.265625e-001
      vertex  4.453125e-001  7.421875e-001  0.000000e+000
      vertex  6.250000e-002  7.421875e-001  0.000000e+000
    endloop
  endfacet
  facet normal -9.951847e-001  9.801716e-002  0.000000e+000
    outer loop
      vertex  0.000000e+000  6.796875e-001  0.000000e+000
      vertex  0.000000e+000  6.796875e-001  2.265625e-001
      vertex  1.200920e-003  6.918806e-001  0.000000e+000
    endloop
  endfacet
  facet normal -9.951847e-001  9.801716e-002  0.000000e+000
    outer loop
      vertex  1.200920e-003  6.918806e-001  0.000000e+000
      vertex  0.000000e+000  6.796875e-001  2.265625e-001
      vertex  1.200920e-003  6.918806e-001  2.265625e-001
    endloop
  endfacet
  facet normal -9.569405e-001  2.902842e-001  0.000000e+000
    outer loop
      vertex  1.200920e-003  6.918806e-001  0.000000e+000
      vertex  1.200920e-003  6.918806e-001  2.265625e-001
      vertex  4.757529e-003  7.036052e-001  0.000000e+000
    endloop
  endfacet
  facet normal -9.569405e-001  2.902842e-001  0.000000e+000
    outer loop
      vertex  4.757529e-003  7.036052e-001  0.000000e+000
      vertex  1.200920e-003  6.918806e-001  2.265625e-001
      vertex  4.757529e-003  7.036052e-001  2.265625e-001
    endloop
  endfacet
  facet normal -8.819214e-001  4.713967e-001  0.000000e+000
    outer loop
      vertex  4.757529e-003  7.036052e-001  0.000000e+000
      vertex  4.757529e-003  7.036052e-001  2.265625e-001
      vertex  1.053315e-002  7.144107e-001  0.000000e+000
    endloop
  endfacet
  facet normal -8.819214e-001  4.713967e-001  0.000000e+000
    outer loop
      vertex  1.053315e-002  7.144107e-001  0.000000e+000
      vertex  4.757529e-003  7.036052e-001  2.265625e-001
      vertex  1.053315e-002  7.144107e-001  2.265625e-001
    endloop
  endfacet
  facet normal -7.730093e-001  6.343948e-001  0.000000e+000
    outer loop
      vertex  1.053315e-002  7.144107e-001  0.000000e+000
      vertex  1.053315e-002  7.144107e-001  2.265625e-001
      vertex  1.830583e-002  7.238817e-001  0.000000e+000
    endloop
  endfacet
  facet normal -7.730093e-001  6.343948e-001  0.000000e+000
    outer loop
      vertex  1.830583e-002  7.238817e-001  0.000000e+000
      vertex  1.053315e-002  7.144107e-001  2.265625e-001
      vertex  1.830583e-002  7.238817e-001  2.265625e-001
    endloop
  endfacet
  facet normal -6.343937e-001  7.730101e-001  0.000000e+000
    outer loop
      vertex  1.830583e-002  7.238817e-001  0.000000e+000
      vertex  1.830583e-002  7.238817e-001  2.265625e-001
      vertex  2.777686e-002  7.316543e-001  0.000000e+000
    endloop
  endfacet
  facet normal -6.343937e-001  7.730101e-001  0.000000e+000
    outer loop
      vertex  2.777686e-002  7.316543e-001  0.000000e+000
      vertex  1.830583e-002  7.238817e-001  2.265625e-001
      vertex  2.777686e-002  7.316543e-001  2.265625e-001
    endloop
  endfacet
  facet normal -4.713974e-001  8.819209e-001  0.000000e+000
    outer loop
      vertex  2.777686e-002  7.316543e-001  0.000000e+000
      vertex  2.777686e-002  7.316543e-001  2.265625e-001
      vertex  3.858228e-002  7.374300e-001  0.000000e+000
    endloop
  endfacet
  facet normal -4.713974e-001  8.819209e-001  0.000000e+000
    outer loop
      vertex  3.858228e-002  7.374300e-001  0.000000e+000
      vertex  2.777686e-002  7.316543e-001  2.265625e-001
      vertex  3.858228e-002  7.374300e-001  2.265625e-001
    endloop
  endfacet
  facet normal -2.902846e-001  9.569404e-001  0.000000e+000
    outer loop
      vertex  3.858228e-002  7.374300e-001  0.000000e+000
      vertex  3.858228e-002  7.374300e-001  2.265625e-001
      vertex  5.030686e-002  7.409866e-001  0.000000e+000
    endloop
  endfacet
  facet normal -2.902846e-001  9.569404e-001  0.000000e+000
    outer loop
      vertex  5.030686e-002  7.409866e-001  0.000000e+000
      vertex  3.858228e-002  7.374300e-001  2.265625e-001
      vertex  5.030686e-002  7.409866e-001  2.265625e-001
    endloop
  endfacet
  facet normal -9.801670e-002  9.951848e-001  0.000000e+000
    outer loop
      vertex  5.030686e-002  7.409866e-001  0.000000e+000
      vertex  5.030686e-002  7.409866e-001  2.265625e-001
      vertex  6.250000e-002  7.421875e-001  0.000000e+000
    endloop
  endfacet
  facet normal -9.801670e-002  9.951848e-001  0.000000e+000
    outer loop
      vertex  6.250000e-002  7.421875e-001  0.000000e+000
      vertex  5.030686e-002  7.409866e-001  2.265625e-001
      vertex  6.250000e-002  7.421875e-001  2.265625e-001
    endloop
  endfacet
  facet normal  1.000000e+000  0.000000e+000  0.000000e+000
    outer loop
      vertex  4.453125e-001  0.000000e+000  7.812500e-002
      vertex  4.453125e-001  1.501150e-003  6.288357e-002
      vertex  4.453125e-001  0.000000e+000  2.265625e-001
    endloop
  endfacet
  facet normal  1.000000e+000  0.000000e+000  -0.000000e+000
    outer loop
      vertex  4.453125e-001  7.812500e-002  0.000000e+000
      vertex  4.453125e-001  7.421875e-001  0.000000e+000
      vertex  4.453125e-001  7.421875e-001  2.265625e-001
    endloop
  endfacet
  facet normal  1.000000e+000  0.000000e+000  0.000000e+000
    outer loop
      vertex  4.453125e-001  7.812500e-002  0.000000e+000
      vertex  4.453125e-001  7.421875e-001  2.265625e-001
      vertex  4.453125e-001  0.000000e+000  2.265625e-001
    endloop
  endfacet
  facet normal  1.000000e+000  0.000000e+000  0.000000e+000
    outer loop
      vertex  4.453125e-001  7.812500e-002  0.000000e+000
      vertex  4.453125e-001  0.000000e+000  2.265625e-001
      vertex  4.453125e-001  1.501150e-003  6.288357e-002
    endloop
  endfacet
  facet normal  1.000000e+000  0.000000e+000  0.000000e+000
    outer loop
      vertex  4.453125e-001  7.812500e-002  0.000000e+000
      vertex  4.453125e-001  1.501150e-003  6.288357e-002
      vertex  4.453125e-001  5.946911e-003  4.822786e-002
    endloop
  endfacet
  facet normal  1.000000e+000  0.000000e+000  0.000000e+000
    outer loop
      vertex  4.453125e-001  7.812500e-002  0.000000e+000
      vertex  4.453125e-001  5.946911e-003  4.822786e-002
      vertex  4.453125e-001  1.316644e-002  3.472108e-002
    endloop
  endfacet
  facet normal  1.000000e+000  0.000000e+000  0.000000e+000
    outer loop
      vertex  4.453125e-001  7.812500e-002  0.000000e+000
      vertex  4.453125e-001  1.316644e-002  3.472108e-002
      vertex  4.453125e-001  2.288228e-002  2.288228e-002
    endloop
  endfacet
  facet normal  1.000000e+000  0.000000e+000  0.000000e+000
    outer loop
      vertex  4.453125e-001  7.812500e-002  0.000000e+000
      vertex  4.453125e-001  2.288228e-002  2.288228e-002
      vertex  4.453125e-001  3.472108e-002  1.316644e-002
    endloop
  endfacet
  facet normal  1.000000e+000  0.000000e+000  0.000000e+000
    outer loop
      vertex  4.453125e-001  7.812500e-002  0.000000e+000
      vertex  4.453125e-001  3.472108e-002  1.316644e-002
      vertex  4.453125e-001  4.822786e-002  5.946911e-003
    endloop
  endfacet
  facet normal  1.000000e+000  0.000000e+000  0.000000e+000
    outer loop
      vertex  4.453125e-001  7.812500e-002  0.000000e+000
      vertex  4.453125e-001  4.822786e-002  5.946911e-003
      vertex  4.453125e-001  6.288357e-002  1.501150e-003
    endloop
  endfacet
  facet normal  0.000000e+000 -1.000000e+000  0.000000e+000
    outer loop
      vertex  0.000000e+000  0.000000e+000  2.265625e-001
      vertex  0.000000e+000  0.000000e+000  7.812500e-002
      vertex  4.453125e-001  0.000000e+000  2.265625e-001
    endloop
  endfacet
  facet normal  0.000000e+000 -1.000000e+000  -0.000000e+000
    outer loop
      vertex  4.453125e-001  0.000000e+000  2.265625e-001
      vertex  0.000000e+000  0.000000e+000  7.812500e-002
      vertex  4.453125e-001  0.000000e+000  7.812500e-002
    endloop
  endfacet
  facet normal  -0.000000e+000 -9.801716e-002 -9.951848e-001
    outer loop
      vertex  0.000000e+000  7.812500e-002  0.000000e+000
      vertex  4.453125e-001  7.812500e-002  0.000000e+000
      vertex  0.000000e+000  6.288357e-002  1.501150e-003
    endloop
  endfacet
  facet normal  0.000000e+000 -9.801716e-002 -9.951848e-001
    outer loop
      vertex  0.000000e+000  6.288357e-002  1.501150e-003
      vertex  4.453125e-001  7.812500e-002  0.000000e+000
      vertex  4.453125e-001  6.288357e-002  1.501150e-003
    endloop
  endfacet
  facet normal  -0.000000e+000 -2.902846e-001 -9.569403e-001
    outer loop
      vertex  0.000000e+000  6.288357e-002  1.501150e-003
      vertex  4.453125e-001  6.288357e-002  1.501150e-003
      vertex  0.000000e+000  4.822786e-002  5.946911e-003
    endloop
  endfacet
  facet normal  0.000000e+000 -2.902846e-001 -9.569403e-001
    outer loop
      vertex  0.000000e+000  4.822786e-002  5.946911e-003
      vertex  4.453125e-001  6.288357e-002  1.501150e-003
      vertex  4.453125e-001  4.822786e-002  5.946911e-003
    endloop
  endfacet
  facet normal  -0.000000e+000 -4.713967e-001 -8.819212e-001
    outer loop
      vertex  0.000000e+000  4.822786e-002  5.946911e-003
      vertex  4.453125e-001  4.822786e-002  5.946911e-003
      vertex  0.000000e+000  3.472108e-002  1.316644e-002
    endloop
  endfacet
  facet normal  0.000000e+000 -4.713967e-001 -8.819212e-001
    outer loop
      vertex  0.000000e+000  3.472108e-002  1.316644e-002
      vertex  4.453125e-001  4.822786e-002  5.946911e-003
      vertex  4.453125e-001  3.472108e-002  1.316644e-002
    endloop
  endfacet
  facet normal  -0.000000e+000 -6.343932e-001 -7.730105e-001
    outer loop
      vertex  0.000000e+000  3.472108e-002  1.316644e-002
      vertex  4.453125e-001  3.472108e-002  1.316644e-002
      vertex  0.000000e+000  2.288228e-002  2.288228e-002
    endloop
  endfacet
  facet normal  0.000000e+000 -6.343932e-001 -7.730105e-001
    outer loop
      vertex  0.000000e+000  2.288228e-002  2.288228e-002
      vertex  4.453125e-001  3.472108e-002  1.316644e-002
      vertex  4.453125e-001  2.288228e-002  2.288228e-002
    endloop
  endfacet
  facet normal  -0.000000e+000 -7.730105e-001 -6.343932e-001
    outer loop
      vertex  0.000000e+000  2.288228e-002  2.288228e-002
      vertex  4.453125e-001  2.288228e-002  2.288228e-002
      vertex  0.000000e+000  1.316644e-002  3.472108e-002
    endloop
  endfacet
  facet normal  0.000000e+000 -7.730105e-001 -6.343932e-001
    outer loop
      vertex  0.000000e+000  1.316644e-002  3.472108e-002
      vertex  4.453125e-001  2.288228e-002  2.288228e-002
      vertex  4.453125e-001  1.316644e-002  3.472108e-002
    endloop
  endfacet
  facet normal  -0.000000e+000 -8.819212e-001 -4.713967e-001
    outer loop
      vertex  0.000000e+000  1.316644e-002  3.472108e-002
      vertex  4.453125e-001  1.316644e-002  3.472108e-002
      vertex  0.000000e+000  5.946911e-003  4.822786e-002
    endloop
  endfacet
  facet normal  0.000000e+000 -8.819212e-001 -4.713967e-001
    outer loop
      vertex  0.000000e+000  5.946911e-003  4.822786e-002
      vertex  4.453125e-001  1.316644e-002  3.472108e-002
      vertex  4.453125e-001  5.946911e-003  4.822786e-002
    endloop
  endfacet
  facet normal  -0.000000e+000 -9.569403e-001 -2.902846e-001
    outer loop
      vertex  0.000000e+000  5.946911e-003  4.822786e-002
      vertex  4.453125e-001  5.946911e-003  4.822786e-002
      vertex  0.000000e+000  1.501150e-003  6.288357e-002
    endloop
  endfacet
  facet normal  0.000000e+000 -9.569403e-001 -2.902846e-001
    outer loop
      vertex  0.000000e+000  1.501150e-003  6.288357e-002
      vertex  4.453125e-001  5.946911e-003  4.822786e-002
      vertex  4.453125e-001  1.501150e-003  6.288357e-002
    endloop
  endfacet
  facet normal  -0.000000e+000 -9.951848e-001 -9.801716e-002
    outer loop
      vertex  0.000000e+000  1.501150e-003  6.288357e-002
      vertex  4.453125e-001  1.501150e-003  6.288357e-002
      vertex  0.000000e+000  0.000000e+000  7.812500e-002
    endloop
  endfacet
  facet normal  0.000000e+000 -9.951848e-001 -9.801716e-002
    outer loop
      vertex  0.000000e+000  0.000000e+000  7.812500e-002
      vertex  4.453125e-001  1.501150e-003  6.288357e-002
      vertex  4.453125e-001  0.000000e+000  7.812500e-002
    endloop
  endfacet
endsolid CATIA STL
