solid CATIA STL
  facet normal  0.000000e+000 -1.000000e+000  0.000000e+000
    outer loop
      vertex  7.500000e-001 -7.500000e-001  7.421875e-001
      vertex  1.328125e-001 -7.500000e-001 -8.132420e-018
      vertex  7.500000e-001 -7.500000e-001 -4.592425e-017
    endloop
  endfacet
  facet normal  -0.000000e+000 -1.000000e+000  -0.000000e+000
    outer loop
      vertex  7.498499e-001 -7.500000e-001  7.437117e-001
      vertex  7.494053e-001 -7.500000e-001  7.451772e-001
      vertex  7.486833e-001 -7.500000e-001  7.465279e-001
    endloop
  endfacet
  facet normal  -0.000000e+000 -1.000000e+000  -0.000000e+000
    outer loop
      vertex  7.498499e-001 -7.500000e-001  7.437117e-001
      vertex  7.486833e-001 -7.500000e-001  7.465279e-001
      vertex  7.477118e-001 -7.500000e-001  7.477118e-001
    endloop
  endfacet
  facet normal  -0.000000e+000 -1.000000e+000  -0.000000e+000
    outer loop
      vertex  7.498499e-001 -7.500000e-001  7.437117e-001
      vertex  7.477118e-001 -7.500000e-001  7.477118e-001
      vertex  7.465279e-001 -7.500000e-001  7.486833e-001
    endloop
  endfacet
  facet normal  -0.000000e+000 -1.000000e+000  -0.000000e+000
    outer loop
      vertex  7.498499e-001 -7.500000e-001  7.437117e-001
      vertex  7.465279e-001 -7.500000e-001  7.486833e-001
      vertex  7.451772e-001 -7.500000e-001  7.494053e-001
    endloop
  endfacet
  facet normal  -0.000000e+000 -1.000000e+000  -0.000000e+000
    outer loop
      vertex  7.498499e-001 -7.500000e-001  7.437117e-001
      vertex  7.451772e-001 -7.500000e-001  7.494053e-001
      vertex  7.437117e-001 -7.500000e-001  7.498499e-001
    endloop
  endfacet
  facet normal  -0.000000e+000 -1.000000e+000  -0.000000e+000
    outer loop
      vertex  7.498499e-001 -7.500000e-001  7.437117e-001
      vertex  7.437117e-001 -7.500000e-001  7.498499e-001
      vertex  7.421875e-001 -7.500000e-001  7.500000e-001
    endloop
  endfacet
  facet normal  0.000000e+000 -9.999999e-001  0.000000e+000
    outer loop
      vertex  1.328125e-001 -7.500000e-001  7.500000e-001
      vertex  1.328125e-001 -7.500000e-001 -8.132420e-018
      vertex  7.500000e-001 -7.500000e-001  7.421875e-001
    endloop
  endfacet
  facet normal  0.000000e+000 -1.000000e+000  0.000000e+000
    outer loop
      vertex  1.328125e-001 -7.500000e-001  7.500000e-001
      vertex  7.500000e-001 -7.500000e-001  7.421875e-001
      vertex  7.498499e-001 -7.500000e-001  7.437117e-001
    endloop
  endfacet
  facet normal  0.000000e+000 -1.000000e+000  0.000000e+000
    outer loop
      vertex  1.328125e-001 -7.500000e-001  7.500000e-001
      vertex  7.498499e-001 -7.500000e-001  7.437117e-001
      vertex  7.421875e-001 -7.500000e-001  7.500000e-001
    endloop
  endfacet
  facet normal  -0.000000e+000  1.000000e+000  0.000000e+000
    outer loop
      vertex  7.500000e-001  0.000000e+000 -4.592425e-017
      vertex  1.328125e-001  0.000000e+000 -8.132420e-018
      vertex  7.500000e-001  0.000000e+000  7.421875e-001
    endloop
  endfacet
  facet normal  0.000000e+000  1.000000e+000  0.000000e+000
    outer loop
      vertex  7.498499e-001  0.000000e+000  7.437117e-001
      vertex  7.421875e-001  0.000000e+000  7.500000e-001
      vertex  7.437117e-001  0.000000e+000  7.498499e-001
    endloop
  endfacet
  facet normal  0.000000e+000  1.000000e+000  0.000000e+000
    outer loop
      vertex  7.498499e-001  0.000000e+000  7.437117e-001
      vertex  7.437117e-001  0.000000e+000  7.498499e-001
      vertex  7.451772e-001  0.000000e+000  7.494053e-001
    endloop
  endfacet
  facet normal  0.000000e+000  1.000000e+000  0.000000e+000
    outer loop
      vertex  7.498499e-001  0.000000e+000  7.437117e-001
      vertex  7.451772e-001  0.000000e+000  7.494053e-001
      vertex  7.465279e-001  0.000000e+000  7.486833e-001
    endloop
  endfacet
  facet normal  0.000000e+000  1.000000e+000  0.000000e+000
    outer loop
      vertex  7.498499e-001  0.000000e+000  7.437117e-001
      vertex  7.465279e-001  0.000000e+000  7.486833e-001
      vertex  7.477118e-001  0.000000e+000  7.477118e-001
    endloop
  endfacet
  facet normal  0.000000e+000  1.000000e+000  0.000000e+000
    outer loop
      vertex  7.498499e-001  0.000000e+000  7.437117e-001
      vertex  7.477118e-001  0.000000e+000  7.477118e-001
      vertex  7.486833e-001  0.000000e+000  7.465279e-001
    endloop
  endfacet
  facet normal  0.000000e+000  1.000000e+000  0.000000e+000
    outer loop
      vertex  7.498499e-001  0.000000e+000  7.437117e-001
      vertex  7.486833e-001  0.000000e+000  7.465279e-001
      vertex  7.494053e-001  0.000000e+000  7.451772e-001
    endloop
  endfacet
  facet normal  9.109522e-017  1.000000e+000  1.109996e-016
    outer loop
      vertex  1.328125e-001  5.551115e-017  7.500000e-001
      vertex  7.421875e-001  0.000000e+000  7.500000e-001
      vertex  7.498499e-001  0.000000e+000  7.437117e-001
    endloop
  endfacet
  facet normal  9.005441e-017  1.000000e+000  8.871263e-018
    outer loop
      vertex  1.328125e-001  5.551115e-017  7.500000e-001
      vertex  7.498499e-001  0.000000e+000  7.437117e-001
      vertex  7.500000e-001  0.000000e+000  7.421875e-001
    endloop
  endfacet
  facet normal  8.900522e-017  9.999999e-001 -7.401486e-017
    outer loop
      vertex  1.328125e-001  5.551115e-017  7.500000e-001
      vertex  7.500000e-001  0.000000e+000  7.421875e-001
      vertex  1.328125e-001  0.000000e+000 -8.132420e-018
    endloop
  endfacet
  facet normal  0.000000e+000  0.000000e+000  1.000000e+000
    outer loop
      vertex  7.421875e-001  0.000000e+000  7.500000e-001
      vertex  1.328125e-001  5.551115e-017  7.500000e-001
      vertex  7.421875e-001 -7.500000e-001  7.500000e-001
    endloop
  endfacet
  facet normal  0.000000e+000  0.000000e+000  1.000000e+000
    outer loop
      vertex  7.421875e-001 -7.500000e-001  7.500000e-001
      vertex  1.328125e-001  5.551115e-017  7.500000e-001
      vertex  1.328125e-001 -7.500000e-001  7.500000e-001
    endloop
  endfacet
  facet normal  1.000000e+000  0.000000e+000  0.000000e+000
    outer loop
      vertex  7.500000e-001  0.000000e+000 -4.592425e-017
      vertex  7.500000e-001  0.000000e+000  7.421875e-001
      vertex  7.500000e-001 -7.500000e-001 -4.592425e-017
    endloop
  endfacet
  facet normal  1.000000e+000  0.000000e+000  0.000000e+000
    outer loop
      vertex  7.500000e-001 -7.500000e-001 -4.592425e-017
      vertex  7.500000e-001  0.000000e+000  7.421875e-001
      vertex  7.500000e-001 -7.500000e-001  7.421875e-001
    endloop
  endfacet
  facet normal  9.803550e-002  -0.000000e+000  9.951829e-001
    outer loop
      vertex  7.421875e-001  0.000000e+000  7.500000e-001
      vertex  7.421875e-001 -7.500000e-001  7.500000e-001
      vertex  7.437117e-001  0.000000e+000  7.498499e-001
    endloop
  endfacet
  facet normal  9.803550e-002  0.000000e+000  9.951829e-001
    outer loop
      vertex  7.437117e-001  0.000000e+000  7.498499e-001
      vertex  7.421875e-001 -7.500000e-001  7.500000e-001
      vertex  7.437117e-001 -7.500000e-001  7.498499e-001
    endloop
  endfacet
  facet normal  2.902601e-001  -0.000000e+000  9.569477e-001
    outer loop
      vertex  7.437117e-001  0.000000e+000  7.498499e-001
      vertex  7.437117e-001 -7.500000e-001  7.498499e-001
      vertex  7.451772e-001  0.000000e+000  7.494053e-001
    endloop
  endfacet
  facet normal  2.902601e-001  0.000000e+000  9.569477e-001
    outer loop
      vertex  7.451772e-001  0.000000e+000  7.494053e-001
      vertex  7.437117e-001 -7.500000e-001  7.498499e-001
      vertex  7.451772e-001 -7.500000e-001  7.494053e-001
    endloop
  endfacet
  facet normal  4.714101e-001  -0.000000e+000  8.819141e-001
    outer loop
      vertex  7.451772e-001  0.000000e+000  7.494053e-001
      vertex  7.451772e-001 -7.500000e-001  7.494053e-001
      vertex  7.465279e-001  0.000000e+000  7.486833e-001
    endloop
  endfacet
  facet normal  4.714101e-001  0.000000e+000  8.819141e-001
    outer loop
      vertex  7.465279e-001  0.000000e+000  7.486833e-001
      vertex  7.451772e-001 -7.500000e-001  7.494053e-001
      vertex  7.465279e-001 -7.500000e-001  7.486833e-001
    endloop
  endfacet
  facet normal  6.343857e-001  -0.000000e+000  7.730165e-001
    outer loop
      vertex  7.465279e-001  0.000000e+000  7.486833e-001
      vertex  7.465279e-001 -7.500000e-001  7.486833e-001
      vertex  7.477118e-001  0.000000e+000  7.477118e-001
    endloop
  endfacet
  facet normal  6.343857e-001  0.000000e+000  7.730165e-001
    outer loop
      vertex  7.477118e-001  0.000000e+000  7.477118e-001
      vertex  7.465279e-001 -7.500000e-001  7.486833e-001
      vertex  7.477118e-001 -7.500000e-001  7.477118e-001
    endloop
  endfacet
  facet normal  7.730165e-001  -0.000000e+000  6.343857e-001
    outer loop
      vertex  7.477118e-001  0.000000e+000  7.477118e-001
      vertex  7.477118e-001 -7.500000e-001  7.477118e-001
      vertex  7.486833e-001  0.000000e+000  7.465279e-001
    endloop
  endfacet
  facet normal  7.730165e-001  0.000000e+000  6.343857e-001
    outer loop
      vertex  7.486833e-001  0.000000e+000  7.465279e-001
      vertex  7.477118e-001 -7.500000e-001  7.477118e-001
      vertex  7.486833e-001 -7.500000e-001  7.465279e-001
    endloop
  endfacet
  facet normal  8.819141e-001  -0.000000e+000  4.714101e-001
    outer loop
      vertex  7.486833e-001  0.000000e+000  7.465279e-001
      vertex  7.486833e-001 -7.500000e-001  7.465279e-001
      vertex  7.494053e-001  0.000000e+000  7.451772e-001
    endloop
  endfacet
  facet normal  8.819141e-001  0.000000e+000  4.714101e-001
    outer loop
      vertex  7.494053e-001  0.000000e+000  7.451772e-001
      vertex  7.486833e-001 -7.500000e-001  7.465279e-001
      vertex  7.494053e-001 -7.500000e-001  7.451772e-001
    endloop
  endfacet
  facet normal  9.569477e-001  -0.000000e+000  2.902601e-001
    outer loop
      vertex  7.494053e-001  0.000000e+000  7.451772e-001
      vertex  7.494053e-001 -7.500000e-001  7.451772e-001
      vertex  7.498499e-001  0.000000e+000  7.437117e-001
    endloop
  endfacet
  facet normal  9.569477e-001  0.000000e+000  2.902601e-001
    outer loop
      vertex  7.498499e-001  0.000000e+000  7.437117e-001
      vertex  7.494053e-001 -7.500000e-001  7.451772e-001
      vertex  7.498499e-001 -7.500000e-001  7.437117e-001
    endloop
  endfacet
  facet normal  9.951829e-001  -0.000000e+000  9.803550e-002
    outer loop
      vertex  7.498499e-001  0.000000e+000  7.437117e-001
      vertex  7.498499e-001 -7.500000e-001  7.437117e-001
      vertex  7.500000e-001  0.000000e+000  7.421875e-001
    endloop
  endfacet
  facet normal  9.951829e-001  0.000000e+000  9.803550e-002
    outer loop
      vertex  7.500000e-001  0.000000e+000  7.421875e-001
      vertex  7.498499e-001 -7.500000e-001  7.437117e-001
      vertex  7.500000e-001 -7.500000e-001  7.421875e-001
    endloop
  endfacet
  facet normal -1.000000e+000  0.000000e+000  6.123234e-017
    outer loop
      vertex  3.683508e-017 -1.484375e-001  6.015625e-001
      vertex  9.089176e-018 -1.484375e-001  1.484375e-001
      vertex  3.683508e-017 -6.015625e-001  6.015625e-001
    endloop
  endfacet
  facet normal -1.000000e+000  0.000000e+000  6.123234e-017
    outer loop
      vertex  3.683508e-017 -6.015625e-001  6.015625e-001
      vertex  9.089176e-018 -1.484375e-001  1.484375e-001
      vertex  9.089176e-018 -6.015625e-001  1.484375e-001
    endloop
  endfacet
  facet normal -6.123234e-017  0.000000e+000 -9.999999e-001
    outer loop
      vertex  1.328125e-001  0.000000e+000 -8.132420e-018
      vertex  7.500000e-001  0.000000e+000 -4.592425e-017
      vertex  1.328125e-001 -7.500000e-001 -8.132420e-018
    endloop
  endfacet
  facet normal -6.123234e-017  0.000000e+000 -9.999999e-001
    outer loop
      vertex  1.328125e-001 -7.500000e-001 -8.132420e-018
      vertex  7.500000e-001  0.000000e+000 -4.592425e-017
      vertex  7.500000e-001 -7.500000e-001 -4.592425e-017
    endloop
  endfacet
  facet normal -7.452413e-001  0.000000e+000  6.667949e-001
    outer loop
      vertex  1.328125e-001 -7.500000e-001  7.500000e-001
      vertex  1.328125e-001  5.551115e-017  7.500000e-001
      vertex  3.683508e-017 -6.015625e-001  6.015625e-001
    endloop
  endfacet
  facet normal -7.452413e-001  0.000000e+000  6.667948e-001
    outer loop
      vertex  3.683508e-017 -6.015625e-001  6.015625e-001
      vertex  1.328125e-001  5.551115e-017  7.500000e-001
      vertex  3.683508e-017 -1.484375e-001  6.015625e-001
    endloop
  endfacet
  facet normal -7.452413e-001  6.667949e-001  0.000000e+000
    outer loop
      vertex  1.328125e-001  0.000000e+000 -8.132420e-018
      vertex  9.089176e-018 -1.484375e-001  1.484375e-001
      vertex  1.328125e-001  5.551115e-017  7.500000e-001
    endloop
  endfacet
  facet normal -7.452413e-001  6.667948e-001  0.000000e+000
    outer loop
      vertex  1.328125e-001  5.551115e-017  7.500000e-001
      vertex  9.089176e-018 -1.484375e-001  1.484375e-001
      vertex  3.683508e-017 -1.484375e-001  6.015625e-001
    endloop
  endfacet
  facet normal -7.452413e-001  0.000000e+000 -6.667949e-001
    outer loop
      vertex  1.328125e-001  0.000000e+000 -8.132420e-018
      vertex  1.328125e-001 -7.500000e-001 -8.132420e-018
      vertex  9.089176e-018 -1.484375e-001  1.484375e-001
    endloop
  endfacet
  facet normal -7.452413e-001  -0.000000e+000 -6.667948e-001
    outer loop
      vertex  9.089176e-018 -1.484375e-001  1.484375e-001
      vertex  1.328125e-001 -7.500000e-001 -8.132420e-018
      vertex  9.089176e-018 -6.015625e-001  1.484375e-001
    endloop
  endfacet
  facet normal -7.452413e-001 -6.667949e-001  -0.000000e+000
    outer loop
      vertex  1.328125e-001 -7.500000e-001 -8.132420e-018
      vertex  1.328125e-001 -7.500000e-001  7.500000e-001
      vertex  9.089176e-018 -6.015625e-001  1.484375e-001
    endloop
  endfacet
  facet normal -7.452413e-001 -6.667948e-001  4.563287e-017
    outer loop
      vertex  9.089176e-018 -6.015625e-001  1.484375e-001
      vertex  1.328125e-001 -7.500000e-001  7.500000e-001
      vertex  3.683508e-017 -6.015625e-001  6.015625e-001
    endloop
  endfacet
endsolid CATIA STL
