solid CATIA STL
  facet normal -5.551115e-017  1.000000e+000 -6.245005e-017
    outer loop
      vertex -3.750000e-001  0.000000e+000  3.125000e-002
      vertex -3.750000e-001  2.193969e-017  3.825658e-001
      vertex -9.375000e-002  1.561251e-017  3.125000e-002
    endloop
  endfacet
  facet normal -5.551115e-017  1.000000e+000 -6.245005e-017
    outer loop
      vertex -9.375000e-002  1.561251e-017  3.125000e-002
      vertex -3.750000e-001  2.193969e-017  3.825658e-001
      vertex -9.375000e-002  3.755220e-017  3.825658e-001
    endloop
  endfacet
  facet normal  0.000000e+000  0.000000e+000  1.000000e+000
    outer loop
      vertex  2.671606e-017 -9.375000e-002  3.825658e-001
      vertex -1.801380e-003 -7.546028e-002  3.825658e-001
      vertex -7.136294e-003 -5.787343e-002  3.825658e-001
    endloop
  endfacet
  facet normal  0.000000e+000  0.000000e+000  9.999999e-001
    outer loop
      vertex  2.671606e-017 -9.375000e-002  3.825658e-001
      vertex -7.136294e-003 -5.787343e-002  3.825658e-001
      vertex -1.579972e-002 -4.166529e-002  3.825658e-001
    endloop
  endfacet
  facet normal  0.000000e+000  0.000000e+000  1.000000e+000
    outer loop
      vertex  2.671606e-017 -9.375000e-002  3.825658e-001
      vertex -1.579972e-002 -4.166529e-002  3.825658e-001
      vertex -2.745874e-002 -2.745874e-002  3.825658e-001
    endloop
  endfacet
  facet normal  0.000000e+000  0.000000e+000  1.000000e+000
    outer loop
      vertex  2.671606e-017 -9.375000e-002  3.825658e-001
      vertex -2.745874e-002 -2.745874e-002  3.825658e-001
      vertex -4.166529e-002 -1.579972e-002  3.825658e-001
    endloop
  endfacet
  facet normal  0.000000e+000  0.000000e+000  1.000000e+000
    outer loop
      vertex  2.671606e-017 -9.375000e-002  3.825658e-001
      vertex -4.166529e-002 -1.579972e-002  3.825658e-001
      vertex -5.787343e-002 -7.136294e-003  3.825658e-001
    endloop
  endfacet
  facet normal  0.000000e+000  0.000000e+000  1.000000e+000
    outer loop
      vertex  2.671606e-017 -9.375000e-002  3.825658e-001
      vertex -5.787343e-002 -7.136294e-003  3.825658e-001
      vertex -7.546028e-002 -1.801380e-003  3.825658e-001
    endloop
  endfacet
  facet normal  0.000000e+000  0.000000e+000  1.000000e+000
    outer loop
      vertex  2.671606e-017 -9.375000e-002  3.825658e-001
      vertex -7.546028e-002 -1.801380e-003  3.825658e-001
      vertex -9.375000e-002  3.755220e-017  3.825658e-001
    endloop
  endfacet
  facet normal  0.000000e+000  0.000000e+000  1.000000e+000
    outer loop
      vertex  2.671606e-017 -9.375000e-002  3.825658e-001
      vertex -9.375000e-002  3.755220e-017  3.825658e-001
      vertex -3.750000e-001  2.193969e-017  3.825658e-001
    endloop
  endfacet
  facet normal  0.000000e+000  0.000000e+000  1.000000e+000
    outer loop
      vertex  2.671606e-017 -9.375000e-002  3.825658e-001
      vertex -3.750000e-001  2.193969e-017  3.825658e-001
      vertex -3.750000e-001 -7.500000e-001  3.825658e-001
    endloop
  endfacet
  facet normal  0.000000e+000  0.000000e+000  1.000000e+000
    outer loop
      vertex  2.671606e-017 -9.375000e-002  3.825658e-001
      vertex -3.750000e-001 -7.500000e-001  3.825658e-001
      vertex  7.702304e-017 -7.500000e-001  3.825658e-001
    endloop
  endfacet
  facet normal  1.000000e+000  7.665826e-017 -6.123234e-017
    outer loop
      vertex  5.204170e-018 -9.375000e-002  3.125000e-002
      vertex  2.671606e-017 -9.375000e-002  3.825658e-001
      vertex  5.551115e-017 -7.500000e-001  3.125000e-002
    endloop
  endfacet
  facet normal  1.000000e+000  7.665826e-017 -6.123235e-017
    outer loop
      vertex  5.551115e-017 -7.500000e-001  3.125000e-002
      vertex  2.671606e-017 -9.375000e-002  3.825658e-001
      vertex  7.702304e-017 -7.500000e-001  3.825658e-001
    endloop
  endfacet
  facet normal  0.000000e+000  0.000000e+000 -1.000000e+000
    outer loop
      vertex -9.375000e-002  1.561251e-017  3.125000e-002
      vertex -7.546028e-002 -1.801380e-003  3.125000e-002
      vertex -3.750000e-001  0.000000e+000  3.125000e-002
    endloop
  endfacet
  facet normal  0.000000e+000  0.000000e+000 -1.000000e+000
    outer loop
      vertex  5.204170e-018 -9.375000e-002  3.125000e-002
      vertex  5.551115e-017 -7.500000e-001  3.125000e-002
      vertex -3.750000e-001 -7.500000e-001  3.125000e-002
    endloop
  endfacet
  facet normal  0.000000e+000  0.000000e+000 -1.000000e+000
    outer loop
      vertex  5.204170e-018 -9.375000e-002  3.125000e-002
      vertex -3.750000e-001 -7.500000e-001  3.125000e-002
      vertex -3.750000e-001  0.000000e+000  3.125000e-002
    endloop
  endfacet
  facet normal  0.000000e+000  0.000000e+000 -1.000000e+000
    outer loop
      vertex  5.204170e-018 -9.375000e-002  3.125000e-002
      vertex -3.750000e-001  0.000000e+000  3.125000e-002
      vertex -7.546028e-002 -1.801380e-003  3.125000e-002
    endloop
  endfacet
  facet normal  0.000000e+000  0.000000e+000 -1.000000e+000
    outer loop
      vertex  5.204170e-018 -9.375000e-002  3.125000e-002
      vertex -7.546028e-002 -1.801380e-003  3.125000e-002
      vertex -5.787343e-002 -7.136294e-003  3.125000e-002
    endloop
  endfacet
  facet normal  0.000000e+000  0.000000e+000 -1.000000e+000
    outer loop
      vertex  5.204170e-018 -9.375000e-002  3.125000e-002
      vertex -5.787343e-002 -7.136294e-003  3.125000e-002
      vertex -4.166529e-002 -1.579972e-002  3.125000e-002
    endloop
  endfacet
  facet normal  0.000000e+000  0.000000e+000 -1.000000e+000
    outer loop
      vertex  5.204170e-018 -9.375000e-002  3.125000e-002
      vertex -4.166529e-002 -1.579972e-002  3.125000e-002
      vertex -2.745874e-002 -2.745874e-002  3.125000e-002
    endloop
  endfacet
  facet normal  0.000000e+000  0.000000e+000 -1.000000e+000
    outer loop
      vertex  5.204170e-018 -9.375000e-002  3.125000e-002
      vertex -2.745874e-002 -2.745874e-002  3.125000e-002
      vertex -1.579972e-002 -4.166529e-002  3.125000e-002
    endloop
  endfacet
  facet normal  0.000000e+000  0.000000e+000 -9.999999e-001
    outer loop
      vertex  5.204170e-018 -9.375000e-002  3.125000e-002
      vertex -1.579972e-002 -4.166529e-002  3.125000e-002
      vertex -7.136294e-003 -5.787343e-002  3.125000e-002
    endloop
  endfacet
  facet normal  0.000000e+000  0.000000e+000 -1.000000e+000
    outer loop
      vertex  5.204170e-018 -9.375000e-002  3.125000e-002
      vertex -7.136294e-003 -5.787343e-002  3.125000e-002
      vertex -1.801380e-003 -7.546028e-002  3.125000e-002
    endloop
  endfacet
  facet normal  9.801716e-002  9.951847e-001 -6.214932e-017
    outer loop
      vertex -9.375000e-002  1.561251e-017  3.125000e-002
      vertex -9.375000e-002  3.755220e-017  3.825658e-001
      vertex -7.546028e-002 -1.801380e-003  3.125000e-002
    endloop
  endfacet
  facet normal  9.801716e-002  9.951847e-001  -0.000000e+000
    outer loop
      vertex -7.546028e-002 -1.801380e-003  3.125000e-002
      vertex -9.375000e-002  3.755220e-017  3.825658e-001
      vertex -7.546028e-002 -1.801380e-003  3.825658e-001
    endloop
  endfacet
  facet normal  2.902846e-001  9.569404e-001  0.000000e+000
    outer loop
      vertex -7.546028e-002 -1.801380e-003  3.125000e-002
      vertex -7.546028e-002 -1.801380e-003  3.825658e-001
      vertex -5.787343e-002 -7.136294e-003  3.125000e-002
    endloop
  endfacet
  facet normal  2.902846e-001  9.569404e-001  -0.000000e+000
    outer loop
      vertex -5.787343e-002 -7.136294e-003  3.125000e-002
      vertex -7.546028e-002 -1.801380e-003  3.825658e-001
      vertex -5.787343e-002 -7.136294e-003  3.825658e-001
    endloop
  endfacet
  facet normal  4.713967e-001  8.819212e-001  0.000000e+000
    outer loop
      vertex -5.787343e-002 -7.136294e-003  3.125000e-002
      vertex -5.787343e-002 -7.136294e-003  3.825658e-001
      vertex -4.166529e-002 -1.579972e-002  3.125000e-002
    endloop
  endfacet
  facet normal  4.713967e-001  8.819212e-001  -0.000000e+000
    outer loop
      vertex -4.166529e-002 -1.579972e-002  3.125000e-002
      vertex -5.787343e-002 -7.136294e-003  3.825658e-001
      vertex -4.166529e-002 -1.579972e-002  3.825658e-001
    endloop
  endfacet
  facet normal  6.343933e-001  7.730104e-001  0.000000e+000
    outer loop
      vertex -4.166529e-002 -1.579972e-002  3.125000e-002
      vertex -4.166529e-002 -1.579972e-002  3.825658e-001
      vertex -2.745874e-002 -2.745874e-002  3.125000e-002
    endloop
  endfacet
  facet normal  6.343933e-001  7.730104e-001  -0.000000e+000
    outer loop
      vertex -2.745874e-002 -2.745874e-002  3.125000e-002
      vertex -4.166529e-002 -1.579972e-002  3.825658e-001
      vertex -2.745874e-002 -2.745874e-002  3.825658e-001
    endloop
  endfacet
  facet normal  7.730104e-001  6.343933e-001  0.000000e+000
    outer loop
      vertex -2.745874e-002 -2.745874e-002  3.125000e-002
      vertex -2.745874e-002 -2.745874e-002  3.825658e-001
      vertex -1.579972e-002 -4.166529e-002  3.125000e-002
    endloop
  endfacet
  facet normal  7.730104e-001  6.343933e-001  -0.000000e+000
    outer loop
      vertex -1.579972e-002 -4.166529e-002  3.125000e-002
      vertex -2.745874e-002 -2.745874e-002  3.825658e-001
      vertex -1.579972e-002 -4.166529e-002  3.825658e-001
    endloop
  endfacet
  facet normal  8.819212e-001  4.713967e-001  0.000000e+000
    outer loop
      vertex -1.579972e-002 -4.166529e-002  3.125000e-002
      vertex -1.579972e-002 -4.166529e-002  3.825658e-001
      vertex -7.136294e-003 -5.787343e-002  3.125000e-002
    endloop
  endfacet
  facet normal  8.819212e-001  4.713967e-001  -0.000000e+000
    outer loop
      vertex -7.136294e-003 -5.787343e-002  3.125000e-002
      vertex -1.579972e-002 -4.166529e-002  3.825658e-001
      vertex -7.136294e-003 -5.787343e-002  3.825658e-001
    endloop
  endfacet
  facet normal  9.569404e-001  2.902846e-001  0.000000e+000
    outer loop
      vertex -7.136294e-003 -5.787343e-002  3.125000e-002
      vertex -7.136294e-003 -5.787343e-002  3.825658e-001
      vertex -1.801380e-003 -7.546028e-002  3.125000e-002
    endloop
  endfacet
  facet normal  9.569404e-001  2.902846e-001  -0.000000e+000
    outer loop
      vertex -1.801380e-003 -7.546028e-002  3.125000e-002
      vertex -7.136294e-003 -5.787343e-002  3.825658e-001
      vertex -1.801380e-003 -7.546028e-002  3.825658e-001
    endloop
  endfacet
  facet normal  9.951847e-001  9.801716e-002  0.000000e+000
    outer loop
      vertex -1.801380e-003 -7.546028e-002  3.125000e-002
      vertex -1.801380e-003 -7.546028e-002  3.825658e-001
      vertex  5.204170e-018 -9.375000e-002  3.125000e-002
    endloop
  endfacet
  facet normal  9.951847e-001  9.801716e-002 -6.093748e-017
    outer loop
      vertex  5.204170e-018 -9.375000e-002  3.125000e-002
      vertex -1.801380e-003 -7.546028e-002  3.825658e-001
      vertex  2.671606e-017 -9.375000e-002  3.825658e-001
    endloop
  endfacet
  facet normal  0.000000e+000 -1.000000e+000  0.000000e+000
    outer loop
      vertex -3.750000e-001 -7.500000e-001  3.125000e-002
      vertex  5.551115e-017 -7.500000e-001  3.125000e-002
      vertex -3.750000e-001 -7.500000e-001  3.825658e-001
    endloop
  endfacet
  facet normal  0.000000e+000 -1.000000e+000  0.000000e+000
    outer loop
      vertex -3.750000e-001 -7.500000e-001  3.825658e-001
      vertex  5.551115e-017 -7.500000e-001  3.125000e-002
      vertex  7.702304e-017 -7.500000e-001  3.825658e-001
    endloop
  endfacet
  facet normal -1.000000e+000  0.000000e+000  0.000000e+000
    outer loop
      vertex -3.750000e-001  2.193969e-017  3.825658e-001
      vertex -3.750000e-001  0.000000e+000  3.125000e-002
      vertex -3.750000e-001 -7.500000e-001  3.825658e-001
    endloop
  endfacet
  facet normal -1.000000e+000  0.000000e+000  0.000000e+000
    outer loop
      vertex -3.750000e-001 -7.500000e-001  3.825658e-001
      vertex -3.750000e-001  0.000000e+000  3.125000e-002
      vertex -3.750000e-001 -7.500000e-001  3.125000e-002
    endloop
  endfacet
endsolid CATIA STL
