solid CATIA STL
  facet normal  -0.000000e+000  -0.000000e+000  1.000000e+000
    outer loop
      vertex -2.968750e-001 -1.875000e-001  7.500000e-001
      vertex -2.947734e-001 -2.088380e-001  7.500000e-001
      vertex -2.885493e-001 -2.293560e-001  7.500000e-001
    endloop
  endfacet
  facet normal  -0.000000e+000  -0.000000e+000  1.000000e+000
    outer loop
      vertex -2.968750e-001 -1.875000e-001  7.500000e-001
      vertex -2.885493e-001 -2.293560e-001  7.500000e-001
      vertex -2.784420e-001 -2.482655e-001  7.500000e-001
    endloop
  endfacet
  facet normal  -0.000000e+000  -0.000000e+000  1.000000e+000
    outer loop
      vertex -2.968750e-001 -1.875000e-001  7.500000e-001
      vertex -2.784420e-001 -2.482655e-001  7.500000e-001
      vertex -2.648398e-001 -2.648398e-001  7.500000e-001
    endloop
  endfacet
  facet normal  -0.000000e+000  -0.000000e+000  1.000000e+000
    outer loop
      vertex -2.968750e-001 -1.875000e-001  7.500000e-001
      vertex -2.648398e-001 -2.648398e-001  7.500000e-001
      vertex -2.482655e-001 -2.784420e-001  7.500000e-001
    endloop
  endfacet
  facet normal  -0.000000e+000  -0.000000e+000  1.000000e+000
    outer loop
      vertex -2.968750e-001 -1.875000e-001  7.500000e-001
      vertex -2.482655e-001 -2.784420e-001  7.500000e-001
      vertex -2.293560e-001 -2.885493e-001  7.500000e-001
    endloop
  endfacet
  facet normal  -0.000000e+000  -0.000000e+000  1.000000e+000
    outer loop
      vertex -2.968750e-001 -1.875000e-001  7.500000e-001
      vertex -2.293560e-001 -2.885493e-001  7.500000e-001
      vertex -2.088380e-001 -2.947734e-001  7.500000e-001
    endloop
  endfacet
  facet normal  -0.000000e+000  -0.000000e+000  1.000000e+000
    outer loop
      vertex -2.968750e-001 -1.875000e-001  7.500000e-001
      vertex -2.088380e-001 -2.947734e-001  7.500000e-001
      vertex -1.875000e-001 -2.968750e-001  7.500000e-001
    endloop
  endfacet
  facet normal  0.000000e+000  -0.000000e+000  1.000000e+000
    outer loop
      vertex -2.968750e-001 -1.875000e-001  7.500000e-001
      vertex -1.875000e-001 -2.968750e-001  7.500000e-001
      vertex  2.968750e-001 -2.968750e-001  7.500000e-001
    endloop
  endfacet
  facet normal  0.000000e+000  -0.000000e+000  1.000000e+000
    outer loop
      vertex -2.968750e-001 -1.875000e-001  7.500000e-001
      vertex  2.968750e-001 -2.968750e-001  7.500000e-001
      vertex  2.968750e-001  2.968750e-001  7.500000e-001
    endloop
  endfacet
  facet normal  0.000000e+000  0.000000e+000  1.000000e+000
    outer loop
      vertex -2.968750e-001 -1.875000e-001  7.500000e-001
      vertex  2.968750e-001  2.968750e-001  7.500000e-001
      vertex -2.968750e-001  2.968750e-001  7.500000e-001
    endloop
  endfacet
  facet normal  0.000000e+000  0.000000e+000 -1.000000e+000
    outer loop
      vertex -2.968750e-001 -1.875000e-001  0.000000e+000
      vertex -2.968750e-001  2.968750e-001  0.000000e+000
      vertex  2.968750e-001  2.968750e-001  0.000000e+000
    endloop
  endfacet
  facet normal  0.000000e+000  -0.000000e+000 -1.000000e+000
    outer loop
      vertex -2.968750e-001 -1.875000e-001  0.000000e+000
      vertex  2.968750e-001  2.968750e-001  0.000000e+000
      vertex  2.968750e-001 -2.968750e-001  0.000000e+000
    endloop
  endfacet
  facet normal  0.000000e+000  0.000000e+000 -1.000000e+000
    outer loop
      vertex -2.968750e-001 -1.875000e-001  0.000000e+000
      vertex  2.968750e-001 -2.968750e-001  0.000000e+000
      vertex -1.875000e-001 -2.968750e-001  0.000000e+000
    endloop
  endfacet
  facet normal  0.000000e+000  0.000000e+000 -1.000000e+000
    outer loop
      vertex -2.968750e-001 -1.875000e-001  0.000000e+000
      vertex -1.875000e-001 -2.968750e-001  0.000000e+000
      vertex -2.088380e-001 -2.947734e-001  0.000000e+000
    endloop
  endfacet
  facet normal  0.000000e+000  0.000000e+000 -1.000000e+000
    outer loop
      vertex -2.968750e-001 -1.875000e-001  0.000000e+000
      vertex -2.088380e-001 -2.947734e-001  0.000000e+000
      vertex -2.293560e-001 -2.885493e-001  0.000000e+000
    endloop
  endfacet
  facet normal  0.000000e+000  0.000000e+000 -1.000000e+000
    outer loop
      vertex -2.968750e-001 -1.875000e-001  0.000000e+000
      vertex -2.293560e-001 -2.885493e-001  0.000000e+000
      vertex -2.482655e-001 -2.784420e-001  0.000000e+000
    endloop
  endfacet
  facet normal  0.000000e+000  0.000000e+000 -1.000000e+000
    outer loop
      vertex -2.968750e-001 -1.875000e-001  0.000000e+000
      vertex -2.482655e-001 -2.784420e-001  0.000000e+000
      vertex -2.648398e-001 -2.648398e-001  0.000000e+000
    endloop
  endfacet
  facet normal  0.000000e+000  0.000000e+000 -1.000000e+000
    outer loop
      vertex -2.968750e-001 -1.875000e-001  0.000000e+000
      vertex -2.648398e-001 -2.648398e-001  0.000000e+000
      vertex -2.784420e-001 -2.482655e-001  0.000000e+000
    endloop
  endfacet
  facet normal  0.000000e+000  0.000000e+000 -1.000000e+000
    outer loop
      vertex -2.968750e-001 -1.875000e-001  0.000000e+000
      vertex -2.784420e-001 -2.482655e-001  0.000000e+000
      vertex -2.885493e-001 -2.293560e-001  0.000000e+000
    endloop
  endfacet
  facet normal  0.000000e+000  0.000000e+000 -1.000000e+000
    outer loop
      vertex -2.968750e-001 -1.875000e-001  0.000000e+000
      vertex -2.885493e-001 -2.293560e-001  0.000000e+000
      vertex -2.947734e-001 -2.088380e-001  0.000000e+000
    endloop
  endfacet
  facet normal -1.000000e+000  0.000000e+000  0.000000e+000
    outer loop
      vertex -2.968750e-001  2.968750e-001  0.000000e+000
      vertex -2.968750e-001 -1.875000e-001  0.000000e+000
      vertex -2.968750e-001  2.968750e-001  7.500000e-001
    endloop
  endfacet
  facet normal -1.000000e+000  -0.000000e+000  0.000000e+000
    outer loop
      vertex -2.968750e-001  2.968750e-001  7.500000e-001
      vertex -2.968750e-001 -1.875000e-001  0.000000e+000
      vertex -2.968750e-001 -1.875000e-001  7.500000e-001
    endloop
  endfacet
  facet normal  0.000000e+000 -1.000000e+000  0.000000e+000
    outer loop
      vertex -1.875000e-001 -2.968750e-001  0.000000e+000
      vertex  2.968750e-001 -2.968750e-001  0.000000e+000
      vertex -1.875000e-001 -2.968750e-001  7.500000e-001
    endloop
  endfacet
  facet normal  0.000000e+000 -1.000000e+000  0.000000e+000
    outer loop
      vertex -1.875000e-001 -2.968750e-001  7.500000e-001
      vertex  2.968750e-001 -2.968750e-001  0.000000e+000
      vertex  2.968750e-001 -2.968750e-001  7.500000e-001
    endloop
  endfacet
  facet normal -9.801670e-002 -9.951847e-001  -0.000000e+000
    outer loop
      vertex -1.875000e-001 -2.968750e-001  0.000000e+000
      vertex -1.875000e-001 -2.968750e-001  7.500000e-001
      vertex -2.088380e-001 -2.947734e-001  0.000000e+000
    endloop
  endfacet
  facet normal -9.801670e-002 -9.951847e-001  0.000000e+000
    outer loop
      vertex -2.088380e-001 -2.947734e-001  0.000000e+000
      vertex -1.875000e-001 -2.968750e-001  7.500000e-001
      vertex -2.088380e-001 -2.947734e-001  7.500000e-001
    endloop
  endfacet
  facet normal -2.902845e-001 -9.569404e-001  -0.000000e+000
    outer loop
      vertex -2.088380e-001 -2.947734e-001  0.000000e+000
      vertex -2.088380e-001 -2.947734e-001  7.500000e-001
      vertex -2.293560e-001 -2.885493e-001  0.000000e+000
    endloop
  endfacet
  facet normal -2.902845e-001 -9.569404e-001  0.000000e+000
    outer loop
      vertex -2.293560e-001 -2.885493e-001  0.000000e+000
      vertex -2.088380e-001 -2.947734e-001  7.500000e-001
      vertex -2.293560e-001 -2.885493e-001  7.500000e-001
    endloop
  endfacet
  facet normal -4.713970e-001 -8.819211e-001  -0.000000e+000
    outer loop
      vertex -2.293560e-001 -2.885493e-001  0.000000e+000
      vertex -2.293560e-001 -2.885493e-001  7.500000e-001
      vertex -2.482655e-001 -2.784420e-001  0.000000e+000
    endloop
  endfacet
  facet normal -4.713970e-001 -8.819211e-001  0.000000e+000
    outer loop
      vertex -2.482655e-001 -2.784420e-001  0.000000e+000
      vertex -2.293560e-001 -2.885493e-001  7.500000e-001
      vertex -2.482655e-001 -2.784420e-001  7.500000e-001
    endloop
  endfacet
  facet normal -6.343937e-001 -7.730101e-001  -0.000000e+000
    outer loop
      vertex -2.482655e-001 -2.784420e-001  0.000000e+000
      vertex -2.482655e-001 -2.784420e-001  7.500000e-001
      vertex -2.648398e-001 -2.648398e-001  0.000000e+000
    endloop
  endfacet
  facet normal -6.343937e-001 -7.730101e-001  0.000000e+000
    outer loop
      vertex -2.648398e-001 -2.648398e-001  0.000000e+000
      vertex -2.482655e-001 -2.784420e-001  7.500000e-001
      vertex -2.648398e-001 -2.648398e-001  7.500000e-001
    endloop
  endfacet
  facet normal -7.730101e-001 -6.343937e-001  -0.000000e+000
    outer loop
      vertex -2.648398e-001 -2.648398e-001  0.000000e+000
      vertex -2.648398e-001 -2.648398e-001  7.500000e-001
      vertex -2.784420e-001 -2.482655e-001  0.000000e+000
    endloop
  endfacet
  facet normal -7.730101e-001 -6.343937e-001  0.000000e+000
    outer loop
      vertex -2.784420e-001 -2.482655e-001  0.000000e+000
      vertex -2.648398e-001 -2.648398e-001  7.500000e-001
      vertex -2.784420e-001 -2.482655e-001  7.500000e-001
    endloop
  endfacet
  facet normal -8.819211e-001 -4.713970e-001  -0.000000e+000
    outer loop
      vertex -2.784420e-001 -2.482655e-001  0.000000e+000
      vertex -2.784420e-001 -2.482655e-001  7.500000e-001
      vertex -2.885493e-001 -2.293560e-001  0.000000e+000
    endloop
  endfacet
  facet normal -8.819211e-001 -4.713970e-001  0.000000e+000
    outer loop
      vertex -2.885493e-001 -2.293560e-001  0.000000e+000
      vertex -2.784420e-001 -2.482655e-001  7.500000e-001
      vertex -2.885493e-001 -2.293560e-001  7.500000e-001
    endloop
  endfacet
  facet normal -9.569404e-001 -2.902845e-001  -0.000000e+000
    outer loop
      vertex -2.885493e-001 -2.293560e-001  0.000000e+000
      vertex -2.885493e-001 -2.293560e-001  7.500000e-001
      vertex -2.947734e-001 -2.088380e-001  0.000000e+000
    endloop
  endfacet
  facet normal -9.569404e-001 -2.902845e-001  0.000000e+000
    outer loop
      vertex -2.947734e-001 -2.088380e-001  0.000000e+000
      vertex -2.885493e-001 -2.293560e-001  7.500000e-001
      vertex -2.947734e-001 -2.088380e-001  7.500000e-001
    endloop
  endfacet
  facet normal -9.951847e-001 -9.801670e-002  -0.000000e+000
    outer loop
      vertex -2.947734e-001 -2.088380e-001  0.000000e+000
      vertex -2.947734e-001 -2.088380e-001  7.500000e-001
      vertex -2.968750e-001 -1.875000e-001  0.000000e+000
    endloop
  endfacet
  facet normal -9.951847e-001 -9.801670e-002  0.000000e+000
    outer loop
      vertex -2.968750e-001 -1.875000e-001  0.000000e+000
      vertex -2.947734e-001 -2.088380e-001  7.500000e-001
      vertex -2.968750e-001 -1.875000e-001  7.500000e-001
    endloop
  endfacet
  facet normal  0.000000e+000  1.000000e+000  0.000000e+000
    outer loop
      vertex  2.968750e-001  2.968750e-001  0.000000e+000
      vertex -2.968750e-001  2.968750e-001  0.000000e+000
      vertex  2.968750e-001  2.968750e-001  7.500000e-001
    endloop
  endfacet
  facet normal  0.000000e+000  1.000000e+000  0.000000e+000
    outer loop
      vertex  2.968750e-001  2.968750e-001  7.500000e-001
      vertex -2.968750e-001  2.968750e-001  0.000000e+000
      vertex -2.968750e-001  2.968750e-001  7.500000e-001
    endloop
  endfacet
  facet normal  1.000000e+000  0.000000e+000  0.000000e+000
    outer loop
      vertex  2.968750e-001 -2.968750e-001  0.000000e+000
      vertex  2.968750e-001  2.968750e-001  0.000000e+000
      vertex  2.968750e-001 -2.968750e-001  7.500000e-001
    endloop
  endfacet
  facet normal  1.000000e+000  -0.000000e+000  0.000000e+000
    outer loop
      vertex  2.968750e-001 -2.968750e-001  7.500000e-001
      vertex  2.968750e-001  2.968750e-001  0.000000e+000
      vertex  2.968750e-001  2.968750e-001  7.500000e-001
    endloop
  endfacet
endsolid CATIA STL
