solid CATIA STL
  facet normal -1.000000e+000  0.000000e+000  0.000000e+000
    outer loop
      vertex -7.500000e-001  5.098616e-033  7.500000e-001
      vertex -7.500000e-001  0.000000e+000  0.000000e+000
      vertex -7.500000e-001 -7.500000e-001  7.500000e-001
    endloop
  endfacet
  facet normal -1.000000e+000  0.000000e+000  0.000000e+000
    outer loop
      vertex -7.500000e-001 -7.500000e-001  7.500000e-001
      vertex -7.500000e-001  0.000000e+000  0.000000e+000
      vertex -7.500000e-001 -7.500000e-001  0.000000e+000
    endloop
  endfacet
  facet normal -1.110223e-016  1.000000e+000 -6.798156e-033
    outer loop
      vertex -7.500000e-001  0.000000e+000  0.000000e+000
      vertex -7.500000e-001  5.098616e-033  7.500000e-001
      vertex -7.812500e-002  7.459311e-017 -4.114048e-017
    endloop
  endfacet
  facet normal -1.110223e-016  1.000000e+000  0.000000e+000
    outer loop
      vertex -7.812500e-002  7.459311e-017 -4.114048e-017
      vertex -7.500000e-001  5.098616e-033  7.500000e-001
      vertex -7.812500e-002  7.459311e-017  7.500000e-001
    endloop
  endfacet
  facet normal -6.123234e-017 -1.472078e-022 -1.000000e+000
    outer loop
      vertex -7.500000e-001  0.000000e+000  0.000000e+000
      vertex -7.812500e-002  7.459311e-017 -4.114048e-017
      vertex -6.288357e-002 -1.501150e-003 -4.207375e-017
    endloop
  endfacet
  facet normal -6.123234e-017 -9.327701e-033 -1.000000e+000
    outer loop
      vertex  8.673617e-018 -7.812500e-002 -4.592425e-017
      vertex  1.110223e-016 -7.500000e-001 -4.592425e-017
      vertex -7.500000e-001 -7.500000e-001  0.000000e+000
    endloop
  endfacet
  facet normal -6.123234e-017  0.000000e+000 -1.000000e+000
    outer loop
      vertex  8.673617e-018 -7.812500e-002 -4.592425e-017
      vertex -7.500000e-001 -7.500000e-001  0.000000e+000
      vertex -7.500000e-001  0.000000e+000  0.000000e+000
    endloop
  endfacet
  facet normal -6.123234e-017 -1.803008e-023 -1.000000e+000
    outer loop
      vertex  8.673617e-018 -7.812500e-002 -4.592425e-017
      vertex -7.500000e-001  0.000000e+000  0.000000e+000
      vertex -6.288357e-002 -1.501150e-003 -4.207375e-017
    endloop
  endfacet
  facet normal -6.123218e-017  1.072540e-022 -1.000000e+000
    outer loop
      vertex  8.673617e-018 -7.812500e-002 -4.592425e-017
      vertex -6.288357e-002 -1.501150e-003 -4.207375e-017
      vertex -4.822786e-002 -5.946911e-003 -4.297115e-017
    endloop
  endfacet
  facet normal -6.123231e-017  1.266189e-023 -1.000000e+000
    outer loop
      vertex  8.673617e-018 -7.812500e-002 -4.592425e-017
      vertex -4.822786e-002 -5.946911e-003 -4.297115e-017
      vertex -3.472108e-002 -1.316644e-002 -4.379820e-017
    endloop
  endfacet
  facet normal -6.123247e-017 -7.278462e-023 -1.000000e+000
    outer loop
      vertex  8.673617e-018 -7.812500e-002 -4.592425e-017
      vertex -3.472108e-002 -1.316644e-002 -4.379820e-017
      vertex -2.288228e-002 -2.288228e-002 -4.452312e-017
    endloop
  endfacet
  facet normal -6.123256e-017 -1.091580e-022 -1.000000e+000
    outer loop
      vertex  8.673617e-018 -7.812500e-002 -4.592425e-017
      vertex -2.288228e-002 -2.288228e-002 -4.452312e-017
      vertex -1.316644e-002 -3.472108e-002 -4.511804e-017
    endloop
  endfacet
  facet normal -6.123253e-017 -1.003732e-022 -1.000000e+000
    outer loop
      vertex  8.673617e-018 -7.812500e-002 -4.592425e-017
      vertex -1.316644e-002 -3.472108e-002 -4.511804e-017
      vertex -5.946911e-003 -4.822786e-002 -4.556011e-017
    endloop
  endfacet
  facet normal -6.123343e-017 -2.791334e-022 -1.000000e+000
    outer loop
      vertex  8.673617e-018 -7.812500e-002 -4.592425e-017
      vertex -5.946911e-003 -4.822786e-002 -4.556011e-017
      vertex -1.501150e-003 -6.288357e-002 -4.583234e-017
    endloop
  endfacet
  facet normal  0.000000e+000  0.000000e+000  1.000000e+000
    outer loop
      vertex  5.459787e-017 -7.812500e-002  7.500000e-001
      vertex -1.501150e-003 -6.288357e-002  7.500000e-001
      vertex -5.946911e-003 -4.822786e-002  7.500000e-001
    endloop
  endfacet
  facet normal  0.000000e+000  0.000000e+000  1.000000e+000
    outer loop
      vertex  5.459787e-017 -7.812500e-002  7.500000e-001
      vertex -5.946911e-003 -4.822786e-002  7.500000e-001
      vertex -1.316644e-002 -3.472108e-002  7.500000e-001
    endloop
  endfacet
  facet normal  0.000000e+000  0.000000e+000  1.000000e+000
    outer loop
      vertex  5.459787e-017 -7.812500e-002  7.500000e-001
      vertex -1.316644e-002 -3.472108e-002  7.500000e-001
      vertex -2.288228e-002 -2.288228e-002  7.500000e-001
    endloop
  endfacet
  facet normal  0.000000e+000  0.000000e+000  1.000000e+000
    outer loop
      vertex  5.459787e-017 -7.812500e-002  7.500000e-001
      vertex -2.288228e-002 -2.288228e-002  7.500000e-001
      vertex -3.472108e-002 -1.316644e-002  7.500000e-001
    endloop
  endfacet
  facet normal  0.000000e+000  0.000000e+000  1.000000e+000
    outer loop
      vertex  5.459787e-017 -7.812500e-002  7.500000e-001
      vertex -3.472108e-002 -1.316644e-002  7.500000e-001
      vertex -4.822786e-002 -5.946911e-003  7.500000e-001
    endloop
  endfacet
  facet normal  0.000000e+000  0.000000e+000  1.000000e+000
    outer loop
      vertex  5.459787e-017 -7.812500e-002  7.500000e-001
      vertex -4.822786e-002 -5.946911e-003  7.500000e-001
      vertex -6.288357e-002 -1.501150e-003  7.500000e-001
    endloop
  endfacet
  facet normal  0.000000e+000  0.000000e+000  1.000000e+000
    outer loop
      vertex  5.459787e-017 -7.812500e-002  7.500000e-001
      vertex -6.288357e-002 -1.501150e-003  7.500000e-001
      vertex -7.812500e-002  7.459311e-017  7.500000e-001
    endloop
  endfacet
  facet normal  0.000000e+000  0.000000e+000  1.000000e+000
    outer loop
      vertex  5.459787e-017 -7.812500e-002  7.500000e-001
      vertex -7.812500e-002  7.459311e-017  7.500000e-001
      vertex -7.500000e-001  5.098616e-033  7.500000e-001
    endloop
  endfacet
  facet normal  0.000000e+000  0.000000e+000  1.000000e+000
    outer loop
      vertex  5.459787e-017 -7.812500e-002  7.500000e-001
      vertex -7.500000e-001  5.098616e-033  7.500000e-001
      vertex -7.500000e-001 -7.500000e-001  7.500000e-001
    endloop
  endfacet
  facet normal  0.000000e+000  0.000000e+000  1.000000e+000
    outer loop
      vertex  5.459787e-017 -7.812500e-002  7.500000e-001
      vertex -7.500000e-001 -7.500000e-001  7.500000e-001
      vertex  1.569466e-016 -7.500000e-001  7.500000e-001
    endloop
  endfacet
  facet normal  1.000000e+000  1.523329e-016 -6.123234e-017
    outer loop
      vertex  8.673617e-018 -7.812500e-002 -4.592425e-017
      vertex  5.459787e-017 -7.812500e-002  7.500000e-001
      vertex  1.110223e-016 -7.500000e-001 -4.592425e-017
    endloop
  endfacet
  facet normal  1.000000e+000  1.523329e-016 -6.123235e-017
    outer loop
      vertex  1.110223e-016 -7.500000e-001 -4.592425e-017
      vertex  5.459787e-017 -7.812500e-002  7.500000e-001
      vertex  1.569466e-016 -7.500000e-001  7.500000e-001
    endloop
  endfacet
  facet normal  9.801716e-002  9.951847e-001  0.000000e+000
    outer loop
      vertex -7.812500e-002  7.459311e-017 -4.114048e-017
      vertex -7.812500e-002  7.459311e-017  7.500000e-001
      vertex -6.288357e-002 -1.501150e-003 -4.207375e-017
    endloop
  endfacet
  facet normal  9.801716e-002  9.951847e-001  -0.000000e+000
    outer loop
      vertex -6.288357e-002 -1.501150e-003 -4.207375e-017
      vertex -7.812500e-002  7.459311e-017  7.500000e-001
      vertex -6.288357e-002 -1.501150e-003  7.500000e-001
    endloop
  endfacet
  facet normal  2.902846e-001  9.569403e-001  0.000000e+000
    outer loop
      vertex -6.288357e-002 -1.501150e-003 -4.207375e-017
      vertex -6.288357e-002 -1.501150e-003  7.500000e-001
      vertex -4.822786e-002 -5.946911e-003 -4.297115e-017
    endloop
  endfacet
  facet normal  2.902846e-001  9.569403e-001  -0.000000e+000
    outer loop
      vertex -4.822786e-002 -5.946911e-003 -4.297115e-017
      vertex -6.288357e-002 -1.501150e-003  7.500000e-001
      vertex -4.822786e-002 -5.946911e-003  7.500000e-001
    endloop
  endfacet
  facet normal  4.713968e-001  8.819212e-001  0.000000e+000
    outer loop
      vertex -4.822786e-002 -5.946911e-003 -4.297115e-017
      vertex -4.822786e-002 -5.946911e-003  7.500000e-001
      vertex -3.472108e-002 -1.316644e-002 -4.379820e-017
    endloop
  endfacet
  facet normal  4.713968e-001  8.819212e-001  -0.000000e+000
    outer loop
      vertex -3.472108e-002 -1.316644e-002 -4.379820e-017
      vertex -4.822786e-002 -5.946911e-003  7.500000e-001
      vertex -3.472108e-002 -1.316644e-002  7.500000e-001
    endloop
  endfacet
  facet normal  6.343932e-001  7.730105e-001  0.000000e+000
    outer loop
      vertex -3.472108e-002 -1.316644e-002 -4.379820e-017
      vertex -3.472108e-002 -1.316644e-002  7.500000e-001
      vertex -2.288228e-002 -2.288228e-002 -4.452312e-017
    endloop
  endfacet
  facet normal  6.343932e-001  7.730105e-001  -0.000000e+000
    outer loop
      vertex -2.288228e-002 -2.288228e-002 -4.452312e-017
      vertex -3.472108e-002 -1.316644e-002  7.500000e-001
      vertex -2.288228e-002 -2.288228e-002  7.500000e-001
    endloop
  endfacet
  facet normal  7.730105e-001  6.343932e-001  0.000000e+000
    outer loop
      vertex -2.288228e-002 -2.288228e-002 -4.452312e-017
      vertex -2.288228e-002 -2.288228e-002  7.500000e-001
      vertex -1.316644e-002 -3.472108e-002 -4.511804e-017
    endloop
  endfacet
  facet normal  7.730105e-001  6.343932e-001  -0.000000e+000
    outer loop
      vertex -1.316644e-002 -3.472108e-002 -4.511804e-017
      vertex -2.288228e-002 -2.288228e-002  7.500000e-001
      vertex -1.316644e-002 -3.472108e-002  7.500000e-001
    endloop
  endfacet
  facet normal  8.819212e-001  4.713968e-001  0.000000e+000
    outer loop
      vertex -1.316644e-002 -3.472108e-002 -4.511804e-017
      vertex -1.316644e-002 -3.472108e-002  7.500000e-001
      vertex -5.946911e-003 -4.822786e-002 -4.556011e-017
    endloop
  endfacet
  facet normal  8.819212e-001  4.713968e-001  -0.000000e+000
    outer loop
      vertex -5.946911e-003 -4.822786e-002 -4.556011e-017
      vertex -1.316644e-002 -3.472108e-002  7.500000e-001
      vertex -5.946911e-003 -4.822786e-002  7.500000e-001
    endloop
  endfacet
  facet normal  9.569403e-001  2.902846e-001  0.000000e+000
    outer loop
      vertex -5.946911e-003 -4.822786e-002 -4.556011e-017
      vertex -5.946911e-003 -4.822786e-002  7.500000e-001
      vertex -1.501150e-003 -6.288357e-002 -4.583234e-017
    endloop
  endfacet
  facet normal  9.569403e-001  2.902846e-001  -0.000000e+000
    outer loop
      vertex -1.501150e-003 -6.288357e-002 -4.583234e-017
      vertex -5.946911e-003 -4.822786e-002  7.500000e-001
      vertex -1.501150e-003 -6.288357e-002  7.500000e-001
    endloop
  endfacet
  facet normal  9.951847e-001  9.801716e-002  0.000000e+000
    outer loop
      vertex -1.501150e-003 -6.288357e-002 -4.583234e-017
      vertex -1.501150e-003 -6.288357e-002  7.500000e-001
      vertex  8.673617e-018 -7.812500e-002 -4.592425e-017
    endloop
  endfacet
  facet normal  9.951847e-001  9.801716e-002 -6.093749e-017
    outer loop
      vertex  8.673617e-018 -7.812500e-002 -4.592425e-017
      vertex -1.501150e-003 -6.288357e-002  7.500000e-001
      vertex  5.459787e-017 -7.812500e-002  7.500000e-001
    endloop
  endfacet
  facet normal  0.000000e+000 -1.000000e+000  0.000000e+000
    outer loop
      vertex -7.500000e-001 -7.500000e-001  0.000000e+000
      vertex  1.110223e-016 -7.500000e-001 -4.592425e-017
      vertex -7.500000e-001 -7.500000e-001  7.500000e-001
    endloop
  endfacet
  facet normal  0.000000e+000 -1.000000e+000  0.000000e+000
    outer loop
      vertex -7.500000e-001 -7.500000e-001  7.500000e-001
      vertex  1.110223e-016 -7.500000e-001 -4.592425e-017
      vertex  1.569466e-016 -7.500000e-001  7.500000e-001
    endloop
  endfacet
endsolid CATIA STL
