solid CATIA STL
  facet normal  9.999999e-001  0.000000e+000  0.000000e+000
    outer loop
      vertex -1.389803e-002  1.158384e-018  1.726974e-003
      vertex -1.389803e-002  1.423015e-018  6.085526e-003
      vertex -1.389803e-002 -7.500000e-001  1.726974e-003
    endloop
  endfacet
  facet normal  9.999999e-001  0.000000e+000  0.000000e+000
    outer loop
      vertex -1.389803e-002 -7.500000e-001  1.726974e-003
      vertex -1.389803e-002  1.423015e-018  6.085526e-003
      vertex -1.389803e-002 -7.500000e-001  6.085526e-003
    endloop
  endfacet
  facet normal  -0.000000e+000  0.000000e+000  9.999999e-001
    outer loop
      vertex  6.085526e-003  1.423015e-018 -1.389803e-002
      vertex  1.726974e-003  1.158384e-018 -1.389803e-002
      vertex  6.085526e-003 -7.500000e-001 -1.389803e-002
    endloop
  endfacet
  facet normal  0.000000e+000  0.000000e+000  9.999999e-001
    outer loop
      vertex  6.085526e-003 -7.500000e-001 -1.389803e-002
      vertex  1.726974e-003  1.158384e-018 -1.389803e-002
      vertex  1.726974e-003 -7.500000e-001 -1.389803e-002
    endloop
  endfacet
  facet normal -6.071532e-017  9.999999e-001 -6.071532e-017
    outer loop
      vertex -1.562500e-002  1.423015e-018  7.812500e-003
      vertex  7.812500e-003  2.846031e-018  7.812500e-003
      vertex -1.389803e-002  1.423015e-018  6.085526e-003
    endloop
  endfacet
  facet normal -6.071530e-017  1.000000e+000 -6.071533e-017
    outer loop
      vertex  6.085526e-003  1.602765e-018 -1.093750e-002
      vertex  7.812500e-003  1.707618e-018 -1.093750e-002
      vertex  6.085526e-003  1.423015e-018 -1.389803e-002
    endloop
  endfacet
  facet normal -6.071532e-017  9.999999e-001 -6.071533e-017
    outer loop
      vertex  7.812500e-003  1.423015e-018 -1.562500e-002
      vertex -1.562500e-002  0.000000e+000 -1.562500e-002
      vertex  1.726974e-003  1.158384e-018 -1.389803e-002
    endloop
  endfacet
  facet normal -6.071532e-017  1.000000e+000 -6.071532e-017
    outer loop
      vertex  7.812500e-003  1.423015e-018 -1.562500e-002
      vertex  1.726974e-003  1.158384e-018 -1.389803e-002
      vertex  6.085526e-003  1.423015e-018 -1.389803e-002
    endloop
  endfacet
  facet normal -6.071532e-017  1.000000e+000 -6.071532e-017
    outer loop
      vertex  7.812500e-003  1.423015e-018 -1.562500e-002
      vertex  6.085526e-003  1.423015e-018 -1.389803e-002
      vertex  7.812500e-003  1.707618e-018 -1.093750e-002
    endloop
  endfacet
  facet normal -6.071532e-017  9.999999e-001 -6.071532e-017
    outer loop
      vertex -1.562500e-002  0.000000e+000 -1.562500e-002
      vertex -1.562500e-002  1.423015e-018  7.812500e-003
      vertex -1.389803e-002  1.423015e-018  6.085526e-003
    endloop
  endfacet
  facet normal -6.071536e-017  1.000000e+000 -6.071532e-017
    outer loop
      vertex -1.562500e-002  0.000000e+000 -1.562500e-002
      vertex -1.389803e-002  1.423015e-018  6.085526e-003
      vertex -1.389803e-002  1.158384e-018  1.726974e-003
    endloop
  endfacet
  facet normal -6.071532e-017  1.000000e+000 -6.071532e-017
    outer loop
      vertex -1.562500e-002  0.000000e+000 -1.562500e-002
      vertex -1.389803e-002  1.158384e-018  1.726974e-003
      vertex -1.359780e-002  9.915353e-019 -1.321313e-003
    endloop
  endfacet
  facet normal -6.071530e-017  1.000000e+000 -6.071533e-017
    outer loop
      vertex -1.562500e-002  0.000000e+000 -1.562500e-002
      vertex -1.359780e-002  9.915353e-019 -1.321313e-003
      vertex -1.270864e-002  8.675552e-019 -4.252455e-003
    endloop
  endfacet
  facet normal -6.071531e-017  1.000000e+000 -6.071532e-017
    outer loop
      vertex -1.562500e-002  0.000000e+000 -1.562500e-002
      vertex -1.270864e-002  8.675552e-019 -4.252455e-003
      vertex -1.126474e-002  7.912086e-019 -6.953811e-003
    endloop
  endfacet
  facet normal -6.071532e-017  1.000000e+000 -6.071532e-017
    outer loop
      vertex -1.562500e-002  0.000000e+000 -1.562500e-002
      vertex -1.126474e-002  7.912086e-019 -6.953811e-003
      vertex -9.321569e-003  7.654296e-019 -9.321569e-003
    endloop
  endfacet
  facet normal -6.071532e-017  1.000000e+000 -6.071532e-017
    outer loop
      vertex -1.562500e-002  0.000000e+000 -1.562500e-002
      vertex -9.321569e-003  7.654296e-019 -9.321569e-003
      vertex -6.953811e-003  7.912086e-019 -1.126474e-002
    endloop
  endfacet
  facet normal -6.071532e-017  9.999999e-001 -6.071531e-017
    outer loop
      vertex -1.562500e-002  0.000000e+000 -1.562500e-002
      vertex -6.953811e-003  7.912086e-019 -1.126474e-002
      vertex -4.252455e-003  8.675552e-019 -1.270864e-002
    endloop
  endfacet
  facet normal -6.071533e-017  1.000000e+000 -6.071530e-017
    outer loop
      vertex -1.562500e-002  0.000000e+000 -1.562500e-002
      vertex -4.252455e-003  8.675552e-019 -1.270864e-002
      vertex -1.321313e-003  9.915353e-019 -1.359780e-002
    endloop
  endfacet
  facet normal -6.071532e-017  1.000000e+000 -6.071533e-017
    outer loop
      vertex -1.562500e-002  0.000000e+000 -1.562500e-002
      vertex -1.321313e-003  9.915353e-019 -1.359780e-002
      vertex  1.726974e-003  1.158384e-018 -1.389803e-002
    endloop
  endfacet
  facet normal -6.071533e-017  1.000000e+000 -6.071527e-017
    outer loop
      vertex -1.389803e-002  1.423015e-018  6.085526e-003
      vertex  7.812500e-003  2.846031e-018  7.812500e-003
      vertex  6.085526e-003  2.636323e-018  6.085526e-003
    endloop
  endfacet
  facet normal -6.071527e-017  1.000000e+000 -6.071532e-017
    outer loop
      vertex  6.085526e-003  2.636323e-018  6.085526e-003
      vertex  7.812500e-003  2.846031e-018  7.812500e-003
      vertex  7.812500e-003  2.561428e-018  3.125000e-003
    endloop
  endfacet
  facet normal -6.071535e-017  1.000000e+000 -6.071537e-017
    outer loop
      vertex  6.085526e-003  2.636323e-018  6.085526e-003
      vertex  7.812500e-003  2.561428e-018  3.125000e-003
      vertex  6.085526e-003  2.456574e-018  3.125000e-003
    endloop
  endfacet
  facet normal  -0.000000e+000 -9.999999e-001  0.000000e+000
    outer loop
      vertex -1.389803e-002 -7.500000e-001  6.085526e-003
      vertex  7.812500e-003 -7.500000e-001  7.812500e-003
      vertex -1.562500e-002 -7.500000e-001  7.812500e-003
    endloop
  endfacet
  facet normal  -0.000000e+000 -1.000000e+000  0.000000e+000
    outer loop
      vertex  6.085526e-003 -7.500000e-001 -1.389803e-002
      vertex  7.812500e-003 -7.500000e-001 -1.093750e-002
      vertex  6.085526e-003 -7.500000e-001 -1.093750e-002
    endloop
  endfacet
  facet normal  0.000000e+000 -1.000000e+000  -0.000000e+000
    outer loop
      vertex  7.812500e-003 -7.500000e-001 -1.562500e-002
      vertex  7.812500e-003 -7.500000e-001 -1.093750e-002
      vertex  6.085526e-003 -7.500000e-001 -1.389803e-002
    endloop
  endfacet
  facet normal  -0.000000e+000 -1.000000e+000  -0.000000e+000
    outer loop
      vertex  7.812500e-003 -7.500000e-001 -1.562500e-002
      vertex  6.085526e-003 -7.500000e-001 -1.389803e-002
      vertex  1.726974e-003 -7.500000e-001 -1.389803e-002
    endloop
  endfacet
  facet normal  0.000000e+000 -9.999999e-001  -0.000000e+000
    outer loop
      vertex  7.812500e-003 -7.500000e-001 -1.562500e-002
      vertex  1.726974e-003 -7.500000e-001 -1.389803e-002
      vertex -1.562500e-002 -7.500000e-001 -1.562500e-002
    endloop
  endfacet
  facet normal  -0.000000e+000 -1.000000e+000  0.000000e+000
    outer loop
      vertex -1.562500e-002 -7.500000e-001 -1.562500e-002
      vertex  1.726974e-003 -7.500000e-001 -1.389803e-002
      vertex -1.321313e-003 -7.500000e-001 -1.359780e-002
    endloop
  endfacet
  facet normal  -0.000000e+000 -1.000000e+000  0.000000e+000
    outer loop
      vertex -1.562500e-002 -7.500000e-001 -1.562500e-002
      vertex -1.321313e-003 -7.500000e-001 -1.359780e-002
      vertex -4.252455e-003 -7.500000e-001 -1.270864e-002
    endloop
  endfacet
  facet normal  -0.000000e+000 -1.000000e+000  0.000000e+000
    outer loop
      vertex -1.562500e-002 -7.500000e-001 -1.562500e-002
      vertex -4.252455e-003 -7.500000e-001 -1.270864e-002
      vertex -6.953811e-003 -7.500000e-001 -1.126474e-002
    endloop
  endfacet
  facet normal  -0.000000e+000 -1.000000e+000  0.000000e+000
    outer loop
      vertex -1.562500e-002 -7.500000e-001 -1.562500e-002
      vertex -6.953811e-003 -7.500000e-001 -1.126474e-002
      vertex -9.321569e-003 -7.500000e-001 -9.321569e-003
    endloop
  endfacet
  facet normal  -0.000000e+000 -1.000000e+000  0.000000e+000
    outer loop
      vertex -1.562500e-002 -7.500000e-001 -1.562500e-002
      vertex -9.321569e-003 -7.500000e-001 -9.321569e-003
      vertex -1.126474e-002 -7.500000e-001 -6.953811e-003
    endloop
  endfacet
  facet normal  -0.000000e+000 -9.999999e-001  0.000000e+000
    outer loop
      vertex -1.562500e-002 -7.500000e-001 -1.562500e-002
      vertex -1.126474e-002 -7.500000e-001 -6.953811e-003
      vertex -1.270864e-002 -7.500000e-001 -4.252455e-003
    endloop
  endfacet
  facet normal  -0.000000e+000 -1.000000e+000  0.000000e+000
    outer loop
      vertex -1.562500e-002 -7.500000e-001 -1.562500e-002
      vertex -1.270864e-002 -7.500000e-001 -4.252455e-003
      vertex -1.359780e-002 -7.500000e-001 -1.321313e-003
    endloop
  endfacet
  facet normal  -0.000000e+000 -1.000000e+000  0.000000e+000
    outer loop
      vertex -1.562500e-002 -7.500000e-001 -1.562500e-002
      vertex -1.359780e-002 -7.500000e-001 -1.321313e-003
      vertex -1.389803e-002 -7.500000e-001  1.726974e-003
    endloop
  endfacet
  facet normal  -0.000000e+000 -1.000000e+000  0.000000e+000
    outer loop
      vertex -1.562500e-002 -7.500000e-001 -1.562500e-002
      vertex -1.389803e-002 -7.500000e-001  1.726974e-003
      vertex -1.389803e-002 -7.500000e-001  6.085526e-003
    endloop
  endfacet
  facet normal  -0.000000e+000 -9.999999e-001  0.000000e+000
    outer loop
      vertex -1.562500e-002 -7.500000e-001 -1.562500e-002
      vertex -1.389803e-002 -7.500000e-001  6.085526e-003
      vertex -1.562500e-002 -7.500000e-001  7.812500e-003
    endloop
  endfacet
  facet normal  0.000000e+000 -1.000000e+000  0.000000e+000
    outer loop
      vertex  6.085526e-003 -7.500000e-001  3.125000e-003
      vertex  7.812500e-003 -7.500000e-001  3.125000e-003
      vertex  6.085526e-003 -7.500000e-001  6.085526e-003
    endloop
  endfacet
  facet normal  0.000000e+000 -1.000000e+000  0.000000e+000
    outer loop
      vertex  6.085526e-003 -7.500000e-001  6.085526e-003
      vertex  7.812500e-003 -7.500000e-001  3.125000e-003
      vertex  7.812500e-003 -7.500000e-001  7.812500e-003
    endloop
  endfacet
  facet normal  0.000000e+000 -1.000000e+000  0.000000e+000
    outer loop
      vertex  6.085526e-003 -7.500000e-001  6.085526e-003
      vertex  7.812500e-003 -7.500000e-001  7.812500e-003
      vertex -1.389803e-002 -7.500000e-001  6.085526e-003
    endloop
  endfacet
  facet normal  6.343933e-001  -0.000000e+000  7.730104e-001
    outer loop
      vertex -9.321569e-003  7.654296e-019 -9.321569e-003
      vertex -6.953811e-003 -7.500000e-001 -1.126474e-002
      vertex -6.953811e-003  7.912086e-019 -1.126474e-002
    endloop
  endfacet
  facet normal  4.713969e-001  0.000000e+000  8.819212e-001
    outer loop
      vertex -6.953811e-003  7.912086e-019 -1.126474e-002
      vertex -6.953811e-003 -7.500000e-001 -1.126474e-002
      vertex -4.252455e-003 -7.500000e-001 -1.270864e-002
    endloop
  endfacet
  facet normal  4.713969e-001  -0.000000e+000  8.819212e-001
    outer loop
      vertex -6.953811e-003  7.912086e-019 -1.126474e-002
      vertex -4.252455e-003 -7.500000e-001 -1.270864e-002
      vertex -4.252455e-003  8.675552e-019 -1.270864e-002
    endloop
  endfacet
  facet normal  2.902847e-001  0.000000e+000  9.569404e-001
    outer loop
      vertex -4.252455e-003  8.675552e-019 -1.270864e-002
      vertex -4.252455e-003 -7.500000e-001 -1.270864e-002
      vertex -1.321313e-003 -7.500000e-001 -1.359780e-002
    endloop
  endfacet
  facet normal  2.902847e-001  -0.000000e+000  9.569404e-001
    outer loop
      vertex -4.252455e-003  8.675552e-019 -1.270864e-002
      vertex -1.321313e-003 -7.500000e-001 -1.359780e-002
      vertex -1.321313e-003  9.915353e-019 -1.359780e-002
    endloop
  endfacet
  facet normal  9.801698e-002  0.000000e+000  9.951848e-001
    outer loop
      vertex -1.321313e-003  9.915353e-019 -1.359780e-002
      vertex -1.321313e-003 -7.500000e-001 -1.359780e-002
      vertex  1.726974e-003 -7.500000e-001 -1.389803e-002
    endloop
  endfacet
  facet normal  9.801698e-002  -0.000000e+000  9.951848e-001
    outer loop
      vertex -1.321313e-003  9.915353e-019 -1.359780e-002
      vertex  1.726974e-003 -7.500000e-001 -1.389803e-002
      vertex  1.726974e-003  1.158384e-018 -1.389803e-002
    endloop
  endfacet
  facet normal  6.343933e-001  0.000000e+000  7.730104e-001
    outer loop
      vertex -6.953811e-003 -7.500000e-001 -1.126474e-002
      vertex -9.321569e-003  7.654296e-019 -9.321569e-003
      vertex -9.321569e-003 -7.500000e-001 -9.321569e-003
    endloop
  endfacet
  facet normal  7.730104e-001  -0.000000e+000  6.343933e-001
    outer loop
      vertex -9.321569e-003 -7.500000e-001 -9.321569e-003
      vertex -9.321569e-003  7.654296e-019 -9.321569e-003
      vertex -1.126474e-002  7.912086e-019 -6.953811e-003
    endloop
  endfacet
  facet normal  7.730104e-001  0.000000e+000  6.343933e-001
    outer loop
      vertex -9.321569e-003 -7.500000e-001 -9.321569e-003
      vertex -1.126474e-002  7.912086e-019 -6.953811e-003
      vertex -1.126474e-002 -7.500000e-001 -6.953811e-003
    endloop
  endfacet
  facet normal  8.819212e-001  -0.000000e+000  4.713969e-001
    outer loop
      vertex -1.126474e-002 -7.500000e-001 -6.953811e-003
      vertex -1.126474e-002  7.912086e-019 -6.953811e-003
      vertex -1.270864e-002  8.675552e-019 -4.252455e-003
    endloop
  endfacet
  facet normal  8.819212e-001  0.000000e+000  4.713969e-001
    outer loop
      vertex -1.126474e-002 -7.500000e-001 -6.953811e-003
      vertex -1.270864e-002  8.675552e-019 -4.252455e-003
      vertex -1.270864e-002 -7.500000e-001 -4.252455e-003
    endloop
  endfacet
  facet normal  9.569404e-001  -0.000000e+000  2.902847e-001
    outer loop
      vertex -1.270864e-002 -7.500000e-001 -4.252455e-003
      vertex -1.270864e-002  8.675552e-019 -4.252455e-003
      vertex -1.359780e-002  9.915353e-019 -1.321313e-003
    endloop
  endfacet
  facet normal  9.569404e-001  0.000000e+000  2.902847e-001
    outer loop
      vertex -1.270864e-002 -7.500000e-001 -4.252455e-003
      vertex -1.359780e-002  9.915353e-019 -1.321313e-003
      vertex -1.359780e-002 -7.500000e-001 -1.321313e-003
    endloop
  endfacet
  facet normal  9.951848e-001  -0.000000e+000  9.801698e-002
    outer loop
      vertex -1.359780e-002 -7.500000e-001 -1.321313e-003
      vertex -1.359780e-002  9.915353e-019 -1.321313e-003
      vertex -1.389803e-002  1.158384e-018  1.726974e-003
    endloop
  endfacet
  facet normal  9.951848e-001  0.000000e+000  9.801698e-002
    outer loop
      vertex -1.359780e-002 -7.500000e-001 -1.321313e-003
      vertex -1.389803e-002  1.158384e-018  1.726974e-003
      vertex -1.389803e-002 -7.500000e-001  1.726974e-003
    endloop
  endfacet
  facet normal -1.000000e+000  0.000000e+000  0.000000e+000
    outer loop
      vertex -1.562500e-002  1.423015e-018  7.812500e-003
      vertex -1.562500e-002  0.000000e+000 -1.562500e-002
      vertex -1.562500e-002 -7.500000e-001  7.812500e-003
    endloop
  endfacet
  facet normal -1.000000e+000  0.000000e+000  0.000000e+000
    outer loop
      vertex -1.562500e-002 -7.500000e-001  7.812500e-003
      vertex -1.562500e-002  0.000000e+000 -1.562500e-002
      vertex -1.562500e-002 -7.500000e-001 -1.562500e-002
    endloop
  endfacet
  facet normal  -0.000000e+000  0.000000e+000  1.000000e+000
    outer loop
      vertex  7.812500e-003  2.846031e-018  7.812500e-003
      vertex -1.562500e-002  1.423015e-018  7.812500e-003
      vertex  7.812500e-003 -7.500000e-001  7.812500e-003
    endloop
  endfacet
  facet normal  0.000000e+000  0.000000e+000  1.000000e+000
    outer loop
      vertex  7.812500e-003 -7.500000e-001  7.812500e-003
      vertex -1.562500e-002  1.423015e-018  7.812500e-003
      vertex -1.562500e-002 -7.500000e-001  7.812500e-003
    endloop
  endfacet
  facet normal  1.000000e+000  0.000000e+000  0.000000e+000
    outer loop
      vertex  7.812500e-003  2.561428e-018  3.125000e-003
      vertex  7.812500e-003  2.846031e-018  7.812500e-003
      vertex  7.812500e-003 -7.500000e-001  3.125000e-003
    endloop
  endfacet
  facet normal  1.000000e+000  0.000000e+000  0.000000e+000
    outer loop
      vertex  7.812500e-003 -7.500000e-001  3.125000e-003
      vertex  7.812500e-003  2.846031e-018  7.812500e-003
      vertex  7.812500e-003 -7.500000e-001  7.812500e-003
    endloop
  endfacet
  facet normal  0.000000e+000  0.000000e+000 -9.999999e-001
    outer loop
      vertex  6.085526e-003  2.456574e-018  3.125000e-003
      vertex  7.812500e-003  2.561428e-018  3.125000e-003
      vertex  6.085526e-003 -7.500000e-001  3.125000e-003
    endloop
  endfacet
  facet normal  0.000000e+000  0.000000e+000 -9.999999e-001
    outer loop
      vertex  6.085526e-003 -7.500000e-001  3.125000e-003
      vertex  7.812500e-003  2.561428e-018  3.125000e-003
      vertex  7.812500e-003 -7.500000e-001  3.125000e-003
    endloop
  endfacet
  facet normal -1.000000e+000  0.000000e+000  0.000000e+000
    outer loop
      vertex  6.085526e-003  2.636323e-018  6.085526e-003
      vertex  6.085526e-003  2.456574e-018  3.125000e-003
      vertex  6.085526e-003 -7.500000e-001  6.085526e-003
    endloop
  endfacet
  facet normal -1.000000e+000  0.000000e+000  0.000000e+000
    outer loop
      vertex  6.085526e-003 -7.500000e-001  6.085526e-003
      vertex  6.085526e-003  2.456574e-018  3.125000e-003
      vertex  6.085526e-003 -7.500000e-001  3.125000e-003
    endloop
  endfacet
  facet normal  0.000000e+000  0.000000e+000 -9.999999e-001
    outer loop
      vertex -1.389803e-002  1.423015e-018  6.085526e-003
      vertex  6.085526e-003  2.636323e-018  6.085526e-003
      vertex -1.389803e-002 -7.500000e-001  6.085526e-003
    endloop
  endfacet
  facet normal  0.000000e+000  0.000000e+000 -9.999999e-001
    outer loop
      vertex -1.389803e-002 -7.500000e-001  6.085526e-003
      vertex  6.085526e-003  2.636323e-018  6.085526e-003
      vertex  6.085526e-003 -7.500000e-001  6.085526e-003
    endloop
  endfacet
  facet normal -1.000000e+000  0.000000e+000  0.000000e+000
    outer loop
      vertex  6.085526e-003  1.602765e-018 -1.093750e-002
      vertex  6.085526e-003  1.423015e-018 -1.389803e-002
      vertex  6.085526e-003 -7.500000e-001 -1.093750e-002
    endloop
  endfacet
  facet normal -1.000000e+000  0.000000e+000  0.000000e+000
    outer loop
      vertex  6.085526e-003 -7.500000e-001 -1.093750e-002
      vertex  6.085526e-003  1.423015e-018 -1.389803e-002
      vertex  6.085526e-003 -7.500000e-001 -1.389803e-002
    endloop
  endfacet
  facet normal  -0.000000e+000  0.000000e+000  9.999999e-001
    outer loop
      vertex  7.812500e-003  1.707618e-018 -1.093750e-002
      vertex  6.085526e-003  1.602765e-018 -1.093750e-002
      vertex  7.812500e-003 -7.500000e-001 -1.093750e-002
    endloop
  endfacet
  facet normal  0.000000e+000  0.000000e+000  9.999999e-001
    outer loop
      vertex  7.812500e-003 -7.500000e-001 -1.093750e-002
      vertex  6.085526e-003  1.602765e-018 -1.093750e-002
      vertex  6.085526e-003 -7.500000e-001 -1.093750e-002
    endloop
  endfacet
  facet normal  1.000000e+000  0.000000e+000  0.000000e+000
    outer loop
      vertex  7.812500e-003  1.423015e-018 -1.562500e-002
      vertex  7.812500e-003  1.707618e-018 -1.093750e-002
      vertex  7.812500e-003 -7.500000e-001 -1.562500e-002
    endloop
  endfacet
  facet normal  1.000000e+000  0.000000e+000  0.000000e+000
    outer loop
      vertex  7.812500e-003 -7.500000e-001 -1.562500e-002
      vertex  7.812500e-003  1.707618e-018 -1.093750e-002
      vertex  7.812500e-003 -7.500000e-001 -1.093750e-002
    endloop
  endfacet
  facet normal  0.000000e+000  0.000000e+000 -1.000000e+000
    outer loop
      vertex -1.562500e-002  0.000000e+000 -1.562500e-002
      vertex  7.812500e-003  1.423015e-018 -1.562500e-002
      vertex -1.562500e-002 -7.500000e-001 -1.562500e-002
    endloop
  endfacet
  facet normal  0.000000e+000  0.000000e+000 -1.000000e+000
    outer loop
      vertex -1.562500e-002 -7.500000e-001 -1.562500e-002
      vertex  7.812500e-003  1.423015e-018 -1.562500e-002
      vertex  7.812500e-003 -7.500000e-001 -1.562500e-002
    endloop
  endfacet
endsolid CATIA STL
