solid CATIA STL
  facet normal  -0.000000e+000  0.000000e+000  1.000000e+000
    outer loop
      vertex  3.868421e-001  6.789474e-001  3.515625e-001
      vertex  8.593750e-002  6.789474e-001  3.515625e-001
      vertex  6.917193e-002  6.772961e-001  3.515625e-001
    endloop
  endfacet
  facet normal  -0.000000e+000  0.000000e+000  1.000000e+000
    outer loop
      vertex  3.868421e-001  6.789474e-001  3.515625e-001
      vertex  6.917193e-002  6.772961e-001  3.515625e-001
      vertex  5.305064e-002  6.724058e-001  3.515625e-001
    endloop
  endfacet
  facet normal  -0.000000e+000  0.000000e+000  1.000000e+000
    outer loop
      vertex  3.868421e-001  6.789474e-001  3.515625e-001
      vertex  5.305064e-002  6.724058e-001  3.515625e-001
      vertex  3.819318e-002  6.644643e-001  3.515625e-001
    endloop
  endfacet
  facet normal  -0.000000e+000  0.000000e+000  1.000000e+000
    outer loop
      vertex  3.868421e-001  6.789474e-001  3.515625e-001
      vertex  3.819318e-002  6.644643e-001  3.515625e-001
      vertex  2.517051e-002  6.537769e-001  3.515625e-001
    endloop
  endfacet
  facet normal  -0.000000e+000  0.000000e+000  1.000000e+000
    outer loop
      vertex  3.868421e-001  6.789474e-001  3.515625e-001
      vertex  2.517051e-002  6.537769e-001  3.515625e-001
      vertex  1.448308e-002  6.407542e-001  3.515625e-001
    endloop
  endfacet
  facet normal  -0.000000e+000  0.000000e+000  1.000000e+000
    outer loop
      vertex  3.868421e-001  6.789474e-001  3.515625e-001
      vertex  1.448308e-002  6.407542e-001  3.515625e-001
      vertex  6.541603e-003  6.258968e-001  3.515625e-001
    endloop
  endfacet
  facet normal  -0.000000e+000  0.000000e+000  1.000000e+000
    outer loop
      vertex  3.868421e-001  6.789474e-001  3.515625e-001
      vertex  6.541603e-003  6.258968e-001  3.515625e-001
      vertex  1.651265e-003  6.097754e-001  3.515625e-001
    endloop
  endfacet
  facet normal  -0.000000e+000  0.000000e+000  1.000000e+000
    outer loop
      vertex  3.868421e-001  6.789474e-001  3.515625e-001
      vertex  1.651265e-003  6.097754e-001  3.515625e-001
      vertex  0.000000e+000  5.930099e-001  3.515625e-001
    endloop
  endfacet
  facet normal  -0.000000e+000  0.000000e+000  1.000000e+000
    outer loop
      vertex  3.868421e-001  6.789474e-001  3.515625e-001
      vertex  0.000000e+000  5.930099e-001  3.515625e-001
      vertex  0.000000e+000  8.593750e-002  3.515625e-001
    endloop
  endfacet
  facet normal  -0.000000e+000  0.000000e+000  1.000000e+000
    outer loop
      vertex  3.868421e-001  6.789474e-001  3.515625e-001
      vertex  0.000000e+000  8.593750e-002  3.515625e-001
      vertex  1.651265e-003  6.917193e-002  3.515625e-001
    endloop
  endfacet
  facet normal  -0.000000e+000  0.000000e+000  1.000000e+000
    outer loop
      vertex  3.868421e-001  6.789474e-001  3.515625e-001
      vertex  1.651265e-003  6.917193e-002  3.515625e-001
      vertex  6.541603e-003  5.305064e-002  3.515625e-001
    endloop
  endfacet
  facet normal  -0.000000e+000  0.000000e+000  1.000000e+000
    outer loop
      vertex  3.868421e-001  6.789474e-001  3.515625e-001
      vertex  6.541603e-003  5.305064e-002  3.515625e-001
      vertex  1.448308e-002  3.819318e-002  3.515625e-001
    endloop
  endfacet
  facet normal  -0.000000e+000  0.000000e+000  1.000000e+000
    outer loop
      vertex  3.868421e-001  6.789474e-001  3.515625e-001
      vertex  1.448308e-002  3.819318e-002  3.515625e-001
      vertex  2.517051e-002  2.517051e-002  3.515625e-001
    endloop
  endfacet
  facet normal  -0.000000e+000  0.000000e+000  1.000000e+000
    outer loop
      vertex  3.868421e-001  6.789474e-001  3.515625e-001
      vertex  2.517051e-002  2.517051e-002  3.515625e-001
      vertex  3.819318e-002  1.448308e-002  3.515625e-001
    endloop
  endfacet
  facet normal  -0.000000e+000  0.000000e+000  9.999999e-001
    outer loop
      vertex  3.868421e-001  6.789474e-001  3.515625e-001
      vertex  3.819318e-002  1.448308e-002  3.515625e-001
      vertex  5.305064e-002  6.541603e-003  3.515625e-001
    endloop
  endfacet
  facet normal  -0.000000e+000  0.000000e+000  1.000000e+000
    outer loop
      vertex  3.868421e-001  6.789474e-001  3.515625e-001
      vertex  5.305064e-002  6.541603e-003  3.515625e-001
      vertex  6.917193e-002  1.651265e-003  3.515625e-001
    endloop
  endfacet
  facet normal  -0.000000e+000  0.000000e+000  1.000000e+000
    outer loop
      vertex  3.868421e-001  6.789474e-001  3.515625e-001
      vertex  6.917193e-002  1.651265e-003  3.515625e-001
      vertex  8.593750e-002  0.000000e+000  3.515625e-001
    endloop
  endfacet
  facet normal  0.000000e+000  0.000000e+000  1.000000e+000
    outer loop
      vertex  3.868421e-001  6.789474e-001  3.515625e-001
      vertex  8.593750e-002  0.000000e+000  3.515625e-001
      vertex  7.500000e-001  0.000000e+000  3.515625e-001
    endloop
  endfacet
  facet normal  0.000000e+000  0.000000e+000 -1.000000e+000
    outer loop
      vertex  3.868421e-001  6.789474e-001  0.000000e+000
      vertex  7.500000e-001  0.000000e+000  0.000000e+000
      vertex  8.593750e-002  0.000000e+000  0.000000e+000
    endloop
  endfacet
  facet normal  0.000000e+000  0.000000e+000 -1.000000e+000
    outer loop
      vertex  3.868421e-001  6.789474e-001  0.000000e+000
      vertex  8.593750e-002  0.000000e+000  0.000000e+000
      vertex  6.917193e-002  1.651265e-003  0.000000e+000
    endloop
  endfacet
  facet normal  0.000000e+000  0.000000e+000 -1.000000e+000
    outer loop
      vertex  3.868421e-001  6.789474e-001  0.000000e+000
      vertex  6.917193e-002  1.651265e-003  0.000000e+000
      vertex  5.305064e-002  6.541603e-003  0.000000e+000
    endloop
  endfacet
  facet normal  0.000000e+000  0.000000e+000 -1.000000e+000
    outer loop
      vertex  3.868421e-001  6.789474e-001  0.000000e+000
      vertex  5.305064e-002  6.541603e-003  0.000000e+000
      vertex  3.819318e-002  1.448308e-002  0.000000e+000
    endloop
  endfacet
  facet normal  0.000000e+000  0.000000e+000 -1.000000e+000
    outer loop
      vertex  3.868421e-001  6.789474e-001  0.000000e+000
      vertex  3.819318e-002  1.448308e-002  0.000000e+000
      vertex  2.517051e-002  2.517051e-002  0.000000e+000
    endloop
  endfacet
  facet normal  0.000000e+000  0.000000e+000 -1.000000e+000
    outer loop
      vertex  3.868421e-001  6.789474e-001  0.000000e+000
      vertex  2.517051e-002  2.517051e-002  0.000000e+000
      vertex  1.448308e-002  3.819318e-002  0.000000e+000
    endloop
  endfacet
  facet normal  0.000000e+000  0.000000e+000 -1.000000e+000
    outer loop
      vertex  3.868421e-001  6.789474e-001  0.000000e+000
      vertex  1.448308e-002  3.819318e-002  0.000000e+000
      vertex  6.541603e-003  5.305064e-002  0.000000e+000
    endloop
  endfacet
  facet normal  0.000000e+000  0.000000e+000 -1.000000e+000
    outer loop
      vertex  3.868421e-001  6.789474e-001  0.000000e+000
      vertex  6.541603e-003  5.305064e-002  0.000000e+000
      vertex  1.651265e-003  6.917193e-002  0.000000e+000
    endloop
  endfacet
  facet normal  0.000000e+000  0.000000e+000 -1.000000e+000
    outer loop
      vertex  3.868421e-001  6.789474e-001  0.000000e+000
      vertex  1.651265e-003  6.917193e-002  0.000000e+000
      vertex  0.000000e+000  8.593750e-002  0.000000e+000
    endloop
  endfacet
  facet normal  0.000000e+000  0.000000e+000 -1.000000e+000
    outer loop
      vertex  3.868421e-001  6.789474e-001  0.000000e+000
      vertex  0.000000e+000  8.593750e-002  0.000000e+000
      vertex  0.000000e+000  5.930099e-001  0.000000e+000
    endloop
  endfacet
  facet normal  0.000000e+000  0.000000e+000 -1.000000e+000
    outer loop
      vertex  3.868421e-001  6.789474e-001  0.000000e+000
      vertex  0.000000e+000  5.930099e-001  0.000000e+000
      vertex  1.651265e-003  6.097754e-001  0.000000e+000
    endloop
  endfacet
  facet normal  0.000000e+000  0.000000e+000 -1.000000e+000
    outer loop
      vertex  3.868421e-001  6.789474e-001  0.000000e+000
      vertex  1.651265e-003  6.097754e-001  0.000000e+000
      vertex  6.541603e-003  6.258968e-001  0.000000e+000
    endloop
  endfacet
  facet normal  0.000000e+000  0.000000e+000 -1.000000e+000
    outer loop
      vertex  3.868421e-001  6.789474e-001  0.000000e+000
      vertex  6.541603e-003  6.258968e-001  0.000000e+000
      vertex  1.448308e-002  6.407542e-001  0.000000e+000
    endloop
  endfacet
  facet normal  0.000000e+000  0.000000e+000 -1.000000e+000
    outer loop
      vertex  3.868421e-001  6.789474e-001  0.000000e+000
      vertex  1.448308e-002  6.407542e-001  0.000000e+000
      vertex  2.517051e-002  6.537769e-001  0.000000e+000
    endloop
  endfacet
  facet normal  0.000000e+000  0.000000e+000 -1.000000e+000
    outer loop
      vertex  3.868421e-001  6.789474e-001  0.000000e+000
      vertex  2.517051e-002  6.537769e-001  0.000000e+000
      vertex  3.819318e-002  6.644643e-001  0.000000e+000
    endloop
  endfacet
  facet normal  0.000000e+000  0.000000e+000 -1.000000e+000
    outer loop
      vertex  3.868421e-001  6.789474e-001  0.000000e+000
      vertex  3.819318e-002  6.644643e-001  0.000000e+000
      vertex  5.305064e-002  6.724058e-001  0.000000e+000
    endloop
  endfacet
  facet normal  0.000000e+000  0.000000e+000 -9.999999e-001
    outer loop
      vertex  3.868421e-001  6.789474e-001  0.000000e+000
      vertex  5.305064e-002  6.724058e-001  0.000000e+000
      vertex  6.917193e-002  6.772961e-001  0.000000e+000
    endloop
  endfacet
  facet normal  0.000000e+000  0.000000e+000 -1.000000e+000
    outer loop
      vertex  3.868421e-001  6.789474e-001  0.000000e+000
      vertex  6.917193e-002  6.772961e-001  0.000000e+000
      vertex  8.593750e-002  6.789474e-001  0.000000e+000
    endloop
  endfacet
  facet normal -1.000000e+000  0.000000e+000  0.000000e+000
    outer loop
      vertex  0.000000e+000  5.930099e-001  3.515625e-001
      vertex  0.000000e+000  5.930099e-001  0.000000e+000
      vertex  0.000000e+000  8.593750e-002  3.515625e-001
    endloop
  endfacet
  facet normal -1.000000e+000  0.000000e+000  0.000000e+000
    outer loop
      vertex  0.000000e+000  8.593750e-002  3.515625e-001
      vertex  0.000000e+000  5.930099e-001  0.000000e+000
      vertex  0.000000e+000  8.593750e-002  0.000000e+000
    endloop
  endfacet
  facet normal  0.000000e+000 -1.000000e+000  0.000000e+000
    outer loop
      vertex  8.593750e-002  0.000000e+000  3.515625e-001
      vertex  8.593750e-002  0.000000e+000  0.000000e+000
      vertex  7.500000e-001  0.000000e+000  3.515625e-001
    endloop
  endfacet
  facet normal  0.000000e+000 -1.000000e+000  -0.000000e+000
    outer loop
      vertex  7.500000e-001  0.000000e+000  3.515625e-001
      vertex  8.593750e-002  0.000000e+000  0.000000e+000
      vertex  7.500000e-001  0.000000e+000  0.000000e+000
    endloop
  endfacet
  facet normal -9.801714e-002 -9.951847e-001  -0.000000e+000
    outer loop
      vertex  8.593750e-002  0.000000e+000  0.000000e+000
      vertex  8.593750e-002  0.000000e+000  3.515625e-001
      vertex  6.917193e-002  1.651265e-003  0.000000e+000
    endloop
  endfacet
  facet normal -9.801714e-002 -9.951847e-001  0.000000e+000
    outer loop
      vertex  6.917193e-002  1.651265e-003  0.000000e+000
      vertex  8.593750e-002  0.000000e+000  3.515625e-001
      vertex  6.917193e-002  1.651265e-003  3.515625e-001
    endloop
  endfacet
  facet normal -2.902846e-001 -9.569403e-001  -0.000000e+000
    outer loop
      vertex  6.917193e-002  1.651265e-003  0.000000e+000
      vertex  6.917193e-002  1.651265e-003  3.515625e-001
      vertex  5.305064e-002  6.541603e-003  0.000000e+000
    endloop
  endfacet
  facet normal -2.902846e-001 -9.569403e-001  0.000000e+000
    outer loop
      vertex  5.305064e-002  6.541603e-003  0.000000e+000
      vertex  6.917193e-002  1.651265e-003  3.515625e-001
      vertex  5.305064e-002  6.541603e-003  3.515625e-001
    endloop
  endfacet
  facet normal -4.713968e-001 -8.819212e-001  -0.000000e+000
    outer loop
      vertex  5.305064e-002  6.541603e-003  0.000000e+000
      vertex  5.305064e-002  6.541603e-003  3.515625e-001
      vertex  3.819318e-002  1.448308e-002  0.000000e+000
    endloop
  endfacet
  facet normal -4.713968e-001 -8.819212e-001  0.000000e+000
    outer loop
      vertex  3.819318e-002  1.448308e-002  0.000000e+000
      vertex  5.305064e-002  6.541603e-003  3.515625e-001
      vertex  3.819318e-002  1.448308e-002  3.515625e-001
    endloop
  endfacet
  facet normal -6.343932e-001 -7.730105e-001  -0.000000e+000
    outer loop
      vertex  3.819318e-002  1.448308e-002  0.000000e+000
      vertex  3.819318e-002  1.448308e-002  3.515625e-001
      vertex  2.517051e-002  2.517051e-002  0.000000e+000
    endloop
  endfacet
  facet normal -6.343932e-001 -7.730105e-001  0.000000e+000
    outer loop
      vertex  2.517051e-002  2.517051e-002  0.000000e+000
      vertex  3.819318e-002  1.448308e-002  3.515625e-001
      vertex  2.517051e-002  2.517051e-002  3.515625e-001
    endloop
  endfacet
  facet normal -7.730105e-001 -6.343932e-001  -0.000000e+000
    outer loop
      vertex  2.517051e-002  2.517051e-002  0.000000e+000
      vertex  2.517051e-002  2.517051e-002  3.515625e-001
      vertex  1.448308e-002  3.819318e-002  0.000000e+000
    endloop
  endfacet
  facet normal -7.730105e-001 -6.343932e-001  0.000000e+000
    outer loop
      vertex  1.448308e-002  3.819318e-002  0.000000e+000
      vertex  2.517051e-002  2.517051e-002  3.515625e-001
      vertex  1.448308e-002  3.819318e-002  3.515625e-001
    endloop
  endfacet
  facet normal -8.819212e-001 -4.713968e-001  -0.000000e+000
    outer loop
      vertex  1.448308e-002  3.819318e-002  0.000000e+000
      vertex  1.448308e-002  3.819318e-002  3.515625e-001
      vertex  6.541603e-003  5.305064e-002  0.000000e+000
    endloop
  endfacet
  facet normal -8.819212e-001 -4.713968e-001  0.000000e+000
    outer loop
      vertex  6.541603e-003  5.305064e-002  0.000000e+000
      vertex  1.448308e-002  3.819318e-002  3.515625e-001
      vertex  6.541603e-003  5.305064e-002  3.515625e-001
    endloop
  endfacet
  facet normal -9.569403e-001 -2.902846e-001  -0.000000e+000
    outer loop
      vertex  6.541603e-003  5.305064e-002  0.000000e+000
      vertex  6.541603e-003  5.305064e-002  3.515625e-001
      vertex  1.651265e-003  6.917193e-002  0.000000e+000
    endloop
  endfacet
  facet normal -9.569403e-001 -2.902846e-001  0.000000e+000
    outer loop
      vertex  1.651265e-003  6.917193e-002  0.000000e+000
      vertex  6.541603e-003  5.305064e-002  3.515625e-001
      vertex  1.651265e-003  6.917193e-002  3.515625e-001
    endloop
  endfacet
  facet normal -9.951847e-001 -9.801714e-002  -0.000000e+000
    outer loop
      vertex  1.651265e-003  6.917193e-002  0.000000e+000
      vertex  1.651265e-003  6.917193e-002  3.515625e-001
      vertex  0.000000e+000  8.593750e-002  0.000000e+000
    endloop
  endfacet
  facet normal -9.951847e-001 -9.801714e-002  0.000000e+000
    outer loop
      vertex  0.000000e+000  8.593750e-002  0.000000e+000
      vertex  1.651265e-003  6.917193e-002  3.515625e-001
      vertex  0.000000e+000  8.593750e-002  3.515625e-001
    endloop
  endfacet
  facet normal  0.000000e+000  1.000000e+000  -0.000000e+000
    outer loop
      vertex  3.868421e-001  6.789474e-001  3.515625e-001
      vertex  3.868421e-001  6.789474e-001  0.000000e+000
      vertex  8.593750e-002  6.789474e-001  3.515625e-001
    endloop
  endfacet
  facet normal  0.000000e+000  1.000000e+000  0.000000e+000
    outer loop
      vertex  8.593750e-002  6.789474e-001  3.515625e-001
      vertex  3.868421e-001  6.789474e-001  0.000000e+000
      vertex  8.593750e-002  6.789474e-001  0.000000e+000
    endloop
  endfacet
  facet normal -9.951847e-001  9.801736e-002  0.000000e+000
    outer loop
      vertex  0.000000e+000  5.930099e-001  0.000000e+000
      vertex  0.000000e+000  5.930099e-001  3.515625e-001
      vertex  1.651265e-003  6.097754e-001  0.000000e+000
    endloop
  endfacet
  facet normal -9.951847e-001  9.801736e-002  0.000000e+000
    outer loop
      vertex  1.651265e-003  6.097754e-001  0.000000e+000
      vertex  0.000000e+000  5.930099e-001  3.515625e-001
      vertex  1.651265e-003  6.097754e-001  3.515625e-001
    endloop
  endfacet
  facet normal -9.569406e-001  2.902839e-001  0.000000e+000
    outer loop
      vertex  1.651265e-003  6.097754e-001  0.000000e+000
      vertex  1.651265e-003  6.097754e-001  3.515625e-001
      vertex  6.541603e-003  6.258968e-001  0.000000e+000
    endloop
  endfacet
  facet normal -9.569406e-001  2.902839e-001  0.000000e+000
    outer loop
      vertex  6.541603e-003  6.258968e-001  0.000000e+000
      vertex  1.651265e-003  6.097754e-001  3.515625e-001
      vertex  6.541603e-003  6.258968e-001  3.515625e-001
    endloop
  endfacet
  facet normal -8.819206e-001  4.713979e-001  0.000000e+000
    outer loop
      vertex  6.541603e-003  6.258968e-001  0.000000e+000
      vertex  6.541603e-003  6.258968e-001  3.515625e-001
      vertex  1.448308e-002  6.407542e-001  0.000000e+000
    endloop
  endfacet
  facet normal -8.819206e-001  4.713979e-001  0.000000e+000
    outer loop
      vertex  1.448308e-002  6.407542e-001  0.000000e+000
      vertex  6.541603e-003  6.258968e-001  3.515625e-001
      vertex  1.448308e-002  6.407542e-001  3.515625e-001
    endloop
  endfacet
  facet normal -7.730116e-001  6.343918e-001  0.000000e+000
    outer loop
      vertex  1.448308e-002  6.407542e-001  0.000000e+000
      vertex  1.448308e-002  6.407542e-001  3.515625e-001
      vertex  2.517051e-002  6.537769e-001  0.000000e+000
    endloop
  endfacet
  facet normal -7.730116e-001  6.343918e-001  0.000000e+000
    outer loop
      vertex  2.517051e-002  6.537769e-001  0.000000e+000
      vertex  1.448308e-002  6.407542e-001  3.515625e-001
      vertex  2.517051e-002  6.537769e-001  3.515625e-001
    endloop
  endfacet
  facet normal -6.343926e-001  7.730111e-001  0.000000e+000
    outer loop
      vertex  2.517051e-002  6.537769e-001  0.000000e+000
      vertex  2.517051e-002  6.537769e-001  3.515625e-001
      vertex  3.819318e-002  6.644643e-001  0.000000e+000
    endloop
  endfacet
  facet normal -6.343926e-001  7.730111e-001  0.000000e+000
    outer loop
      vertex  3.819318e-002  6.644643e-001  0.000000e+000
      vertex  2.517051e-002  6.537769e-001  3.515625e-001
      vertex  3.819318e-002  6.644643e-001  3.515625e-001
    endloop
  endfacet
  facet normal -4.713971e-001  8.819211e-001  0.000000e+000
    outer loop
      vertex  3.819318e-002  6.644643e-001  0.000000e+000
      vertex  3.819318e-002  6.644643e-001  3.515625e-001
      vertex  5.305064e-002  6.724058e-001  0.000000e+000
    endloop
  endfacet
  facet normal -4.713971e-001  8.819211e-001  0.000000e+000
    outer loop
      vertex  5.305064e-002  6.724058e-001  0.000000e+000
      vertex  3.819318e-002  6.644643e-001  3.515625e-001
      vertex  5.305064e-002  6.724058e-001  3.515625e-001
    endloop
  endfacet
  facet normal -2.902838e-001  9.569407e-001  0.000000e+000
    outer loop
      vertex  5.305064e-002  6.724058e-001  0.000000e+000
      vertex  5.305064e-002  6.724058e-001  3.515625e-001
      vertex  6.917193e-002  6.772961e-001  0.000000e+000
    endloop
  endfacet
  facet normal -2.902838e-001  9.569407e-001  0.000000e+000
    outer loop
      vertex  6.917193e-002  6.772961e-001  0.000000e+000
      vertex  5.305064e-002  6.724058e-001  3.515625e-001
      vertex  6.917193e-002  6.772961e-001  3.515625e-001
    endloop
  endfacet
  facet normal -9.801846e-002  9.951847e-001  0.000000e+000
    outer loop
      vertex  6.917193e-002  6.772961e-001  0.000000e+000
      vertex  6.917193e-002  6.772961e-001  3.515625e-001
      vertex  8.593750e-002  6.789474e-001  0.000000e+000
    endloop
  endfacet
  facet normal -9.801846e-002  9.951847e-001  0.000000e+000
    outer loop
      vertex  8.593750e-002  6.789474e-001  0.000000e+000
      vertex  6.917193e-002  6.772961e-001  3.515625e-001
      vertex  8.593750e-002  6.789474e-001  3.515625e-001
    endloop
  endfacet
  facet normal  8.817847e-001  4.716523e-001  -0.000000e+000
    outer loop
      vertex  7.500000e-001  0.000000e+000  3.515625e-001
      vertex  7.500000e-001  0.000000e+000  0.000000e+000
      vertex  3.868421e-001  6.789474e-001  3.515625e-001
    endloop
  endfacet
  facet normal  8.817847e-001  4.716523e-001  0.000000e+000
    outer loop
      vertex  3.868421e-001  6.789474e-001  3.515625e-001
      vertex  7.500000e-001  0.000000e+000  0.000000e+000
      vertex  3.868421e-001  6.789474e-001  0.000000e+000
    endloop
  endfacet
endsolid CATIA STL
