solid CATIA STL
  facet normal -1.000000e+000  0.000000e+000  -0.000000e+000
    outer loop
      vertex -3.750000e-001  1.734206e-001 -6.683225e-002
      vertex -3.750000e-001  1.838845e-001 -3.233733e-002
      vertex -3.750000e-001  2.007224e-001 -1.672171e-001
    endloop
  endfacet
  facet normal -1.000000e+000  0.000000e+000  0.000000e+000
    outer loop
      vertex -3.750000e-001  3.889802e-002  2.581415e-001
      vertex -3.750000e-001  8.494120e-002  2.469508e-001
      vertex -3.750000e-001 -8.494120e-002  2.469508e-001
    endloop
  endfacet
  facet normal -1.000000e+000  0.000000e+000  0.000000e+000
    outer loop
      vertex -3.750000e-001  3.889802e-002  2.581415e-001
      vertex -3.750000e-001 -8.494120e-002  2.469508e-001
      vertex -3.750000e-001 -3.889802e-002  2.581415e-001
    endloop
  endfacet
  facet normal -1.000000e+000  0.000000e+000  0.000000e+000
    outer loop
      vertex -3.750000e-001  3.889802e-002  2.581415e-001
      vertex -3.750000e-001 -3.889802e-002  2.581415e-001
      vertex -3.750000e-001 -3.889802e-002  3.359375e-001
    endloop
  endfacet
  facet normal -1.000000e+000  0.000000e+000  0.000000e+000
    outer loop
      vertex -3.750000e-001  3.889802e-002  2.581415e-001
      vertex -3.750000e-001 -3.889802e-002  3.359375e-001
      vertex -3.750000e-001  3.889802e-002  3.359375e-001
    endloop
  endfacet
  facet normal -1.000000e+000  0.000000e+000  0.000000e+000
    outer loop
      vertex -3.750000e-001 -3.889802e-002 -2.581415e-001
      vertex -3.750000e-001 -8.494120e-002 -2.469508e-001
      vertex -3.750000e-001  8.494120e-002 -2.469508e-001
    endloop
  endfacet
  facet normal -1.000000e+000  0.000000e+000  0.000000e+000
    outer loop
      vertex -3.750000e-001 -3.889802e-002 -2.581415e-001
      vertex -3.750000e-001  8.494120e-002 -2.469508e-001
      vertex -3.750000e-001  3.889802e-002 -2.581415e-001
    endloop
  endfacet
  facet normal -1.000000e+000  -0.000000e+000  -0.000000e+000
    outer loop
      vertex -3.750000e-001 -3.889802e-002 -2.581415e-001
      vertex -3.750000e-001  3.889802e-002 -2.581415e-001
      vertex -3.750000e-001  3.889802e-002 -3.359375e-001
    endloop
  endfacet
  facet normal -1.000000e+000  0.000000e+000  0.000000e+000
    outer loop
      vertex -3.750000e-001 -3.889802e-002 -2.581415e-001
      vertex -3.750000e-001  3.889802e-002 -3.359375e-001
      vertex -3.750000e-001 -3.889802e-002 -3.359375e-001
    endloop
  endfacet
  facet normal -1.000000e+000  0.000000e+000  0.000000e+000
    outer loop
      vertex -3.750000e-001 -2.581415e-001 -3.889802e-002
      vertex -3.750000e-001 -3.359375e-001 -3.889802e-002
      vertex -3.750000e-001 -3.359375e-001  3.889802e-002
    endloop
  endfacet
  facet normal -1.000000e+000  0.000000e+000  0.000000e+000
    outer loop
      vertex -3.750000e-001 -2.581415e-001 -3.889802e-002
      vertex -3.750000e-001 -3.359375e-001  3.889802e-002
      vertex -3.750000e-001 -2.581415e-001  3.889802e-002
    endloop
  endfacet
  facet normal -1.000000e+000  0.000000e+000  0.000000e+000
    outer loop
      vertex -3.750000e-001 -2.581415e-001 -3.889802e-002
      vertex -3.750000e-001 -2.581415e-001  3.889802e-002
      vertex -3.750000e-001 -2.469508e-001 -8.494120e-002
    endloop
  endfacet
  facet normal -1.000000e+000  -0.000000e+000  0.000000e+000
    outer loop
      vertex -3.750000e-001 -1.803454e-001  3.536184e-003
      vertex -3.750000e-001 -1.768122e-001 -3.233733e-002
      vertex -3.750000e-001 -2.007224e-001 -1.672171e-001
    endloop
  endfacet
  facet normal -1.000000e+000  0.000000e+000  0.000000e+000
    outer loop
      vertex -3.750000e-001 -1.803454e-001  3.536184e-003
      vertex -3.750000e-001 -2.007224e-001 -1.672171e-001
      vertex -3.750000e-001 -2.007224e-001  1.672171e-001
    endloop
  endfacet
  facet normal -1.000000e+000  0.000000e+000  0.000000e+000
    outer loop
      vertex -3.750000e-001 -1.803454e-001  3.536184e-003
      vertex -3.750000e-001 -2.007224e-001  1.672171e-001
      vertex -3.750000e-001 -1.768122e-001  3.940970e-002
    endloop
  endfacet
  facet normal -1.000000e+000  0.000000e+000  0.000000e+000
    outer loop
      vertex -3.750000e-001 -3.750000e-001  3.750000e-001
      vertex -3.750000e-001 -3.889802e-002  3.359375e-001
      vertex -3.750000e-001 -3.359375e-001  3.359375e-001
    endloop
  endfacet
  facet normal -1.000000e+000  -0.000000e+000  -0.000000e+000
    outer loop
      vertex -3.750000e-001 -3.750000e-001  3.750000e-001
      vertex -3.750000e-001 -3.359375e-001  3.359375e-001
      vertex -3.750000e-001 -3.359375e-001  3.889802e-002
    endloop
  endfacet
  facet normal -1.000000e+000  -0.000000e+000  -0.000000e+000
    outer loop
      vertex -3.750000e-001 -3.750000e-001  3.750000e-001
      vertex -3.750000e-001 -3.359375e-001  3.889802e-002
      vertex -3.750000e-001 -3.359375e-001 -3.889802e-002
    endloop
  endfacet
  facet normal -1.000000e+000  -0.000000e+000  -0.000000e+000
    outer loop
      vertex -3.750000e-001 -3.750000e-001  3.750000e-001
      vertex -3.750000e-001 -3.359375e-001 -3.889802e-002
      vertex -3.750000e-001 -3.359375e-001 -3.359375e-001
    endloop
  endfacet
  facet normal -1.000000e+000  -0.000000e+000  0.000000e+000
    outer loop
      vertex -3.750000e-001 -3.750000e-001  3.750000e-001
      vertex -3.750000e-001 -3.359375e-001 -3.359375e-001
      vertex -3.750000e-001 -3.750000e-001 -3.750000e-001
    endloop
  endfacet
  facet normal -1.000000e+000  0.000000e+000  0.000000e+000
    outer loop
      vertex -3.750000e-001  3.750000e-001  3.750000e-001
      vertex -3.750000e-001  3.750000e-001 -3.750000e-001
      vertex -3.750000e-001  3.359375e-001 -3.359375e-001
    endloop
  endfacet
  facet normal -1.000000e+000  0.000000e+000  0.000000e+000
    outer loop
      vertex -3.750000e-001  3.750000e-001  3.750000e-001
      vertex -3.750000e-001  3.359375e-001 -3.359375e-001
      vertex -3.750000e-001  3.359375e-001 -3.889802e-002
    endloop
  endfacet
  facet normal -1.000000e+000  0.000000e+000  0.000000e+000
    outer loop
      vertex -3.750000e-001  3.750000e-001  3.750000e-001
      vertex -3.750000e-001  3.359375e-001 -3.889802e-002
      vertex -3.750000e-001  3.359375e-001  3.889802e-002
    endloop
  endfacet
  facet normal -1.000000e+000  0.000000e+000  0.000000e+000
    outer loop
      vertex -3.750000e-001  3.750000e-001  3.750000e-001
      vertex -3.750000e-001  3.359375e-001  3.889802e-002
      vertex -3.750000e-001  3.359375e-001  3.359375e-001
    endloop
  endfacet
  facet normal -1.000000e+000  0.000000e+000  0.000000e+000
    outer loop
      vertex -3.750000e-001  3.750000e-001  3.750000e-001
      vertex -3.750000e-001  3.359375e-001  3.359375e-001
      vertex -3.750000e-001  3.889802e-002  3.359375e-001
    endloop
  endfacet
  facet normal -1.000000e+000  0.000000e+000  0.000000e+000
    outer loop
      vertex -3.750000e-001  3.750000e-001  3.750000e-001
      vertex -3.750000e-001  3.889802e-002  3.359375e-001
      vertex -3.750000e-001 -3.889802e-002  3.359375e-001
    endloop
  endfacet
  facet normal -1.000000e+000  0.000000e+000  0.000000e+000
    outer loop
      vertex -3.750000e-001  3.750000e-001  3.750000e-001
      vertex -3.750000e-001 -3.889802e-002  3.359375e-001
      vertex -3.750000e-001 -3.750000e-001  3.750000e-001
    endloop
  endfacet
  facet normal -1.000000e+000  0.000000e+000  0.000000e+000
    outer loop
      vertex -3.750000e-001  3.750000e-001 -3.750000e-001
      vertex -3.750000e-001 -3.750000e-001 -3.750000e-001
      vertex -3.750000e-001 -3.359375e-001 -3.359375e-001
    endloop
  endfacet
  facet normal -1.000000e+000  0.000000e+000  0.000000e+000
    outer loop
      vertex -3.750000e-001  3.750000e-001 -3.750000e-001
      vertex -3.750000e-001 -3.359375e-001 -3.359375e-001
      vertex -3.750000e-001 -3.889802e-002 -3.359375e-001
    endloop
  endfacet
  facet normal -1.000000e+000  0.000000e+000  0.000000e+000
    outer loop
      vertex -3.750000e-001  3.750000e-001 -3.750000e-001
      vertex -3.750000e-001 -3.889802e-002 -3.359375e-001
      vertex -3.750000e-001  3.889802e-002 -3.359375e-001
    endloop
  endfacet
  facet normal -1.000000e+000  0.000000e+000  0.000000e+000
    outer loop
      vertex -3.750000e-001  3.750000e-001 -3.750000e-001
      vertex -3.750000e-001  3.889802e-002 -3.359375e-001
      vertex -3.750000e-001  3.359375e-001 -3.359375e-001
    endloop
  endfacet
  facet normal -1.000000e+000  0.000000e+000  0.000000e+000
    outer loop
      vertex -3.750000e-001  1.672171e-001 -2.007224e-001
      vertex -3.750000e-001  1.281921e-001 -2.275972e-001
      vertex -3.750000e-001 -1.281921e-001 -2.275972e-001
    endloop
  endfacet
  facet normal -1.000000e+000  0.000000e+000  0.000000e+000
    outer loop
      vertex -3.750000e-001  1.672171e-001 -2.007224e-001
      vertex -3.750000e-001 -1.281921e-001 -2.275972e-001
      vertex -3.750000e-001 -1.672171e-001 -2.007224e-001
    endloop
  endfacet
  facet normal -1.000000e+000  0.000000e+000  0.000000e+000
    outer loop
      vertex -3.750000e-001  1.672171e-001 -2.007224e-001
      vertex -3.750000e-001 -1.672171e-001 -2.007224e-001
      vertex -3.750000e-001  3.536184e-003 -1.803454e-001
    endloop
  endfacet
  facet normal -1.000000e+000  0.000000e+000  0.000000e+000
    outer loop
      vertex -3.750000e-001  1.672171e-001 -2.007224e-001
      vertex -3.750000e-001  3.536184e-003 -1.803454e-001
      vertex -3.750000e-001  3.940970e-002 -1.768122e-001
    endloop
  endfacet
  facet normal -1.000000e+000  0.000000e+000  0.000000e+000
    outer loop
      vertex -3.750000e-001  1.672171e-001 -2.007224e-001
      vertex -3.750000e-001  3.940970e-002 -1.768122e-001
      vertex -3.750000e-001  7.390462e-002 -1.663482e-001
    endloop
  endfacet
  facet normal -1.000000e+000  0.000000e+000  0.000000e+000
    outer loop
      vertex -3.750000e-001  1.672171e-001 -2.007224e-001
      vertex -3.750000e-001  7.390462e-002 -1.663482e-001
      vertex -3.750000e-001  1.056953e-001 -1.493558e-001
    endloop
  endfacet
  facet normal -1.000000e+000  0.000000e+000  0.000000e+000
    outer loop
      vertex -3.750000e-001  1.672171e-001 -2.007224e-001
      vertex -3.750000e-001  1.056953e-001 -1.493558e-001
      vertex -3.750000e-001  1.335601e-001 -1.264877e-001
    endloop
  endfacet
  facet normal -1.000000e+000  0.000000e+000  0.000000e+000
    outer loop
      vertex -3.750000e-001  1.672171e-001 -2.007224e-001
      vertex -3.750000e-001  1.335601e-001 -1.264877e-001
      vertex -3.750000e-001  1.564281e-001 -9.862295e-002
    endloop
  endfacet
  facet normal -1.000000e+000  0.000000e+000  0.000000e+000
    outer loop
      vertex -3.750000e-001  1.672171e-001 -2.007224e-001
      vertex -3.750000e-001  1.564281e-001 -9.862295e-002
      vertex -3.750000e-001  1.734206e-001 -6.683225e-002
    endloop
  endfacet
  facet normal -1.000000e+000  0.000000e+000  -0.000000e+000
    outer loop
      vertex -3.750000e-001  1.672171e-001 -2.007224e-001
      vertex -3.750000e-001  1.734206e-001 -6.683225e-002
      vertex -3.750000e-001  2.007224e-001 -1.672171e-001
    endloop
  endfacet
  facet normal -1.000000e+000  0.000000e+000  0.000000e+000
    outer loop
      vertex -3.750000e-001  1.672171e-001  2.007224e-001
      vertex -3.750000e-001  1.734206e-001  7.390462e-002
      vertex -3.750000e-001  1.564281e-001  1.056953e-001
    endloop
  endfacet
  facet normal -1.000000e+000  0.000000e+000  0.000000e+000
    outer loop
      vertex -3.750000e-001  1.672171e-001  2.007224e-001
      vertex -3.750000e-001  1.564281e-001  1.056953e-001
      vertex -3.750000e-001  1.335601e-001  1.335601e-001
    endloop
  endfacet
  facet normal -1.000000e+000  0.000000e+000  0.000000e+000
    outer loop
      vertex -3.750000e-001  1.672171e-001  2.007224e-001
      vertex -3.750000e-001  1.335601e-001  1.335601e-001
      vertex -3.750000e-001  1.056953e-001  1.564281e-001
    endloop
  endfacet
  facet normal -9.999999e-001  0.000000e+000  0.000000e+000
    outer loop
      vertex -3.750000e-001  1.672171e-001  2.007224e-001
      vertex -3.750000e-001  1.056953e-001  1.564281e-001
      vertex -3.750000e-001  7.390462e-002  1.734206e-001
    endloop
  endfacet
  facet normal -9.999999e-001  0.000000e+000  0.000000e+000
    outer loop
      vertex -3.750000e-001  1.672171e-001  2.007224e-001
      vertex -3.750000e-001  7.390462e-002  1.734206e-001
      vertex -3.750000e-001  3.940970e-002  1.838845e-001
    endloop
  endfacet
  facet normal -1.000000e+000  0.000000e+000  0.000000e+000
    outer loop
      vertex -3.750000e-001  1.672171e-001  2.007224e-001
      vertex -3.750000e-001  3.940970e-002  1.838845e-001
      vertex -3.750000e-001  3.536184e-003  1.874178e-001
    endloop
  endfacet
  facet normal -1.000000e+000  0.000000e+000  0.000000e+000
    outer loop
      vertex -3.750000e-001  1.672171e-001  2.007224e-001
      vertex -3.750000e-001  3.536184e-003  1.874178e-001
      vertex -3.750000e-001 -1.672171e-001  2.007224e-001
    endloop
  endfacet
  facet normal -1.000000e+000  0.000000e+000  0.000000e+000
    outer loop
      vertex -3.750000e-001  1.672171e-001  2.007224e-001
      vertex -3.750000e-001 -1.672171e-001  2.007224e-001
      vertex -3.750000e-001 -1.281921e-001  2.275972e-001
    endloop
  endfacet
  facet normal -1.000000e+000  0.000000e+000  0.000000e+000
    outer loop
      vertex -3.750000e-001  1.672171e-001  2.007224e-001
      vertex -3.750000e-001 -1.281921e-001  2.275972e-001
      vertex -3.750000e-001  1.281921e-001  2.275972e-001
    endloop
  endfacet
  facet normal -1.000000e+000  0.000000e+000  0.000000e+000
    outer loop
      vertex -3.750000e-001  2.007224e-001  1.672171e-001
      vertex -3.750000e-001  1.874178e-001  3.536184e-003
      vertex -3.750000e-001  1.838845e-001  3.940970e-002
    endloop
  endfacet
  facet normal -9.999999e-001  0.000000e+000  0.000000e+000
    outer loop
      vertex -3.750000e-001  2.007224e-001  1.672171e-001
      vertex -3.750000e-001  1.838845e-001  3.940970e-002
      vertex -3.750000e-001  1.734206e-001  7.390462e-002
    endloop
  endfacet
  facet normal -1.000000e+000  0.000000e+000  0.000000e+000
    outer loop
      vertex -3.750000e-001  2.007224e-001  1.672171e-001
      vertex -3.750000e-001  1.734206e-001  7.390462e-002
      vertex -3.750000e-001  1.672171e-001  2.007224e-001
    endloop
  endfacet
  facet normal -1.000000e+000  0.000000e+000  0.000000e+000
    outer loop
      vertex -3.750000e-001 -1.672171e-001 -2.007224e-001
      vertex -3.750000e-001 -2.007224e-001 -1.672171e-001
      vertex -3.750000e-001 -1.768122e-001 -3.233733e-002
    endloop
  endfacet
  facet normal -1.000000e+000  0.000000e+000  0.000000e+000
    outer loop
      vertex -3.750000e-001 -1.672171e-001 -2.007224e-001
      vertex -3.750000e-001 -1.768122e-001 -3.233733e-002
      vertex -3.750000e-001 -1.663482e-001 -6.683225e-002
    endloop
  endfacet
  facet normal -1.000000e+000  0.000000e+000  -0.000000e+000
    outer loop
      vertex -3.750000e-001 -1.672171e-001 -2.007224e-001
      vertex -3.750000e-001 -1.663482e-001 -6.683225e-002
      vertex -3.750000e-001 -1.493558e-001 -9.862295e-002
    endloop
  endfacet
  facet normal -1.000000e+000  0.000000e+000  -0.000000e+000
    outer loop
      vertex -3.750000e-001 -1.672171e-001 -2.007224e-001
      vertex -3.750000e-001 -1.493558e-001 -9.862295e-002
      vertex -3.750000e-001 -1.264877e-001 -1.264877e-001
    endloop
  endfacet
  facet normal -1.000000e+000  0.000000e+000  -0.000000e+000
    outer loop
      vertex -3.750000e-001 -1.672171e-001 -2.007224e-001
      vertex -3.750000e-001 -1.264877e-001 -1.264877e-001
      vertex -3.750000e-001 -9.862295e-002 -1.493558e-001
    endloop
  endfacet
  facet normal -1.000000e+000  0.000000e+000  -0.000000e+000
    outer loop
      vertex -3.750000e-001 -1.672171e-001 -2.007224e-001
      vertex -3.750000e-001 -9.862295e-002 -1.493558e-001
      vertex -3.750000e-001 -6.683225e-002 -1.663482e-001
    endloop
  endfacet
  facet normal -1.000000e+000  0.000000e+000  -0.000000e+000
    outer loop
      vertex -3.750000e-001 -1.672171e-001 -2.007224e-001
      vertex -3.750000e-001 -6.683225e-002 -1.663482e-001
      vertex -3.750000e-001 -3.233733e-002 -1.768122e-001
    endloop
  endfacet
  facet normal -1.000000e+000  0.000000e+000  -0.000000e+000
    outer loop
      vertex -3.750000e-001 -1.672171e-001 -2.007224e-001
      vertex -3.750000e-001 -3.233733e-002 -1.768122e-001
      vertex -3.750000e-001  3.536184e-003 -1.803454e-001
    endloop
  endfacet
  facet normal -1.000000e+000  -0.000000e+000  0.000000e+000
    outer loop
      vertex -3.750000e-001 -1.672171e-001  2.007224e-001
      vertex -3.750000e-001  3.536184e-003  1.874178e-001
      vertex -3.750000e-001 -3.233733e-002  1.838845e-001
    endloop
  endfacet
  facet normal -1.000000e+000  -0.000000e+000  0.000000e+000
    outer loop
      vertex -3.750000e-001 -1.672171e-001  2.007224e-001
      vertex -3.750000e-001 -3.233733e-002  1.838845e-001
      vertex -3.750000e-001 -6.683225e-002  1.734206e-001
    endloop
  endfacet
  facet normal -1.000000e+000  -0.000000e+000  0.000000e+000
    outer loop
      vertex -3.750000e-001 -1.672171e-001  2.007224e-001
      vertex -3.750000e-001 -6.683225e-002  1.734206e-001
      vertex -3.750000e-001 -9.862295e-002  1.564281e-001
    endloop
  endfacet
  facet normal -1.000000e+000  -0.000000e+000  0.000000e+000
    outer loop
      vertex -3.750000e-001 -1.672171e-001  2.007224e-001
      vertex -3.750000e-001 -9.862295e-002  1.564281e-001
      vertex -3.750000e-001 -1.264877e-001  1.335601e-001
    endloop
  endfacet
  facet normal -1.000000e+000  -0.000000e+000  0.000000e+000
    outer loop
      vertex -3.750000e-001 -1.672171e-001  2.007224e-001
      vertex -3.750000e-001 -1.264877e-001  1.335601e-001
      vertex -3.750000e-001 -1.493558e-001  1.056953e-001
    endloop
  endfacet
  facet normal -1.000000e+000  -0.000000e+000  0.000000e+000
    outer loop
      vertex -3.750000e-001 -1.672171e-001  2.007224e-001
      vertex -3.750000e-001 -1.493558e-001  1.056953e-001
      vertex -3.750000e-001 -1.663482e-001  7.390462e-002
    endloop
  endfacet
  facet normal -9.999999e-001  -0.000000e+000  0.000000e+000
    outer loop
      vertex -3.750000e-001 -1.672171e-001  2.007224e-001
      vertex -3.750000e-001 -1.663482e-001  7.390462e-002
      vertex -3.750000e-001 -1.768122e-001  3.940970e-002
    endloop
  endfacet
  facet normal -9.999999e-001  0.000000e+000  0.000000e+000
    outer loop
      vertex -3.750000e-001 -1.672171e-001  2.007224e-001
      vertex -3.750000e-001 -1.768122e-001  3.940970e-002
      vertex -3.750000e-001 -2.007224e-001  1.672171e-001
    endloop
  endfacet
  facet normal -1.000000e+000  0.000000e+000  -0.000000e+000
    outer loop
      vertex -3.750000e-001  1.874178e-001  3.536184e-003
      vertex -3.750000e-001  2.007224e-001  1.672171e-001
      vertex -3.750000e-001  2.275972e-001  1.281921e-001
    endloop
  endfacet
  facet normal -1.000000e+000  0.000000e+000  -0.000000e+000
    outer loop
      vertex -3.750000e-001  1.874178e-001  3.536184e-003
      vertex -3.750000e-001  2.275972e-001  1.281921e-001
      vertex -3.750000e-001  2.469508e-001  8.494120e-002
    endloop
  endfacet
  facet normal -1.000000e+000  0.000000e+000  -0.000000e+000
    outer loop
      vertex -3.750000e-001  1.874178e-001  3.536184e-003
      vertex -3.750000e-001  2.469508e-001  8.494120e-002
      vertex -3.750000e-001  2.581415e-001  3.889802e-002
    endloop
  endfacet
  facet normal -1.000000e+000  0.000000e+000  -0.000000e+000
    outer loop
      vertex -3.750000e-001  1.874178e-001  3.536184e-003
      vertex -3.750000e-001  2.581415e-001  3.889802e-002
      vertex -3.750000e-001  3.359375e-001  3.889802e-002
    endloop
  endfacet
  facet normal -1.000000e+000  0.000000e+000  -0.000000e+000
    outer loop
      vertex -3.750000e-001  1.874178e-001  3.536184e-003
      vertex -3.750000e-001  3.359375e-001  3.889802e-002
      vertex -3.750000e-001  3.359375e-001 -3.889802e-002
    endloop
  endfacet
  facet normal -1.000000e+000  0.000000e+000  0.000000e+000
    outer loop
      vertex -3.750000e-001  1.874178e-001  3.536184e-003
      vertex -3.750000e-001  3.359375e-001 -3.889802e-002
      vertex -3.750000e-001  2.581415e-001 -3.889802e-002
    endloop
  endfacet
  facet normal -9.999999e-001  -0.000000e+000  0.000000e+000
    outer loop
      vertex -3.750000e-001  1.874178e-001  3.536184e-003
      vertex -3.750000e-001  2.581415e-001 -3.889802e-002
      vertex -3.750000e-001  2.469508e-001 -8.494120e-002
    endloop
  endfacet
  facet normal -1.000000e+000  -0.000000e+000  0.000000e+000
    outer loop
      vertex -3.750000e-001  1.874178e-001  3.536184e-003
      vertex -3.750000e-001  2.469508e-001 -8.494120e-002
      vertex -3.750000e-001  2.275972e-001 -1.281921e-001
    endloop
  endfacet
  facet normal -9.999999e-001  -0.000000e+000  0.000000e+000
    outer loop
      vertex -3.750000e-001  1.874178e-001  3.536184e-003
      vertex -3.750000e-001  2.275972e-001 -1.281921e-001
      vertex -3.750000e-001  2.007224e-001 -1.672171e-001
    endloop
  endfacet
  facet normal -1.000000e+000  0.000000e+000  0.000000e+000
    outer loop
      vertex -3.750000e-001  1.874178e-001  3.536184e-003
      vertex -3.750000e-001  2.007224e-001 -1.672171e-001
      vertex -3.750000e-001  1.838845e-001 -3.233733e-002
    endloop
  endfacet
  facet normal -1.000000e+000  0.000000e+000  -0.000000e+000
    outer loop
      vertex -3.750000e-001 -2.581415e-001  3.889802e-002
      vertex -3.750000e-001 -2.469508e-001  8.494120e-002
      vertex -3.750000e-001 -2.469508e-001 -8.494120e-002
    endloop
  endfacet
  facet normal -1.000000e+000  0.000000e+000  0.000000e+000
    outer loop
      vertex -3.750000e-001 -2.469508e-001 -8.494120e-002
      vertex -3.750000e-001 -2.469508e-001  8.494120e-002
      vertex -3.750000e-001 -2.275972e-001  1.281921e-001
    endloop
  endfacet
  facet normal -1.000000e+000  0.000000e+000  -0.000000e+000
    outer loop
      vertex -3.750000e-001 -2.469508e-001 -8.494120e-002
      vertex -3.750000e-001 -2.275972e-001  1.281921e-001
      vertex -3.750000e-001 -2.275972e-001 -1.281921e-001
    endloop
  endfacet
  facet normal -1.000000e+000  0.000000e+000  0.000000e+000
    outer loop
      vertex -3.750000e-001 -2.275972e-001 -1.281921e-001
      vertex -3.750000e-001 -2.275972e-001  1.281921e-001
      vertex -3.750000e-001 -2.007224e-001  1.672171e-001
    endloop
  endfacet
  facet normal -1.000000e+000  0.000000e+000  -0.000000e+000
    outer loop
      vertex -3.750000e-001 -2.275972e-001 -1.281921e-001
      vertex -3.750000e-001 -2.007224e-001  1.672171e-001
      vertex -3.750000e-001 -2.007224e-001 -1.672171e-001
    endloop
  endfacet
  facet normal -1.000000e+000  0.000000e+000  -0.000000e+000
    outer loop
      vertex -3.750000e-001 -1.281921e-001  2.275972e-001
      vertex -3.750000e-001 -8.494120e-002  2.469508e-001
      vertex -3.750000e-001  1.281921e-001  2.275972e-001
    endloop
  endfacet
  facet normal -1.000000e+000  0.000000e+000  0.000000e+000
    outer loop
      vertex -3.750000e-001  1.281921e-001  2.275972e-001
      vertex -3.750000e-001 -8.494120e-002  2.469508e-001
      vertex -3.750000e-001  8.494120e-002  2.469508e-001
    endloop
  endfacet
  facet normal -1.000000e+000  0.000000e+000  0.000000e+000
    outer loop
      vertex -3.750000e-001 -8.494120e-002 -2.469508e-001
      vertex -3.750000e-001 -1.281921e-001 -2.275972e-001
      vertex -3.750000e-001  8.494120e-002 -2.469508e-001
    endloop
  endfacet
  facet normal -1.000000e+000  0.000000e+000  0.000000e+000
    outer loop
      vertex -3.750000e-001  8.494120e-002 -2.469508e-001
      vertex -3.750000e-001 -1.281921e-001 -2.275972e-001
      vertex -3.750000e-001  1.281921e-001 -2.275972e-001
    endloop
  endfacet
  facet normal  1.000000e+000  0.000000e+000  0.000000e+000
    outer loop
      vertex  3.750000e-001  2.007224e-001 -1.672171e-001
      vertex  3.750000e-001  1.838845e-001 -3.233733e-002
      vertex  3.750000e-001  1.734206e-001 -6.683225e-002
    endloop
  endfacet
  facet normal  1.000000e+000  0.000000e+000  0.000000e+000
    outer loop
      vertex  3.750000e-001  3.889802e-002  2.581415e-001
      vertex  3.750000e-001  3.889802e-002  3.359375e-001
      vertex  3.750000e-001 -3.889802e-002  3.359375e-001
    endloop
  endfacet
  facet normal  1.000000e+000  0.000000e+000  0.000000e+000
    outer loop
      vertex  3.750000e-001  3.889802e-002  2.581415e-001
      vertex  3.750000e-001 -3.889802e-002  3.359375e-001
      vertex  3.750000e-001 -3.889802e-002  2.581415e-001
    endloop
  endfacet
  facet normal  1.000000e+000  -0.000000e+000  0.000000e+000
    outer loop
      vertex  3.750000e-001  3.889802e-002  2.581415e-001
      vertex  3.750000e-001 -3.889802e-002  2.581415e-001
      vertex  3.750000e-001 -8.494120e-002  2.469508e-001
    endloop
  endfacet
  facet normal  1.000000e+000  0.000000e+000  0.000000e+000
    outer loop
      vertex  3.750000e-001  3.889802e-002  2.581415e-001
      vertex  3.750000e-001 -8.494120e-002  2.469508e-001
      vertex  3.750000e-001  8.494120e-002  2.469508e-001
    endloop
  endfacet
  facet normal  1.000000e+000  0.000000e+000  0.000000e+000
    outer loop
      vertex  3.750000e-001 -3.889802e-002 -2.581415e-001
      vertex  3.750000e-001 -3.889802e-002 -3.359375e-001
      vertex  3.750000e-001  3.889802e-002 -3.359375e-001
    endloop
  endfacet
  facet normal  1.000000e+000  0.000000e+000  -0.000000e+000
    outer loop
      vertex  3.750000e-001 -3.889802e-002 -2.581415e-001
      vertex  3.750000e-001  3.889802e-002 -3.359375e-001
      vertex  3.750000e-001  3.889802e-002 -2.581415e-001
    endloop
  endfacet
  facet normal  1.000000e+000  0.000000e+000  -0.000000e+000
    outer loop
      vertex  3.750000e-001 -3.889802e-002 -2.581415e-001
      vertex  3.750000e-001  3.889802e-002 -2.581415e-001
      vertex  3.750000e-001  8.494120e-002 -2.469508e-001
    endloop
  endfacet
  facet normal  1.000000e+000  0.000000e+000  0.000000e+000
    outer loop
      vertex  3.750000e-001 -3.889802e-002 -2.581415e-001
      vertex  3.750000e-001  8.494120e-002 -2.469508e-001
      vertex  3.750000e-001 -8.494120e-002 -2.469508e-001
    endloop
  endfacet
  facet normal  1.000000e+000  0.000000e+000  0.000000e+000
    outer loop
      vertex  3.750000e-001 -2.581415e-001 -3.889802e-002
      vertex  3.750000e-001 -2.469508e-001 -8.494120e-002
      vertex  3.750000e-001 -2.581415e-001  3.889802e-002
    endloop
  endfacet
  facet normal  1.000000e+000  0.000000e+000  0.000000e+000
    outer loop
      vertex  3.750000e-001 -2.581415e-001 -3.889802e-002
      vertex  3.750000e-001 -2.581415e-001  3.889802e-002
      vertex  3.750000e-001 -3.359375e-001  3.889802e-002
    endloop
  endfacet
  facet normal  1.000000e+000  0.000000e+000  0.000000e+000
    outer loop
      vertex  3.750000e-001 -2.581415e-001 -3.889802e-002
      vertex  3.750000e-001 -3.359375e-001  3.889802e-002
      vertex  3.750000e-001 -3.359375e-001 -3.889802e-002
    endloop
  endfacet
  facet normal  1.000000e+000  0.000000e+000  0.000000e+000
    outer loop
      vertex  3.750000e-001 -1.803454e-001  3.536184e-003
      vertex  3.750000e-001 -1.768122e-001  3.940970e-002
      vertex  3.750000e-001 -2.007224e-001  1.672171e-001
    endloop
  endfacet
  facet normal  1.000000e+000  0.000000e+000  0.000000e+000
    outer loop
      vertex  3.750000e-001 -1.803454e-001  3.536184e-003
      vertex  3.750000e-001 -2.007224e-001  1.672171e-001
      vertex  3.750000e-001 -2.007224e-001 -1.672171e-001
    endloop
  endfacet
  facet normal  1.000000e+000  0.000000e+000  0.000000e+000
    outer loop
      vertex  3.750000e-001 -1.803454e-001  3.536184e-003
      vertex  3.750000e-001 -2.007224e-001 -1.672171e-001
      vertex  3.750000e-001 -1.768122e-001 -3.233733e-002
    endloop
  endfacet
  facet normal  1.000000e+000  0.000000e+000  0.000000e+000
    outer loop
      vertex  3.750000e-001 -3.750000e-001  3.750000e-001
      vertex  3.750000e-001 -3.750000e-001 -3.750000e-001
      vertex  3.750000e-001 -3.359375e-001 -3.359375e-001
    endloop
  endfacet
  facet normal  1.000000e+000  0.000000e+000  -0.000000e+000
    outer loop
      vertex  3.750000e-001 -3.750000e-001  3.750000e-001
      vertex  3.750000e-001 -3.359375e-001 -3.359375e-001
      vertex  3.750000e-001 -3.359375e-001 -3.889802e-002
    endloop
  endfacet
  facet normal  1.000000e+000  0.000000e+000  -0.000000e+000
    outer loop
      vertex  3.750000e-001 -3.750000e-001  3.750000e-001
      vertex  3.750000e-001 -3.359375e-001 -3.889802e-002
      vertex  3.750000e-001 -3.359375e-001  3.889802e-002
    endloop
  endfacet
  facet normal  1.000000e+000  0.000000e+000  -0.000000e+000
    outer loop
      vertex  3.750000e-001 -3.750000e-001  3.750000e-001
      vertex  3.750000e-001 -3.359375e-001  3.889802e-002
      vertex  3.750000e-001 -3.359375e-001  3.359375e-001
    endloop
  endfacet
  facet normal  1.000000e+000  0.000000e+000  -0.000000e+000
    outer loop
      vertex  3.750000e-001 -3.750000e-001  3.750000e-001
      vertex  3.750000e-001 -3.359375e-001  3.359375e-001
      vertex  3.750000e-001 -3.889802e-002  3.359375e-001
    endloop
  endfacet
  facet normal  1.000000e+000  -0.000000e+000  0.000000e+000
    outer loop
      vertex  3.750000e-001  3.750000e-001  3.750000e-001
      vertex  3.750000e-001 -3.750000e-001  3.750000e-001
      vertex  3.750000e-001 -3.889802e-002  3.359375e-001
    endloop
  endfacet
  facet normal  1.000000e+000  0.000000e+000  0.000000e+000
    outer loop
      vertex  3.750000e-001  3.750000e-001  3.750000e-001
      vertex  3.750000e-001 -3.889802e-002  3.359375e-001
      vertex  3.750000e-001  3.889802e-002  3.359375e-001
    endloop
  endfacet
  facet normal  1.000000e+000  0.000000e+000  0.000000e+000
    outer loop
      vertex  3.750000e-001  3.750000e-001  3.750000e-001
      vertex  3.750000e-001  3.889802e-002  3.359375e-001
      vertex  3.750000e-001  3.359375e-001  3.359375e-001
    endloop
  endfacet
  facet normal  1.000000e+000  -0.000000e+000  0.000000e+000
    outer loop
      vertex  3.750000e-001  3.750000e-001  3.750000e-001
      vertex  3.750000e-001  3.359375e-001  3.359375e-001
      vertex  3.750000e-001  3.359375e-001  3.889802e-002
    endloop
  endfacet
  facet normal  1.000000e+000  -0.000000e+000  0.000000e+000
    outer loop
      vertex  3.750000e-001  3.750000e-001  3.750000e-001
      vertex  3.750000e-001  3.359375e-001  3.889802e-002
      vertex  3.750000e-001  3.359375e-001 -3.889802e-002
    endloop
  endfacet
  facet normal  1.000000e+000  -0.000000e+000  0.000000e+000
    outer loop
      vertex  3.750000e-001  3.750000e-001  3.750000e-001
      vertex  3.750000e-001  3.359375e-001 -3.889802e-002
      vertex  3.750000e-001  3.359375e-001 -3.359375e-001
    endloop
  endfacet
  facet normal  1.000000e+000  -0.000000e+000  0.000000e+000
    outer loop
      vertex  3.750000e-001  3.750000e-001  3.750000e-001
      vertex  3.750000e-001  3.359375e-001 -3.359375e-001
      vertex  3.750000e-001  3.750000e-001 -3.750000e-001
    endloop
  endfacet
  facet normal  1.000000e+000  0.000000e+000  0.000000e+000
    outer loop
      vertex  3.750000e-001  3.750000e-001 -3.750000e-001
      vertex  3.750000e-001  3.359375e-001 -3.359375e-001
      vertex  3.750000e-001  3.889802e-002 -3.359375e-001
    endloop
  endfacet
  facet normal  1.000000e+000  0.000000e+000  0.000000e+000
    outer loop
      vertex  3.750000e-001  3.750000e-001 -3.750000e-001
      vertex  3.750000e-001  3.889802e-002 -3.359375e-001
      vertex  3.750000e-001 -3.889802e-002 -3.359375e-001
    endloop
  endfacet
  facet normal  1.000000e+000  0.000000e+000  0.000000e+000
    outer loop
      vertex  3.750000e-001  3.750000e-001 -3.750000e-001
      vertex  3.750000e-001 -3.889802e-002 -3.359375e-001
      vertex  3.750000e-001 -3.359375e-001 -3.359375e-001
    endloop
  endfacet
  facet normal  1.000000e+000  0.000000e+000  0.000000e+000
    outer loop
      vertex  3.750000e-001  3.750000e-001 -3.750000e-001
      vertex  3.750000e-001 -3.359375e-001 -3.359375e-001
      vertex  3.750000e-001 -3.750000e-001 -3.750000e-001
    endloop
  endfacet
  facet normal  1.000000e+000  0.000000e+000  0.000000e+000
    outer loop
      vertex  3.750000e-001  1.672171e-001 -2.007224e-001
      vertex  3.750000e-001  2.007224e-001 -1.672171e-001
      vertex  3.750000e-001  1.734206e-001 -6.683225e-002
    endloop
  endfacet
  facet normal  1.000000e+000  0.000000e+000  0.000000e+000
    outer loop
      vertex  3.750000e-001  1.672171e-001 -2.007224e-001
      vertex  3.750000e-001  1.734206e-001 -6.683225e-002
      vertex  3.750000e-001  1.564281e-001 -9.862295e-002
    endloop
  endfacet
  facet normal  1.000000e+000  0.000000e+000  0.000000e+000
    outer loop
      vertex  3.750000e-001  1.672171e-001 -2.007224e-001
      vertex  3.750000e-001  1.564281e-001 -9.862295e-002
      vertex  3.750000e-001  1.335601e-001 -1.264877e-001
    endloop
  endfacet
  facet normal  1.000000e+000  0.000000e+000  0.000000e+000
    outer loop
      vertex  3.750000e-001  1.672171e-001 -2.007224e-001
      vertex  3.750000e-001  1.335601e-001 -1.264877e-001
      vertex  3.750000e-001  1.056953e-001 -1.493558e-001
    endloop
  endfacet
  facet normal  1.000000e+000  0.000000e+000  0.000000e+000
    outer loop
      vertex  3.750000e-001  1.672171e-001 -2.007224e-001
      vertex  3.750000e-001  1.056953e-001 -1.493558e-001
      vertex  3.750000e-001  7.390462e-002 -1.663482e-001
    endloop
  endfacet
  facet normal  1.000000e+000  0.000000e+000  0.000000e+000
    outer loop
      vertex  3.750000e-001  1.672171e-001 -2.007224e-001
      vertex  3.750000e-001  7.390462e-002 -1.663482e-001
      vertex  3.750000e-001  3.940970e-002 -1.768122e-001
    endloop
  endfacet
  facet normal  1.000000e+000  0.000000e+000  0.000000e+000
    outer loop
      vertex  3.750000e-001  1.672171e-001 -2.007224e-001
      vertex  3.750000e-001  3.940970e-002 -1.768122e-001
      vertex  3.750000e-001  3.536184e-003 -1.803454e-001
    endloop
  endfacet
  facet normal  1.000000e+000  0.000000e+000  0.000000e+000
    outer loop
      vertex  3.750000e-001  1.672171e-001 -2.007224e-001
      vertex  3.750000e-001  3.536184e-003 -1.803454e-001
      vertex  3.750000e-001 -1.672171e-001 -2.007224e-001
    endloop
  endfacet
  facet normal  1.000000e+000  -0.000000e+000  0.000000e+000
    outer loop
      vertex  3.750000e-001  1.672171e-001 -2.007224e-001
      vertex  3.750000e-001 -1.672171e-001 -2.007224e-001
      vertex  3.750000e-001 -1.281921e-001 -2.275972e-001
    endloop
  endfacet
  facet normal  1.000000e+000  0.000000e+000  0.000000e+000
    outer loop
      vertex  3.750000e-001  1.672171e-001 -2.007224e-001
      vertex  3.750000e-001 -1.281921e-001 -2.275972e-001
      vertex  3.750000e-001  1.281921e-001 -2.275972e-001
    endloop
  endfacet
  facet normal  1.000000e+000  0.000000e+000  0.000000e+000
    outer loop
      vertex  3.750000e-001  1.672171e-001  2.007224e-001
      vertex  3.750000e-001  1.281921e-001  2.275972e-001
      vertex  3.750000e-001 -1.281921e-001  2.275972e-001
    endloop
  endfacet
  facet normal  1.000000e+000  0.000000e+000  0.000000e+000
    outer loop
      vertex  3.750000e-001  1.672171e-001  2.007224e-001
      vertex  3.750000e-001 -1.281921e-001  2.275972e-001
      vertex  3.750000e-001 -1.672171e-001  2.007224e-001
    endloop
  endfacet
  facet normal  1.000000e+000  -0.000000e+000  0.000000e+000
    outer loop
      vertex  3.750000e-001  1.672171e-001  2.007224e-001
      vertex  3.750000e-001 -1.672171e-001  2.007224e-001
      vertex  3.750000e-001  3.536184e-003  1.874178e-001
    endloop
  endfacet
  facet normal  1.000000e+000  -0.000000e+000  0.000000e+000
    outer loop
      vertex  3.750000e-001  1.672171e-001  2.007224e-001
      vertex  3.750000e-001  3.536184e-003  1.874178e-001
      vertex  3.750000e-001  3.940970e-002  1.838845e-001
    endloop
  endfacet
  facet normal  9.999999e-001  -0.000000e+000  0.000000e+000
    outer loop
      vertex  3.750000e-001  1.672171e-001  2.007224e-001
      vertex  3.750000e-001  3.940970e-002  1.838845e-001
      vertex  3.750000e-001  7.390462e-002  1.734206e-001
    endloop
  endfacet
  facet normal  9.999999e-001  -0.000000e+000  0.000000e+000
    outer loop
      vertex  3.750000e-001  1.672171e-001  2.007224e-001
      vertex  3.750000e-001  7.390462e-002  1.734206e-001
      vertex  3.750000e-001  1.056953e-001  1.564281e-001
    endloop
  endfacet
  facet normal  1.000000e+000  -0.000000e+000  0.000000e+000
    outer loop
      vertex  3.750000e-001  1.672171e-001  2.007224e-001
      vertex  3.750000e-001  1.056953e-001  1.564281e-001
      vertex  3.750000e-001  1.335601e-001  1.335601e-001
    endloop
  endfacet
  facet normal  1.000000e+000  -0.000000e+000  0.000000e+000
    outer loop
      vertex  3.750000e-001  1.672171e-001  2.007224e-001
      vertex  3.750000e-001  1.335601e-001  1.335601e-001
      vertex  3.750000e-001  1.564281e-001  1.056953e-001
    endloop
  endfacet
  facet normal  1.000000e+000  -0.000000e+000  0.000000e+000
    outer loop
      vertex  3.750000e-001  1.672171e-001  2.007224e-001
      vertex  3.750000e-001  1.564281e-001  1.056953e-001
      vertex  3.750000e-001  1.734206e-001  7.390462e-002
    endloop
  endfacet
  facet normal  1.000000e+000  0.000000e+000  0.000000e+000
    outer loop
      vertex  3.750000e-001  2.007224e-001  1.672171e-001
      vertex  3.750000e-001  1.672171e-001  2.007224e-001
      vertex  3.750000e-001  1.734206e-001  7.390462e-002
    endloop
  endfacet
  facet normal  9.999999e-001  -0.000000e+000  0.000000e+000
    outer loop
      vertex  3.750000e-001  2.007224e-001  1.672171e-001
      vertex  3.750000e-001  1.734206e-001  7.390462e-002
      vertex  3.750000e-001  1.838845e-001  3.940970e-002
    endloop
  endfacet
  facet normal  1.000000e+000  -0.000000e+000  0.000000e+000
    outer loop
      vertex  3.750000e-001  2.007224e-001  1.672171e-001
      vertex  3.750000e-001  1.838845e-001  3.940970e-002
      vertex  3.750000e-001  1.874178e-001  3.536184e-003
    endloop
  endfacet
  facet normal  1.000000e+000  0.000000e+000  0.000000e+000
    outer loop
      vertex  3.750000e-001 -1.672171e-001 -2.007224e-001
      vertex  3.750000e-001  3.536184e-003 -1.803454e-001
      vertex  3.750000e-001 -3.233733e-002 -1.768122e-001
    endloop
  endfacet
  facet normal  1.000000e+000  0.000000e+000  0.000000e+000
    outer loop
      vertex  3.750000e-001 -1.672171e-001 -2.007224e-001
      vertex  3.750000e-001 -3.233733e-002 -1.768122e-001
      vertex  3.750000e-001 -6.683225e-002 -1.663482e-001
    endloop
  endfacet
  facet normal  1.000000e+000  0.000000e+000  0.000000e+000
    outer loop
      vertex  3.750000e-001 -1.672171e-001 -2.007224e-001
      vertex  3.750000e-001 -6.683225e-002 -1.663482e-001
      vertex  3.750000e-001 -9.862295e-002 -1.493558e-001
    endloop
  endfacet
  facet normal  1.000000e+000  0.000000e+000  0.000000e+000
    outer loop
      vertex  3.750000e-001 -1.672171e-001 -2.007224e-001
      vertex  3.750000e-001 -9.862295e-002 -1.493558e-001
      vertex  3.750000e-001 -1.264877e-001 -1.264877e-001
    endloop
  endfacet
  facet normal  1.000000e+000  0.000000e+000  0.000000e+000
    outer loop
      vertex  3.750000e-001 -1.672171e-001 -2.007224e-001
      vertex  3.750000e-001 -1.264877e-001 -1.264877e-001
      vertex  3.750000e-001 -1.493558e-001 -9.862295e-002
    endloop
  endfacet
  facet normal  1.000000e+000  0.000000e+000  0.000000e+000
    outer loop
      vertex  3.750000e-001 -1.672171e-001 -2.007224e-001
      vertex  3.750000e-001 -1.493558e-001 -9.862295e-002
