solid CATIA STL
  facet normal  0.000000e+000  0.000000e+000  1.000000e+000
    outer loop
      vertex -7.184210e-001  7.184210e-001  6.328125e-001
      vertex -7.184210e-001 -7.184210e-001  6.328125e-001
      vertex  7.184210e-001 -7.184210e-001  6.328125e-001
    endloop
  endfacet
  facet normal  0.000000e+000  -0.000000e+000  1.000000e+000
    outer loop
      vertex -7.184210e-001  7.184210e-001  6.328125e-001
      vertex  7.184210e-001 -7.184210e-001  6.328125e-001
      vertex  7.184210e-001  6.559210e-001  6.328125e-001
    endloop
  endfacet
  facet normal  0.000000e+000  0.000000e+000  1.000000e+000
    outer loop
      vertex -7.184210e-001  7.184210e-001  6.328125e-001
      vertex  7.184210e-001  6.559210e-001  6.328125e-001
      vertex  7.172201e-001  6.681142e-001  6.328125e-001
    endloop
  endfacet
  facet normal  0.000000e+000  0.000000e+000  1.000000e+000
    outer loop
      vertex -7.184210e-001  7.184210e-001  6.328125e-001
      vertex  7.172201e-001  6.681142e-001  6.328125e-001
      vertex  7.136635e-001  6.798388e-001  6.328125e-001
    endloop
  endfacet
  facet normal  0.000000e+000  0.000000e+000  9.999999e-001
    outer loop
      vertex -7.184210e-001  7.184210e-001  6.328125e-001
      vertex  7.136635e-001  6.798388e-001  6.328125e-001
      vertex  7.078879e-001  6.906442e-001  6.328125e-001
    endloop
  endfacet
  facet normal  0.000000e+000  0.000000e+000  9.999999e-001
    outer loop
      vertex -7.184210e-001  7.184210e-001  6.328125e-001
      vertex  7.078879e-001  6.906442e-001  6.328125e-001
      vertex  7.001152e-001  7.001152e-001  6.328125e-001
    endloop
  endfacet
  facet normal  0.000000e+000  0.000000e+000  1.000000e+000
    outer loop
      vertex -7.184210e-001  7.184210e-001  6.328125e-001
      vertex  7.001152e-001  7.001152e-001  6.328125e-001
      vertex  6.906442e-001  7.078879e-001  6.328125e-001
    endloop
  endfacet
  facet normal  0.000000e+000  0.000000e+000  1.000000e+000
    outer loop
      vertex -7.184210e-001  7.184210e-001  6.328125e-001
      vertex  6.906442e-001  7.078879e-001  6.328125e-001
      vertex  6.798388e-001  7.136635e-001  6.328125e-001
    endloop
  endfacet
  facet normal  0.000000e+000  0.000000e+000  9.999999e-001
    outer loop
      vertex -7.184210e-001  7.184210e-001  6.328125e-001
      vertex  6.798388e-001  7.136635e-001  6.328125e-001
      vertex  6.681142e-001  7.172201e-001  6.328125e-001
    endloop
  endfacet
  facet normal  0.000000e+000  0.000000e+000  1.000000e+000
    outer loop
      vertex -7.184210e-001  7.184210e-001  6.328125e-001
      vertex  6.681142e-001  7.172201e-001  6.328125e-001
      vertex  6.559210e-001  7.184210e-001  6.328125e-001
    endloop
  endfacet
  facet normal  0.000000e+000  1.000000e+000  -0.000000e+000
    outer loop
      vertex  6.559210e-001  7.184210e-001  6.328125e-001
      vertex  6.559210e-001  7.184210e-001  3.125000e-002
      vertex -7.184210e-001  7.184210e-001  6.328125e-001
    endloop
  endfacet
  facet normal  0.000000e+000  1.000000e+000  0.000000e+000
    outer loop
      vertex -7.184210e-001  7.184210e-001  6.328125e-001
      vertex  6.559210e-001  7.184210e-001  3.125000e-002
      vertex -7.184210e-001  7.184210e-001  3.125000e-002
    endloop
  endfacet
  facet normal  1.000000e+000  0.000000e+000  0.000000e+000
    outer loop
      vertex  7.184210e-001 -7.184210e-001  6.328125e-001
      vertex  7.184210e-001 -7.184210e-001  3.125000e-002
      vertex  7.184210e-001  6.559210e-001  6.328125e-001
    endloop
  endfacet
  facet normal  1.000000e+000  0.000000e+000  0.000000e+000
    outer loop
      vertex  7.184210e-001  6.559210e-001  6.328125e-001
      vertex  7.184210e-001 -7.184210e-001  3.125000e-002
      vertex  7.184210e-001  6.559210e-001  3.125000e-002
    endloop
  endfacet
  facet normal  -0.000000e+000  0.000000e+000  9.999999e-001
    outer loop
      vertex  7.500000e-001  7.500000e-001  3.125000e-002
      vertex -7.500000e-001  7.500000e-001  3.125000e-002
      vertex -7.184210e-001  7.184210e-001  3.125000e-002
    endloop
  endfacet
  facet normal  0.000000e+000  0.000000e+000  1.000000e+000
    outer loop
      vertex  7.500000e-001  7.500000e-001  3.125000e-002
      vertex -7.184210e-001  7.184210e-001  3.125000e-002
      vertex  6.559210e-001  7.184210e-001  3.125000e-002
    endloop
  endfacet
  facet normal  -0.000000e+000  0.000000e+000  1.000000e+000
    outer loop
      vertex  7.500000e-001  7.500000e-001  3.125000e-002
      vertex  6.559210e-001  7.184210e-001  3.125000e-002
      vertex  6.681142e-001  7.172201e-001  3.125000e-002
    endloop
  endfacet
  facet normal  -0.000000e+000  0.000000e+000  9.999999e-001
    outer loop
      vertex  7.500000e-001  7.500000e-001  3.125000e-002
      vertex  6.681142e-001  7.172201e-001  3.125000e-002
      vertex  6.798388e-001  7.136635e-001  3.125000e-002
    endloop
  endfacet
  facet normal  -0.000000e+000  0.000000e+000  1.000000e+000
    outer loop
      vertex  7.500000e-001  7.500000e-001  3.125000e-002
      vertex  6.798388e-001  7.136635e-001  3.125000e-002
      vertex  6.906442e-001  7.078879e-001  3.125000e-002
    endloop
  endfacet
  facet normal  -0.000000e+000  0.000000e+000  1.000000e+000
    outer loop
      vertex  7.500000e-001  7.500000e-001  3.125000e-002
      vertex  6.906442e-001  7.078879e-001  3.125000e-002
      vertex  7.001152e-001  7.001152e-001  3.125000e-002
    endloop
  endfacet
  facet normal  -0.000000e+000  0.000000e+000  1.000000e+000
    outer loop
      vertex  7.500000e-001  7.500000e-001  3.125000e-002
      vertex  7.001152e-001  7.001152e-001  3.125000e-002
      vertex  7.078879e-001  6.906442e-001  3.125000e-002
    endloop
  endfacet
  facet normal  -0.000000e+000  0.000000e+000  1.000000e+000
    outer loop
      vertex  7.500000e-001  7.500000e-001  3.125000e-002
      vertex  7.078879e-001  6.906442e-001  3.125000e-002
      vertex  7.136635e-001  6.798388e-001  3.125000e-002
    endloop
  endfacet
  facet normal  -0.000000e+000  0.000000e+000  9.999999e-001
    outer loop
      vertex  7.500000e-001  7.500000e-001  3.125000e-002
      vertex  7.136635e-001  6.798388e-001  3.125000e-002
      vertex  7.172201e-001  6.681142e-001  3.125000e-002
    endloop
  endfacet
  facet normal  -0.000000e+000  0.000000e+000  1.000000e+000
    outer loop
      vertex  7.500000e-001  7.500000e-001  3.125000e-002
      vertex  7.172201e-001  6.681142e-001  3.125000e-002
      vertex  7.184210e-001  6.559210e-001  3.125000e-002
    endloop
  endfacet
  facet normal  -0.000000e+000  0.000000e+000  1.000000e+000
    outer loop
      vertex  7.500000e-001  7.500000e-001  3.125000e-002
      vertex  7.184210e-001  6.559210e-001  3.125000e-002
      vertex  7.184210e-001 -7.184210e-001  3.125000e-002
    endloop
  endfacet
  facet normal  -0.000000e+000  0.000000e+000  9.999999e-001
    outer loop
      vertex  7.500000e-001  7.500000e-001  3.125000e-002
      vertex  7.184210e-001 -7.184210e-001  3.125000e-002
      vertex  7.500000e-001 -7.500000e-001  3.125000e-002
    endloop
  endfacet
  facet normal  0.000000e+000  0.000000e+000  9.999999e-001
    outer loop
      vertex  7.500000e-001 -7.500000e-001  3.125000e-002
      vertex  7.184210e-001 -7.184210e-001  3.125000e-002
      vertex -7.500000e-001 -7.500000e-001  3.125000e-002
    endloop
  endfacet
  facet normal  0.000000e+000  0.000000e+000  1.000000e+000
    outer loop
      vertex -7.500000e-001 -7.500000e-001  3.125000e-002
      vertex  7.184210e-001 -7.184210e-001  3.125000e-002
      vertex -7.184210e-001 -7.184210e-001  3.125000e-002
    endloop
  endfacet
  facet normal  0.000000e+000  0.000000e+000  9.999999e-001
    outer loop
      vertex -7.500000e-001 -7.500000e-001  3.125000e-002
      vertex -7.184210e-001 -7.184210e-001  3.125000e-002
      vertex -7.500000e-001  7.500000e-001  3.125000e-002
    endloop
  endfacet
  facet normal  0.000000e+000  0.000000e+000  1.000000e+000
    outer loop
      vertex -7.500000e-001  7.500000e-001  3.125000e-002
      vertex -7.184210e-001 -7.184210e-001  3.125000e-002
      vertex -7.184210e-001  7.184210e-001  3.125000e-002
    endloop
  endfacet
  facet normal  9.801669e-002  9.951847e-001  0.000000e+000
    outer loop
      vertex  6.559210e-001  7.184210e-001  3.125000e-002
      vertex  6.559210e-001  7.184210e-001  6.328125e-001
      vertex  6.681142e-001  7.172201e-001  3.125000e-002
    endloop
  endfacet
  facet normal  9.801669e-002  9.951847e-001  -0.000000e+000
    outer loop
      vertex  6.681142e-001  7.172201e-001  3.125000e-002
      vertex  6.559210e-001  7.184210e-001  6.328125e-001
      vertex  6.681142e-001  7.172201e-001  6.328125e-001
    endloop
  endfacet
  facet normal  2.902842e-001  9.569404e-001  0.000000e+000
    outer loop
      vertex  6.681142e-001  7.172201e-001  3.125000e-002
      vertex  6.681142e-001  7.172201e-001  6.328125e-001
      vertex  6.798388e-001  7.136635e-001  3.125000e-002
    endloop
  endfacet
  facet normal  2.902842e-001  9.569404e-001  -0.000000e+000
    outer loop
      vertex  6.798388e-001  7.136635e-001  3.125000e-002
      vertex  6.681142e-001  7.172201e-001  6.328125e-001
      vertex  6.798388e-001  7.136635e-001  6.328125e-001
    endloop
  endfacet
  facet normal  4.713973e-001  8.819211e-001  0.000000e+000
    outer loop
      vertex  6.798388e-001  7.136635e-001  3.125000e-002
      vertex  6.798388e-001  7.136635e-001  6.328125e-001
      vertex  6.906442e-001  7.078879e-001  3.125000e-002
    endloop
  endfacet
  facet normal  4.713973e-001  8.819211e-001  -0.000000e+000
    outer loop
      vertex  6.906442e-001  7.078879e-001  3.125000e-002
      vertex  6.798388e-001  7.136635e-001  6.328125e-001
      vertex  6.906442e-001  7.078879e-001  6.328125e-001
    endloop
  endfacet
  facet normal  6.343950e-001  7.730090e-001  0.000000e+000
    outer loop
      vertex  6.906442e-001  7.078879e-001  3.125000e-002
      vertex  6.906442e-001  7.078879e-001  6.328125e-001
      vertex  7.001152e-001  7.001152e-001  3.125000e-002
    endloop
  endfacet
  facet normal  6.343950e-001  7.730090e-001  -0.000000e+000
    outer loop
      vertex  7.001152e-001  7.001152e-001  3.125000e-002
      vertex  6.906442e-001  7.078879e-001  6.328125e-001
      vertex  7.001152e-001  7.001152e-001  6.328125e-001
    endloop
  endfacet
  facet normal  7.730090e-001  6.343950e-001  0.000000e+000
    outer loop
      vertex  7.001152e-001  7.001152e-001  3.125000e-002
      vertex  7.001152e-001  7.001152e-001  6.328125e-001
      vertex  7.078879e-001  6.906442e-001  3.125000e-002
    endloop
  endfacet
  facet normal  7.730090e-001  6.343950e-001  -0.000000e+000
    outer loop
      vertex  7.078879e-001  6.906442e-001  3.125000e-002
      vertex  7.001152e-001  7.001152e-001  6.328125e-001
      vertex  7.078879e-001  6.906442e-001  6.328125e-001
    endloop
  endfacet
  facet normal  8.819211e-001  4.713973e-001  0.000000e+000
    outer loop
      vertex  7.078879e-001  6.906442e-001  3.125000e-002
      vertex  7.078879e-001  6.906442e-001  6.328125e-001
      vertex  7.136635e-001  6.798388e-001  3.125000e-002
    endloop
  endfacet
  facet normal  8.819211e-001  4.713973e-001  -0.000000e+000
    outer loop
      vertex  7.136635e-001  6.798388e-001  3.125000e-002
      vertex  7.078879e-001  6.906442e-001  6.328125e-001
      vertex  7.136635e-001  6.798388e-001  6.328125e-001
    endloop
  endfacet
  facet normal  9.569404e-001  2.902842e-001  0.000000e+000
    outer loop
      vertex  7.136635e-001  6.798388e-001  3.125000e-002
      vertex  7.136635e-001  6.798388e-001  6.328125e-001
      vertex  7.172201e-001  6.681142e-001  3.125000e-002
    endloop
  endfacet
  facet normal  9.569404e-001  2.902842e-001  -0.000000e+000
    outer loop
      vertex  7.172201e-001  6.681142e-001  3.125000e-002
      vertex  7.136635e-001  6.798388e-001  6.328125e-001
      vertex  7.172201e-001  6.681142e-001  6.328125e-001
    endloop
  endfacet
  facet normal  9.951847e-001  9.801669e-002  0.000000e+000
    outer loop
      vertex  7.172201e-001  6.681142e-001  3.125000e-002
      vertex  7.172201e-001  6.681142e-001  6.328125e-001
      vertex  7.184210e-001  6.559210e-001  3.125000e-002
    endloop
  endfacet
  facet normal  9.951847e-001  9.801669e-002  -0.000000e+000
    outer loop
      vertex  7.184210e-001  6.559210e-001  3.125000e-002
      vertex  7.172201e-001  6.681142e-001  6.328125e-001
      vertex  7.184210e-001  6.559210e-001  6.328125e-001
    endloop
  endfacet
  facet normal -1.000000e+000  0.000000e+000  0.000000e+000
    outer loop
      vertex -7.184210e-001  7.184210e-001  6.328125e-001
      vertex -7.184210e-001  7.184210e-001  3.125000e-002
      vertex -7.184210e-001 -7.184210e-001  6.328125e-001
    endloop
  endfacet
  facet normal -1.000000e+000  0.000000e+000  0.000000e+000
    outer loop
      vertex -7.184210e-001 -7.184210e-001  6.328125e-001
      vertex -7.184210e-001  7.184210e-001  3.125000e-002
      vertex -7.184210e-001 -7.184210e-001  3.125000e-002
    endloop
  endfacet
  facet normal  0.000000e+000 -1.000000e+000  0.000000e+000
    outer loop
      vertex -7.184210e-001 -7.184210e-001  6.328125e-001
      vertex -7.184210e-001 -7.184210e-001  3.125000e-002
      vertex  7.184210e-001 -7.184210e-001  6.328125e-001
    endloop
  endfacet
  facet normal  0.000000e+000 -1.000000e+000  -0.000000e+000
    outer loop
      vertex  7.184210e-001 -7.184210e-001  6.328125e-001
      vertex -7.184210e-001 -7.184210e-001  3.125000e-002
      vertex  7.184210e-001 -7.184210e-001  3.125000e-002
    endloop
  endfacet
  facet normal  0.000000e+000  0.000000e+000 -1.000000e+000
    outer loop
      vertex -7.500000e-001 -7.500000e-001  0.000000e+000
      vertex -7.500000e-001  7.500000e-001  0.000000e+000
      vertex  7.500000e-001 -7.500000e-001  0.000000e+000
    endloop
  endfacet
  facet normal  0.000000e+000  0.000000e+000 -1.000000e+000
    outer loop
      vertex  7.500000e-001 -7.500000e-001  0.000000e+000
      vertex -7.500000e-001  7.500000e-001  0.000000e+000
      vertex  7.500000e-001  7.500000e-001  0.000000e+000
    endloop
  endfacet
  facet normal -1.000000e+000  0.000000e+000  0.000000e+000
    outer loop
      vertex -7.500000e-001  7.500000e-001  3.125000e-002
      vertex -7.500000e-001  7.500000e-001  0.000000e+000
      vertex -7.500000e-001 -7.500000e-001  3.125000e-002
    endloop
  endfacet
  facet normal -1.000000e+000  0.000000e+000  0.000000e+000
    outer loop
      vertex -7.500000e-001 -7.500000e-001  3.125000e-002
      vertex -7.500000e-001  7.500000e-001  0.000000e+000
      vertex -7.500000e-001 -7.500000e-001  0.000000e+000
    endloop
  endfacet
  facet normal  0.000000e+000  1.000000e+000  -0.000000e+000
    outer loop
      vertex  7.500000e-001  7.500000e-001  3.125000e-002
      vertex  7.500000e-001  7.500000e-001  0.000000e+000
      vertex -7.500000e-001  7.500000e-001  3.125000e-002
    endloop
  endfacet
  facet normal  0.000000e+000  1.000000e+000  0.000000e+000
    outer loop
      vertex -7.500000e-001  7.500000e-001  3.125000e-002
      vertex  7.500000e-001  7.500000e-001  0.000000e+000
      vertex -7.500000e-001  7.500000e-001  0.000000e+000
    endloop
  endfacet
  facet normal  1.000000e+000  0.000000e+000  0.000000e+000
    outer loop
      vertex  7.500000e-001 -7.500000e-001  3.125000e-002
      vertex  7.500000e-001 -7.500000e-001  0.000000e+000
      vertex  7.500000e-001  7.500000e-001  3.125000e-002
    endloop
  endfacet
  facet normal  1.000000e+000  0.000000e+000  0.000000e+000
    outer loop
      vertex  7.500000e-001  7.500000e-001  3.125000e-002
      vertex  7.500000e-001 -7.500000e-001  0.000000e+000
      vertex  7.500000e-001  7.500000e-001  0.000000e+000
    endloop
  endfacet
  facet normal  0.000000e+000 -1.000000e+000  0.000000e+000
    outer loop
      vertex -7.500000e-001 -7.500000e-001  3.125000e-002
      vertex -7.500000e-001 -7.500000e-001  0.000000e+000
      vertex  7.500000e-001 -7.500000e-001  3.125000e-002
    endloop
  endfacet
  facet normal  0.000000e+000 -1.000000e+000  -0.000000e+000
    outer loop
      vertex  7.500000e-001 -7.500000e-001  3.125000e-002
      vertex -7.500000e-001 -7.500000e-001  0.000000e+000
      vertex  7.500000e-001 -7.500000e-001  0.000000e+000
    endloop
  endfacet
endsolid CATIA STL
