solid CATIA STL
  facet normal -1.110223e-016  1.000000e+000 -1.110223e-016
    outer loop
      vertex -6.718750e-001  9.540979e-018 -5.859375e-001
      vertex -6.718750e-001  1.561251e-016  7.343750e-001
      vertex  6.901316e-001  3.073382e-016  7.343750e-001
    endloop
  endfacet
  facet normal -1.110223e-016  1.000000e+000 -1.110223e-016
    outer loop
      vertex -6.718750e-001  9.540979e-018 -5.859375e-001
      vertex  6.901316e-001  3.073382e-016  7.343750e-001
      vertex  6.901316e-001  1.512131e-016 -6.718750e-001
    endloop
  endfacet
  facet normal -1.110223e-016  1.000000e+000 -1.110223e-016
    outer loop
      vertex -6.718750e-001  9.540979e-018 -5.859375e-001
      vertex  6.901316e-001  1.512131e-016 -6.718750e-001
      vertex -5.859375e-001  9.540979e-018 -6.718750e-001
    endloop
  endfacet
  facet normal -1.110223e-016  1.000000e+000 -1.110223e-016
    outer loop
      vertex -6.718750e-001  9.540979e-018 -5.859375e-001
      vertex -5.859375e-001  9.540979e-018 -6.718750e-001
      vertex -6.027031e-001  7.862954e-018 -6.702237e-001
    endloop
  endfacet
  facet normal -1.110223e-016  1.000000e+000 -1.110223e-016
    outer loop
      vertex -6.718750e-001  9.540979e-018 -5.859375e-001
      vertex -6.027031e-001  7.862954e-018 -6.702237e-001
      vertex -6.188244e-001  6.616068e-018 -6.653334e-001
    endloop
  endfacet
  facet normal -1.110223e-016  1.000000e+000 -1.110223e-016
    outer loop
      vertex -6.718750e-001  9.540979e-018 -5.859375e-001
      vertex -6.188244e-001  6.616068e-018 -6.653334e-001
      vertex -6.336818e-001  5.848240e-018 -6.573919e-001
    endloop
  endfacet
  facet normal -1.110222e-016  1.000000e+000 -1.110222e-016
    outer loop
      vertex -6.718750e-001  9.540979e-018 -5.859375e-001
      vertex -6.336818e-001  5.848240e-018 -6.573919e-001
      vertex -6.467045e-001  5.588976e-018 -6.467045e-001
    endloop
  endfacet
  facet normal -1.110224e-016  1.000000e+000 -1.110223e-016
    outer loop
      vertex -6.718750e-001  9.540979e-018 -5.859375e-001
      vertex -6.467045e-001  5.588976e-018 -6.467045e-001
      vertex -6.573919e-001  5.848240e-018 -6.336818e-001
    endloop
  endfacet
  facet normal -1.110224e-016  1.000000e+000 -1.110223e-016
    outer loop
      vertex -6.718750e-001  9.540979e-018 -5.859375e-001
      vertex -6.573919e-001  5.848240e-018 -6.336818e-001
      vertex -6.653334e-001  6.616068e-018 -6.188244e-001
    endloop
  endfacet
  facet normal -1.110223e-016  1.000000e+000 -1.110223e-016
    outer loop
      vertex -6.718750e-001  9.540979e-018 -5.859375e-001
      vertex -6.653334e-001  6.616068e-018 -6.188244e-001
      vertex -6.702237e-001  7.862954e-018 -6.027031e-001
    endloop
  endfacet
  facet normal -1.000000e+000  0.000000e+000  0.000000e+000
    outer loop
      vertex -6.718750e-001  9.540979e-018 -5.859375e-001
      vertex -6.718750e-001 -3.671875e-001 -5.859375e-001
      vertex -6.718750e-001  1.561251e-016  7.343750e-001
    endloop
  endfacet
  facet normal -1.000000e+000  -0.000000e+000  0.000000e+000
    outer loop
      vertex -6.718750e-001  1.561251e-016  7.343750e-001
      vertex -6.718750e-001 -3.671875e-001 -5.859375e-001
      vertex -6.718750e-001 -3.671875e-001  7.500000e-001
    endloop
  endfacet
  facet normal -1.000000e+000  0.000000e+000  0.000000e+000
    outer loop
      vertex -6.718750e-001  1.561251e-016  7.343750e-001
      vertex -6.718750e-001 -3.671875e-001  7.500000e-001
      vertex -6.718750e-001 -9.375000e-002  7.500000e-001
    endloop
  endfacet
  facet normal  0.000000e+000 -1.000000e+000  0.000000e+000
    outer loop
      vertex -6.718750e-001 -3.671875e-001 -5.859375e-001
      vertex -6.702237e-001 -3.671875e-001 -6.027031e-001
      vertex -6.653334e-001 -3.671875e-001 -6.188244e-001
    endloop
  endfacet
  facet normal  0.000000e+000 -1.000000e+000  0.000000e+000
    outer loop
      vertex -6.718750e-001 -3.671875e-001 -5.859375e-001
      vertex -6.653334e-001 -3.671875e-001 -6.188244e-001
      vertex -6.573919e-001 -3.671875e-001 -6.336818e-001
    endloop
  endfacet
  facet normal  0.000000e+000 -1.000000e+000  0.000000e+000
    outer loop
      vertex -6.718750e-001 -3.671875e-001 -5.859375e-001
      vertex -6.573919e-001 -3.671875e-001 -6.336818e-001
      vertex -6.467045e-001 -3.671875e-001 -6.467045e-001
    endloop
  endfacet
  facet normal  0.000000e+000 -1.000000e+000  0.000000e+000
    outer loop
      vertex -6.718750e-001 -3.671875e-001 -5.859375e-001
      vertex -6.467045e-001 -3.671875e-001 -6.467045e-001
      vertex -6.336818e-001 -3.671875e-001 -6.573919e-001
    endloop
  endfacet
  facet normal  0.000000e+000 -1.000000e+000  0.000000e+000
    outer loop
      vertex -6.718750e-001 -3.671875e-001 -5.859375e-001
      vertex -6.336818e-001 -3.671875e-001 -6.573919e-001
      vertex -6.188244e-001 -3.671875e-001 -6.653334e-001
    endloop
  endfacet
  facet normal  0.000000e+000 -1.000000e+000  0.000000e+000
    outer loop
      vertex -6.718750e-001 -3.671875e-001 -5.859375e-001
      vertex -6.188244e-001 -3.671875e-001 -6.653334e-001
      vertex -6.027031e-001 -3.671875e-001 -6.702237e-001
    endloop
  endfacet
  facet normal  0.000000e+000 -1.000000e+000  0.000000e+000
    outer loop
      vertex -6.718750e-001 -3.671875e-001 -5.859375e-001
      vertex -6.027031e-001 -3.671875e-001 -6.702237e-001
      vertex -5.859375e-001 -3.671875e-001 -6.718750e-001
    endloop
  endfacet
  facet normal  0.000000e+000 -1.000000e+000  0.000000e+000
    outer loop
      vertex -6.718750e-001 -3.671875e-001 -5.859375e-001
      vertex -5.859375e-001 -3.671875e-001 -6.718750e-001
      vertex  6.901316e-001 -3.671875e-001 -6.718750e-001
    endloop
  endfacet
  facet normal  0.000000e+000 -1.000000e+000  0.000000e+000
    outer loop
      vertex -6.718750e-001 -3.671875e-001 -5.859375e-001
      vertex  6.901316e-001 -3.671875e-001 -6.718750e-001
      vertex  6.901316e-001 -3.671875e-001  7.500000e-001
    endloop
  endfacet
  facet normal  -0.000000e+000 -1.000000e+000  0.000000e+000
    outer loop
      vertex -6.718750e-001 -3.671875e-001 -5.859375e-001
      vertex  6.901316e-001 -3.671875e-001  7.500000e-001
      vertex -6.718750e-001 -3.671875e-001  7.500000e-001
    endloop
  endfacet
  facet normal  0.000000e+000  0.000000e+000 -1.000000e+000
    outer loop
      vertex -5.859375e-001 -3.671875e-001 -6.718750e-001
      vertex -5.859375e-001  9.540979e-018 -6.718750e-001
      vertex  6.901316e-001 -3.671875e-001 -6.718750e-001
    endloop
  endfacet
  facet normal  0.000000e+000  0.000000e+000 -1.000000e+000
    outer loop
      vertex  6.901316e-001 -3.671875e-001 -6.718750e-001
      vertex -5.859375e-001  9.540979e-018 -6.718750e-001
      vertex  6.901316e-001  1.512131e-016 -6.718750e-001
    endloop
  endfacet
  facet normal -9.801833e-002  0.000000e+000 -9.951846e-001
    outer loop
      vertex -5.859375e-001  9.540979e-018 -6.718750e-001
      vertex -5.859375e-001 -3.671875e-001 -6.718750e-001
      vertex -6.027031e-001  7.862954e-018 -6.702237e-001
    endloop
  endfacet
  facet normal -9.801833e-002  -0.000000e+000 -9.951846e-001
    outer loop
      vertex -6.027031e-001  7.862954e-018 -6.702237e-001
      vertex -5.859375e-001 -3.671875e-001 -6.718750e-001
      vertex -6.027031e-001 -3.671875e-001 -6.702237e-001
    endloop
  endfacet
  facet normal -2.902841e-001  0.000000e+000 -9.569405e-001
    outer loop
      vertex -6.027031e-001  7.862954e-018 -6.702237e-001
      vertex -6.027031e-001 -3.671875e-001 -6.702237e-001
      vertex -6.188244e-001  6.616068e-018 -6.653334e-001
    endloop
  endfacet
  facet normal -2.902841e-001  -0.000000e+000 -9.569405e-001
    outer loop
      vertex -6.188244e-001  6.616068e-018 -6.653334e-001
      vertex -6.027031e-001 -3.671875e-001 -6.702237e-001
      vertex -6.188244e-001 -3.671875e-001 -6.653334e-001
    endloop
  endfacet
  facet normal -4.713967e-001  0.000000e+000 -8.819212e-001
    outer loop
      vertex -6.188244e-001  6.616068e-018 -6.653334e-001
      vertex -6.188244e-001 -3.671875e-001 -6.653334e-001
      vertex -6.336818e-001  5.848240e-018 -6.573919e-001
    endloop
  endfacet
  facet normal -4.713967e-001  -0.000000e+000 -8.819212e-001
    outer loop
      vertex -6.336818e-001  5.848240e-018 -6.573919e-001
      vertex -6.188244e-001 -3.671875e-001 -6.653334e-001
      vertex -6.336818e-001 -3.671875e-001 -6.573919e-001
    endloop
  endfacet
  facet normal -6.343929e-001  0.000000e+000 -7.730108e-001
    outer loop
      vertex -6.336818e-001  5.848240e-018 -6.573919e-001
      vertex -6.336818e-001 -3.671875e-001 -6.573919e-001
      vertex -6.467045e-001  5.588976e-018 -6.467045e-001
    endloop
  endfacet
  facet normal -6.343929e-001  -0.000000e+000 -7.730108e-001
    outer loop
      vertex -6.467045e-001  5.588976e-018 -6.467045e-001
      vertex -6.336818e-001 -3.671875e-001 -6.573919e-001
      vertex -6.467045e-001 -3.671875e-001 -6.467045e-001
    endloop
  endfacet
  facet normal -7.730108e-001  0.000000e+000 -6.343929e-001
    outer loop
      vertex -6.467045e-001  5.588976e-018 -6.467045e-001
      vertex -6.467045e-001 -3.671875e-001 -6.467045e-001
      vertex -6.573919e-001  5.848240e-018 -6.336818e-001
    endloop
  endfacet
  facet normal -7.730108e-001  -0.000000e+000 -6.343929e-001
    outer loop
      vertex -6.573919e-001  5.848240e-018 -6.336818e-001
      vertex -6.467045e-001 -3.671875e-001 -6.467045e-001
      vertex -6.573919e-001 -3.671875e-001 -6.336818e-001
    endloop
  endfacet
  facet normal -8.819212e-001  0.000000e+000 -4.713967e-001
    outer loop
      vertex -6.573919e-001  5.848240e-018 -6.336818e-001
      vertex -6.573919e-001 -3.671875e-001 -6.336818e-001
      vertex -6.653334e-001  6.616068e-018 -6.188244e-001
    endloop
  endfacet
  facet normal -8.819212e-001  -0.000000e+000 -4.713967e-001
    outer loop
      vertex -6.653334e-001  6.616068e-018 -6.188244e-001
      vertex -6.573919e-001 -3.671875e-001 -6.336818e-001
      vertex -6.653334e-001 -3.671875e-001 -6.188244e-001
    endloop
  endfacet
  facet normal -9.569405e-001  0.000000e+000 -2.902841e-001
    outer loop
      vertex -6.653334e-001  6.616068e-018 -6.188244e-001
      vertex -6.653334e-001 -3.671875e-001 -6.188244e-001
      vertex -6.702237e-001  7.862954e-018 -6.027031e-001
    endloop
  endfacet
  facet normal -9.569405e-001  -0.000000e+000 -2.902841e-001
    outer loop
      vertex -6.702237e-001  7.862954e-018 -6.027031e-001
      vertex -6.653334e-001 -3.671875e-001 -6.188244e-001
      vertex -6.702237e-001 -3.671875e-001 -6.027031e-001
    endloop
  endfacet
  facet normal -9.951846e-001  0.000000e+000 -9.801833e-002
    outer loop
      vertex -6.702237e-001  7.862954e-018 -6.027031e-001
      vertex -6.702237e-001 -3.671875e-001 -6.027031e-001
      vertex -6.718750e-001  9.540979e-018 -5.859375e-001
    endloop
  endfacet
  facet normal -9.951846e-001  -0.000000e+000 -9.801833e-002
    outer loop
      vertex -6.718750e-001  9.540979e-018 -5.859375e-001
      vertex -6.702237e-001 -3.671875e-001 -6.027031e-001
      vertex -6.718750e-001 -3.671875e-001 -5.859375e-001
    endloop
  endfacet
  facet normal  0.000000e+000  0.000000e+000  1.000000e+000
    outer loop
      vertex  6.901316e-001 -3.671875e-001  7.500000e-001
      vertex  6.901316e-001 -9.375000e-002  7.500000e-001
      vertex -6.718750e-001 -3.671875e-001  7.500000e-001
    endloop
  endfacet
  facet normal  0.000000e+000  0.000000e+000  1.000000e+000
    outer loop
      vertex -6.718750e-001 -3.671875e-001  7.500000e-001
      vertex  6.901316e-001 -9.375000e-002  7.500000e-001
      vertex -6.718750e-001 -9.375000e-002  7.500000e-001
    endloop
  endfacet
  facet normal  1.000000e+000  0.000000e+000  0.000000e+000
    outer loop
      vertex  6.901316e-001 -3.671875e-001 -6.718750e-001
      vertex  6.901316e-001  1.512131e-016 -6.718750e-001
      vertex  6.901316e-001 -3.671875e-001  7.500000e-001
    endloop
  endfacet
  facet normal  1.000000e+000  0.000000e+000  0.000000e+000
    outer loop
      vertex  6.901316e-001 -3.671875e-001  7.500000e-001
      vertex  6.901316e-001  1.512131e-016 -6.718750e-001
      vertex  6.901316e-001  3.073382e-016  7.343750e-001
    endloop
  endfacet
  facet normal  1.000000e+000  0.000000e+000  0.000000e+000
    outer loop
      vertex  6.901316e-001 -3.671875e-001  7.500000e-001
      vertex  6.901316e-001  3.073382e-016  7.343750e-001
      vertex  6.901316e-001 -9.375000e-002  7.500000e-001
    endloop
  endfacet
  facet normal  0.000000e+000  1.643990e-001  9.863939e-001
    outer loop
      vertex  6.901316e-001 -9.375000e-002  7.500000e-001
      vertex  6.901316e-001  3.073382e-016  7.343750e-001
      vertex -6.718750e-001 -9.375000e-002  7.500000e-001
    endloop
  endfacet
  facet normal  0.000000e+000  1.643990e-001  9.863939e-001
    outer loop
      vertex -6.718750e-001 -9.375000e-002  7.500000e-001
      vertex  6.901316e-001  3.073382e-016  7.343750e-001
      vertex -6.718750e-001  1.561251e-016  7.343750e-001
    endloop
  endfacet
endsolid CATIA STL
