solid CATIA STL
  facet normal  0.000000e+000  0.000000e+000  1.000000e+000
    outer loop
      vertex  1.644737e-003 -1.398026e-002  7.500000e-001
      vertex  2.179276e-002 -1.398026e-002  7.500000e-001
      vertex -1.279088e-002 -4.334692e-003  7.500000e-001
    endloop
  endfacet
  facet normal  -0.000000e+000  0.000000e+000  9.999999e-001
    outer loop
      vertex  2.179276e-002  2.179276e-002  7.500000e-001
      vertex -1.398026e-002  2.179276e-002  7.500000e-001
      vertex -1.398026e-002  1.644737e-003  7.500000e-001
    endloop
  endfacet
  facet normal  -0.000000e+000  0.000000e+000  9.999999e-001
    outer loop
      vertex  2.179276e-002  2.179276e-002  7.500000e-001
      vertex -1.398026e-002  1.644737e-003  7.500000e-001
      vertex -1.368003e-002 -1.403549e-003  7.500000e-001
    endloop
  endfacet
  facet normal  -0.000000e+000  0.000000e+000  1.000000e+000
    outer loop
      vertex  2.179276e-002  2.179276e-002  7.500000e-001
      vertex -1.368003e-002 -1.403549e-003  7.500000e-001
      vertex -1.279088e-002 -4.334692e-003  7.500000e-001
    endloop
  endfacet
  facet normal  -0.000000e+000  0.000000e+000  1.000000e+000
    outer loop
      vertex  2.179276e-002  2.179276e-002  7.500000e-001
      vertex -1.279088e-002 -4.334692e-003  7.500000e-001
      vertex  2.179276e-002 -1.398026e-002  7.500000e-001
    endloop
  endfacet
  facet normal  0.000000e+000  0.000000e+000  9.999999e-001
    outer loop
      vertex -1.403549e-003 -1.368003e-002  7.500000e-001
      vertex  1.644737e-003 -1.398026e-002  7.500000e-001
      vertex -1.279088e-002 -4.334692e-003  7.500000e-001
    endloop
  endfacet
  facet normal  0.000000e+000  0.000000e+000  1.000000e+000
    outer loop
      vertex -1.403549e-003 -1.368003e-002  7.500000e-001
      vertex -1.279088e-002 -4.334692e-003  7.500000e-001
      vertex -1.134698e-002 -7.036048e-003  7.500000e-001
    endloop
  endfacet
  facet normal  0.000000e+000  0.000000e+000  1.000000e+000
    outer loop
      vertex -1.403549e-003 -1.368003e-002  7.500000e-001
      vertex -1.134698e-002 -7.036048e-003  7.500000e-001
      vertex -9.403806e-003 -9.403806e-003  7.500000e-001
    endloop
  endfacet
  facet normal  0.000000e+000  0.000000e+000  9.999999e-001
    outer loop
      vertex -1.403549e-003 -1.368003e-002  7.500000e-001
      vertex -9.403806e-003 -9.403806e-003  7.500000e-001
      vertex -7.036048e-003 -1.134698e-002  7.500000e-001
    endloop
  endfacet
  facet normal  0.000000e+000  0.000000e+000  1.000000e+000
    outer loop
      vertex -1.403549e-003 -1.368003e-002  7.500000e-001
      vertex -7.036048e-003 -1.134698e-002  7.500000e-001
      vertex -4.334692e-003 -1.279088e-002  7.500000e-001
    endloop
  endfacet
  facet normal  0.000000e+000  0.000000e+000 -1.000000e+000
    outer loop
      vertex -1.279088e-002 -4.334692e-003  0.000000e+000
      vertex  2.179276e-002 -1.398026e-002  0.000000e+000
      vertex  1.644737e-003 -1.398026e-002  0.000000e+000
    endloop
  endfacet
  facet normal  0.000000e+000  0.000000e+000 -1.000000e+000
    outer loop
      vertex  2.179276e-002  2.179276e-002  0.000000e+000
      vertex  2.179276e-002 -1.398026e-002  0.000000e+000
      vertex -1.279088e-002 -4.334692e-003  0.000000e+000
    endloop
  endfacet
  facet normal  0.000000e+000  0.000000e+000 -1.000000e+000
    outer loop
      vertex  2.179276e-002  2.179276e-002  0.000000e+000
      vertex -1.279088e-002 -4.334692e-003  0.000000e+000
      vertex -1.368003e-002 -1.403549e-003  0.000000e+000
    endloop
  endfacet
  facet normal  0.000000e+000  0.000000e+000 -1.000000e+000
    outer loop
      vertex  2.179276e-002  2.179276e-002  0.000000e+000
      vertex -1.368003e-002 -1.403549e-003  0.000000e+000
      vertex -1.398026e-002  1.644737e-003  0.000000e+000
    endloop
  endfacet
  facet normal  0.000000e+000  0.000000e+000 -9.999999e-001
    outer loop
      vertex  2.179276e-002  2.179276e-002  0.000000e+000
      vertex -1.398026e-002  1.644737e-003  0.000000e+000
      vertex -1.398026e-002  2.179276e-002  0.000000e+000
    endloop
  endfacet
  facet normal  0.000000e+000  0.000000e+000 -1.000000e+000
    outer loop
      vertex -1.403549e-003 -1.368003e-002  0.000000e+000
      vertex -4.334692e-003 -1.279088e-002  0.000000e+000
      vertex -7.036048e-003 -1.134698e-002  0.000000e+000
    endloop
  endfacet
  facet normal  0.000000e+000  0.000000e+000 -9.999999e-001
    outer loop
      vertex -1.403549e-003 -1.368003e-002  0.000000e+000
      vertex -7.036048e-003 -1.134698e-002  0.000000e+000
      vertex -9.403806e-003 -9.403806e-003  0.000000e+000
    endloop
  endfacet
  facet normal  0.000000e+000  0.000000e+000 -1.000000e+000
    outer loop
      vertex -1.403549e-003 -1.368003e-002  0.000000e+000
      vertex -9.403806e-003 -9.403806e-003  0.000000e+000
      vertex -1.134698e-002 -7.036048e-003  0.000000e+000
    endloop
  endfacet
  facet normal  0.000000e+000  0.000000e+000 -1.000000e+000
    outer loop
      vertex -1.403549e-003 -1.368003e-002  0.000000e+000
      vertex -1.134698e-002 -7.036048e-003  0.000000e+000
      vertex -1.279088e-002 -4.334692e-003  0.000000e+000
    endloop
  endfacet
  facet normal  0.000000e+000  0.000000e+000 -1.000000e+000
    outer loop
      vertex -1.403549e-003 -1.368003e-002  0.000000e+000
      vertex -1.279088e-002 -4.334692e-003  0.000000e+000
      vertex  1.644737e-003 -1.398026e-002  0.000000e+000
    endloop
  endfacet
  facet normal -1.000000e+000  0.000000e+000  0.000000e+000
    outer loop
      vertex -1.398026e-002  2.179276e-002  0.000000e+000
      vertex -1.398026e-002  1.644737e-003  0.000000e+000
      vertex -1.398026e-002  2.179276e-002  7.500000e-001
    endloop
  endfacet
  facet normal -1.000000e+000  -0.000000e+000  0.000000e+000
    outer loop
      vertex -1.398026e-002  2.179276e-002  7.500000e-001
      vertex -1.398026e-002  1.644737e-003  0.000000e+000
      vertex -1.398026e-002  1.644737e-003  7.500000e-001
    endloop
  endfacet
  facet normal  0.000000e+000 -1.000000e+000  0.000000e+000
    outer loop
      vertex  1.644737e-003 -1.398026e-002  0.000000e+000
      vertex  2.179276e-002 -1.398026e-002  0.000000e+000
      vertex  1.644737e-003 -1.398026e-002  7.500000e-001
    endloop
  endfacet
  facet normal  0.000000e+000 -1.000000e+000  0.000000e+000
    outer loop
      vertex  1.644737e-003 -1.398026e-002  7.500000e-001
      vertex  2.179276e-002 -1.398026e-002  0.000000e+000
      vertex  2.179276e-002 -1.398026e-002  7.500000e-001
    endloop
  endfacet
  facet normal -9.801698e-002 -9.951848e-001  -0.000000e+000
    outer loop
      vertex  1.644737e-003 -1.398026e-002  0.000000e+000
      vertex  1.644737e-003 -1.398026e-002  7.500000e-001
      vertex -1.403549e-003 -1.368003e-002  0.000000e+000
    endloop
  endfacet
  facet normal -9.801698e-002 -9.951848e-001  0.000000e+000
    outer loop
      vertex -1.403549e-003 -1.368003e-002  0.000000e+000
      vertex  1.644737e-003 -1.398026e-002  7.500000e-001
      vertex -1.403549e-003 -1.368003e-002  7.500000e-001
    endloop
  endfacet
  facet normal -2.902847e-001 -9.569404e-001  -0.000000e+000
    outer loop
      vertex -1.403549e-003 -1.368003e-002  0.000000e+000
      vertex -1.403549e-003 -1.368003e-002  7.500000e-001
      vertex -4.334692e-003 -1.279088e-002  0.000000e+000
    endloop
  endfacet
  facet normal -2.902847e-001 -9.569404e-001  0.000000e+000
    outer loop
      vertex -4.334692e-003 -1.279088e-002  0.000000e+000
      vertex -1.403549e-003 -1.368003e-002  7.500000e-001
      vertex -4.334692e-003 -1.279088e-002  7.500000e-001
    endloop
  endfacet
  facet normal -4.713967e-001 -8.819212e-001  -0.000000e+000
    outer loop
      vertex -4.334692e-003 -1.279088e-002  0.000000e+000
      vertex -4.334692e-003 -1.279088e-002  7.500000e-001
      vertex -7.036048e-003 -1.134698e-002  0.000000e+000
    endloop
  endfacet
  facet normal -4.713967e-001 -8.819212e-001  0.000000e+000
    outer loop
      vertex -7.036048e-003 -1.134698e-002  0.000000e+000
      vertex -4.334692e-003 -1.279088e-002  7.500000e-001
      vertex -7.036048e-003 -1.134698e-002  7.500000e-001
    endloop
  endfacet
  facet normal -6.343936e-001 -7.730103e-001  -0.000000e+000
    outer loop
      vertex -7.036048e-003 -1.134698e-002  0.000000e+000
      vertex -7.036048e-003 -1.134698e-002  7.500000e-001
      vertex -9.403806e-003 -9.403806e-003  0.000000e+000
    endloop
  endfacet
  facet normal -6.343936e-001 -7.730103e-001  0.000000e+000
    outer loop
      vertex -9.403806e-003 -9.403806e-003  0.000000e+000
      vertex -7.036048e-003 -1.134698e-002  7.500000e-001
      vertex -9.403806e-003 -9.403806e-003  7.500000e-001
    endloop
  endfacet
  facet normal -7.730103e-001 -6.343936e-001  -0.000000e+000
    outer loop
      vertex -9.403806e-003 -9.403806e-003  0.000000e+000
      vertex -9.403806e-003 -9.403806e-003  7.500000e-001
      vertex -1.134698e-002 -7.036048e-003  0.000000e+000
    endloop
  endfacet
  facet normal -7.730103e-001 -6.343936e-001  0.000000e+000
    outer loop
      vertex -1.134698e-002 -7.036048e-003  0.000000e+000
      vertex -9.403806e-003 -9.403806e-003  7.500000e-001
      vertex -1.134698e-002 -7.036048e-003  7.500000e-001
    endloop
  endfacet
  facet normal -8.819212e-001 -4.713967e-001  -0.000000e+000
    outer loop
      vertex -1.134698e-002 -7.036048e-003  0.000000e+000
      vertex -1.134698e-002 -7.036048e-003  7.500000e-001
      vertex -1.279088e-002 -4.334692e-003  0.000000e+000
    endloop
  endfacet
  facet normal -8.819212e-001 -4.713967e-001  0.000000e+000
    outer loop
      vertex -1.279088e-002 -4.334692e-003  0.000000e+000
      vertex -1.134698e-002 -7.036048e-003  7.500000e-001
      vertex -1.279088e-002 -4.334692e-003  7.500000e-001
    endloop
  endfacet
  facet normal -9.569404e-001 -2.902847e-001  -0.000000e+000
    outer loop
      vertex -1.279088e-002 -4.334692e-003  0.000000e+000
      vertex -1.279088e-002 -4.334692e-003  7.500000e-001
      vertex -1.368003e-002 -1.403549e-003  0.000000e+000
    endloop
  endfacet
  facet normal -9.569404e-001 -2.902847e-001  0.000000e+000
    outer loop
      vertex -1.368003e-002 -1.403549e-003  0.000000e+000
      vertex -1.279088e-002 -4.334692e-003  7.500000e-001
      vertex -1.368003e-002 -1.403549e-003  7.500000e-001
    endloop
  endfacet
  facet normal -9.951848e-001 -9.801698e-002  -0.000000e+000
    outer loop
      vertex -1.368003e-002 -1.403549e-003  0.000000e+000
      vertex -1.368003e-002 -1.403549e-003  7.500000e-001
      vertex -1.398026e-002  1.644737e-003  0.000000e+000
    endloop
  endfacet
  facet normal -9.951848e-001 -9.801698e-002  0.000000e+000
    outer loop
      vertex -1.398026e-002  1.644737e-003  0.000000e+000
      vertex -1.368003e-002 -1.403549e-003  7.500000e-001
      vertex -1.398026e-002  1.644737e-003  7.500000e-001
    endloop
  endfacet
  facet normal  0.000000e+000  9.999999e-001  0.000000e+000
    outer loop
      vertex  2.179276e-002  2.179276e-002  0.000000e+000
      vertex -1.398026e-002  2.179276e-002  0.000000e+000
      vertex  2.179276e-002  2.179276e-002  7.500000e-001
    endloop
  endfacet
  facet normal  0.000000e+000  9.999999e-001  0.000000e+000
    outer loop
      vertex  2.179276e-002  2.179276e-002  7.500000e-001
      vertex -1.398026e-002  2.179276e-002  0.000000e+000
      vertex -1.398026e-002  2.179276e-002  7.500000e-001
    endloop
  endfacet
  facet normal  9.999999e-001  0.000000e+000  0.000000e+000
    outer loop
      vertex  2.179276e-002 -1.398026e-002  0.000000e+000
      vertex  2.179276e-002  2.179276e-002  0.000000e+000
      vertex  2.179276e-002 -1.398026e-002  7.500000e-001
    endloop
  endfacet
  facet normal  9.999999e-001  -0.000000e+000  0.000000e+000
    outer loop
      vertex  2.179276e-002 -1.398026e-002  7.500000e-001
      vertex  2.179276e-002  2.179276e-002  0.000000e+000
      vertex  2.179276e-002  2.179276e-002  7.500000e-001
    endloop
  endfacet
endsolid CATIA STL
