solid CATIA STL
  facet normal  0.000000e+000  0.000000e+000  1.000000e+000
    outer loop
      vertex -6.578948e-004  6.184211e-002  7.500000e-001
      vertex  2.325982e-002  5.708458e-002  7.500000e-001
      vertex  1.153525e-002  6.064118e-002  7.500000e-001
    endloop
  endfacet
  facet normal  0.000000e+000  0.000000e+000  1.000000e+000
    outer loop
      vertex -6.184211e-002  6.184211e-002  7.500000e-001
      vertex -6.184211e-002 -6.184211e-002  7.500000e-001
      vertex  6.184211e-002 -6.184211e-002  7.500000e-001
    endloop
  endfacet
  facet normal  0.000000e+000  -0.000000e+000  9.999999e-001
    outer loop
      vertex -6.184211e-002  6.184211e-002  7.500000e-001
      vertex  6.184211e-002 -6.184211e-002  7.500000e-001
      vertex  6.184211e-002 -6.578948e-004  7.500000e-001
    endloop
  endfacet
  facet normal  0.000000e+000  0.000000e+000  1.000000e+000
    outer loop
      vertex -6.184211e-002  6.184211e-002  7.500000e-001
      vertex  6.184211e-002 -6.578948e-004  7.500000e-001
      vertex  6.064118e-002  1.153525e-002  7.500000e-001
    endloop
  endfacet
  facet normal  0.000000e+000  0.000000e+000  1.000000e+000
    outer loop
      vertex -6.184211e-002  6.184211e-002  7.500000e-001
      vertex  6.064118e-002  1.153525e-002  7.500000e-001
      vertex  5.708458e-002  2.325982e-002  7.500000e-001
    endloop
  endfacet
  facet normal  0.000000e+000  0.000000e+000  1.000000e+000
    outer loop
      vertex -6.184211e-002  6.184211e-002  7.500000e-001
      vertex  5.708458e-002  2.325982e-002  7.500000e-001
      vertex  5.130896e-002  3.406525e-002  7.500000e-001
    endloop
  endfacet
  facet normal  0.000000e+000  0.000000e+000  1.000000e+000
    outer loop
      vertex -6.184211e-002  6.184211e-002  7.500000e-001
      vertex  5.130896e-002  3.406525e-002  7.500000e-001
      vertex  4.353628e-002  4.353628e-002  7.500000e-001
    endloop
  endfacet
  facet normal  0.000000e+000  0.000000e+000  1.000000e+000
    outer loop
      vertex -6.184211e-002  6.184211e-002  7.500000e-001
      vertex  4.353628e-002  4.353628e-002  7.500000e-001
      vertex  3.406525e-002  5.130896e-002  7.500000e-001
    endloop
  endfacet
  facet normal  0.000000e+000  0.000000e+000  1.000000e+000
    outer loop
      vertex -6.184211e-002  6.184211e-002  7.500000e-001
      vertex  3.406525e-002  5.130896e-002  7.500000e-001
      vertex  2.325982e-002  5.708458e-002  7.500000e-001
    endloop
  endfacet
  facet normal  0.000000e+000  0.000000e+000  1.000000e+000
    outer loop
      vertex -6.184211e-002  6.184211e-002  7.500000e-001
      vertex  2.325982e-002  5.708458e-002  7.500000e-001
      vertex -6.578948e-004  6.184211e-002  7.500000e-001
    endloop
  endfacet
  facet normal  0.000000e+000  0.000000e+000 -1.000000e+000
    outer loop
      vertex  1.153525e-002  6.064118e-002  0.000000e+000
      vertex  2.325982e-002  5.708458e-002  0.000000e+000
      vertex -6.578948e-004  6.184211e-002  0.000000e+000
    endloop
  endfacet
  facet normal  -0.000000e+000  -0.000000e+000 -1.000000e+000
    outer loop
      vertex -6.184211e-002  6.184211e-002  0.000000e+000
      vertex -6.578948e-004  6.184211e-002  0.000000e+000
      vertex  2.325982e-002  5.708458e-002  0.000000e+000
    endloop
  endfacet
  facet normal  -0.000000e+000  -0.000000e+000 -1.000000e+000
    outer loop
      vertex -6.184211e-002  6.184211e-002  0.000000e+000
      vertex  2.325982e-002  5.708458e-002  0.000000e+000
      vertex  3.406525e-002  5.130896e-002  0.000000e+000
    endloop
  endfacet
  facet normal  -0.000000e+000  -0.000000e+000 -1.000000e+000
    outer loop
      vertex -6.184211e-002  6.184211e-002  0.000000e+000
      vertex  3.406525e-002  5.130896e-002  0.000000e+000
      vertex  4.353628e-002  4.353628e-002  0.000000e+000
    endloop
  endfacet
  facet normal  -0.000000e+000  -0.000000e+000 -1.000000e+000
    outer loop
      vertex -6.184211e-002  6.184211e-002  0.000000e+000
      vertex  4.353628e-002  4.353628e-002  0.000000e+000
      vertex  5.130896e-002  3.406525e-002  0.000000e+000
    endloop
  endfacet
  facet normal  -0.000000e+000  -0.000000e+000 -1.000000e+000
    outer loop
      vertex -6.184211e-002  6.184211e-002  0.000000e+000
      vertex  5.130896e-002  3.406525e-002  0.000000e+000
      vertex  5.708458e-002  2.325982e-002  0.000000e+000
    endloop
  endfacet
  facet normal  -0.000000e+000  -0.000000e+000 -1.000000e+000
    outer loop
      vertex -6.184211e-002  6.184211e-002  0.000000e+000
      vertex  5.708458e-002  2.325982e-002  0.000000e+000
      vertex  6.064118e-002  1.153525e-002  0.000000e+000
    endloop
  endfacet
  facet normal  -0.000000e+000  -0.000000e+000 -1.000000e+000
    outer loop
      vertex -6.184211e-002  6.184211e-002  0.000000e+000
      vertex  6.064118e-002  1.153525e-002  0.000000e+000
      vertex  6.184211e-002 -6.578948e-004  0.000000e+000
    endloop
  endfacet
  facet normal  -0.000000e+000  -0.000000e+000 -9.999999e-001
    outer loop
      vertex -6.184211e-002  6.184211e-002  0.000000e+000
      vertex  6.184211e-002 -6.578948e-004  0.000000e+000
      vertex  6.184211e-002 -6.184211e-002  0.000000e+000
    endloop
  endfacet
  facet normal  0.000000e+000  0.000000e+000 -1.000000e+000
    outer loop
      vertex -6.184211e-002  6.184211e-002  0.000000e+000
      vertex  6.184211e-002 -6.184211e-002  0.000000e+000
      vertex -6.184211e-002 -6.184211e-002  0.000000e+000
    endloop
  endfacet
  facet normal  0.000000e+000  1.000000e+000  0.000000e+000
    outer loop
      vertex -6.578948e-004  6.184211e-002  0.000000e+000
      vertex -6.184211e-002  6.184211e-002  0.000000e+000
      vertex -6.578948e-004  6.184211e-002  7.500000e-001
    endloop
  endfacet
  facet normal  0.000000e+000  1.000000e+000  0.000000e+000
    outer loop
      vertex -6.578948e-004  6.184211e-002  7.500000e-001
      vertex -6.184211e-002  6.184211e-002  0.000000e+000
      vertex -6.184211e-002  6.184211e-002  7.500000e-001
    endloop
  endfacet
  facet normal  1.000000e+000  0.000000e+000  0.000000e+000
    outer loop
      vertex  6.184211e-002 -6.184211e-002  0.000000e+000
      vertex  6.184211e-002 -6.578948e-004  0.000000e+000
      vertex  6.184211e-002 -6.184211e-002  7.500000e-001
    endloop
  endfacet
  facet normal  1.000000e+000  -0.000000e+000  0.000000e+000
    outer loop
      vertex  6.184211e-002 -6.184211e-002  7.500000e-001
      vertex  6.184211e-002 -6.578948e-004  0.000000e+000
      vertex  6.184211e-002 -6.578948e-004  7.500000e-001
    endloop
  endfacet
  facet normal  9.801729e-002  9.951848e-001  0.000000e+000
    outer loop
      vertex -6.578948e-004  6.184211e-002  0.000000e+000
      vertex -6.578948e-004  6.184211e-002  7.500000e-001
      vertex  1.153525e-002  6.064118e-002  0.000000e+000
    endloop
  endfacet
  facet normal  9.801729e-002  9.951848e-001  -0.000000e+000
    outer loop
      vertex  1.153525e-002  6.064118e-002  0.000000e+000
      vertex -6.578948e-004  6.184211e-002  7.500000e-001
      vertex  1.153525e-002  6.064118e-002  7.500000e-001
    endloop
  endfacet
  facet normal  2.902847e-001  9.569404e-001  0.000000e+000
    outer loop
      vertex  1.153525e-002  6.064118e-002  0.000000e+000
      vertex  1.153525e-002  6.064118e-002  7.500000e-001
      vertex  2.325982e-002  5.708458e-002  0.000000e+000
    endloop
  endfacet
  facet normal  2.902847e-001  9.569404e-001  -0.000000e+000
    outer loop
      vertex  2.325982e-002  5.708458e-002  0.000000e+000
      vertex  1.153525e-002  6.064118e-002  7.500000e-001
      vertex  2.325982e-002  5.708458e-002  7.500000e-001
    endloop
  endfacet
  facet normal  4.713967e-001  8.819214e-001  0.000000e+000
    outer loop
      vertex  2.325982e-002  5.708458e-002  0.000000e+000
      vertex  2.325982e-002  5.708458e-002  7.500000e-001
      vertex  3.406525e-002  5.130896e-002  0.000000e+000
    endloop
  endfacet
  facet normal  4.713967e-001  8.819214e-001  -0.000000e+000
    outer loop
      vertex  3.406525e-002  5.130896e-002  0.000000e+000
      vertex  2.325982e-002  5.708458e-002  7.500000e-001
      vertex  3.406525e-002  5.130896e-002  7.500000e-001
    endloop
  endfacet
  facet normal  6.343933e-001  7.730104e-001  0.000000e+000
    outer loop
      vertex  3.406525e-002  5.130896e-002  0.000000e+000
      vertex  3.406525e-002  5.130896e-002  7.500000e-001
      vertex  4.353628e-002  4.353628e-002  0.000000e+000
    endloop
  endfacet
  facet normal  6.343933e-001  7.730104e-001  -0.000000e+000
    outer loop
      vertex  4.353628e-002  4.353628e-002  0.000000e+000
      vertex  3.406525e-002  5.130896e-002  7.500000e-001
      vertex  4.353628e-002  4.353628e-002  7.500000e-001
    endloop
  endfacet
  facet normal  7.730104e-001  6.343933e-001  0.000000e+000
    outer loop
      vertex  4.353628e-002  4.353628e-002  0.000000e+000
      vertex  4.353628e-002  4.353628e-002  7.500000e-001
      vertex  5.130896e-002  3.406525e-002  0.000000e+000
    endloop
  endfacet
  facet normal  7.730104e-001  6.343933e-001  -0.000000e+000
    outer loop
      vertex  5.130896e-002  3.406525e-002  0.000000e+000
      vertex  4.353628e-002  4.353628e-002  7.500000e-001
      vertex  5.130896e-002  3.406525e-002  7.500000e-001
    endloop
  endfacet
  facet normal  8.819214e-001  4.713967e-001  0.000000e+000
    outer loop
      vertex  5.130896e-002  3.406525e-002  0.000000e+000
      vertex  5.130896e-002  3.406525e-002  7.500000e-001
      vertex  5.708458e-002  2.325982e-002  0.000000e+000
    endloop
  endfacet
  facet normal  8.819214e-001  4.713967e-001  -0.000000e+000
    outer loop
      vertex  5.708458e-002  2.325982e-002  0.000000e+000
      vertex  5.130896e-002  3.406525e-002  7.500000e-001
      vertex  5.708458e-002  2.325982e-002  7.500000e-001
    endloop
  endfacet
  facet normal  9.569404e-001  2.902847e-001  0.000000e+000
    outer loop
      vertex  5.708458e-002  2.325982e-002  0.000000e+000
      vertex  5.708458e-002  2.325982e-002  7.500000e-001
      vertex  6.064118e-002  1.153525e-002  0.000000e+000
    endloop
  endfacet
  facet normal  9.569404e-001  2.902847e-001  -0.000000e+000
    outer loop
      vertex  6.064118e-002  1.153525e-002  0.000000e+000
      vertex  5.708458e-002  2.325982e-002  7.500000e-001
      vertex  6.064118e-002  1.153525e-002  7.500000e-001
    endloop
  endfacet
  facet normal  9.951848e-001  9.801729e-002  0.000000e+000
    outer loop
      vertex  6.064118e-002  1.153525e-002  0.000000e+000
      vertex  6.064118e-002  1.153525e-002  7.500000e-001
      vertex  6.184211e-002 -6.578948e-004  0.000000e+000
    endloop
  endfacet
  facet normal  9.951848e-001  9.801729e-002  -0.000000e+000
    outer loop
      vertex  6.184211e-002 -6.578948e-004  0.000000e+000
      vertex  6.064118e-002  1.153525e-002  7.500000e-001
      vertex  6.184211e-002 -6.578948e-004  7.500000e-001
    endloop
  endfacet
  facet normal -1.000000e+000  0.000000e+000  0.000000e+000
    outer loop
      vertex -6.184211e-002  6.184211e-002  0.000000e+000
      vertex -6.184211e-002 -6.184211e-002  0.000000e+000
      vertex -6.184211e-002  6.184211e-002  7.500000e-001
    endloop
  endfacet
  facet normal -1.000000e+000  -0.000000e+000  0.000000e+000
    outer loop
      vertex -6.184211e-002  6.184211e-002  7.500000e-001
      vertex -6.184211e-002 -6.184211e-002  0.000000e+000
      vertex -6.184211e-002 -6.184211e-002  7.500000e-001
    endloop
  endfacet
  facet normal  0.000000e+000 -1.000000e+000  0.000000e+000
    outer loop
      vertex -6.184211e-002 -6.184211e-002  0.000000e+000
      vertex  6.184211e-002 -6.184211e-002  0.000000e+000
      vertex -6.184211e-002 -6.184211e-002  7.500000e-001
    endloop
  endfacet
  facet normal  0.000000e+000 -1.000000e+000  0.000000e+000
    outer loop
      vertex -6.184211e-002 -6.184211e-002  7.500000e-001
      vertex  6.184211e-002 -6.184211e-002  0.000000e+000
      vertex  6.184211e-002 -6.184211e-002  7.500000e-001
    endloop
  endfacet
endsolid CATIA STL
