solid CATIA STL
  facet normal  0.000000e+000 -1.000000e+000  0.000000e+000
    outer loop
      vertex  2.138158e-002 -7.500000e-001  5.756579e-003
      vertex  7.236842e-002 -7.500000e-001  5.756579e-003
      vertex  6.945961e-003 -7.500000e-001  1.540215e-002
    endloop
  endfacet
  facet normal  0.000000e+000 -1.000000e+000  0.000000e+000
    outer loop
      vertex  7.236842e-002 -7.500000e-001  7.236842e-002
      vertex  5.756579e-003 -7.500000e-001  7.236842e-002
      vertex  5.756579e-003 -7.500000e-001  2.138158e-002
    endloop
  endfacet
  facet normal  0.000000e+000 -1.000000e+000  0.000000e+000
    outer loop
      vertex  7.236842e-002 -7.500000e-001  7.236842e-002
      vertex  5.756579e-003 -7.500000e-001  2.138158e-002
      vertex  6.056809e-003 -7.500000e-001  1.833329e-002
    endloop
  endfacet
  facet normal  0.000000e+000 -1.000000e+000  0.000000e+000
    outer loop
      vertex  7.236842e-002 -7.500000e-001  7.236842e-002
      vertex  6.056809e-003 -7.500000e-001  1.833329e-002
      vertex  6.945961e-003 -7.500000e-001  1.540215e-002
    endloop
  endfacet
  facet normal  0.000000e+000 -1.000000e+000  0.000000e+000
    outer loop
      vertex  7.236842e-002 -7.500000e-001  7.236842e-002
      vertex  6.945961e-003 -7.500000e-001  1.540215e-002
      vertex  7.236842e-002 -7.500000e-001  5.756579e-003
    endloop
  endfacet
  facet normal  0.000000e+000 -9.999999e-001  0.000000e+000
    outer loop
      vertex  1.833329e-002 -7.500000e-001  6.056809e-003
      vertex  2.138158e-002 -7.500000e-001  5.756579e-003
      vertex  6.945961e-003 -7.500000e-001  1.540215e-002
    endloop
  endfacet
  facet normal  0.000000e+000 -1.000000e+000  0.000000e+000
    outer loop
      vertex  1.833329e-002 -7.500000e-001  6.056809e-003
      vertex  6.945961e-003 -7.500000e-001  1.540215e-002
      vertex  8.389866e-003 -7.500000e-001  1.270079e-002
    endloop
  endfacet
  facet normal  0.000000e+000 -1.000000e+000  0.000000e+000
    outer loop
      vertex  1.833329e-002 -7.500000e-001  6.056809e-003
      vertex  8.389866e-003 -7.500000e-001  1.270079e-002
      vertex  1.033304e-002 -7.500000e-001  1.033304e-002
    endloop
  endfacet
  facet normal  0.000000e+000 -1.000000e+000  0.000000e+000
    outer loop
      vertex  1.833329e-002 -7.500000e-001  6.056809e-003
      vertex  1.033304e-002 -7.500000e-001  1.033304e-002
      vertex  1.270079e-002 -7.500000e-001  8.389866e-003
    endloop
  endfacet
  facet normal  0.000000e+000 -1.000000e+000  0.000000e+000
    outer loop
      vertex  1.833329e-002 -7.500000e-001  6.056809e-003
      vertex  1.270079e-002 -7.500000e-001  8.389866e-003
      vertex  1.540215e-002 -7.500000e-001  6.945961e-003
    endloop
  endfacet
  facet normal  0.000000e+000  1.000000e+000  0.000000e+000
    outer loop
      vertex  6.945961e-003  0.000000e+000  1.540215e-002
      vertex  7.236842e-002  0.000000e+000  5.756579e-003
      vertex  2.138158e-002  0.000000e+000  5.756579e-003
    endloop
  endfacet
  facet normal  0.000000e+000  1.000000e+000  -0.000000e+000
    outer loop
      vertex  7.236842e-002  0.000000e+000  7.236842e-002
      vertex  7.236842e-002  0.000000e+000  5.756579e-003
      vertex  6.945961e-003  0.000000e+000  1.540215e-002
    endloop
  endfacet
  facet normal  0.000000e+000  1.000000e+000  -0.000000e+000
    outer loop
      vertex  7.236842e-002  0.000000e+000  7.236842e-002
      vertex  6.945961e-003  0.000000e+000  1.540215e-002
      vertex  6.056809e-003  0.000000e+000  1.833329e-002
    endloop
  endfacet
  facet normal  0.000000e+000  1.000000e+000  -0.000000e+000
    outer loop
      vertex  7.236842e-002  0.000000e+000  7.236842e-002
      vertex  6.056809e-003  0.000000e+000  1.833329e-002
      vertex  5.756579e-003  0.000000e+000  2.138158e-002
    endloop
  endfacet
  facet normal  0.000000e+000  1.000000e+000  0.000000e+000
    outer loop
      vertex  7.236842e-002  0.000000e+000  7.236842e-002
      vertex  5.756579e-003  0.000000e+000  2.138158e-002
      vertex  5.756579e-003  0.000000e+000  7.236842e-002
    endloop
  endfacet
  facet normal  -0.000000e+000  1.000000e+000  -0.000000e+000
    outer loop
      vertex  1.833329e-002  0.000000e+000  6.056809e-003
      vertex  1.540215e-002  0.000000e+000  6.945961e-003
      vertex  1.270079e-002  0.000000e+000  8.389866e-003
    endloop
  endfacet
  facet normal  -0.000000e+000  1.000000e+000  -0.000000e+000
    outer loop
      vertex  1.833329e-002  0.000000e+000  6.056809e-003
      vertex  1.270079e-002  0.000000e+000  8.389866e-003
      vertex  1.033304e-002  0.000000e+000  1.033304e-002
    endloop
  endfacet
  facet normal  -0.000000e+000  1.000000e+000  -0.000000e+000
    outer loop
      vertex  1.833329e-002  0.000000e+000  6.056809e-003
      vertex  1.033304e-002  0.000000e+000  1.033304e-002
      vertex  8.389866e-003  0.000000e+000  1.270079e-002
    endloop
  endfacet
  facet normal  -0.000000e+000  1.000000e+000  -0.000000e+000
    outer loop
      vertex  1.833329e-002  0.000000e+000  6.056809e-003
      vertex  8.389866e-003  0.000000e+000  1.270079e-002
      vertex  6.945961e-003  0.000000e+000  1.540215e-002
    endloop
  endfacet
  facet normal  0.000000e+000  1.000000e+000  0.000000e+000
    outer loop
      vertex  1.833329e-002  0.000000e+000  6.056809e-003
      vertex  6.945961e-003  0.000000e+000  1.540215e-002
      vertex  2.138158e-002  0.000000e+000  5.756579e-003
    endloop
  endfacet
  facet normal -1.000000e+000  0.000000e+000  0.000000e+000
    outer loop
      vertex  5.756579e-003  0.000000e+000  7.236842e-002
      vertex  5.756579e-003  0.000000e+000  2.138158e-002
      vertex  5.756579e-003 -7.500000e-001  7.236842e-002
    endloop
  endfacet
  facet normal -1.000000e+000  0.000000e+000  0.000000e+000
    outer loop
      vertex  5.756579e-003 -7.500000e-001  7.236842e-002
      vertex  5.756579e-003  0.000000e+000  2.138158e-002
      vertex  5.756579e-003 -7.500000e-001  2.138158e-002
    endloop
  endfacet
  facet normal  -0.000000e+000  0.000000e+000 -1.000000e+000
    outer loop
      vertex  2.138158e-002  0.000000e+000  5.756579e-003
      vertex  7.236842e-002  0.000000e+000  5.756579e-003
      vertex  2.138158e-002 -7.500000e-001  5.756579e-003
    endloop
  endfacet
  facet normal  0.000000e+000  0.000000e+000 -1.000000e+000
    outer loop
      vertex  2.138158e-002 -7.500000e-001  5.756579e-003
      vertex  7.236842e-002  0.000000e+000  5.756579e-003
      vertex  7.236842e-002 -7.500000e-001  5.756579e-003
    endloop
  endfacet
  facet normal -9.801715e-002  0.000000e+000 -9.951847e-001
    outer loop
      vertex  2.138158e-002  0.000000e+000  5.756579e-003
      vertex  2.138158e-002 -7.500000e-001  5.756579e-003
      vertex  1.833329e-002  0.000000e+000  6.056809e-003
    endloop
  endfacet
  facet normal -9.801715e-002  -0.000000e+000 -9.951847e-001
    outer loop
      vertex  1.833329e-002  0.000000e+000  6.056809e-003
      vertex  2.138158e-002 -7.500000e-001  5.756579e-003
      vertex  1.833329e-002 -7.500000e-001  6.056809e-003
    endloop
  endfacet
  facet normal -2.902846e-001  0.000000e+000 -9.569404e-001
    outer loop
      vertex  1.833329e-002  0.000000e+000  6.056809e-003
      vertex  1.833329e-002 -7.500000e-001  6.056809e-003
      vertex  1.540215e-002  0.000000e+000  6.945961e-003
    endloop
  endfacet
  facet normal -2.902846e-001  -0.000000e+000 -9.569404e-001
    outer loop
      vertex  1.540215e-002  0.000000e+000  6.945961e-003
      vertex  1.833329e-002 -7.500000e-001  6.056809e-003
      vertex  1.540215e-002 -7.500000e-001  6.945961e-003
    endloop
  endfacet
  facet normal -4.713967e-001  0.000000e+000 -8.819212e-001
    outer loop
      vertex  1.540215e-002  0.000000e+000  6.945961e-003
      vertex  1.540215e-002 -7.500000e-001  6.945961e-003
      vertex  1.270079e-002  0.000000e+000  8.389866e-003
    endloop
  endfacet
  facet normal -4.713967e-001  -0.000000e+000 -8.819212e-001
    outer loop
      vertex  1.270079e-002  0.000000e+000  8.389866e-003
      vertex  1.540215e-002 -7.500000e-001  6.945961e-003
      vertex  1.270079e-002 -7.500000e-001  8.389866e-003
    endloop
  endfacet
  facet normal -6.343932e-001  0.000000e+000 -7.730105e-001
    outer loop
      vertex  1.270079e-002  0.000000e+000  8.389866e-003
      vertex  1.270079e-002 -7.500000e-001  8.389866e-003
      vertex  1.033304e-002  0.000000e+000  1.033304e-002
    endloop
  endfacet
  facet normal -6.343932e-001  -0.000000e+000 -7.730105e-001
    outer loop
      vertex  1.033304e-002  0.000000e+000  1.033304e-002
      vertex  1.270079e-002 -7.500000e-001  8.389866e-003
      vertex  1.033304e-002 -7.500000e-001  1.033304e-002
    endloop
  endfacet
  facet normal -7.730105e-001  0.000000e+000 -6.343932e-001
    outer loop
      vertex  1.033304e-002  0.000000e+000  1.033304e-002
      vertex  1.033304e-002 -7.500000e-001  1.033304e-002
      vertex  8.389866e-003  0.000000e+000  1.270079e-002
    endloop
  endfacet
  facet normal -7.730105e-001  -0.000000e+000 -6.343932e-001
    outer loop
      vertex  8.389866e-003  0.000000e+000  1.270079e-002
      vertex  1.033304e-002 -7.500000e-001  1.033304e-002
      vertex  8.389866e-003 -7.500000e-001  1.270079e-002
    endloop
  endfacet
  facet normal -8.819212e-001  0.000000e+000 -4.713967e-001
    outer loop
      vertex  8.389866e-003  0.000000e+000  1.270079e-002
      vertex  8.389866e-003 -7.500000e-001  1.270079e-002
      vertex  6.945961e-003  0.000000e+000  1.540215e-002
    endloop
  endfacet
  facet normal -8.819212e-001  -0.000000e+000 -4.713967e-001
    outer loop
      vertex  6.945961e-003  0.000000e+000  1.540215e-002
      vertex  8.389866e-003 -7.500000e-001  1.270079e-002
      vertex  6.945961e-003 -7.500000e-001  1.540215e-002
    endloop
  endfacet
  facet normal -9.569404e-001  0.000000e+000 -2.902846e-001
    outer loop
      vertex  6.945961e-003  0.000000e+000  1.540215e-002
      vertex  6.945961e-003 -7.500000e-001  1.540215e-002
      vertex  6.056809e-003  0.000000e+000  1.833329e-002
    endloop
  endfacet
  facet normal -9.569404e-001  -0.000000e+000 -2.902846e-001
    outer loop
      vertex  6.056809e-003  0.000000e+000  1.833329e-002
      vertex  6.945961e-003 -7.500000e-001  1.540215e-002
      vertex  6.056809e-003 -7.500000e-001  1.833329e-002
    endloop
  endfacet
  facet normal -9.951847e-001  0.000000e+000 -9.801715e-002
    outer loop
      vertex  6.056809e-003  0.000000e+000  1.833329e-002
      vertex  6.056809e-003 -7.500000e-001  1.833329e-002
      vertex  5.756579e-003  0.000000e+000  2.138158e-002
    endloop
  endfacet
  facet normal -9.951847e-001  -0.000000e+000 -9.801715e-002
    outer loop
      vertex  5.756579e-003  0.000000e+000  2.138158e-002
      vertex  6.056809e-003 -7.500000e-001  1.833329e-002
      vertex  5.756579e-003 -7.500000e-001  2.138158e-002
    endloop
  endfacet
  facet normal  -0.000000e+000  0.000000e+000  9.999999e-001
    outer loop
      vertex  7.236842e-002  0.000000e+000  7.236842e-002
      vertex  5.756579e-003  0.000000e+000  7.236842e-002
      vertex  7.236842e-002 -7.500000e-001  7.236842e-002
    endloop
  endfacet
  facet normal  0.000000e+000  0.000000e+000  9.999999e-001
    outer loop
      vertex  7.236842e-002 -7.500000e-001  7.236842e-002
      vertex  5.756579e-003  0.000000e+000  7.236842e-002
      vertex  5.756579e-003 -7.500000e-001  7.236842e-002
    endloop
  endfacet
  facet normal  9.999999e-001  0.000000e+000  0.000000e+000
    outer loop
      vertex  7.236842e-002  0.000000e+000  5.756579e-003
      vertex  7.236842e-002  0.000000e+000  7.236842e-002
      vertex  7.236842e-002 -7.500000e-001  5.756579e-003
    endloop
  endfacet
  facet normal  9.999999e-001  0.000000e+000  0.000000e+000
    outer loop
      vertex  7.236842e-002 -7.500000e-001  5.756579e-003
      vertex  7.236842e-002  0.000000e+000  7.236842e-002
      vertex  7.236842e-002 -7.500000e-001  7.236842e-002
    endloop
  endfacet
endsolid CATIA STL
