solid CATIA STL
  facet normal  -0.000000e+000  0.000000e+000  1.000000e+000
    outer loop
      vertex  5.468750e-002  5.468750e-002  7.500000e-001
      vertex -6.250000e-002  5.468750e-002  7.500000e-001
      vertex -6.250000e-002  3.906250e-002  7.500000e-001
    endloop
  endfacet
  facet normal  -0.000000e+000  0.000000e+000  1.000000e+000
    outer loop
      vertex  5.468750e-002  5.468750e-002  7.500000e-001
      vertex -6.250000e-002  3.906250e-002  7.500000e-001
      vertex -6.054851e-002  1.924864e-002  7.500000e-001
    endloop
  endfacet
  facet normal  -0.000000e+000  0.000000e+000  1.000000e+000
    outer loop
      vertex  5.468750e-002  5.468750e-002  7.500000e-001
      vertex -6.054851e-002  1.924864e-002  7.500000e-001
      vertex -5.476902e-002  1.962139e-004  7.500000e-001
    endloop
  endfacet
  facet normal  -0.000000e+000  0.000000e+000  9.999999e-001
    outer loop
      vertex  5.468750e-002  5.468750e-002  7.500000e-001
      vertex -5.476902e-002  1.962139e-004  7.500000e-001
      vertex -4.538363e-002 -1.736260e-002  7.500000e-001
    endloop
  endfacet
  facet normal  -0.000000e+000  0.000000e+000  1.000000e+000
    outer loop
      vertex  5.468750e-002  5.468750e-002  7.500000e-001
      vertex -4.538363e-002 -1.736260e-002  7.500000e-001
      vertex -3.275303e-002 -3.275303e-002  7.500000e-001
    endloop
  endfacet
  facet normal  -0.000000e+000  0.000000e+000  1.000000e+000
    outer loop
      vertex  5.468750e-002  5.468750e-002  7.500000e-001
      vertex -3.275303e-002 -3.275303e-002  7.500000e-001
      vertex -1.736260e-002 -4.538363e-002  7.500000e-001
    endloop
  endfacet
  facet normal  -0.000000e+000  0.000000e+000  9.999999e-001
    outer loop
      vertex  5.468750e-002  5.468750e-002  7.500000e-001
      vertex -1.736260e-002 -4.538363e-002  7.500000e-001
      vertex  1.962139e-004 -5.476902e-002  7.500000e-001
    endloop
  endfacet
  facet normal  -0.000000e+000  0.000000e+000  1.000000e+000
    outer loop
      vertex  5.468750e-002  5.468750e-002  7.500000e-001
      vertex  1.962139e-004 -5.476902e-002  7.500000e-001
      vertex  1.924864e-002 -6.054851e-002  7.500000e-001
    endloop
  endfacet
  facet normal  -0.000000e+000  0.000000e+000  1.000000e+000
    outer loop
      vertex  5.468750e-002  5.468750e-002  7.500000e-001
      vertex  1.924864e-002 -6.054851e-002  7.500000e-001
      vertex  3.906250e-002 -6.250000e-002  7.500000e-001
    endloop
  endfacet
  facet normal  0.000000e+000  0.000000e+000  1.000000e+000
    outer loop
      vertex  5.468750e-002  5.468750e-002  7.500000e-001
      vertex  3.906250e-002 -6.250000e-002  7.500000e-001
      vertex  5.468750e-002 -6.250000e-002  7.500000e-001
    endloop
  endfacet
  facet normal  0.000000e+000  0.000000e+000 -1.000000e+000
    outer loop
      vertex  5.468750e-002  5.468750e-002  0.000000e+000
      vertex  5.468750e-002 -6.250000e-002  0.000000e+000
      vertex  3.906250e-002 -6.250000e-002  0.000000e+000
    endloop
  endfacet
  facet normal  0.000000e+000  0.000000e+000 -1.000000e+000
    outer loop
      vertex  5.468750e-002  5.468750e-002  0.000000e+000
      vertex  3.906250e-002 -6.250000e-002  0.000000e+000
      vertex  1.924864e-002 -6.054851e-002  0.000000e+000
    endloop
  endfacet
  facet normal  0.000000e+000  0.000000e+000 -1.000000e+000
    outer loop
      vertex  5.468750e-002  5.468750e-002  0.000000e+000
      vertex  1.924864e-002 -6.054851e-002  0.000000e+000
      vertex  1.962139e-004 -5.476902e-002  0.000000e+000
    endloop
  endfacet
  facet normal  0.000000e+000  0.000000e+000 -9.999999e-001
    outer loop
      vertex  5.468750e-002  5.468750e-002  0.000000e+000
      vertex  1.962139e-004 -5.476902e-002  0.000000e+000
      vertex -1.736260e-002 -4.538363e-002  0.000000e+000
    endloop
  endfacet
  facet normal  0.000000e+000  0.000000e+000 -1.000000e+000
    outer loop
      vertex  5.468750e-002  5.468750e-002  0.000000e+000
      vertex -1.736260e-002 -4.538363e-002  0.000000e+000
      vertex -3.275303e-002 -3.275303e-002  0.000000e+000
    endloop
  endfacet
  facet normal  0.000000e+000  0.000000e+000 -1.000000e+000
    outer loop
      vertex  5.468750e-002  5.468750e-002  0.000000e+000
      vertex -3.275303e-002 -3.275303e-002  0.000000e+000
      vertex -4.538363e-002 -1.736260e-002  0.000000e+000
    endloop
  endfacet
  facet normal  0.000000e+000  0.000000e+000 -9.999999e-001
    outer loop
      vertex  5.468750e-002  5.468750e-002  0.000000e+000
      vertex -4.538363e-002 -1.736260e-002  0.000000e+000
      vertex -5.476902e-002  1.962139e-004  0.000000e+000
    endloop
  endfacet
  facet normal  0.000000e+000  0.000000e+000 -1.000000e+000
    outer loop
      vertex  5.468750e-002  5.468750e-002  0.000000e+000
      vertex -5.476902e-002  1.962139e-004  0.000000e+000
      vertex -6.054851e-002  1.924864e-002  0.000000e+000
    endloop
  endfacet
  facet normal  0.000000e+000  0.000000e+000 -1.000000e+000
    outer loop
      vertex  5.468750e-002  5.468750e-002  0.000000e+000
      vertex -6.054851e-002  1.924864e-002  0.000000e+000
      vertex -6.250000e-002  3.906250e-002  0.000000e+000
    endloop
  endfacet
  facet normal  0.000000e+000  0.000000e+000 -1.000000e+000
    outer loop
      vertex  5.468750e-002  5.468750e-002  0.000000e+000
      vertex -6.250000e-002  3.906250e-002  0.000000e+000
      vertex -6.250000e-002  5.468750e-002  0.000000e+000
    endloop
  endfacet
  facet normal -1.000000e+000  0.000000e+000  0.000000e+000
    outer loop
      vertex -6.250000e-002  5.468750e-002  0.000000e+000
      vertex -6.250000e-002  3.906250e-002  0.000000e+000
      vertex -6.250000e-002  5.468750e-002  7.500000e-001
    endloop
  endfacet
  facet normal -1.000000e+000  -0.000000e+000  0.000000e+000
    outer loop
      vertex -6.250000e-002  5.468750e-002  7.500000e-001
      vertex -6.250000e-002  3.906250e-002  0.000000e+000
      vertex -6.250000e-002  3.906250e-002  7.500000e-001
    endloop
  endfacet
  facet normal  0.000000e+000 -1.000000e+000  0.000000e+000
    outer loop
      vertex  3.906250e-002 -6.250000e-002  0.000000e+000
      vertex  5.468750e-002 -6.250000e-002  0.000000e+000
      vertex  3.906250e-002 -6.250000e-002  7.500000e-001
    endloop
  endfacet
  facet normal  0.000000e+000 -1.000000e+000  0.000000e+000
    outer loop
      vertex  3.906250e-002 -6.250000e-002  7.500000e-001
      vertex  5.468750e-002 -6.250000e-002  0.000000e+000
      vertex  5.468750e-002 -6.250000e-002  7.500000e-001
    endloop
  endfacet
  facet normal -9.801706e-002 -9.951848e-001  -0.000000e+000
    outer loop
      vertex  3.906250e-002 -6.250000e-002  0.000000e+000
      vertex  3.906250e-002 -6.250000e-002  7.500000e-001
      vertex  1.924864e-002 -6.054851e-002  0.000000e+000
    endloop
  endfacet
  facet normal -9.801706e-002 -9.951848e-001  0.000000e+000
    outer loop
      vertex  1.924864e-002 -6.054851e-002  0.000000e+000
      vertex  3.906250e-002 -6.250000e-002  7.500000e-001
      vertex  1.924864e-002 -6.054851e-002  7.500000e-001
    endloop
  endfacet
  facet normal -2.902847e-001 -9.569404e-001  -0.000000e+000
    outer loop
      vertex  1.924864e-002 -6.054851e-002  0.000000e+000
      vertex  1.924864e-002 -6.054851e-002  7.500000e-001
      vertex  1.962139e-004 -5.476902e-002  0.000000e+000
    endloop
  endfacet
  facet normal -2.902847e-001 -9.569404e-001  0.000000e+000
    outer loop
      vertex  1.962139e-004 -5.476902e-002  0.000000e+000
      vertex  1.924864e-002 -6.054851e-002  7.500000e-001
      vertex  1.962139e-004 -5.476902e-002  7.500000e-001
    endloop
  endfacet
  facet normal -4.713968e-001 -8.819212e-001  -0.000000e+000
    outer loop
      vertex  1.962139e-004 -5.476902e-002  0.000000e+000
      vertex  1.962139e-004 -5.476902e-002  7.500000e-001
      vertex -1.736260e-002 -4.538363e-002  0.000000e+000
    endloop
  endfacet
  facet normal -4.713968e-001 -8.819212e-001  0.000000e+000
    outer loop
      vertex -1.736260e-002 -4.538363e-002  0.000000e+000
      vertex  1.962139e-004 -5.476902e-002  7.500000e-001
      vertex -1.736260e-002 -4.538363e-002  7.500000e-001
    endloop
  endfacet
  facet normal -6.343933e-001 -7.730104e-001  -0.000000e+000
    outer loop
      vertex -1.736260e-002 -4.538363e-002  0.000000e+000
      vertex -1.736260e-002 -4.538363e-002  7.500000e-001
      vertex -3.275303e-002 -3.275303e-002  0.000000e+000
    endloop
  endfacet
  facet normal -6.343933e-001 -7.730104e-001  0.000000e+000
    outer loop
      vertex -3.275303e-002 -3.275303e-002  0.000000e+000
      vertex -1.736260e-002 -4.538363e-002  7.500000e-001
      vertex -3.275303e-002 -3.275303e-002  7.500000e-001
    endloop
  endfacet
  facet normal -7.730104e-001 -6.343933e-001  -0.000000e+000
    outer loop
      vertex -3.275303e-002 -3.275303e-002  0.000000e+000
      vertex -3.275303e-002 -3.275303e-002  7.500000e-001
      vertex -4.538363e-002 -1.736260e-002  0.000000e+000
    endloop
  endfacet
  facet normal -7.730104e-001 -6.343933e-001  0.000000e+000
    outer loop
      vertex -4.538363e-002 -1.736260e-002  0.000000e+000
      vertex -3.275303e-002 -3.275303e-002  7.500000e-001
      vertex -4.538363e-002 -1.736260e-002  7.500000e-001
    endloop
  endfacet
  facet normal -8.819212e-001 -4.713968e-001  -0.000000e+000
    outer loop
      vertex -4.538363e-002 -1.736260e-002  0.000000e+000
      vertex -4.538363e-002 -1.736260e-002  7.500000e-001
      vertex -5.476902e-002  1.962139e-004  0.000000e+000
    endloop
  endfacet
  facet normal -8.819212e-001 -4.713968e-001  0.000000e+000
    outer loop
      vertex -5.476902e-002  1.962139e-004  0.000000e+000
      vertex -4.538363e-002 -1.736260e-002  7.500000e-001
      vertex -5.476902e-002  1.962139e-004  7.500000e-001
    endloop
  endfacet
  facet normal -9.569404e-001 -2.902847e-001  -0.000000e+000
    outer loop
      vertex -5.476902e-002  1.962139e-004  0.000000e+000
      vertex -5.476902e-002  1.962139e-004  7.500000e-001
      vertex -6.054851e-002  1.924864e-002  0.000000e+000
    endloop
  endfacet
  facet normal -9.569404e-001 -2.902847e-001  0.000000e+000
    outer loop
      vertex -6.054851e-002  1.924864e-002  0.000000e+000
      vertex -5.476902e-002  1.962139e-004  7.500000e-001
      vertex -6.054851e-002  1.924864e-002  7.500000e-001
    endloop
  endfacet
  facet normal -9.951848e-001 -9.801706e-002  -0.000000e+000
    outer loop
      vertex -6.054851e-002  1.924864e-002  0.000000e+000
      vertex -6.054851e-002  1.924864e-002  7.500000e-001
      vertex -6.250000e-002  3.906250e-002  0.000000e+000
    endloop
  endfacet
  facet normal -9.951848e-001 -9.801706e-002  0.000000e+000
    outer loop
      vertex -6.250000e-002  3.906250e-002  0.000000e+000
      vertex -6.054851e-002  1.924864e-002  7.500000e-001
      vertex -6.250000e-002  3.906250e-002  7.500000e-001
    endloop
  endfacet
  facet normal  0.000000e+000  1.000000e+000  0.000000e+000
    outer loop
      vertex  5.468750e-002  5.468750e-002  0.000000e+000
      vertex -6.250000e-002  5.468750e-002  0.000000e+000
      vertex  5.468750e-002  5.468750e-002  7.500000e-001
    endloop
  endfacet
  facet normal  0.000000e+000  1.000000e+000  0.000000e+000
    outer loop
      vertex  5.468750e-002  5.468750e-002  7.500000e-001
      vertex -6.250000e-002  5.468750e-002  0.000000e+000
      vertex -6.250000e-002  5.468750e-002  7.500000e-001
    endloop
  endfacet
  facet normal  1.000000e+000  0.000000e+000  0.000000e+000
    outer loop
      vertex  5.468750e-002 -6.250000e-002  0.000000e+000
      vertex  5.468750e-002  5.468750e-002  0.000000e+000
      vertex  5.468750e-002 -6.250000e-002  7.500000e-001
    endloop
  endfacet
  facet normal  1.000000e+000  -0.000000e+000  0.000000e+000
    outer loop
      vertex  5.468750e-002 -6.250000e-002  7.500000e-001
      vertex  5.468750e-002  5.468750e-002  0.000000e+000
      vertex  5.468750e-002  5.468750e-002  7.500000e-001
    endloop
  endfacet
endsolid CATIA STL
