solid CATIA STL
  facet normal  0.000000e+000  0.000000e+000  1.000000e+000
    outer loop
      vertex  5.628256e-002  1.562500e-002  7.812500e-003
      vertex  5.628256e-002  2.942876e-018  7.812500e-003
      vertex  3.247533e-001  1.562500e-002  7.812500e-003
    endloop
  endfacet
  facet normal  0.000000e+000  0.000000e+000  1.000000e+000
    outer loop
      vertex  3.247533e-001  1.562500e-002  7.812500e-003
      vertex  5.628256e-002  2.942876e-018  7.812500e-003
      vertex  3.247533e-001  1.924316e-017  7.812500e-003
    endloop
  endfacet
  facet normal  1.000000e+000  -0.000000e+000  0.000000e+000
    outer loop
      vertex  7.812500e-003  1.562500e-002  7.421875e-001
      vertex  7.812500e-003  4.458781e-017  7.421875e-001
      vertex  7.812500e-003  1.562500e-002  5.628256e-002
    endloop
  endfacet
  facet normal  1.000000e+000  0.000000e+000  0.000000e+000
    outer loop
      vertex  7.812500e-003  1.562500e-002  5.628256e-002
      vertex  7.812500e-003  4.458781e-017  7.421875e-001
      vertex  7.812500e-003  2.942876e-018  5.628256e-002
    endloop
  endfacet
  facet normal  0.000000e+000 -1.000000e+000  0.000000e+000
    outer loop
      vertex  7.812500e-003  1.562500e-002  5.628256e-002
      vertex  1.628322e-002  1.562500e-002  4.094886e-002
      vertex  2.745874e-002  1.562500e-002  2.745874e-002
    endloop
  endfacet
  facet normal  0.000000e+000 -1.000000e+000  0.000000e+000
    outer loop
      vertex  7.812500e-003  1.562500e-002  5.628256e-002
      vertex  2.745874e-002  1.562500e-002  2.745874e-002
      vertex  4.094886e-002  1.562500e-002  1.628322e-002
    endloop
  endfacet
  facet normal  0.000000e+000 -1.000000e+000  0.000000e+000
    outer loop
      vertex  7.812500e-003  1.562500e-002  5.628256e-002
      vertex  4.094886e-002  1.562500e-002  1.628322e-002
      vertex  5.628256e-002  1.562500e-002  7.812500e-003
    endloop
  endfacet
  facet normal  0.000000e+000 -9.999999e-001  0.000000e+000
    outer loop
      vertex  7.812500e-003  1.562500e-002  5.628256e-002
      vertex  5.628256e-002  1.562500e-002  7.812500e-003
      vertex  3.247533e-001  1.562500e-002  7.812500e-003
    endloop
  endfacet
  facet normal  0.000000e+000 -1.000000e+000  0.000000e+000
    outer loop
      vertex  7.812500e-003  1.562500e-002  5.628256e-002
      vertex  3.247533e-001  1.562500e-002  7.812500e-003
      vertex  3.247533e-001  1.562500e-002  7.421875e-001
    endloop
  endfacet
  facet normal  -0.000000e+000 -1.000000e+000  0.000000e+000
    outer loop
      vertex  7.812500e-003  1.562500e-002  5.628256e-002
      vertex  3.247533e-001  1.562500e-002  7.421875e-001
      vertex  7.812500e-003  1.562500e-002  7.421875e-001
    endloop
  endfacet
  facet normal  8.525585e-016 -9.999999e-001  6.071532e-017
    outer loop
      vertex  7.812500e-003  4.458781e-017  7.421875e-001
      vertex  3.499557e-003  0.000000e+000  6.837442e-002
      vertex  7.812500e-003  2.942876e-018  5.628256e-002
    endloop
  endfacet
  facet normal  0.000000e+000 -1.000000e+000  0.000000e+000
    outer loop
      vertex  0.000000e+000  0.000000e+000  9.375000e-002
      vertex  8.790101e-004  0.000000e+000  8.094212e-002
      vertex  3.499557e-003  0.000000e+000  6.837442e-002
    endloop
  endfacet
  facet normal  4.585394e-016 -1.000000e+000  6.323736e-017
    outer loop
      vertex  0.000000e+000  0.000000e+000  9.375000e-002
      vertex  3.499557e-003  0.000000e+000  6.837442e-002
      vertex  7.812500e-003  4.458781e-017  7.421875e-001
    endloop
  endfacet
  facet normal  5.707240e-015 -1.000000e+000  0.000000e+000
    outer loop
      vertex  0.000000e+000  0.000000e+000  9.375000e-002
      vertex  7.812500e-003  4.458781e-017  7.421875e-001
      vertex  0.000000e+000  0.000000e+000  7.500000e-001
    endloop
  endfacet
  facet normal  0.000000e+000 -1.000000e+000 -5.707240e-015
    outer loop
      vertex  3.359375e-001  0.000000e+000  7.500000e-001
      vertex  0.000000e+000  0.000000e+000  7.500000e-001
      vertex  7.812500e-003  4.458781e-017  7.421875e-001
    endloop
  endfacet
  facet normal  6.071532e-017 -1.000000e+000 -8.257284e-015
    outer loop
      vertex  3.359375e-001  0.000000e+000  7.500000e-001
      vertex  7.812500e-003  4.458781e-017  7.421875e-001
      vertex  3.247533e-001  6.383097e-017  7.421875e-001
    endloop
  endfacet
  facet normal -5.749649e-015 -1.000000e+000  6.071532e-017
    outer loop
      vertex  3.359375e-001  0.000000e+000  7.500000e-001
      vertex  3.247533e-001  6.383097e-017  7.421875e-001
      vertex  3.247533e-001  1.924316e-017  7.812500e-003
    endloop
  endfacet
  facet normal -1.720564e-015 -1.000000e+000  0.000000e+000
    outer loop
      vertex  3.359375e-001  0.000000e+000  7.500000e-001
      vertex  3.247533e-001  1.924316e-017  7.812500e-003
      vertex  3.359375e-001  0.000000e+000  0.000000e+000
    endloop
  endfacet
  facet normal  6.071532e-017 -9.999999e-001  8.525586e-016
    outer loop
      vertex  3.247533e-001  1.924316e-017  7.812500e-003
      vertex  5.628256e-002  2.942876e-018  7.812500e-003
      vertex  6.837442e-002  0.000000e+000  3.499557e-003
    endloop
  endfacet
  facet normal  6.945409e-017 -9.999999e-001  3.330902e-016
    outer loop
      vertex  3.247533e-001  1.924316e-017  7.812500e-003
      vertex  6.837442e-002  0.000000e+000  3.499557e-003
      vertex  8.094212e-002  0.000000e+000  8.790101e-004
    endloop
  endfacet
  facet normal  5.580354e-017 -9.999999e-001  8.131020e-016
    outer loop
      vertex  3.247533e-001  1.924316e-017  7.812500e-003
      vertex  8.094212e-002  0.000000e+000  8.790101e-004
      vertex  9.375000e-002  0.000000e+000  0.000000e+000
    endloop
  endfacet
  facet normal  0.000000e+000 -1.000000e+000  2.463125e-015
    outer loop
      vertex  3.247533e-001  1.924316e-017  7.812500e-003
      vertex  9.375000e-002  0.000000e+000  0.000000e+000
      vertex  3.359375e-001  0.000000e+000  0.000000e+000
    endloop
  endfacet
  facet normal -3.359511e-001 -4.910615e-004 -9.418793e-001
    outer loop
      vertex  5.628256e-002  2.942876e-018  7.812500e-003
      vertex  5.787343e-002  2.086349e-001  7.136294e-003
      vertex  6.837442e-002  0.000000e+000  3.499557e-003
    endloop
  endfacet
  facet normal -2.902840e-001  2.069946e-003 -9.569383e-001
    outer loop
      vertex  7.546028e-002  2.086349e-001  1.801380e-003
      vertex  6.837442e-002  0.000000e+000  3.499557e-003
      vertex  5.787343e-002  2.086349e-001  7.136294e-003
    endloop
  endfacet
  facet normal -9.569383e-001  2.069946e-003 -2.902840e-001
    outer loop
      vertex  7.136294e-003  2.086349e-001  5.787343e-002
      vertex  3.499557e-003  0.000000e+000  6.837442e-002
      vertex  1.801380e-003  2.086349e-001  7.546028e-002
    endloop
  endfacet
  facet normal -9.418794e-001  0.000000e+000 -3.359512e-001
    outer loop
      vertex  7.812500e-003  1.562500e-002  5.628256e-002
      vertex  7.812500e-003  2.942876e-018  5.628256e-002
      vertex  3.499557e-003  0.000000e+000  6.837442e-002
    endloop
  endfacet
  facet normal -9.416644e-001 -5.251013e-004 -3.365530e-001
    outer loop
      vertex  7.812500e-003  1.562500e-002  5.628256e-002
      vertex  3.499557e-003  0.000000e+000  6.837442e-002
      vertex  7.136294e-003  2.086349e-001  5.787343e-002
    endloop
  endfacet
  facet normal -8.819210e-001  7.956419e-004 -4.713966e-001
    outer loop
      vertex  7.812500e-003  1.562500e-002  5.628256e-002
      vertex  7.136294e-003  2.086349e-001  5.787343e-002
      vertex  1.579972e-002  2.086349e-001  4.166529e-002
    endloop
  endfacet
  facet normal -8.753181e-001 -3.978313e-004 -4.835474e-001
    outer loop
      vertex  7.812500e-003  1.562500e-002  5.628256e-002
      vertex  1.579972e-002  2.086349e-001  4.166529e-002
      vertex  1.628322e-002  1.562500e-002  4.094886e-002
    endloop
  endfacet
  facet normal -9.801715e-002  0.000000e+000 -9.951847e-001
    outer loop
      vertex  9.375000e-002  2.086349e-001  0.000000e+000
      vertex  9.375000e-002  0.000000e+000  0.000000e+000
      vertex  7.546028e-002  2.086349e-001  1.801380e-003
    endloop
  endfacet
  facet normal -6.846914e-002  2.611573e-003 -9.976499e-001
    outer loop
      vertex  7.546028e-002  2.086349e-001  1.801380e-003
      vertex  9.375000e-002  0.000000e+000  0.000000e+000
      vertex  8.094212e-002  0.000000e+000  8.790101e-004
    endloop
  endfacet
  facet normal -2.041240e-001 -1.035426e-003 -9.789445e-001
    outer loop
      vertex  7.546028e-002  2.086349e-001  1.801380e-003
      vertex  8.094212e-002  0.000000e+000  8.790101e-004
      vertex  6.837442e-002  0.000000e+000  3.499557e-003
    endloop
  endfacet
  facet normal -7.700779e-001  4.389214e-004 -6.379498e-001
    outer loop
      vertex  1.628322e-002  1.562500e-002  4.094886e-002
      vertex  1.579972e-002  2.086349e-001  4.166529e-002
      vertex  2.745874e-002  1.562500e-002  2.745874e-002
    endloop
  endfacet
  facet normal -7.730105e-001  0.000000e+000 -6.343933e-001
    outer loop
      vertex  2.745874e-002  1.562500e-002  2.745874e-002
      vertex  1.579972e-002  2.086349e-001  4.166529e-002
      vertex  2.745874e-002  2.086349e-001  2.745874e-002
    endloop
  endfacet
  facet normal -6.379498e-001  -0.000000e+000 -7.700779e-001
    outer loop
      vertex  2.745874e-002  1.562500e-002  2.745874e-002
      vertex  2.745874e-002  2.086349e-001  2.745874e-002
      vertex  4.094886e-002  1.562500e-002  1.628322e-002
    endloop
  endfacet
  facet normal -6.343932e-001  4.183740e-004 -7.730104e-001
    outer loop
      vertex  4.094886e-002  1.562500e-002  1.628322e-002
      vertex  2.745874e-002  2.086349e-001  2.745874e-002
      vertex  4.166529e-002  2.086349e-001  1.579972e-002
    endloop
  endfacet
  facet normal -4.835474e-001 -3.978313e-004 -8.753181e-001
    outer loop
      vertex  4.094886e-002  1.562500e-002  1.628322e-002
      vertex  4.166529e-002  2.086349e-001  1.579972e-002
      vertex  5.628256e-002  1.562500e-002  7.812500e-003
    endloop
  endfacet
  facet normal -4.713966e-001  7.956419e-004 -8.819210e-001
    outer loop
      vertex  5.628256e-002  1.562500e-002  7.812500e-003
      vertex  4.166529e-002  2.086349e-001  1.579972e-002
      vertex  5.787343e-002  2.086349e-001  7.136294e-003
    endloop
  endfacet
  facet normal -3.911846e-001  0.000000e+000 -9.203123e-001
    outer loop
      vertex  5.628256e-002  1.562500e-002  7.812500e-003
      vertex  5.787343e-002  2.086349e-001  7.136294e-003
      vertex  5.628256e-002  2.942876e-018  7.812500e-003
    endloop
  endfacet
  facet normal -9.976532e-001  -0.000000e+000 -6.846938e-002
    outer loop
      vertex  0.000000e+000  0.000000e+000  9.375000e-002
      vertex  0.000000e+000  2.086349e-001  9.375000e-002
      vertex  8.790101e-004  0.000000e+000  8.094212e-002
    endloop
  endfacet
  facet normal -9.951831e-001  1.824304e-003 -9.801698e-002
    outer loop
      vertex  8.790101e-004  0.000000e+000  8.094212e-002
      vertex  0.000000e+000  2.086349e-001  9.375000e-002
      vertex  1.801380e-003  2.086349e-001  7.546028e-002
    endloop
  endfacet
  facet normal -9.789445e-001 -1.035426e-003 -2.041240e-001
    outer loop
      vertex  8.790101e-004  0.000000e+000  8.094212e-002
      vertex  1.801380e-003  2.086349e-001  7.546028e-002
      vertex  3.499557e-003  0.000000e+000  6.837442e-002
    endloop
  endfacet
  facet normal  0.000000e+000  0.000000e+000 -1.000000e+000
    outer loop
      vertex  3.247533e-001  1.562500e-002  7.421875e-001
      vertex  3.247533e-001  6.383097e-017  7.421875e-001
      vertex  7.812500e-003  1.562500e-002  7.421875e-001
    endloop
  endfacet
  facet normal  0.000000e+000  0.000000e+000 -1.000000e+000
    outer loop
      vertex  7.812500e-003  1.562500e-002  7.421875e-001
      vertex  3.247533e-001  6.383097e-017  7.421875e-001
      vertex  7.812500e-003  4.458781e-017  7.421875e-001
    endloop
  endfacet
  facet normal -9.999999e-001  0.000000e+000  0.000000e+000
    outer loop
      vertex  3.247533e-001  1.562500e-002  7.812500e-003
      vertex  3.247533e-001  1.924316e-017  7.812500e-003
      vertex  3.247533e-001  1.562500e-002  7.421875e-001
    endloop
  endfacet
  facet normal -9.999999e-001  -0.000000e+000  0.000000e+000
    outer loop
      vertex  3.247533e-001  1.562500e-002  7.421875e-001
      vertex  3.247533e-001  1.924316e-017  7.812500e-003
      vertex  3.247533e-001  6.383097e-017  7.421875e-001
    endloop
  endfacet
  facet normal  0.000000e+000  0.000000e+000 -1.000000e+000
    outer loop
      vertex  9.375000e-002  0.000000e+000  0.000000e+000
      vertex  9.375000e-002  2.086349e-001  0.000000e+000
      vertex  3.359375e-001  0.000000e+000  0.000000e+000
    endloop
  endfacet
  facet normal  0.000000e+000  0.000000e+000 -1.000000e+000
    outer loop
      vertex  3.359375e-001  0.000000e+000  0.000000e+000
      vertex  9.375000e-002  2.086349e-001  0.000000e+000
      vertex  3.359375e-001  2.086349e-001  0.000000e+000
    endloop
  endfacet
  facet normal -1.000000e+000  0.000000e+000  0.000000e+000
    outer loop
      vertex  0.000000e+000  2.086349e-001  9.375000e-002
      vertex  0.000000e+000  0.000000e+000  9.375000e-002
      vertex  0.000000e+000  2.086349e-001  7.500000e-001
    endloop
  endfacet
  facet normal -1.000000e+000  -0.000000e+000  0.000000e+000
    outer loop
      vertex  0.000000e+000  2.086349e-001  7.500000e-001
      vertex  0.000000e+000  0.000000e+000  9.375000e-002
      vertex  0.000000e+000  0.000000e+000  7.500000e-001
    endloop
  endfacet
  facet normal  0.000000e+000  9.999999e-001  0.000000e+000
    outer loop
      vertex  9.375000e-002  2.086349e-001  0.000000e+000
      vertex  7.546028e-002  2.086349e-001  1.801380e-003
      vertex  3.359375e-001  2.086349e-001  0.000000e+000
    endloop
  endfacet
  facet normal  -0.000000e+000  1.000000e+000  0.000000e+000
    outer loop
      vertex  0.000000e+000  2.086349e-001  9.375000e-002
      vertex  0.000000e+000  2.086349e-001  7.500000e-001
      vertex  3.359375e-001  2.086349e-001  7.500000e-001
    endloop
  endfacet
  facet normal  0.000000e+000  1.000000e+000  0.000000e+000
    outer loop
      vertex  0.000000e+000  2.086349e-001  9.375000e-002
      vertex  3.359375e-001  2.086349e-001  7.500000e-001
      vertex  3.359375e-001  2.086349e-001  0.000000e+000
    endloop
  endfacet
  facet normal  0.000000e+000  1.000000e+000  0.000000e+000
    outer loop
      vertex  0.000000e+000  2.086349e-001  9.375000e-002
      vertex  3.359375e-001  2.086349e-001  0.000000e+000
      vertex  7.546028e-002  2.086349e-001  1.801380e-003
    endloop
  endfacet
  facet normal  0.000000e+000  1.000000e+000  0.000000e+000
    outer loop
      vertex  0.000000e+000  2.086349e-001  9.375000e-002
      vertex  7.546028e-002  2.086349e-001  1.801380e-003
      vertex  5.787343e-002  2.086349e-001  7.136294e-003
    endloop
  endfacet
  facet normal  0.000000e+000  1.000000e+000  0.000000e+000
    outer loop
      vertex  0.000000e+000  2.086349e-001  9.375000e-002
      vertex  5.787343e-002  2.086349e-001  7.136294e-003
      vertex  4.166529e-002  2.086349e-001  1.579972e-002
    endloop
  endfacet
  facet normal  0.000000e+000  1.000000e+000  0.000000e+000
    outer loop
      vertex  0.000000e+000  2.086349e-001  9.375000e-002
      vertex  4.166529e-002  2.086349e-001  1.579972e-002
      vertex  2.745874e-002  2.086349e-001  2.745874e-002
    endloop
  endfacet
  facet normal  0.000000e+000  1.000000e+000  0.000000e+000
    outer loop
      vertex  0.000000e+000  2.086349e-001  9.375000e-002
      vertex  2.745874e-002  2.086349e-001  2.745874e-002
      vertex  1.579972e-002  2.086349e-001  4.166529e-002
    endloop
  endfacet
  facet normal  0.000000e+000  9.999999e-001  0.000000e+000
    outer loop
      vertex  0.000000e+000  2.086349e-001  9.375000e-002
      vertex  1.579972e-002  2.086349e-001  4.166529e-002
      vertex  7.136294e-003  2.086349e-001  5.787343e-002
    endloop
  endfacet
  facet normal  0.000000e+000  1.000000e+000  0.000000e+000
    outer loop
      vertex  0.000000e+000  2.086349e-001  9.375000e-002
      vertex  7.136294e-003  2.086349e-001  5.787343e-002
      vertex  1.801380e-003  2.086349e-001  7.546028e-002
    endloop
  endfacet
  facet normal  0.000000e+000  0.000000e+000  1.000000e+000
    outer loop
      vertex  0.000000e+000  0.000000e+000  7.500000e-001
      vertex  3.359375e-001  0.000000e+000  7.500000e-001
      vertex  0.000000e+000  2.086349e-001  7.500000e-001
    endloop
  endfacet
  facet normal  -0.000000e+000  0.000000e+000  1.000000e+000
    outer loop
      vertex  0.000000e+000  2.086349e-001  7.500000e-001
      vertex  3.359375e-001  0.000000e+000  7.500000e-001
      vertex  3.359375e-001  2.086349e-001  7.500000e-001
    endloop
  endfacet
  facet normal  1.000000e+000  0.000000e+000  0.000000e+000
    outer loop
      vertex  3.359375e-001  0.000000e+000  0.000000e+000
      vertex  3.359375e-001  2.086349e-001  0.000000e+000
      vertex  3.359375e-001  0.000000e+000  7.500000e-001
    endloop
  endfacet
  facet normal  1.000000e+000  -0.000000e+000  0.000000e+000
    outer loop
      vertex  3.359375e-001  0.000000e+000  7.500000e-001
      vertex  3.359375e-001  2.086349e-001  0.000000e+000
      vertex  3.359375e-001  2.086349e-001  7.500000e-001
    endloop
  endfacet
endsolid CATIA STL
