solid CATIA STL
  facet normal  1.000000e+000  0.000000e+000  0.000000e+000
    outer loop
      vertex  7.500000e-001  0.000000e+000  0.000000e+000
      vertex  7.500000e-001  4.973684e-001  0.000000e+000
      vertex  7.500000e-001  0.000000e+000  1.250000e-001
    endloop
  endfacet
  facet normal  1.000000e+000  -0.000000e+000  0.000000e+000
    outer loop
      vertex  7.500000e-001  0.000000e+000  1.250000e-001
      vertex  7.500000e-001  4.973684e-001  0.000000e+000
      vertex  7.500000e-001  4.973684e-001  6.250000e-001
    endloop
  endfacet
  facet normal  1.000000e+000  0.000000e+000  0.000000e+000
    outer loop
      vertex  7.500000e-001  0.000000e+000  1.250000e-001
      vertex  7.500000e-001  4.973684e-001  6.250000e-001
      vertex  7.500000e-001  3.157895e-001  6.250000e-001
    endloop
  endfacet
  facet normal  0.000000e+000  0.000000e+000  1.000000e+000
    outer loop
      vertex  0.000000e+000  0.000000e+000  6.250000e-001
      vertex  2.500000e-001  0.000000e+000  6.250000e-001
      vertex  0.000000e+000  4.973684e-001  6.250000e-001
    endloop
  endfacet
  facet normal  0.000000e+000  0.000000e+000  1.000000e+000
    outer loop
      vertex  0.000000e+000  4.973684e-001  6.250000e-001
      vertex  2.500000e-001  0.000000e+000  6.250000e-001
      vertex  2.500000e-001  3.157895e-001  6.250000e-001
    endloop
  endfacet
  facet normal  0.000000e+000  -0.000000e+000  1.000000e+000
    outer loop
      vertex  0.000000e+000  4.973684e-001  6.250000e-001
      vertex  2.500000e-001  3.157895e-001  6.250000e-001
      vertex  7.500000e-001  4.973684e-001  6.250000e-001
    endloop
  endfacet
  facet normal  0.000000e+000  0.000000e+000  1.000000e+000
    outer loop
      vertex  7.500000e-001  4.973684e-001  6.250000e-001
      vertex  2.500000e-001  3.157895e-001  6.250000e-001
      vertex  7.500000e-001  3.157895e-001  6.250000e-001
    endloop
  endfacet
  facet normal  0.000000e+000 -1.000000e+000  0.000000e+000
    outer loop
      vertex  0.000000e+000  0.000000e+000  5.468750e-002
      vertex  1.050805e-003  0.000000e+000  4.401850e-002
      vertex  0.000000e+000  0.000000e+000  6.250000e-001
    endloop
  endfacet
  facet normal  0.000000e+000 -1.000000e+000  0.000000e+000
    outer loop
      vertex  5.468750e-002  0.000000e+000  0.000000e+000
      vertex  7.500000e-001  0.000000e+000  0.000000e+000
      vertex  7.500000e-001  0.000000e+000  1.250000e-001
    endloop
  endfacet
  facet normal  -0.000000e+000 -1.000000e+000  0.000000e+000
    outer loop
      vertex  5.468750e-002  0.000000e+000  0.000000e+000
      vertex  7.500000e-001  0.000000e+000  1.250000e-001
      vertex  2.500000e-001  0.000000e+000  1.250000e-001
    endloop
  endfacet
  facet normal  -0.000000e+000 -1.000000e+000  0.000000e+000
    outer loop
      vertex  5.468750e-002  0.000000e+000  0.000000e+000
      vertex  2.500000e-001  0.000000e+000  1.250000e-001
      vertex  2.500000e-001  0.000000e+000  6.250000e-001
    endloop
  endfacet
  facet normal  -0.000000e+000 -1.000000e+000  0.000000e+000
    outer loop
      vertex  5.468750e-002  0.000000e+000  0.000000e+000
      vertex  2.500000e-001  0.000000e+000  6.250000e-001
      vertex  0.000000e+000  0.000000e+000  6.250000e-001
    endloop
  endfacet
  facet normal  0.000000e+000 -1.000000e+000  0.000000e+000
    outer loop
      vertex  5.468750e-002  0.000000e+000  0.000000e+000
      vertex  0.000000e+000  0.000000e+000  6.250000e-001
      vertex  1.050805e-003  0.000000e+000  4.401850e-002
    endloop
  endfacet
  facet normal  0.000000e+000 -1.000000e+000  0.000000e+000
    outer loop
      vertex  5.468750e-002  0.000000e+000  0.000000e+000
      vertex  1.050805e-003  0.000000e+000  4.401850e-002
      vertex  4.162838e-003  0.000000e+000  3.375950e-002
    endloop
  endfacet
  facet normal  0.000000e+000 -1.000000e+000  0.000000e+000
    outer loop
      vertex  5.468750e-002  0.000000e+000  0.000000e+000
      vertex  4.162838e-003  0.000000e+000  3.375950e-002
      vertex  9.216506e-003  0.000000e+000  2.430475e-002
    endloop
  endfacet
  facet normal  0.000000e+000 -1.000000e+000  0.000000e+000
    outer loop
      vertex  5.468750e-002  0.000000e+000  0.000000e+000
      vertex  9.216506e-003  0.000000e+000  2.430475e-002
      vertex  1.601760e-002  0.000000e+000  1.601760e-002
    endloop
  endfacet
  facet normal  0.000000e+000 -1.000000e+000  0.000000e+000
    outer loop
      vertex  5.468750e-002  0.000000e+000  0.000000e+000
      vertex  1.601760e-002  0.000000e+000  1.601760e-002
      vertex  2.430475e-002  0.000000e+000  9.216506e-003
    endloop
  endfacet
  facet normal  0.000000e+000 -1.000000e+000  0.000000e+000
    outer loop
      vertex  5.468750e-002  0.000000e+000  0.000000e+000
      vertex  2.430475e-002  0.000000e+000  9.216506e-003
      vertex  3.375950e-002  0.000000e+000  4.162838e-003
    endloop
  endfacet
  facet normal  0.000000e+000 -1.000000e+000  0.000000e+000
    outer loop
      vertex  5.468750e-002  0.000000e+000  0.000000e+000
      vertex  3.375950e-002  0.000000e+000  4.162838e-003
      vertex  4.401850e-002  0.000000e+000  1.050805e-003
    endloop
  endfacet
  facet normal  1.000000e+000  0.000000e+000  0.000000e+000
    outer loop
      vertex  2.500000e-001  0.000000e+000  1.250000e-001
      vertex  2.500000e-001  3.157895e-001  6.250000e-001
      vertex  2.500000e-001  0.000000e+000  6.250000e-001
    endloop
  endfacet
  facet normal  0.000000e+000 -8.454889e-001  5.339929e-001
    outer loop
      vertex  2.500000e-001  0.000000e+000  1.250000e-001
      vertex  7.500000e-001  0.000000e+000  1.250000e-001
      vertex  2.500000e-001  3.157895e-001  6.250000e-001
    endloop
  endfacet
  facet normal  0.000000e+000 -8.454889e-001  5.339929e-001
    outer loop
      vertex  2.500000e-001  3.157895e-001  6.250000e-001
      vertex  7.500000e-001  0.000000e+000  1.250000e-001
      vertex  7.500000e-001  3.157895e-001  6.250000e-001
    endloop
  endfacet
  facet normal  0.000000e+000  0.000000e+000 -9.999999e-001
    outer loop
      vertex  5.468750e-002  0.000000e+000  0.000000e+000
      vertex  5.468750e-002  4.973684e-001  0.000000e+000
      vertex  7.500000e-001  0.000000e+000  0.000000e+000
    endloop
  endfacet
  facet normal  0.000000e+000  0.000000e+000 -9.999999e-001
    outer loop
      vertex  7.500000e-001  0.000000e+000  0.000000e+000
      vertex  5.468750e-002  4.973684e-001  0.000000e+000
      vertex  7.500000e-001  4.973684e-001  0.000000e+000
    endloop
  endfacet
  facet normal -1.000000e+000  0.000000e+000  0.000000e+000
    outer loop
      vertex  0.000000e+000  4.973684e-001  5.468750e-002
      vertex  0.000000e+000  0.000000e+000  5.468750e-002
      vertex  0.000000e+000  4.973684e-001  6.250000e-001
    endloop
  endfacet
  facet normal -1.000000e+000  -0.000000e+000  0.000000e+000
    outer loop
      vertex  0.000000e+000  4.973684e-001  6.250000e-001
      vertex  0.000000e+000  0.000000e+000  5.468750e-002
      vertex  0.000000e+000  0.000000e+000  6.250000e-001
    endloop
  endfacet
  facet normal  0.000000e+000  1.000000e+000  0.000000e+000
    outer loop
      vertex  0.000000e+000  4.973684e-001  5.468750e-002
      vertex  4.162838e-003  4.973684e-001  3.375950e-002
      vertex  1.050805e-003  4.973684e-001  4.401850e-002
    endloop
  endfacet
  facet normal  0.000000e+000  1.000000e+000  0.000000e+000
    outer loop
      vertex  0.000000e+000  4.973684e-001  6.250000e-001
      vertex  7.500000e-001  4.973684e-001  6.250000e-001
      vertex  7.500000e-001  4.973684e-001  0.000000e+000
    endloop
  endfacet
  facet normal  0.000000e+000  1.000000e+000  0.000000e+000
    outer loop
      vertex  0.000000e+000  4.973684e-001  6.250000e-001
      vertex  7.500000e-001  4.973684e-001  0.000000e+000
      vertex  5.468750e-002  4.973684e-001  0.000000e+000
    endloop
  endfacet
  facet normal  0.000000e+000  1.000000e+000  0.000000e+000
    outer loop
      vertex  0.000000e+000  4.973684e-001  6.250000e-001
      vertex  5.468750e-002  4.973684e-001  0.000000e+000
      vertex  4.401850e-002  4.973684e-001  1.050805e-003
    endloop
  endfacet
  facet normal  0.000000e+000  1.000000e+000  0.000000e+000
    outer loop
      vertex  0.000000e+000  4.973684e-001  6.250000e-001
      vertex  4.401850e-002  4.973684e-001  1.050805e-003
      vertex  3.375950e-002  4.973684e-001  4.162838e-003
    endloop
  endfacet
  facet normal  0.000000e+000  1.000000e+000  0.000000e+000
    outer loop
      vertex  0.000000e+000  4.973684e-001  6.250000e-001
      vertex  3.375950e-002  4.973684e-001  4.162838e-003
      vertex  2.430475e-002  4.973684e-001  9.216506e-003
    endloop
  endfacet
  facet normal  0.000000e+000  1.000000e+000  0.000000e+000
    outer loop
      vertex  0.000000e+000  4.973684e-001  6.250000e-001
      vertex  2.430475e-002  4.973684e-001  9.216506e-003
      vertex  1.601760e-002  4.973684e-001  1.601760e-002
    endloop
  endfacet
  facet normal  0.000000e+000  1.000000e+000  0.000000e+000
    outer loop
      vertex  0.000000e+000  4.973684e-001  6.250000e-001
      vertex  1.601760e-002  4.973684e-001  1.601760e-002
      vertex  9.216506e-003  4.973684e-001  2.430475e-002
    endloop
  endfacet
  facet normal  0.000000e+000  1.000000e+000  0.000000e+000
    outer loop
      vertex  0.000000e+000  4.973684e-001  6.250000e-001
      vertex  9.216506e-003  4.973684e-001  2.430475e-002
      vertex  4.162838e-003  4.973684e-001  3.375950e-002
    endloop
  endfacet
  facet normal  0.000000e+000  1.000000e+000  0.000000e+000
    outer loop
      vertex  0.000000e+000  4.973684e-001  6.250000e-001
      vertex  4.162838e-003  4.973684e-001  3.375950e-002
      vertex  0.000000e+000  4.973684e-001  5.468750e-002
    endloop
  endfacet
  facet normal -9.801715e-002  0.000000e+000 -9.951847e-001
    outer loop
      vertex  5.468750e-002  4.973684e-001  0.000000e+000
      vertex  5.468750e-002  0.000000e+000  0.000000e+000
      vertex  4.401850e-002  4.973684e-001  1.050805e-003
    endloop
  endfacet
  facet normal -9.801715e-002  -0.000000e+000 -9.951847e-001
    outer loop
      vertex  4.401850e-002  4.973684e-001  1.050805e-003
      vertex  5.468750e-002  0.000000e+000  0.000000e+000
      vertex  4.401850e-002  0.000000e+000  1.050805e-003
    endloop
  endfacet
  facet normal -2.902847e-001  0.000000e+000 -9.569404e-001
    outer loop
      vertex  4.401850e-002  4.973684e-001  1.050805e-003
      vertex  4.401850e-002  0.000000e+000  1.050805e-003
      vertex  3.375950e-002  4.973684e-001  4.162838e-003
    endloop
  endfacet
  facet normal -2.902847e-001  -0.000000e+000 -9.569404e-001
    outer loop
      vertex  3.375950e-002  4.973684e-001  4.162838e-003
      vertex  4.401850e-002  0.000000e+000  1.050805e-003
      vertex  3.375950e-002  0.000000e+000  4.162838e-003
    endloop
  endfacet
  facet normal -4.713967e-001  0.000000e+000 -8.819213e-001
    outer loop
      vertex  3.375950e-002  4.973684e-001  4.162838e-003
      vertex  3.375950e-002  0.000000e+000  4.162838e-003
      vertex  2.430475e-002  4.973684e-001  9.216506e-003
    endloop
  endfacet
  facet normal -4.713967e-001  -0.000000e+000 -8.819213e-001
    outer loop
      vertex  2.430475e-002  4.973684e-001  9.216506e-003
      vertex  3.375950e-002  0.000000e+000  4.162838e-003
      vertex  2.430475e-002  0.000000e+000  9.216506e-003
    endloop
  endfacet
  facet normal -6.343932e-001  0.000000e+000 -7.730106e-001
    outer loop
      vertex  2.430475e-002  4.973684e-001  9.216506e-003
      vertex  2.430475e-002  0.000000e+000  9.216506e-003
      vertex  1.601760e-002  4.973684e-001  1.601760e-002
    endloop
  endfacet
  facet normal -6.343932e-001  -0.000000e+000 -7.730106e-001
    outer loop
      vertex  1.601760e-002  4.973684e-001  1.601760e-002
      vertex  2.430475e-002  0.000000e+000  9.216506e-003
      vertex  1.601760e-002  0.000000e+000  1.601760e-002
    endloop
  endfacet
  facet normal -7.730106e-001  0.000000e+000 -6.343932e-001
    outer loop
      vertex  1.601760e-002  4.973684e-001  1.601760e-002
      vertex  1.601760e-002  0.000000e+000  1.601760e-002
      vertex  9.216506e-003  4.973684e-001  2.430475e-002
    endloop
  endfacet
  facet normal -7.730106e-001  -0.000000e+000 -6.343932e-001
    outer loop
      vertex  9.216506e-003  4.973684e-001  2.430475e-002
      vertex  1.601760e-002  0.000000e+000  1.601760e-002
      vertex  9.216506e-003  0.000000e+000  2.430475e-002
    endloop
  endfacet
  facet normal -8.819213e-001  0.000000e+000 -4.713967e-001
    outer loop
      vertex  9.216506e-003  4.973684e-001  2.430475e-002
      vertex  9.216506e-003  0.000000e+000  2.430475e-002
      vertex  4.162838e-003  4.973684e-001  3.375950e-002
    endloop
  endfacet
  facet normal -8.819213e-001  -0.000000e+000 -4.713967e-001
    outer loop
      vertex  4.162838e-003  4.973684e-001  3.375950e-002
      vertex  9.216506e-003  0.000000e+000  2.430475e-002
      vertex  4.162838e-003  0.000000e+000  3.375950e-002
    endloop
  endfacet
  facet normal -9.569404e-001  0.000000e+000 -2.902847e-001
    outer loop
      vertex  4.162838e-003  4.973684e-001  3.375950e-002
      vertex  4.162838e-003  0.000000e+000  3.375950e-002
      vertex  1.050805e-003  4.973684e-001  4.401850e-002
    endloop
  endfacet
  facet normal -9.569404e-001  -0.000000e+000 -2.902847e-001
    outer loop
      vertex  1.050805e-003  4.973684e-001  4.401850e-002
      vertex  4.162838e-003  0.000000e+000  3.375950e-002
      vertex  1.050805e-003  0.000000e+000  4.401850e-002
    endloop
  endfacet
  facet normal -9.951847e-001  0.000000e+000 -9.801715e-002
    outer loop
      vertex  1.050805e-003  4.973684e-001  4.401850e-002
      vertex  1.050805e-003  0.000000e+000  4.401850e-002
      vertex  0.000000e+000  4.973684e-001  5.468750e-002
    endloop
  endfacet
  facet normal -9.951847e-001  -0.000000e+000 -9.801715e-002
    outer loop
      vertex  0.000000e+000  4.973684e-001  5.468750e-002
      vertex  1.050805e-003  0.000000e+000  4.401850e-002
      vertex  0.000000e+000  0.000000e+000  5.468750e-002
    endloop
  endfacet
endsolid CATIA STL
