solid CATIA STL
  facet normal  0.000000e+000 -1.000000e+000  0.000000e+000
    outer loop
      vertex -7.500000e-001 -4.687500e-002 -6.953125e-001
      vertex -7.489492e-001 -4.687500e-002 -7.059815e-001
      vertex -7.458372e-001 -4.687500e-002 -7.162405e-001
    endloop
  endfacet
  facet normal  0.000000e+000 -1.000000e+000  0.000000e+000
    outer loop
      vertex -7.500000e-001 -4.687500e-002 -6.953125e-001
      vertex -7.458372e-001 -4.687500e-002 -7.162405e-001
      vertex -7.407835e-001 -4.687500e-002 -7.256953e-001
    endloop
  endfacet
  facet normal  0.000000e+000 -9.999999e-001  0.000000e+000
    outer loop
      vertex -7.500000e-001 -4.687500e-002 -6.953125e-001
      vertex -7.407835e-001 -4.687500e-002 -7.256953e-001
      vertex -7.339824e-001 -4.687500e-002 -7.339824e-001
    endloop
  endfacet
  facet normal  0.000000e+000 -1.000000e+000  0.000000e+000
    outer loop
      vertex -7.500000e-001 -4.687500e-002 -6.953125e-001
      vertex -7.339824e-001 -4.687500e-002 -7.339824e-001
      vertex -7.256953e-001 -4.687500e-002 -7.407835e-001
    endloop
  endfacet
  facet normal  0.000000e+000 -1.000000e+000  0.000000e+000
    outer loop
      vertex -7.500000e-001 -4.687500e-002 -6.953125e-001
      vertex -7.256953e-001 -4.687500e-002 -7.407835e-001
      vertex -7.162405e-001 -4.687500e-002 -7.458372e-001
    endloop
  endfacet
  facet normal  0.000000e+000 -1.000000e+000  0.000000e+000
    outer loop
      vertex -7.500000e-001 -4.687500e-002 -6.953125e-001
      vertex -7.162405e-001 -4.687500e-002 -7.458372e-001
      vertex -7.059815e-001 -4.687500e-002 -7.489492e-001
    endloop
  endfacet
  facet normal  0.000000e+000 -1.000000e+000  0.000000e+000
    outer loop
      vertex -7.500000e-001 -4.687500e-002 -6.953125e-001
      vertex -7.059815e-001 -4.687500e-002 -7.489492e-001
      vertex -6.953125e-001 -4.687500e-002 -7.500000e-001
    endloop
  endfacet
  facet normal  0.000000e+000 -1.000000e+000  0.000000e+000
    outer loop
      vertex -7.500000e-001 -4.687500e-002 -6.953125e-001
      vertex -6.953125e-001 -4.687500e-002 -7.500000e-001
      vertex  7.500000e-001 -4.687500e-002 -7.500000e-001
    endloop
  endfacet
  facet normal  0.000000e+000 -1.000000e+000  0.000000e+000
    outer loop
      vertex -7.500000e-001 -4.687500e-002 -6.953125e-001
      vertex  7.500000e-001 -4.687500e-002 -7.500000e-001
      vertex  7.500000e-001 -4.687500e-002  7.500000e-001
    endloop
  endfacet
  facet normal  -0.000000e+000 -1.000000e+000  0.000000e+000
    outer loop
      vertex -7.500000e-001 -4.687500e-002 -6.953125e-001
      vertex  7.500000e-001 -4.687500e-002  7.500000e-001
      vertex -7.500000e-001 -4.687500e-002  7.500000e-001
    endloop
  endfacet
  facet normal -1.110223e-016  1.000000e+000 -1.110223e-016
    outer loop
      vertex -7.500000e-001  6.071532e-018 -6.953125e-001
      vertex -7.500000e-001  1.665335e-016  7.500000e-001
      vertex  7.500000e-001  3.330669e-016  7.500000e-001
    endloop
  endfacet
  facet normal -1.110223e-016  1.000000e+000 -1.110223e-016
    outer loop
      vertex -7.500000e-001  6.071532e-018 -6.953125e-001
      vertex  7.500000e-001  3.330669e-016  7.500000e-001
      vertex  7.500000e-001  1.665335e-016 -7.500000e-001
    endloop
  endfacet
  facet normal -1.110223e-016  1.000000e+000 -1.110223e-016
    outer loop
      vertex -7.500000e-001  6.071532e-018 -6.953125e-001
      vertex  7.500000e-001  1.665335e-016 -7.500000e-001
      vertex -6.953125e-001  6.071532e-018 -7.500000e-001
    endloop
  endfacet
  facet normal -1.110227e-016  1.000000e+000 -1.110227e-016
    outer loop
      vertex -7.500000e-001  6.071532e-018 -6.953125e-001
      vertex -6.953125e-001  6.071532e-018 -7.500000e-001
      vertex -7.059815e-001  5.003698e-018 -7.489492e-001
    endloop
  endfacet
  facet normal -1.110216e-016  1.000000e+000 -1.110218e-016
    outer loop
      vertex -7.500000e-001  6.071532e-018 -6.953125e-001
      vertex -7.059815e-001  5.003698e-018 -7.489492e-001
      vertex -7.162405e-001  4.210225e-018 -7.458372e-001
    endloop
  endfacet
  facet normal -1.110221e-016  1.000000e+000 -1.110222e-016
    outer loop
      vertex -7.500000e-001  6.071532e-018 -6.953125e-001
      vertex -7.162405e-001  4.210225e-018 -7.458372e-001
      vertex -7.256953e-001  3.721607e-018 -7.407835e-001
    endloop
  endfacet
  facet normal -1.110237e-016  1.000000e+000 -1.110230e-016
    outer loop
      vertex -7.500000e-001  6.071532e-018 -6.953125e-001
      vertex -7.256953e-001  3.721607e-018 -7.407835e-001
      vertex -7.339824e-001  3.556621e-018 -7.339824e-001
    endloop
  endfacet
  facet normal -1.110206e-016  9.999999e-001 -1.110217e-016
    outer loop
      vertex -7.500000e-001  6.071532e-018 -6.953125e-001
      vertex -7.339824e-001  3.556621e-018 -7.339824e-001
      vertex -7.407835e-001  3.721607e-018 -7.256953e-001
    endloop
  endfacet
  facet normal -1.110223e-016  1.000000e+000 -1.110222e-016
    outer loop
      vertex -7.500000e-001  6.071532e-018 -6.953125e-001
      vertex -7.407835e-001  3.721607e-018 -7.256953e-001
      vertex -7.458372e-001  4.210225e-018 -7.162405e-001
    endloop
  endfacet
  facet normal -1.110266e-016  1.000000e+000 -1.110231e-016
    outer loop
      vertex -7.500000e-001  6.071532e-018 -6.953125e-001
      vertex -7.458372e-001  4.210225e-018 -7.162405e-001
      vertex -7.489492e-001  5.003698e-018 -7.059815e-001
    endloop
  endfacet
  facet normal -1.000000e+000  -0.000000e+000  0.000000e+000
    outer loop
      vertex -7.500000e-001 -4.687500e-002  7.500000e-001
      vertex -7.500000e-001  1.665335e-016  7.500000e-001
      vertex -7.500000e-001 -4.687500e-002 -6.953125e-001
    endloop
  endfacet
  facet normal -1.000000e+000  0.000000e+000  0.000000e+000
    outer loop
      vertex -7.500000e-001 -4.687500e-002 -6.953125e-001
      vertex -7.500000e-001  1.665335e-016  7.500000e-001
      vertex -7.500000e-001  6.071532e-018 -6.953125e-001
    endloop
  endfacet
  facet normal  0.000000e+000  0.000000e+000 -1.000000e+000
    outer loop
      vertex -6.953125e-001 -4.687500e-002 -7.500000e-001
      vertex -6.953125e-001  6.071532e-018 -7.500000e-001
      vertex  7.500000e-001 -4.687500e-002 -7.500000e-001
    endloop
  endfacet
  facet normal  0.000000e+000  0.000000e+000 -1.000000e+000
    outer loop
      vertex  7.500000e-001 -4.687500e-002 -7.500000e-001
      vertex -6.953125e-001  6.071532e-018 -7.500000e-001
      vertex  7.500000e-001  1.665335e-016 -7.500000e-001
    endloop
  endfacet
  facet normal -9.801953e-002  0.000000e+000 -9.951845e-001
    outer loop
      vertex -6.953125e-001  6.071532e-018 -7.500000e-001
      vertex -6.953125e-001 -4.687500e-002 -7.500000e-001
      vertex -7.059815e-001  5.003698e-018 -7.489492e-001
    endloop
  endfacet
  facet normal -9.801953e-002  -0.000000e+000 -9.951845e-001
    outer loop
      vertex -7.059815e-001  5.003698e-018 -7.489492e-001
      vertex -6.953125e-001 -4.687500e-002 -7.500000e-001
      vertex -7.059815e-001 -4.687500e-002 -7.489492e-001
    endloop
  endfacet
  facet normal -2.902825e-001  0.000000e+000 -9.569410e-001
    outer loop
      vertex -7.059815e-001  5.003698e-018 -7.489492e-001
      vertex -7.059815e-001 -4.687500e-002 -7.489492e-001
      vertex -7.162405e-001  4.210225e-018 -7.458372e-001
    endloop
  endfacet
  facet normal -2.902825e-001  -0.000000e+000 -9.569410e-001
    outer loop
      vertex -7.162405e-001  4.210225e-018 -7.458372e-001
      vertex -7.059815e-001 -4.687500e-002 -7.489492e-001
      vertex -7.162405e-001 -4.687500e-002 -7.458372e-001
    endloop
  endfacet
  facet normal -4.713955e-001  0.000000e+000 -8.819219e-001
    outer loop
      vertex -7.162405e-001  4.210225e-018 -7.458372e-001
      vertex -7.162405e-001 -4.687500e-002 -7.458372e-001
      vertex -7.256953e-001  3.721607e-018 -7.407835e-001
    endloop
  endfacet
  facet normal -4.713955e-001  -0.000000e+000 -8.819219e-001
    outer loop
      vertex -7.256953e-001  3.721607e-018 -7.407835e-001
      vertex -7.162405e-001 -4.687500e-002 -7.458372e-001
      vertex -7.256953e-001 -4.687500e-002 -7.407835e-001
    endloop
  endfacet
  facet normal -6.343963e-001  0.000000e+000 -7.730079e-001
    outer loop
      vertex -7.256953e-001  3.721607e-018 -7.407835e-001
      vertex -7.256953e-001 -4.687500e-002 -7.407835e-001
      vertex -7.339824e-001  3.556621e-018 -7.339824e-001
    endloop
  endfacet
  facet normal -6.343963e-001  -0.000000e+000 -7.730079e-001
    outer loop
      vertex -7.339824e-001  3.556621e-018 -7.339824e-001
      vertex -7.256953e-001 -4.687500e-002 -7.407835e-001
      vertex -7.339824e-001 -4.687500e-002 -7.339824e-001
    endloop
  endfacet
  facet normal -7.730079e-001  0.000000e+000 -6.343963e-001
    outer loop
      vertex -7.339824e-001  3.556621e-018 -7.339824e-001
      vertex -7.339824e-001 -4.687500e-002 -7.339824e-001
      vertex -7.407835e-001  3.721607e-018 -7.256953e-001
    endloop
  endfacet
  facet normal -7.730079e-001  -0.000000e+000 -6.343963e-001
    outer loop
      vertex -7.407835e-001  3.721607e-018 -7.256953e-001
      vertex -7.339824e-001 -4.687500e-002 -7.339824e-001
      vertex -7.407835e-001 -4.687500e-002 -7.256953e-001
    endloop
  endfacet
  facet normal -8.819219e-001  0.000000e+000 -4.713955e-001
    outer loop
      vertex -7.407835e-001  3.721607e-018 -7.256953e-001
      vertex -7.407835e-001 -4.687500e-002 -7.256953e-001
      vertex -7.458372e-001  4.210225e-018 -7.162405e-001
    endloop
  endfacet
  facet normal -8.819219e-001  -0.000000e+000 -4.713955e-001
    outer loop
      vertex -7.458372e-001  4.210225e-018 -7.162405e-001
      vertex -7.407835e-001 -4.687500e-002 -7.256953e-001
      vertex -7.458372e-001 -4.687500e-002 -7.162405e-001
    endloop
  endfacet
  facet normal -9.569410e-001  0.000000e+000 -2.902825e-001
    outer loop
      vertex -7.458372e-001  4.210225e-018 -7.162405e-001
      vertex -7.458372e-001 -4.687500e-002 -7.162405e-001
      vertex -7.489492e-001  5.003698e-018 -7.059815e-001
    endloop
  endfacet
  facet normal -9.569410e-001  -0.000000e+000 -2.902825e-001
    outer loop
      vertex -7.489492e-001  5.003698e-018 -7.059815e-001
      vertex -7.458372e-001 -4.687500e-002 -7.162405e-001
      vertex -7.489492e-001 -4.687500e-002 -7.059815e-001
    endloop
  endfacet
  facet normal -9.951845e-001  0.000000e+000 -9.801953e-002
    outer loop
      vertex -7.489492e-001  5.003698e-018 -7.059815e-001
      vertex -7.489492e-001 -4.687500e-002 -7.059815e-001
      vertex -7.500000e-001  6.071532e-018 -6.953125e-001
    endloop
  endfacet
  facet normal -9.951845e-001  -0.000000e+000 -9.801953e-002
    outer loop
      vertex -7.500000e-001  6.071532e-018 -6.953125e-001
      vertex -7.489492e-001 -4.687500e-002 -7.059815e-001
      vertex -7.500000e-001 -4.687500e-002 -6.953125e-001
    endloop
  endfacet
  facet normal  0.000000e+000  0.000000e+000  1.000000e+000
    outer loop
      vertex  7.500000e-001 -4.687500e-002  7.500000e-001
      vertex  7.500000e-001  3.330669e-016  7.500000e-001
      vertex -7.500000e-001 -4.687500e-002  7.500000e-001
    endloop
  endfacet
  facet normal  0.000000e+000  0.000000e+000  1.000000e+000
    outer loop
      vertex -7.500000e-001 -4.687500e-002  7.500000e-001
      vertex  7.500000e-001  3.330669e-016  7.500000e-001
      vertex -7.500000e-001  1.665335e-016  7.500000e-001
    endloop
  endfacet
  facet normal  1.000000e+000  0.000000e+000  0.000000e+000
    outer loop
      vertex  7.500000e-001 -4.687500e-002 -7.500000e-001
      vertex  7.500000e-001  1.665335e-016 -7.500000e-001
      vertex  7.500000e-001 -4.687500e-002  7.500000e-001
    endloop
  endfacet
  facet normal  1.000000e+000  -0.000000e+000  0.000000e+000
    outer loop
      vertex  7.500000e-001 -4.687500e-002  7.500000e-001
      vertex  7.500000e-001  1.665335e-016 -7.500000e-001
      vertex  7.500000e-001  3.330669e-016  7.500000e-001
    endloop
  endfacet
endsolid CATIA STL
