solid CATIA STL
  facet normal  1.000000e+000  -0.000000e+000  0.000000e+000
    outer loop
      vertex  7.500000e-001  1.817835e-017  2.968750e-001
      vertex  7.500000e-001  0.000000e+000  0.000000e+000
      vertex  7.500000e-001  2.968750e-001 -1.817835e-017
    endloop
  endfacet
  facet normal  1.000000e+000  0.000000e+000  -0.000000e+000
    outer loop
      vertex  7.500000e-001  1.817835e-017  2.968750e-001
      vertex  7.500000e-001  2.968750e-001 -1.817835e-017
      vertex  7.500000e-001  2.968750e-001  2.031250e-001
    endloop
  endfacet
  facet normal  1.000000e+000  0.000000e+000  0.000000e+000
    outer loop
      vertex  7.500000e-001  1.817835e-017  2.968750e-001
      vertex  7.500000e-001  2.968750e-001  2.031250e-001
      vertex  7.500000e-001  2.950736e-001  2.214147e-001
    endloop
  endfacet
  facet normal  1.000000e+000  0.000000e+000  0.000000e+000
    outer loop
      vertex  7.500000e-001  1.817835e-017  2.968750e-001
      vertex  7.500000e-001  2.950736e-001  2.214147e-001
      vertex  7.500000e-001  2.897387e-001  2.390016e-001
    endloop
  endfacet
  facet normal  1.000000e+000  0.000000e+000  0.000000e+000
    outer loop
      vertex  7.500000e-001  1.817835e-017  2.968750e-001
      vertex  7.500000e-001  2.897387e-001  2.390016e-001
      vertex  7.500000e-001  2.810753e-001  2.552097e-001
    endloop
  endfacet
  facet normal  1.000000e+000  0.000000e+000  0.000000e+000
    outer loop
      vertex  7.500000e-001  1.817835e-017  2.968750e-001
      vertex  7.500000e-001  2.810753e-001  2.552097e-001
      vertex  7.500000e-001  2.694163e-001  2.694163e-001
    endloop
  endfacet
  facet normal  1.000000e+000  0.000000e+000  0.000000e+000
    outer loop
      vertex  7.500000e-001  1.817835e-017  2.968750e-001
      vertex  7.500000e-001  2.694163e-001  2.694163e-001
      vertex  7.500000e-001  2.552097e-001  2.810753e-001
    endloop
  endfacet
  facet normal  1.000000e+000  0.000000e+000  0.000000e+000
    outer loop
      vertex  7.500000e-001  1.817835e-017  2.968750e-001
      vertex  7.500000e-001  2.552097e-001  2.810753e-001
      vertex  7.500000e-001  2.390016e-001  2.897387e-001
    endloop
  endfacet
  facet normal  1.000000e+000  0.000000e+000  0.000000e+000
    outer loop
      vertex  7.500000e-001  1.817835e-017  2.968750e-001
      vertex  7.500000e-001  2.390016e-001  2.897387e-001
      vertex  7.500000e-001  2.214147e-001  2.950736e-001
    endloop
  endfacet
  facet normal  1.000000e+000  0.000000e+000  0.000000e+000
    outer loop
      vertex  7.500000e-001  1.817835e-017  2.968750e-001
      vertex  7.500000e-001  2.214147e-001  2.950736e-001
      vertex  7.500000e-001  2.031250e-001  2.968750e-001
    endloop
  endfacet
  facet normal -1.000000e+000  -0.000000e+000  -0.000000e+000
    outer loop
      vertex  0.000000e+000  1.817835e-017  2.968750e-001
      vertex  0.000000e+000  2.031250e-001  2.968750e-001
      vertex  0.000000e+000  2.214147e-001  2.950736e-001
    endloop
  endfacet
  facet normal -1.000000e+000  -0.000000e+000  -0.000000e+000
    outer loop
      vertex  0.000000e+000  1.817835e-017  2.968750e-001
      vertex  0.000000e+000  2.214147e-001  2.950736e-001
      vertex  0.000000e+000  2.390016e-001  2.897387e-001
    endloop
  endfacet
  facet normal -1.000000e+000  -0.000000e+000  -0.000000e+000
    outer loop
      vertex  0.000000e+000  1.817835e-017  2.968750e-001
      vertex  0.000000e+000  2.390016e-001  2.897387e-001
      vertex  0.000000e+000  2.552097e-001  2.810753e-001
    endloop
  endfacet
  facet normal -1.000000e+000  -0.000000e+000  -0.000000e+000
    outer loop
      vertex  0.000000e+000  1.817835e-017  2.968750e-001
      vertex  0.000000e+000  2.552097e-001  2.810753e-001
      vertex  0.000000e+000  2.694163e-001  2.694163e-001
    endloop
  endfacet
  facet normal -1.000000e+000  -0.000000e+000  -0.000000e+000
    outer loop
      vertex  0.000000e+000  1.817835e-017  2.968750e-001
      vertex  0.000000e+000  2.694163e-001  2.694163e-001
      vertex  0.000000e+000  2.810753e-001  2.552097e-001
    endloop
  endfacet
  facet normal -1.000000e+000  -0.000000e+000  -0.000000e+000
    outer loop
      vertex  0.000000e+000  1.817835e-017  2.968750e-001
      vertex  0.000000e+000  2.810753e-001  2.552097e-001
      vertex  0.000000e+000  2.897387e-001  2.390016e-001
    endloop
  endfacet
  facet normal -1.000000e+000  -0.000000e+000  -0.000000e+000
    outer loop
      vertex  0.000000e+000  1.817835e-017  2.968750e-001
      vertex  0.000000e+000  2.897387e-001  2.390016e-001
      vertex  0.000000e+000  2.950736e-001  2.214147e-001
    endloop
  endfacet
  facet normal -1.000000e+000  -0.000000e+000  -0.000000e+000
    outer loop
      vertex  0.000000e+000  1.817835e-017  2.968750e-001
      vertex  0.000000e+000  2.950736e-001  2.214147e-001
      vertex  0.000000e+000  2.968750e-001  2.031250e-001
    endloop
  endfacet
  facet normal -1.000000e+000  -0.000000e+000  -0.000000e+000
    outer loop
      vertex  0.000000e+000  1.817835e-017  2.968750e-001
      vertex  0.000000e+000  2.968750e-001  2.031250e-001
      vertex  0.000000e+000  2.968750e-001 -1.817835e-017
    endloop
  endfacet
  facet normal -1.000000e+000  0.000000e+000  0.000000e+000
    outer loop
      vertex  0.000000e+000  1.817835e-017  2.968750e-001
      vertex  0.000000e+000  2.968750e-001 -1.817835e-017
      vertex  0.000000e+000  0.000000e+000  0.000000e+000
    endloop
  endfacet
  facet normal  0.000000e+000  0.000000e+000  1.000000e+000
    outer loop
      vertex  0.000000e+000  2.031250e-001  2.968750e-001
      vertex  0.000000e+000  1.817835e-017  2.968750e-001
      vertex  7.500000e-001  2.031250e-001  2.968750e-001
    endloop
  endfacet
  facet normal  0.000000e+000  0.000000e+000  1.000000e+000
    outer loop
      vertex  7.500000e-001  2.031250e-001  2.968750e-001
      vertex  0.000000e+000  1.817835e-017  2.968750e-001
      vertex  7.500000e-001  1.817835e-017  2.968750e-001
    endloop
  endfacet
  facet normal  0.000000e+000  1.000000e+000  0.000000e+000
    outer loop
      vertex  0.000000e+000  2.968750e-001 -1.817835e-017
      vertex  0.000000e+000  2.968750e-001  2.031250e-001
      vertex  7.500000e-001  2.968750e-001 -1.817835e-017
    endloop
  endfacet
  facet normal  0.000000e+000  1.000000e+000  -0.000000e+000
    outer loop
      vertex  7.500000e-001  2.968750e-001 -1.817835e-017
      vertex  0.000000e+000  2.968750e-001  2.031250e-001
      vertex  7.500000e-001  2.968750e-001  2.031250e-001
    endloop
  endfacet
  facet normal  0.000000e+000  9.801670e-002  9.951848e-001
    outer loop
      vertex  0.000000e+000  2.031250e-001  2.968750e-001
      vertex  7.500000e-001  2.031250e-001  2.968750e-001
      vertex  0.000000e+000  2.214147e-001  2.950736e-001
    endloop
  endfacet
  facet normal  -0.000000e+000  9.801670e-002  9.951848e-001
    outer loop
      vertex  0.000000e+000  2.214147e-001  2.950736e-001
      vertex  7.500000e-001  2.031250e-001  2.968750e-001
      vertex  7.500000e-001  2.214147e-001  2.950736e-001
    endloop
  endfacet
  facet normal  0.000000e+000  2.902846e-001  9.569404e-001
    outer loop
      vertex  0.000000e+000  2.214147e-001  2.950736e-001
      vertex  7.500000e-001  2.214147e-001  2.950736e-001
      vertex  0.000000e+000  2.390016e-001  2.897387e-001
    endloop
  endfacet
  facet normal  -0.000000e+000  2.902846e-001  9.569404e-001
    outer loop
      vertex  0.000000e+000  2.390016e-001  2.897387e-001
      vertex  7.500000e-001  2.214147e-001  2.950736e-001
      vertex  7.500000e-001  2.390016e-001  2.897387e-001
    endloop
  endfacet
  facet normal  0.000000e+000  4.713973e-001  8.819209e-001
    outer loop
      vertex  0.000000e+000  2.390016e-001  2.897387e-001
      vertex  7.500000e-001  2.390016e-001  2.897387e-001
      vertex  0.000000e+000  2.552097e-001  2.810753e-001
    endloop
  endfacet
  facet normal  -0.000000e+000  4.713973e-001  8.819209e-001
    outer loop
      vertex  0.000000e+000  2.552097e-001  2.810753e-001
      vertex  7.500000e-001  2.390016e-001  2.897387e-001
      vertex  7.500000e-001  2.552097e-001  2.810753e-001
    endloop
  endfacet
  facet normal  0.000000e+000  6.343925e-001  7.730111e-001
    outer loop
      vertex  0.000000e+000  2.552097e-001  2.810753e-001
      vertex  7.500000e-001  2.552097e-001  2.810753e-001
      vertex  0.000000e+000  2.694163e-001  2.694163e-001
    endloop
  endfacet
  facet normal  -0.000000e+000  6.343925e-001  7.730111e-001
    outer loop
      vertex  0.000000e+000  2.694163e-001  2.694163e-001
      vertex  7.500000e-001  2.552097e-001  2.810753e-001
      vertex  7.500000e-001  2.694163e-001  2.694163e-001
    endloop
  endfacet
  facet normal  0.000000e+000  7.730111e-001  6.343925e-001
    outer loop
      vertex  0.000000e+000  2.694163e-001  2.694163e-001
      vertex  7.500000e-001  2.694163e-001  2.694163e-001
      vertex  0.000000e+000  2.810753e-001  2.552097e-001
    endloop
  endfacet
  facet normal  -0.000000e+000  7.730111e-001  6.343925e-001
    outer loop
      vertex  0.000000e+000  2.810753e-001  2.552097e-001
      vertex  7.500000e-001  2.694163e-001  2.694163e-001
      vertex  7.500000e-001  2.810753e-001  2.552097e-001
    endloop
  endfacet
  facet normal  0.000000e+000  8.819209e-001  4.713973e-001
    outer loop
      vertex  0.000000e+000  2.810753e-001  2.552097e-001
      vertex  7.500000e-001  2.810753e-001  2.552097e-001
      vertex  0.000000e+000  2.897387e-001  2.390016e-001
    endloop
  endfacet
  facet normal  -0.000000e+000  8.819209e-001  4.713973e-001
    outer loop
      vertex  0.000000e+000  2.897387e-001  2.390016e-001
      vertex  7.500000e-001  2.810753e-001  2.552097e-001
      vertex  7.500000e-001  2.897387e-001  2.390016e-001
    endloop
  endfacet
  facet normal  0.000000e+000  9.569404e-001  2.902846e-001
    outer loop
      vertex  0.000000e+000  2.897387e-001  2.390016e-001
      vertex  7.500000e-001  2.897387e-001  2.390016e-001
      vertex  0.000000e+000  2.950736e-001  2.214147e-001
    endloop
  endfacet
  facet normal  -0.000000e+000  9.569404e-001  2.902846e-001
    outer loop
      vertex  0.000000e+000  2.950736e-001  2.214147e-001
      vertex  7.500000e-001  2.897387e-001  2.390016e-001
      vertex  7.500000e-001  2.950736e-001  2.214147e-001
    endloop
  endfacet
  facet normal  0.000000e+000  9.951848e-001  9.801670e-002
    outer loop
      vertex  0.000000e+000  2.950736e-001  2.214147e-001
      vertex  7.500000e-001  2.950736e-001  2.214147e-001
      vertex  0.000000e+000  2.968750e-001  2.031250e-001
    endloop
  endfacet
  facet normal  -0.000000e+000  9.951848e-001  9.801670e-002
    outer loop
      vertex  0.000000e+000  2.968750e-001  2.031250e-001
      vertex  7.500000e-001  2.950736e-001  2.214147e-001
      vertex  7.500000e-001  2.968750e-001  2.031250e-001
    endloop
  endfacet
  facet normal  0.000000e+000 -1.000000e+000  6.123234e-017
    outer loop
      vertex  0.000000e+000  1.817835e-017  2.968750e-001
      vertex  0.000000e+000  0.000000e+000  0.000000e+000
      vertex  7.500000e-001  1.817835e-017  2.968750e-001
    endloop
  endfacet
  facet normal  0.000000e+000 -1.000000e+000  6.123234e-017
    outer loop
      vertex  7.500000e-001  1.817835e-017  2.968750e-001
      vertex  0.000000e+000  0.000000e+000  0.000000e+000
      vertex  7.500000e-001  0.000000e+000  0.000000e+000
    endloop
  endfacet
  facet normal  0.000000e+000 -6.123234e-017 -1.000000e+000
    outer loop
      vertex  0.000000e+000  0.000000e+000  0.000000e+000
      vertex  0.000000e+000  2.968750e-001 -1.817835e-017
      vertex  7.500000e-001  0.000000e+000  0.000000e+000
    endloop
  endfacet
  facet normal  0.000000e+000 -6.123234e-017 -1.000000e+000
    outer loop
      vertex  7.500000e-001  0.000000e+000  0.000000e+000
      vertex  0.000000e+000  2.968750e-001 -1.817835e-017
      vertex  7.500000e-001  2.968750e-001 -1.817835e-017
    endloop
  endfacet
endsolid CATIA STL
