solid CATIA STL
  facet normal  0.000000e+000  0.000000e+000  1.000000e+000
    outer loop
      vertex  1.666941e-001 -4.140625e-001  4.218750e-001
      vertex  4.218750e-001 -4.140625e-001  4.218750e-001
      vertex  1.718750e-001 -1.640625e-001  4.218750e-001
    endloop
  endfacet
  facet normal  0.000000e+000  0.000000e+000  1.000000e+000
    outer loop
      vertex  1.666941e-001 -4.140625e-001  4.218750e-001
      vertex  1.718750e-001 -1.640625e-001  4.218750e-001
      vertex  1.666941e-001 -1.640625e-001  4.218750e-001
    endloop
  endfacet
  facet normal  0.000000e+000  0.000000e+000  1.000000e+000
    outer loop
      vertex  1.666941e-001 -4.140625e-001  4.218750e-001
      vertex  1.666941e-001 -1.640625e-001  4.218750e-001
      vertex -4.687500e-002 -1.640625e-001  4.218750e-001
    endloop
  endfacet
  facet normal  0.000000e+000  0.000000e+000  1.000000e+000
    outer loop
      vertex  1.666941e-001 -4.140625e-001  4.218750e-001
      vertex -4.687500e-002 -1.640625e-001  4.218750e-001
      vertex -1.676809e-001 -4.140625e-001  4.218750e-001
    endloop
  endfacet
  facet normal  0.000000e+000  0.000000e+000  1.000000e+000
    outer loop
      vertex -4.140625e-001  4.140625e-001  4.218750e-001
      vertex -4.140625e-001 -4.140625e-001  4.218750e-001
      vertex -1.676809e-001 -4.140625e-001  4.218750e-001
    endloop
  endfacet
  facet normal  0.000000e+000  -0.000000e+000  9.999999e-001
    outer loop
      vertex -4.140625e-001  4.140625e-001  4.218750e-001
      vertex -1.676809e-001 -4.140625e-001  4.218750e-001
      vertex -1.640625e-001 -4.687500e-002  4.218750e-001
    endloop
  endfacet
  facet normal  0.000000e+000  -0.000000e+000  1.000000e+000
    outer loop
      vertex -4.140625e-001  4.140625e-001  4.218750e-001
      vertex -1.640625e-001 -4.687500e-002  4.218750e-001
      vertex -1.640625e-001  1.640625e-001  4.218750e-001
    endloop
  endfacet
  facet normal  0.000000e+000  0.000000e+000  1.000000e+000
    outer loop
      vertex -4.140625e-001  4.140625e-001  4.218750e-001
      vertex -1.640625e-001  1.640625e-001  4.218750e-001
      vertex -1.676809e-001  4.140625e-001  4.218750e-001
    endloop
  endfacet
  facet normal  -0.000000e+000  0.000000e+000  1.000000e+000
    outer loop
      vertex  1.666941e-001  4.140625e-001  4.218750e-001
      vertex -1.676809e-001  4.140625e-001  4.218750e-001
      vertex -1.640625e-001  1.640625e-001  4.218750e-001
    endloop
  endfacet
  facet normal  0.000000e+000  0.000000e+000  1.000000e+000
    outer loop
      vertex  1.666941e-001  4.140625e-001  4.218750e-001
      vertex -1.640625e-001  1.640625e-001  4.218750e-001
      vertex  1.666941e-001  1.640625e-001  4.218750e-001
    endloop
  endfacet
  facet normal  0.000000e+000  0.000000e+000  1.000000e+000
    outer loop
      vertex  1.666941e-001  4.140625e-001  4.218750e-001
      vertex  1.666941e-001  1.640625e-001  4.218750e-001
      vertex  1.718750e-001  1.640625e-001  4.218750e-001
    endloop
  endfacet
  facet normal  0.000000e+000  -0.000000e+000  1.000000e+000
    outer loop
      vertex  1.666941e-001  4.140625e-001  4.218750e-001
      vertex  1.718750e-001  1.640625e-001  4.218750e-001
      vertex  4.218750e-001  4.140625e-001  4.218750e-001
    endloop
  endfacet
  facet normal  0.000000e+000  0.000000e+000  1.000000e+000
    outer loop
      vertex -1.676809e-001 -4.140625e-001  4.218750e-001
      vertex -4.687500e-002 -1.640625e-001  4.218750e-001
      vertex -6.973714e-002 -1.618108e-001  4.218750e-001
    endloop
  endfacet
  facet normal  0.000000e+000  0.000000e+000  9.999999e-001
    outer loop
      vertex -1.676809e-001 -4.140625e-001  4.218750e-001
      vertex -6.973714e-002 -1.618108e-001  4.218750e-001
      vertex -9.172072e-002 -1.551421e-001  4.218750e-001
    endloop
  endfacet
  facet normal  0.000000e+000  0.000000e+000  1.000000e+000
    outer loop
      vertex -1.676809e-001 -4.140625e-001  4.218750e-001
      vertex -9.172072e-002 -1.551421e-001  4.218750e-001
      vertex -1.119809e-001 -1.443128e-001  4.218750e-001
    endloop
  endfacet
  facet normal  0.000000e+000  0.000000e+000  1.000000e+000
    outer loop
      vertex -1.676809e-001 -4.140625e-001  4.218750e-001
      vertex -1.119809e-001 -1.443128e-001  4.218750e-001
      vertex -1.297391e-001 -1.297391e-001  4.218750e-001
    endloop
  endfacet
  facet normal  0.000000e+000  0.000000e+000  1.000000e+000
    outer loop
      vertex -1.676809e-001 -4.140625e-001  4.218750e-001
      vertex -1.297391e-001 -1.297391e-001  4.218750e-001
      vertex -1.443128e-001 -1.119809e-001  4.218750e-001
    endloop
  endfacet
  facet normal  0.000000e+000  0.000000e+000  1.000000e+000
    outer loop
      vertex -1.676809e-001 -4.140625e-001  4.218750e-001
      vertex -1.443128e-001 -1.119809e-001  4.218750e-001
      vertex -1.551421e-001 -9.172072e-002  4.218750e-001
    endloop
  endfacet
  facet normal  0.000000e+000  0.000000e+000  1.000000e+000
    outer loop
      vertex -1.676809e-001 -4.140625e-001  4.218750e-001
      vertex -1.551421e-001 -9.172072e-002  4.218750e-001
      vertex -1.618108e-001 -6.973714e-002  4.218750e-001
    endloop
  endfacet
  facet normal  0.000000e+000  0.000000e+000  1.000000e+000
    outer loop
      vertex -1.676809e-001 -4.140625e-001  4.218750e-001
      vertex -1.618108e-001 -6.973714e-002  4.218750e-001
      vertex -1.640625e-001 -4.687500e-002  4.218750e-001
    endloop
  endfacet
  facet normal  -0.000000e+000  0.000000e+000  1.000000e+000
    outer loop
      vertex  4.218750e-001  4.140625e-001  4.218750e-001
      vertex  1.718750e-001  1.640625e-001  4.218750e-001
      vertex  4.218750e-001 -4.140625e-001  4.218750e-001
    endloop
  endfacet
  facet normal  0.000000e+000  0.000000e+000  1.000000e+000
    outer loop
      vertex  4.218750e-001 -4.140625e-001  4.218750e-001
      vertex  1.718750e-001  1.640625e-001  4.218750e-001
      vertex  1.718750e-001 -1.640625e-001  4.218750e-001
    endloop
  endfacet
  facet normal  0.000000e+000 -1.000000e+000  0.000000e+000
    outer loop
      vertex -4.687500e-002 -1.640625e-001  7.500000e-001
      vertex -4.687500e-002 -1.640625e-001  4.218750e-001
      vertex  1.718750e-001 -1.640625e-001  7.500000e-001
    endloop
  endfacet
  facet normal  0.000000e+000 -1.000000e+000  0.000000e+000
    outer loop
      vertex  1.718750e-001 -1.640625e-001  7.500000e-001
      vertex -4.687500e-002 -1.640625e-001  4.218750e-001
      vertex  1.666941e-001 -1.640625e-001  4.218750e-001
    endloop
  endfacet
  facet normal  0.000000e+000 -1.000000e+000  0.000000e+000
    outer loop
      vertex  1.718750e-001 -1.640625e-001  7.500000e-001
      vertex  1.666941e-001 -1.640625e-001  4.218750e-001
      vertex  1.718750e-001 -1.640625e-001  4.218750e-001
    endloop
  endfacet
  facet normal -9.999999e-001  -0.000000e+000  0.000000e+000
    outer loop
      vertex -1.640625e-001 -4.687500e-002  7.500000e-001
      vertex -1.640625e-001  1.640625e-001  7.500000e-001
      vertex -1.640625e-001 -4.687500e-002  4.218750e-001
    endloop
  endfacet
  facet normal -9.999999e-001  0.000000e+000  0.000000e+000
    outer loop
      vertex -1.640625e-001 -4.687500e-002  4.218750e-001
      vertex -1.640625e-001  1.640625e-001  7.500000e-001
      vertex -1.640625e-001  1.640625e-001  4.218750e-001
    endloop
  endfacet
  facet normal  -0.000000e+000  0.000000e+000  1.000000e+000
    outer loop
      vertex -1.640625e-001  1.640625e-001  7.500000e-001
      vertex -1.640625e-001 -4.687500e-002  7.500000e-001
      vertex -1.618108e-001 -6.973714e-002  7.500000e-001
    endloop
  endfacet
  facet normal  -0.000000e+000  -0.000000e+000  1.000000e+000
    outer loop
      vertex -1.640625e-001  1.640625e-001  7.500000e-001
      vertex -1.618108e-001 -6.973714e-002  7.500000e-001
      vertex -1.551421e-001 -9.172072e-002  7.500000e-001
    endloop
  endfacet
  facet normal  -0.000000e+000  -0.000000e+000  9.999999e-001
    outer loop
      vertex -1.640625e-001  1.640625e-001  7.500000e-001
      vertex -1.551421e-001 -9.172072e-002  7.500000e-001
      vertex -1.443128e-001 -1.119809e-001  7.500000e-001
    endloop
  endfacet
  facet normal  -0.000000e+000  -0.000000e+000  9.999999e-001
    outer loop
      vertex -1.640625e-001  1.640625e-001  7.500000e-001
      vertex -1.443128e-001 -1.119809e-001  7.500000e-001
      vertex -1.297391e-001 -1.297391e-001  7.500000e-001
    endloop
  endfacet
  facet normal  -0.000000e+000  -0.000000e+000  1.000000e+000
    outer loop
      vertex -1.640625e-001  1.640625e-001  7.500000e-001
      vertex -1.297391e-001 -1.297391e-001  7.500000e-001
      vertex -1.119809e-001 -1.443128e-001  7.500000e-001
    endloop
  endfacet
  facet normal  -0.000000e+000  -0.000000e+000  1.000000e+000
    outer loop
      vertex -1.640625e-001  1.640625e-001  7.500000e-001
      vertex -1.119809e-001 -1.443128e-001  7.500000e-001
      vertex -9.172072e-002 -1.551421e-001  7.500000e-001
    endloop
  endfacet
  facet normal  -0.000000e+000  -0.000000e+000  9.999999e-001
    outer loop
      vertex -1.640625e-001  1.640625e-001  7.500000e-001
      vertex -9.172072e-002 -1.551421e-001  7.500000e-001
      vertex -6.973714e-002 -1.618108e-001  7.500000e-001
    endloop
  endfacet
  facet normal  -0.000000e+000  -0.000000e+000  1.000000e+000
    outer loop
      vertex -1.640625e-001  1.640625e-001  7.500000e-001
      vertex -6.973714e-002 -1.618108e-001  7.500000e-001
      vertex -4.687500e-002 -1.640625e-001  7.500000e-001
    endloop
  endfacet
  facet normal  0.000000e+000  -0.000000e+000  1.000000e+000
    outer loop
      vertex -1.640625e-001  1.640625e-001  7.500000e-001
      vertex -4.687500e-002 -1.640625e-001  7.500000e-001
      vertex  1.718750e-001 -1.640625e-001  7.500000e-001
    endloop
  endfacet
  facet normal  0.000000e+000  -0.000000e+000  1.000000e+000
    outer loop
      vertex -1.640625e-001  1.640625e-001  7.500000e-001
      vertex  1.718750e-001 -1.640625e-001  7.500000e-001
      vertex  1.718750e-001  1.640625e-001  7.500000e-001
    endloop
  endfacet
  facet normal -9.951848e-001 -9.801735e-002  0.000000e+000
    outer loop
      vertex -1.640625e-001 -4.687500e-002  7.500000e-001
      vertex -1.640625e-001 -4.687500e-002  4.218750e-001
      vertex -1.618108e-001 -6.973714e-002  7.500000e-001
    endloop
  endfacet
  facet normal -9.951848e-001 -9.801735e-002  -0.000000e+000
    outer loop
      vertex -1.618108e-001 -6.973714e-002  7.500000e-001
      vertex -1.640625e-001 -4.687500e-002  4.218750e-001
      vertex -1.618108e-001 -6.973714e-002  4.218750e-001
    endloop
  endfacet
  facet normal -9.569404e-001 -2.902846e-001  0.000000e+000
    outer loop
      vertex -1.618108e-001 -6.973714e-002  7.500000e-001
      vertex -1.618108e-001 -6.973714e-002  4.218750e-001
      vertex -1.551421e-001 -9.172072e-002  7.500000e-001
    endloop
  endfacet
  facet normal -9.569404e-001 -2.902846e-001  -0.000000e+000
    outer loop
      vertex -1.551421e-001 -9.172072e-002  7.500000e-001
      vertex -1.618108e-001 -6.973714e-002  4.218750e-001
      vertex -1.551421e-001 -9.172072e-002  4.218750e-001
    endloop
  endfacet
  facet normal -8.819213e-001 -4.713967e-001  0.000000e+000
    outer loop
      vertex -1.551421e-001 -9.172072e-002  7.500000e-001
      vertex -1.551421e-001 -9.172072e-002  4.218750e-001
      vertex -1.443128e-001 -1.119809e-001  7.500000e-001
    endloop
  endfacet
  facet normal -8.819213e-001 -4.713967e-001  -0.000000e+000
    outer loop
      vertex -1.443128e-001 -1.119809e-001  7.500000e-001
      vertex -1.551421e-001 -9.172072e-002  4.218750e-001
      vertex -1.443128e-001 -1.119809e-001  4.218750e-001
    endloop
  endfacet
  facet normal -7.730106e-001 -6.343932e-001  0.000000e+000
    outer loop
      vertex -1.443128e-001 -1.119809e-001  7.500000e-001
      vertex -1.443128e-001 -1.119809e-001  4.218750e-001
      vertex -1.297391e-001 -1.297391e-001  7.500000e-001
    endloop
  endfacet
  facet normal -7.730106e-001 -6.343932e-001  -0.000000e+000
    outer loop
      vertex -1.297391e-001 -1.297391e-001  7.500000e-001
      vertex -1.443128e-001 -1.119809e-001  4.218750e-001
      vertex -1.297391e-001 -1.297391e-001  4.218750e-001
    endloop
  endfacet
  facet normal -6.343932e-001 -7.730106e-001  0.000000e+000
    outer loop
      vertex -1.297391e-001 -1.297391e-001  7.500000e-001
      vertex -1.297391e-001 -1.297391e-001  4.218750e-001
      vertex -1.119809e-001 -1.443128e-001  7.500000e-001
    endloop
  endfacet
  facet normal -6.343932e-001 -7.730106e-001  -0.000000e+000
    outer loop
      vertex -1.119809e-001 -1.443128e-001  7.500000e-001
      vertex -1.297391e-001 -1.297391e-001  4.218750e-001
      vertex -1.119809e-001 -1.443128e-001  4.218750e-001
    endloop
  endfacet
  facet normal -4.713967e-001 -8.819213e-001  0.000000e+000
    outer loop
      vertex -1.119809e-001 -1.443128e-001  7.500000e-001
      vertex -1.119809e-001 -1.443128e-001  4.218750e-001
      vertex -9.172072e-002 -1.551421e-001  7.500000e-001
    endloop
  endfacet
  facet normal -4.713967e-001 -8.819213e-001  -0.000000e+000
    outer loop
      vertex -9.172072e-002 -1.551421e-001  7.500000e-001
      vertex -1.119809e-001 -1.443128e-001  4.218750e-001
      vertex -9.172072e-002 -1.551421e-001  4.218750e-001
    endloop
  endfacet
  facet normal -2.902846e-001 -9.569404e-001  0.000000e+000
    outer loop
      vertex -9.172072e-002 -1.551421e-001  7.500000e-001
      vertex -9.172072e-002 -1.551421e-001  4.218750e-001
      vertex -6.973714e-002 -1.618108e-001  7.500000e-001
    endloop
  endfacet
  facet normal -2.902846e-001 -9.569404e-001  -0.000000e+000
    outer loop
      vertex -6.973714e-002 -1.618108e-001  7.500000e-001
      vertex -9.172072e-002 -1.551421e-001  4.218750e-001
      vertex -6.973714e-002 -1.618108e-001  4.218750e-001
    endloop
  endfacet
  facet normal -9.801735e-002 -9.951848e-001  0.000000e+000
    outer loop
      vertex -6.973714e-002 -1.618108e-001  7.500000e-001
      vertex -6.973714e-002 -1.618108e-001  4.218750e-001
      vertex -4.687500e-002 -1.640625e-001  7.500000e-001
    endloop
  endfacet
  facet normal -9.801735e-002 -9.951848e-001  -0.000000e+000
    outer loop
      vertex -4.687500e-002 -1.640625e-001  7.500000e-001
      vertex -6.973714e-002 -1.618108e-001  4.218750e-001
      vertex -4.687500e-002 -1.640625e-001  4.218750e-001
    endloop
  endfacet
  facet normal  1.000000e+000  0.000000e+000  0.000000e+000
    outer loop
      vertex  1.718750e-001 -1.640625e-001  4.218750e-001
      vertex  1.718750e-001  1.640625e-001  4.218750e-001
      vertex  1.718750e-001 -1.640625e-001  7.500000e-001
    endloop
  endfacet
  facet normal  1.000000e+000  -0.000000e+000  0.000000e+000
    outer loop
      vertex  1.718750e-001 -1.640625e-001  7.500000e-001
      vertex  1.718750e-001  1.640625e-001  4.218750e-001
      vertex  1.718750e-001  1.640625e-001  7.500000e-001
    endloop
  endfacet
  facet normal  0.000000e+000  1.000000e+000  0.000000e+000
    outer loop
      vertex  1.718750e-001  1.640625e-001  4.218750e-001
      vertex  1.666941e-001  1.640625e-001  4.218750e-001
      vertex  1.718750e-001  1.640625e-001  7.500000e-001
    endloop
  endfacet
  facet normal  0.000000e+000  1.000000e+000  0.000000e+000
    outer loop
      vertex  1.718750e-001  1.640625e-001  7.500000e-001
      vertex  1.666941e-001  1.640625e-001  4.218750e-001
      vertex -1.640625e-001  1.640625e-001  4.218750e-001
    endloop
  endfacet
  facet normal  0.000000e+000  1.000000e+000  0.000000e+000
    outer loop
      vertex  1.718750e-001  1.640625e-001  7.500000e-001
      vertex -1.640625e-001  1.640625e-001  4.218750e-001
      vertex -1.640625e-001  1.640625e-001  7.500000e-001
    endloop
  endfacet
  facet normal  0.000000e+000 -9.999999e-001  0.000000e+000
    outer loop
      vertex -4.140625e-001 -4.140625e-001 -4.140625e-001
      vertex  4.218750e-001 -4.140625e-001 -4.140625e-001
      vertex  4.218750e-001 -4.140625e-001  4.218750e-001
    endloop
  endfacet
  facet normal  -0.000000e+000 -1.000000e+000  0.000000e+000
    outer loop
      vertex -4.140625e-001 -4.140625e-001 -4.140625e-001
      vertex  4.218750e-001 -4.140625e-001  4.218750e-001
      vertex  1.666941e-001 -4.140625e-001  4.218750e-001
    endloop
  endfacet
  facet normal  -0.000000e+000 -1.000000e+000  0.000000e+000
    outer loop
      vertex -4.140625e-001 -4.140625e-001 -4.140625e-001
      vertex  1.666941e-001 -4.140625e-001  4.218750e-001
      vertex -1.676809e-001 -4.140625e-001  4.218750e-001
    endloop
  endfacet
  facet normal  -0.000000e+000 -1.000000e+000  0.000000e+000
    outer loop
      vertex -4.140625e-001 -4.140625e-001 -4.140625e-001
      vertex -1.676809e-001 -4.140625e-001  4.218750e-001
      vertex -4.140625e-001 -4.140625e-001  4.218750e-001
    endloop
  endfacet
  facet normal  -0.000000e+000  1.000000e+000  0.000000e+000
    outer loop
      vertex -4.140625e-001  4.140625e-001 -4.140625e-001
      vertex -4.140625e-001  4.140625e-001  4.218750e-001
      vertex -1.676809e-001  4.140625e-001  4.218750e-001
    endloop
  endfacet
  facet normal  -0.000000e+000  1.000000e+000  0.000000e+000
    outer loop
      vertex -4.140625e-001  4.140625e-001 -4.140625e-001
      vertex -1.676809e-001  4.140625e-001  4.218750e-001
      vertex  1.666941e-001  4.140625e-001  4.218750e-001
    endloop
  endfacet
  facet normal  -0.000000e+000  1.000000e+000  0.000000e+000
    outer loop
      vertex -4.140625e-001  4.140625e-001 -4.140625e-001
      vertex  1.666941e-001  4.140625e-001  4.218750e-001
      vertex  4.218750e-001  4.140625e-001  4.218750e-001
    endloop
  endfacet
  facet normal  0.000000e+000  9.999999e-001  0.000000e+000
    outer loop
      vertex -4.140625e-001  4.140625e-001 -4.140625e-001
      vertex  4.218750e-001  4.140625e-001  4.218750e-001
      vertex  4.218750e-001  4.140625e-001 -4.140625e-001
    endloop
  endfacet
  facet normal -1.000000e+000  -0.000000e+000  0.000000e+000
    outer loop
      vertex -4.140625e-001 -4.140625e-001  4.218750e-001
      vertex -4.140625e-001  4.140625e-001  4.218750e-001
      vertex -4.140625e-001 -4.140625e-001 -4.140625e-001
    endloop
  endfacet
  facet normal -1.000000e+000  0.000000e+000  0.000000e+000
    outer loop
      vertex -4.140625e-001 -4.140625e-001 -4.140625e-001
      vertex -4.140625e-001  4.140625e-001  4.218750e-001
      vertex -4.140625e-001  4.140625e-001 -4.140625e-001
    endloop
  endfacet
  facet normal  1.000000e+000  0.000000e+000  0.000000e+000
    outer loop
      vertex  4.218750e-001 -4.140625e-001 -4.140625e-001
      vertex  4.218750e-001  4.140625e-001 -4.140625e-001
      vertex  4.218750e-001 -4.140625e-001  4.218750e-001
    endloop
  endfacet
  facet normal  1.000000e+000  -0.000000e+000  0.000000e+000
    outer loop
      vertex  4.218750e-001 -4.140625e-001  4.218750e-001
      vertex  4.218750e-001  4.140625e-001 -4.140625e-001
      vertex  4.218750e-001  4.140625e-001  4.218750e-001
    endloop
  endfacet
  facet normal  0.000000e+000  0.000000e+000 -1.000000e+000
    outer loop
      vertex -4.140625e-001 -4.140625e-001 -4.140625e-001
      vertex -4.140625e-001  4.140625e-001 -4.140625e-001
      vertex  4.218750e-001 -4.140625e-001 -4.140625e-001
    endloop
  endfacet
  facet normal  0.000000e+000  0.000000e+000 -1.000000e+000
    outer loop
      vertex  4.218750e-001 -4.140625e-001 -4.140625e-001
      vertex -4.140625e-001  4.140625e-001 -4.140625e-001
      vertex  4.218750e-001  4.140625e-001 -4.140625e-001
    endloop
  endfacet
endsolid CATIA STL
