solid CATIA STL
  facet normal  0.000000e+000  0.000000e+000 -1.000000e+000
    outer loop
      vertex -5.937500e-001  1.328125e-001  0.000000e+000
      vertex -5.937500e-001  6.171875e-001  0.000000e+000
      vertex -1.644737e-003  1.328125e-001  0.000000e+000
    endloop
  endfacet
  facet normal  4.687608e-017  5.730184e-017 -1.000000e+000
    outer loop
      vertex -1.644737e-003  1.328125e-001  0.000000e+000
      vertex -5.937500e-001  6.171875e-001  0.000000e+000
      vertex -1.644737e-003  6.171875e-001  2.775558e-017
    endloop
  endfacet
  facet normal -1.000000e+000  -0.000000e+000  -0.000000e+000
    outer loop
      vertex -5.937500e-001  0.000000e+000  3.984375e-001
      vertex -5.937500e-001  6.171875e-001  3.984375e-001
      vertex -5.937500e-001  6.171875e-001  0.000000e+000
    endloop
  endfacet
  facet normal -9.999999e-001  0.000000e+000  0.000000e+000
    outer loop
      vertex -5.937500e-001  0.000000e+000  3.984375e-001
      vertex -5.937500e-001  6.171875e-001  0.000000e+000
      vertex -5.937500e-001  1.328125e-001  0.000000e+000
    endloop
  endfacet
  facet normal -1.000000e+000  0.000000e+000  0.000000e+000
    outer loop
      vertex -5.937500e-001  0.000000e+000  3.984375e-001
      vertex -5.937500e-001  1.328125e-001  0.000000e+000
      vertex -5.937500e-001  1.069021e-001  2.551955e-003
    endloop
  endfacet
  facet normal -1.000000e+000  0.000000e+000  0.000000e+000
    outer loop
      vertex -5.937500e-001  0.000000e+000  3.984375e-001
      vertex -5.937500e-001  1.069021e-001  2.551955e-003
      vertex -5.937500e-001  8.198736e-002  1.010975e-002
    endloop
  endfacet
  facet normal -1.000000e+000  0.000000e+000  0.000000e+000
    outer loop
      vertex -5.937500e-001  0.000000e+000  3.984375e-001
      vertex -5.937500e-001  8.198736e-002  1.010975e-002
      vertex -5.937500e-001  5.902583e-002  2.238294e-002
    endloop
  endfacet
  facet normal -1.000000e+000  0.000000e+000  0.000000e+000
    outer loop
      vertex -5.937500e-001  0.000000e+000  3.984375e-001
      vertex -5.937500e-001  5.902583e-002  2.238294e-002
      vertex -5.937500e-001  3.889988e-002  3.889988e-002
    endloop
  endfacet
  facet normal -1.000000e+000  0.000000e+000  0.000000e+000
    outer loop
      vertex -5.937500e-001  0.000000e+000  3.984375e-001
      vertex -5.937500e-001  3.889988e-002  3.889988e-002
      vertex -5.937500e-001  2.238294e-002  5.902583e-002
    endloop
  endfacet
  facet normal -1.000000e+000  0.000000e+000  0.000000e+000
    outer loop
      vertex -5.937500e-001  0.000000e+000  3.984375e-001
      vertex -5.937500e-001  2.238294e-002  5.902583e-002
      vertex -5.937500e-001  1.010975e-002  8.198736e-002
    endloop
  endfacet
  facet normal -1.000000e+000  0.000000e+000  0.000000e+000
    outer loop
      vertex -5.937500e-001  0.000000e+000  3.984375e-001
      vertex -5.937500e-001  1.010975e-002  8.198736e-002
      vertex -5.937500e-001  2.551955e-003  1.069021e-001
    endloop
  endfacet
  facet normal -9.999999e-001  0.000000e+000  0.000000e+000
    outer loop
      vertex -5.937500e-001  0.000000e+000  3.984375e-001
      vertex -5.937500e-001  2.551955e-003  1.069021e-001
      vertex -5.937500e-001  0.000000e+000  1.328125e-001
    endloop
  endfacet
  facet normal  9.999999e-001  0.000000e+000  0.000000e+000
    outer loop
      vertex -1.644737e-003  0.000000e+000  1.328125e-001
      vertex -1.644737e-003  2.551955e-003  1.069021e-001
      vertex -1.644737e-003  0.000000e+000  3.984375e-001
    endloop
  endfacet
  facet normal  9.999999e-001  0.000000e+000  -0.000000e+000
    outer loop
      vertex -1.644737e-003  1.328125e-001  0.000000e+000
      vertex -1.644737e-003  6.171875e-001  2.775558e-017
      vertex -1.644737e-003  6.171875e-001  3.984375e-001
    endloop
  endfacet
  facet normal  1.000000e+000  0.000000e+000  0.000000e+000
    outer loop
      vertex -1.644737e-003  1.328125e-001  0.000000e+000
      vertex -1.644737e-003  6.171875e-001  3.984375e-001
      vertex -1.644737e-003  0.000000e+000  3.984375e-001
    endloop
  endfacet
  facet normal  1.000000e+000  0.000000e+000  0.000000e+000
    outer loop
      vertex -1.644737e-003  1.328125e-001  0.000000e+000
      vertex -1.644737e-003  0.000000e+000  3.984375e-001
      vertex -1.644737e-003  2.551955e-003  1.069021e-001
    endloop
  endfacet
  facet normal  1.000000e+000  0.000000e+000  0.000000e+000
    outer loop
      vertex -1.644737e-003  1.328125e-001  0.000000e+000
      vertex -1.644737e-003  2.551955e-003  1.069021e-001
      vertex -1.644737e-003  1.010975e-002  8.198736e-002
    endloop
  endfacet
  facet normal  9.999999e-001  0.000000e+000  0.000000e+000
    outer loop
      vertex -1.644737e-003  1.328125e-001  0.000000e+000
      vertex -1.644737e-003  1.010975e-002  8.198736e-002
      vertex -1.644737e-003  2.238294e-002  5.902583e-002
    endloop
  endfacet
  facet normal  1.000000e+000  0.000000e+000  0.000000e+000
    outer loop
      vertex -1.644737e-003  1.328125e-001  0.000000e+000
      vertex -1.644737e-003  2.238294e-002  5.902583e-002
      vertex -1.644737e-003  3.889988e-002  3.889988e-002
    endloop
  endfacet
  facet normal  1.000000e+000  0.000000e+000  0.000000e+000
    outer loop
      vertex -1.644737e-003  1.328125e-001  0.000000e+000
      vertex -1.644737e-003  3.889988e-002  3.889988e-002
      vertex -1.644737e-003  5.902583e-002  2.238294e-002
    endloop
  endfacet
  facet normal  9.999999e-001  0.000000e+000  0.000000e+000
    outer loop
      vertex -1.644737e-003  1.328125e-001  0.000000e+000
      vertex -1.644737e-003  5.902583e-002  2.238294e-002
      vertex -1.644737e-003  8.198736e-002  1.010975e-002
    endloop
  endfacet
  facet normal  1.000000e+000  0.000000e+000  0.000000e+000
    outer loop
      vertex -1.644737e-003  1.328125e-001  0.000000e+000
      vertex -1.644737e-003  8.198736e-002  1.010975e-002
      vertex -1.644737e-003  1.069021e-001  2.551955e-003
    endloop
  endfacet
  facet normal  0.000000e+000 -1.000000e+000  0.000000e+000
    outer loop
      vertex -5.937500e-001  0.000000e+000  3.984375e-001
      vertex -5.937500e-001  0.000000e+000  1.328125e-001
      vertex -1.644737e-003  0.000000e+000  3.984375e-001
    endloop
  endfacet
  facet normal  0.000000e+000 -1.000000e+000  -0.000000e+000
    outer loop
      vertex -1.644737e-003  0.000000e+000  3.984375e-001
      vertex -5.937500e-001  0.000000e+000  1.328125e-001
      vertex -1.644737e-003  0.000000e+000  1.328125e-001
    endloop
  endfacet
  facet normal  -0.000000e+000 -9.801712e-002 -9.951847e-001
    outer loop
      vertex -5.937500e-001  1.328125e-001  0.000000e+000
      vertex -1.644737e-003  1.328125e-001  0.000000e+000
      vertex -5.937500e-001  1.069021e-001  2.551955e-003
    endloop
  endfacet
  facet normal  0.000000e+000 -9.801712e-002 -9.951847e-001
    outer loop
      vertex -5.937500e-001  1.069021e-001  2.551955e-003
      vertex -1.644737e-003  1.328125e-001  0.000000e+000
      vertex -1.644737e-003  1.069021e-001  2.551955e-003
    endloop
  endfacet
  facet normal  -0.000000e+000 -2.902847e-001 -9.569402e-001
    outer loop
      vertex -5.937500e-001  1.069021e-001  2.551955e-003
      vertex -1.644737e-003  1.069021e-001  2.551955e-003
      vertex -5.937500e-001  8.198736e-002  1.010975e-002
    endloop
  endfacet
  facet normal  0.000000e+000 -2.902847e-001 -9.569402e-001
    outer loop
      vertex -5.937500e-001  8.198736e-002  1.010975e-002
      vertex -1.644737e-003  1.069021e-001  2.551955e-003
      vertex -1.644737e-003  8.198736e-002  1.010975e-002
    endloop
  endfacet
  facet normal  -0.000000e+000 -4.713967e-001 -8.819213e-001
    outer loop
      vertex -5.937500e-001  8.198736e-002  1.010975e-002
      vertex -1.644737e-003  8.198736e-002  1.010975e-002
      vertex -5.937500e-001  5.902583e-002  2.238294e-002
    endloop
  endfacet
  facet normal  0.000000e+000 -4.713967e-001 -8.819213e-001
    outer loop
      vertex -5.937500e-001  5.902583e-002  2.238294e-002
      vertex -1.644737e-003  8.198736e-002  1.010975e-002
      vertex -1.644737e-003  5.902583e-002  2.238294e-002
    endloop
  endfacet
  facet normal  -0.000000e+000 -6.343933e-001 -7.730106e-001
    outer loop
      vertex -5.937500e-001  5.902583e-002  2.238294e-002
      vertex -1.644737e-003  5.902583e-002  2.238294e-002
      vertex -5.937500e-001  3.889988e-002  3.889988e-002
    endloop
  endfacet
  facet normal  0.000000e+000 -6.343933e-001 -7.730106e-001
    outer loop
      vertex -5.937500e-001  3.889988e-002  3.889988e-002
      vertex -1.644737e-003  5.902583e-002  2.238294e-002
      vertex -1.644737e-003  3.889988e-002  3.889988e-002
    endloop
  endfacet
  facet normal  -0.000000e+000 -7.730106e-001 -6.343933e-001
    outer loop
      vertex -5.937500e-001  3.889988e-002  3.889988e-002
      vertex -1.644737e-003  3.889988e-002  3.889988e-002
      vertex -5.937500e-001  2.238294e-002  5.902583e-002
    endloop
  endfacet
  facet normal  0.000000e+000 -7.730106e-001 -6.343933e-001
    outer loop
      vertex -5.937500e-001  2.238294e-002  5.902583e-002
      vertex -1.644737e-003  3.889988e-002  3.889988e-002
      vertex -1.644737e-003  2.238294e-002  5.902583e-002
    endloop
  endfacet
  facet normal  -0.000000e+000 -8.819213e-001 -4.713967e-001
    outer loop
      vertex -5.937500e-001  2.238294e-002  5.902583e-002
      vertex -1.644737e-003  2.238294e-002  5.902583e-002
      vertex -5.937500e-001  1.010975e-002  8.198736e-002
    endloop
  endfacet
  facet normal  0.000000e+000 -8.819213e-001 -4.713967e-001
    outer loop
      vertex -5.937500e-001  1.010975e-002  8.198736e-002
      vertex -1.644737e-003  2.238294e-002  5.902583e-002
      vertex -1.644737e-003  1.010975e-002  8.198736e-002
    endloop
  endfacet
  facet normal  -0.000000e+000 -9.569402e-001 -2.902847e-001
    outer loop
      vertex -5.937500e-001  1.010975e-002  8.198736e-002
      vertex -1.644737e-003  1.010975e-002  8.198736e-002
      vertex -5.937500e-001  2.551955e-003  1.069021e-001
    endloop
  endfacet
  facet normal  0.000000e+000 -9.569402e-001 -2.902847e-001
    outer loop
      vertex -5.937500e-001  2.551955e-003  1.069021e-001
      vertex -1.644737e-003  1.010975e-002  8.198736e-002
      vertex -1.644737e-003  2.551955e-003  1.069021e-001
    endloop
  endfacet
  facet normal  -0.000000e+000 -9.951847e-001 -9.801712e-002
    outer loop
      vertex -5.937500e-001  2.551955e-003  1.069021e-001
      vertex -1.644737e-003  2.551955e-003  1.069021e-001
      vertex -5.937500e-001  0.000000e+000  1.328125e-001
    endloop
  endfacet
  facet normal  0.000000e+000 -9.951847e-001 -9.801712e-002
    outer loop
      vertex -5.937500e-001  0.000000e+000  1.328125e-001
      vertex -1.644737e-003  2.551955e-003  1.069021e-001
      vertex -1.644737e-003  0.000000e+000  1.328125e-001
    endloop
  endfacet
  facet normal  0.000000e+000  0.000000e+000  1.000000e+000
    outer loop
      vertex -5.937500e-001  0.000000e+000  3.984375e-001
      vertex -1.644737e-003  0.000000e+000  3.984375e-001
      vertex -5.937500e-001  6.171875e-001  3.984375e-001
    endloop
  endfacet
  facet normal  -0.000000e+000  0.000000e+000  1.000000e+000
    outer loop
      vertex -5.937500e-001  6.171875e-001  3.984375e-001
      vertex -1.644737e-003  0.000000e+000  3.984375e-001
      vertex -1.644737e-003  6.171875e-001  3.984375e-001
    endloop
  endfacet
  facet normal  0.000000e+000  1.000000e+000  -0.000000e+000
    outer loop
      vertex -3.289474e-002  7.500000e-001  3.671875e-001
      vertex -3.289474e-002  7.500000e-001  3.125000e-002
      vertex -5.625000e-001  7.500000e-001  3.671875e-001
    endloop
  endfacet
  facet normal  0.000000e+000  1.000000e+000  0.000000e+000
    outer loop
      vertex -5.625000e-001  7.500000e-001  3.671875e-001
      vertex -3.289474e-002  7.500000e-001  3.125000e-002
      vertex -5.625000e-001  7.500000e-001  3.125000e-002
    endloop
  endfacet
  facet normal  9.734172e-001  2.290393e-001  -0.000000e+000
    outer loop
      vertex -1.644737e-003  6.171875e-001  3.984375e-001
      vertex -1.644737e-003  6.171875e-001  2.775558e-017
      vertex -3.289474e-002  7.500000e-001  3.671875e-001
    endloop
  endfacet
  facet normal  9.734172e-001  2.290393e-001  0.000000e+000
    outer loop
      vertex -3.289474e-002  7.500000e-001  3.671875e-001
      vertex -1.644737e-003  6.171875e-001  2.775558e-017
      vertex -3.289474e-002  7.500000e-001  3.125000e-002
    endloop
  endfacet
  facet normal  0.000000e+000  2.290394e-001 -9.734172e-001
    outer loop
      vertex -5.937500e-001  6.171875e-001  0.000000e+000
      vertex -5.625000e-001  7.500000e-001  3.125000e-002
      vertex -1.644737e-003  6.171875e-001  2.775558e-017
    endloop
  endfacet
  facet normal  0.000000e+000  2.290394e-001 -9.734172e-001
    outer loop
      vertex -1.644737e-003  6.171875e-001  2.775558e-017
      vertex -5.625000e-001  7.500000e-001  3.125000e-002
      vertex -3.289474e-002  7.500000e-001  3.125000e-002
    endloop
  endfacet
  facet normal -9.734172e-001  2.290393e-001  0.000000e+000
    outer loop
      vertex -5.937500e-001  6.171875e-001  0.000000e+000
      vertex -5.937500e-001  6.171875e-001  3.984375e-001
      vertex -5.625000e-001  7.500000e-001  3.125000e-002
    endloop
  endfacet
  facet normal -9.734172e-001  2.290393e-001  0.000000e+000
    outer loop
      vertex -5.625000e-001  7.500000e-001  3.125000e-002
      vertex -5.937500e-001  6.171875e-001  3.984375e-001
      vertex -5.625000e-001  7.500000e-001  3.671875e-001
    endloop
  endfacet
  facet normal  0.000000e+000  2.290394e-001  9.734172e-001
    outer loop
      vertex -5.937500e-001  6.171875e-001  3.984375e-001
      vertex -1.644737e-003  6.171875e-001  3.984375e-001
      vertex -5.625000e-001  7.500000e-001  3.671875e-001
    endloop
  endfacet
  facet normal  -0.000000e+000  2.290394e-001  9.734172e-001
    outer loop
      vertex -5.625000e-001  7.500000e-001  3.671875e-001
      vertex -1.644737e-003  6.171875e-001  3.984375e-001
      vertex -3.289474e-002  7.500000e-001  3.671875e-001
    endloop
  endfacet
endsolid CATIA STL
