solid CATIA STL
  facet normal  1.000000e+000  -0.000000e+000  0.000000e+000
    outer loop
      vertex  7.500000e-001  1.339457e-017  2.187500e-001
      vertex  7.500000e-001  0.000000e+000  0.000000e+000
      vertex  7.500000e-001  2.187500e-001 -1.339457e-017
    endloop
  endfacet
  facet normal  1.000000e+000  0.000000e+000  -0.000000e+000
    outer loop
      vertex  7.500000e-001  1.339457e-017  2.187500e-001
      vertex  7.500000e-001  2.187500e-001 -1.339457e-017
      vertex  7.500000e-001  2.187500e-001  1.562500e-001
    endloop
  endfacet
  facet normal  1.000000e+000  0.000000e+000  0.000000e+000
    outer loop
      vertex  7.500000e-001  1.339457e-017  2.187500e-001
      vertex  7.500000e-001  2.187500e-001  1.562500e-001
      vertex  7.500000e-001  2.175491e-001  1.684431e-001
    endloop
  endfacet
  facet normal  1.000000e+000  0.000000e+000  0.000000e+000
    outer loop
      vertex  7.500000e-001  1.339457e-017  2.187500e-001
      vertex  7.500000e-001  2.175491e-001  1.684431e-001
      vertex  7.500000e-001  2.139925e-001  1.801677e-001
    endloop
  endfacet
  facet normal  1.000000e+000  0.000000e+000  0.000000e+000
    outer loop
      vertex  7.500000e-001  1.339457e-017  2.187500e-001
      vertex  7.500000e-001  2.139925e-001  1.801677e-001
      vertex  7.500000e-001  2.082168e-001  1.909731e-001
    endloop
  endfacet
  facet normal  1.000000e+000  0.000000e+000  0.000000e+000
    outer loop
      vertex  7.500000e-001  1.339457e-017  2.187500e-001
      vertex  7.500000e-001  2.082168e-001  1.909731e-001
      vertex  7.500000e-001  2.004442e-001  2.004442e-001
    endloop
  endfacet
  facet normal  1.000000e+000  0.000000e+000  0.000000e+000
    outer loop
      vertex  7.500000e-001  1.339457e-017  2.187500e-001
      vertex  7.500000e-001  2.004442e-001  2.004442e-001
      vertex  7.500000e-001  1.909731e-001  2.082168e-001
    endloop
  endfacet
  facet normal  1.000000e+000  0.000000e+000  0.000000e+000
    outer loop
      vertex  7.500000e-001  1.339457e-017  2.187500e-001
      vertex  7.500000e-001  1.909731e-001  2.082168e-001
      vertex  7.500000e-001  1.801677e-001  2.139925e-001
    endloop
  endfacet
  facet normal  1.000000e+000  0.000000e+000  0.000000e+000
    outer loop
      vertex  7.500000e-001  1.339457e-017  2.187500e-001
      vertex  7.500000e-001  1.801677e-001  2.139925e-001
      vertex  7.500000e-001  1.684431e-001  2.175491e-001
    endloop
  endfacet
  facet normal  1.000000e+000  0.000000e+000  0.000000e+000
    outer loop
      vertex  7.500000e-001  1.339457e-017  2.187500e-001
      vertex  7.500000e-001  1.684431e-001  2.175491e-001
      vertex  7.500000e-001  1.562500e-001  2.187500e-001
    endloop
  endfacet
  facet normal -1.000000e+000  -0.000000e+000  -0.000000e+000
    outer loop
      vertex  0.000000e+000  1.339457e-017  2.187500e-001
      vertex  0.000000e+000  1.562500e-001  2.187500e-001
      vertex  0.000000e+000  1.684431e-001  2.175491e-001
    endloop
  endfacet
  facet normal -1.000000e+000  -0.000000e+000  -0.000000e+000
    outer loop
      vertex  0.000000e+000  1.339457e-017  2.187500e-001
      vertex  0.000000e+000  1.684431e-001  2.175491e-001
      vertex  0.000000e+000  1.801677e-001  2.139925e-001
    endloop
  endfacet
  facet normal -1.000000e+000  -0.000000e+000  -0.000000e+000
    outer loop
      vertex  0.000000e+000  1.339457e-017  2.187500e-001
      vertex  0.000000e+000  1.801677e-001  2.139925e-001
      vertex  0.000000e+000  1.909731e-001  2.082168e-001
    endloop
  endfacet
  facet normal -1.000000e+000  -0.000000e+000  -0.000000e+000
    outer loop
      vertex  0.000000e+000  1.339457e-017  2.187500e-001
      vertex  0.000000e+000  1.909731e-001  2.082168e-001
      vertex  0.000000e+000  2.004442e-001  2.004442e-001
    endloop
  endfacet
  facet normal -1.000000e+000  -0.000000e+000  -0.000000e+000
    outer loop
      vertex  0.000000e+000  1.339457e-017  2.187500e-001
      vertex  0.000000e+000  2.004442e-001  2.004442e-001
      vertex  0.000000e+000  2.082168e-001  1.909731e-001
    endloop
  endfacet
  facet normal -1.000000e+000  -0.000000e+000  -0.000000e+000
    outer loop
      vertex  0.000000e+000  1.339457e-017  2.187500e-001
      vertex  0.000000e+000  2.082168e-001  1.909731e-001
      vertex  0.000000e+000  2.139925e-001  1.801677e-001
    endloop
  endfacet
  facet normal -1.000000e+000  -0.000000e+000  -0.000000e+000
    outer loop
      vertex  0.000000e+000  1.339457e-017  2.187500e-001
      vertex  0.000000e+000  2.139925e-001  1.801677e-001
      vertex  0.000000e+000  2.175491e-001  1.684431e-001
    endloop
  endfacet
  facet normal -1.000000e+000  -0.000000e+000  -0.000000e+000
    outer loop
      vertex  0.000000e+000  1.339457e-017  2.187500e-001
      vertex  0.000000e+000  2.175491e-001  1.684431e-001
      vertex  0.000000e+000  2.187500e-001  1.562500e-001
    endloop
  endfacet
  facet normal -1.000000e+000  -0.000000e+000  -0.000000e+000
    outer loop
      vertex  0.000000e+000  1.339457e-017  2.187500e-001
      vertex  0.000000e+000  2.187500e-001  1.562500e-001
      vertex  0.000000e+000  2.187500e-001 -1.339457e-017
    endloop
  endfacet
  facet normal -1.000000e+000  0.000000e+000  0.000000e+000
    outer loop
      vertex  0.000000e+000  1.339457e-017  2.187500e-001
      vertex  0.000000e+000  2.187500e-001 -1.339457e-017
      vertex  0.000000e+000  0.000000e+000  0.000000e+000
    endloop
  endfacet
  facet normal  0.000000e+000  0.000000e+000  1.000000e+000
    outer loop
      vertex  0.000000e+000  1.562500e-001  2.187500e-001
      vertex  0.000000e+000  1.339457e-017  2.187500e-001
      vertex  7.500000e-001  1.562500e-001  2.187500e-001
    endloop
  endfacet
  facet normal  0.000000e+000  0.000000e+000  1.000000e+000
    outer loop
      vertex  7.500000e-001  1.562500e-001  2.187500e-001
      vertex  0.000000e+000  1.339457e-017  2.187500e-001
      vertex  7.500000e-001  1.339457e-017  2.187500e-001
    endloop
  endfacet
  facet normal  0.000000e+000  1.000000e+000  0.000000e+000
    outer loop
      vertex  0.000000e+000  2.187500e-001 -1.339457e-017
      vertex  0.000000e+000  2.187500e-001  1.562500e-001
      vertex  7.500000e-001  2.187500e-001 -1.339457e-017
    endloop
  endfacet
  facet normal  0.000000e+000  1.000000e+000  -0.000000e+000
    outer loop
      vertex  7.500000e-001  2.187500e-001 -1.339457e-017
      vertex  0.000000e+000  2.187500e-001  1.562500e-001
      vertex  7.500000e-001  2.187500e-001  1.562500e-001
    endloop
  endfacet
  facet normal  0.000000e+000  9.801669e-002  9.951847e-001
    outer loop
      vertex  0.000000e+000  1.562500e-001  2.187500e-001
      vertex  7.500000e-001  1.562500e-001  2.187500e-001
      vertex  0.000000e+000  1.684431e-001  2.175491e-001
    endloop
  endfacet
  facet normal  -0.000000e+000  9.801669e-002  9.951847e-001
    outer loop
      vertex  0.000000e+000  1.684431e-001  2.175491e-001
      vertex  7.500000e-001  1.562500e-001  2.187500e-001
      vertex  7.500000e-001  1.684431e-001  2.175491e-001
    endloop
  endfacet
  facet normal  0.000000e+000  2.902845e-001  9.569404e-001
    outer loop
      vertex  0.000000e+000  1.684431e-001  2.175491e-001
      vertex  7.500000e-001  1.684431e-001  2.175491e-001
      vertex  0.000000e+000  1.801677e-001  2.139925e-001
    endloop
  endfacet
  facet normal  -0.000000e+000  2.902845e-001  9.569404e-001
    outer loop
      vertex  0.000000e+000  1.801677e-001  2.139925e-001
      vertex  7.500000e-001  1.684431e-001  2.175491e-001
      vertex  7.500000e-001  1.801677e-001  2.139925e-001
    endloop
  endfacet
  facet normal  0.000000e+000  4.713978e-001  8.819207e-001
    outer loop
      vertex  0.000000e+000  1.801677e-001  2.139925e-001
      vertex  7.500000e-001  1.801677e-001  2.139925e-001
      vertex  0.000000e+000  1.909731e-001  2.082168e-001
    endloop
  endfacet
  facet normal  -0.000000e+000  4.713978e-001  8.819207e-001
    outer loop
      vertex  0.000000e+000  1.909731e-001  2.082168e-001
      vertex  7.500000e-001  1.801677e-001  2.139925e-001
      vertex  7.500000e-001  1.909731e-001  2.082168e-001
    endloop
  endfacet
  facet normal  0.000000e+000  6.343925e-001  7.730111e-001
    outer loop
      vertex  0.000000e+000  1.909731e-001  2.082168e-001
      vertex  7.500000e-001  1.909731e-001  2.082168e-001
      vertex  0.000000e+000  2.004442e-001  2.004442e-001
    endloop
  endfacet
  facet normal  -0.000000e+000  6.343925e-001  7.730111e-001
    outer loop
      vertex  0.000000e+000  2.004442e-001  2.004442e-001
      vertex  7.500000e-001  1.909731e-001  2.082168e-001
      vertex  7.500000e-001  2.004442e-001  2.004442e-001
    endloop
  endfacet
  facet normal  0.000000e+000  7.730111e-001  6.343925e-001
    outer loop
      vertex  0.000000e+000  2.004442e-001  2.004442e-001
      vertex  7.500000e-001  2.004442e-001  2.004442e-001
      vertex  0.000000e+000  2.082168e-001  1.909731e-001
    endloop
  endfacet
  facet normal  -0.000000e+000  7.730111e-001  6.343925e-001
    outer loop
      vertex  0.000000e+000  2.082168e-001  1.909731e-001
      vertex  7.500000e-001  2.004442e-001  2.004442e-001
      vertex  7.500000e-001  2.082168e-001  1.909731e-001
    endloop
  endfacet
  facet normal  0.000000e+000  8.819207e-001  4.713978e-001
    outer loop
      vertex  0.000000e+000  2.082168e-001  1.909731e-001
      vertex  7.500000e-001  2.082168e-001  1.909731e-001
      vertex  0.000000e+000  2.139925e-001  1.801677e-001
    endloop
  endfacet
  facet normal  -0.000000e+000  8.819207e-001  4.713978e-001
    outer loop
      vertex  0.000000e+000  2.139925e-001  1.801677e-001
      vertex  7.500000e-001  2.082168e-001  1.909731e-001
      vertex  7.500000e-001  2.139925e-001  1.801677e-001
    endloop
  endfacet
  facet normal  0.000000e+000  9.569404e-001  2.902845e-001
    outer loop
      vertex  0.000000e+000  2.139925e-001  1.801677e-001
      vertex  7.500000e-001  2.139925e-001  1.801677e-001
      vertex  0.000000e+000  2.175491e-001  1.684431e-001
    endloop
  endfacet
  facet normal  -0.000000e+000  9.569404e-001  2.902845e-001
    outer loop
      vertex  0.000000e+000  2.175491e-001  1.684431e-001
      vertex  7.500000e-001  2.139925e-001  1.801677e-001
      vertex  7.500000e-001  2.175491e-001  1.684431e-001
    endloop
  endfacet
  facet normal  0.000000e+000  9.951847e-001  9.801669e-002
    outer loop
      vertex  0.000000e+000  2.175491e-001  1.684431e-001
      vertex  7.500000e-001  2.175491e-001  1.684431e-001
      vertex  0.000000e+000  2.187500e-001  1.562500e-001
    endloop
  endfacet
  facet normal  -0.000000e+000  9.951847e-001  9.801669e-002
    outer loop
      vertex  0.000000e+000  2.187500e-001  1.562500e-001
      vertex  7.500000e-001  2.175491e-001  1.684431e-001
      vertex  7.500000e-001  2.187500e-001  1.562500e-001
    endloop
  endfacet
  facet normal  0.000000e+000 -1.000000e+000  6.123234e-017
    outer loop
      vertex  0.000000e+000  1.339457e-017  2.187500e-001
      vertex  0.000000e+000  0.000000e+000  0.000000e+000
      vertex  7.500000e-001  1.339457e-017  2.187500e-001
    endloop
  endfacet
  facet normal  0.000000e+000 -1.000000e+000  6.123234e-017
    outer loop
      vertex  7.500000e-001  1.339457e-017  2.187500e-001
      vertex  0.000000e+000  0.000000e+000  0.000000e+000
      vertex  7.500000e-001  0.000000e+000  0.000000e+000
    endloop
  endfacet
  facet normal  0.000000e+000 -6.123234e-017 -1.000000e+000
    outer loop
      vertex  0.000000e+000  0.000000e+000  0.000000e+000
      vertex  0.000000e+000  2.187500e-001 -1.339457e-017
      vertex  7.500000e-001  0.000000e+000  0.000000e+000
    endloop
  endfacet
  facet normal  0.000000e+000 -6.123234e-017 -1.000000e+000
    outer loop
      vertex  7.500000e-001  0.000000e+000  0.000000e+000
      vertex  0.000000e+000  2.187500e-001 -1.339457e-017
      vertex  7.500000e-001  2.187500e-001 -1.339457e-017
    endloop
  endfacet
endsolid CATIA STL
