solid CATIA STL
  facet normal  0.000000e+000  0.000000e+000 -1.000000e+000
    outer loop
      vertex  7.812500e-002 -3.984375e-001  0.000000e+000
      vertex  7.812500e-002  1.233553e-003  0.000000e+000
      vertex  6.328125e-001 -3.984375e-001  0.000000e+000
    endloop
  endfacet
  facet normal  0.000000e+000  0.000000e+000 -1.000000e+000
    outer loop
      vertex  6.328125e-001 -3.984375e-001  0.000000e+000
      vertex  7.812500e-002  1.233553e-003  0.000000e+000
      vertex  6.328125e-001  1.233553e-003  0.000000e+000
    endloop
  endfacet
  facet normal -1.000000e+000  0.000000e+000  0.000000e+000
    outer loop
      vertex  0.000000e+000  1.233553e-003  7.812500e-002
      vertex  0.000000e+000 -3.984375e-001  7.812500e-002
      vertex  0.000000e+000  1.233553e-003  4.843750e-001
    endloop
  endfacet
  facet normal -1.000000e+000  -0.000000e+000  0.000000e+000
    outer loop
      vertex  0.000000e+000  1.233553e-003  4.843750e-001
      vertex  0.000000e+000 -3.984375e-001  7.812500e-002
      vertex  0.000000e+000 -3.984375e-001  4.843750e-001
    endloop
  endfacet
  facet normal  0.000000e+000  1.000000e+000  0.000000e+000
    outer loop
      vertex  0.000000e+000  1.233553e-003  4.843750e-001
      vertex  6.328125e-001  1.233553e-003  4.843750e-001
      vertex  6.328125e-001  1.233553e-003  0.000000e+000
    endloop
  endfacet
  facet normal  0.000000e+000  1.000000e+000  0.000000e+000
    outer loop
      vertex  0.000000e+000  1.233553e-003  4.843750e-001
      vertex  6.328125e-001  1.233553e-003  0.000000e+000
      vertex  7.812500e-002  1.233553e-003  0.000000e+000
    endloop
  endfacet
  facet normal  0.000000e+000  1.000000e+000  0.000000e+000
    outer loop
      vertex  0.000000e+000  1.233553e-003  4.843750e-001
      vertex  7.812500e-002  1.233553e-003  0.000000e+000
      vertex  6.288357e-002  1.233553e-003  1.501150e-003
    endloop
  endfacet
  facet normal  0.000000e+000  1.000000e+000  0.000000e+000
    outer loop
      vertex  0.000000e+000  1.233553e-003  4.843750e-001
      vertex  6.288357e-002  1.233553e-003  1.501150e-003
      vertex  4.822786e-002  1.233553e-003  5.946911e-003
    endloop
  endfacet
  facet normal  0.000000e+000  1.000000e+000  0.000000e+000
    outer loop
      vertex  0.000000e+000  1.233553e-003  4.843750e-001
      vertex  4.822786e-002  1.233553e-003  5.946911e-003
      vertex  3.472108e-002  1.233553e-003  1.316644e-002
    endloop
  endfacet
  facet normal  0.000000e+000  1.000000e+000  0.000000e+000
    outer loop
      vertex  0.000000e+000  1.233553e-003  4.843750e-001
      vertex  3.472108e-002  1.233553e-003  1.316644e-002
      vertex  2.288228e-002  1.233553e-003  2.288228e-002
    endloop
  endfacet
  facet normal  0.000000e+000  1.000000e+000  0.000000e+000
    outer loop
      vertex  0.000000e+000  1.233553e-003  4.843750e-001
      vertex  2.288228e-002  1.233553e-003  2.288228e-002
      vertex  1.316644e-002  1.233553e-003  3.472108e-002
    endloop
  endfacet
  facet normal  0.000000e+000  1.000000e+000  0.000000e+000
    outer loop
      vertex  0.000000e+000  1.233553e-003  4.843750e-001
      vertex  1.316644e-002  1.233553e-003  3.472108e-002
      vertex  5.946911e-003  1.233553e-003  4.822786e-002
    endloop
  endfacet
  facet normal  0.000000e+000  1.000000e+000  0.000000e+000
    outer loop
      vertex  0.000000e+000  1.233553e-003  4.843750e-001
      vertex  5.946911e-003  1.233553e-003  4.822786e-002
      vertex  1.501150e-003  1.233553e-003  6.288357e-002
    endloop
  endfacet
  facet normal  0.000000e+000  9.999999e-001  0.000000e+000
    outer loop
      vertex  0.000000e+000  1.233553e-003  4.843750e-001
      vertex  1.501150e-003  1.233553e-003  6.288357e-002
      vertex  0.000000e+000  1.233553e-003  7.812500e-002
    endloop
  endfacet
  facet normal  0.000000e+000 -9.999999e-001  0.000000e+000
    outer loop
      vertex  0.000000e+000 -3.984375e-001  7.812500e-002
      vertex  1.501150e-003 -3.984375e-001  6.288357e-002
      vertex  0.000000e+000 -3.984375e-001  4.843750e-001
    endloop
  endfacet
  facet normal  0.000000e+000 -1.000000e+000  0.000000e+000
    outer loop
      vertex  7.812500e-002 -3.984375e-001  0.000000e+000
      vertex  6.328125e-001 -3.984375e-001  0.000000e+000
      vertex  6.328125e-001 -3.984375e-001  4.843750e-001
    endloop
  endfacet
  facet normal  -0.000000e+000 -1.000000e+000  0.000000e+000
    outer loop
      vertex  7.812500e-002 -3.984375e-001  0.000000e+000
      vertex  6.328125e-001 -3.984375e-001  4.843750e-001
      vertex  0.000000e+000 -3.984375e-001  4.843750e-001
    endloop
  endfacet
  facet normal  0.000000e+000 -1.000000e+000  0.000000e+000
    outer loop
      vertex  7.812500e-002 -3.984375e-001  0.000000e+000
      vertex  0.000000e+000 -3.984375e-001  4.843750e-001
      vertex  1.501150e-003 -3.984375e-001  6.288357e-002
    endloop
  endfacet
  facet normal  0.000000e+000 -1.000000e+000  0.000000e+000
    outer loop
      vertex  7.812500e-002 -3.984375e-001  0.000000e+000
      vertex  1.501150e-003 -3.984375e-001  6.288357e-002
      vertex  5.946911e-003 -3.984375e-001  4.822786e-002
    endloop
  endfacet
  facet normal  0.000000e+000 -1.000000e+000  0.000000e+000
    outer loop
      vertex  7.812500e-002 -3.984375e-001  0.000000e+000
      vertex  5.946911e-003 -3.984375e-001  4.822786e-002
      vertex  1.316644e-002 -3.984375e-001  3.472108e-002
    endloop
  endfacet
  facet normal  0.000000e+000 -1.000000e+000  0.000000e+000
    outer loop
      vertex  7.812500e-002 -3.984375e-001  0.000000e+000
      vertex  1.316644e-002 -3.984375e-001  3.472108e-002
      vertex  2.288228e-002 -3.984375e-001  2.288228e-002
    endloop
  endfacet
  facet normal  0.000000e+000 -1.000000e+000  0.000000e+000
    outer loop
      vertex  7.812500e-002 -3.984375e-001  0.000000e+000
      vertex  2.288228e-002 -3.984375e-001  2.288228e-002
      vertex  3.472108e-002 -3.984375e-001  1.316644e-002
    endloop
  endfacet
  facet normal  0.000000e+000 -1.000000e+000  0.000000e+000
    outer loop
      vertex  7.812500e-002 -3.984375e-001  0.000000e+000
      vertex  3.472108e-002 -3.984375e-001  1.316644e-002
      vertex  4.822786e-002 -3.984375e-001  5.946911e-003
    endloop
  endfacet
  facet normal  0.000000e+000 -1.000000e+000  0.000000e+000
    outer loop
      vertex  7.812500e-002 -3.984375e-001  0.000000e+000
      vertex  4.822786e-002 -3.984375e-001  5.946911e-003
      vertex  6.288357e-002 -3.984375e-001  1.501150e-003
    endloop
  endfacet
  facet normal -9.801716e-002  0.000000e+000 -9.951848e-001
    outer loop
      vertex  7.812500e-002  1.233553e-003  0.000000e+000
      vertex  7.812500e-002 -3.984375e-001  0.000000e+000
      vertex  6.288357e-002  1.233553e-003  1.501150e-003
    endloop
  endfacet
  facet normal -9.801716e-002  -0.000000e+000 -9.951848e-001
    outer loop
      vertex  6.288357e-002  1.233553e-003  1.501150e-003
      vertex  7.812500e-002 -3.984375e-001  0.000000e+000
      vertex  6.288357e-002 -3.984375e-001  1.501150e-003
    endloop
  endfacet
  facet normal -2.902846e-001  0.000000e+000 -9.569404e-001
    outer loop
      vertex  6.288357e-002  1.233553e-003  1.501150e-003
      vertex  6.288357e-002 -3.984375e-001  1.501150e-003
      vertex  4.822786e-002  1.233553e-003  5.946911e-003
    endloop
  endfacet
  facet normal -2.902846e-001  -0.000000e+000 -9.569404e-001
    outer loop
      vertex  4.822786e-002  1.233553e-003  5.946911e-003
      vertex  6.288357e-002 -3.984375e-001  1.501150e-003
      vertex  4.822786e-002 -3.984375e-001  5.946911e-003
    endloop
  endfacet
  facet normal -4.713967e-001  0.000000e+000 -8.819212e-001
    outer loop
      vertex  4.822786e-002  1.233553e-003  5.946911e-003
      vertex  4.822786e-002 -3.984375e-001  5.946911e-003
      vertex  3.472108e-002  1.233553e-003  1.316644e-002
    endloop
  endfacet
  facet normal -4.713967e-001  -0.000000e+000 -8.819212e-001
    outer loop
      vertex  3.472108e-002  1.233553e-003  1.316644e-002
      vertex  4.822786e-002 -3.984375e-001  5.946911e-003
      vertex  3.472108e-002 -3.984375e-001  1.316644e-002
    endloop
  endfacet
  facet normal -6.343933e-001  0.000000e+000 -7.730105e-001
    outer loop
      vertex  3.472108e-002  1.233553e-003  1.316644e-002
      vertex  3.472108e-002 -3.984375e-001  1.316644e-002
      vertex  2.288228e-002  1.233553e-003  2.288228e-002
    endloop
  endfacet
  facet normal -6.343933e-001  -0.000000e+000 -7.730105e-001
    outer loop
      vertex  2.288228e-002  1.233553e-003  2.288228e-002
      vertex  3.472108e-002 -3.984375e-001  1.316644e-002
      vertex  2.288228e-002 -3.984375e-001  2.288228e-002
    endloop
  endfacet
  facet normal -7.730105e-001  0.000000e+000 -6.343933e-001
    outer loop
      vertex  2.288228e-002  1.233553e-003  2.288228e-002
      vertex  2.288228e-002 -3.984375e-001  2.288228e-002
      vertex  1.316644e-002  1.233553e-003  3.472108e-002
    endloop
  endfacet
  facet normal -7.730105e-001  -0.000000e+000 -6.343933e-001
    outer loop
      vertex  1.316644e-002  1.233553e-003  3.472108e-002
      vertex  2.288228e-002 -3.984375e-001  2.288228e-002
      vertex  1.316644e-002 -3.984375e-001  3.472108e-002
    endloop
  endfacet
  facet normal -8.819212e-001  0.000000e+000 -4.713967e-001
    outer loop
      vertex  1.316644e-002  1.233553e-003  3.472108e-002
      vertex  1.316644e-002 -3.984375e-001  3.472108e-002
      vertex  5.946911e-003  1.233553e-003  4.822786e-002
    endloop
  endfacet
  facet normal -8.819212e-001  -0.000000e+000 -4.713967e-001
    outer loop
      vertex  5.946911e-003  1.233553e-003  4.822786e-002
      vertex  1.316644e-002 -3.984375e-001  3.472108e-002
      vertex  5.946911e-003 -3.984375e-001  4.822786e-002
    endloop
  endfacet
  facet normal -9.569404e-001  0.000000e+000 -2.902846e-001
    outer loop
      vertex  5.946911e-003  1.233553e-003  4.822786e-002
      vertex  5.946911e-003 -3.984375e-001  4.822786e-002
      vertex  1.501150e-003  1.233553e-003  6.288357e-002
    endloop
  endfacet
  facet normal -9.569404e-001  -0.000000e+000 -2.902846e-001
    outer loop
      vertex  1.501150e-003  1.233553e-003  6.288357e-002
      vertex  5.946911e-003 -3.984375e-001  4.822786e-002
      vertex  1.501150e-003 -3.984375e-001  6.288357e-002
    endloop
  endfacet
  facet normal -9.951848e-001  0.000000e+000 -9.801716e-002
    outer loop
      vertex  1.501150e-003  1.233553e-003  6.288357e-002
      vertex  1.501150e-003 -3.984375e-001  6.288357e-002
      vertex  0.000000e+000  1.233553e-003  7.812500e-002
    endloop
  endfacet
  facet normal -9.951848e-001  -0.000000e+000 -9.801716e-002
    outer loop
      vertex  0.000000e+000  1.233553e-003  7.812500e-002
      vertex  1.501150e-003 -3.984375e-001  6.288357e-002
      vertex  0.000000e+000 -3.984375e-001  7.812500e-002
    endloop
  endfacet
  facet normal  0.000000e+000  0.000000e+000  1.000000e+000
    outer loop
      vertex  0.000000e+000 -3.984375e-001  4.843750e-001
      vertex  6.328125e-001 -3.984375e-001  4.843750e-001
      vertex  0.000000e+000  1.233553e-003  4.843750e-001
    endloop
  endfacet
  facet normal  -0.000000e+000  0.000000e+000  1.000000e+000
    outer loop
      vertex  0.000000e+000  1.233553e-003  4.843750e-001
      vertex  6.328125e-001 -3.984375e-001  4.843750e-001
      vertex  6.328125e-001  1.233553e-003  4.843750e-001
    endloop
  endfacet
  facet normal  1.000000e+000  0.000000e+000  0.000000e+000
    outer loop
      vertex  6.328125e-001 -3.984375e-001  0.000000e+000
      vertex  6.328125e-001  1.233553e-003  0.000000e+000
      vertex  6.328125e-001 -3.984375e-001  4.843750e-001
    endloop
  endfacet
  facet normal  1.000000e+000  -0.000000e+000  0.000000e+000
    outer loop
      vertex  6.328125e-001 -3.984375e-001  4.843750e-001
      vertex  6.328125e-001  1.233553e-003  0.000000e+000
      vertex  6.328125e-001  1.233553e-003  4.843750e-001
    endloop
  endfacet
endsolid CATIA STL
