solid CATIA STL
  facet normal  0.000000e+000  1.000000e+000  0.000000e+000
    outer loop
      vertex -7.500000e-001  7.500000e-001 -6.250000e-002
      vertex -7.500000e-001  7.500000e-001  6.381579e-002
      vertex  7.421875e-001  7.500000e-001 -6.250000e-002
    endloop
  endfacet
  facet normal  0.000000e+000  1.000000e+000  -0.000000e+000
    outer loop
      vertex  7.421875e-001  7.500000e-001 -6.250000e-002
      vertex -7.500000e-001  7.500000e-001  6.381579e-002
      vertex  7.421875e-001  7.500000e-001  6.381579e-002
    endloop
  endfacet
  facet normal  0.000000e+000  -0.000000e+000  1.000000e+000
    outer loop
      vertex -7.500000e-001 -7.500000e-001  6.381579e-002
      vertex  7.500000e-001 -7.500000e-001  6.381579e-002
      vertex  7.500000e-001  7.421875e-001  6.381579e-002
    endloop
  endfacet
  facet normal  0.000000e+000  0.000000e+000  1.000000e+000
    outer loop
      vertex -7.500000e-001 -7.500000e-001  6.381579e-002
      vertex  7.500000e-001  7.421875e-001  6.381579e-002
      vertex  7.498499e-001  7.437117e-001  6.381579e-002
    endloop
  endfacet
  facet normal  0.000000e+000  0.000000e+000  1.000000e+000
    outer loop
      vertex -7.500000e-001 -7.500000e-001  6.381579e-002
      vertex  7.498499e-001  7.437117e-001  6.381579e-002
      vertex  7.494053e-001  7.451772e-001  6.381579e-002
    endloop
  endfacet
  facet normal  0.000000e+000  0.000000e+000  1.000000e+000
    outer loop
      vertex -7.500000e-001 -7.500000e-001  6.381579e-002
      vertex  7.494053e-001  7.451772e-001  6.381579e-002
      vertex  7.486833e-001  7.465279e-001  6.381579e-002
    endloop
  endfacet
  facet normal  0.000000e+000  0.000000e+000  1.000000e+000
    outer loop
      vertex -7.500000e-001 -7.500000e-001  6.381579e-002
      vertex  7.486833e-001  7.465279e-001  6.381579e-002
      vertex  7.477118e-001  7.477118e-001  6.381579e-002
    endloop
  endfacet
  facet normal  0.000000e+000  0.000000e+000  1.000000e+000
    outer loop
      vertex -7.500000e-001 -7.500000e-001  6.381579e-002
      vertex  7.477118e-001  7.477118e-001  6.381579e-002
      vertex  7.465279e-001  7.486833e-001  6.381579e-002
    endloop
  endfacet
  facet normal  0.000000e+000  0.000000e+000  1.000000e+000
    outer loop
      vertex -7.500000e-001 -7.500000e-001  6.381579e-002
      vertex  7.465279e-001  7.486833e-001  6.381579e-002
      vertex  7.451772e-001  7.494053e-001  6.381579e-002
    endloop
  endfacet
  facet normal  0.000000e+000  0.000000e+000  1.000000e+000
    outer loop
      vertex -7.500000e-001 -7.500000e-001  6.381579e-002
      vertex  7.451772e-001  7.494053e-001  6.381579e-002
      vertex  7.437117e-001  7.498499e-001  6.381579e-002
    endloop
  endfacet
  facet normal  0.000000e+000  0.000000e+000  1.000000e+000
    outer loop
      vertex -7.500000e-001 -7.500000e-001  6.381579e-002
      vertex  7.437117e-001  7.498499e-001  6.381579e-002
      vertex  7.421875e-001  7.500000e-001  6.381579e-002
    endloop
  endfacet
  facet normal  0.000000e+000  0.000000e+000  1.000000e+000
    outer loop
      vertex -7.500000e-001 -7.500000e-001  6.381579e-002
      vertex  7.421875e-001  7.500000e-001  6.381579e-002
      vertex -7.500000e-001  7.500000e-001  6.381579e-002
    endloop
  endfacet
  facet normal  1.000000e+000  0.000000e+000  0.000000e+000
    outer loop
      vertex  7.500000e-001  7.421875e-001 -6.250000e-002
      vertex  7.500000e-001  7.421875e-001  6.381579e-002
      vertex  7.500000e-001 -7.500000e-001 -6.250000e-002
    endloop
  endfacet
  facet normal  1.000000e+000  0.000000e+000  0.000000e+000
    outer loop
      vertex  7.500000e-001 -7.500000e-001 -6.250000e-002
      vertex  7.500000e-001  7.421875e-001  6.381579e-002
      vertex  7.500000e-001 -7.500000e-001  6.381579e-002
    endloop
  endfacet
  facet normal  0.000000e+000  0.000000e+000 -1.000000e+000
    outer loop
      vertex  7.465279e-001  7.486833e-001 -6.250000e-002
      vertex -7.500000e-001  7.500000e-001 -6.250000e-002
      vertex  7.421875e-001  7.500000e-001 -6.250000e-002
    endloop
  endfacet
  facet normal  0.000000e+000  0.000000e+000 -1.000000e+000
    outer loop
      vertex  7.465279e-001  7.486833e-001 -6.250000e-002
      vertex  7.421875e-001  7.500000e-001 -6.250000e-002
      vertex  7.437117e-001  7.498499e-001 -6.250000e-002
    endloop
  endfacet
  facet normal  0.000000e+000  0.000000e+000 -1.000000e+000
    outer loop
      vertex  7.465279e-001  7.486833e-001 -6.250000e-002
      vertex  7.437117e-001  7.498499e-001 -6.250000e-002
      vertex  7.451772e-001  7.494053e-001 -6.250000e-002
    endloop
  endfacet
  facet normal  0.000000e+000  0.000000e+000 -1.000000e+000
    outer loop
      vertex -7.500000e-001 -7.500000e-001 -6.250000e-002
      vertex -7.500000e-001  7.500000e-001 -6.250000e-002
      vertex  7.465279e-001  7.486833e-001 -6.250000e-002
    endloop
  endfacet
  facet normal  0.000000e+000  -0.000000e+000 -1.000000e+000
    outer loop
      vertex -7.500000e-001 -7.500000e-001 -6.250000e-002
      vertex  7.465279e-001  7.486833e-001 -6.250000e-002
      vertex  7.477118e-001  7.477118e-001 -6.250000e-002
    endloop
  endfacet
  facet normal  0.000000e+000  -0.000000e+000 -1.000000e+000
    outer loop
      vertex -7.500000e-001 -7.500000e-001 -6.250000e-002
      vertex  7.477118e-001  7.477118e-001 -6.250000e-002
      vertex  7.486833e-001  7.465279e-001 -6.250000e-002
    endloop
  endfacet
  facet normal  0.000000e+000  -0.000000e+000 -1.000000e+000
    outer loop
      vertex -7.500000e-001 -7.500000e-001 -6.250000e-002
      vertex  7.486833e-001  7.465279e-001 -6.250000e-002
      vertex  7.494053e-001  7.451772e-001 -6.250000e-002
    endloop
  endfacet
  facet normal  0.000000e+000  -0.000000e+000 -1.000000e+000
    outer loop
      vertex -7.500000e-001 -7.500000e-001 -6.250000e-002
      vertex  7.494053e-001  7.451772e-001 -6.250000e-002
      vertex  7.498499e-001  7.437117e-001 -6.250000e-002
    endloop
  endfacet
  facet normal  0.000000e+000  -0.000000e+000 -1.000000e+000
    outer loop
      vertex -7.500000e-001 -7.500000e-001 -6.250000e-002
      vertex  7.498499e-001  7.437117e-001 -6.250000e-002
      vertex  7.500000e-001  7.421875e-001 -6.250000e-002
    endloop
  endfacet
  facet normal  0.000000e+000  -0.000000e+000 -1.000000e+000
    outer loop
      vertex -7.500000e-001 -7.500000e-001 -6.250000e-002
      vertex  7.500000e-001  7.421875e-001 -6.250000e-002
      vertex  7.500000e-001 -7.500000e-001 -6.250000e-002
    endloop
  endfacet
  facet normal  9.803551e-002  9.951830e-001  0.000000e+000
    outer loop
      vertex  7.421875e-001  7.500000e-001 -6.250000e-002
      vertex  7.421875e-001  7.500000e-001  6.381579e-002
      vertex  7.437117e-001  7.498499e-001 -6.250000e-002
    endloop
  endfacet
  facet normal  9.803551e-002  9.951830e-001  -0.000000e+000
    outer loop
      vertex  7.437117e-001  7.498499e-001 -6.250000e-002
      vertex  7.421875e-001  7.500000e-001  6.381579e-002
      vertex  7.437117e-001  7.498499e-001  6.381579e-002
    endloop
  endfacet
  facet normal  2.902602e-001  9.569477e-001  0.000000e+000
    outer loop
      vertex  7.437117e-001  7.498499e-001 -6.250000e-002
      vertex  7.437117e-001  7.498499e-001  6.381579e-002
      vertex  7.451772e-001  7.494053e-001 -6.250000e-002
    endloop
  endfacet
  facet normal  2.902602e-001  9.569477e-001  -0.000000e+000
    outer loop
      vertex  7.451772e-001  7.494053e-001 -6.250000e-002
      vertex  7.437117e-001  7.498499e-001  6.381579e-002
      vertex  7.451772e-001  7.494053e-001  6.381579e-002
    endloop
  endfacet
  facet normal  4.714102e-001  8.819141e-001  0.000000e+000
    outer loop
      vertex  7.451772e-001  7.494053e-001 -6.250000e-002
      vertex  7.451772e-001  7.494053e-001  6.381579e-002
      vertex  7.465279e-001  7.486833e-001 -6.250000e-002
    endloop
  endfacet
  facet normal  4.714102e-001  8.819141e-001  -0.000000e+000
    outer loop
      vertex  7.465279e-001  7.486833e-001 -6.250000e-002
      vertex  7.451772e-001  7.494053e-001  6.381579e-002
      vertex  7.465279e-001  7.486833e-001  6.381579e-002
    endloop
  endfacet
  facet normal  6.343857e-001  7.730166e-001  0.000000e+000
    outer loop
      vertex  7.465279e-001  7.486833e-001 -6.250000e-002
      vertex  7.465279e-001  7.486833e-001  6.381579e-002
      vertex  7.477118e-001  7.477118e-001 -6.250000e-002
    endloop
  endfacet
  facet normal  6.343857e-001  7.730166e-001  -0.000000e+000
    outer loop
      vertex  7.477118e-001  7.477118e-001 -6.250000e-002
      vertex  7.465279e-001  7.486833e-001  6.381579e-002
      vertex  7.477118e-001  7.477118e-001  6.381579e-002
    endloop
  endfacet
  facet normal  7.730166e-001  6.343857e-001  0.000000e+000
    outer loop
      vertex  7.477118e-001  7.477118e-001 -6.250000e-002
      vertex  7.477118e-001  7.477118e-001  6.381579e-002
      vertex  7.486833e-001  7.465279e-001 -6.250000e-002
    endloop
  endfacet
  facet normal  7.730166e-001  6.343857e-001  -0.000000e+000
    outer loop
      vertex  7.486833e-001  7.465279e-001 -6.250000e-002
      vertex  7.477118e-001  7.477118e-001  6.381579e-002
      vertex  7.486833e-001  7.465279e-001  6.381579e-002
    endloop
  endfacet
  facet normal  8.819141e-001  4.714102e-001  0.000000e+000
    outer loop
      vertex  7.486833e-001  7.465279e-001 -6.250000e-002
      vertex  7.486833e-001  7.465279e-001  6.381579e-002
      vertex  7.494053e-001  7.451772e-001 -6.250000e-002
    endloop
  endfacet
  facet normal  8.819141e-001  4.714102e-001  -0.000000e+000
    outer loop
      vertex  7.494053e-001  7.451772e-001 -6.250000e-002
      vertex  7.486833e-001  7.465279e-001  6.381579e-002
      vertex  7.494053e-001  7.451772e-001  6.381579e-002
    endloop
  endfacet
  facet normal  9.569477e-001  2.902602e-001  0.000000e+000
    outer loop
      vertex  7.494053e-001  7.451772e-001 -6.250000e-002
      vertex  7.494053e-001  7.451772e-001  6.381579e-002
      vertex  7.498499e-001  7.437117e-001 -6.250000e-002
    endloop
  endfacet
  facet normal  9.569477e-001  2.902602e-001  -0.000000e+000
    outer loop
      vertex  7.498499e-001  7.437117e-001 -6.250000e-002
      vertex  7.494053e-001  7.451772e-001  6.381579e-002
      vertex  7.498499e-001  7.437117e-001  6.381579e-002
    endloop
  endfacet
  facet normal  9.951830e-001  9.803551e-002  0.000000e+000
    outer loop
      vertex  7.498499e-001  7.437117e-001 -6.250000e-002
      vertex  7.498499e-001  7.437117e-001  6.381579e-002
      vertex  7.500000e-001  7.421875e-001 -6.250000e-002
    endloop
  endfacet
  facet normal  9.951830e-001  9.803551e-002  -0.000000e+000
    outer loop
      vertex  7.500000e-001  7.421875e-001 -6.250000e-002
      vertex  7.498499e-001  7.437117e-001  6.381579e-002
      vertex  7.500000e-001  7.421875e-001  6.381579e-002
    endloop
  endfacet
  facet normal  0.000000e+000 -1.000000e+000  0.000000e+000
    outer loop
      vertex -7.500000e-001 -7.500000e-001 -6.250000e-002
      vertex  7.500000e-001 -7.500000e-001 -6.250000e-002
      vertex -7.500000e-001 -7.500000e-001  6.381579e-002
    endloop
  endfacet
  facet normal  0.000000e+000 -1.000000e+000  0.000000e+000
    outer loop
      vertex -7.500000e-001 -7.500000e-001  6.381579e-002
      vertex  7.500000e-001 -7.500000e-001 -6.250000e-002
      vertex  7.500000e-001 -7.500000e-001  6.381579e-002
    endloop
  endfacet
  facet normal -1.000000e+000  0.000000e+000  0.000000e+000
    outer loop
      vertex -7.500000e-001  7.500000e-001  6.381579e-002
      vertex -7.500000e-001  7.500000e-001 -6.250000e-002
      vertex -7.500000e-001 -7.500000e-001  6.381579e-002
    endloop
  endfacet
  facet normal -1.000000e+000  0.000000e+000  0.000000e+000
    outer loop
      vertex -7.500000e-001 -7.500000e-001  6.381579e-002
      vertex -7.500000e-001  7.500000e-001 -6.250000e-002
      vertex -7.500000e-001 -7.500000e-001 -6.250000e-002
    endloop
  endfacet
endsolid CATIA STL
