solid CATIA STL
  facet normal -9.999999e-001  0.000000e+000  -0.000000e+000
    outer loop
      vertex -5.468750e-002  3.827021e-018  6.250000e-002
      vertex -5.468750e-002  3.867306e-017  6.315789e-001
      vertex -5.468750e-002  7.500000e-001  6.315789e-001
    endloop
  endfacet
  facet normal -1.000000e+000  0.000000e+000  -0.000000e+000
    outer loop
      vertex -5.468750e-002  3.827021e-018  6.250000e-002
      vertex -5.468750e-002  7.500000e-001  6.315789e-001
      vertex -5.468750e-002  7.500000e-001 -4.592425e-017
    endloop
  endfacet
  facet normal -1.000000e+000  0.000000e+000  0.000000e+000
    outer loop
      vertex -5.468750e-002  3.827021e-018  6.250000e-002
      vertex -5.468750e-002  7.500000e-001 -4.592425e-017
      vertex -5.468750e-002  6.250000e-002 -3.827021e-018
    endloop
  endfacet
  facet normal -1.000000e+000  0.000000e+000  0.000000e+000
    outer loop
      vertex -5.468750e-002  3.827021e-018  6.250000e-002
      vertex -5.468750e-002  6.250000e-002 -3.827021e-018
      vertex -5.468750e-002  5.030686e-002  1.200920e-003
    endloop
  endfacet
  facet normal -1.000000e+000  0.000000e+000  0.000000e+000
    outer loop
      vertex -5.468750e-002  3.827021e-018  6.250000e-002
      vertex -5.468750e-002  5.030686e-002  1.200920e-003
      vertex -5.468750e-002  3.858228e-002  4.757529e-003
    endloop
  endfacet
  facet normal -1.000000e+000  0.000000e+000  0.000000e+000
    outer loop
      vertex -5.468750e-002  3.827021e-018  6.250000e-002
      vertex -5.468750e-002  3.858228e-002  4.757529e-003
      vertex -5.468750e-002  2.777686e-002  1.053315e-002
    endloop
  endfacet
  facet normal -1.000000e+000  0.000000e+000  0.000000e+000
    outer loop
      vertex -5.468750e-002  3.827021e-018  6.250000e-002
      vertex -5.468750e-002  2.777686e-002  1.053315e-002
      vertex -5.468750e-002  1.830583e-002  1.830583e-002
    endloop
  endfacet
  facet normal -1.000000e+000  0.000000e+000  0.000000e+000
    outer loop
      vertex -5.468750e-002  3.827021e-018  6.250000e-002
      vertex -5.468750e-002  1.830583e-002  1.830583e-002
      vertex -5.468750e-002  1.053315e-002  2.777686e-002
    endloop
  endfacet
  facet normal -1.000000e+000  0.000000e+000  0.000000e+000
    outer loop
      vertex -5.468750e-002  3.827021e-018  6.250000e-002
      vertex -5.468750e-002  1.053315e-002  2.777686e-002
      vertex -5.468750e-002  4.757529e-003  3.858228e-002
    endloop
  endfacet
  facet normal -1.000000e+000  0.000000e+000  0.000000e+000
    outer loop
      vertex -5.468750e-002  3.827021e-018  6.250000e-002
      vertex -5.468750e-002  4.757529e-003  3.858228e-002
      vertex -5.468750e-002  1.200920e-003  5.030686e-002
    endloop
  endfacet
  facet normal  1.000000e+000  -0.000000e+000  -0.000000e+000
    outer loop
      vertex  0.000000e+000  3.827021e-018  6.250000e-002
      vertex  0.000000e+000  1.200920e-003  5.030686e-002
      vertex  0.000000e+000  4.757529e-003  3.858228e-002
    endloop
  endfacet
  facet normal  1.000000e+000  -0.000000e+000  -0.000000e+000
    outer loop
      vertex  0.000000e+000  3.827021e-018  6.250000e-002
      vertex  0.000000e+000  4.757529e-003  3.858228e-002
      vertex  0.000000e+000  1.053315e-002  2.777686e-002
    endloop
  endfacet
  facet normal  1.000000e+000  -0.000000e+000  -0.000000e+000
    outer loop
      vertex  0.000000e+000  3.827021e-018  6.250000e-002
      vertex  0.000000e+000  1.053315e-002  2.777686e-002
      vertex  0.000000e+000  1.830583e-002  1.830583e-002
    endloop
  endfacet
  facet normal  1.000000e+000  -0.000000e+000  -0.000000e+000
    outer loop
      vertex  0.000000e+000  3.827021e-018  6.250000e-002
      vertex  0.000000e+000  1.830583e-002  1.830583e-002
      vertex  0.000000e+000  2.777686e-002  1.053315e-002
    endloop
  endfacet
  facet normal  1.000000e+000  -0.000000e+000  -0.000000e+000
    outer loop
      vertex  0.000000e+000  3.827021e-018  6.250000e-002
      vertex  0.000000e+000  2.777686e-002  1.053315e-002
      vertex  0.000000e+000  3.858228e-002  4.757529e-003
    endloop
  endfacet
  facet normal  1.000000e+000  -0.000000e+000  -0.000000e+000
    outer loop
      vertex  0.000000e+000  3.827021e-018  6.250000e-002
      vertex  0.000000e+000  3.858228e-002  4.757529e-003
      vertex  0.000000e+000  5.030686e-002  1.200920e-003
    endloop
  endfacet
  facet normal  1.000000e+000  -0.000000e+000  -0.000000e+000
    outer loop
      vertex  0.000000e+000  3.827021e-018  6.250000e-002
      vertex  0.000000e+000  5.030686e-002  1.200920e-003
      vertex  0.000000e+000  6.250000e-002 -3.827021e-018
    endloop
  endfacet
  facet normal  1.000000e+000  -0.000000e+000  -0.000000e+000
    outer loop
      vertex  0.000000e+000  3.827021e-018  6.250000e-002
      vertex  0.000000e+000  6.250000e-002 -3.827021e-018
      vertex  0.000000e+000  7.500000e-001 -4.592425e-017
    endloop
  endfacet
  facet normal  1.000000e+000  0.000000e+000  -0.000000e+000
    outer loop
      vertex  0.000000e+000  3.827021e-018  6.250000e-002
      vertex  0.000000e+000  7.500000e-001 -4.592425e-017
      vertex  0.000000e+000  7.500000e-001  6.315789e-001
    endloop
  endfacet
  facet normal  9.999999e-001  0.000000e+000  0.000000e+000
    outer loop
      vertex  0.000000e+000  3.827021e-018  6.250000e-002
      vertex  0.000000e+000  7.500000e-001  6.315789e-001
      vertex  0.000000e+000  3.867306e-017  6.315789e-001
    endloop
  endfacet
  facet normal  0.000000e+000 -9.999999e-001  6.123234e-017
    outer loop
      vertex -5.468750e-002  3.867306e-017  6.315789e-001
      vertex -5.468750e-002  3.827021e-018  6.250000e-002
      vertex  0.000000e+000  3.867306e-017  6.315789e-001
    endloop
  endfacet
  facet normal  0.000000e+000 -9.999999e-001  6.123234e-017
    outer loop
      vertex  0.000000e+000  3.867306e-017  6.315789e-001
      vertex -5.468750e-002  3.827021e-018  6.250000e-002
      vertex  0.000000e+000  3.827021e-018  6.250000e-002
    endloop
  endfacet
  facet normal  0.000000e+000 -6.123234e-017 -1.000000e+000
    outer loop
      vertex -5.468750e-002  6.250000e-002 -3.827021e-018
      vertex -5.468750e-002  7.500000e-001 -4.592425e-017
      vertex  0.000000e+000  6.250000e-002 -3.827021e-018
    endloop
  endfacet
  facet normal  0.000000e+000 -6.123234e-017 -1.000000e+000
    outer loop
      vertex  0.000000e+000  6.250000e-002 -3.827021e-018
      vertex -5.468750e-002  7.500000e-001 -4.592425e-017
      vertex  0.000000e+000  7.500000e-001 -4.592425e-017
    endloop
  endfacet
  facet normal  0.000000e+000 -9.951847e-001 -9.801716e-002
    outer loop
      vertex  0.000000e+000  3.827021e-018  6.250000e-002
      vertex -5.468750e-002  3.827021e-018  6.250000e-002
      vertex  0.000000e+000  1.200920e-003  5.030686e-002
    endloop
  endfacet
  facet normal  -0.000000e+000 -9.951847e-001 -9.801716e-002
    outer loop
      vertex  0.000000e+000  1.200920e-003  5.030686e-002
      vertex -5.468750e-002  3.827021e-018  6.250000e-002
      vertex -5.468750e-002  1.200920e-003  5.030686e-002
    endloop
  endfacet
  facet normal  0.000000e+000 -9.569404e-001 -2.902846e-001
    outer loop
      vertex  0.000000e+000  1.200920e-003  5.030686e-002
      vertex -5.468750e-002  1.200920e-003  5.030686e-002
      vertex  0.000000e+000  4.757529e-003  3.858228e-002
    endloop
  endfacet
  facet normal  -0.000000e+000 -9.569404e-001 -2.902846e-001
    outer loop
      vertex  0.000000e+000  4.757529e-003  3.858228e-002
      vertex -5.468750e-002  1.200920e-003  5.030686e-002
      vertex -5.468750e-002  4.757529e-003  3.858228e-002
    endloop
  endfacet
  facet normal  0.000000e+000 -8.819212e-001 -4.713968e-001
    outer loop
      vertex  0.000000e+000  4.757529e-003  3.858228e-002
      vertex -5.468750e-002  4.757529e-003  3.858228e-002
      vertex  0.000000e+000  1.053315e-002  2.777686e-002
    endloop
  endfacet
  facet normal  -0.000000e+000 -8.819212e-001 -4.713968e-001
    outer loop
      vertex  0.000000e+000  1.053315e-002  2.777686e-002
      vertex -5.468750e-002  4.757529e-003  3.858228e-002
      vertex -5.468750e-002  1.053315e-002  2.777686e-002
    endloop
  endfacet
  facet normal  0.000000e+000 -7.730104e-001 -6.343933e-001
    outer loop
      vertex  0.000000e+000  1.053315e-002  2.777686e-002
      vertex -5.468750e-002  1.053315e-002  2.777686e-002
      vertex  0.000000e+000  1.830583e-002  1.830583e-002
    endloop
  endfacet
  facet normal  -0.000000e+000 -7.730104e-001 -6.343933e-001
    outer loop
      vertex  0.000000e+000  1.830583e-002  1.830583e-002
      vertex -5.468750e-002  1.053315e-002  2.777686e-002
      vertex -5.468750e-002  1.830583e-002  1.830583e-002
    endloop
  endfacet
  facet normal  0.000000e+000 -6.343933e-001 -7.730104e-001
    outer loop
      vertex  0.000000e+000  1.830583e-002  1.830583e-002
      vertex -5.468750e-002  1.830583e-002  1.830583e-002
      vertex  0.000000e+000  2.777686e-002  1.053315e-002
    endloop
  endfacet
  facet normal  -0.000000e+000 -6.343933e-001 -7.730104e-001
    outer loop
      vertex  0.000000e+000  2.777686e-002  1.053315e-002
      vertex -5.468750e-002  1.830583e-002  1.830583e-002
      vertex -5.468750e-002  2.777686e-002  1.053315e-002
    endloop
  endfacet
  facet normal  0.000000e+000 -4.713968e-001 -8.819212e-001
    outer loop
      vertex  0.000000e+000  2.777686e-002  1.053315e-002
      vertex -5.468750e-002  2.777686e-002  1.053315e-002
      vertex  0.000000e+000  3.858228e-002  4.757529e-003
    endloop
  endfacet
  facet normal  -0.000000e+000 -4.713968e-001 -8.819212e-001
    outer loop
      vertex  0.000000e+000  3.858228e-002  4.757529e-003
      vertex -5.468750e-002  2.777686e-002  1.053315e-002
      vertex -5.468750e-002  3.858228e-002  4.757529e-003
    endloop
  endfacet
  facet normal  0.000000e+000 -2.902846e-001 -9.569404e-001
    outer loop
      vertex  0.000000e+000  3.858228e-002  4.757529e-003
      vertex -5.468750e-002  3.858228e-002  4.757529e-003
      vertex  0.000000e+000  5.030686e-002  1.200920e-003
    endloop
  endfacet
  facet normal  -0.000000e+000 -2.902846e-001 -9.569404e-001
    outer loop
      vertex  0.000000e+000  5.030686e-002  1.200920e-003
      vertex -5.468750e-002  3.858228e-002  4.757529e-003
      vertex -5.468750e-002  5.030686e-002  1.200920e-003
    endloop
  endfacet
  facet normal  0.000000e+000 -9.801716e-002 -9.951847e-001
    outer loop
      vertex  0.000000e+000  5.030686e-002  1.200920e-003
      vertex -5.468750e-002  5.030686e-002  1.200920e-003
      vertex  0.000000e+000  6.250000e-002 -3.827021e-018
    endloop
  endfacet
  facet normal  -0.000000e+000 -9.801716e-002 -9.951847e-001
    outer loop
      vertex  0.000000e+000  6.250000e-002 -3.827021e-018
      vertex -5.468750e-002  5.030686e-002  1.200920e-003
      vertex -5.468750e-002  6.250000e-002 -3.827021e-018
    endloop
  endfacet
  facet normal  0.000000e+000  0.000000e+000  1.000000e+000
    outer loop
      vertex -5.468750e-002  7.500000e-001  6.315789e-001
      vertex -5.468750e-002  3.867306e-017  6.315789e-001
      vertex  0.000000e+000  7.500000e-001  6.315789e-001
    endloop
  endfacet
  facet normal  0.000000e+000  0.000000e+000  1.000000e+000
    outer loop
      vertex  0.000000e+000  7.500000e-001  6.315789e-001
      vertex -5.468750e-002  3.867306e-017  6.315789e-001
      vertex  0.000000e+000  3.867306e-017  6.315789e-001
    endloop
  endfacet
  facet normal  0.000000e+000  1.000000e+000  0.000000e+000
    outer loop
      vertex -5.468750e-002  7.500000e-001 -4.592425e-017
      vertex -5.468750e-002  7.500000e-001  6.315789e-001
      vertex  0.000000e+000  7.500000e-001 -4.592425e-017
    endloop
  endfacet
  facet normal  0.000000e+000  1.000000e+000  -0.000000e+000
    outer loop
      vertex  0.000000e+000  7.500000e-001 -4.592425e-017
      vertex -5.468750e-002  7.500000e-001  6.315789e-001
      vertex  0.000000e+000  7.500000e-001  6.315789e-001
    endloop
  endfacet
endsolid CATIA STL
