solid CATIA STL
  facet normal -7.071068e-001  6.937027e-001  1.370277e-001
    outer loop
      vertex  7.812500e-003  7.368421e-002  6.447368e-002
      vertex  0.000000e+000  7.368421e-002  2.415868e-002
      vertex  7.812500e-003  0.000000e+000  4.375000e-001
    endloop
  endfacet
  facet normal -7.071068e-001  6.937028e-001  1.370277e-001
    outer loop
      vertex  7.812500e-003  0.000000e+000  4.375000e-001
      vertex  0.000000e+000  7.368421e-002  2.415868e-002
      vertex  0.000000e+000  1.562500e-002  3.180834e-001
    endloop
  endfacet
  facet normal -1.000000e+000  0.000000e+000  0.000000e+000
    outer loop
      vertex  0.000000e+000  1.562500e-002  7.812500e-003
      vertex  0.000000e+000  1.562500e-002  3.180834e-001
      vertex  0.000000e+000  7.368421e-002  7.812500e-003
    endloop
  endfacet
  facet normal -1.000000e+000  0.000000e+000  0.000000e+000
    outer loop
      vertex  0.000000e+000  7.368421e-002  7.812500e-003
      vertex  0.000000e+000  1.562500e-002  3.180834e-001
      vertex  0.000000e+000  7.368421e-002  2.415868e-002
    endloop
  endfacet
  facet normal  3.609485e-017 -1.000000e+000 -1.113315e-018
    outer loop
      vertex  7.812500e-003  0.000000e+000  4.375000e-001
      vertex  7.812500e-003  4.783777e-019  7.812500e-003
      vertex  7.500000e-001  2.678915e-017  4.375000e-001
    endloop
  endfacet
  facet normal  0.000000e+000 -1.000000e+000  6.123234e-017
    outer loop
      vertex  7.500000e-001  2.678915e-017  4.375000e-001
      vertex  7.812500e-003  4.783777e-019  7.812500e-003
      vertex  7.500000e-001  4.783777e-019  7.812500e-003
    endloop
  endfacet
  facet normal -9.951847e-001  -0.000000e+000 -9.801716e-002
    outer loop
      vertex  0.000000e+000  1.562500e-002  7.812500e-003
      vertex  0.000000e+000  7.368421e-002  7.812500e-003
      vertex  1.501150e-004  1.562500e-002  6.288357e-003
    endloop
  endfacet
  facet normal -9.951847e-001  0.000000e+000 -9.801716e-002
    outer loop
      vertex  1.501150e-004  1.562500e-002  6.288357e-003
      vertex  0.000000e+000  7.368421e-002  7.812500e-003
      vertex  1.501150e-004  7.368421e-002  6.288357e-003
    endloop
  endfacet
  facet normal -9.569403e-001  -0.000000e+000 -2.902846e-001
    outer loop
      vertex  1.501150e-004  1.562500e-002  6.288357e-003
      vertex  1.501150e-004  7.368421e-002  6.288357e-003
      vertex  5.946911e-004  1.562500e-002  4.822786e-003
    endloop
  endfacet
  facet normal -9.569403e-001  0.000000e+000 -2.902846e-001
    outer loop
      vertex  5.946911e-004  1.562500e-002  4.822786e-003
      vertex  1.501150e-004  7.368421e-002  6.288357e-003
      vertex  5.946911e-004  7.368421e-002  4.822786e-003
    endloop
  endfacet
  facet normal -8.819212e-001  -0.000000e+000 -4.713968e-001
    outer loop
      vertex  5.946911e-004  1.562500e-002  4.822786e-003
      vertex  5.946911e-004  7.368421e-002  4.822786e-003
      vertex  1.316644e-003  1.562500e-002  3.472107e-003
    endloop
  endfacet
  facet normal -8.819212e-001  0.000000e+000 -4.713968e-001
    outer loop
      vertex  1.316644e-003  1.562500e-002  3.472107e-003
      vertex  5.946911e-004  7.368421e-002  4.822786e-003
      vertex  1.316644e-003  7.368421e-002  3.472107e-003
    endloop
  endfacet
  facet normal -7.730104e-001  -0.000000e+000 -6.343934e-001
    outer loop
      vertex  1.316644e-003  1.562500e-002  3.472107e-003
      vertex  1.316644e-003  7.368421e-002  3.472107e-003
      vertex  2.288228e-003  1.562500e-002  2.288228e-003
    endloop
  endfacet
  facet normal -7.730104e-001  0.000000e+000 -6.343934e-001
    outer loop
      vertex  2.288228e-003  1.562500e-002  2.288228e-003
      vertex  1.316644e-003  7.368421e-002  3.472107e-003
      vertex  2.288228e-003  7.368421e-002  2.288228e-003
    endloop
  endfacet
  facet normal -6.343934e-001  -0.000000e+000 -7.730104e-001
    outer loop
      vertex  2.288228e-003  1.562500e-002  2.288228e-003
      vertex  2.288228e-003  7.368421e-002  2.288228e-003
      vertex  3.472107e-003  1.562500e-002  1.316644e-003
    endloop
  endfacet
  facet normal -6.343934e-001  0.000000e+000 -7.730104e-001
    outer loop
      vertex  3.472107e-003  1.562500e-002  1.316644e-003
      vertex  2.288228e-003  7.368421e-002  2.288228e-003
      vertex  3.472107e-003  7.368421e-002  1.316644e-003
    endloop
  endfacet
  facet normal -4.713968e-001  -0.000000e+000 -8.819212e-001
    outer loop
      vertex  3.472107e-003  1.562500e-002  1.316644e-003
      vertex  3.472107e-003  7.368421e-002  1.316644e-003
      vertex  4.822786e-003  1.562500e-002  5.946911e-004
    endloop
  endfacet
  facet normal -4.713968e-001  0.000000e+000 -8.819212e-001
    outer loop
      vertex  4.822786e-003  1.562500e-002  5.946911e-004
      vertex  3.472107e-003  7.368421e-002  1.316644e-003
      vertex  4.822786e-003  7.368421e-002  5.946911e-004
    endloop
  endfacet
  facet normal -2.902846e-001  -0.000000e+000 -9.569403e-001
    outer loop
      vertex  4.822786e-003  1.562500e-002  5.946911e-004
      vertex  4.822786e-003  7.368421e-002  5.946911e-004
      vertex  6.288357e-003  1.562500e-002  1.501150e-004
    endloop
  endfacet
  facet normal -2.902846e-001  0.000000e+000 -9.569403e-001
    outer loop
      vertex  6.288357e-003  1.562500e-002  1.501150e-004
      vertex  4.822786e-003  7.368421e-002  5.946911e-004
      vertex  6.288357e-003  7.368421e-002  1.501150e-004
    endloop
  endfacet
  facet normal -9.801716e-002  -0.000000e+000 -9.951847e-001
    outer loop
      vertex  6.288357e-003  1.562500e-002  1.501150e-004
      vertex  6.288357e-003  7.368421e-002  1.501150e-004
      vertex  7.812500e-003  1.562500e-002 -9.567554e-019
    endloop
  endfacet
  facet normal -9.801716e-002 -6.093750e-017 -9.951847e-001
    outer loop
      vertex  7.812500e-003  1.562500e-002 -9.567554e-019
      vertex  6.288357e-003  7.368421e-002  1.501150e-004
      vertex  7.812500e-003  7.368421e-002 -4.511857e-018
    endloop
  endfacet
  facet normal  0.000000e+000 -6.123234e-017 -1.000000e+000
    outer loop
      vertex  7.812500e-003  1.562500e-002 -9.567554e-019
      vertex  7.812500e-003  7.368421e-002 -4.511857e-018
      vertex  7.500000e-001  1.562500e-002 -9.567554e-019
    endloop
  endfacet
  facet normal  0.000000e+000 -6.123234e-017 -1.000000e+000
    outer loop
      vertex  7.500000e-001  1.562500e-002 -9.567554e-019
      vertex  7.812500e-003  7.368421e-002 -4.511857e-018
      vertex  7.500000e-001  7.368421e-002 -4.511857e-018
    endloop
  endfacet
  facet normal  1.000000e+000  0.000000e+000  0.000000e+000
    outer loop
      vertex  7.500000e-001  7.368421e-002  6.447368e-002
      vertex  7.500000e-001  2.678915e-017  4.375000e-001
      vertex  7.500000e-001  7.368421e-002 -4.511857e-018
    endloop
  endfacet
  facet normal  1.000000e+000  0.000000e+000  0.000000e+000
    outer loop
      vertex  7.500000e-001  7.368421e-002 -4.511857e-018
      vertex  7.500000e-001  2.678915e-017  4.375000e-001
      vertex  7.500000e-001  4.783777e-019  7.812500e-003
    endloop
  endfacet
  facet normal  1.000000e+000  0.000000e+000  0.000000e+000
    outer loop
      vertex  7.500000e-001  7.368421e-002 -4.511857e-018
      vertex  7.500000e-001  4.783777e-019  7.812500e-003
      vertex  7.500000e-001  1.562500e-002 -9.567554e-019
    endloop
  endfacet
  facet normal  0.000000e+000  9.810438e-001  1.937864e-001
    outer loop
      vertex  7.812500e-003  7.368421e-002  6.447368e-002
      vertex  7.812500e-003  0.000000e+000  4.375000e-001
      vertex  7.500000e-001  7.368421e-002  6.447368e-002
    endloop
  endfacet
  facet normal  0.000000e+000  9.810438e-001  1.937864e-001
    outer loop
      vertex  7.500000e-001  7.368421e-002  6.447368e-002
      vertex  7.812500e-003  0.000000e+000  4.375000e-001
      vertex  7.500000e-001  2.678915e-017  4.375000e-001
    endloop
  endfacet
  facet normal -8.944271e-001 -4.472136e-001  0.000000e+000
    outer loop
      vertex  7.812500e-003  0.000000e+000  4.375000e-001
      vertex  0.000000e+000  1.562500e-002  3.180834e-001
      vertex  7.812500e-003  4.783777e-019  7.812500e-003
    endloop
  endfacet
  facet normal -8.944272e-001 -4.472136e-001  0.000000e+000
    outer loop
      vertex  7.812500e-003  4.783777e-019  7.812500e-003
      vertex  0.000000e+000  1.562500e-002  3.180834e-001
      vertex  0.000000e+000  1.562500e-002  7.812500e-003
    endloop
  endfacet
  facet normal  0.000000e+000 -4.472136e-001 -8.944272e-001
    outer loop
      vertex  7.500000e-001  4.783777e-019  7.812500e-003
      vertex  7.812500e-003  4.783777e-019  7.812500e-003
      vertex  7.500000e-001  1.562500e-002 -9.567554e-019
    endloop
  endfacet
  facet normal  -0.000000e+000 -4.472136e-001 -8.944272e-001
    outer loop
      vertex  7.500000e-001  1.562500e-002 -9.567554e-019
      vertex  7.812500e-003  4.783777e-019  7.812500e-003
      vertex  7.812500e-003  1.562500e-002 -9.567554e-019
    endloop
  endfacet
  facet normal -8.909767e-001 -4.454884e-001 -8.775356e-002
    outer loop
      vertex  7.812500e-003  4.783777e-019  7.812500e-003
      vertex  0.000000e+000  1.562500e-002  7.812500e-003
      vertex  1.501150e-004  1.562500e-002  6.288357e-003
    endloop
  endfacet
  facet normal -8.567370e-001 -4.454883e-001 -2.598882e-001
    outer loop
      vertex  7.812500e-003  4.783777e-019  7.812500e-003
      vertex  1.501150e-004  1.562500e-002  6.288357e-003
      vertex  5.946911e-004  1.562500e-002  4.822786e-003
    endloop
  endfacet
  facet normal -7.895733e-001 -4.454883e-001 -4.220358e-001
    outer loop
      vertex  7.812500e-003  4.783777e-019  7.812500e-003
      vertex  5.946911e-004  1.562500e-002  4.822786e-003
      vertex  1.316644e-003  1.562500e-002  3.472107e-003
    endloop
  endfacet
  facet normal -6.920667e-001 -4.454883e-001 -5.679646e-001
    outer loop
      vertex  7.812500e-003  4.783777e-019  7.812500e-003
      vertex  1.316644e-003  1.562500e-002  3.472107e-003
      vertex  2.288228e-003  1.562500e-002  2.288228e-003
    endloop
  endfacet
  facet normal -5.679646e-001 -4.454883e-001 -6.920667e-001
    outer loop
      vertex  7.812500e-003  4.783777e-019  7.812500e-003
      vertex  2.288228e-003  1.562500e-002  2.288228e-003
      vertex  3.472107e-003  1.562500e-002  1.316644e-003
    endloop
  endfacet
  facet normal -4.220358e-001 -4.454883e-001 -7.895733e-001
    outer loop
      vertex  7.812500e-003  4.783777e-019  7.812500e-003
      vertex  3.472107e-003  1.562500e-002  1.316644e-003
      vertex  4.822786e-003  1.562500e-002  5.946911e-004
    endloop
  endfacet
  facet normal -2.598882e-001 -4.454883e-001 -8.567370e-001
    outer loop
      vertex  7.812500e-003  4.783777e-019  7.812500e-003
      vertex  4.822786e-003  1.562500e-002  5.946911e-004
      vertex  6.288357e-003  1.562500e-002  1.501150e-004
    endloop
  endfacet
  facet normal -8.775356e-002 -4.454884e-001 -8.909767e-001
    outer loop
      vertex  7.812500e-003  4.783777e-019  7.812500e-003
      vertex  6.288357e-003  1.562500e-002  1.501150e-004
      vertex  7.812500e-003  1.562500e-002 -9.567554e-019
    endloop
  endfacet
  facet normal  0.000000e+000  1.000000e+000  0.000000e+000
    outer loop
      vertex  7.812500e-003  7.368421e-002  6.447368e-002
      vertex  7.500000e-001  7.368421e-002  6.447368e-002
      vertex  7.500000e-001  7.368421e-002 -4.511857e-018
    endloop
  endfacet
  facet normal  0.000000e+000  1.000000e+000  0.000000e+000
    outer loop
      vertex  7.812500e-003  7.368421e-002  6.447368e-002
      vertex  7.500000e-001  7.368421e-002 -4.511857e-018
      vertex  7.812500e-003  7.368421e-002 -4.511857e-018
    endloop
  endfacet
  facet normal  0.000000e+000  1.000000e+000  -0.000000e+000
    outer loop
      vertex  7.812500e-003  7.368421e-002  6.447368e-002
      vertex  7.812500e-003  7.368421e-002 -4.511857e-018
      vertex  6.288357e-003  7.368421e-002  1.501150e-004
    endloop
  endfacet
  facet normal  0.000000e+000  1.000000e+000  -0.000000e+000
    outer loop
      vertex  7.812500e-003  7.368421e-002  6.447368e-002
      vertex  6.288357e-003  7.368421e-002  1.501150e-004
      vertex  4.822786e-003  7.368421e-002  5.946911e-004
    endloop
  endfacet
  facet normal  0.000000e+000  1.000000e+000  -0.000000e+000
    outer loop
      vertex  7.812500e-003  7.368421e-002  6.447368e-002
      vertex  4.822786e-003  7.368421e-002  5.946911e-004
      vertex  3.472107e-003  7.368421e-002  1.316644e-003
    endloop
  endfacet
  facet normal  0.000000e+000  1.000000e+000  -0.000000e+000
    outer loop
      vertex  7.812500e-003  7.368421e-002  6.447368e-002
      vertex  3.472107e-003  7.368421e-002  1.316644e-003
      vertex  2.288228e-003  7.368421e-002  2.288228e-003
    endloop
  endfacet
  facet normal  0.000000e+000  1.000000e+000  -0.000000e+000
    outer loop
      vertex  7.812500e-003  7.368421e-002  6.447368e-002
      vertex  2.288228e-003  7.368421e-002  2.288228e-003
      vertex  1.316644e-003  7.368421e-002  3.472107e-003
    endloop
  endfacet
  facet normal  0.000000e+000  1.000000e+000  -0.000000e+000
    outer loop
      vertex  7.812500e-003  7.368421e-002  6.447368e-002
      vertex  1.316644e-003  7.368421e-002  3.472107e-003
      vertex  5.946911e-004  7.368421e-002  4.822786e-003
    endloop
  endfacet
  facet normal  0.000000e+000  1.000000e+000  -0.000000e+000
    outer loop
      vertex  7.812500e-003  7.368421e-002  6.447368e-002
      vertex  5.946911e-004  7.368421e-002  4.822786e-003
      vertex  1.501150e-004  7.368421e-002  6.288357e-003
    endloop
  endfacet
  facet normal  0.000000e+000  9.999999e-001  -0.000000e+000
    outer loop
      vertex  7.812500e-003  7.368421e-002  6.447368e-002
      vertex  1.501150e-004  7.368421e-002  6.288357e-003
      vertex  0.000000e+000  7.368421e-002  7.812500e-003
    endloop
  endfacet
  facet normal  0.000000e+000  1.000000e+000  0.000000e+000
    outer loop
      vertex  7.812500e-003  7.368421e-002  6.447368e-002
      vertex  0.000000e+000  7.368421e-002  7.812500e-003
      vertex  0.000000e+000  7.368421e-002  2.415868e-002
    endloop
  endfacet
endsolid CATIA STL
