solid CATIA STL
  facet normal  -0.000000e+000  0.000000e+000  1.000000e+000
    outer loop
      vertex  1.015625e-001  1.171875e-001  3.203125e-001
      vertex  1.015625e-001 -9.375000e-002  3.203125e-001
      vertex  2.734375e-001 -2.656250e-001  3.203125e-001
    endloop
  endfacet
  facet normal  0.000000e+000  -0.000000e+000  1.000000e+000
    outer loop
      vertex  1.015625e-001  1.171875e-001  3.203125e-001
      vertex  2.734375e-001 -2.656250e-001  3.203125e-001
      vertex  2.734375e-001  1.484375e-001  3.203125e-001
    endloop
  endfacet
  facet normal  0.000000e+000  0.000000e+000  1.000000e+000
    outer loop
      vertex  1.015625e-001  1.171875e-001  3.203125e-001
      vertex  2.734375e-001  1.484375e-001  3.203125e-001
      vertex  2.710357e-001  1.728238e-001  3.203125e-001
    endloop
  endfacet
  facet normal  0.000000e+000  0.000000e+000  1.000000e+000
    outer loop
      vertex  1.015625e-001  1.171875e-001  3.203125e-001
      vertex  2.710357e-001  1.728238e-001  3.203125e-001
      vertex  2.639225e-001  1.962729e-001  3.203125e-001
    endloop
  endfacet
  facet normal  0.000000e+000  0.000000e+000  1.000000e+000
    outer loop
      vertex  1.015625e-001  1.171875e-001  3.203125e-001
      vertex  2.639225e-001  1.962729e-001  3.203125e-001
      vertex  2.523712e-001  2.178838e-001  3.203125e-001
    endloop
  endfacet
  facet normal  0.000000e+000  0.000000e+000  9.999999e-001
    outer loop
      vertex  1.015625e-001  1.171875e-001  3.203125e-001
      vertex  2.523712e-001  2.178838e-001  3.203125e-001
      vertex  2.368259e-001  2.368259e-001  3.203125e-001
    endloop
  endfacet
  facet normal  0.000000e+000  0.000000e+000  1.000000e+000
    outer loop
      vertex  1.015625e-001  1.171875e-001  3.203125e-001
      vertex  2.368259e-001  2.368259e-001  3.203125e-001
      vertex  2.178838e-001  2.523712e-001  3.203125e-001
    endloop
  endfacet
  facet normal  0.000000e+000  0.000000e+000  1.000000e+000
    outer loop
      vertex  1.015625e-001  1.171875e-001  3.203125e-001
      vertex  2.178838e-001  2.523712e-001  3.203125e-001
      vertex  1.962729e-001  2.639225e-001  3.203125e-001
    endloop
  endfacet
  facet normal  0.000000e+000  0.000000e+000  1.000000e+000
    outer loop
      vertex  1.015625e-001  1.171875e-001  3.203125e-001
      vertex  1.962729e-001  2.639225e-001  3.203125e-001
      vertex  1.728238e-001  2.710357e-001  3.203125e-001
    endloop
  endfacet
  facet normal  0.000000e+000  0.000000e+000  1.000000e+000
    outer loop
      vertex  1.015625e-001  1.171875e-001  3.203125e-001
      vertex  1.728238e-001  2.710357e-001  3.203125e-001
      vertex  1.484375e-001  2.734375e-001  3.203125e-001
    endloop
  endfacet
  facet normal  0.000000e+000  0.000000e+000  1.000000e+000
    outer loop
      vertex  1.015625e-001  1.171875e-001  3.203125e-001
      vertex  1.484375e-001  2.734375e-001  3.203125e-001
      vertex -2.656250e-001  2.734375e-001  3.203125e-001
    endloop
  endfacet
  facet normal  0.000000e+000  0.000000e+000  1.000000e+000
    outer loop
      vertex  1.015625e-001  1.171875e-001  3.203125e-001
      vertex -2.656250e-001  2.734375e-001  3.203125e-001
      vertex -1.093750e-001  1.171875e-001  3.203125e-001
    endloop
  endfacet
  facet normal  0.000000e+000  0.000000e+000  1.000000e+000
    outer loop
      vertex  2.734375e-001 -2.656250e-001  3.203125e-001
      vertex  1.015625e-001 -9.375000e-002  3.203125e-001
      vertex -2.656250e-001 -2.656250e-001  3.203125e-001
    endloop
  endfacet
  facet normal  0.000000e+000  0.000000e+000  1.000000e+000
    outer loop
      vertex -2.656250e-001 -2.656250e-001  3.203125e-001
      vertex  1.015625e-001 -9.375000e-002  3.203125e-001
      vertex -1.093750e-001 -9.375000e-002  3.203125e-001
    endloop
  endfacet
  facet normal  0.000000e+000  0.000000e+000  1.000000e+000
    outer loop
      vertex -2.656250e-001 -2.656250e-001  3.203125e-001
      vertex -1.093750e-001 -9.375000e-002  3.203125e-001
      vertex -2.656250e-001  2.734375e-001  3.203125e-001
    endloop
  endfacet
  facet normal  0.000000e+000  0.000000e+000  1.000000e+000
    outer loop
      vertex -2.656250e-001  2.734375e-001  3.203125e-001
      vertex -1.093750e-001 -9.375000e-002  3.203125e-001
      vertex -1.093750e-001  1.171875e-001  3.203125e-001
    endloop
  endfacet
  facet normal -9.999999e-001  0.000000e+000  0.000000e+000
    outer loop
      vertex -1.093750e-001  1.171875e-001  3.203125e-001
      vertex -1.093750e-001 -9.375000e-002  3.203125e-001
      vertex -1.093750e-001  1.171875e-001  7.500000e-001
    endloop
  endfacet
  facet normal -9.999999e-001  -0.000000e+000  0.000000e+000
    outer loop
      vertex -1.093750e-001  1.171875e-001  7.500000e-001
      vertex -1.093750e-001 -9.375000e-002  3.203125e-001
      vertex -1.093750e-001 -9.375000e-002  7.500000e-001
    endloop
  endfacet
  facet normal  0.000000e+000  9.999999e-001  0.000000e+000
    outer loop
      vertex  1.015625e-001  1.171875e-001  3.203125e-001
      vertex -1.093750e-001  1.171875e-001  3.203125e-001
      vertex  1.015625e-001  1.171875e-001  7.500000e-001
    endloop
  endfacet
  facet normal  0.000000e+000  9.999999e-001  0.000000e+000
    outer loop
      vertex  1.015625e-001  1.171875e-001  7.500000e-001
      vertex -1.093750e-001  1.171875e-001  3.203125e-001
      vertex -1.093750e-001  1.171875e-001  7.500000e-001
    endloop
  endfacet
  facet normal  9.999999e-001  0.000000e+000  0.000000e+000
    outer loop
      vertex  1.015625e-001 -9.375000e-002  3.203125e-001
      vertex  1.015625e-001  1.171875e-001  3.203125e-001
      vertex  1.015625e-001 -9.375000e-002  7.500000e-001
    endloop
  endfacet
  facet normal  9.999999e-001  -0.000000e+000  0.000000e+000
    outer loop
      vertex  1.015625e-001 -9.375000e-002  7.500000e-001
      vertex  1.015625e-001  1.171875e-001  3.203125e-001
      vertex  1.015625e-001  1.171875e-001  7.500000e-001
    endloop
  endfacet
  facet normal  0.000000e+000 -9.999999e-001  0.000000e+000
    outer loop
      vertex -1.093750e-001 -9.375000e-002  3.203125e-001
      vertex  1.015625e-001 -9.375000e-002  3.203125e-001
      vertex -1.093750e-001 -9.375000e-002  7.500000e-001
    endloop
  endfacet
  facet normal  0.000000e+000 -9.999999e-001  0.000000e+000
    outer loop
      vertex -1.093750e-001 -9.375000e-002  7.500000e-001
      vertex  1.015625e-001 -9.375000e-002  3.203125e-001
      vertex  1.015625e-001 -9.375000e-002  7.500000e-001
    endloop
  endfacet
  facet normal  0.000000e+000  0.000000e+000  1.000000e+000
    outer loop
      vertex -1.093750e-001 -9.375000e-002  7.500000e-001
      vertex  1.015625e-001 -9.375000e-002  7.500000e-001
      vertex -1.093750e-001  1.171875e-001  7.500000e-001
    endloop
  endfacet
  facet normal  -0.000000e+000  0.000000e+000  1.000000e+000
    outer loop
      vertex -1.093750e-001  1.171875e-001  7.500000e-001
      vertex  1.015625e-001 -9.375000e-002  7.500000e-001
      vertex  1.015625e-001  1.171875e-001  7.500000e-001
    endloop
  endfacet
  facet normal  -0.000000e+000  -0.000000e+000 -1.000000e+000
    outer loop
      vertex -2.656250e-001  2.734375e-001  0.000000e+000
      vertex  1.484375e-001  2.734375e-001  0.000000e+000
      vertex  1.728238e-001  2.710357e-001  0.000000e+000
    endloop
  endfacet
  facet normal  -0.000000e+000  -0.000000e+000 -1.000000e+000
    outer loop
      vertex -2.656250e-001  2.734375e-001  0.000000e+000
      vertex  1.728238e-001  2.710357e-001  0.000000e+000
      vertex  1.962729e-001  2.639225e-001  0.000000e+000
    endloop
  endfacet
  facet normal  -0.000000e+000  -0.000000e+000 -1.000000e+000
    outer loop
      vertex -2.656250e-001  2.734375e-001  0.000000e+000
      vertex  1.962729e-001  2.639225e-001  0.000000e+000
      vertex  2.178838e-001  2.523712e-001  0.000000e+000
    endloop
  endfacet
  facet normal  -0.000000e+000  -0.000000e+000 -1.000000e+000
    outer loop
      vertex -2.656250e-001  2.734375e-001  0.000000e+000
      vertex  2.178838e-001  2.523712e-001  0.000000e+000
      vertex  2.368259e-001  2.368259e-001  0.000000e+000
    endloop
  endfacet
  facet normal  -0.000000e+000  -0.000000e+000 -1.000000e+000
    outer loop
      vertex -2.656250e-001  2.734375e-001  0.000000e+000
      vertex  2.368259e-001  2.368259e-001  0.000000e+000
      vertex  2.523712e-001  2.178838e-001  0.000000e+000
    endloop
  endfacet
  facet normal  -0.000000e+000  -0.000000e+000 -1.000000e+000
    outer loop
      vertex -2.656250e-001  2.734375e-001  0.000000e+000
      vertex  2.523712e-001  2.178838e-001  0.000000e+000
      vertex  2.639225e-001  1.962729e-001  0.000000e+000
    endloop
  endfacet
  facet normal  -0.000000e+000  -0.000000e+000 -1.000000e+000
    outer loop
      vertex -2.656250e-001  2.734375e-001  0.000000e+000
      vertex  2.639225e-001  1.962729e-001  0.000000e+000
      vertex  2.710357e-001  1.728238e-001  0.000000e+000
    endloop
  endfacet
  facet normal  -0.000000e+000  -0.000000e+000 -1.000000e+000
    outer loop
      vertex -2.656250e-001  2.734375e-001  0.000000e+000
      vertex  2.710357e-001  1.728238e-001  0.000000e+000
      vertex  2.734375e-001  1.484375e-001  0.000000e+000
    endloop
  endfacet
  facet normal  -0.000000e+000  -0.000000e+000 -1.000000e+000
    outer loop
      vertex -2.656250e-001  2.734375e-001  0.000000e+000
      vertex  2.734375e-001  1.484375e-001  0.000000e+000
      vertex  2.734375e-001 -2.656250e-001  0.000000e+000
    endloop
  endfacet
  facet normal  0.000000e+000  0.000000e+000 -1.000000e+000
    outer loop
      vertex -2.656250e-001  2.734375e-001  0.000000e+000
      vertex  2.734375e-001 -2.656250e-001  0.000000e+000
      vertex -2.656250e-001 -2.656250e-001  0.000000e+000
    endloop
  endfacet
  facet normal  0.000000e+000  1.000000e+000  -0.000000e+000
    outer loop
      vertex  1.484375e-001  2.734375e-001  3.203125e-001
      vertex  1.484375e-001  2.734375e-001  0.000000e+000
      vertex -2.656250e-001  2.734375e-001  3.203125e-001
    endloop
  endfacet
  facet normal  0.000000e+000  1.000000e+000  0.000000e+000
    outer loop
      vertex -2.656250e-001  2.734375e-001  3.203125e-001
      vertex  1.484375e-001  2.734375e-001  0.000000e+000
      vertex -2.656250e-001  2.734375e-001  0.000000e+000
    endloop
  endfacet
  facet normal  1.000000e+000  0.000000e+000  0.000000e+000
    outer loop
      vertex  2.734375e-001 -2.656250e-001  3.203125e-001
      vertex  2.734375e-001 -2.656250e-001  0.000000e+000
      vertex  2.734375e-001  1.484375e-001  3.203125e-001
    endloop
  endfacet
  facet normal  1.000000e+000  0.000000e+000  0.000000e+000
    outer loop
      vertex  2.734375e-001  1.484375e-001  3.203125e-001
      vertex  2.734375e-001 -2.656250e-001  0.000000e+000
      vertex  2.734375e-001  1.484375e-001  0.000000e+000
    endloop
  endfacet
  facet normal  9.801670e-002  9.951848e-001  0.000000e+000
    outer loop
      vertex  1.484375e-001  2.734375e-001  0.000000e+000
      vertex  1.484375e-001  2.734375e-001  3.203125e-001
      vertex  1.728238e-001  2.710357e-001  0.000000e+000
    endloop
  endfacet
  facet normal  9.801670e-002  9.951848e-001  -0.000000e+000
    outer loop
      vertex  1.728238e-001  2.710357e-001  0.000000e+000
      vertex  1.484375e-001  2.734375e-001  3.203125e-001
      vertex  1.728238e-001  2.710357e-001  3.203125e-001
    endloop
  endfacet
  facet normal  2.902847e-001  9.569404e-001  0.000000e+000
    outer loop
      vertex  1.728238e-001  2.710357e-001  0.000000e+000
      vertex  1.728238e-001  2.710357e-001  3.203125e-001
      vertex  1.962729e-001  2.639225e-001  0.000000e+000
    endloop
  endfacet
  facet normal  2.902847e-001  9.569404e-001  -0.000000e+000
    outer loop
      vertex  1.962729e-001  2.639225e-001  0.000000e+000
      vertex  1.728238e-001  2.710357e-001  3.203125e-001
      vertex  1.962729e-001  2.639225e-001  3.203125e-001
    endloop
  endfacet
  facet normal  4.713973e-001  8.819209e-001  0.000000e+000
    outer loop
      vertex  1.962729e-001  2.639225e-001  0.000000e+000
      vertex  1.962729e-001  2.639225e-001  3.203125e-001
      vertex  2.178838e-001  2.523712e-001  0.000000e+000
    endloop
  endfacet
  facet normal  4.713973e-001  8.819209e-001  -0.000000e+000
    outer loop
      vertex  2.178838e-001  2.523712e-001  0.000000e+000
      vertex  1.962729e-001  2.639225e-001  3.203125e-001
      vertex  2.178838e-001  2.523712e-001  3.203125e-001
    endloop
  endfacet
  facet normal  6.343929e-001  7.730108e-001  0.000000e+000
    outer loop
      vertex  2.178838e-001  2.523712e-001  0.000000e+000
      vertex  2.178838e-001  2.523712e-001  3.203125e-001
      vertex  2.368259e-001  2.368259e-001  0.000000e+000
    endloop
  endfacet
  facet normal  6.343929e-001  7.730108e-001  -0.000000e+000
    outer loop
      vertex  2.368259e-001  2.368259e-001  0.000000e+000
      vertex  2.178838e-001  2.523712e-001  3.203125e-001
      vertex  2.368259e-001  2.368259e-001  3.203125e-001
    endloop
  endfacet
  facet normal  7.730108e-001  6.343929e-001  0.000000e+000
    outer loop
      vertex  2.368259e-001  2.368259e-001  0.000000e+000
      vertex  2.368259e-001  2.368259e-001  3.203125e-001
      vertex  2.523712e-001  2.178838e-001  0.000000e+000
    endloop
  endfacet
  facet normal  7.730108e-001  6.343929e-001  -0.000000e+000
    outer loop
      vertex  2.523712e-001  2.178838e-001  0.000000e+000
      vertex  2.368259e-001  2.368259e-001  3.203125e-001
      vertex  2.523712e-001  2.178838e-001  3.203125e-001
    endloop
  endfacet
  facet normal  8.819209e-001  4.713973e-001  0.000000e+000
    outer loop
      vertex  2.523712e-001  2.178838e-001  0.000000e+000
      vertex  2.523712e-001  2.178838e-001  3.203125e-001
      vertex  2.639225e-001  1.962729e-001  0.000000e+000
    endloop
  endfacet
  facet normal  8.819209e-001  4.713973e-001  -0.000000e+000
    outer loop
      vertex  2.639225e-001  1.962729e-001  0.000000e+000
      vertex  2.523712e-001  2.178838e-001  3.203125e-001
      vertex  2.639225e-001  1.962729e-001  3.203125e-001
    endloop
  endfacet
  facet normal  9.569404e-001  2.902847e-001  0.000000e+000
    outer loop
      vertex  2.639225e-001  1.962729e-001  0.000000e+000
      vertex  2.639225e-001  1.962729e-001  3.203125e-001
      vertex  2.710357e-001  1.728238e-001  0.000000e+000
    endloop
  endfacet
  facet normal  9.569404e-001  2.902847e-001  -0.000000e+000
    outer loop
      vertex  2.710357e-001  1.728238e-001  0.000000e+000
      vertex  2.639225e-001  1.962729e-001  3.203125e-001
      vertex  2.710357e-001  1.728238e-001  3.203125e-001
    endloop
  endfacet
  facet normal  9.951848e-001  9.801670e-002  0.000000e+000
    outer loop
      vertex  2.710357e-001  1.728238e-001  0.000000e+000
      vertex  2.710357e-001  1.728238e-001  3.203125e-001
      vertex  2.734375e-001  1.484375e-001  0.000000e+000
    endloop
  endfacet
  facet normal  9.951848e-001  9.801670e-002  -0.000000e+000
    outer loop
      vertex  2.734375e-001  1.484375e-001  0.000000e+000
      vertex  2.710357e-001  1.728238e-001  3.203125e-001
      vertex  2.734375e-001  1.484375e-001  3.203125e-001
    endloop
  endfacet
  facet normal -1.000000e+000  0.000000e+000  0.000000e+000
    outer loop
      vertex -2.656250e-001  2.734375e-001  3.203125e-001
      vertex -2.656250e-001  2.734375e-001  0.000000e+000
      vertex -2.656250e-001 -2.656250e-001  3.203125e-001
    endloop
  endfacet
  facet normal -1.000000e+000  0.000000e+000  0.000000e+000
    outer loop
      vertex -2.656250e-001 -2.656250e-001  3.203125e-001
      vertex -2.656250e-001  2.734375e-001  0.000000e+000
      vertex -2.656250e-001 -2.656250e-001  0.000000e+000
    endloop
  endfacet
  facet normal  0.000000e+000 -1.000000e+000  0.000000e+000
    outer loop
      vertex -2.656250e-001 -2.656250e-001  3.203125e-001
      vertex -2.656250e-001 -2.656250e-001  0.000000e+000
      vertex  2.734375e-001 -2.656250e-001  3.203125e-001
    endloop
  endfacet
  facet normal  0.000000e+000 -1.000000e+000  -0.000000e+000
    outer loop
      vertex  2.734375e-001 -2.656250e-001  3.203125e-001
      vertex -2.656250e-001 -2.656250e-001  0.000000e+000
      vertex  2.734375e-001 -2.656250e-001  0.000000e+000
    endloop
  endfacet
endsolid CATIA STL
