solid CATIA STL
  facet normal  1.000000e+000  0.000000e+000  -0.000000e+000
    outer loop
      vertex  7.500000e-001  8.881579e-002  6.217105e-002
      vertex  7.500000e-001  3.330592e-001  6.217105e-002
      vertex  7.500000e-001  4.218750e-001  1.509868e-001
    endloop
  endfacet
  facet normal  1.000000e+000  0.000000e+000  0.000000e+000
    outer loop
      vertex  7.500000e-001  8.881579e-002  6.217105e-002
      vertex  7.500000e-001  4.218750e-001  1.509868e-001
      vertex  7.500000e-001  3.330592e-001  1.509868e-001
    endloop
  endfacet
  facet normal  1.000000e+000  0.000000e+000  0.000000e+000
    outer loop
      vertex  7.500000e-001  8.881579e-002  6.217105e-002
      vertex  7.500000e-001  3.330592e-001  1.509868e-001
      vertex  7.500000e-001  8.881579e-002  1.509868e-001
    endloop
  endfacet
  facet normal  1.000000e+000  0.000000e+000  0.000000e+000
    outer loop
      vertex  7.500000e-001  8.881579e-002  6.217105e-002
      vertex  7.500000e-001  8.881579e-002  1.509868e-001
      vertex  7.500000e-001  9.245278e-018  1.509868e-001
    endloop
  endfacet
  facet normal  1.000000e+000  0.000000e+000  0.000000e+000
    outer loop
      vertex  7.500000e-001  8.881579e-002  6.217105e-002
      vertex  7.500000e-001  9.245278e-018  1.509868e-001
      vertex  7.500000e-001  4.783777e-019  7.812500e-003
    endloop
  endfacet
  facet normal  1.000000e+000  -0.000000e+000  0.000000e+000
    outer loop
      vertex  7.500000e-001  8.881579e-002  6.217105e-002
      vertex  7.500000e-001  4.783777e-019  7.812500e-003
      vertex  7.500000e-001  1.501150e-004  6.288357e-003
    endloop
  endfacet
  facet normal  1.000000e+000  -0.000000e+000  0.000000e+000
    outer loop
      vertex  7.500000e-001  8.881579e-002  6.217105e-002
      vertex  7.500000e-001  1.501150e-004  6.288357e-003
      vertex  7.500000e-001  5.946911e-004  4.822786e-003
    endloop
  endfacet
  facet normal  1.000000e+000  -0.000000e+000  0.000000e+000
    outer loop
      vertex  7.500000e-001  8.881579e-002  6.217105e-002
      vertex  7.500000e-001  5.946911e-004  4.822786e-003
      vertex  7.500000e-001  1.316644e-003  3.472107e-003
    endloop
  endfacet
  facet normal  1.000000e+000  -0.000000e+000  0.000000e+000
    outer loop
      vertex  7.500000e-001  8.881579e-002  6.217105e-002
      vertex  7.500000e-001  1.316644e-003  3.472107e-003
      vertex  7.500000e-001  2.288228e-003  2.288228e-003
    endloop
  endfacet
  facet normal  1.000000e+000  -0.000000e+000  0.000000e+000
    outer loop
      vertex  7.500000e-001  8.881579e-002  6.217105e-002
      vertex  7.500000e-001  2.288228e-003  2.288228e-003
      vertex  7.500000e-001  3.472107e-003  1.316644e-003
    endloop
  endfacet
  facet normal  1.000000e+000  -0.000000e+000  0.000000e+000
    outer loop
      vertex  7.500000e-001  8.881579e-002  6.217105e-002
      vertex  7.500000e-001  3.472107e-003  1.316644e-003
      vertex  7.500000e-001  4.822786e-003  5.946911e-004
    endloop
  endfacet
  facet normal  1.000000e+000  -0.000000e+000  0.000000e+000
    outer loop
      vertex  7.500000e-001  8.881579e-002  6.217105e-002
      vertex  7.500000e-001  4.822786e-003  5.946911e-004
      vertex  7.500000e-001  6.288357e-003  1.501150e-004
    endloop
  endfacet
  facet normal  1.000000e+000  -0.000000e+000  0.000000e+000
    outer loop
      vertex  7.500000e-001  8.881579e-002  6.217105e-002
      vertex  7.500000e-001  6.288357e-003  1.501150e-004
      vertex  7.500000e-001  7.812500e-003 -4.783777e-019
    endloop
  endfacet
  facet normal  1.000000e+000  -0.000000e+000  0.000000e+000
    outer loop
      vertex  7.500000e-001  8.881579e-002  6.217105e-002
      vertex  7.500000e-001  7.812500e-003 -4.783777e-019
      vertex  7.500000e-001  8.881579e-002 -5.438399e-018
    endloop
  endfacet
  facet normal  9.999999e-001  0.000000e+000  0.000000e+000
    outer loop
      vertex  7.500000e-001  8.881579e-002  1.509868e-001
      vertex  7.500000e-001  3.330592e-001  1.509868e-001
      vertex  7.500000e-001  8.881579e-002  2.131579e-001
    endloop
  endfacet
  facet normal  9.999999e-001  -0.000000e+000  0.000000e+000
    outer loop
      vertex  7.500000e-001  8.881579e-002  2.131579e-001
      vertex  7.500000e-001  3.330592e-001  1.509868e-001
      vertex  7.500000e-001  3.330592e-001  2.131579e-001
    endloop
  endfacet
  facet normal  1.000000e+000  0.000000e+000  0.000000e+000
    outer loop
      vertex  7.500000e-001  3.330592e-001 -2.039399e-017
      vertex  7.500000e-001  4.218750e-001 -2.583239e-017
      vertex  7.500000e-001  3.330592e-001  6.217105e-002
    endloop
  endfacet
  facet normal  1.000000e+000  -0.000000e+000  0.000000e+000
    outer loop
      vertex  7.500000e-001  3.330592e-001  6.217105e-002
      vertex  7.500000e-001  4.218750e-001 -2.583239e-017
      vertex  7.500000e-001  4.218750e-001  1.509868e-001
    endloop
  endfacet
  facet normal -1.000000e+000  0.000000e+000  0.000000e+000
    outer loop
      vertex  0.000000e+000  8.881579e-002  6.217105e-002
      vertex  0.000000e+000  8.881579e-002 -5.438399e-018
      vertex  0.000000e+000  7.812500e-003 -4.783777e-019
    endloop
  endfacet
  facet normal -1.000000e+000  0.000000e+000  0.000000e+000
    outer loop
      vertex  0.000000e+000  8.881579e-002  6.217105e-002
      vertex  0.000000e+000  7.812500e-003 -4.783777e-019
      vertex  0.000000e+000  6.288357e-003  1.501150e-004
    endloop
  endfacet
  facet normal -1.000000e+000  0.000000e+000  0.000000e+000
    outer loop
      vertex  0.000000e+000  8.881579e-002  6.217105e-002
      vertex  0.000000e+000  6.288357e-003  1.501150e-004
      vertex  0.000000e+000  4.822786e-003  5.946911e-004
    endloop
  endfacet
  facet normal -1.000000e+000  0.000000e+000  0.000000e+000
    outer loop
      vertex  0.000000e+000  8.881579e-002  6.217105e-002
      vertex  0.000000e+000  4.822786e-003  5.946911e-004
      vertex  0.000000e+000  3.472107e-003  1.316644e-003
    endloop
  endfacet
  facet normal -1.000000e+000  0.000000e+000  0.000000e+000
    outer loop
      vertex  0.000000e+000  8.881579e-002  6.217105e-002
      vertex  0.000000e+000  3.472107e-003  1.316644e-003
      vertex  0.000000e+000  2.288228e-003  2.288228e-003
    endloop
  endfacet
  facet normal -1.000000e+000  0.000000e+000  0.000000e+000
    outer loop
      vertex  0.000000e+000  8.881579e-002  6.217105e-002
      vertex  0.000000e+000  2.288228e-003  2.288228e-003
      vertex  0.000000e+000  1.316644e-003  3.472107e-003
    endloop
  endfacet
  facet normal -1.000000e+000  0.000000e+000  0.000000e+000
    outer loop
      vertex  0.000000e+000  8.881579e-002  6.217105e-002
      vertex  0.000000e+000  1.316644e-003  3.472107e-003
      vertex  0.000000e+000  5.946911e-004  4.822786e-003
    endloop
  endfacet
  facet normal -1.000000e+000  0.000000e+000  0.000000e+000
    outer loop
      vertex  0.000000e+000  8.881579e-002  6.217105e-002
      vertex  0.000000e+000  5.946911e-004  4.822786e-003
      vertex  0.000000e+000  1.501150e-004  6.288357e-003
    endloop
  endfacet
  facet normal -1.000000e+000  0.000000e+000  0.000000e+000
    outer loop
      vertex  0.000000e+000  8.881579e-002  6.217105e-002
      vertex  0.000000e+000  1.501150e-004  6.288357e-003
      vertex  0.000000e+000  4.783777e-019  7.812500e-003
    endloop
  endfacet
  facet normal -1.000000e+000  0.000000e+000  0.000000e+000
    outer loop
      vertex  0.000000e+000  8.881579e-002  6.217105e-002
      vertex  0.000000e+000  4.783777e-019  7.812500e-003
      vertex  0.000000e+000  9.245278e-018  1.509868e-001
    endloop
  endfacet
  facet normal -1.000000e+000  0.000000e+000  0.000000e+000
    outer loop
      vertex  0.000000e+000  8.881579e-002  6.217105e-002
      vertex  0.000000e+000  9.245278e-018  1.509868e-001
      vertex  0.000000e+000  8.881579e-002  1.509868e-001
    endloop
  endfacet
  facet normal -1.000000e+000  0.000000e+000  0.000000e+000
    outer loop
      vertex  0.000000e+000  8.881579e-002  6.217105e-002
      vertex  0.000000e+000  8.881579e-002  1.509868e-001
      vertex  0.000000e+000  3.330592e-001  1.509868e-001
    endloop
  endfacet
  facet normal -1.000000e+000  0.000000e+000  -0.000000e+000
    outer loop
      vertex  0.000000e+000  8.881579e-002  6.217105e-002
      vertex  0.000000e+000  3.330592e-001  1.509868e-001
      vertex  0.000000e+000  4.218750e-001  1.509868e-001
    endloop
  endfacet
  facet normal -1.000000e+000  0.000000e+000  0.000000e+000
    outer loop
      vertex  0.000000e+000  8.881579e-002  6.217105e-002
      vertex  0.000000e+000  4.218750e-001  1.509868e-001
      vertex  0.000000e+000  3.330592e-001  6.217105e-002
    endloop
  endfacet
  facet normal -9.999999e-001  0.000000e+000  0.000000e+000
    outer loop
      vertex  0.000000e+000  8.881579e-002  1.509868e-001
      vertex  0.000000e+000  8.881579e-002  2.131579e-001
      vertex  0.000000e+000  3.330592e-001  1.509868e-001
    endloop
  endfacet
  facet normal -9.999999e-001  0.000000e+000  0.000000e+000
    outer loop
      vertex  0.000000e+000  3.330592e-001  1.509868e-001
      vertex  0.000000e+000  8.881579e-002  2.131579e-001
      vertex  0.000000e+000  3.330592e-001  2.131579e-001
    endloop
  endfacet
  facet normal -1.000000e+000  0.000000e+000  0.000000e+000
    outer loop
      vertex  0.000000e+000  3.330592e-001 -2.039399e-017
      vertex  0.000000e+000  3.330592e-001  6.217105e-002
      vertex  0.000000e+000  4.218750e-001 -2.583239e-017
    endloop
  endfacet
  facet normal -1.000000e+000  0.000000e+000  0.000000e+000
    outer loop
      vertex  0.000000e+000  4.218750e-001 -2.583239e-017
      vertex  0.000000e+000  3.330592e-001  6.217105e-002
      vertex  0.000000e+000  4.218750e-001  1.509868e-001
    endloop
  endfacet
  facet normal  0.000000e+000 -1.000000e+000  6.123235e-017
    outer loop
      vertex  0.000000e+000  9.245278e-018  1.509868e-001
      vertex  0.000000e+000  4.783777e-019  7.812500e-003
      vertex  7.500000e-001  9.245278e-018  1.509868e-001
    endloop
  endfacet
  facet normal  0.000000e+000 -1.000000e+000  6.123235e-017
    outer loop
      vertex  7.500000e-001  9.245278e-018  1.509868e-001
      vertex  0.000000e+000  4.783777e-019  7.812500e-003
      vertex  7.500000e-001  4.783777e-019  7.812500e-003
    endloop
  endfacet
  facet normal  0.000000e+000 -6.123234e-017 -1.000000e+000
    outer loop
      vertex  0.000000e+000  7.812500e-003 -4.783777e-019
      vertex  0.000000e+000  8.881579e-002 -5.438399e-018
      vertex  7.500000e-001  7.812500e-003 -4.783777e-019
    endloop
  endfacet
  facet normal  0.000000e+000 -6.123234e-017 -1.000000e+000
    outer loop
      vertex  7.500000e-001  7.812500e-003 -4.783777e-019
      vertex  0.000000e+000  8.881579e-002 -5.438399e-018
      vertex  7.500000e-001  8.881579e-002 -5.438399e-018
    endloop
  endfacet
  facet normal  -0.000000e+000 -9.801715e-002 -9.951847e-001
    outer loop
      vertex  0.000000e+000  7.812500e-003 -4.783777e-019
      vertex  7.500000e-001  7.812500e-003 -4.783777e-019
      vertex  0.000000e+000  6.288357e-003  1.501150e-004
    endloop
  endfacet
  facet normal  0.000000e+000 -9.801715e-002 -9.951847e-001
    outer loop
      vertex  0.000000e+000  6.288357e-003  1.501150e-004
      vertex  7.500000e-001  7.812500e-003 -4.783777e-019
      vertex  7.500000e-001  6.288357e-003  1.501150e-004
    endloop
  endfacet
  facet normal  -0.000000e+000 -2.902846e-001 -9.569404e-001
    outer loop
      vertex  0.000000e+000  6.288357e-003  1.501150e-004
      vertex  7.500000e-001  6.288357e-003  1.501150e-004
      vertex  0.000000e+000  4.822786e-003  5.946911e-004
    endloop
  endfacet
  facet normal  0.000000e+000 -2.902846e-001 -9.569404e-001
    outer loop
      vertex  0.000000e+000  4.822786e-003  5.946911e-004
      vertex  7.500000e-001  6.288357e-003  1.501150e-004
      vertex  7.500000e-001  4.822786e-003  5.946911e-004
    endloop
  endfacet
  facet normal  -0.000000e+000 -4.713968e-001 -8.819212e-001
    outer loop
      vertex  0.000000e+000  4.822786e-003  5.946911e-004
      vertex  7.500000e-001  4.822786e-003  5.946911e-004
      vertex  0.000000e+000  3.472107e-003  1.316644e-003
    endloop
  endfacet
  facet normal  0.000000e+000 -4.713968e-001 -8.819212e-001
    outer loop
      vertex  0.000000e+000  3.472107e-003  1.316644e-003
      vertex  7.500000e-001  4.822786e-003  5.946911e-004
      vertex  7.500000e-001  3.472107e-003  1.316644e-003
    endloop
  endfacet
  facet normal  -0.000000e+000 -6.343934e-001 -7.730104e-001
    outer loop
      vertex  0.000000e+000  3.472107e-003  1.316644e-003
      vertex  7.500000e-001  3.472107e-003  1.316644e-003
      vertex  0.000000e+000  2.288228e-003  2.288228e-003
    endloop
  endfacet
  facet normal  0.000000e+000 -6.343934e-001 -7.730104e-001
    outer loop
      vertex  0.000000e+000  2.288228e-003  2.288228e-003
      vertex  7.500000e-001  3.472107e-003  1.316644e-003
      vertex  7.500000e-001  2.288228e-003  2.288228e-003
    endloop
  endfacet
  facet normal  -0.000000e+000 -7.730104e-001 -6.343934e-001
    outer loop
      vertex  0.000000e+000  2.288228e-003  2.288228e-003
      vertex  7.500000e-001  2.288228e-003  2.288228e-003
      vertex  0.000000e+000  1.316644e-003  3.472107e-003
    endloop
  endfacet
  facet normal  0.000000e+000 -7.730104e-001 -6.343934e-001
    outer loop
      vertex  0.000000e+000  1.316644e-003  3.472107e-003
      vertex  7.500000e-001  2.288228e-003  2.288228e-003
      vertex  7.500000e-001  1.316644e-003  3.472107e-003
    endloop
  endfacet
  facet normal  -0.000000e+000 -8.819212e-001 -4.713968e-001
    outer loop
      vertex  0.000000e+000  1.316644e-003  3.472107e-003
      vertex  7.500000e-001  1.316644e-003  3.472107e-003
      vertex  0.000000e+000  5.946911e-004  4.822786e-003
    endloop
  endfacet
  facet normal  0.000000e+000 -8.819212e-001 -4.713968e-001
    outer loop
      vertex  0.000000e+000  5.946911e-004  4.822786e-003
      vertex  7.500000e-001  1.316644e-003  3.472107e-003
      vertex  7.500000e-001  5.946911e-004  4.822786e-003
    endloop
  endfacet
  facet normal  -0.000000e+000 -9.569404e-001 -2.902846e-001
    outer loop
      vertex  0.000000e+000  5.946911e-004  4.822786e-003
      vertex  7.500000e-001  5.946911e-004  4.822786e-003
      vertex  0.000000e+000  1.501150e-004  6.288357e-003
    endloop
  endfacet
  facet normal  0.000000e+000 -9.569404e-001 -2.902846e-001
    outer loop
      vertex  0.000000e+000  1.501150e-004  6.288357e-003
      vertex  7.500000e-001  5.946911e-004  4.822786e-003
      vertex  7.500000e-001  1.501150e-004  6.288357e-003
    endloop
  endfacet
  facet normal  -0.000000e+000 -9.951847e-001 -9.801715e-002
    outer loop
      vertex  0.000000e+000  1.501150e-004  6.288357e-003
      vertex  7.500000e-001  1.501150e-004  6.288357e-003
      vertex  0.000000e+000  4.783777e-019  7.812500e-003
    endloop
  endfacet
  facet normal  0.000000e+000 -9.951847e-001 -9.801715e-002
    outer loop
      vertex  0.000000e+000  4.783777e-019  7.812500e-003
      vertex  7.500000e-001  1.501150e-004  6.288357e-003
      vertex  7.500000e-001  4.783777e-019  7.812500e-003
    endloop
  endfacet
  facet normal  0.000000e+000  0.000000e+000  1.000000e+000
    outer loop
      vertex  0.000000e+000  8.881579e-002  1.509868e-001
      vertex  0.000000e+000  9.245278e-018  1.509868e-001
      vertex  7.500000e-001  8.881579e-002  1.509868e-001
    endloop
  endfacet
  facet normal  0.000000e+000  0.000000e+000  1.000000e+000
    outer loop
      vertex  7.500000e-001  8.881579e-002  1.509868e-001
      vertex  0.000000e+000  9.245278e-018  1.509868e-001
      vertex  7.500000e-001  9.245278e-018  1.509868e-001
    endloop
  endfacet
  facet normal  0.000000e+000 -1.000000e+000  0.000000e+000
    outer loop
      vertex  0.000000e+000  8.881579e-002  1.509868e-001
      vertex  7.500000e-001  8.881579e-002  1.509868e-001
      vertex  0.000000e+000  8.881579e-002  2.131579e-001
    endloop
  endfacet
  facet normal  0.000000e+000 -1.000000e+000  0.000000e+000
    outer loop
      vertex  0.000000e+000  8.881579e-002  2.131579e-001
      vertex  7.500000e-001  8.881579e-002  1.509868e-001
      vertex  7.500000e-001  8.881579e-002  2.131579e-001
    endloop
  endfacet
  facet normal  0.000000e+000  0.000000e+000  1.000000e+000
    outer loop
      vertex  0.000000e+000  3.330592e-001  2.131579e-001
      vertex  0.000000e+000  8.881579e-002  2.131579e-001
      vertex  7.500000e-001  3.330592e-001  2.131579e-001
    endloop
  endfacet
  facet normal  0.000000e+000  0.000000e+000  1.000000e+000
    outer loop
      vertex  7.500000e-001  3.330592e-001  2.131579e-001
      vertex  0.000000e+000  8.881579e-002  2.131579e-001
      vertex  7.500000e-001  8.881579e-002  2.131579e-001
    endloop
  endfacet
  facet normal  0.000000e+000  1.000000e+000  0.000000e+000
    outer loop
      vertex  0.000000e+000  3.330592e-001  2.131579e-001
      vertex  7.500000e-001  3.330592e-001  2.131579e-001
      vertex  0.000000e+000  3.330592e-001  1.509868e-001
    endloop
  endfacet
  facet normal  0.000000e+000  1.000000e+000  0.000000e+000
    outer loop
      vertex  0.000000e+000  3.330592e-001  1.509868e-001
      vertex  7.500000e-001  3.330592e-001  2.131579e-001
      vertex  7.500000e-001  3.330592e-001  1.509868e-001
    endloop
  endfacet
  facet normal  0.000000e+000  0.000000e+000  1.000000e+000
    outer loop
      vertex  0.000000e+000  4.218750e-001  1.509868e-001
      vertex  0.000000e+000  3.330592e-001  1.509868e-001
      vertex  7.500000e-001  4.218750e-001  1.509868e-001
    endloop
  endfacet
  facet normal  0.000000e+000  0.000000e+000  1.000000e+000
    outer loop
      vertex  7.500000e-001  4.218750e-001  1.509868e-001
      vertex  0.000000e+000  3.330592e-001  1.509868e-001
      vertex  7.500000e-001  3.330592e-001  1.509868e-001
    endloop
  endfacet
  facet normal  0.000000e+000  1.000000e+000  0.000000e+000
    outer loop
      vertex  0.000000e+000  4.218750e-001 -2.583239e-017
      vertex  0.000000e+000  4.218750e-001  1.509868e-001
      vertex  7.500000e-001  4.218750e-001 -2.583239e-017
    endloop
  endfacet
  facet normal  0.000000e+000  1.000000e+000  -0.000000e+000
    outer loop
      vertex  7.500000e-001  4.218750e-001 -2.583239e-017
      vertex  0.000000e+000  4.218750e-001  1.509868e-001
      vertex  7.500000e-001  4.218750e-001  1.509868e-001
    endloop
  endfacet
  facet normal  0.000000e+000 -6.123236e-017 -1.000000e+000
    outer loop
      vertex  0.000000e+000  3.330592e-001 -2.039399e-017
      vertex  0.000000e+000  4.218750e-001 -2.583239e-017
      vertex  7.500000e-001  3.330592e-001 -2.039399e-017
    endloop
  endfacet
  facet normal  0.000000e+000 -6.123236e-017 -1.000000e+000
    outer loop
      vertex  7.500000e-001  3.330592e-001 -2.039399e-017
      vertex  0.000000e+000  4.218750e-001 -2.583239e-017
      vertex  7.500000e-001  4.218750e-001 -2.583239e-017
    endloop
  endfacet
  facet normal  0.000000e+000 -1.000000e+000  0.000000e+000
    outer loop
      vertex  0.000000e+000  3.330592e-001  6.217105e-002
      vertex  0.000000e+000  3.330592e-001 -2.039399e-017
      vertex  7.500000e-001  3.330592e-001  6.217105e-002
    endloop
  endfacet
  facet normal  0.000000e+000 -1.000000e+000  -0.000000e+000
    outer loop
      vertex  7.500000e-001  3.330592e-001  6.217105e-002
      vertex  0.000000e+000  3.330592e-001 -2.039399e-017
      vertex  7.500000e-001  3.330592e-001 -2.039399e-017
    endloop
  endfacet
  facet normal  0.000000e+000  0.000000e+000 -1.000000e+000
    outer loop
      vertex  0.000000e+000  8.881579e-002  6.217105e-002
      vertex  0.000000e+000  3.330592e-001  6.217105e-002
      vertex  7.500000e-001  8.881579e-002  6.217105e-002
    endloop
  endfacet
  facet normal  0.000000e+000  0.000000e+000 -1.000000e+000
    outer loop
      vertex  7.500000e-001  8.881579e-002  6.217105e-002
      vertex  0.000000e+000  3.330592e-001  6.217105e-002
      vertex  7.500000e-001  3.330592e-001  6.217105e-002
    endloop
  endfacet
  facet normal  0.000000e+000  1.000000e+000  0.000000e+000
    outer loop
      vertex  0.000000e+000  8.881579e-002 -5.438399e-018
      vertex  0.000000e+000  8.881579e-002  6.217105e-002
      vertex  7.500000e-001  8.881579e-002 -5.438399e-018
    endloop
  endfacet
  facet normal  0.000000e+000  1.000000e+000  -0.000000e+000
    outer loop
      vertex  7.500000e-001  8.881579e-002 -5.438399e-018
      vertex  0.000000e+000  8.881579e-002  6.217105e-002
      vertex  7.500000e-001  8.881579e-002  6.217105e-002
    endloop
  endfacet
endsolid CATIA STL
