solid CATIA STL
  facet normal  0.000000e+000 -9.999999e-001  0.000000e+000
    outer loop
      vertex -3.125000e-002 -3.125000e-002 -1.562500e-002
      vertex  3.453947e-002 -3.125000e-002 -1.562500e-002
      vertex -3.125000e-002 -3.125000e-002  7.500000e-001
    endloop
  endfacet
  facet normal  0.000000e+000 -9.999999e-001  0.000000e+000
    outer loop
      vertex -3.125000e-002 -3.125000e-002  7.500000e-001
      vertex  3.453947e-002 -3.125000e-002 -1.562500e-002
      vertex  3.453947e-002 -3.125000e-002  7.500000e-001
    endloop
  endfacet
  facet normal -1.000000e+000  0.000000e+000  0.000000e+000
    outer loop
      vertex -3.125000e-002 -1.562500e-002 -3.125000e-002
      vertex -3.125000e-002 -1.867329e-002 -3.094977e-002
      vertex -3.125000e-002 -2.160443e-002 -3.006062e-002
    endloop
  endfacet
  facet normal -1.000000e+000  0.000000e+000  0.000000e+000
    outer loop
      vertex -3.125000e-002  3.125000e-002 -3.125000e-002
      vertex -3.125000e-002 -1.562500e-002 -3.125000e-002
      vertex -3.125000e-002 -2.160443e-002 -3.006062e-002
    endloop
  endfacet
  facet normal -9.999999e-001  0.000000e+000  0.000000e+000
    outer loop
      vertex -3.125000e-002  3.125000e-002 -3.125000e-002
      vertex -3.125000e-002 -2.160443e-002 -3.006062e-002
      vertex -3.125000e-002 -2.430579e-002 -2.861671e-002
    endloop
  endfacet
  facet normal -1.000000e+000  0.000000e+000  0.000000e+000
    outer loop
      vertex -3.125000e-002  3.125000e-002 -3.125000e-002
      vertex -3.125000e-002 -2.430579e-002 -2.861671e-002
      vertex -3.125000e-002 -2.667354e-002 -2.667354e-002
    endloop
  endfacet
  facet normal -1.000000e+000  0.000000e+000  0.000000e+000
    outer loop
      vertex -3.125000e-002  3.125000e-002 -3.125000e-002
      vertex -3.125000e-002 -2.667354e-002 -2.667354e-002
      vertex -3.125000e-002 -2.861671e-002 -2.430579e-002
    endloop
  endfacet
  facet normal -1.000000e+000  0.000000e+000  0.000000e+000
    outer loop
      vertex -3.125000e-002  3.125000e-002 -3.125000e-002
      vertex -3.125000e-002 -2.861671e-002 -2.430579e-002
      vertex -3.125000e-002 -3.006062e-002 -2.160443e-002
    endloop
  endfacet
  facet normal -1.000000e+000  0.000000e+000  0.000000e+000
    outer loop
      vertex -3.125000e-002  3.125000e-002 -3.125000e-002
      vertex -3.125000e-002 -3.006062e-002 -2.160443e-002
      vertex -3.125000e-002 -3.094977e-002 -1.867329e-002
    endloop
  endfacet
  facet normal -9.999999e-001  0.000000e+000  0.000000e+000
    outer loop
      vertex -3.125000e-002  3.125000e-002 -3.125000e-002
      vertex -3.125000e-002 -3.094977e-002 -1.867329e-002
      vertex -3.125000e-002 -3.125000e-002 -1.562500e-002
    endloop
  endfacet
  facet normal -1.000000e+000  0.000000e+000  0.000000e+000
    outer loop
      vertex -3.125000e-002  3.125000e-002 -3.125000e-002
      vertex -3.125000e-002 -3.125000e-002 -1.562500e-002
      vertex -3.125000e-002 -3.125000e-002  7.500000e-001
    endloop
  endfacet
  facet normal -1.000000e+000  0.000000e+000  0.000000e+000
    outer loop
      vertex -3.125000e-002  3.125000e-002 -3.125000e-002
      vertex -3.125000e-002 -3.125000e-002  7.500000e-001
      vertex -3.125000e-002  3.125000e-002  7.500000e-001
    endloop
  endfacet
  facet normal  1.000000e+000  -0.000000e+000  0.000000e+000
    outer loop
      vertex  3.453947e-002  3.125000e-002  7.500000e-001
      vertex  3.453947e-002 -3.125000e-002  7.500000e-001
      vertex  3.453947e-002 -3.125000e-002 -1.562500e-002
    endloop
  endfacet
  facet normal  1.000000e+000  -0.000000e+000  -0.000000e+000
    outer loop
      vertex  3.453947e-002 -3.125000e-002 -1.562500e-002
      vertex  3.453947e-002 -3.094977e-002 -1.867329e-002
      vertex  3.453947e-002 -3.006062e-002 -2.160443e-002
    endloop
  endfacet
  facet normal  1.000000e+000  0.000000e+000  0.000000e+000
    outer loop
      vertex  3.453947e-002 -1.867329e-002 -3.094977e-002
      vertex  3.453947e-002 -1.562500e-002 -3.125000e-002
      vertex  3.453947e-002 -3.006062e-002 -2.160443e-002
    endloop
  endfacet
  facet normal  1.000000e+000  0.000000e+000  0.000000e+000
    outer loop
      vertex  3.453947e-002 -1.867329e-002 -3.094977e-002
      vertex  3.453947e-002 -3.006062e-002 -2.160443e-002
      vertex  3.453947e-002 -2.861671e-002 -2.430579e-002
    endloop
  endfacet
  facet normal  1.000000e+000  0.000000e+000  0.000000e+000
    outer loop
      vertex  3.453947e-002 -1.867329e-002 -3.094977e-002
      vertex  3.453947e-002 -2.861671e-002 -2.430579e-002
      vertex  3.453947e-002 -2.667354e-002 -2.667354e-002
    endloop
  endfacet
  facet normal  9.999999e-001  0.000000e+000  0.000000e+000
    outer loop
      vertex  3.453947e-002 -1.867329e-002 -3.094977e-002
      vertex  3.453947e-002 -2.667354e-002 -2.667354e-002
      vertex  3.453947e-002 -2.430579e-002 -2.861671e-002
    endloop
  endfacet
  facet normal  9.999999e-001  0.000000e+000  0.000000e+000
    outer loop
      vertex  3.453947e-002 -1.867329e-002 -3.094977e-002
      vertex  3.453947e-002 -2.430579e-002 -2.861671e-002
      vertex  3.453947e-002 -2.160443e-002 -3.006062e-002
    endloop
  endfacet
  facet normal  9.999999e-001  0.000000e+000  0.000000e+000
    outer loop
      vertex  3.453947e-002 -1.562500e-002 -3.125000e-002
      vertex  3.453947e-002  3.125000e-002 -3.125000e-002
      vertex  3.453947e-002 -3.006062e-002 -2.160443e-002
    endloop
  endfacet
  facet normal  1.000000e+000  -0.000000e+000  0.000000e+000
    outer loop
      vertex  3.453947e-002 -3.006062e-002 -2.160443e-002
      vertex  3.453947e-002  3.125000e-002 -3.125000e-002
      vertex  3.453947e-002  3.125000e-002  7.500000e-001
    endloop
  endfacet
  facet normal  1.000000e+000  0.000000e+000  0.000000e+000
    outer loop
      vertex  3.453947e-002 -3.006062e-002 -2.160443e-002
      vertex  3.453947e-002  3.125000e-002  7.500000e-001
      vertex  3.453947e-002 -3.125000e-002 -1.562500e-002
    endloop
  endfacet
  facet normal  0.000000e+000  0.000000e+000 -1.000000e+000
    outer loop
      vertex -3.125000e-002 -1.562500e-002 -3.125000e-002
      vertex -3.125000e-002  3.125000e-002 -3.125000e-002
      vertex  3.453947e-002 -1.562500e-002 -3.125000e-002
    endloop
  endfacet
  facet normal  0.000000e+000  0.000000e+000 -1.000000e+000
    outer loop
      vertex  3.453947e-002 -1.562500e-002 -3.125000e-002
      vertex -3.125000e-002  3.125000e-002 -3.125000e-002
      vertex  3.453947e-002  3.125000e-002 -3.125000e-002
    endloop
  endfacet
  facet normal  -0.000000e+000 -9.801731e-002 -9.951847e-001
    outer loop
      vertex -3.125000e-002 -1.562500e-002 -3.125000e-002
      vertex  3.453947e-002 -1.562500e-002 -3.125000e-002
      vertex -3.125000e-002 -1.867329e-002 -3.094977e-002
    endloop
  endfacet
  facet normal  0.000000e+000 -9.801731e-002 -9.951847e-001
    outer loop
      vertex -3.125000e-002 -1.867329e-002 -3.094977e-002
      vertex  3.453947e-002 -1.562500e-002 -3.125000e-002
      vertex  3.453947e-002 -1.867329e-002 -3.094977e-002
    endloop
  endfacet
  facet normal  -0.000000e+000 -2.902847e-001 -9.569404e-001
    outer loop
      vertex -3.125000e-002 -1.867329e-002 -3.094977e-002
      vertex  3.453947e-002 -1.867329e-002 -3.094977e-002
      vertex -3.125000e-002 -2.160443e-002 -3.006062e-002
    endloop
  endfacet
  facet normal  0.000000e+000 -2.902847e-001 -9.569404e-001
    outer loop
      vertex -3.125000e-002 -2.160443e-002 -3.006062e-002
      vertex  3.453947e-002 -1.867329e-002 -3.094977e-002
      vertex  3.453947e-002 -2.160443e-002 -3.006062e-002
    endloop
  endfacet
  facet normal  -0.000000e+000 -4.713964e-001 -8.819215e-001
    outer loop
      vertex -3.125000e-002 -2.160443e-002 -3.006062e-002
      vertex  3.453947e-002 -2.160443e-002 -3.006062e-002
      vertex -3.125000e-002 -2.430579e-002 -2.861671e-002
    endloop
  endfacet
  facet normal  0.000000e+000 -4.713964e-001 -8.819215e-001
    outer loop
      vertex -3.125000e-002 -2.430579e-002 -2.861671e-002
      vertex  3.453947e-002 -2.160443e-002 -3.006062e-002
      vertex  3.453947e-002 -2.430579e-002 -2.861671e-002
    endloop
  endfacet
  facet normal  -0.000000e+000 -6.343932e-001 -7.730105e-001
    outer loop
      vertex -3.125000e-002 -2.430579e-002 -2.861671e-002
      vertex  3.453947e-002 -2.430579e-002 -2.861671e-002
      vertex -3.125000e-002 -2.667354e-002 -2.667354e-002
    endloop
  endfacet
  facet normal  0.000000e+000 -6.343932e-001 -7.730105e-001
    outer loop
      vertex -3.125000e-002 -2.667354e-002 -2.667354e-002
      vertex  3.453947e-002 -2.430579e-002 -2.861671e-002
      vertex  3.453947e-002 -2.667354e-002 -2.667354e-002
    endloop
  endfacet
  facet normal  -0.000000e+000 -7.730105e-001 -6.343932e-001
    outer loop
      vertex -3.125000e-002 -2.667354e-002 -2.667354e-002
      vertex  3.453947e-002 -2.667354e-002 -2.667354e-002
      vertex -3.125000e-002 -2.861671e-002 -2.430579e-002
    endloop
  endfacet
  facet normal  0.000000e+000 -7.730105e-001 -6.343932e-001
    outer loop
      vertex -3.125000e-002 -2.861671e-002 -2.430579e-002
      vertex  3.453947e-002 -2.667354e-002 -2.667354e-002
      vertex  3.453947e-002 -2.861671e-002 -2.430579e-002
    endloop
  endfacet
  facet normal  -0.000000e+000 -8.819215e-001 -4.713964e-001
    outer loop
      vertex -3.125000e-002 -2.861671e-002 -2.430579e-002
      vertex  3.453947e-002 -2.861671e-002 -2.430579e-002
      vertex -3.125000e-002 -3.006062e-002 -2.160443e-002
    endloop
  endfacet
  facet normal  0.000000e+000 -8.819215e-001 -4.713964e-001
    outer loop
      vertex -3.125000e-002 -3.006062e-002 -2.160443e-002
      vertex  3.453947e-002 -2.861671e-002 -2.430579e-002
      vertex  3.453947e-002 -3.006062e-002 -2.160443e-002
    endloop
  endfacet
  facet normal  -0.000000e+000 -9.569404e-001 -2.902847e-001
    outer loop
      vertex -3.125000e-002 -3.006062e-002 -2.160443e-002
      vertex  3.453947e-002 -3.006062e-002 -2.160443e-002
      vertex -3.125000e-002 -3.094977e-002 -1.867329e-002
    endloop
  endfacet
  facet normal  0.000000e+000 -9.569404e-001 -2.902847e-001
    outer loop
      vertex -3.125000e-002 -3.094977e-002 -1.867329e-002
      vertex  3.453947e-002 -3.006062e-002 -2.160443e-002
      vertex  3.453947e-002 -3.094977e-002 -1.867329e-002
    endloop
  endfacet
  facet normal  -0.000000e+000 -9.951847e-001 -9.801731e-002
    outer loop
      vertex -3.125000e-002 -3.094977e-002 -1.867329e-002
      vertex  3.453947e-002 -3.094977e-002 -1.867329e-002
      vertex -3.125000e-002 -3.125000e-002 -1.562500e-002
    endloop
  endfacet
  facet normal  0.000000e+000 -9.951847e-001 -9.801731e-002
    outer loop
      vertex -3.125000e-002 -3.125000e-002 -1.562500e-002
      vertex  3.453947e-002 -3.094977e-002 -1.867329e-002
      vertex  3.453947e-002 -3.125000e-002 -1.562500e-002
    endloop
  endfacet
  facet normal  0.000000e+000  1.000000e+000  0.000000e+000
    outer loop
      vertex -3.125000e-002  3.125000e-002 -3.125000e-002
      vertex -3.125000e-002  3.125000e-002  7.500000e-001
      vertex  3.453947e-002  3.125000e-002 -3.125000e-002
    endloop
  endfacet
  facet normal  0.000000e+000  1.000000e+000  -0.000000e+000
    outer loop
      vertex  3.453947e-002  3.125000e-002 -3.125000e-002
      vertex -3.125000e-002  3.125000e-002  7.500000e-001
      vertex  3.453947e-002  3.125000e-002  7.500000e-001
    endloop
  endfacet
  facet normal  0.000000e+000  0.000000e+000  1.000000e+000
    outer loop
      vertex  3.453947e-002 -3.125000e-002  7.500000e-001
      vertex  3.453947e-002  3.125000e-002  7.500000e-001
      vertex -3.125000e-002 -3.125000e-002  7.500000e-001
    endloop
  endfacet
  facet normal  0.000000e+000  0.000000e+000  1.000000e+000
    outer loop
      vertex -3.125000e-002 -3.125000e-002  7.500000e-001
      vertex  3.453947e-002  3.125000e-002  7.500000e-001
      vertex -3.125000e-002  3.125000e-002  7.500000e-001
    endloop
  endfacet
endsolid CATIA STL
