solid CATIA STL
  facet normal  0.000000e+000 -1.000000e+000  0.000000e+000
    outer loop
      vertex  2.870266e-017 -7.500000e-001  4.687500e-001
      vertex  0.000000e+000 -7.500000e-001  0.000000e+000
      vertex  4.687500e-001 -7.500000e-001 -2.870266e-017
    endloop
  endfacet
  facet normal  0.000000e+000 -1.000000e+000  0.000000e+000
    outer loop
      vertex  2.870266e-017 -7.500000e-001  4.687500e-001
      vertex  4.687500e-001 -7.500000e-001 -2.870266e-017
      vertex  4.687500e-001 -7.500000e-001  3.750000e-001
    endloop
  endfacet
  facet normal  0.000000e+000 -1.000000e+000  0.000000e+000
    outer loop
      vertex  2.870266e-017 -7.500000e-001  4.687500e-001
      vertex  4.687500e-001 -7.500000e-001  3.750000e-001
      vertex  4.669486e-001 -7.500000e-001  3.932897e-001
    endloop
  endfacet
  facet normal  0.000000e+000 -1.000000e+000  0.000000e+000
    outer loop
      vertex  2.870266e-017 -7.500000e-001  4.687500e-001
      vertex  4.669486e-001 -7.500000e-001  3.932897e-001
      vertex  4.616137e-001 -7.500000e-001  4.108766e-001
    endloop
  endfacet
  facet normal  0.000000e+000 -1.000000e+000  0.000000e+000
    outer loop
      vertex  2.870266e-017 -7.500000e-001  4.687500e-001
      vertex  4.616137e-001 -7.500000e-001  4.108766e-001
      vertex  4.529503e-001 -7.500000e-001  4.270847e-001
    endloop
  endfacet
  facet normal  0.000000e+000 -1.000000e+000  0.000000e+000
    outer loop
      vertex  2.870266e-017 -7.500000e-001  4.687500e-001
      vertex  4.529503e-001 -7.500000e-001  4.270847e-001
      vertex  4.412913e-001 -7.500000e-001  4.412913e-001
    endloop
  endfacet
  facet normal  0.000000e+000 -1.000000e+000  0.000000e+000
    outer loop
      vertex  2.870266e-017 -7.500000e-001  4.687500e-001
      vertex  4.412913e-001 -7.500000e-001  4.412913e-001
      vertex  4.270847e-001 -7.500000e-001  4.529503e-001
    endloop
  endfacet
  facet normal  0.000000e+000 -1.000000e+000  0.000000e+000
    outer loop
      vertex  2.870266e-017 -7.500000e-001  4.687500e-001
      vertex  4.270847e-001 -7.500000e-001  4.529503e-001
      vertex  4.108766e-001 -7.500000e-001  4.616137e-001
    endloop
  endfacet
  facet normal  0.000000e+000 -1.000000e+000  0.000000e+000
    outer loop
      vertex  2.870266e-017 -7.500000e-001  4.687500e-001
      vertex  4.108766e-001 -7.500000e-001  4.616137e-001
      vertex  3.932897e-001 -7.500000e-001  4.669486e-001
    endloop
  endfacet
  facet normal  0.000000e+000 -1.000000e+000  0.000000e+000
    outer loop
      vertex  2.870266e-017 -7.500000e-001  4.687500e-001
      vertex  3.932897e-001 -7.500000e-001  4.669486e-001
      vertex  3.750000e-001 -7.500000e-001  4.687500e-001
    endloop
  endfacet
  facet normal  0.000000e+000  1.000000e+000  0.000000e+000
    outer loop
      vertex  2.870266e-017  0.000000e+000  4.687500e-001
      vertex  3.750000e-001  0.000000e+000  4.687500e-001
      vertex  3.932897e-001  0.000000e+000  4.669486e-001
    endloop
  endfacet
  facet normal  0.000000e+000  1.000000e+000  0.000000e+000
    outer loop
      vertex  2.870266e-017  0.000000e+000  4.687500e-001
      vertex  3.932897e-001  0.000000e+000  4.669486e-001
      vertex  4.108766e-001  0.000000e+000  4.616137e-001
    endloop
  endfacet
  facet normal  0.000000e+000  1.000000e+000  0.000000e+000
    outer loop
      vertex  2.870266e-017  0.000000e+000  4.687500e-001
      vertex  4.108766e-001  0.000000e+000  4.616137e-001
      vertex  4.270847e-001  0.000000e+000  4.529503e-001
    endloop
  endfacet
  facet normal  0.000000e+000  1.000000e+000  0.000000e+000
    outer loop
      vertex  2.870266e-017  0.000000e+000  4.687500e-001
      vertex  4.270847e-001  0.000000e+000  4.529503e-001
      vertex  4.412913e-001  0.000000e+000  4.412913e-001
    endloop
  endfacet
  facet normal  0.000000e+000  1.000000e+000  0.000000e+000
    outer loop
      vertex  2.870266e-017  0.000000e+000  4.687500e-001
      vertex  4.412913e-001  0.000000e+000  4.412913e-001
      vertex  4.529503e-001  0.000000e+000  4.270847e-001
    endloop
  endfacet
  facet normal  0.000000e+000  1.000000e+000  0.000000e+000
    outer loop
      vertex  2.870266e-017  0.000000e+000  4.687500e-001
      vertex  4.529503e-001  0.000000e+000  4.270847e-001
      vertex  4.616137e-001  0.000000e+000  4.108766e-001
    endloop
  endfacet
  facet normal  0.000000e+000  1.000000e+000  0.000000e+000
    outer loop
      vertex  2.870266e-017  0.000000e+000  4.687500e-001
      vertex  4.616137e-001  0.000000e+000  4.108766e-001
      vertex  4.669486e-001  0.000000e+000  3.932897e-001
    endloop
  endfacet
  facet normal  0.000000e+000  1.000000e+000  0.000000e+000
    outer loop
      vertex  2.870266e-017  0.000000e+000  4.687500e-001
      vertex  4.669486e-001  0.000000e+000  3.932897e-001
      vertex  4.687500e-001  0.000000e+000  3.750000e-001
    endloop
  endfacet
  facet normal  0.000000e+000  1.000000e+000  0.000000e+000
    outer loop
      vertex  2.870266e-017  0.000000e+000  4.687500e-001
      vertex  4.687500e-001  0.000000e+000  3.750000e-001
      vertex  4.687500e-001  0.000000e+000 -2.870266e-017
    endloop
  endfacet
  facet normal  0.000000e+000  1.000000e+000  0.000000e+000
    outer loop
      vertex  2.870266e-017  0.000000e+000  4.687500e-001
      vertex  4.687500e-001  0.000000e+000 -2.870266e-017
      vertex  0.000000e+000  0.000000e+000  0.000000e+000
    endloop
  endfacet
  facet normal  -0.000000e+000  0.000000e+000  1.000000e+000
    outer loop
      vertex  3.750000e-001  0.000000e+000  4.687500e-001
      vertex  2.870266e-017  0.000000e+000  4.687500e-001
      vertex  3.750000e-001 -7.500000e-001  4.687500e-001
    endloop
  endfacet
  facet normal  0.000000e+000  0.000000e+000  1.000000e+000
    outer loop
      vertex  3.750000e-001 -7.500000e-001  4.687500e-001
      vertex  2.870266e-017  0.000000e+000  4.687500e-001
      vertex  2.870266e-017 -7.500000e-001  4.687500e-001
    endloop
  endfacet
  facet normal  1.000000e+000  0.000000e+000  0.000000e+000
    outer loop
      vertex  4.687500e-001  0.000000e+000 -2.870266e-017
      vertex  4.687500e-001  0.000000e+000  3.750000e-001
      vertex  4.687500e-001 -7.500000e-001 -2.870266e-017
    endloop
  endfacet
  facet normal  1.000000e+000  0.000000e+000  0.000000e+000
    outer loop
      vertex  4.687500e-001 -7.500000e-001 -2.870266e-017
      vertex  4.687500e-001  0.000000e+000  3.750000e-001
      vertex  4.687500e-001 -7.500000e-001  3.750000e-001
    endloop
  endfacet
  facet normal  9.801670e-002  -0.000000e+000  9.951848e-001
    outer loop
      vertex  3.750000e-001  0.000000e+000  4.687500e-001
      vertex  3.750000e-001 -7.500000e-001  4.687500e-001
      vertex  3.932897e-001  0.000000e+000  4.669486e-001
    endloop
  endfacet
  facet normal  9.801670e-002  0.000000e+000  9.951848e-001
    outer loop
      vertex  3.932897e-001  0.000000e+000  4.669486e-001
      vertex  3.750000e-001 -7.500000e-001  4.687500e-001
      vertex  3.932897e-001 -7.500000e-001  4.669486e-001
    endloop
  endfacet
  facet normal  2.902846e-001  -0.000000e+000  9.569404e-001
    outer loop
      vertex  3.932897e-001  0.000000e+000  4.669486e-001
      vertex  3.932897e-001 -7.500000e-001  4.669486e-001
      vertex  4.108766e-001  0.000000e+000  4.616137e-001
    endloop
  endfacet
  facet normal  2.902846e-001  0.000000e+000  9.569404e-001
    outer loop
      vertex  4.108766e-001  0.000000e+000  4.616137e-001
      vertex  3.932897e-001 -7.500000e-001  4.669486e-001
      vertex  4.108766e-001 -7.500000e-001  4.616137e-001
    endloop
  endfacet
  facet normal  4.713973e-001  -0.000000e+000  8.819209e-001
    outer loop
      vertex  4.108766e-001  0.000000e+000  4.616137e-001
      vertex  4.108766e-001 -7.500000e-001  4.616137e-001
      vertex  4.270847e-001  0.000000e+000  4.529503e-001
    endloop
  endfacet
  facet normal  4.713973e-001  0.000000e+000  8.819209e-001
    outer loop
      vertex  4.270847e-001  0.000000e+000  4.529503e-001
      vertex  4.108766e-001 -7.500000e-001  4.616137e-001
      vertex  4.270847e-001 -7.500000e-001  4.529503e-001
    endloop
  endfacet
  facet normal  6.343925e-001  -0.000000e+000  7.730111e-001
    outer loop
      vertex  4.270847e-001  0.000000e+000  4.529503e-001
      vertex  4.270847e-001 -7.500000e-001  4.529503e-001
      vertex  4.412913e-001  0.000000e+000  4.412913e-001
    endloop
  endfacet
  facet normal  6.343925e-001  0.000000e+000  7.730111e-001
    outer loop
      vertex  4.412913e-001  0.000000e+000  4.412913e-001
      vertex  4.270847e-001 -7.500000e-001  4.529503e-001
      vertex  4.412913e-001 -7.500000e-001  4.412913e-001
    endloop
  endfacet
  facet normal  7.730111e-001  -0.000000e+000  6.343925e-001
    outer loop
      vertex  4.412913e-001  0.000000e+000  4.412913e-001
      vertex  4.412913e-001 -7.500000e-001  4.412913e-001
      vertex  4.529503e-001  0.000000e+000  4.270847e-001
    endloop
  endfacet
  facet normal  7.730111e-001  0.000000e+000  6.343925e-001
    outer loop
      vertex  4.529503e-001  0.000000e+000  4.270847e-001
      vertex  4.412913e-001 -7.500000e-001  4.412913e-001
      vertex  4.529503e-001 -7.500000e-001  4.270847e-001
    endloop
  endfacet
  facet normal  8.819209e-001  -0.000000e+000  4.713973e-001
    outer loop
      vertex  4.529503e-001  0.000000e+000  4.270847e-001
      vertex  4.529503e-001 -7.500000e-001  4.270847e-001
      vertex  4.616137e-001  0.000000e+000  4.108766e-001
    endloop
  endfacet
  facet normal  8.819209e-001  0.000000e+000  4.713973e-001
    outer loop
      vertex  4.616137e-001  0.000000e+000  4.108766e-001
      vertex  4.529503e-001 -7.500000e-001  4.270847e-001
      vertex  4.616137e-001 -7.500000e-001  4.108766e-001
    endloop
  endfacet
  facet normal  9.569404e-001  -0.000000e+000  2.902846e-001
    outer loop
      vertex  4.616137e-001  0.000000e+000  4.108766e-001
      vertex  4.616137e-001 -7.500000e-001  4.108766e-001
      vertex  4.669486e-001  0.000000e+000  3.932897e-001
    endloop
  endfacet
  facet normal  9.569404e-001  0.000000e+000  2.902846e-001
    outer loop
      vertex  4.669486e-001  0.000000e+000  3.932897e-001
      vertex  4.616137e-001 -7.500000e-001  4.108766e-001
      vertex  4.669486e-001 -7.500000e-001  3.932897e-001
    endloop
  endfacet
  facet normal  9.951848e-001  -0.000000e+000  9.801670e-002
    outer loop
      vertex  4.669486e-001  0.000000e+000  3.932897e-001
      vertex  4.669486e-001 -7.500000e-001  3.932897e-001
      vertex  4.687500e-001  0.000000e+000  3.750000e-001
    endloop
  endfacet
  facet normal  9.951848e-001  0.000000e+000  9.801670e-002
    outer loop
      vertex  4.687500e-001  0.000000e+000  3.750000e-001
      vertex  4.669486e-001 -7.500000e-001  3.932897e-001
      vertex  4.687500e-001 -7.500000e-001  3.750000e-001
    endloop
  endfacet
  facet normal -1.000000e+000  0.000000e+000  6.123234e-017
    outer loop
      vertex  2.870266e-017  0.000000e+000  4.687500e-001
      vertex  0.000000e+000  0.000000e+000  0.000000e+000
      vertex  2.870266e-017 -7.500000e-001  4.687500e-001
    endloop
  endfacet
  facet normal -1.000000e+000  0.000000e+000  6.123234e-017
    outer loop
      vertex  2.870266e-017 -7.500000e-001  4.687500e-001
      vertex  0.000000e+000  0.000000e+000  0.000000e+000
      vertex  0.000000e+000 -7.500000e-001  0.000000e+000
    endloop
  endfacet
  facet normal -6.123234e-017  0.000000e+000 -1.000000e+000
    outer loop
      vertex  0.000000e+000  0.000000e+000  0.000000e+000
      vertex  4.687500e-001  0.000000e+000 -2.870266e-017
      vertex  0.000000e+000 -7.500000e-001  0.000000e+000
    endloop
  endfacet
  facet normal -6.123234e-017  0.000000e+000 -1.000000e+000
    outer loop
      vertex  0.000000e+000 -7.500000e-001  0.000000e+000
      vertex  4.687500e-001  0.000000e+000 -2.870266e-017
      vertex  4.687500e-001 -7.500000e-001 -2.870266e-017
    endloop
  endfacet
endsolid CATIA STL
