solid CATIA STL
  facet normal  1.000000e+000  0.000000e+000  0.000000e+000
    outer loop
      vertex  7.500000e-001 -4.903783e-001  4.903783e-001
      vertex  7.500000e-001 -4.903783e-001 -4.903783e-001
      vertex  7.500000e-001  4.903783e-001 -4.903783e-001
    endloop
  endfacet
  facet normal  1.000000e+000  0.000000e+000  -0.000000e+000
    outer loop
      vertex  7.500000e-001 -4.903783e-001  4.903783e-001
      vertex  7.500000e-001  4.903783e-001 -4.903783e-001
      vertex  7.500000e-001  4.903783e-001  3.810033e-001
    endloop
  endfacet
  facet normal  1.000000e+000  0.000000e+000  0.000000e+000
    outer loop
      vertex  7.500000e-001 -4.903783e-001  4.903783e-001
      vertex  7.500000e-001  4.903783e-001  3.810033e-001
      vertex  7.500000e-001  4.882767e-001  4.023413e-001
    endloop
  endfacet
  facet normal  1.000000e+000  0.000000e+000  0.000000e+000
    outer loop
      vertex  7.500000e-001 -4.903783e-001  4.903783e-001
      vertex  7.500000e-001  4.882767e-001  4.023413e-001
      vertex  7.500000e-001  4.820526e-001  4.228593e-001
    endloop
  endfacet
  facet normal  1.000000e+000  0.000000e+000  0.000000e+000
    outer loop
      vertex  7.500000e-001 -4.903783e-001  4.903783e-001
      vertex  7.500000e-001  4.820526e-001  4.228593e-001
      vertex  7.500000e-001  4.719453e-001  4.417688e-001
    endloop
  endfacet
  facet normal  9.999999e-001  0.000000e+000  0.000000e+000
    outer loop
      vertex  7.500000e-001 -4.903783e-001  4.903783e-001
      vertex  7.500000e-001  4.719453e-001  4.417688e-001
      vertex  7.500000e-001  4.583431e-001  4.583431e-001
    endloop
  endfacet
  facet normal  9.999999e-001  0.000000e+000  0.000000e+000
    outer loop
      vertex  7.500000e-001 -4.903783e-001  4.903783e-001
      vertex  7.500000e-001  4.583431e-001  4.583431e-001
      vertex  7.500000e-001  4.417688e-001  4.719453e-001
    endloop
  endfacet
  facet normal  1.000000e+000  0.000000e+000  0.000000e+000
    outer loop
      vertex  7.500000e-001 -4.903783e-001  4.903783e-001
      vertex  7.500000e-001  4.417688e-001  4.719453e-001
      vertex  7.500000e-001  4.228593e-001  4.820526e-001
    endloop
  endfacet
  facet normal  1.000000e+000  0.000000e+000  0.000000e+000
    outer loop
      vertex  7.500000e-001 -4.903783e-001  4.903783e-001
      vertex  7.500000e-001  4.228593e-001  4.820526e-001
      vertex  7.500000e-001  4.023413e-001  4.882767e-001
    endloop
  endfacet
  facet normal  1.000000e+000  0.000000e+000  0.000000e+000
    outer loop
      vertex  7.500000e-001 -4.903783e-001  4.903783e-001
      vertex  7.500000e-001  4.023413e-001  4.882767e-001
      vertex  7.500000e-001  3.810033e-001  4.903783e-001
    endloop
  endfacet
  facet normal -1.000000e+000  -0.000000e+000  -0.000000e+000
    outer loop
      vertex -7.500000e-001 -4.903783e-001  4.903783e-001
      vertex -7.500000e-001  3.810033e-001  4.903783e-001
      vertex -7.500000e-001  4.023413e-001  4.882767e-001
    endloop
  endfacet
  facet normal -1.000000e+000  -0.000000e+000  -0.000000e+000
    outer loop
      vertex -7.500000e-001 -4.903783e-001  4.903783e-001
      vertex -7.500000e-001  4.023413e-001  4.882767e-001
      vertex -7.500000e-001  4.228593e-001  4.820526e-001
    endloop
  endfacet
  facet normal -1.000000e+000  -0.000000e+000  -0.000000e+000
    outer loop
      vertex -7.500000e-001 -4.903783e-001  4.903783e-001
      vertex -7.500000e-001  4.228593e-001  4.820526e-001
      vertex -7.500000e-001  4.417688e-001  4.719453e-001
    endloop
  endfacet
  facet normal -1.000000e+000  -0.000000e+000  -0.000000e+000
    outer loop
      vertex -7.500000e-001 -4.903783e-001  4.903783e-001
      vertex -7.500000e-001  4.417688e-001  4.719453e-001
      vertex -7.500000e-001  4.583431e-001  4.583431e-001
    endloop
  endfacet
  facet normal -1.000000e+000  -0.000000e+000  -0.000000e+000
    outer loop
      vertex -7.500000e-001 -4.903783e-001  4.903783e-001
      vertex -7.500000e-001  4.583431e-001  4.583431e-001
      vertex -7.500000e-001  4.719453e-001  4.417688e-001
    endloop
  endfacet
  facet normal -1.000000e+000  -0.000000e+000  -0.000000e+000
    outer loop
      vertex -7.500000e-001 -4.903783e-001  4.903783e-001
      vertex -7.500000e-001  4.719453e-001  4.417688e-001
      vertex -7.500000e-001  4.820526e-001  4.228593e-001
    endloop
  endfacet
  facet normal -1.000000e+000  -0.000000e+000  -0.000000e+000
    outer loop
      vertex -7.500000e-001 -4.903783e-001  4.903783e-001
      vertex -7.500000e-001  4.820526e-001  4.228593e-001
      vertex -7.500000e-001  4.882767e-001  4.023413e-001
    endloop
  endfacet
  facet normal -1.000000e+000  -0.000000e+000  -0.000000e+000
    outer loop
      vertex -7.500000e-001 -4.903783e-001  4.903783e-001
      vertex -7.500000e-001  4.882767e-001  4.023413e-001
      vertex -7.500000e-001  4.903783e-001  3.810033e-001
    endloop
  endfacet
  facet normal -1.000000e+000  -0.000000e+000  -0.000000e+000
    outer loop
      vertex -7.500000e-001 -4.903783e-001  4.903783e-001
      vertex -7.500000e-001  4.903783e-001  3.810033e-001
      vertex -7.500000e-001  4.903783e-001 -4.903783e-001
    endloop
  endfacet
  facet normal -1.000000e+000  0.000000e+000  0.000000e+000
    outer loop
      vertex -7.500000e-001 -4.903783e-001  4.903783e-001
      vertex -7.500000e-001  4.903783e-001 -4.903783e-001
      vertex -7.500000e-001 -4.903783e-001 -4.903783e-001
    endloop
  endfacet
  facet normal  0.000000e+000  0.000000e+000  9.999999e-001
    outer loop
      vertex -7.500000e-001  3.810033e-001  4.903783e-001
      vertex -7.500000e-001 -4.903783e-001  4.903783e-001
      vertex  7.500000e-001  3.810033e-001  4.903783e-001
    endloop
  endfacet
  facet normal  0.000000e+000  0.000000e+000  9.999999e-001
    outer loop
      vertex  7.500000e-001  3.810033e-001  4.903783e-001
      vertex -7.500000e-001 -4.903783e-001  4.903783e-001
      vertex  7.500000e-001 -4.903783e-001  4.903783e-001
    endloop
  endfacet
  facet normal  0.000000e+000  9.999999e-001  0.000000e+000
    outer loop
      vertex -7.500000e-001  4.903783e-001 -4.903783e-001
      vertex -7.500000e-001  4.903783e-001  3.810033e-001
      vertex  7.500000e-001  4.903783e-001 -4.903783e-001
    endloop
  endfacet
  facet normal  0.000000e+000  9.999999e-001  -0.000000e+000
    outer loop
      vertex  7.500000e-001  4.903783e-001 -4.903783e-001
      vertex -7.500000e-001  4.903783e-001  3.810033e-001
      vertex  7.500000e-001  4.903783e-001  3.810033e-001
    endloop
  endfacet
  facet normal  0.000000e+000  9.801663e-002  9.951848e-001
    outer loop
      vertex -7.500000e-001  3.810033e-001  4.903783e-001
      vertex  7.500000e-001  3.810033e-001  4.903783e-001
      vertex -7.500000e-001  4.023413e-001  4.882767e-001
    endloop
  endfacet
  facet normal  -0.000000e+000  9.801663e-002  9.951848e-001
    outer loop
      vertex -7.500000e-001  4.023413e-001  4.882767e-001
      vertex  7.500000e-001  3.810033e-001  4.903783e-001
      vertex  7.500000e-001  4.023413e-001  4.882767e-001
    endloop
  endfacet
  facet normal  0.000000e+000  2.902849e-001  9.569402e-001
    outer loop
      vertex -7.500000e-001  4.023413e-001  4.882767e-001
      vertex  7.500000e-001  4.023413e-001  4.882767e-001
      vertex -7.500000e-001  4.228593e-001  4.820526e-001
    endloop
  endfacet
  facet normal  -0.000000e+000  2.902849e-001  9.569402e-001
    outer loop
      vertex -7.500000e-001  4.228593e-001  4.820526e-001
      vertex  7.500000e-001  4.023413e-001  4.882767e-001
      vertex  7.500000e-001  4.228593e-001  4.820526e-001
    endloop
  endfacet
  facet normal  0.000000e+000  4.713965e-001  8.819214e-001
    outer loop
      vertex -7.500000e-001  4.228593e-001  4.820526e-001
      vertex  7.500000e-001  4.228593e-001  4.820526e-001
      vertex -7.500000e-001  4.417688e-001  4.719453e-001
    endloop
  endfacet
  facet normal  -0.000000e+000  4.713965e-001  8.819214e-001
    outer loop
      vertex -7.500000e-001  4.417688e-001  4.719453e-001
      vertex  7.500000e-001  4.228593e-001  4.820526e-001
      vertex  7.500000e-001  4.417688e-001  4.719453e-001
    endloop
  endfacet
  facet normal  0.000000e+000  6.343940e-001  7.730099e-001
    outer loop
      vertex -7.500000e-001  4.417688e-001  4.719453e-001
      vertex  7.500000e-001  4.417688e-001  4.719453e-001
      vertex -7.500000e-001  4.583431e-001  4.583431e-001
    endloop
  endfacet
  facet normal  -0.000000e+000  6.343940e-001  7.730099e-001
    outer loop
      vertex -7.500000e-001  4.583431e-001  4.583431e-001
      vertex  7.500000e-001  4.417688e-001  4.719453e-001
      vertex  7.500000e-001  4.583431e-001  4.583431e-001
    endloop
  endfacet
  facet normal  0.000000e+000  7.730099e-001  6.343940e-001
    outer loop
      vertex -7.500000e-001  4.583431e-001  4.583431e-001
      vertex  7.500000e-001  4.583431e-001  4.583431e-001
      vertex -7.500000e-001  4.719453e-001  4.417688e-001
    endloop
  endfacet
  facet normal  -0.000000e+000  7.730099e-001  6.343940e-001
    outer loop
      vertex -7.500000e-001  4.719453e-001  4.417688e-001
      vertex  7.500000e-001  4.583431e-001  4.583431e-001
      vertex  7.500000e-001  4.719453e-001  4.417688e-001
    endloop
  endfacet
  facet normal  0.000000e+000  8.819214e-001  4.713965e-001
    outer loop
      vertex -7.500000e-001  4.719453e-001  4.417688e-001
      vertex  7.500000e-001  4.719453e-001  4.417688e-001
      vertex -7.500000e-001  4.820526e-001  4.228593e-001
    endloop
  endfacet
  facet normal  -0.000000e+000  8.819214e-001  4.713965e-001
    outer loop
      vertex -7.500000e-001  4.820526e-001  4.228593e-001
      vertex  7.500000e-001  4.719453e-001  4.417688e-001
      vertex  7.500000e-001  4.820526e-001  4.228593e-001
    endloop
  endfacet
  facet normal  0.000000e+000  9.569402e-001  2.902849e-001
    outer loop
      vertex -7.500000e-001  4.820526e-001  4.228593e-001
      vertex  7.500000e-001  4.820526e-001  4.228593e-001
      vertex -7.500000e-001  4.882767e-001  4.023413e-001
    endloop
  endfacet
  facet normal  -0.000000e+000  9.569402e-001  2.902849e-001
    outer loop
      vertex -7.500000e-001  4.882767e-001  4.023413e-001
      vertex  7.500000e-001  4.820526e-001  4.228593e-001
      vertex  7.500000e-001  4.882767e-001  4.023413e-001
    endloop
  endfacet
  facet normal  0.000000e+000  9.951848e-001  9.801663e-002
    outer loop
      vertex -7.500000e-001  4.882767e-001  4.023413e-001
      vertex  7.500000e-001  4.882767e-001  4.023413e-001
      vertex -7.500000e-001  4.903783e-001  3.810033e-001
    endloop
  endfacet
  facet normal  -0.000000e+000  9.951848e-001  9.801663e-002
    outer loop
      vertex -7.500000e-001  4.903783e-001  3.810033e-001
      vertex  7.500000e-001  4.882767e-001  4.023413e-001
      vertex  7.500000e-001  4.903783e-001  3.810033e-001
    endloop
  endfacet
  facet normal  0.000000e+000 -1.000000e+000  0.000000e+000
    outer loop
      vertex -7.500000e-001 -4.903783e-001  4.903783e-001
      vertex -7.500000e-001 -4.903783e-001 -4.903783e-001
      vertex  7.500000e-001 -4.903783e-001  4.903783e-001
    endloop
  endfacet
  facet normal  0.000000e+000 -1.000000e+000  -0.000000e+000
    outer loop
      vertex  7.500000e-001 -4.903783e-001  4.903783e-001
      vertex -7.500000e-001 -4.903783e-001 -4.903783e-001
      vertex  7.500000e-001 -4.903783e-001 -4.903783e-001
    endloop
  endfacet
  facet normal  0.000000e+000  0.000000e+000 -1.000000e+000
    outer loop
      vertex -7.500000e-001 -4.903783e-001 -4.903783e-001
      vertex -7.500000e-001  4.903783e-001 -4.903783e-001
      vertex  7.500000e-001 -4.903783e-001 -4.903783e-001
    endloop
  endfacet
  facet normal  0.000000e+000  0.000000e+000 -1.000000e+000
    outer loop
      vertex  7.500000e-001 -4.903783e-001 -4.903783e-001
      vertex -7.500000e-001  4.903783e-001 -4.903783e-001
      vertex  7.500000e-001  4.903783e-001 -4.903783e-001
    endloop
  endfacet
endsolid CATIA STL
