solid CATIA STL
  facet normal -6.001829e-018 -9.951847e-001 -9.801729e-002
    outer loop
      vertex  9.213063e-020 -7.812500e-003  4.811147e-019
      vertex -7.812500e-003 -7.812500e-003  9.594924e-019
      vertex  8.569210e-019 -7.662385e-003 -1.524143e-003
    endloop
  endfacet
  facet normal  -0.000000e+000 -9.951847e-001 -9.801729e-002
    outer loop
      vertex  8.569210e-019 -7.662385e-003 -1.524143e-003
      vertex -7.812500e-003 -7.812500e-003  9.594924e-019
      vertex -7.812500e-003 -7.662385e-003 -1.524143e-003
    endloop
  endfacet
  facet normal  0.000000e+000 -9.569404e-001 -2.902847e-001
    outer loop
      vertex  8.569210e-019 -7.662385e-003 -1.524143e-003
      vertex -7.812500e-003 -7.662385e-003 -1.524143e-003
      vertex  7.398025e-019 -7.217809e-003 -2.989714e-003
    endloop
  endfacet
  facet normal  -0.000000e+000 -9.569404e-001 -2.902847e-001
    outer loop
      vertex  7.398025e-019 -7.217809e-003 -2.989714e-003
      vertex -7.812500e-003 -7.662385e-003 -1.524143e-003
      vertex -7.812500e-003 -7.217809e-003 -2.989714e-003
    endloop
  endfacet
  facet normal  0.000000e+000 -8.819214e-001 -4.713967e-001
    outer loop
      vertex  7.398025e-019 -7.217809e-003 -2.989714e-003
      vertex -7.812500e-003 -7.217809e-003 -2.989714e-003
      vertex  6.126375e-019 -6.495856e-003 -4.340393e-003
    endloop
  endfacet
  facet normal  -0.000000e+000 -8.819214e-001 -4.713967e-001
    outer loop
      vertex  6.126375e-019 -6.495856e-003 -4.340393e-003
      vertex -7.812500e-003 -7.217809e-003 -2.989714e-003
      vertex -7.812500e-003 -6.495856e-003 -4.340393e-003
    endloop
  endfacet
  facet normal  0.000000e+000 -7.730104e-001 -6.343933e-001
    outer loop
      vertex  6.126375e-019 -6.495856e-003 -4.340393e-003
      vertex -7.812500e-003 -6.495856e-003 -4.340393e-003
      vertex  4.803131e-019 -5.524272e-003 -5.524272e-003
    endloop
  endfacet
  facet normal  -0.000000e+000 -7.730104e-001 -6.343933e-001
    outer loop
      vertex  4.803131e-019 -5.524272e-003 -5.524272e-003
      vertex -7.812500e-003 -6.495856e-003 -4.340393e-003
      vertex -7.812500e-003 -5.524272e-003 -5.524272e-003
    endloop
  endfacet
  facet normal  0.000000e+000 -6.343933e-001 -7.730104e-001
    outer loop
      vertex  4.803131e-019 -5.524272e-003 -5.524272e-003
      vertex -7.812500e-003 -5.524272e-003 -5.524272e-003
      vertex  3.479142e-019 -4.340393e-003 -6.495856e-003
    endloop
  endfacet
  facet normal  -0.000000e+000 -6.343933e-001 -7.730104e-001
    outer loop
      vertex  3.479142e-019 -4.340393e-003 -6.495856e-003
      vertex -7.812500e-003 -5.524272e-003 -5.524272e-003
      vertex -7.812500e-003 -4.340393e-003 -6.495856e-003
    endloop
  endfacet
  facet normal  0.000000e+000 -4.713967e-001 -8.819214e-001
    outer loop
      vertex  3.479142e-019 -4.340393e-003 -6.495856e-003
      vertex -7.812500e-003 -4.340393e-003 -6.495856e-003
      vertex  2.205290e-019 -2.989714e-003 -7.217809e-003
    endloop
  endfacet
  facet normal  -0.000000e+000 -4.713967e-001 -8.819214e-001
    outer loop
      vertex  2.205290e-019 -2.989714e-003 -7.217809e-003
      vertex -7.812500e-003 -4.340393e-003 -6.495856e-003
      vertex -7.812500e-003 -2.989714e-003 -7.217809e-003
    endloop
  endfacet
  facet normal  0.000000e+000 -2.902847e-001 -9.569404e-001
    outer loop
      vertex  2.205290e-019 -2.989714e-003 -7.217809e-003
      vertex -7.812500e-003 -2.989714e-003 -7.217809e-003
      vertex  1.030527e-019 -1.524143e-003 -7.662385e-003
    endloop
  endfacet
  facet normal  -0.000000e+000 -2.902847e-001 -9.569404e-001
    outer loop
      vertex  1.030527e-019 -1.524143e-003 -7.662385e-003
      vertex -7.812500e-003 -2.989714e-003 -7.217809e-003
      vertex -7.812500e-003 -1.524143e-003 -7.662385e-003
    endloop
  endfacet
  facet normal  0.000000e+000 -9.801729e-002 -9.951847e-001
    outer loop
      vertex  1.030527e-019 -1.524143e-003 -7.662385e-003
      vertex -7.812500e-003 -1.524143e-003 -7.662385e-003
      vertex  0.000000e+000  4.811147e-019 -7.812500e-003
    endloop
  endfacet
  facet normal  6.036168e-018 -9.801729e-002 -9.951847e-001
    outer loop
      vertex  0.000000e+000  4.811147e-019 -7.812500e-003
      vertex -7.812500e-003 -1.524143e-003 -7.662385e-003
      vertex -7.812500e-003  1.335362e-035 -7.812500e-003
    endloop
  endfacet
  facet normal  9.999999e-001 -5.019830e-017  4.968397e-016
    outer loop
      vertex  4.843048e-019  9.757820e-019  8.673617e-019
      vertex  9.213063e-020 -7.812500e-003  4.811147e-019
      vertex  8.569210e-019 -7.662385e-003 -1.524143e-003
    endloop
  endfacet
  facet normal  1.000000e+000  6.085316e-017 -6.145364e-017
    outer loop
      vertex  4.843048e-019  9.757820e-019  8.673617e-019
      vertex  8.569210e-019 -7.662385e-003 -1.524143e-003
      vertex  7.398025e-019 -7.217809e-003 -2.989714e-003
    endloop
  endfacet
  facet normal  9.999999e-001  6.091035e-017 -6.159171e-017
    outer loop
      vertex  4.843048e-019  9.757820e-019  8.673617e-019
      vertex  7.398025e-019 -7.217809e-003 -2.989714e-003
      vertex  6.126375e-019 -6.495856e-003 -4.340393e-003
    endloop
  endfacet
  facet normal  1.000000e+000  6.099337e-017 -6.171595e-017
    outer loop
      vertex  4.843048e-019  9.757820e-019  8.673617e-019
      vertex  6.126375e-019 -6.495856e-003 -4.340393e-003
      vertex  4.803131e-019 -5.524272e-003 -5.524272e-003
    endloop
  endfacet
  facet normal  1.000000e+000  6.109907e-017 -6.182166e-017
    outer loop
      vertex  4.843048e-019  9.757820e-019  8.673617e-019
      vertex  4.803131e-019 -5.524272e-003 -5.524272e-003
      vertex  3.479142e-019 -4.340393e-003 -6.495856e-003
    endloop
  endfacet
  facet normal  9.999999e-001  6.122331e-017 -6.190468e-017
    outer loop
      vertex  4.843048e-019  9.757820e-019  8.673617e-019
      vertex  3.479142e-019 -4.340393e-003 -6.495856e-003
      vertex  2.205290e-019 -2.989714e-003 -7.217809e-003
    endloop
  endfacet
  facet normal  1.000000e+000  6.136138e-017 -6.196186e-017
    outer loop
      vertex  4.843048e-019  9.757820e-019  8.673617e-019
      vertex  2.205290e-019 -2.989714e-003 -7.217809e-003
      vertex  1.030527e-019 -1.524143e-003 -7.662385e-003
    endloop
  endfacet
  facet normal  9.999999e-001  6.150795e-017 -6.199102e-017
    outer loop
      vertex  4.843048e-019  9.757820e-019  8.673617e-019
      vertex  1.030527e-019 -1.524143e-003 -7.662385e-003
      vertex  0.000000e+000  4.811147e-019 -7.812500e-003
    endloop
  endfacet
  facet normal -1.110223e-016 -4.943962e-017  1.000000e+000
    outer loop
      vertex  4.843048e-019  9.757820e-019  8.673617e-019
      vertex -7.812500e-003  4.878910e-019  0.000000e+000
      vertex  9.213063e-020 -7.812500e-003  4.811147e-019
    endloop
  endfacet
  facet normal  6.123234e-017  1.228150e-016  1.000000e+000
    outer loop
      vertex  9.213063e-020 -7.812500e-003  4.811147e-019
      vertex -7.812500e-003  4.878910e-019  0.000000e+000
      vertex -7.812500e-003 -7.812500e-003  9.594924e-019
    endloop
  endfacet
  facet normal -9.999999e-001  0.000000e+000  0.000000e+000
    outer loop
      vertex -7.812500e-003  4.878910e-019  0.000000e+000
      vertex -7.812500e-003  1.335362e-035 -7.812500e-003
      vertex -7.812500e-003 -1.524143e-003 -7.662385e-003
    endloop
  endfacet
  facet normal -1.000000e+000  0.000000e+000  0.000000e+000
    outer loop
      vertex -7.812500e-003  4.878910e-019  0.000000e+000
      vertex -7.812500e-003 -1.524143e-003 -7.662385e-003
      vertex -7.812500e-003 -2.989714e-003 -7.217809e-003
    endloop
  endfacet
  facet normal -9.999999e-001  0.000000e+000  0.000000e+000
    outer loop
      vertex -7.812500e-003  4.878910e-019  0.000000e+000
      vertex -7.812500e-003 -2.989714e-003 -7.217809e-003
      vertex -7.812500e-003 -4.340393e-003 -6.495856e-003
    endloop
  endfacet
  facet normal -1.000000e+000  0.000000e+000  0.000000e+000
    outer loop
      vertex -7.812500e-003  4.878910e-019  0.000000e+000
      vertex -7.812500e-003 -4.340393e-003 -6.495856e-003
      vertex -7.812500e-003 -5.524272e-003 -5.524272e-003
    endloop
  endfacet
  facet normal -1.000000e+000  0.000000e+000  0.000000e+000
    outer loop
      vertex -7.812500e-003  4.878910e-019  0.000000e+000
      vertex -7.812500e-003 -5.524272e-003 -5.524272e-003
      vertex -7.812500e-003 -6.495856e-003 -4.340393e-003
    endloop
  endfacet
  facet normal -9.999999e-001  0.000000e+000  0.000000e+000
    outer loop
      vertex -7.812500e-003  4.878910e-019  0.000000e+000
      vertex -7.812500e-003 -6.495856e-003 -4.340393e-003
      vertex -7.812500e-003 -7.217809e-003 -2.989714e-003
    endloop
  endfacet
  facet normal -1.000000e+000  0.000000e+000  0.000000e+000
    outer loop
      vertex -7.812500e-003  4.878910e-019  0.000000e+000
      vertex -7.812500e-003 -7.217809e-003 -2.989714e-003
      vertex -7.812500e-003 -7.662385e-003 -1.524143e-003
    endloop
  endfacet
  facet normal -9.999999e-001  0.000000e+000  0.000000e+000
    outer loop
      vertex -7.812500e-003  4.878910e-019  0.000000e+000
      vertex -7.812500e-003 -7.662385e-003 -1.524143e-003
      vertex -7.812500e-003 -7.812500e-003  9.594924e-019
    endloop
  endfacet
  facet normal -6.158268e-017  1.000000e+000 -6.245005e-017
    outer loop
      vertex -7.812500e-003  1.335362e-035 -7.812500e-003
      vertex -7.812500e-003  4.878910e-019  0.000000e+000
      vertex  0.000000e+000  4.811147e-019 -7.812500e-003
    endloop
  endfacet
  facet normal -6.245005e-017  1.000000e+000 -6.331741e-017
    outer loop
      vertex  0.000000e+000  4.811147e-019 -7.812500e-003
      vertex -7.812500e-003  4.878910e-019  0.000000e+000
      vertex  4.843048e-019  9.757820e-019  8.673617e-019
    endloop
  endfacet
endsolid CATIA STL
