solid CATIA STL
  facet normal  0.000000e+000  0.000000e+000 -1.000000e+000
    outer loop
      vertex  7.500000e-001  1.250000e-001 -7.812500e-003
      vertex  7.500000e-001 -7.500000e-001 -7.812500e-003
      vertex -7.500000e-001 -7.500000e-001 -7.812500e-003
    endloop
  endfacet
  facet normal  0.000000e+000  0.000000e+000 -1.000000e+000
    outer loop
      vertex  7.500000e-001  1.250000e-001 -7.812500e-003
      vertex -7.500000e-001 -7.500000e-001 -7.812500e-003
      vertex -7.500000e-001  7.500000e-001 -7.812500e-003
    endloop
  endfacet
  facet normal  0.000000e+000  0.000000e+000 -1.000000e+000
    outer loop
      vertex  7.500000e-001  1.250000e-001 -7.812500e-003
      vertex -7.500000e-001  7.500000e-001 -7.812500e-003
      vertex  1.250000e-001  7.500000e-001 -7.812500e-003
    endloop
  endfacet
  facet normal  0.000000e+000  0.000000e+000 -1.000000e+000
    outer loop
      vertex  7.500000e-001  1.250000e-001 -7.812500e-003
      vertex  1.250000e-001  7.500000e-001 -7.812500e-003
      vertex  2.469314e-001  7.379908e-001 -7.812500e-003
    endloop
  endfacet
  facet normal  0.000000e+000  0.000000e+000 -1.000000e+000
    outer loop
      vertex  7.500000e-001  1.250000e-001 -7.812500e-003
      vertex  2.469314e-001  7.379908e-001 -7.812500e-003
      vertex  3.641771e-001  7.024247e-001 -7.812500e-003
    endloop
  endfacet
  facet normal  0.000000e+000  0.000000e+000 -1.000000e+000
    outer loop
      vertex  7.500000e-001  1.250000e-001 -7.812500e-003
      vertex  3.641771e-001  7.024247e-001 -7.812500e-003
      vertex  4.722314e-001  6.446685e-001 -7.812500e-003
    endloop
  endfacet
  facet normal  0.000000e+000  0.000000e+000 -9.999999e-001
    outer loop
      vertex  7.500000e-001  1.250000e-001 -7.812500e-003
      vertex  4.722314e-001  6.446685e-001 -7.812500e-003
      vertex  5.669417e-001  5.669417e-001 -7.812500e-003
    endloop
  endfacet
  facet normal  0.000000e+000  0.000000e+000 -1.000000e+000
    outer loop
      vertex  7.500000e-001  1.250000e-001 -7.812500e-003
      vertex  5.669417e-001  5.669417e-001 -7.812500e-003
      vertex  6.446685e-001  4.722314e-001 -7.812500e-003
    endloop
  endfacet
  facet normal  0.000000e+000  0.000000e+000 -1.000000e+000
    outer loop
      vertex  7.500000e-001  1.250000e-001 -7.812500e-003
      vertex  6.446685e-001  4.722314e-001 -7.812500e-003
      vertex  7.024247e-001  3.641771e-001 -7.812500e-003
    endloop
  endfacet
  facet normal  0.000000e+000  0.000000e+000 -1.000000e+000
    outer loop
      vertex  7.500000e-001  1.250000e-001 -7.812500e-003
      vertex  7.024247e-001  3.641771e-001 -7.812500e-003
      vertex  7.379908e-001  2.469314e-001 -7.812500e-003
    endloop
  endfacet
  facet normal  0.000000e+000  0.000000e+000  1.000000e+000
    outer loop
      vertex  7.500000e-001  1.250000e-001  0.000000e+000
      vertex  7.379908e-001  2.469314e-001  0.000000e+000
      vertex  7.024247e-001  3.641771e-001  0.000000e+000
    endloop
  endfacet
  facet normal  0.000000e+000  0.000000e+000  1.000000e+000
    outer loop
      vertex  7.500000e-001  1.250000e-001  0.000000e+000
      vertex  7.024247e-001  3.641771e-001  0.000000e+000
      vertex  6.446685e-001  4.722314e-001  0.000000e+000
    endloop
  endfacet
  facet normal  0.000000e+000  0.000000e+000  1.000000e+000
    outer loop
      vertex  7.500000e-001  1.250000e-001  0.000000e+000
      vertex  6.446685e-001  4.722314e-001  0.000000e+000
      vertex  5.669417e-001  5.669417e-001  0.000000e+000
    endloop
  endfacet
  facet normal  0.000000e+000  0.000000e+000  9.999999e-001
    outer loop
      vertex  7.500000e-001  1.250000e-001  0.000000e+000
      vertex  5.669417e-001  5.669417e-001  0.000000e+000
      vertex  4.722314e-001  6.446685e-001  0.000000e+000
    endloop
  endfacet
  facet normal  0.000000e+000  0.000000e+000  1.000000e+000
    outer loop
      vertex  7.500000e-001  1.250000e-001  0.000000e+000
      vertex  4.722314e-001  6.446685e-001  0.000000e+000
      vertex  3.641771e-001  7.024247e-001  0.000000e+000
    endloop
  endfacet
  facet normal  0.000000e+000  0.000000e+000  1.000000e+000
    outer loop
      vertex  7.500000e-001  1.250000e-001  0.000000e+000
      vertex  3.641771e-001  7.024247e-001  0.000000e+000
      vertex  2.469314e-001  7.379908e-001  0.000000e+000
    endloop
  endfacet
  facet normal  0.000000e+000  0.000000e+000  1.000000e+000
    outer loop
      vertex  7.500000e-001  1.250000e-001  0.000000e+000
      vertex  2.469314e-001  7.379908e-001  0.000000e+000
      vertex  1.250000e-001  7.500000e-001  0.000000e+000
    endloop
  endfacet
  facet normal  0.000000e+000  0.000000e+000  1.000000e+000
    outer loop
      vertex  7.500000e-001  1.250000e-001  0.000000e+000
      vertex  1.250000e-001  7.500000e-001  0.000000e+000
      vertex -7.500000e-001  7.500000e-001  0.000000e+000
    endloop
  endfacet
  facet normal  0.000000e+000  0.000000e+000  1.000000e+000
    outer loop
      vertex  7.500000e-001  1.250000e-001  0.000000e+000
      vertex -7.500000e-001  7.500000e-001  0.000000e+000
      vertex -7.500000e-001 -7.500000e-001  0.000000e+000
    endloop
  endfacet
  facet normal  0.000000e+000  0.000000e+000  1.000000e+000
    outer loop
      vertex  7.500000e-001  1.250000e-001  0.000000e+000
      vertex -7.500000e-001 -7.500000e-001  0.000000e+000
      vertex  7.500000e-001 -7.500000e-001  0.000000e+000
    endloop
  endfacet
  facet normal  0.000000e+000  1.000000e+000  0.000000e+000
    outer loop
      vertex  1.250000e-001  7.500000e-001 -7.812500e-003
      vertex -7.500000e-001  7.500000e-001 -7.812500e-003
      vertex  1.250000e-001  7.500000e-001  0.000000e+000
    endloop
  endfacet
  facet normal  0.000000e+000  1.000000e+000  0.000000e+000
    outer loop
      vertex  1.250000e-001  7.500000e-001  0.000000e+000
      vertex -7.500000e-001  7.500000e-001 -7.812500e-003
      vertex -7.500000e-001  7.500000e-001  0.000000e+000
    endloop
  endfacet
  facet normal  1.000000e+000  0.000000e+000  0.000000e+000
    outer loop
      vertex  7.500000e-001 -7.500000e-001 -7.812500e-003
      vertex  7.500000e-001  1.250000e-001 -7.812500e-003
      vertex  7.500000e-001 -7.500000e-001  0.000000e+000
    endloop
  endfacet
  facet normal  1.000000e+000  -0.000000e+000  0.000000e+000
    outer loop
      vertex  7.500000e-001 -7.500000e-001  0.000000e+000
      vertex  7.500000e-001  1.250000e-001 -7.812500e-003
      vertex  7.500000e-001  1.250000e-001  0.000000e+000
    endloop
  endfacet
  facet normal  9.951847e-001  9.801717e-002  -0.000000e+000
    outer loop
      vertex  7.500000e-001  1.250000e-001  0.000000e+000
      vertex  7.500000e-001  1.250000e-001 -7.812500e-003
      vertex  7.379908e-001  2.469314e-001  0.000000e+000
    endloop
  endfacet
  facet normal  9.951847e-001  9.801717e-002  0.000000e+000
    outer loop
      vertex  7.379908e-001  2.469314e-001  0.000000e+000
      vertex  7.500000e-001  1.250000e-001 -7.812500e-003
      vertex  7.379908e-001  2.469314e-001 -7.812500e-003
    endloop
  endfacet
  facet normal  9.569403e-001  2.902847e-001  -0.000000e+000
    outer loop
      vertex  7.379908e-001  2.469314e-001  0.000000e+000
      vertex  7.379908e-001  2.469314e-001 -7.812500e-003
      vertex  7.024247e-001  3.641771e-001  0.000000e+000
    endloop
  endfacet
  facet normal  9.569403e-001  2.902847e-001  0.000000e+000
    outer loop
      vertex  7.024247e-001  3.641771e-001  0.000000e+000
      vertex  7.379908e-001  2.469314e-001 -7.812500e-003
      vertex  7.024247e-001  3.641771e-001 -7.812500e-003
    endloop
  endfacet
  facet normal  8.819214e-001  4.713967e-001  -0.000000e+000
    outer loop
      vertex  7.024247e-001  3.641771e-001  0.000000e+000
      vertex  7.024247e-001  3.641771e-001 -7.812500e-003
      vertex  6.446685e-001  4.722314e-001  0.000000e+000
    endloop
  endfacet
  facet normal  8.819214e-001  4.713967e-001  0.000000e+000
    outer loop
      vertex  6.446685e-001  4.722314e-001  0.000000e+000
      vertex  7.024247e-001  3.641771e-001 -7.812500e-003
      vertex  6.446685e-001  4.722314e-001 -7.812500e-003
    endloop
  endfacet
  facet normal  7.730104e-001  6.343933e-001  -0.000000e+000
    outer loop
      vertex  6.446685e-001  4.722314e-001  0.000000e+000
      vertex  6.446685e-001  4.722314e-001 -7.812500e-003
      vertex  5.669417e-001  5.669417e-001  0.000000e+000
    endloop
  endfacet
  facet normal  7.730104e-001  6.343933e-001  0.000000e+000
    outer loop
      vertex  5.669417e-001  5.669417e-001  0.000000e+000
      vertex  6.446685e-001  4.722314e-001 -7.812500e-003
      vertex  5.669417e-001  5.669417e-001 -7.812500e-003
    endloop
  endfacet
  facet normal  6.343933e-001  7.730104e-001  -0.000000e+000
    outer loop
      vertex  5.669417e-001  5.669417e-001  0.000000e+000
      vertex  5.669417e-001  5.669417e-001 -7.812500e-003
      vertex  4.722314e-001  6.446685e-001  0.000000e+000
    endloop
  endfacet
  facet normal  6.343933e-001  7.730104e-001  0.000000e+000
    outer loop
      vertex  4.722314e-001  6.446685e-001  0.000000e+000
      vertex  5.669417e-001  5.669417e-001 -7.812500e-003
      vertex  4.722314e-001  6.446685e-001 -7.812500e-003
    endloop
  endfacet
  facet normal  4.713967e-001  8.819214e-001  -0.000000e+000
    outer loop
      vertex  4.722314e-001  6.446685e-001  0.000000e+000
      vertex  4.722314e-001  6.446685e-001 -7.812500e-003
      vertex  3.641771e-001  7.024247e-001  0.000000e+000
    endloop
  endfacet
  facet normal  4.713967e-001  8.819214e-001  0.000000e+000
    outer loop
      vertex  3.641771e-001  7.024247e-001  0.000000e+000
      vertex  4.722314e-001  6.446685e-001 -7.812500e-003
      vertex  3.641771e-001  7.024247e-001 -7.812500e-003
    endloop
  endfacet
  facet normal  2.902847e-001  9.569403e-001  -0.000000e+000
    outer loop
      vertex  3.641771e-001  7.024247e-001  0.000000e+000
      vertex  3.641771e-001  7.024247e-001 -7.812500e-003
      vertex  2.469314e-001  7.379908e-001  0.000000e+000
    endloop
  endfacet
  facet normal  2.902847e-001  9.569403e-001  0.000000e+000
    outer loop
      vertex  2.469314e-001  7.379908e-001  0.000000e+000
      vertex  3.641771e-001  7.024247e-001 -7.812500e-003
      vertex  2.469314e-001  7.379908e-001 -7.812500e-003
    endloop
  endfacet
  facet normal  9.801717e-002  9.951847e-001  -0.000000e+000
    outer loop
      vertex  2.469314e-001  7.379908e-001  0.000000e+000
      vertex  2.469314e-001  7.379908e-001 -7.812500e-003
      vertex  1.250000e-001  7.500000e-001  0.000000e+000
    endloop
  endfacet
  facet normal  9.801717e-002  9.951847e-001  0.000000e+000
    outer loop
      vertex  1.250000e-001  7.500000e-001  0.000000e+000
      vertex  2.469314e-001  7.379908e-001 -7.812500e-003
      vertex  1.250000e-001  7.500000e-001 -7.812500e-003
    endloop
  endfacet
  facet normal -1.000000e+000  0.000000e+000  0.000000e+000
    outer loop
      vertex -7.500000e-001  7.500000e-001 -7.812500e-003
      vertex -7.500000e-001 -7.500000e-001 -7.812500e-003
      vertex -7.500000e-001  7.500000e-001  0.000000e+000
    endloop
  endfacet
  facet normal -1.000000e+000  -0.000000e+000  0.000000e+000
    outer loop
      vertex -7.500000e-001  7.500000e-001  0.000000e+000
      vertex -7.500000e-001 -7.500000e-001 -7.812500e-003
      vertex -7.500000e-001 -7.500000e-001  0.000000e+000
    endloop
  endfacet
  facet normal  0.000000e+000 -1.000000e+000  0.000000e+000
    outer loop
      vertex -7.500000e-001 -7.500000e-001 -7.812500e-003
      vertex  7.500000e-001 -7.500000e-001 -7.812500e-003
      vertex -7.500000e-001 -7.500000e-001  0.000000e+000
    endloop
  endfacet
  facet normal  0.000000e+000 -1.000000e+000  0.000000e+000
    outer loop
      vertex -7.500000e-001 -7.500000e-001  0.000000e+000
      vertex  7.500000e-001 -7.500000e-001 -7.812500e-003
      vertex  7.500000e-001 -7.500000e-001  0.000000e+000
    endloop
  endfacet
endsolid CATIA STL
