solid CATIA STL
  facet normal  -0.000000e+000  -0.000000e+000  1.000000e+000
    outer loop
      vertex -7.500000e-001 -2.500000e-001  4.687500e-002
      vertex -7.403926e-001 -3.475451e-001  4.687500e-002
      vertex -7.119398e-001 -4.413417e-001  4.687500e-002
    endloop
  endfacet
  facet normal  -0.000000e+000  -0.000000e+000  1.000000e+000
    outer loop
      vertex -7.500000e-001 -2.500000e-001  4.687500e-002
      vertex -7.119398e-001 -4.413417e-001  4.687500e-002
      vertex -6.657348e-001 -5.277851e-001  4.687500e-002
    endloop
  endfacet
  facet normal  -0.000000e+000  -0.000000e+000  1.000000e+000
    outer loop
      vertex -7.500000e-001 -2.500000e-001  4.687500e-002
      vertex -6.657348e-001 -5.277851e-001  4.687500e-002
      vertex -6.035534e-001 -6.035534e-001  4.687500e-002
    endloop
  endfacet
  facet normal  -0.000000e+000  -0.000000e+000  1.000000e+000
    outer loop
      vertex -7.500000e-001 -2.500000e-001  4.687500e-002
      vertex -6.035534e-001 -6.035534e-001  4.687500e-002
      vertex -5.277851e-001 -6.657348e-001  4.687500e-002
    endloop
  endfacet
  facet normal  -0.000000e+000  -0.000000e+000  1.000000e+000
    outer loop
      vertex -7.500000e-001 -2.500000e-001  4.687500e-002
      vertex -5.277851e-001 -6.657348e-001  4.687500e-002
      vertex -4.413417e-001 -7.119398e-001  4.687500e-002
    endloop
  endfacet
  facet normal  -0.000000e+000  -0.000000e+000  1.000000e+000
    outer loop
      vertex -7.500000e-001 -2.500000e-001  4.687500e-002
      vertex -4.413417e-001 -7.119398e-001  4.687500e-002
      vertex -3.475451e-001 -7.403926e-001  4.687500e-002
    endloop
  endfacet
  facet normal  -0.000000e+000  -0.000000e+000  1.000000e+000
    outer loop
      vertex -7.500000e-001 -2.500000e-001  4.687500e-002
      vertex -3.475451e-001 -7.403926e-001  4.687500e-002
      vertex -2.500000e-001 -7.500000e-001  4.687500e-002
    endloop
  endfacet
  facet normal  0.000000e+000  -0.000000e+000  1.000000e+000
    outer loop
      vertex -7.500000e-001 -2.500000e-001  4.687500e-002
      vertex -2.500000e-001 -7.500000e-001  4.687500e-002
      vertex  7.500000e-001 -7.500000e-001  4.687500e-002
    endloop
  endfacet
  facet normal  0.000000e+000  -0.000000e+000  1.000000e+000
    outer loop
      vertex -7.500000e-001 -2.500000e-001  4.687500e-002
      vertex  7.500000e-001 -7.500000e-001  4.687500e-002
      vertex  7.500000e-001  7.500000e-001  4.687500e-002
    endloop
  endfacet
  facet normal  0.000000e+000  0.000000e+000  1.000000e+000
    outer loop
      vertex -7.500000e-001 -2.500000e-001  4.687500e-002
      vertex  7.500000e-001  7.500000e-001  4.687500e-002
      vertex -7.500000e-001  7.500000e-001  4.687500e-002
    endloop
  endfacet
  facet normal  0.000000e+000  0.000000e+000 -1.000000e+000
    outer loop
      vertex -7.500000e-001 -2.500000e-001  0.000000e+000
      vertex -7.500000e-001  7.500000e-001  0.000000e+000
      vertex  7.500000e-001  7.500000e-001  0.000000e+000
    endloop
  endfacet
  facet normal  0.000000e+000  -0.000000e+000 -1.000000e+000
    outer loop
      vertex -7.500000e-001 -2.500000e-001  0.000000e+000
      vertex  7.500000e-001  7.500000e-001  0.000000e+000
      vertex  7.500000e-001 -7.500000e-001  0.000000e+000
    endloop
  endfacet
  facet normal  0.000000e+000  0.000000e+000 -1.000000e+000
    outer loop
      vertex -7.500000e-001 -2.500000e-001  0.000000e+000
      vertex  7.500000e-001 -7.500000e-001  0.000000e+000
      vertex -2.500000e-001 -7.500000e-001  0.000000e+000
    endloop
  endfacet
  facet normal  0.000000e+000  0.000000e+000 -1.000000e+000
    outer loop
      vertex -7.500000e-001 -2.500000e-001  0.000000e+000
      vertex -2.500000e-001 -7.500000e-001  0.000000e+000
      vertex -3.475451e-001 -7.403926e-001  0.000000e+000
    endloop
  endfacet
  facet normal  0.000000e+000  0.000000e+000 -1.000000e+000
    outer loop
      vertex -7.500000e-001 -2.500000e-001  0.000000e+000
      vertex -3.475451e-001 -7.403926e-001  0.000000e+000
      vertex -4.413417e-001 -7.119398e-001  0.000000e+000
    endloop
  endfacet
  facet normal  0.000000e+000  0.000000e+000 -1.000000e+000
    outer loop
      vertex -7.500000e-001 -2.500000e-001  0.000000e+000
      vertex -4.413417e-001 -7.119398e-001  0.000000e+000
      vertex -5.277851e-001 -6.657348e-001  0.000000e+000
    endloop
  endfacet
  facet normal  0.000000e+000  0.000000e+000 -1.000000e+000
    outer loop
      vertex -7.500000e-001 -2.500000e-001  0.000000e+000
      vertex -5.277851e-001 -6.657348e-001  0.000000e+000
      vertex -6.035534e-001 -6.035534e-001  0.000000e+000
    endloop
  endfacet
  facet normal  0.000000e+000  0.000000e+000 -1.000000e+000
    outer loop
      vertex -7.500000e-001 -2.500000e-001  0.000000e+000
      vertex -6.035534e-001 -6.035534e-001  0.000000e+000
      vertex -6.657348e-001 -5.277851e-001  0.000000e+000
    endloop
  endfacet
  facet normal  0.000000e+000  0.000000e+000 -1.000000e+000
    outer loop
      vertex -7.500000e-001 -2.500000e-001  0.000000e+000
      vertex -6.657348e-001 -5.277851e-001  0.000000e+000
      vertex -7.119398e-001 -4.413417e-001  0.000000e+000
    endloop
  endfacet
  facet normal  0.000000e+000  0.000000e+000 -1.000000e+000
    outer loop
      vertex -7.500000e-001 -2.500000e-001  0.000000e+000
      vertex -7.119398e-001 -4.413417e-001  0.000000e+000
      vertex -7.403926e-001 -3.475451e-001  0.000000e+000
    endloop
  endfacet
  facet normal -1.000000e+000  0.000000e+000  0.000000e+000
    outer loop
      vertex -7.500000e-001  7.500000e-001  4.687500e-002
      vertex -7.500000e-001  7.500000e-001  0.000000e+000
      vertex -7.500000e-001 -2.500000e-001  4.687500e-002
    endloop
  endfacet
  facet normal -1.000000e+000  0.000000e+000  0.000000e+000
    outer loop
      vertex -7.500000e-001 -2.500000e-001  4.687500e-002
      vertex -7.500000e-001  7.500000e-001  0.000000e+000
      vertex -7.500000e-001 -2.500000e-001  0.000000e+000
    endloop
  endfacet
  facet normal  0.000000e+000 -1.000000e+000  0.000000e+000
    outer loop
      vertex -2.500000e-001 -7.500000e-001  4.687500e-002
      vertex -2.500000e-001 -7.500000e-001  0.000000e+000
      vertex  7.500000e-001 -7.500000e-001  4.687500e-002
    endloop
  endfacet
  facet normal  0.000000e+000 -1.000000e+000  -0.000000e+000
    outer loop
      vertex  7.500000e-001 -7.500000e-001  4.687500e-002
      vertex -2.500000e-001 -7.500000e-001  0.000000e+000
      vertex  7.500000e-001 -7.500000e-001  0.000000e+000
    endloop
  endfacet
  facet normal -9.801731e-002 -9.951847e-001  -0.000000e+000
    outer loop
      vertex -2.500000e-001 -7.500000e-001  0.000000e+000
      vertex -2.500000e-001 -7.500000e-001  4.687500e-002
      vertex -3.475451e-001 -7.403926e-001  0.000000e+000
    endloop
  endfacet
  facet normal -9.801731e-002 -9.951847e-001  0.000000e+000
    outer loop
      vertex -3.475451e-001 -7.403926e-001  0.000000e+000
      vertex -2.500000e-001 -7.500000e-001  4.687500e-002
      vertex -3.475451e-001 -7.403926e-001  4.687500e-002
    endloop
  endfacet
  facet normal -2.902846e-001 -9.569404e-001  -0.000000e+000
    outer loop
      vertex -3.475451e-001 -7.403926e-001  0.000000e+000
      vertex -3.475451e-001 -7.403926e-001  4.687500e-002
      vertex -4.413417e-001 -7.119398e-001  0.000000e+000
    endloop
  endfacet
  facet normal -2.902846e-001 -9.569404e-001  0.000000e+000
    outer loop
      vertex -4.413417e-001 -7.119398e-001  0.000000e+000
      vertex -3.475451e-001 -7.403926e-001  4.687500e-002
      vertex -4.413417e-001 -7.119398e-001  4.687500e-002
    endloop
  endfacet
  facet normal -4.713965e-001 -8.819214e-001  -0.000000e+000
    outer loop
      vertex -4.413417e-001 -7.119398e-001  0.000000e+000
      vertex -4.413417e-001 -7.119398e-001  4.687500e-002
      vertex -5.277851e-001 -6.657348e-001  0.000000e+000
    endloop
  endfacet
  facet normal -4.713965e-001 -8.819214e-001  0.000000e+000
    outer loop
      vertex -5.277851e-001 -6.657348e-001  0.000000e+000
      vertex -4.413417e-001 -7.119398e-001  4.687500e-002
      vertex -5.277851e-001 -6.657348e-001  4.687500e-002
    endloop
  endfacet
  facet normal -6.343932e-001 -7.730105e-001  -0.000000e+000
    outer loop
      vertex -5.277851e-001 -6.657348e-001  0.000000e+000
      vertex -5.277851e-001 -6.657348e-001  4.687500e-002
      vertex -6.035534e-001 -6.035534e-001  0.000000e+000
    endloop
  endfacet
  facet normal -6.343932e-001 -7.730105e-001  0.000000e+000
    outer loop
      vertex -6.035534e-001 -6.035534e-001  0.000000e+000
      vertex -5.277851e-001 -6.657348e-001  4.687500e-002
      vertex -6.035534e-001 -6.035534e-001  4.687500e-002
    endloop
  endfacet
  facet normal -7.730105e-001 -6.343932e-001  -0.000000e+000
    outer loop
      vertex -6.035534e-001 -6.035534e-001  0.000000e+000
      vertex -6.035534e-001 -6.035534e-001  4.687500e-002
      vertex -6.657348e-001 -5.277851e-001  0.000000e+000
    endloop
  endfacet
  facet normal -7.730105e-001 -6.343932e-001  0.000000e+000
    outer loop
      vertex -6.657348e-001 -5.277851e-001  0.000000e+000
      vertex -6.035534e-001 -6.035534e-001  4.687500e-002
      vertex -6.657348e-001 -5.277851e-001  4.687500e-002
    endloop
  endfacet
  facet normal -8.819214e-001 -4.713965e-001  -0.000000e+000
    outer loop
      vertex -6.657348e-001 -5.277851e-001  0.000000e+000
      vertex -6.657348e-001 -5.277851e-001  4.687500e-002
      vertex -7.119398e-001 -4.413417e-001  0.000000e+000
    endloop
  endfacet
  facet normal -8.819214e-001 -4.713965e-001  0.000000e+000
    outer loop
      vertex -7.119398e-001 -4.413417e-001  0.000000e+000
      vertex -6.657348e-001 -5.277851e-001  4.687500e-002
      vertex -7.119398e-001 -4.413417e-001  4.687500e-002
    endloop
  endfacet
  facet normal -9.569404e-001 -2.902846e-001  -0.000000e+000
    outer loop
      vertex -7.119398e-001 -4.413417e-001  0.000000e+000
      vertex -7.119398e-001 -4.413417e-001  4.687500e-002
      vertex -7.403926e-001 -3.475451e-001  0.000000e+000
    endloop
  endfacet
  facet normal -9.569404e-001 -2.902846e-001  0.000000e+000
    outer loop
      vertex -7.403926e-001 -3.475451e-001  0.000000e+000
      vertex -7.119398e-001 -4.413417e-001  4.687500e-002
      vertex -7.403926e-001 -3.475451e-001  4.687500e-002
    endloop
  endfacet
  facet normal -9.951847e-001 -9.801731e-002  -0.000000e+000
    outer loop
      vertex -7.403926e-001 -3.475451e-001  0.000000e+000
      vertex -7.403926e-001 -3.475451e-001  4.687500e-002
      vertex -7.500000e-001 -2.500000e-001  0.000000e+000
    endloop
  endfacet
  facet normal -9.951847e-001 -9.801731e-002  0.000000e+000
    outer loop
      vertex -7.500000e-001 -2.500000e-001  0.000000e+000
      vertex -7.403926e-001 -3.475451e-001  4.687500e-002
      vertex -7.500000e-001 -2.500000e-001  4.687500e-002
    endloop
  endfacet
  facet normal  0.000000e+000  1.000000e+000  -0.000000e+000
    outer loop
      vertex  7.500000e-001  7.500000e-001  4.687500e-002
      vertex  7.500000e-001  7.500000e-001  0.000000e+000
      vertex -7.500000e-001  7.500000e-001  4.687500e-002
    endloop
  endfacet
  facet normal  0.000000e+000  1.000000e+000  0.000000e+000
    outer loop
      vertex -7.500000e-001  7.500000e-001  4.687500e-002
      vertex  7.500000e-001  7.500000e-001  0.000000e+000
      vertex -7.500000e-001  7.500000e-001  0.000000e+000
    endloop
  endfacet
  facet normal  1.000000e+000  0.000000e+000  0.000000e+000
    outer loop
      vertex  7.500000e-001 -7.500000e-001  4.687500e-002
      vertex  7.500000e-001 -7.500000e-001  0.000000e+000
      vertex  7.500000e-001  7.500000e-001  4.687500e-002
    endloop
  endfacet
  facet normal  1.000000e+000  0.000000e+000  0.000000e+000
    outer loop
      vertex  7.500000e-001  7.500000e-001  4.687500e-002
      vertex  7.500000e-001 -7.500000e-001  0.000000e+000
      vertex  7.500000e-001  7.500000e-001  0.000000e+000
    endloop
  endfacet
endsolid CATIA STL
