solid CATIA STL
  facet normal  0.000000e+000 -1.000000e+000  0.000000e+000
    outer loop
      vertex  1.263158e-001 -3.750000e-001  6.315789e-002
      vertex  4.783777e-019 -3.750000e-001  7.812500e-003
      vertex  1.501150e-004 -3.750000e-001  6.288357e-003
    endloop
  endfacet
  facet normal  0.000000e+000 -1.000000e+000  0.000000e+000
    outer loop
      vertex  1.263158e-001 -3.750000e-001  6.315789e-002
      vertex  1.501150e-004 -3.750000e-001  6.288357e-003
      vertex  5.946911e-004 -3.750000e-001  4.822786e-003
    endloop
  endfacet
  facet normal  0.000000e+000 -1.000000e+000  0.000000e+000
    outer loop
      vertex  1.263158e-001 -3.750000e-001  6.315789e-002
      vertex  5.946911e-004 -3.750000e-001  4.822786e-003
      vertex  1.316644e-003 -3.750000e-001  3.472107e-003
    endloop
  endfacet
  facet normal  0.000000e+000 -9.999999e-001  0.000000e+000
    outer loop
      vertex  1.263158e-001 -3.750000e-001  6.315789e-002
      vertex  1.316644e-003 -3.750000e-001  3.472107e-003
      vertex  2.288228e-003 -3.750000e-001  2.288228e-003
    endloop
  endfacet
  facet normal  0.000000e+000 -1.000000e+000  0.000000e+000
    outer loop
      vertex  1.263158e-001 -3.750000e-001  6.315789e-002
      vertex  2.288228e-003 -3.750000e-001  2.288228e-003
      vertex  3.472107e-003 -3.750000e-001  1.316644e-003
    endloop
  endfacet
  facet normal  0.000000e+000 -1.000000e+000  0.000000e+000
    outer loop
      vertex  1.263158e-001 -3.750000e-001  6.315789e-002
      vertex  3.472107e-003 -3.750000e-001  1.316644e-003
      vertex  4.822786e-003 -3.750000e-001  5.946911e-004
    endloop
  endfacet
  facet normal  0.000000e+000 -1.000000e+000  0.000000e+000
    outer loop
      vertex  1.263158e-001 -3.750000e-001  6.315789e-002
      vertex  4.822786e-003 -3.750000e-001  5.946911e-004
      vertex  6.288357e-003 -3.750000e-001  1.501150e-004
    endloop
  endfacet
  facet normal  0.000000e+000 -1.000000e+000  0.000000e+000
    outer loop
      vertex  1.263158e-001 -3.750000e-001  6.315789e-002
      vertex  6.288357e-003 -3.750000e-001  1.501150e-004
      vertex  7.812500e-003 -3.750000e-001 -4.783777e-019
    endloop
  endfacet
  facet normal  0.000000e+000 -1.000000e+000  0.000000e+000
    outer loop
      vertex  1.263158e-001 -3.750000e-001  6.315789e-002
      vertex  7.812500e-003 -3.750000e-001 -4.783777e-019
      vertex  1.263158e-001 -3.750000e-001 -7.734611e-018
    endloop
  endfacet
  facet normal  0.000000e+000 -1.000000e+000  0.000000e+000
    outer loop
      vertex  3.045503e-017 -3.750000e-001  4.973684e-001
      vertex  4.783777e-019 -3.750000e-001  7.812500e-003
      vertex  3.157895e-001 -3.750000e-001  4.973684e-001
    endloop
  endfacet
  facet normal  0.000000e+000 -1.000000e+000  0.000000e+000
    outer loop
      vertex  3.157895e-001 -3.750000e-001  4.973684e-001
      vertex  4.783777e-019 -3.750000e-001  7.812500e-003
      vertex  1.263158e-001 -3.750000e-001  6.315789e-002
    endloop
  endfacet
  facet normal  0.000000e+000 -1.000000e+000  0.000000e+000
    outer loop
      vertex  3.157895e-001 -3.750000e-001  4.973684e-001
      vertex  1.263158e-001 -3.750000e-001  6.315789e-002
      vertex  7.187500e-001 -3.750000e-001  2.116328e-001
    endloop
  endfacet
  facet normal  0.000000e+000 -1.000000e+000  0.000000e+000
    outer loop
      vertex  7.187500e-001 -3.750000e-001  2.116328e-001
      vertex  1.263158e-001 -3.750000e-001  6.315789e-002
      vertex  4.973684e-001 -3.750000e-001  6.315789e-002
    endloop
  endfacet
  facet normal  0.000000e+000 -1.000000e+000  0.000000e+000
    outer loop
      vertex  7.187500e-001 -3.750000e-001  2.116328e-001
      vertex  4.973684e-001 -3.750000e-001  6.315789e-002
      vertex  7.187500e-001 -3.750000e-001  4.687500e-002
    endloop
  endfacet
  facet normal  0.000000e+000 -1.000000e+000  0.000000e+000
    outer loop
      vertex  7.187500e-001 -3.750000e-001  4.687500e-002
      vertex  4.973684e-001 -3.750000e-001  6.315789e-002
      vertex  4.973684e-001 -3.750000e-001  4.687500e-002
    endloop
  endfacet
  facet normal  0.000000e+000  1.000000e+000  -0.000000e+000
    outer loop
      vertex  1.263158e-001  0.000000e+000  6.315789e-002
      vertex  1.263158e-001  0.000000e+000 -7.734611e-018
      vertex  7.812500e-003  0.000000e+000 -4.783777e-019
    endloop
  endfacet
  facet normal  0.000000e+000  9.999999e-001  -0.000000e+000
    outer loop
      vertex  1.263158e-001  0.000000e+000  6.315789e-002
      vertex  7.812500e-003  0.000000e+000 -4.783777e-019
      vertex  6.288357e-003  0.000000e+000  1.501150e-004
    endloop
  endfacet
  facet normal  0.000000e+000  1.000000e+000  -0.000000e+000
    outer loop
      vertex  1.263158e-001  0.000000e+000  6.315789e-002
      vertex  6.288357e-003  0.000000e+000  1.501150e-004
      vertex  4.822786e-003  0.000000e+000  5.946911e-004
    endloop
  endfacet
  facet normal  0.000000e+000  1.000000e+000  -0.000000e+000
    outer loop
      vertex  1.263158e-001  0.000000e+000  6.315789e-002
      vertex  4.822786e-003  0.000000e+000  5.946911e-004
      vertex  3.472107e-003  0.000000e+000  1.316644e-003
    endloop
  endfacet
  facet normal  0.000000e+000  1.000000e+000  -0.000000e+000
    outer loop
      vertex  1.263158e-001  0.000000e+000  6.315789e-002
      vertex  3.472107e-003  0.000000e+000  1.316644e-003
      vertex  2.288228e-003  0.000000e+000  2.288228e-003
    endloop
  endfacet
  facet normal  0.000000e+000  9.999999e-001  -0.000000e+000
    outer loop
      vertex  1.263158e-001  0.000000e+000  6.315789e-002
      vertex  2.288228e-003  0.000000e+000  2.288228e-003
      vertex  1.316644e-003  0.000000e+000  3.472107e-003
    endloop
  endfacet
  facet normal  0.000000e+000  1.000000e+000  -0.000000e+000
    outer loop
      vertex  1.263158e-001  0.000000e+000  6.315789e-002
      vertex  1.316644e-003  0.000000e+000  3.472107e-003
      vertex  5.946911e-004  0.000000e+000  4.822786e-003
    endloop
  endfacet
  facet normal  0.000000e+000  1.000000e+000  -0.000000e+000
    outer loop
      vertex  1.263158e-001  0.000000e+000  6.315789e-002
      vertex  5.946911e-004  0.000000e+000  4.822786e-003
      vertex  1.501150e-004  0.000000e+000  6.288357e-003
    endloop
  endfacet
  facet normal  0.000000e+000  1.000000e+000  -0.000000e+000
    outer loop
      vertex  1.263158e-001  0.000000e+000  6.315789e-002
      vertex  1.501150e-004  0.000000e+000  6.288357e-003
      vertex  4.783777e-019  0.000000e+000  7.812500e-003
    endloop
  endfacet
  facet normal  0.000000e+000  1.000000e+000  0.000000e+000
    outer loop
      vertex  3.157895e-001  0.000000e+000  4.973684e-001
      vertex  4.783777e-019  0.000000e+000  7.812500e-003
      vertex  3.045503e-017  0.000000e+000  4.973684e-001
    endloop
  endfacet
  facet normal  0.000000e+000  1.000000e+000  0.000000e+000
    outer loop
      vertex  4.783777e-019  0.000000e+000  7.812500e-003
      vertex  3.157895e-001  0.000000e+000  4.973684e-001
      vertex  1.263158e-001  0.000000e+000  6.315789e-002
    endloop
  endfacet
  facet normal  0.000000e+000  1.000000e+000  0.000000e+000
    outer loop
      vertex  1.263158e-001  0.000000e+000  6.315789e-002
      vertex  3.157895e-001  0.000000e+000  4.973684e-001
      vertex  7.500000e-001  0.000000e+000  1.894737e-001
    endloop
  endfacet
  facet normal  0.000000e+000  1.000000e+000  0.000000e+000
    outer loop
      vertex  1.263158e-001  0.000000e+000  6.315789e-002
      vertex  7.500000e-001  0.000000e+000  1.894737e-001
      vertex  4.973684e-001  0.000000e+000  6.315789e-002
    endloop
  endfacet
  facet normal  -0.000000e+000  1.000000e+000  0.000000e+000
    outer loop
      vertex  4.973684e-001  0.000000e+000  6.315789e-002
      vertex  7.500000e-001  0.000000e+000  1.894737e-001
      vertex  7.500000e-001  0.000000e+000 -4.592425e-017
    endloop
  endfacet
  facet normal  0.000000e+000  1.000000e+000  0.000000e+000
    outer loop
      vertex  4.973684e-001  0.000000e+000  6.315789e-002
      vertex  7.500000e-001  0.000000e+000 -4.592425e-017
      vertex  4.973684e-001  0.000000e+000 -3.045503e-017
    endloop
  endfacet
  facet normal -1.000000e+000  0.000000e+000  6.123234e-017
    outer loop
      vertex  3.045503e-017 -3.750000e-001  4.973684e-001
      vertex  3.045503e-017  0.000000e+000  4.973684e-001
      vertex  4.783777e-019 -3.750000e-001  7.812500e-003
    endloop
  endfacet
  facet normal -1.000000e+000  0.000000e+000  6.123234e-017
    outer loop
      vertex  4.783777e-019 -3.750000e-001  7.812500e-003
      vertex  3.045503e-017  0.000000e+000  4.973684e-001
      vertex  4.783777e-019  0.000000e+000  7.812500e-003
    endloop
  endfacet
  facet normal -6.123234e-017  -0.000000e+000 -1.000000e+000
    outer loop
      vertex  7.812500e-003 -3.750000e-001 -4.783777e-019
      vertex  7.812500e-003  0.000000e+000 -4.783777e-019
      vertex  1.263158e-001 -3.750000e-001 -7.734611e-018
    endloop
  endfacet
  facet normal -6.123234e-017  0.000000e+000 -1.000000e+000
    outer loop
      vertex  1.263158e-001 -3.750000e-001 -7.734611e-018
      vertex  7.812500e-003  0.000000e+000 -4.783777e-019
      vertex  1.263158e-001  0.000000e+000 -7.734611e-018
    endloop
  endfacet
  facet normal -9.801715e-002  0.000000e+000 -9.951847e-001
    outer loop
      vertex  7.812500e-003  0.000000e+000 -4.783777e-019
      vertex  7.812500e-003 -3.750000e-001 -4.783777e-019
      vertex  6.288357e-003  0.000000e+000  1.501150e-004
    endloop
  endfacet
  facet normal -9.801715e-002  -0.000000e+000 -9.951847e-001
    outer loop
      vertex  6.288357e-003  0.000000e+000  1.501150e-004
      vertex  7.812500e-003 -3.750000e-001 -4.783777e-019
      vertex  6.288357e-003 -3.750000e-001  1.501150e-004
    endloop
  endfacet
  facet normal -2.902846e-001  0.000000e+000 -9.569404e-001
    outer loop
      vertex  6.288357e-003  0.000000e+000  1.501150e-004
      vertex  6.288357e-003 -3.750000e-001  1.501150e-004
      vertex  4.822786e-003  0.000000e+000  5.946911e-004
    endloop
  endfacet
  facet normal -2.902846e-001  -0.000000e+000 -9.569404e-001
    outer loop
      vertex  4.822786e-003  0.000000e+000  5.946911e-004
      vertex  6.288357e-003 -3.750000e-001  1.501150e-004
      vertex  4.822786e-003 -3.750000e-001  5.946911e-004
    endloop
  endfacet
  facet normal -4.713968e-001  0.000000e+000 -8.819212e-001
    outer loop
      vertex  4.822786e-003  0.000000e+000  5.946911e-004
      vertex  4.822786e-003 -3.750000e-001  5.946911e-004
      vertex  3.472107e-003  0.000000e+000  1.316644e-003
    endloop
  endfacet
  facet normal -4.713968e-001  -0.000000e+000 -8.819212e-001
    outer loop
      vertex  3.472107e-003  0.000000e+000  1.316644e-003
      vertex  4.822786e-003 -3.750000e-001  5.946911e-004
      vertex  3.472107e-003 -3.750000e-001  1.316644e-003
    endloop
  endfacet
  facet normal -6.343934e-001  0.000000e+000 -7.730104e-001
    outer loop
      vertex  3.472107e-003  0.000000e+000  1.316644e-003
      vertex  3.472107e-003 -3.750000e-001  1.316644e-003
      vertex  2.288228e-003  0.000000e+000  2.288228e-003
    endloop
  endfacet
  facet normal -6.343934e-001  -0.000000e+000 -7.730104e-001
    outer loop
      vertex  2.288228e-003  0.000000e+000  2.288228e-003
      vertex  3.472107e-003 -3.750000e-001  1.316644e-003
      vertex  2.288228e-003 -3.750000e-001  2.288228e-003
    endloop
  endfacet
  facet normal -7.730104e-001  0.000000e+000 -6.343934e-001
    outer loop
      vertex  2.288228e-003  0.000000e+000  2.288228e-003
      vertex  2.288228e-003 -3.750000e-001  2.288228e-003
      vertex  1.316644e-003  0.000000e+000  3.472107e-003
    endloop
  endfacet
  facet normal -7.730104e-001  -0.000000e+000 -6.343934e-001
    outer loop
      vertex  1.316644e-003  0.000000e+000  3.472107e-003
      vertex  2.288228e-003 -3.750000e-001  2.288228e-003
      vertex  1.316644e-003 -3.750000e-001  3.472107e-003
    endloop
  endfacet
  facet normal -8.819212e-001  0.000000e+000 -4.713968e-001
    outer loop
      vertex  1.316644e-003  0.000000e+000  3.472107e-003
      vertex  1.316644e-003 -3.750000e-001  3.472107e-003
      vertex  5.946911e-004  0.000000e+000  4.822786e-003
    endloop
  endfacet
  facet normal -8.819212e-001  -0.000000e+000 -4.713968e-001
    outer loop
      vertex  5.946911e-004  0.000000e+000  4.822786e-003
      vertex  1.316644e-003 -3.750000e-001  3.472107e-003
      vertex  5.946911e-004 -3.750000e-001  4.822786e-003
    endloop
  endfacet
  facet normal -9.569404e-001  0.000000e+000 -2.902846e-001
    outer loop
      vertex  5.946911e-004  0.000000e+000  4.822786e-003
      vertex  5.946911e-004 -3.750000e-001  4.822786e-003
      vertex  1.501150e-004  0.000000e+000  6.288357e-003
    endloop
  endfacet
  facet normal -9.569404e-001  -0.000000e+000 -2.902846e-001
    outer loop
      vertex  1.501150e-004  0.000000e+000  6.288357e-003
      vertex  5.946911e-004 -3.750000e-001  4.822786e-003
      vertex  1.501150e-004 -3.750000e-001  6.288357e-003
    endloop
  endfacet
  facet normal -9.951847e-001  0.000000e+000 -9.801715e-002
    outer loop
      vertex  1.501150e-004  0.000000e+000  6.288357e-003
      vertex  1.501150e-004 -3.750000e-001  6.288357e-003
      vertex  4.783777e-019  0.000000e+000  7.812500e-003
    endloop
  endfacet
  facet normal -9.951847e-001  -0.000000e+000 -9.801715e-002
    outer loop
      vertex  4.783777e-019  0.000000e+000  7.812500e-003
      vertex  1.501150e-004 -3.750000e-001  6.288357e-003
      vertex  4.783777e-019 -3.750000e-001  7.812500e-003
    endloop
  endfacet
  facet normal  0.000000e+000 -8.320503e-001 -5.547001e-001
    outer loop
      vertex  7.187500e-001 -3.750000e-001  4.687500e-002
      vertex  4.973684e-001 -3.750000e-001  4.687500e-002
      vertex  7.395833e-001 -3.437500e-001 -4.528642e-017
    endloop
  endfacet
  facet normal -4.014766e-017 -8.320503e-001 -5.547002e-001
    outer loop
      vertex  7.395833e-001 -3.437500e-001 -4.528642e-017
      vertex  4.973684e-001 -3.750000e-001  4.687500e-002
      vertex  4.973684e-001 -3.437500e-001 -2.775558e-017
    endloop
  endfacet
  facet normal  1.000000e+000  0.000000e+000  0.000000e+000
    outer loop
      vertex  7.500000e-001  0.000000e+000 -4.592425e-017
      vertex  7.500000e-001  0.000000e+000  1.894737e-001
      vertex  7.500000e-001 -3.281250e-001 -4.592425e-017
    endloop
  endfacet
  facet normal  1.000000e+000  0.000000e+000  0.000000e+000
    outer loop
      vertex  7.500000e-001 -3.281250e-001 -4.592425e-017
      vertex  7.500000e-001  0.000000e+000  1.894737e-001
      vertex  7.500000e-001 -3.281250e-001  1.894737e-001
    endloop
  endfacet
  facet normal -7.237722e-017 -7.852967e-018 -9.999999e-001
    outer loop
      vertex  4.973684e-001 -3.437500e-001 -2.775558e-017
      vertex  4.973684e-001  0.000000e+000 -3.045503e-017
      vertex  7.395833e-001 -3.437500e-001 -4.528642e-017
    endloop
  endfacet
  facet normal -6.123234e-017  6.823500e-024 -1.000000e+000
    outer loop
      vertex  7.395833e-001 -3.437500e-001 -4.528642e-017
      vertex  4.973684e-001  0.000000e+000 -3.045503e-017
      vertex  7.500000e-001  0.000000e+000 -4.592425e-017
    endloop
  endfacet
  facet normal -6.123210e-017  -0.000000e+000 -9.999999e-001
    outer loop
      vertex  7.395833e-001 -3.437500e-001 -4.528642e-017
      vertex  7.500000e-001  0.000000e+000 -4.592425e-017
      vertex  7.500000e-001 -3.281250e-001 -4.592425e-017
    endloop
  endfacet
  facet normal  5.784288e-001  -0.000000e+000  8.157330e-001
    outer loop
      vertex  3.157895e-001  0.000000e+000  4.973684e-001
      vertex  3.157895e-001 -3.750000e-001  4.973684e-001
      vertex  7.500000e-001  0.000000e+000  1.894737e-001
    endloop
  endfacet
  facet normal  5.784287e-001 -1.305232e-008  8.157329e-001
    outer loop
      vertex  7.500000e-001  0.000000e+000  1.894737e-001
      vertex  3.157895e-001 -3.750000e-001  4.973684e-001
      vertex  7.187500e-001 -3.750000e-001  2.116328e-001
    endloop
  endfacet
  facet normal  5.784287e-001  0.000000e+000  8.157330e-001
    outer loop
      vertex  7.500000e-001  0.000000e+000  1.894737e-001
      vertex  7.187500e-001 -3.750000e-001  2.116328e-001
      vertex  7.500000e-001 -3.281250e-001  1.894737e-001
    endloop
  endfacet
  facet normal  8.320498e-001 -5.547010e-001 -1.058006e-006
    outer loop
      vertex  7.395833e-001 -3.437500e-001 -4.528642e-017
      vertex  7.500000e-001 -3.281250e-001 -4.592425e-017
      vertex  7.187500e-001 -3.750000e-001  4.687500e-002
    endloop
  endfacet
  facet normal  8.320503e-001 -5.547002e-001  0.000000e+000
    outer loop
      vertex  7.187500e-001 -3.750000e-001  4.687500e-002
      vertex  7.500000e-001 -3.281250e-001 -4.592425e-017
      vertex  7.500000e-001 -3.281250e-001  1.894737e-001
    endloop
  endfacet
  facet normal  8.320503e-001 -5.547002e-001  0.000000e+000
    outer loop
      vertex  7.187500e-001 -3.750000e-001  4.687500e-002
      vertex  7.500000e-001 -3.281250e-001  1.894737e-001
      vertex  7.187500e-001 -3.750000e-001  2.116328e-001
    endloop
  endfacet
  facet normal -1.000000e+000  0.000000e+000  0.000000e+000
    outer loop
      vertex  4.973684e-001  0.000000e+000  6.315789e-002
      vertex  4.973684e-001  0.000000e+000 -3.045503e-017
      vertex  4.973684e-001 -3.750000e-001  6.315789e-002
    endloop
  endfacet
  facet normal -1.000000e+000  0.000000e+000  0.000000e+000
    outer loop
      vertex  4.973684e-001 -3.750000e-001  6.315789e-002
      vertex  4.973684e-001  0.000000e+000 -3.045503e-017
      vertex  4.973684e-001 -3.437500e-001 -2.775558e-017
    endloop
  endfacet
  facet normal -1.000000e+000  0.000000e+000  0.000000e+000
    outer loop
      vertex  4.973684e-001 -3.750000e-001  6.315789e-002
      vertex  4.973684e-001 -3.437500e-001 -2.775558e-017
      vertex  4.973684e-001 -3.750000e-001  4.687500e-002
    endloop
  endfacet
  facet normal  -0.000000e+000  0.000000e+000  1.000000e+000
    outer loop
      vertex  3.157895e-001  0.000000e+000  4.973684e-001
      vertex  3.045503e-017  0.000000e+000  4.973684e-001
      vertex  3.157895e-001 -3.750000e-001  4.973684e-001
    endloop
  endfacet
  facet normal  0.000000e+000  0.000000e+000  1.000000e+000
    outer loop
      vertex  3.157895e-001 -3.750000e-001  4.973684e-001
      vertex  3.045503e-017  0.000000e+000  4.973684e-001
      vertex  3.045503e-017 -3.750000e-001  4.973684e-001
    endloop
  endfacet
  facet normal  -0.000000e+000  0.000000e+000 -1.000000e+000
    outer loop
      vertex  1.263158e-001  0.000000e+000  6.315789e-002
      vertex  4.973684e-001  0.000000e+000  6.315789e-002
      vertex  1.263158e-001 -3.750000e-001  6.315789e-002
    endloop
  endfacet
  facet normal  0.000000e+000  0.000000e+000 -1.000000e+000
    outer loop
      vertex  1.263158e-001 -3.750000e-001  6.315789e-002
      vertex  4.973684e-001  0.000000e+000  6.315789e-002
      vertex  4.973684e-001 -3.750000e-001  6.315789e-002
    endloop
  endfacet
  facet normal  1.000000e+000  0.000000e+000  0.000000e+000
    outer loop
      vertex  1.263158e-001  0.000000e+000 -7.734611e-018
      vertex  1.263158e-001  0.000000e+000  6.315789e-002
      vertex  1.263158e-001 -3.750000e-001 -7.734611e-018
    endloop
  endfacet
  facet normal  1.000000e+000  0.000000e+000  0.000000e+000
    outer loop
      vertex  1.263158e-001 -3.750000e-001 -7.734611e-018
      vertex  1.263158e-001  0.000000e+000  6.315789e-002
      vertex  1.263158e-001 -3.750000e-001  6.315789e-002
    endloop
  endfacet
endsolid CATIA STL
