solid CATIA STL
  facet normal  0.000000e+000  1.000000e+000  0.000000e+000
    outer loop
      vertex  7.248466e-001  0.000000e+000  4.967680e-001
      vertex  7.307088e-001  0.000000e+000  4.949897e-001
      vertex  7.187500e-001  0.000000e+000  4.973684e-001
    endloop
  endfacet
  facet normal  0.000000e+000  9.999999e-001  -0.000000e+000
    outer loop
      vertex  7.500000e-001  0.000000e+000  4.661184e-001
      vertex  7.500000e-001  0.000000e+000 -4.592425e-017
      vertex  4.296875e-001  0.000000e+000 -2.631077e-017
    endloop
  endfacet
  facet normal  0.000000e+000  1.000000e+000  -0.000000e+000
    outer loop
      vertex  7.500000e-001  0.000000e+000  4.661184e-001
      vertex  4.296875e-001  0.000000e+000 -2.631077e-017
      vertex  3.458596e-001  0.000000e+000  8.256325e-003
    endloop
  endfacet
  facet normal  0.000000e+000  1.000000e+000  -0.000000e+000
    outer loop
      vertex  7.500000e-001  0.000000e+000  4.661184e-001
      vertex  3.458596e-001  0.000000e+000  8.256325e-003
      vertex  2.652532e-001  0.000000e+000  3.270801e-002
    endloop
  endfacet
  facet normal  0.000000e+000  1.000000e+000  -0.000000e+000
    outer loop
      vertex  7.500000e-001  0.000000e+000  4.661184e-001
      vertex  2.652532e-001  0.000000e+000  3.270801e-002
      vertex  1.909659e-001  0.000000e+000  7.241540e-002
    endloop
  endfacet
  facet normal  0.000000e+000  1.000000e+000  -0.000000e+000
    outer loop
      vertex  7.500000e-001  0.000000e+000  4.661184e-001
      vertex  1.909659e-001  0.000000e+000  7.241540e-002
      vertex  1.258526e-001  0.000000e+000  1.258526e-001
    endloop
  endfacet
  facet normal  0.000000e+000  1.000000e+000  -0.000000e+000
    outer loop
      vertex  7.500000e-001  0.000000e+000  4.661184e-001
      vertex  1.258526e-001  0.000000e+000  1.258526e-001
      vertex  7.241540e-002  0.000000e+000  1.909659e-001
    endloop
  endfacet
  facet normal  0.000000e+000  1.000000e+000  -0.000000e+000
    outer loop
      vertex  7.500000e-001  0.000000e+000  4.661184e-001
      vertex  7.241540e-002  0.000000e+000  1.909659e-001
      vertex  3.270801e-002  0.000000e+000  2.652532e-001
    endloop
  endfacet
  facet normal  0.000000e+000  1.000000e+000  -0.000000e+000
    outer loop
      vertex  7.500000e-001  0.000000e+000  4.661184e-001
      vertex  3.270801e-002  0.000000e+000  2.652532e-001
      vertex  8.256325e-003  0.000000e+000  3.458596e-001
    endloop
  endfacet
  facet normal  0.000000e+000  1.000000e+000  -0.000000e+000
    outer loop
      vertex  7.500000e-001  0.000000e+000  4.661184e-001
      vertex  8.256325e-003  0.000000e+000  3.458596e-001
      vertex  2.631077e-017  0.000000e+000  4.296875e-001
    endloop
  endfacet
  facet normal  0.000000e+000  9.999999e-001  0.000000e+000
    outer loop
      vertex  3.045503e-017  0.000000e+000  4.973684e-001
      vertex  7.187500e-001  0.000000e+000  4.973684e-001
      vertex  7.307088e-001  0.000000e+000  4.949897e-001
    endloop
  endfacet
  facet normal  0.000000e+000  1.000000e+000  0.000000e+000
    outer loop
      vertex  3.045503e-017  0.000000e+000  4.973684e-001
      vertex  7.307088e-001  0.000000e+000  4.949897e-001
      vertex  7.361116e-001  0.000000e+000  4.921018e-001
    endloop
  endfacet
  facet normal  0.000000e+000  1.000000e+000  0.000000e+000
    outer loop
      vertex  3.045503e-017  0.000000e+000  4.973684e-001
      vertex  7.361116e-001  0.000000e+000  4.921018e-001
      vertex  7.408471e-001  0.000000e+000  4.882155e-001
    endloop
  endfacet
  facet normal  0.000000e+000  1.000000e+000  0.000000e+000
    outer loop
      vertex  3.045503e-017  0.000000e+000  4.973684e-001
      vertex  7.408471e-001  0.000000e+000  4.882155e-001
      vertex  7.447335e-001  0.000000e+000  4.834800e-001
    endloop
  endfacet
  facet normal  0.000000e+000  1.000000e+000  0.000000e+000
    outer loop
      vertex  3.045503e-017  0.000000e+000  4.973684e-001
      vertex  7.447335e-001  0.000000e+000  4.834800e-001
      vertex  7.476212e-001  0.000000e+000  4.780773e-001
    endloop
  endfacet
  facet normal  0.000000e+000  9.999999e-001  0.000000e+000
    outer loop
      vertex  3.045503e-017  0.000000e+000  4.973684e-001
      vertex  7.476212e-001  0.000000e+000  4.780773e-001
      vertex  7.493995e-001  0.000000e+000  4.722150e-001
    endloop
  endfacet
  facet normal  0.000000e+000  1.000000e+000  0.000000e+000
    outer loop
      vertex  3.045503e-017  0.000000e+000  4.973684e-001
      vertex  7.493995e-001  0.000000e+000  4.722150e-001
      vertex  7.500000e-001  0.000000e+000  4.661184e-001
    endloop
  endfacet
  facet normal  0.000000e+000  1.000000e+000  0.000000e+000
    outer loop
      vertex  3.045503e-017  0.000000e+000  4.973684e-001
      vertex  7.500000e-001  0.000000e+000  4.661184e-001
      vertex  2.631077e-017  0.000000e+000  4.296875e-001
    endloop
  endfacet
  facet normal  0.000000e+000 -1.000000e+000  -0.000000e+000
    outer loop
      vertex  7.500000e-001 -3.750000e-001  4.348684e-001
      vertex  2.662801e-017 -3.750000e-001  4.348684e-001
      vertex  2.631077e-017 -3.750000e-001  4.296875e-001
    endloop
  endfacet
  facet normal  0.000000e+000 -1.000000e+000  0.000000e+000
    outer loop
      vertex  7.500000e-001 -3.750000e-001  4.348684e-001
      vertex  2.631077e-017 -3.750000e-001  4.296875e-001
      vertex  8.256325e-003 -3.750000e-001  3.458596e-001
    endloop
  endfacet
  facet normal  0.000000e+000 -9.999999e-001  0.000000e+000
    outer loop
      vertex  7.500000e-001 -3.750000e-001  4.348684e-001
      vertex  8.256325e-003 -3.750000e-001  3.458596e-001
      vertex  3.270801e-002 -3.750000e-001  2.652532e-001
    endloop
  endfacet
  facet normal  0.000000e+000 -1.000000e+000  0.000000e+000
    outer loop
      vertex  7.500000e-001 -3.750000e-001  4.348684e-001
      vertex  3.270801e-002 -3.750000e-001  2.652532e-001
      vertex  7.241540e-002 -3.750000e-001  1.909659e-001
    endloop
  endfacet
  facet normal  0.000000e+000 -9.999999e-001  0.000000e+000
    outer loop
      vertex  7.500000e-001 -3.750000e-001  4.348684e-001
      vertex  7.241540e-002 -3.750000e-001  1.909659e-001
      vertex  1.258526e-001 -3.750000e-001  1.258526e-001
    endloop
  endfacet
  facet normal  0.000000e+000 -9.999999e-001  0.000000e+000
    outer loop
      vertex  7.500000e-001 -3.750000e-001  4.348684e-001
      vertex  1.258526e-001 -3.750000e-001  1.258526e-001
      vertex  1.909659e-001 -3.750000e-001  7.241540e-002
    endloop
  endfacet
  facet normal  0.000000e+000 -1.000000e+000  0.000000e+000
    outer loop
      vertex  7.500000e-001 -3.750000e-001  4.348684e-001
      vertex  1.909659e-001 -3.750000e-001  7.241540e-002
      vertex  2.652532e-001 -3.750000e-001  3.270801e-002
    endloop
  endfacet
  facet normal  0.000000e+000 -1.000000e+000  0.000000e+000
    outer loop
      vertex  7.500000e-001 -3.750000e-001  4.348684e-001
      vertex  2.652532e-001 -3.750000e-001  3.270801e-002
      vertex  3.458596e-001 -3.750000e-001  8.256325e-003
    endloop
  endfacet
  facet normal  0.000000e+000 -1.000000e+000  0.000000e+000
    outer loop
      vertex  7.500000e-001 -3.750000e-001  4.348684e-001
      vertex  3.458596e-001 -3.750000e-001  8.256325e-003
      vertex  4.296875e-001 -3.750000e-001 -2.631077e-017
    endloop
  endfacet
  facet normal  0.000000e+000 -1.000000e+000  0.000000e+000
    outer loop
      vertex  7.500000e-001 -3.750000e-001  4.348684e-001
      vertex  4.296875e-001 -3.750000e-001 -2.631077e-017
      vertex  7.500000e-001 -3.750000e-001 -4.592425e-017
    endloop
  endfacet
  facet normal -1.000000e+000  1.344222e-016 -7.453010e-016
    outer loop
      vertex  0.000000e+000 -2.265625e-001  4.973684e-001
      vertex  3.045503e-017  0.000000e+000  4.973684e-001
      vertex  2.662801e-017 -3.750000e-001  4.348684e-001
    endloop
  endfacet
  facet normal -1.000000e+000 -1.408791e-025  6.123236e-017
    outer loop
      vertex  2.662801e-017 -3.750000e-001  4.348684e-001
      vertex  3.045503e-017  0.000000e+000  4.973684e-001
      vertex  2.631077e-017  0.000000e+000  4.296875e-001
    endloop
  endfacet
  facet normal -1.000000e+000  0.000000e+000  6.123237e-017
    outer loop
      vertex  2.662801e-017 -3.750000e-001  4.348684e-001
      vertex  2.631077e-017  0.000000e+000  4.296875e-001
      vertex  2.631077e-017 -3.750000e-001  4.296875e-001
    endloop
  endfacet
  facet normal -6.123234e-017  -0.000000e+000 -9.999999e-001
    outer loop
      vertex  4.296875e-001 -3.750000e-001 -2.631077e-017
      vertex  4.296875e-001  0.000000e+000 -2.631077e-017
      vertex  7.500000e-001 -3.750000e-001 -4.592425e-017
    endloop
  endfacet
  facet normal -6.123234e-017  0.000000e+000 -9.999999e-001
    outer loop
      vertex  7.500000e-001 -3.750000e-001 -4.592425e-017
      vertex  4.296875e-001  0.000000e+000 -2.631077e-017
      vertex  7.500000e-001  0.000000e+000 -4.592425e-017
    endloop
  endfacet
  facet normal -9.801713e-002  0.000000e+000 -9.951847e-001
    outer loop
      vertex  4.296875e-001  0.000000e+000 -2.631077e-017
      vertex  4.296875e-001 -3.750000e-001 -2.631077e-017
      vertex  3.458596e-001  0.000000e+000  8.256325e-003
    endloop
  endfacet
  facet normal -9.801713e-002  -0.000000e+000 -9.951847e-001
    outer loop
      vertex  3.458596e-001  0.000000e+000  8.256325e-003
      vertex  4.296875e-001 -3.750000e-001 -2.631077e-017
      vertex  3.458596e-001 -3.750000e-001  8.256325e-003
    endloop
  endfacet
  facet normal -2.902847e-001  0.000000e+000 -9.569403e-001
    outer loop
      vertex  3.458596e-001  0.000000e+000  8.256325e-003
      vertex  3.458596e-001 -3.750000e-001  8.256325e-003
      vertex  2.652532e-001  0.000000e+000  3.270801e-002
    endloop
  endfacet
  facet normal -2.902847e-001  -0.000000e+000 -9.569403e-001
    outer loop
      vertex  2.652532e-001  0.000000e+000  3.270801e-002
      vertex  3.458596e-001 -3.750000e-001  8.256325e-003
      vertex  2.652532e-001 -3.750000e-001  3.270801e-002
    endloop
  endfacet
  facet normal -4.713968e-001  0.000000e+000 -8.819212e-001
    outer loop
      vertex  2.652532e-001  0.000000e+000  3.270801e-002
      vertex  2.652532e-001 -3.750000e-001  3.270801e-002
      vertex  1.909659e-001  0.000000e+000  7.241540e-002
    endloop
  endfacet
  facet normal -4.713968e-001  -0.000000e+000 -8.819212e-001
    outer loop
      vertex  1.909659e-001  0.000000e+000  7.241540e-002
      vertex  2.652532e-001 -3.750000e-001  3.270801e-002
      vertex  1.909659e-001 -3.750000e-001  7.241540e-002
    endloop
  endfacet
  facet normal -6.343933e-001  0.000000e+000 -7.730105e-001
    outer loop
      vertex  1.909659e-001  0.000000e+000  7.241540e-002
      vertex  1.909659e-001 -3.750000e-001  7.241540e-002
      vertex  1.258526e-001  0.000000e+000  1.258526e-001
    endloop
  endfacet
  facet normal -6.343933e-001  -0.000000e+000 -7.730105e-001
    outer loop
      vertex  1.258526e-001  0.000000e+000  1.258526e-001
      vertex  1.909659e-001 -3.750000e-001  7.241540e-002
      vertex  1.258526e-001 -3.750000e-001  1.258526e-001
    endloop
  endfacet
  facet normal -7.730105e-001  0.000000e+000 -6.343933e-001
    outer loop
      vertex  1.258526e-001  0.000000e+000  1.258526e-001
      vertex  1.258526e-001 -3.750000e-001  1.258526e-001
      vertex  7.241540e-002  0.000000e+000  1.909659e-001
    endloop
  endfacet
  facet normal -7.730105e-001  -0.000000e+000 -6.343933e-001
    outer loop
      vertex  7.241540e-002  0.000000e+000  1.909659e-001
      vertex  1.258526e-001 -3.750000e-001  1.258526e-001
      vertex  7.241540e-002 -3.750000e-001  1.909659e-001
    endloop
  endfacet
  facet normal -8.819212e-001  0.000000e+000 -4.713968e-001
    outer loop
      vertex  7.241540e-002  0.000000e+000  1.909659e-001
      vertex  7.241540e-002 -3.750000e-001  1.909659e-001
      vertex  3.270801e-002  0.000000e+000  2.652532e-001
    endloop
  endfacet
  facet normal -8.819212e-001  -0.000000e+000 -4.713968e-001
    outer loop
      vertex  3.270801e-002  0.000000e+000  2.652532e-001
      vertex  7.241540e-002 -3.750000e-001  1.909659e-001
      vertex  3.270801e-002 -3.750000e-001  2.652532e-001
    endloop
  endfacet
  facet normal -9.569403e-001  0.000000e+000 -2.902847e-001
    outer loop
      vertex  3.270801e-002  0.000000e+000  2.652532e-001
      vertex  3.270801e-002 -3.750000e-001  2.652532e-001
      vertex  8.256325e-003  0.000000e+000  3.458596e-001
    endloop
  endfacet
  facet normal -9.569403e-001  -0.000000e+000 -2.902847e-001
    outer loop
      vertex  8.256325e-003  0.000000e+000  3.458596e-001
      vertex  3.270801e-002 -3.750000e-001  2.652532e-001
      vertex  8.256325e-003 -3.750000e-001  3.458596e-001
    endloop
  endfacet
  facet normal -9.951847e-001  0.000000e+000 -9.801713e-002
    outer loop
      vertex  8.256325e-003  0.000000e+000  3.458596e-001
      vertex  8.256325e-003 -3.750000e-001  3.458596e-001
      vertex  2.631077e-017  0.000000e+000  4.296875e-001
    endloop
  endfacet
  facet normal -9.951847e-001  -0.000000e+000 -9.801713e-002
    outer loop
      vertex  2.631077e-017  0.000000e+000  4.296875e-001
      vertex  8.256325e-003 -3.750000e-001  3.458596e-001
      vertex  2.631077e-017 -3.750000e-001  4.296875e-001
    endloop
  endfacet
  facet normal  0.000000e+000 -3.880570e-001  9.216354e-001
    outer loop
      vertex  0.000000e+000 -2.265625e-001  4.973684e-001
      vertex  2.662801e-017 -3.750000e-001  4.348684e-001
      vertex  7.187500e-001 -2.265625e-001  4.973684e-001
    endloop
  endfacet
  facet normal -5.425313e-006 -3.880570e-001  9.216353e-001
    outer loop
      vertex  7.500000e-001 -3.750000e-001  4.348684e-001
      vertex  7.500000e-001 -3.007813e-001  4.661184e-001
      vertex  7.476019e-001 -2.722948e-001  4.781127e-001
    endloop
  endfacet
  facet normal  1.172004e-006 -3.880569e-001  9.216354e-001
    outer loop
      vertex  7.500000e-001 -3.750000e-001  4.348684e-001
      vertex  7.476019e-001 -2.722948e-001  4.781127e-001
      vertex  7.446628e-001 -2.593180e-001  4.835766e-001
    endloop
  endfacet
  facet normal  3.215295e-007 -3.880569e-001  9.216354e-001
    outer loop
      vertex  7.500000e-001 -3.750000e-001  4.348684e-001
      vertex  7.446628e-001 -2.593180e-001  4.835766e-001
      vertex  7.401786e-001 -2.467595e-001  4.888644e-001
    endloop
  endfacet
  facet normal  2.336274e-006 -3.880568e-001  9.216355e-001
    outer loop
      vertex  7.500000e-001 -3.750000e-001  4.348684e-001
      vertex  7.401786e-001 -2.467595e-001  4.888644e-001
      vertex  7.347217e-001 -2.369884e-001  4.929786e-001
    endloop
  endfacet
  facet normal -3.207322e-006 -3.880573e-001  9.216353e-001
    outer loop
      vertex  7.500000e-001 -3.750000e-001  4.348684e-001
      vertex  7.347217e-001 -2.369884e-001  4.929786e-001
      vertex  7.305902e-001 -2.320960e-001  4.950385e-001
    endloop
  endfacet
  facet normal  9.463064e-006 -3.880558e-001  9.216359e-001
    outer loop
      vertex  7.500000e-001 -3.750000e-001  4.348684e-001
      vertex  7.305902e-001 -2.320960e-001  4.950385e-001
      vertex  7.283179e-001 -2.301267e-001  4.958677e-001
    endloop
  endfacet
  facet normal -2.962235e-008 -3.880571e-001  9.216354e-001
    outer loop
      vertex  7.500000e-001 -3.750000e-001  4.348684e-001
      vertex  7.283179e-001 -2.301267e-001  4.958677e-001
      vertex  7.260922e-001 -2.286401e-001  4.964937e-001
    endloop
  endfacet
  facet normal  1.903742e-006 -3.880568e-001  9.216355e-001
    outer loop
      vertex  7.500000e-001 -3.750000e-001  4.348684e-001
      vertex  7.260922e-001 -2.286401e-001  4.964937e-001
      vertex  7.236487e-001 -2.274801e-001  4.969821e-001
    endloop
  endfacet
  facet normal -6.997711e-006 -3.880581e-001  9.216349e-001
    outer loop
      vertex  7.500000e-001 -3.750000e-001  4.348684e-001
      vertex  7.236487e-001 -2.274801e-001  4.969821e-001
      vertex  7.212481e-001 -2.268000e-001  4.972684e-001
    endloop
  endfacet
  facet normal  2.362051e-006 -3.880566e-001  9.216356e-001
    outer loop
      vertex  7.500000e-001 -3.750000e-001  4.348684e-001
      vertex  7.212481e-001 -2.268000e-001  4.972684e-001
      vertex  7.187500e-001 -2.265625e-001  4.973684e-001
    endloop
  endfacet
  facet normal  0.000000e+000 -3.880570e-001  9.216354e-001
    outer loop
      vertex  7.500000e-001 -3.750000e-001  4.348684e-001
      vertex  7.187500e-001 -2.265625e-001  4.973684e-001
      vertex  2.662801e-017 -3.750000e-001  4.348684e-001
    endloop
  endfacet
  facet normal  0.000000e+000  0.000000e+000  1.000000e+000
    outer loop
      vertex  7.187500e-001 -2.265625e-001  4.973684e-001
      vertex  7.187500e-001  0.000000e+000  4.973684e-001
      vertex  0.000000e+000 -2.265625e-001  4.973684e-001
    endloop
  endfacet
  facet normal  0.000000e+000  0.000000e+000  1.000000e+000
    outer loop
      vertex  0.000000e+000 -2.265625e-001  4.973684e-001
      vertex  7.187500e-001  0.000000e+000  4.973684e-001
      vertex  3.045503e-017  0.000000e+000  4.973684e-001
    endloop
  endfacet
  facet normal  1.000000e+000  0.000000e+000  0.000000e+000
    outer loop
      vertex  7.500000e-001 -3.750000e-001 -4.592425e-017
      vertex  7.500000e-001  0.000000e+000 -4.592425e-017
      vertex  7.500000e-001 -3.750000e-001  4.348684e-001
    endloop
  endfacet
  facet normal  1.000000e+000  -0.000000e+000  0.000000e+000
    outer loop
      vertex  7.500000e-001 -3.750000e-001  4.348684e-001
      vertex  7.500000e-001  0.000000e+000 -4.592425e-017
      vertex  7.500000e-001  0.000000e+000  4.661184e-001
    endloop
  endfacet
  facet normal  1.000000e+000  0.000000e+000  0.000000e+000
    outer loop
      vertex  7.500000e-001 -3.750000e-001  4.348684e-001
      vertex  7.500000e-001  0.000000e+000  4.661184e-001
      vertex  7.500000e-001 -3.007813e-001  4.661184e-001
    endloop
  endfacet
  facet normal  9.796116e-001 -2.116230e-003  2.008895e-001
    outer loop
      vertex  7.500000e-001 -3.007813e-001  4.661184e-001
      vertex  7.493995e-001  0.000000e+000  4.722150e-001
      vertex  7.476019e-001 -2.722948e-001  4.781127e-001
    endloop
  endfacet
  facet normal  9.951847e-001  0.000000e+000  9.801669e-002
    outer loop
      vertex  7.500000e-001 -3.007813e-001  4.661184e-001
      vertex  7.500000e-001  0.000000e+000  4.661184e-001
      vertex  7.493995e-001  0.000000e+000  4.722150e-001
    endloop
  endfacet
  facet normal  9.801621e-002  6.407335e-004  9.951847e-001
    outer loop
      vertex  7.187500e-001  0.000000e+000  4.973684e-001
      vertex  7.212481e-001 -2.268000e-001  4.972684e-001
      vertex  7.248466e-001  0.000000e+000  4.967680e-001
    endloop
  endfacet
  facet normal  4.000517e-002  -0.000000e+000  9.991995e-001
    outer loop
      vertex  7.187500e-001  0.000000e+000  4.973684e-001
      vertex  7.187500e-001 -2.265625e-001  4.973684e-001
      vertex  7.212481e-001 -2.268000e-001  4.972684e-001
    endloop
  endfacet
  facet normal  1.185149e-001  3.105655e-004  9.929522e-001
    outer loop
      vertex  7.248466e-001  0.000000e+000  4.967680e-001
      vertex  7.212481e-001 -2.268000e-001  4.972684e-001
      vertex  7.236487e-001 -2.274801e-001  4.969821e-001
    endloop
  endfacet
  facet normal  1.959630e-001 -1.089005e-004  9.806114e-001
    outer loop
      vertex  7.248466e-001  0.000000e+000  4.967680e-001
      vertex  7.236487e-001 -2.274801e-001  4.969821e-001
      vertex  7.260922e-001 -2.286401e-001  4.964937e-001
    endloop
  endfacet
  facet normal  2.902869e-001  4.333454e-004  9.569396e-001
    outer loop
      vertex  7.248466e-001  0.000000e+000  4.967680e-001
      vertex  7.260922e-001 -2.286401e-001  4.964937e-001
      vertex  7.307088e-001  0.000000e+000  4.949897e-001
    endloop
  endfacet
  facet normal  2.712703e-001  8.539214e-004  9.625028e-001
    outer loop
      vertex  7.307088e-001  0.000000e+000  4.949897e-001
      vertex  7.260922e-001 -2.286401e-001  4.964937e-001
      vertex  7.283179e-001 -2.301267e-001  4.958677e-001
    endloop
  endfacet
  facet normal  3.428096e-001  2.250971e-005  9.394048e-001
    outer loop
      vertex  7.307088e-001  0.000000e+000  4.949897e-001
      vertex  7.283179e-001 -2.301267e-001  4.958677e-001
      vertex  7.305902e-001 -2.320960e-001  4.950385e-001
    endloop
  endfacet
  facet normal  4.461738e-001 -3.967136e-005  8.949464e-001
    outer loop
      vertex  7.307088e-001  0.000000e+000  4.949897e-001
      vertex  7.305902e-001 -2.320960e-001  4.950385e-001
      vertex  7.347217e-001 -2.369884e-001  4.929786e-001
    endloop
  endfacet
  facet normal  4.713952e-001  4.979180e-004  8.819219e-001
    outer loop
      vertex  7.307088e-001  0.000000e+000  4.949897e-001
      vertex  7.347217e-001 -2.369884e-001  4.929786e-001
      vertex  7.361116e-001  0.000000e+000  4.921018e-001
    endloop
  endfacet
  facet normal  6.013580e-001 -5.711457e-004  7.989795e-001
    outer loop
      vertex  7.361116e-001  0.000000e+000  4.921018e-001
      vertex  7.347217e-001 -2.369884e-001  4.929786e-001
      vertex  7.401786e-001 -2.467595e-001  4.888644e-001
    endloop
  endfacet
  facet normal  6.343926e-001  3.140231e-004  7.730110e-001
    outer loop
      vertex  7.361116e-001  0.000000e+000  4.921018e-001
      vertex  7.401786e-001 -2.467595e-001  4.888644e-001
      vertex  7.408471e-001  0.000000e+000  4.882155e-001
    endloop
  endfacet
  facet normal  7.622553e-001 -3.630201e-004  6.472763e-001
    outer loop
      vertex  7.408471e-001  0.000000e+000  4.882155e-001
      vertex  7.401786e-001 -2.467595e-001  4.888644e-001
      vertex  7.446628e-001 -2.593180e-001  4.835766e-001
    endloop
  endfacet
  facet normal  7.730109e-001  2.571502e-005  6.343927e-001
    outer loop
      vertex  7.408471e-001  0.000000e+000  4.882155e-001
      vertex  7.446628e-001 -2.593180e-001  4.835766e-001
      vertex  7.447335e-001  0.000000e+000  4.834800e-001
    endloop
  endfacet
  facet normal  8.806107e-001 -6.345553e-005  4.738405e-001
    outer loop
      vertex  7.447335e-001  0.000000e+000  4.834800e-001
      vertex  7.446628e-001 -2.593180e-001  4.835766e-001
      vertex  7.476019e-001 -2.722948e-001  4.781127e-001
    endloop
  endfacet
  facet normal  8.819219e-001 -1.448153e-006  4.713955e-001
    outer loop
      vertex  7.447335e-001  0.000000e+000  4.834800e-001
      vertex  7.476019e-001 -2.722948e-001  4.781127e-001
      vertex  7.476212e-001  0.000000e+000  4.780773e-001
    endloop
  endfacet
  facet normal  9.569405e-001 -3.033413e-005  2.902842e-001
    outer loop
      vertex  7.493995e-001  0.000000e+000  4.722150e-001
      vertex  7.476212e-001  0.000000e+000  4.780773e-001
      vertex  7.476019e-001 -2.722948e-001  4.781127e-001
    endloop
  endfacet
endsolid CATIA STL
