solid CATIA STL
  facet normal  0.000000e+000 -1.000000e+000  0.000000e+000
    outer loop
      vertex -2.343750e-002 -8.593750e-002 -1.640625e-001
      vertex  8.026316e-002 -8.593750e-002 -1.640625e-001
      vertex -2.343750e-002 -8.593750e-002  1.718750e-001
    endloop
  endfacet
  facet normal  0.000000e+000 -1.000000e+000  0.000000e+000
    outer loop
      vertex -2.343750e-002 -8.593750e-002  1.718750e-001
      vertex  8.026316e-002 -8.593750e-002 -1.640625e-001
      vertex  8.026316e-002 -8.593750e-002  1.718750e-001
    endloop
  endfacet
  facet normal -1.000000e+000  -0.000000e+000  0.000000e+000
    outer loop
      vertex -8.593750e-002 -2.343750e-002  1.718750e-001
      vertex -8.593750e-002  8.593750e-002  1.718750e-001
      vertex -8.593750e-002 -2.343750e-002 -1.640625e-001
    endloop
  endfacet
  facet normal -1.000000e+000  0.000000e+000  0.000000e+000
    outer loop
      vertex -8.593750e-002 -2.343750e-002 -1.640625e-001
      vertex -8.593750e-002  8.593750e-002  1.718750e-001
      vertex -8.593750e-002  8.593750e-002 -1.640625e-001
    endloop
  endfacet
  facet normal  0.000000e+000  0.000000e+000  1.000000e+000
    outer loop
      vertex  8.026316e-002 -8.593750e-002  1.718750e-001
      vertex  8.026316e-002  8.593750e-002  1.718750e-001
      vertex -8.593750e-002  8.593750e-002  1.718750e-001
    endloop
  endfacet
  facet normal  0.000000e+000  0.000000e+000  1.000000e+000
    outer loop
      vertex  8.026316e-002 -8.593750e-002  1.718750e-001
      vertex -8.593750e-002  8.593750e-002  1.718750e-001
      vertex -8.593750e-002 -2.343750e-002  1.718750e-001
    endloop
  endfacet
  facet normal  0.000000e+000  0.000000e+000  1.000000e+000
    outer loop
      vertex  8.026316e-002 -8.593750e-002  1.718750e-001
      vertex -8.593750e-002 -2.343750e-002  1.718750e-001
      vertex -8.473658e-002 -3.563064e-002  1.718750e-001
    endloop
  endfacet
  facet normal  0.000000e+000  0.000000e+000  1.000000e+000
    outer loop
      vertex  8.026316e-002 -8.593750e-002  1.718750e-001
      vertex -8.473658e-002 -3.563064e-002  1.718750e-001
      vertex -8.117997e-002 -4.735522e-002  1.718750e-001
    endloop
  endfacet
  facet normal  0.000000e+000  0.000000e+000  9.999999e-001
    outer loop
      vertex  8.026316e-002 -8.593750e-002  1.718750e-001
      vertex -8.117997e-002 -4.735522e-002  1.718750e-001
      vertex -7.540435e-002 -5.816064e-002  1.718750e-001
    endloop
  endfacet
  facet normal  0.000000e+000  0.000000e+000  1.000000e+000
    outer loop
      vertex  8.026316e-002 -8.593750e-002  1.718750e-001
      vertex -7.540435e-002 -5.816064e-002  1.718750e-001
      vertex -6.763168e-002 -6.763168e-002  1.718750e-001
    endloop
  endfacet
  facet normal  0.000000e+000  0.000000e+000  9.999999e-001
    outer loop
      vertex  8.026316e-002 -8.593750e-002  1.718750e-001
      vertex -6.763168e-002 -6.763168e-002  1.718750e-001
      vertex -5.816064e-002 -7.540435e-002  1.718750e-001
    endloop
  endfacet
  facet normal  0.000000e+000  0.000000e+000  1.000000e+000
    outer loop
      vertex  8.026316e-002 -8.593750e-002  1.718750e-001
      vertex -5.816064e-002 -7.540435e-002  1.718750e-001
      vertex -4.735522e-002 -8.117997e-002  1.718750e-001
    endloop
  endfacet
  facet normal  0.000000e+000  0.000000e+000  1.000000e+000
    outer loop
      vertex  8.026316e-002 -8.593750e-002  1.718750e-001
      vertex -4.735522e-002 -8.117997e-002  1.718750e-001
      vertex -3.563064e-002 -8.473658e-002  1.718750e-001
    endloop
  endfacet
  facet normal  0.000000e+000  0.000000e+000  1.000000e+000
    outer loop
      vertex  8.026316e-002 -8.593750e-002  1.718750e-001
      vertex -3.563064e-002 -8.473658e-002  1.718750e-001
      vertex -2.343750e-002 -8.593750e-002  1.718750e-001
    endloop
  endfacet
  facet normal  0.000000e+000  0.000000e+000 -1.000000e+000
    outer loop
      vertex  8.026316e-002 -8.593750e-002 -1.640625e-001
      vertex -2.343750e-002 -8.593750e-002 -1.640625e-001
      vertex -3.563064e-002 -8.473658e-002 -1.640625e-001
    endloop
  endfacet
  facet normal  0.000000e+000  0.000000e+000 -1.000000e+000
    outer loop
      vertex  8.026316e-002 -8.593750e-002 -1.640625e-001
      vertex -3.563064e-002 -8.473658e-002 -1.640625e-001
      vertex -4.735522e-002 -8.117997e-002 -1.640625e-001
    endloop
  endfacet
  facet normal  0.000000e+000  0.000000e+000 -1.000000e+000
    outer loop
      vertex  8.026316e-002 -8.593750e-002 -1.640625e-001
      vertex -4.735522e-002 -8.117997e-002 -1.640625e-001
      vertex -5.816064e-002 -7.540435e-002 -1.640625e-001
    endloop
  endfacet
  facet normal  0.000000e+000  0.000000e+000 -1.000000e+000
    outer loop
      vertex  8.026316e-002 -8.593750e-002 -1.640625e-001
      vertex -5.816064e-002 -7.540435e-002 -1.640625e-001
      vertex -6.763168e-002 -6.763168e-002 -1.640625e-001
    endloop
  endfacet
  facet normal  0.000000e+000  0.000000e+000 -1.000000e+000
    outer loop
      vertex  8.026316e-002 -8.593750e-002 -1.640625e-001
      vertex -6.763168e-002 -6.763168e-002 -1.640625e-001
      vertex -7.540435e-002 -5.816064e-002 -1.640625e-001
    endloop
  endfacet
  facet normal  0.000000e+000  0.000000e+000 -9.999999e-001
    outer loop
      vertex  8.026316e-002 -8.593750e-002 -1.640625e-001
      vertex -7.540435e-002 -5.816064e-002 -1.640625e-001
      vertex -8.117997e-002 -4.735522e-002 -1.640625e-001
    endloop
  endfacet
  facet normal  0.000000e+000  0.000000e+000 -1.000000e+000
    outer loop
      vertex  8.026316e-002 -8.593750e-002 -1.640625e-001
      vertex -8.117997e-002 -4.735522e-002 -1.640625e-001
      vertex -8.473658e-002 -3.563064e-002 -1.640625e-001
    endloop
  endfacet
  facet normal  0.000000e+000  0.000000e+000 -1.000000e+000
    outer loop
      vertex  8.026316e-002 -8.593750e-002 -1.640625e-001
      vertex -8.473658e-002 -3.563064e-002 -1.640625e-001
      vertex -8.593750e-002 -2.343750e-002 -1.640625e-001
    endloop
  endfacet
  facet normal  0.000000e+000  0.000000e+000 -1.000000e+000
    outer loop
      vertex  8.026316e-002 -8.593750e-002 -1.640625e-001
      vertex -8.593750e-002 -2.343750e-002 -1.640625e-001
      vertex -8.593750e-002  8.593750e-002 -1.640625e-001
    endloop
  endfacet
  facet normal  0.000000e+000  0.000000e+000 -1.000000e+000
    outer loop
      vertex  8.026316e-002 -8.593750e-002 -1.640625e-001
      vertex -8.593750e-002  8.593750e-002 -1.640625e-001
      vertex  8.026316e-002  8.593750e-002 -1.640625e-001
    endloop
  endfacet
  facet normal -9.951847e-001 -9.801731e-002  0.000000e+000
    outer loop
      vertex -8.593750e-002 -2.343750e-002  1.718750e-001
      vertex -8.593750e-002 -2.343750e-002 -1.640625e-001
      vertex -8.473658e-002 -3.563064e-002  1.718750e-001
    endloop
  endfacet
  facet normal -9.951847e-001 -9.801731e-002  -0.000000e+000
    outer loop
      vertex -8.473658e-002 -3.563064e-002  1.718750e-001
      vertex -8.593750e-002 -2.343750e-002 -1.640625e-001
      vertex -8.473658e-002 -3.563064e-002 -1.640625e-001
    endloop
  endfacet
  facet normal -9.569404e-001 -2.902846e-001  0.000000e+000
    outer loop
      vertex -8.473658e-002 -3.563064e-002  1.718750e-001
      vertex -8.473658e-002 -3.563064e-002 -1.640625e-001
      vertex -8.117997e-002 -4.735522e-002  1.718750e-001
    endloop
  endfacet
  facet normal -9.569404e-001 -2.902846e-001  -0.000000e+000
    outer loop
      vertex -8.117997e-002 -4.735522e-002  1.718750e-001
      vertex -8.473658e-002 -3.563064e-002 -1.640625e-001
      vertex -8.117997e-002 -4.735522e-002 -1.640625e-001
    endloop
  endfacet
  facet normal -8.819214e-001 -4.713964e-001  0.000000e+000
    outer loop
      vertex -8.117997e-002 -4.735522e-002  1.718750e-001
      vertex -8.117997e-002 -4.735522e-002 -1.640625e-001
      vertex -7.540435e-002 -5.816064e-002  1.718750e-001
    endloop
  endfacet
  facet normal -8.819214e-001 -4.713964e-001  -0.000000e+000
    outer loop
      vertex -7.540435e-002 -5.816064e-002  1.718750e-001
      vertex -8.117997e-002 -4.735522e-002 -1.640625e-001
      vertex -7.540435e-002 -5.816064e-002 -1.640625e-001
    endloop
  endfacet
  facet normal -7.730106e-001 -6.343932e-001  0.000000e+000
    outer loop
      vertex -7.540435e-002 -5.816064e-002  1.718750e-001
      vertex -7.540435e-002 -5.816064e-002 -1.640625e-001
      vertex -6.763168e-002 -6.763168e-002  1.718750e-001
    endloop
  endfacet
  facet normal -7.730106e-001 -6.343932e-001  -0.000000e+000
    outer loop
      vertex -6.763168e-002 -6.763168e-002  1.718750e-001
      vertex -7.540435e-002 -5.816064e-002 -1.640625e-001
      vertex -6.763168e-002 -6.763168e-002 -1.640625e-001
    endloop
  endfacet
  facet normal -6.343932e-001 -7.730106e-001  0.000000e+000
    outer loop
      vertex -6.763168e-002 -6.763168e-002  1.718750e-001
      vertex -6.763168e-002 -6.763168e-002 -1.640625e-001
      vertex -5.816064e-002 -7.540435e-002  1.718750e-001
    endloop
  endfacet
  facet normal -6.343932e-001 -7.730106e-001  -0.000000e+000
    outer loop
      vertex -5.816064e-002 -7.540435e-002  1.718750e-001
      vertex -6.763168e-002 -6.763168e-002 -1.640625e-001
      vertex -5.816064e-002 -7.540435e-002 -1.640625e-001
    endloop
  endfacet
  facet normal -4.713964e-001 -8.819214e-001  0.000000e+000
    outer loop
      vertex -5.816064e-002 -7.540435e-002  1.718750e-001
      vertex -5.816064e-002 -7.540435e-002 -1.640625e-001
      vertex -4.735522e-002 -8.117997e-002  1.718750e-001
    endloop
  endfacet
  facet normal -4.713964e-001 -8.819214e-001  -0.000000e+000
    outer loop
      vertex -4.735522e-002 -8.117997e-002  1.718750e-001
      vertex -5.816064e-002 -7.540435e-002 -1.640625e-001
      vertex -4.735522e-002 -8.117997e-002 -1.640625e-001
    endloop
  endfacet
  facet normal -2.902846e-001 -9.569404e-001  0.000000e+000
    outer loop
      vertex -4.735522e-002 -8.117997e-002  1.718750e-001
      vertex -4.735522e-002 -8.117997e-002 -1.640625e-001
      vertex -3.563064e-002 -8.473658e-002  1.718750e-001
    endloop
  endfacet
  facet normal -2.902846e-001 -9.569404e-001  -0.000000e+000
    outer loop
      vertex -3.563064e-002 -8.473658e-002  1.718750e-001
      vertex -4.735522e-002 -8.117997e-002 -1.640625e-001
      vertex -3.563064e-002 -8.473658e-002 -1.640625e-001
    endloop
  endfacet
  facet normal -9.801731e-002 -9.951847e-001  0.000000e+000
    outer loop
      vertex -3.563064e-002 -8.473658e-002  1.718750e-001
      vertex -3.563064e-002 -8.473658e-002 -1.640625e-001
      vertex -2.343750e-002 -8.593750e-002  1.718750e-001
    endloop
  endfacet
  facet normal -9.801731e-002 -9.951847e-001  -0.000000e+000
    outer loop
      vertex -2.343750e-002 -8.593750e-002  1.718750e-001
      vertex -3.563064e-002 -8.473658e-002 -1.640625e-001
      vertex -2.343750e-002 -8.593750e-002 -1.640625e-001
    endloop
  endfacet
  facet normal  0.000000e+000  1.000000e+000  0.000000e+000
    outer loop
      vertex -8.593750e-002  8.593750e-002 -1.640625e-001
      vertex -8.593750e-002  8.593750e-002  1.718750e-001
      vertex  8.026316e-002  8.593750e-002 -1.640625e-001
    endloop
  endfacet
  facet normal  0.000000e+000  1.000000e+000  -0.000000e+000
    outer loop
      vertex  8.026316e-002  8.593750e-002 -1.640625e-001
      vertex -8.593750e-002  8.593750e-002  1.718750e-001
      vertex  8.026316e-002  8.593750e-002  1.718750e-001
    endloop
  endfacet
  facet normal  1.000000e+000  0.000000e+000  0.000000e+000
    outer loop
      vertex  8.026316e-002 -8.593750e-002 -1.640625e-001
      vertex  8.026316e-002  8.593750e-002 -1.640625e-001
      vertex  8.026316e-002 -8.593750e-002  1.718750e-001
    endloop
  endfacet
  facet normal  1.000000e+000  -0.000000e+000  0.000000e+000
    outer loop
      vertex  8.026316e-002 -8.593750e-002  1.718750e-001
      vertex  8.026316e-002  8.593750e-002 -1.640625e-001
      vertex  8.026316e-002  8.593750e-002  1.718750e-001
    endloop
  endfacet
endsolid CATIA STL
