solid CATIA STL
  facet normal  0.000000e+000 -9.991331e-001  4.163073e-002
    outer loop
      vertex  2.343750e-002 -2.343750e-002  5.625000e-001
      vertex -9.868840e-003 -2.330160e-002  5.657617e-001
      vertex -7.812500e-003 -2.343750e-002  5.625000e-001
    endloop
  endfacet
  facet normal -8.548642e-007 -9.991331e-001  4.163020e-002
    outer loop
      vertex -9.868840e-003 -2.330160e-002  5.657617e-001
      vertex -8.929813e-003 -2.339750e-002  5.634600e-001
      vertex -7.812500e-003 -2.343750e-002  5.625000e-001
    endloop
  endfacet
  facet normal -1.637182e-001 -9.823091e-001  9.091276e-002
    outer loop
      vertex  2.343750e-002 -1.562500e-002  7.500000e-001
      vertex -2.343750e-002 -7.812500e-003  7.500000e-001
      vertex -1.614913e-002 -2.102769e-002  6.203355e-001
    endloop
  endfacet
  facet normal -1.844996e-007 -9.991331e-001  4.163059e-002
    outer loop
      vertex  2.343750e-002 -1.562500e-002  7.500000e-001
      vertex -1.614913e-002 -2.102769e-002  6.203355e-001
      vertex -1.369040e-002 -2.228180e-002  5.902368e-001
    endloop
  endfacet
  facet normal  1.275093e-007 -9.991331e-001  4.163052e-002
    outer loop
      vertex  2.343750e-002 -1.562500e-002  7.500000e-001
      vertex -1.369040e-002 -2.228180e-002  5.902368e-001
      vertex -1.185202e-002 -2.290630e-002  5.752487e-001
    endloop
  endfacet
  facet normal  1.591029e-007 -9.991331e-001  4.163051e-002
    outer loop
      vertex  2.343750e-002 -1.562500e-002  7.500000e-001
      vertex -1.185202e-002 -2.290630e-002  5.752487e-001
      vertex -9.868840e-003 -2.330160e-002  5.657617e-001
    endloop
  endfacet
  facet normal -1.862539e-008 -9.991331e-001  4.163054e-002
    outer loop
      vertex  2.343750e-002 -1.562500e-002  7.500000e-001
      vertex -9.868840e-003 -2.330160e-002  5.657617e-001
      vertex  2.343750e-002 -2.343750e-002  5.625000e-001
    endloop
  endfacet
  facet normal -1.000000e+000  0.000000e+000  0.000000e+000
    outer loop
      vertex -2.343750e-002  2.343750e-002  0.000000e+000
      vertex -2.343750e-002 -7.812500e-003  0.000000e+000
      vertex -2.343750e-002  2.343750e-002  7.500000e-001
    endloop
  endfacet
  facet normal -1.000000e+000  -0.000000e+000  0.000000e+000
    outer loop
      vertex -2.343750e-002  2.343750e-002  7.500000e-001
      vertex -2.343750e-002 -7.812500e-003  0.000000e+000
      vertex -2.343750e-002 -7.812500e-003  7.500000e-001
    endloop
  endfacet
  facet normal  0.000000e+000 -1.000000e+000  0.000000e+000
    outer loop
      vertex -7.812500e-003 -2.343750e-002  0.000000e+000
      vertex  2.343750e-002 -2.343750e-002  0.000000e+000
      vertex -7.812500e-003 -2.343750e-002  5.625000e-001
    endloop
  endfacet
  facet normal  0.000000e+000 -1.000000e+000  0.000000e+000
    outer loop
      vertex -7.812500e-003 -2.343750e-002  5.625000e-001
      vertex  2.343750e-002 -2.343750e-002  0.000000e+000
      vertex  2.343750e-002 -2.343750e-002  5.625000e-001
    endloop
  endfacet
  facet normal  0.000000e+000  0.000000e+000 -9.999999e-001
    outer loop
      vertex -2.224812e-002 -1.379193e-002  0.000000e+000
      vertex  2.343750e-002 -2.343750e-002  0.000000e+000
      vertex -7.812500e-003 -2.343750e-002  0.000000e+000
    endloop
  endfacet
  facet normal  0.000000e+000  0.000000e+000 -1.000000e+000
    outer loop
      vertex  2.343750e-002  2.343750e-002  0.000000e+000
      vertex  2.343750e-002 -2.343750e-002  0.000000e+000
      vertex -2.224812e-002 -1.379193e-002  0.000000e+000
    endloop
  endfacet
  facet normal  0.000000e+000  0.000000e+000 -1.000000e+000
    outer loop
      vertex  2.343750e-002  2.343750e-002  0.000000e+000
      vertex -2.224812e-002 -1.379193e-002  0.000000e+000
      vertex -2.313727e-002 -1.086079e-002  0.000000e+000
    endloop
  endfacet
  facet normal  0.000000e+000  0.000000e+000 -1.000000e+000
    outer loop
      vertex  2.343750e-002  2.343750e-002  0.000000e+000
      vertex -2.313727e-002 -1.086079e-002  0.000000e+000
      vertex -2.343750e-002 -7.812500e-003  0.000000e+000
    endloop
  endfacet
  facet normal  0.000000e+000  0.000000e+000 -1.000000e+000
    outer loop
      vertex  2.343750e-002  2.343750e-002  0.000000e+000
      vertex -2.343750e-002 -7.812500e-003  0.000000e+000
      vertex -2.343750e-002  2.343750e-002  0.000000e+000
    endloop
  endfacet
  facet normal  0.000000e+000  0.000000e+000 -1.000000e+000
    outer loop
      vertex -1.086079e-002 -2.313727e-002  0.000000e+000
      vertex -1.379193e-002 -2.224812e-002  0.000000e+000
      vertex -1.649329e-002 -2.080421e-002  0.000000e+000
    endloop
  endfacet
  facet normal  0.000000e+000  0.000000e+000 -9.999999e-001
    outer loop
      vertex -1.086079e-002 -2.313727e-002  0.000000e+000
      vertex -1.649329e-002 -2.080421e-002  0.000000e+000
      vertex -1.886104e-002 -1.886104e-002  0.000000e+000
    endloop
  endfacet
  facet normal  0.000000e+000  0.000000e+000 -1.000000e+000
    outer loop
      vertex -1.086079e-002 -2.313727e-002  0.000000e+000
      vertex -1.886104e-002 -1.886104e-002  0.000000e+000
      vertex -2.080421e-002 -1.649329e-002  0.000000e+000
    endloop
  endfacet
  facet normal  0.000000e+000  0.000000e+000 -1.000000e+000
    outer loop
      vertex -1.086079e-002 -2.313727e-002  0.000000e+000
      vertex -2.080421e-002 -1.649329e-002  0.000000e+000
      vertex -2.224812e-002 -1.379193e-002  0.000000e+000
    endloop
  endfacet
  facet normal  0.000000e+000  0.000000e+000 -1.000000e+000
    outer loop
      vertex -1.086079e-002 -2.313727e-002  0.000000e+000
      vertex -2.224812e-002 -1.379193e-002  0.000000e+000
      vertex -7.812500e-003 -2.343750e-002  0.000000e+000
    endloop
  endfacet
  facet normal  0.000000e+000  0.000000e+000  1.000000e+000
    outer loop
      vertex -2.343750e-002 -7.812500e-003  7.500000e-001
      vertex  2.343750e-002 -1.562500e-002  7.500000e-001
      vertex -2.343750e-002  2.343750e-002  7.500000e-001
    endloop
  endfacet
  facet normal  -0.000000e+000  0.000000e+000  1.000000e+000
    outer loop
      vertex -2.343750e-002  2.343750e-002  7.500000e-001
      vertex  2.343750e-002 -1.562500e-002  7.500000e-001
      vertex  2.343750e-002  2.343750e-002  7.500000e-001
    endloop
  endfacet
  facet normal -9.801730e-002 -9.951847e-001 -1.237148e-004
    outer loop
      vertex -7.812500e-003 -2.343750e-002  0.000000e+000
      vertex -8.929813e-003 -2.339750e-002  5.634600e-001
      vertex -1.086079e-002 -2.313727e-002  0.000000e+000
    endloop
  endfacet
  facet normal -3.577752e-002 -9.993598e-001  -0.000000e+000
    outer loop
      vertex -7.812500e-003 -2.343750e-002  0.000000e+000
      vertex -7.812500e-003 -2.343750e-002  5.625000e-001
      vertex -8.929813e-003 -2.339750e-002  5.634600e-001
    endloop
  endfacet
  facet normal -1.018703e-001 -9.947977e-001 -1.103319e-004
    outer loop
      vertex -1.086079e-002 -2.313727e-002  0.000000e+000
      vertex -8.929813e-003 -2.339750e-002  5.634600e-001
      vertex -9.868840e-003 -2.330160e-002  5.657617e-001
    endloop
  endfacet
  facet normal -1.952128e-001 -9.807609e-001  5.740186e-005
    outer loop
      vertex -9.868840e-003 -2.330160e-002  5.657617e-001
      vertex -1.185202e-002 -2.290630e-002  5.752487e-001
      vertex -1.086079e-002 -2.313727e-002  0.000000e+000
    endloop
  endfacet
  facet normal -2.902846e-001 -9.569404e-001 -1.159848e-004
    outer loop
      vertex -1.086079e-002 -2.313727e-002  0.000000e+000
      vertex -1.185202e-002 -2.290630e-002  5.752487e-001
      vertex -1.379193e-002 -2.224812e-002  0.000000e+000
    endloop
  endfacet
  facet normal -3.216417e-001 -9.468615e-001  1.292225e-006
    outer loop
      vertex -1.379193e-002 -2.224812e-002  0.000000e+000
      vertex -1.185202e-002 -2.290630e-002  5.752487e-001
      vertex -1.369040e-002 -2.228180e-002  5.902368e-001
    endloop
  endfacet
  facet normal -9.951847e-001 -9.801731e-002  0.000000e+000
    outer loop
      vertex -2.343750e-002 -7.812500e-003  0.000000e+000
      vertex -2.313727e-002 -1.086079e-002  0.000000e+000
      vertex -2.343750e-002 -7.812500e-003  7.500000e-001
    endloop
  endfacet
  facet normal -8.686523e-001 -4.954193e-001  1.665845e-003
    outer loop
      vertex -1.614913e-002 -2.102769e-002  6.203355e-001
      vertex -2.343750e-002 -7.812500e-003  7.500000e-001
      vertex -2.313727e-002 -1.086079e-002  0.000000e+000
    endloop
  endfacet
  facet normal -9.569231e-001 -2.902794e-001  6.022336e-003
    outer loop
      vertex -1.614913e-002 -2.102769e-002  6.203355e-001
      vertex -2.313727e-002 -1.086079e-002  0.000000e+000
      vertex -2.224812e-002 -1.379193e-002  0.000000e+000
    endloop
  endfacet
  facet normal -8.819170e-001 -4.713941e-001  3.172324e-003
    outer loop
      vertex -1.614913e-002 -2.102769e-002  6.203355e-001
      vertex -2.224812e-002 -1.379193e-002  0.000000e+000
      vertex -2.080421e-002 -1.649329e-002  0.000000e+000
    endloop
  endfacet
  facet normal -7.730100e-001 -6.343928e-001  1.163616e-003
    outer loop
      vertex -1.614913e-002 -2.102769e-002  6.203355e-001
      vertex -2.080421e-002 -1.649329e-002  0.000000e+000
      vertex -1.886104e-002 -1.886104e-002  0.000000e+000
    endloop
  endfacet
  facet normal -6.343932e-001 -7.730106e-001  7.347707e-005
    outer loop
      vertex -1.614913e-002 -2.102769e-002  6.203355e-001
      vertex -1.886104e-002 -1.886104e-002  0.000000e+000
      vertex -1.649329e-002 -2.080421e-002  0.000000e+000
    endloop
  endfacet
  facet normal -4.713964e-001 -8.819214e-001 -5.618616e-005
    outer loop
      vertex -1.614913e-002 -2.102769e-002  6.203355e-001
      vertex -1.649329e-002 -2.080421e-002  0.000000e+000
      vertex -1.379193e-002 -2.224812e-002  0.000000e+000
    endloop
  endfacet
  facet normal -4.541068e-001 -8.909472e-001  2.726969e-005
    outer loop
      vertex -1.614913e-002 -2.102769e-002  6.203355e-001
      vertex -1.379193e-002 -2.224812e-002  0.000000e+000
      vertex -1.369040e-002 -2.228180e-002  5.902368e-001
    endloop
  endfacet
  facet normal  1.000000e+000  0.000000e+000  0.000000e+000
    outer loop
      vertex  2.343750e-002 -2.343750e-002  0.000000e+000
      vertex  2.343750e-002  2.343750e-002  0.000000e+000
      vertex  2.343750e-002 -2.343750e-002  5.625000e-001
    endloop
  endfacet
  facet normal  1.000000e+000  -0.000000e+000  0.000000e+000
    outer loop
      vertex  2.343750e-002 -2.343750e-002  5.625000e-001
      vertex  2.343750e-002  2.343750e-002  0.000000e+000
      vertex  2.343750e-002  2.343750e-002  7.500000e-001
    endloop
  endfacet
  facet normal  1.000000e+000  0.000000e+000  0.000000e+000
    outer loop
      vertex  2.343750e-002 -2.343750e-002  5.625000e-001
      vertex  2.343750e-002  2.343750e-002  7.500000e-001
      vertex  2.343750e-002 -1.562500e-002  7.500000e-001
    endloop
  endfacet
  facet normal  0.000000e+000  1.000000e+000  0.000000e+000
    outer loop
      vertex  2.343750e-002  2.343750e-002  0.000000e+000
      vertex -2.343750e-002  2.343750e-002  0.000000e+000
      vertex  2.343750e-002  2.343750e-002  7.500000e-001
    endloop
  endfacet
  facet normal  0.000000e+000  1.000000e+000  0.000000e+000
    outer loop
      vertex  2.343750e-002  2.343750e-002  7.500000e-001
      vertex -2.343750e-002  2.343750e-002  0.000000e+000
      vertex -2.343750e-002  2.343750e-002  7.500000e-001
    endloop
  endfacet
endsolid CATIA STL
