solid CATIA STL
  facet normal  -0.000000e+000  0.000000e+000  1.000000e+000
    outer loop
      vertex  3.986842e-001 -3.004112e-001  5.000000e-001
      vertex -2.467105e-004 -3.004112e-001  5.000000e-001
      vertex  5.000000e-001 -4.460526e-001  5.000000e-001
    endloop
  endfacet
  facet normal  0.000000e+000  0.000000e+000  1.000000e+000
    outer loop
      vertex  5.000000e-001 -4.460526e-001  5.000000e-001
      vertex -2.467105e-004 -3.004112e-001  5.000000e-001
      vertex -1.015625e-001 -4.460526e-001  5.000000e-001
    endloop
  endfacet
  facet normal  -0.000000e+000  0.000000e+000  1.000000e+000
    outer loop
      vertex  5.000000e-001 -4.460526e-001  5.000000e-001
      vertex -1.015625e-001 -4.460526e-001  5.000000e-001
      vertex  3.480263e-001 -5.980263e-001  5.000000e-001
    endloop
  endfacet
  facet normal  0.000000e+000  0.000000e+000  1.000000e+000
    outer loop
      vertex  3.480263e-001 -5.980263e-001  5.000000e-001
      vertex -1.015625e-001 -4.460526e-001  5.000000e-001
      vertex  5.041118e-002 -5.980263e-001  5.000000e-001
    endloop
  endfacet
  facet normal  0.000000e+000  0.000000e+000  1.000000e+000
    outer loop
      vertex -1.015625e-001 -7.500000e-001  5.000000e-001
      vertex  5.041118e-002 -7.500000e-001  5.000000e-001
      vertex -1.015625e-001 -4.460526e-001  5.000000e-001
    endloop
  endfacet
  facet normal  0.000000e+000  0.000000e+000  1.000000e+000
    outer loop
      vertex -1.015625e-001 -4.460526e-001  5.000000e-001
      vertex  5.041118e-002 -7.500000e-001  5.000000e-001
      vertex  5.041118e-002 -5.980263e-001  5.000000e-001
    endloop
  endfacet
  facet normal  0.000000e+000  0.000000e+000  1.000000e+000
    outer loop
      vertex  3.480263e-001 -7.500000e-001  5.000000e-001
      vertex  5.000000e-001 -7.500000e-001  5.000000e-001
      vertex  3.480263e-001 -5.980263e-001  5.000000e-001
    endloop
  endfacet
  facet normal  -0.000000e+000  0.000000e+000  1.000000e+000
    outer loop
      vertex  3.480263e-001 -5.980263e-001  5.000000e-001
      vertex  5.000000e-001 -7.500000e-001  5.000000e-001
      vertex  5.000000e-001 -4.460526e-001  5.000000e-001
    endloop
  endfacet
  facet normal  0.000000e+000  0.000000e+000 -1.000000e+000
    outer loop
      vertex  3.986842e-001 -3.004112e-001  0.000000e+000
      vertex  5.000000e-001 -4.460526e-001  0.000000e+000
      vertex -2.467105e-004 -3.004112e-001  0.000000e+000
    endloop
  endfacet
  facet normal  0.000000e+000  -0.000000e+000 -1.000000e+000
    outer loop
      vertex -2.467105e-004 -3.004112e-001  0.000000e+000
      vertex  5.000000e-001 -4.460526e-001  0.000000e+000
      vertex -1.015625e-001 -4.460526e-001  0.000000e+000
    endloop
  endfacet
  facet normal  0.000000e+000  0.000000e+000 -1.000000e+000
    outer loop
      vertex  5.000000e-001 -4.460526e-001  0.000000e+000
      vertex  3.480263e-001 -5.980263e-001  0.000000e+000
      vertex -1.015625e-001 -4.460526e-001  0.000000e+000
    endloop
  endfacet
  facet normal  0.000000e+000  0.000000e+000 -1.000000e+000
    outer loop
      vertex -1.015625e-001 -4.460526e-001  0.000000e+000
      vertex  3.480263e-001 -5.980263e-001  0.000000e+000
      vertex  5.041118e-002 -5.980263e-001  0.000000e+000
    endloop
  endfacet
  facet normal  0.000000e+000  0.000000e+000 -1.000000e+000
    outer loop
      vertex -1.015625e-001 -7.500000e-001  0.000000e+000
      vertex -1.015625e-001 -4.460526e-001  0.000000e+000
      vertex  5.041118e-002 -7.500000e-001  0.000000e+000
    endloop
  endfacet
  facet normal  0.000000e+000  0.000000e+000 -1.000000e+000
    outer loop
      vertex  5.041118e-002 -7.500000e-001  0.000000e+000
      vertex -1.015625e-001 -4.460526e-001  0.000000e+000
      vertex  5.041118e-002 -5.980263e-001  0.000000e+000
    endloop
  endfacet
  facet normal  0.000000e+000  0.000000e+000 -1.000000e+000
    outer loop
      vertex  3.480263e-001 -7.500000e-001  0.000000e+000
      vertex  3.480263e-001 -5.980263e-001  0.000000e+000
      vertex  5.000000e-001 -7.500000e-001  0.000000e+000
    endloop
  endfacet
  facet normal  0.000000e+000  0.000000e+000 -1.000000e+000
    outer loop
      vertex  5.000000e-001 -7.500000e-001  0.000000e+000
      vertex  3.480263e-001 -5.980263e-001  0.000000e+000
      vertex  5.000000e-001 -4.460526e-001  0.000000e+000
    endloop
  endfacet
  facet normal -1.000000e+000  0.000000e+000  0.000000e+000
    outer loop
      vertex -1.015625e-001 -4.460526e-001  0.000000e+000
      vertex -1.015625e-001 -7.500000e-001  0.000000e+000
      vertex -1.015625e-001 -4.460526e-001  5.000000e-001
    endloop
  endfacet
  facet normal -1.000000e+000  -0.000000e+000  0.000000e+000
    outer loop
      vertex -1.015625e-001 -4.460526e-001  5.000000e-001
      vertex -1.015625e-001 -7.500000e-001  0.000000e+000
      vertex -1.015625e-001 -7.500000e-001  5.000000e-001
    endloop
  endfacet
  facet normal -8.209052e-001  5.710645e-001  0.000000e+000
    outer loop
      vertex -2.467105e-004 -3.004112e-001  0.000000e+000
      vertex -1.015625e-001 -4.460526e-001  0.000000e+000
      vertex -2.467105e-004 -3.004112e-001  5.000000e-001
    endloop
  endfacet
  facet normal -8.209052e-001  5.710645e-001  0.000000e+000
    outer loop
      vertex -2.467105e-004 -3.004112e-001  5.000000e-001
      vertex -1.015625e-001 -4.460526e-001  0.000000e+000
      vertex -1.015625e-001 -4.460526e-001  5.000000e-001
    endloop
  endfacet
  facet normal  0.000000e+000  1.000000e+000  0.000000e+000
    outer loop
      vertex  3.986842e-001 -3.004112e-001  0.000000e+000
      vertex -2.467105e-004 -3.004112e-001  0.000000e+000
      vertex  3.986842e-001 -3.004112e-001  5.000000e-001
    endloop
  endfacet
  facet normal  0.000000e+000  1.000000e+000  0.000000e+000
    outer loop
      vertex  3.986842e-001 -3.004112e-001  5.000000e-001
      vertex -2.467105e-004 -3.004112e-001  0.000000e+000
      vertex -2.467105e-004 -3.004112e-001  5.000000e-001
    endloop
  endfacet
  facet normal  8.209051e-001  5.710645e-001  0.000000e+000
    outer loop
      vertex  5.000000e-001 -4.460526e-001  0.000000e+000
      vertex  3.986842e-001 -3.004112e-001  0.000000e+000
      vertex  5.000000e-001 -4.460526e-001  5.000000e-001
    endloop
  endfacet
  facet normal  8.209051e-001  5.710645e-001  0.000000e+000
    outer loop
      vertex  5.000000e-001 -4.460526e-001  5.000000e-001
      vertex  3.986842e-001 -3.004112e-001  0.000000e+000
      vertex  3.986842e-001 -3.004112e-001  5.000000e-001
    endloop
  endfacet
  facet normal  1.000000e+000  0.000000e+000  0.000000e+000
    outer loop
      vertex  5.000000e-001 -7.500000e-001  0.000000e+000
      vertex  5.000000e-001 -4.460526e-001  0.000000e+000
      vertex  5.000000e-001 -7.500000e-001  5.000000e-001
    endloop
  endfacet
  facet normal  1.000000e+000  -0.000000e+000  0.000000e+000
    outer loop
      vertex  5.000000e-001 -7.500000e-001  5.000000e-001
      vertex  5.000000e-001 -4.460526e-001  0.000000e+000
      vertex  5.000000e-001 -4.460526e-001  5.000000e-001
    endloop
  endfacet
  facet normal  0.000000e+000 -1.000000e+000  0.000000e+000
    outer loop
      vertex  3.480263e-001 -7.500000e-001  5.000000e-001
      vertex  3.480263e-001 -7.500000e-001  0.000000e+000
      vertex  5.000000e-001 -7.500000e-001  5.000000e-001
    endloop
  endfacet
  facet normal  0.000000e+000 -1.000000e+000  -0.000000e+000
    outer loop
      vertex  5.000000e-001 -7.500000e-001  5.000000e-001
      vertex  3.480263e-001 -7.500000e-001  0.000000e+000
      vertex  5.000000e-001 -7.500000e-001  0.000000e+000
    endloop
  endfacet
  facet normal -9.999999e-001  0.000000e+000  0.000000e+000
    outer loop
      vertex  3.480263e-001 -5.980263e-001  0.000000e+000
      vertex  3.480263e-001 -7.500000e-001  0.000000e+000
      vertex  3.480263e-001 -5.980263e-001  5.000000e-001
    endloop
  endfacet
  facet normal -9.999999e-001  -0.000000e+000  0.000000e+000
    outer loop
      vertex  3.480263e-001 -5.980263e-001  5.000000e-001
      vertex  3.480263e-001 -7.500000e-001  0.000000e+000
      vertex  3.480263e-001 -7.500000e-001  5.000000e-001
    endloop
  endfacet
  facet normal  0.000000e+000 -1.000000e+000  0.000000e+000
    outer loop
      vertex  5.041118e-002 -5.980263e-001  0.000000e+000
      vertex  3.480263e-001 -5.980263e-001  0.000000e+000
      vertex  5.041118e-002 -5.980263e-001  5.000000e-001
    endloop
  endfacet
  facet normal  0.000000e+000 -1.000000e+000  0.000000e+000
    outer loop
      vertex  5.041118e-002 -5.980263e-001  5.000000e-001
      vertex  3.480263e-001 -5.980263e-001  0.000000e+000
      vertex  3.480263e-001 -5.980263e-001  5.000000e-001
    endloop
  endfacet
  facet normal  9.999999e-001  0.000000e+000  0.000000e+000
    outer loop
      vertex  5.041118e-002 -7.500000e-001  0.000000e+000
      vertex  5.041118e-002 -5.980263e-001  0.000000e+000
      vertex  5.041118e-002 -7.500000e-001  5.000000e-001
    endloop
  endfacet
  facet normal  9.999999e-001  -0.000000e+000  0.000000e+000
    outer loop
      vertex  5.041118e-002 -7.500000e-001  5.000000e-001
      vertex  5.041118e-002 -5.980263e-001  0.000000e+000
      vertex  5.041118e-002 -5.980263e-001  5.000000e-001
    endloop
  endfacet
  facet normal  0.000000e+000 -1.000000e+000  0.000000e+000
    outer loop
      vertex -1.015625e-001 -7.500000e-001  5.000000e-001
      vertex -1.015625e-001 -7.500000e-001  0.000000e+000
      vertex  5.041118e-002 -7.500000e-001  5.000000e-001
    endloop
  endfacet
  facet normal  0.000000e+000 -1.000000e+000  -0.000000e+000
    outer loop
      vertex  5.041118e-002 -7.500000e-001  5.000000e-001
      vertex -1.015625e-001 -7.500000e-001  0.000000e+000
      vertex  5.041118e-002 -7.500000e-001  0.000000e+000
    endloop
  endfacet
  facet normal  0.000000e+000  0.000000e+000 -1.000000e+000
    outer loop
      vertex  6.250000e-002 -2.968750e-001  0.000000e+000
      vertex  6.250000e-002  9.046053e-004  0.000000e+000
      vertex  3.984375e-001 -2.968750e-001  0.000000e+000
    endloop
  endfacet
  facet normal  0.000000e+000  0.000000e+000 -1.000000e+000
    outer loop
      vertex  3.984375e-001 -2.968750e-001  0.000000e+000
      vertex  6.250000e-002  9.046053e-004  0.000000e+000
      vertex  3.984375e-001  9.046053e-004  0.000000e+000
    endloop
  endfacet
  facet normal -1.000000e+000  0.000000e+000  0.000000e+000
    outer loop
      vertex  0.000000e+000  9.046053e-004  6.250000e-002
      vertex  0.000000e+000 -2.968750e-001  6.250000e-002
      vertex  0.000000e+000  9.046053e-004  2.968750e-001
    endloop
  endfacet
  facet normal -1.000000e+000  -0.000000e+000  0.000000e+000
    outer loop
      vertex  0.000000e+000  9.046053e-004  2.968750e-001
      vertex  0.000000e+000 -2.968750e-001  6.250000e-002
      vertex  0.000000e+000 -2.968750e-001  2.968750e-001
    endloop
  endfacet
  facet normal  0.000000e+000  1.000000e+000  0.000000e+000
    outer loop
      vertex  0.000000e+000  9.046053e-004  2.968750e-001
      vertex  3.984375e-001  9.046053e-004  2.968750e-001
      vertex  3.984375e-001  9.046053e-004  0.000000e+000
    endloop
  endfacet
  facet normal  0.000000e+000  1.000000e+000  0.000000e+000
    outer loop
      vertex  0.000000e+000  9.046053e-004  2.968750e-001
      vertex  3.984375e-001  9.046053e-004  0.000000e+000
      vertex  6.250000e-002  9.046053e-004  0.000000e+000
    endloop
  endfacet
  facet normal  0.000000e+000  9.999999e-001  0.000000e+000
    outer loop
      vertex  0.000000e+000  9.046053e-004  2.968750e-001
      vertex  6.250000e-002  9.046053e-004  0.000000e+000
      vertex  5.030686e-002  9.046053e-004  1.200920e-003
    endloop
  endfacet
  facet normal  0.000000e+000  1.000000e+000  0.000000e+000
    outer loop
      vertex  0.000000e+000  9.046053e-004  2.968750e-001
      vertex  5.030686e-002  9.046053e-004  1.200920e-003
      vertex  3.858228e-002  9.046053e-004  4.757529e-003
    endloop
  endfacet
  facet normal  0.000000e+000  1.000000e+000  0.000000e+000
    outer loop
      vertex  0.000000e+000  9.046053e-004  2.968750e-001
      vertex  3.858228e-002  9.046053e-004  4.757529e-003
      vertex  2.777686e-002  9.046053e-004  1.053315e-002
    endloop
  endfacet
  facet normal  0.000000e+000  1.000000e+000  0.000000e+000
    outer loop
      vertex  0.000000e+000  9.046053e-004  2.968750e-001
      vertex  2.777686e-002  9.046053e-004  1.053315e-002
      vertex  1.830583e-002  9.046053e-004  1.830583e-002
    endloop
  endfacet
  facet normal  0.000000e+000  1.000000e+000  0.000000e+000
    outer loop
      vertex  0.000000e+000  9.046053e-004  2.968750e-001
      vertex  1.830583e-002  9.046053e-004  1.830583e-002
      vertex  1.053315e-002  9.046053e-004  2.777686e-002
    endloop
  endfacet
  facet normal  0.000000e+000  9.999999e-001  0.000000e+000
    outer loop
      vertex  0.000000e+000  9.046053e-004  2.968750e-001
      vertex  1.053315e-002  9.046053e-004  2.777686e-002
      vertex  4.757529e-003  9.046053e-004  3.858228e-002
    endloop
  endfacet
  facet normal  0.000000e+000  9.999999e-001  0.000000e+000
    outer loop
      vertex  0.000000e+000  9.046053e-004  2.968750e-001
      vertex  4.757529e-003  9.046053e-004  3.858228e-002
      vertex  1.200920e-003  9.046053e-004  5.030686e-002
    endloop
  endfacet
  facet normal  0.000000e+000  1.000000e+000  0.000000e+000
    outer loop
      vertex  0.000000e+000  9.046053e-004  2.968750e-001
      vertex  1.200920e-003  9.046053e-004  5.030686e-002
      vertex  0.000000e+000  9.046053e-004  6.250000e-002
    endloop
  endfacet
  facet normal  0.000000e+000 -1.000000e+000  0.000000e+000
    outer loop
      vertex  0.000000e+000 -2.968750e-001  6.250000e-002
      vertex  1.200920e-003 -2.968750e-001  5.030686e-002
      vertex  0.000000e+000 -2.968750e-001  2.968750e-001
    endloop
  endfacet
  facet normal  0.000000e+000 -1.000000e+000  0.000000e+000
    outer loop
      vertex  6.250000e-002 -2.968750e-001  0.000000e+000
      vertex  3.984375e-001 -2.968750e-001  0.000000e+000
      vertex  3.984375e-001 -2.968750e-001  2.968750e-001
    endloop
  endfacet
  facet normal  -0.000000e+000 -1.000000e+000  0.000000e+000
    outer loop
      vertex  6.250000e-002 -2.968750e-001  0.000000e+000
      vertex  3.984375e-001 -2.968750e-001  2.968750e-001
      vertex  0.000000e+000 -2.968750e-001  2.968750e-001
    endloop
  endfacet
  facet normal  0.000000e+000 -1.000000e+000  0.000000e+000
    outer loop
      vertex  6.250000e-002 -2.968750e-001  0.000000e+000
      vertex  0.000000e+000 -2.968750e-001  2.968750e-001
      vertex  1.200920e-003 -2.968750e-001  5.030686e-002
    endloop
  endfacet
  facet normal  0.000000e+000 -1.000000e+000  0.000000e+000
    outer loop
      vertex  6.250000e-002 -2.968750e-001  0.000000e+000
      vertex  1.200920e-003 -2.968750e-001  5.030686e-002
      vertex  4.757529e-003 -2.968750e-001  3.858228e-002
    endloop
  endfacet
  facet normal  0.000000e+000 -1.000000e+000  0.000000e+000
    outer loop
      vertex  6.250000e-002 -2.968750e-001  0.000000e+000
      vertex  4.757529e-003 -2.968750e-001  3.858228e-002
      vertex  1.053315e-002 -2.968750e-001  2.777686e-002
    endloop
  endfacet
  facet normal  0.000000e+000 -1.000000e+000  0.000000e+000
    outer loop
      vertex  6.250000e-002 -2.968750e-001  0.000000e+000
      vertex  1.053315e-002 -2.968750e-001  2.777686e-002
      vertex  1.830583e-002 -2.968750e-001  1.830583e-002
    endloop
  endfacet
  facet normal  0.000000e+000 -1.000000e+000  0.000000e+000
    outer loop
      vertex  6.250000e-002 -2.968750e-001  0.000000e+000
      vertex  1.830583e-002 -2.968750e-001  1.830583e-002
      vertex  2.777686e-002 -2.968750e-001  1.053315e-002
    endloop
  endfacet
  facet normal  0.000000e+000 -1.000000e+000  0.000000e+000
    outer loop
      vertex  6.250000e-002 -2.968750e-001  0.000000e+000
      vertex  2.777686e-002 -2.968750e-001  1.053315e-002
      vertex  3.858228e-002 -2.968750e-001  4.757529e-003
    endloop
  endfacet
  facet normal  0.000000e+000 -1.000000e+000  0.000000e+000
    outer loop
      vertex  6.250000e-002 -2.968750e-001  0.000000e+000
      vertex  3.858228e-002 -2.968750e-001  4.757529e-003
      vertex  5.030686e-002 -2.968750e-001  1.200920e-003
    endloop
  endfacet
  facet normal -9.801716e-002  0.000000e+000 -9.951847e-001
    outer loop
      vertex  6.250000e-002  9.046053e-004  0.000000e+000
      vertex  6.250000e-002 -2.968750e-001  0.000000e+000
      vertex  5.030686e-002  9.046053e-004  1.200920e-003
    endloop
  endfacet
  facet normal -9.801716e-002  -0.000000e+000 -9.951847e-001
    outer loop
      vertex  5.030686e-002  9.046053e-004  1.200920e-003
      vertex  6.250000e-002 -2.968750e-001  0.000000e+000
      vertex  5.030686e-002 -2.968750e-001  1.200920e-003
    endloop
  endfacet
  facet normal -2.902846e-001  0.000000e+000 -9.569404e-001
    outer loop
      vertex  5.030686e-002  9.046053e-004  1.200920e-003
      vertex  5.030686e-002 -2.968750e-001  1.200920e-003
      vertex  3.858228e-002  9.046053e-004  4.757529e-003
    endloop
  endfacet
  facet normal -2.902846e-001  -0.000000e+000 -9.569404e-001
    outer loop
      vertex  3.858228e-002  9.046053e-004  4.757529e-003
      vertex  5.030686e-002 -2.968750e-001  1.200920e-003
      vertex  3.858228e-002 -2.968750e-001  4.757529e-003
    endloop
  endfacet
  facet normal -4.713967e-001  0.000000e+000 -8.819212e-001
    outer loop
      vertex  3.858228e-002  9.046053e-004  4.757529e-003
      vertex  3.858228e-002 -2.968750e-001  4.757529e-003
      vertex  2.777686e-002  9.046053e-004  1.053315e-002
    endloop
  endfacet
  facet normal -4.713967e-001  -0.000000e+000 -8.819212e-001
    outer loop
      vertex  2.777686e-002  9.046053e-004  1.053315e-002
      vertex  3.858228e-002 -2.968750e-001  4.757529e-003
      vertex  2.777686e-002 -2.968750e-001  1.053315e-002
    endloop
  endfacet
  facet normal -6.343933e-001  0.000000e+000 -7.730104e-001
    outer loop
      vertex  2.777686e-002  9.046053e-004  1.053315e-002
      vertex  2.777686e-002 -2.968750e-001  1.053315e-002
      vertex  1.830583e-002  9.046053e-004  1.830583e-002
    endloop
  endfacet
  facet normal -6.343933e-001  -0.000000e+000 -7.730104e-001
    outer loop
      vertex  1.830583e-002  9.046053e-004  1.830583e-002
      vertex  2.777686e-002 -2.968750e-001  1.053315e-002
      vertex  1.830583e-002 -2.968750e-001  1.830583e-002
    endloop
  endfacet
  facet normal -7.730104e-001  0.000000e+000 -6.343933e-001
    outer loop
      vertex  1.830583e-002  9.046053e-004  1.830583e-002
      vertex  1.830583e-002 -2.968750e-001  1.830583e-002
      vertex  1.053315e-002  9.046053e-004  2.777686e-002
    endloop
  endfacet
  facet normal -7.730104e-001  -0.000000e+000 -6.343933e-001
    outer loop
      vertex  1.053315e-002  9.046053e-004  2.777686e-002
      vertex  1.830583e-002 -2.968750e-001  1.830583e-002
      vertex  1.053315e-002 -2.968750e-001  2.777686e-002
    endloop
  endfacet
  facet normal -8.819212e-001  0.000000e+000 -4.713967e-001
    outer loop
      vertex  1.053315e-002  9.046053e-004  2.777686e-002
      vertex  1.053315e-002 -2.968750e-001  2.777686e-002
      vertex  4.757529e-003  9.046053e-004  3.858228e-002
    endloop
  endfacet
  facet normal -8.819212e-001  -0.000000e+000 -4.713967e-001
    outer loop
      vertex  4.757529e-003  9.046053e-004  3.858228e-002
      vertex  1.053315e-002 -2.968750e-001  2.777686e-002
      vertex  4.757529e-003 -2.968750e-001  3.858228e-002
    endloop
  endfacet
  facet normal -9.569404e-001  0.000000e+000 -2.902846e-001
    outer loop
      vertex  4.757529e-003  9.046053e-004  3.858228e-002
      vertex  4.757529e-003 -2.968750e-001  3.858228e-002
      vertex  1.200920e-003  9.046053e-004  5.030686e-002
    endloop
  endfacet
  facet normal -9.569404e-001  -0.000000e+000 -2.902846e-001
    outer loop
      vertex  1.200920e-003  9.046053e-004  5.030686e-002
      vertex  4.757529e-003 -2.968750e-001  3.858228e-002
      vertex  1.200920e-003 -2.968750e-001  5.030686e-002
    endloop
  endfacet
  facet normal -9.951847e-001  0.000000e+000 -9.801716e-002
    outer loop
      vertex  1.200920e-003  9.046053e-004  5.030686e-002
      vertex  1.200920e-003 -2.968750e-001  5.030686e-002
      vertex  0.000000e+000  9.046053e-004  6.250000e-002
    endloop
  endfacet
  facet normal -9.951847e-001  -0.000000e+000 -9.801716e-002
    outer loop
      vertex  0.000000e+000  9.046053e-004  6.250000e-002
      vertex  1.200920e-003 -2.968750e-001  5.030686e-002
      vertex  0.000000e+000 -2.968750e-001  6.250000e-002
    endloop
  endfacet
  facet normal  0.000000e+000  0.000000e+000  9.999999e-001
    outer loop
      vertex  0.000000e+000 -2.968750e-001  2.968750e-001
      vertex  3.984375e-001 -2.968750e-001  2.968750e-001
      vertex  0.000000e+000  9.046053e-004  2.968750e-001
    endloop
  endfacet
  facet normal  -0.000000e+000  0.000000e+000  9.999999e-001
    outer loop
      vertex  0.000000e+000  9.046053e-004  2.968750e-001
      vertex  3.984375e-001 -2.968750e-001  2.968750e-001
      vertex  3.984375e-001  9.046053e-004  2.968750e-001
    endloop
  endfacet
  facet normal  1.000000e+000  0.000000e+000  0.000000e+000
    outer loop
      vertex  3.984375e-001 -2.968750e-001  0.000000e+000
      vertex  3.984375e-001  9.046053e-004  0.000000e+000
      vertex  3.984375e-001 -2.968750e-001  2.968750e-001
    endloop
  endfacet
  facet normal  1.000000e+000  -0.000000e+000  0.000000e+000
    outer loop
      vertex  3.984375e-001 -2.968750e-001  2.968750e-001
      vertex  3.984375e-001  9.046053e-004  0.000000e+000
      vertex  3.984375e-001  9.046053e-004  2.968750e-001
    endloop
  endfacet
endsolid CATIA STL
