solid CATIA STL
  facet normal  -0.000000e+000  -0.000000e+000  1.000000e+000
    outer loop
      vertex -5.921053e-001 -5.217928e-001  3.906250e-002
      vertex -5.907542e-001 -5.355101e-001  3.906250e-002
      vertex -5.867531e-001 -5.487002e-001  3.906250e-002
    endloop
  endfacet
  facet normal  -0.000000e+000  -0.000000e+000  1.000000e+000
    outer loop
      vertex -5.921053e-001 -5.217928e-001  3.906250e-002
      vertex -5.867531e-001 -5.487002e-001  3.906250e-002
      vertex -5.802554e-001 -5.608563e-001  3.906250e-002
    endloop
  endfacet
  facet normal  -0.000000e+000  -0.000000e+000  1.000000e+000
    outer loop
      vertex -5.921053e-001 -5.217928e-001  3.906250e-002
      vertex -5.802554e-001 -5.608563e-001  3.906250e-002
      vertex -5.715112e-001 -5.715112e-001  3.906250e-002
    endloop
  endfacet
  facet normal  -0.000000e+000  -0.000000e+000  1.000000e+000
    outer loop
      vertex -5.921053e-001 -5.217928e-001  3.906250e-002
      vertex -5.715112e-001 -5.715112e-001  3.906250e-002
      vertex -5.608563e-001 -5.802554e-001  3.906250e-002
    endloop
  endfacet
  facet normal  -0.000000e+000  -0.000000e+000  1.000000e+000
    outer loop
      vertex -5.921053e-001 -5.217928e-001  3.906250e-002
      vertex -5.608563e-001 -5.802554e-001  3.906250e-002
      vertex -5.487002e-001 -5.867531e-001  3.906250e-002
    endloop
  endfacet
  facet normal  -0.000000e+000  -0.000000e+000  9.999999e-001
    outer loop
      vertex -5.921053e-001 -5.217928e-001  3.906250e-002
      vertex -5.487002e-001 -5.867531e-001  3.906250e-002
      vertex -5.355101e-001 -5.907542e-001  3.906250e-002
    endloop
  endfacet
  facet normal  -0.000000e+000  -0.000000e+000  1.000000e+000
    outer loop
      vertex -5.921053e-001 -5.217928e-001  3.906250e-002
      vertex -5.355101e-001 -5.907542e-001  3.906250e-002
      vertex -5.217928e-001 -5.921053e-001  3.906250e-002
    endloop
  endfacet
  facet normal  0.000000e+000  -0.000000e+000  1.000000e+000
    outer loop
      vertex -5.921053e-001 -5.217928e-001  3.906250e-002
      vertex -5.217928e-001 -5.921053e-001  3.906250e-002
      vertex  5.921053e-001 -5.921053e-001  3.906250e-002
    endloop
  endfacet
  facet normal  0.000000e+000  -0.000000e+000  1.000000e+000
    outer loop
      vertex -5.921053e-001 -5.217928e-001  3.906250e-002
      vertex  5.921053e-001 -5.921053e-001  3.906250e-002
      vertex  5.921053e-001  5.921053e-001  3.906250e-002
    endloop
  endfacet
  facet normal  0.000000e+000  0.000000e+000  1.000000e+000
    outer loop
      vertex -5.921053e-001 -5.217928e-001  3.906250e-002
      vertex  5.921053e-001  5.921053e-001  3.906250e-002
      vertex -5.921053e-001  5.921053e-001  3.906250e-002
    endloop
  endfacet
  facet normal  0.000000e+000  0.000000e+000 -1.000000e+000
    outer loop
      vertex -5.921053e-001 -5.217928e-001  0.000000e+000
      vertex -5.921053e-001  5.921053e-001  0.000000e+000
      vertex  5.921053e-001  5.921053e-001  0.000000e+000
    endloop
  endfacet
  facet normal  0.000000e+000  -0.000000e+000 -1.000000e+000
    outer loop
      vertex -5.921053e-001 -5.217928e-001  0.000000e+000
      vertex  5.921053e-001  5.921053e-001  0.000000e+000
      vertex  5.921053e-001 -5.921053e-001  0.000000e+000
    endloop
  endfacet
  facet normal  0.000000e+000  0.000000e+000 -1.000000e+000
    outer loop
      vertex -5.921053e-001 -5.217928e-001  0.000000e+000
      vertex  5.921053e-001 -5.921053e-001  0.000000e+000
      vertex -5.217928e-001 -5.921053e-001  0.000000e+000
    endloop
  endfacet
  facet normal  0.000000e+000  0.000000e+000 -1.000000e+000
    outer loop
      vertex -5.921053e-001 -5.217928e-001  0.000000e+000
      vertex -5.217928e-001 -5.921053e-001  0.000000e+000
      vertex -5.355101e-001 -5.907542e-001  0.000000e+000
    endloop
  endfacet
  facet normal  0.000000e+000  0.000000e+000 -9.999999e-001
    outer loop
      vertex -5.921053e-001 -5.217928e-001  0.000000e+000
      vertex -5.355101e-001 -5.907542e-001  0.000000e+000
      vertex -5.487002e-001 -5.867531e-001  0.000000e+000
    endloop
  endfacet
  facet normal  0.000000e+000  0.000000e+000 -1.000000e+000
    outer loop
      vertex -5.921053e-001 -5.217928e-001  0.000000e+000
      vertex -5.487002e-001 -5.867531e-001  0.000000e+000
      vertex -5.608563e-001 -5.802554e-001  0.000000e+000
    endloop
  endfacet
  facet normal  0.000000e+000  0.000000e+000 -1.000000e+000
    outer loop
      vertex -5.921053e-001 -5.217928e-001  0.000000e+000
      vertex -5.608563e-001 -5.802554e-001  0.000000e+000
      vertex -5.715112e-001 -5.715112e-001  0.000000e+000
    endloop
  endfacet
  facet normal  0.000000e+000  0.000000e+000 -1.000000e+000
    outer loop
      vertex -5.921053e-001 -5.217928e-001  0.000000e+000
      vertex -5.715112e-001 -5.715112e-001  0.000000e+000
      vertex -5.802554e-001 -5.608563e-001  0.000000e+000
    endloop
  endfacet
  facet normal  0.000000e+000  0.000000e+000 -1.000000e+000
    outer loop
      vertex -5.921053e-001 -5.217928e-001  0.000000e+000
      vertex -5.802554e-001 -5.608563e-001  0.000000e+000
      vertex -5.867531e-001 -5.487002e-001  0.000000e+000
    endloop
  endfacet
  facet normal  0.000000e+000  0.000000e+000 -1.000000e+000
    outer loop
      vertex -5.921053e-001 -5.217928e-001  0.000000e+000
      vertex -5.867531e-001 -5.487002e-001  0.000000e+000
      vertex -5.907542e-001 -5.355101e-001  0.000000e+000
    endloop
  endfacet
  facet normal -1.000000e+000  0.000000e+000  0.000000e+000
    outer loop
      vertex -5.921053e-001  5.921053e-001  3.906250e-002
      vertex -5.921053e-001  5.921053e-001  0.000000e+000
      vertex -5.921053e-001 -5.217928e-001  3.906250e-002
    endloop
  endfacet
  facet normal -1.000000e+000  0.000000e+000  0.000000e+000
    outer loop
      vertex -5.921053e-001 -5.217928e-001  3.906250e-002
      vertex -5.921053e-001  5.921053e-001  0.000000e+000
      vertex -5.921053e-001 -5.217928e-001  0.000000e+000
    endloop
  endfacet
  facet normal  0.000000e+000 -1.000000e+000  0.000000e+000
    outer loop
      vertex -5.217928e-001 -5.921053e-001  3.906250e-002
      vertex -5.217928e-001 -5.921053e-001  0.000000e+000
      vertex  5.921053e-001 -5.921053e-001  3.906250e-002
    endloop
  endfacet
  facet normal  0.000000e+000 -1.000000e+000  -0.000000e+000
    outer loop
      vertex  5.921053e-001 -5.921053e-001  3.906250e-002
      vertex -5.217928e-001 -5.921053e-001  0.000000e+000
      vertex  5.921053e-001 -5.921053e-001  0.000000e+000
    endloop
  endfacet
  facet normal -9.801880e-002 -9.951846e-001  -0.000000e+000
    outer loop
      vertex -5.217928e-001 -5.921053e-001  0.000000e+000
      vertex -5.217928e-001 -5.921053e-001  3.906250e-002
      vertex -5.355101e-001 -5.907542e-001  0.000000e+000
    endloop
  endfacet
  facet normal -9.801880e-002 -9.951846e-001  0.000000e+000
    outer loop
      vertex -5.355101e-001 -5.907542e-001  0.000000e+000
      vertex -5.217928e-001 -5.921053e-001  3.906250e-002
      vertex -5.355101e-001 -5.907542e-001  3.906250e-002
    endloop
  endfacet
  facet normal -2.902815e-001 -9.569413e-001  -0.000000e+000
    outer loop
      vertex -5.355101e-001 -5.907542e-001  0.000000e+000
      vertex -5.355101e-001 -5.907542e-001  3.906250e-002
      vertex -5.487002e-001 -5.867531e-001  0.000000e+000
    endloop
  endfacet
  facet normal -2.902815e-001 -9.569413e-001  0.000000e+000
    outer loop
      vertex -5.487002e-001 -5.867531e-001  0.000000e+000
      vertex -5.355101e-001 -5.907542e-001  3.906250e-002
      vertex -5.487002e-001 -5.867531e-001  3.906250e-002
    endloop
  endfacet
  facet normal -4.714005e-001 -8.819193e-001  -0.000000e+000
    outer loop
      vertex -5.487002e-001 -5.867531e-001  0.000000e+000
      vertex -5.487002e-001 -5.867531e-001  3.906250e-002
      vertex -5.608563e-001 -5.802554e-001  0.000000e+000
    endloop
  endfacet
  facet normal -4.714005e-001 -8.819193e-001  0.000000e+000
    outer loop
      vertex -5.608563e-001 -5.802554e-001  0.000000e+000
      vertex -5.487002e-001 -5.867531e-001  3.906250e-002
      vertex -5.608563e-001 -5.802554e-001  3.906250e-002
    endloop
  endfacet
  facet normal -6.343919e-001 -7.730116e-001  -0.000000e+000
    outer loop
      vertex -5.608563e-001 -5.802554e-001  0.000000e+000
      vertex -5.608563e-001 -5.802554e-001  3.906250e-002
      vertex -5.715112e-001 -5.715112e-001  0.000000e+000
    endloop
  endfacet
  facet normal -6.343919e-001 -7.730116e-001  0.000000e+000
    outer loop
      vertex -5.715112e-001 -5.715112e-001  0.000000e+000
      vertex -5.608563e-001 -5.802554e-001  3.906250e-002
      vertex -5.715112e-001 -5.715112e-001  3.906250e-002
    endloop
  endfacet
  facet normal -7.730116e-001 -6.343919e-001  -0.000000e+000
    outer loop
      vertex -5.715112e-001 -5.715112e-001  0.000000e+000
      vertex -5.715112e-001 -5.715112e-001  3.906250e-002
      vertex -5.802554e-001 -5.608563e-001  0.000000e+000
    endloop
  endfacet
  facet normal -7.730116e-001 -6.343919e-001  0.000000e+000
    outer loop
      vertex -5.802554e-001 -5.608563e-001  0.000000e+000
      vertex -5.715112e-001 -5.715112e-001  3.906250e-002
      vertex -5.802554e-001 -5.608563e-001  3.906250e-002
    endloop
  endfacet
  facet normal -8.819193e-001 -4.714005e-001  -0.000000e+000
    outer loop
      vertex -5.802554e-001 -5.608563e-001  0.000000e+000
      vertex -5.802554e-001 -5.608563e-001  3.906250e-002
      vertex -5.867531e-001 -5.487002e-001  0.000000e+000
    endloop
  endfacet
  facet normal -8.819193e-001 -4.714005e-001  0.000000e+000
    outer loop
      vertex -5.867531e-001 -5.487002e-001  0.000000e+000
      vertex -5.802554e-001 -5.608563e-001  3.906250e-002
      vertex -5.867531e-001 -5.487002e-001  3.906250e-002
    endloop
  endfacet
  facet normal -9.569413e-001 -2.902815e-001  -0.000000e+000
    outer loop
      vertex -5.867531e-001 -5.487002e-001  0.000000e+000
      vertex -5.867531e-001 -5.487002e-001  3.906250e-002
      vertex -5.907542e-001 -5.355101e-001  0.000000e+000
    endloop
  endfacet
  facet normal -9.569413e-001 -2.902815e-001  0.000000e+000
    outer loop
      vertex -5.907542e-001 -5.355101e-001  0.000000e+000
      vertex -5.867531e-001 -5.487002e-001  3.906250e-002
      vertex -5.907542e-001 -5.355101e-001  3.906250e-002
    endloop
  endfacet
  facet normal -9.951846e-001 -9.801880e-002  -0.000000e+000
    outer loop
      vertex -5.907542e-001 -5.355101e-001  0.000000e+000
      vertex -5.907542e-001 -5.355101e-001  3.906250e-002
      vertex -5.921053e-001 -5.217928e-001  0.000000e+000
    endloop
  endfacet
  facet normal -9.951846e-001 -9.801880e-002  0.000000e+000
    outer loop
      vertex -5.921053e-001 -5.217928e-001  0.000000e+000
      vertex -5.907542e-001 -5.355101e-001  3.906250e-002
      vertex -5.921053e-001 -5.217928e-001  3.906250e-002
    endloop
  endfacet
  facet normal  0.000000e+000  1.000000e+000  -0.000000e+000
    outer loop
      vertex  5.921053e-001  5.921053e-001  3.906250e-002
      vertex  5.921053e-001  5.921053e-001  0.000000e+000
      vertex -5.921053e-001  5.921053e-001  3.906250e-002
    endloop
  endfacet
  facet normal  0.000000e+000  1.000000e+000  0.000000e+000
    outer loop
      vertex -5.921053e-001  5.921053e-001  3.906250e-002
      vertex  5.921053e-001  5.921053e-001  0.000000e+000
      vertex -5.921053e-001  5.921053e-001  0.000000e+000
    endloop
  endfacet
  facet normal  1.000000e+000  0.000000e+000  0.000000e+000
    outer loop
      vertex  5.921053e-001 -5.921053e-001  3.906250e-002
      vertex  5.921053e-001 -5.921053e-001  0.000000e+000
      vertex  5.921053e-001  5.921053e-001  3.906250e-002
    endloop
  endfacet
  facet normal  1.000000e+000  0.000000e+000  0.000000e+000
    outer loop
      vertex  5.921053e-001  5.921053e-001  3.906250e-002
      vertex  5.921053e-001 -5.921053e-001  0.000000e+000
      vertex  5.921053e-001  5.921053e-001  0.000000e+000
    endloop
  endfacet
endsolid CATIA STL
