solid CATIA STL
  facet normal  0.000000e+000  0.000000e+000  1.000000e+000
    outer loop
      vertex -7.027960e-001 -7.184210e-001  7.812500e-003
      vertex  7.184210e-001 -7.184210e-001  7.812500e-003
      vertex -7.172317e-001 -7.087755e-001  7.812500e-003
    endloop
  endfacet
  facet normal  -0.000000e+000  0.000000e+000  1.000000e+000
    outer loop
      vertex  7.184210e-001  7.184210e-001  7.812500e-003
      vertex -7.184210e-001  7.184210e-001  7.812500e-003
      vertex -7.184210e-001 -7.027960e-001  7.812500e-003
    endloop
  endfacet
  facet normal  -0.000000e+000  0.000000e+000  1.000000e+000
    outer loop
      vertex  7.184210e-001  7.184210e-001  7.812500e-003
      vertex -7.184210e-001 -7.027960e-001  7.812500e-003
      vertex -7.181208e-001 -7.058443e-001  7.812500e-003
    endloop
  endfacet
  facet normal  -0.000000e+000  0.000000e+000  1.000000e+000
    outer loop
      vertex  7.184210e-001  7.184210e-001  7.812500e-003
      vertex -7.181208e-001 -7.058443e-001  7.812500e-003
      vertex -7.172317e-001 -7.087755e-001  7.812500e-003
    endloop
  endfacet
  facet normal  -0.000000e+000  0.000000e+000  1.000000e+000
    outer loop
      vertex  7.184210e-001  7.184210e-001  7.812500e-003
      vertex -7.172317e-001 -7.087755e-001  7.812500e-003
      vertex  7.184210e-001 -7.184210e-001  7.812500e-003
    endloop
  endfacet
  facet normal  0.000000e+000  0.000000e+000  1.000000e+000
    outer loop
      vertex -7.058443e-001 -7.181208e-001  7.812500e-003
      vertex -7.027960e-001 -7.184210e-001  7.812500e-003
      vertex -7.172317e-001 -7.087755e-001  7.812500e-003
    endloop
  endfacet
  facet normal  0.000000e+000  0.000000e+000  1.000000e+000
    outer loop
      vertex -7.058443e-001 -7.181208e-001  7.812500e-003
      vertex -7.172317e-001 -7.087755e-001  7.812500e-003
      vertex -7.157878e-001 -7.114769e-001  7.812500e-003
    endloop
  endfacet
  facet normal  0.000000e+000  0.000000e+000  1.000000e+000
    outer loop
      vertex -7.058443e-001 -7.181208e-001  7.812500e-003
      vertex -7.157878e-001 -7.114769e-001  7.812500e-003
      vertex -7.138446e-001 -7.138446e-001  7.812500e-003
    endloop
  endfacet
  facet normal  0.000000e+000  0.000000e+000  1.000000e+000
    outer loop
      vertex -7.058443e-001 -7.181208e-001  7.812500e-003
      vertex -7.138446e-001 -7.138446e-001  7.812500e-003
      vertex -7.114769e-001 -7.157878e-001  7.812500e-003
    endloop
  endfacet
  facet normal  0.000000e+000  0.000000e+000  1.000000e+000
    outer loop
      vertex -7.058443e-001 -7.181208e-001  7.812500e-003
      vertex -7.114769e-001 -7.157878e-001  7.812500e-003
      vertex -7.087755e-001 -7.172317e-001  7.812500e-003
    endloop
  endfacet
  facet normal  0.000000e+000  0.000000e+000 -1.000000e+000
    outer loop
      vertex -7.172317e-001 -7.087755e-001  0.000000e+000
      vertex  7.184210e-001 -7.184210e-001  0.000000e+000
      vertex -7.027960e-001 -7.184210e-001  0.000000e+000
    endloop
  endfacet
  facet normal  0.000000e+000  0.000000e+000 -1.000000e+000
    outer loop
      vertex  7.184210e-001  7.184210e-001  0.000000e+000
      vertex  7.184210e-001 -7.184210e-001  0.000000e+000
      vertex -7.172317e-001 -7.087755e-001  0.000000e+000
    endloop
  endfacet
  facet normal  0.000000e+000  0.000000e+000 -1.000000e+000
    outer loop
      vertex  7.184210e-001  7.184210e-001  0.000000e+000
      vertex -7.172317e-001 -7.087755e-001  0.000000e+000
      vertex -7.181208e-001 -7.058443e-001  0.000000e+000
    endloop
  endfacet
  facet normal  0.000000e+000  0.000000e+000 -1.000000e+000
    outer loop
      vertex  7.184210e-001  7.184210e-001  0.000000e+000
      vertex -7.181208e-001 -7.058443e-001  0.000000e+000
      vertex -7.184210e-001 -7.027960e-001  0.000000e+000
    endloop
  endfacet
  facet normal  0.000000e+000  0.000000e+000 -1.000000e+000
    outer loop
      vertex  7.184210e-001  7.184210e-001  0.000000e+000
      vertex -7.184210e-001 -7.027960e-001  0.000000e+000
      vertex -7.184210e-001  7.184210e-001  0.000000e+000
    endloop
  endfacet
  facet normal  0.000000e+000  0.000000e+000 -1.000000e+000
    outer loop
      vertex -7.058443e-001 -7.181208e-001  0.000000e+000
      vertex -7.087755e-001 -7.172317e-001  0.000000e+000
      vertex -7.114769e-001 -7.157878e-001  0.000000e+000
    endloop
  endfacet
  facet normal  0.000000e+000  0.000000e+000 -1.000000e+000
    outer loop
      vertex -7.058443e-001 -7.181208e-001  0.000000e+000
      vertex -7.114769e-001 -7.157878e-001  0.000000e+000
      vertex -7.138446e-001 -7.138446e-001  0.000000e+000
    endloop
  endfacet
  facet normal  0.000000e+000  0.000000e+000 -1.000000e+000
    outer loop
      vertex -7.058443e-001 -7.181208e-001  0.000000e+000
      vertex -7.138446e-001 -7.138446e-001  0.000000e+000
      vertex -7.157878e-001 -7.114769e-001  0.000000e+000
    endloop
  endfacet
  facet normal  0.000000e+000  0.000000e+000 -1.000000e+000
    outer loop
      vertex -7.058443e-001 -7.181208e-001  0.000000e+000
      vertex -7.157878e-001 -7.114769e-001  0.000000e+000
      vertex -7.172317e-001 -7.087755e-001  0.000000e+000
    endloop
  endfacet
  facet normal  0.000000e+000  0.000000e+000 -1.000000e+000
    outer loop
      vertex -7.058443e-001 -7.181208e-001  0.000000e+000
      vertex -7.172317e-001 -7.087755e-001  0.000000e+000
      vertex -7.027960e-001 -7.184210e-001  0.000000e+000
    endloop
  endfacet
  facet normal -1.000000e+000  0.000000e+000  0.000000e+000
    outer loop
      vertex -7.184210e-001  7.184210e-001  7.812500e-003
      vertex -7.184210e-001  7.184210e-001  0.000000e+000
      vertex -7.184210e-001 -7.027960e-001  7.812500e-003
    endloop
  endfacet
  facet normal -1.000000e+000  0.000000e+000  0.000000e+000
    outer loop
      vertex -7.184210e-001 -7.027960e-001  7.812500e-003
      vertex -7.184210e-001  7.184210e-001  0.000000e+000
      vertex -7.184210e-001 -7.027960e-001  0.000000e+000
    endloop
  endfacet
  facet normal  0.000000e+000 -1.000000e+000  0.000000e+000
    outer loop
      vertex -7.027960e-001 -7.184210e-001  7.812500e-003
      vertex -7.027960e-001 -7.184210e-001  0.000000e+000
      vertex  7.184210e-001 -7.184210e-001  7.812500e-003
    endloop
  endfacet
  facet normal  0.000000e+000 -1.000000e+000  -0.000000e+000
    outer loop
      vertex  7.184210e-001 -7.184210e-001  7.812500e-003
      vertex -7.027960e-001 -7.184210e-001  0.000000e+000
      vertex  7.184210e-001 -7.184210e-001  0.000000e+000
    endloop
  endfacet
  facet normal -9.801622e-002 -9.951848e-001  -0.000000e+000
    outer loop
      vertex -7.027960e-001 -7.184210e-001  0.000000e+000
      vertex -7.027960e-001 -7.184210e-001  7.812500e-003
      vertex -7.058443e-001 -7.181208e-001  0.000000e+000
    endloop
  endfacet
  facet normal -9.801622e-002 -9.951848e-001  0.000000e+000
    outer loop
      vertex -7.058443e-001 -7.181208e-001  0.000000e+000
      vertex -7.027960e-001 -7.184210e-001  7.812500e-003
      vertex -7.058443e-001 -7.181208e-001  7.812500e-003
    endloop
  endfacet
  facet normal -2.902780e-001 -9.569423e-001  -0.000000e+000
    outer loop
      vertex -7.058443e-001 -7.181208e-001  0.000000e+000
      vertex -7.058443e-001 -7.181208e-001  7.812500e-003
      vertex -7.087755e-001 -7.172317e-001  0.000000e+000
    endloop
  endfacet
  facet normal -2.902780e-001 -9.569423e-001  0.000000e+000
    outer loop
      vertex -7.087755e-001 -7.172317e-001  0.000000e+000
      vertex -7.058443e-001 -7.181208e-001  7.812500e-003
      vertex -7.087755e-001 -7.172317e-001  7.812500e-003
    endloop
  endfacet
  facet normal -4.713950e-001 -8.819222e-001  -0.000000e+000
    outer loop
      vertex -7.087755e-001 -7.172317e-001  0.000000e+000
      vertex -7.087755e-001 -7.172317e-001  7.812500e-003
      vertex -7.114769e-001 -7.157878e-001  0.000000e+000
    endloop
  endfacet
  facet normal -4.713950e-001 -8.819222e-001  0.000000e+000
    outer loop
      vertex -7.114769e-001 -7.157878e-001  0.000000e+000
      vertex -7.087755e-001 -7.172317e-001  7.812500e-003
      vertex -7.114769e-001 -7.157878e-001  7.812500e-003
    endloop
  endfacet
  facet normal -6.343974e-001 -7.730070e-001  -0.000000e+000
    outer loop
      vertex -7.114769e-001 -7.157878e-001  0.000000e+000
      vertex -7.114769e-001 -7.157878e-001  7.812500e-003
      vertex -7.138446e-001 -7.138446e-001  0.000000e+000
    endloop
  endfacet
  facet normal -6.343974e-001 -7.730070e-001  0.000000e+000
    outer loop
      vertex -7.138446e-001 -7.138446e-001  0.000000e+000
      vertex -7.114769e-001 -7.157878e-001  7.812500e-003
      vertex -7.138446e-001 -7.138446e-001  7.812500e-003
    endloop
  endfacet
  facet normal -7.730070e-001 -6.343974e-001  -0.000000e+000
    outer loop
      vertex -7.138446e-001 -7.138446e-001  0.000000e+000
      vertex -7.138446e-001 -7.138446e-001  7.812500e-003
      vertex -7.157878e-001 -7.114769e-001  0.000000e+000
    endloop
  endfacet
  facet normal -7.730070e-001 -6.343974e-001  0.000000e+000
    outer loop
      vertex -7.157878e-001 -7.114769e-001  0.000000e+000
      vertex -7.138446e-001 -7.138446e-001  7.812500e-003
      vertex -7.157878e-001 -7.114769e-001  7.812500e-003
    endloop
  endfacet
  facet normal -8.819222e-001 -4.713950e-001  -0.000000e+000
    outer loop
      vertex -7.157878e-001 -7.114769e-001  0.000000e+000
      vertex -7.157878e-001 -7.114769e-001  7.812500e-003
      vertex -7.172317e-001 -7.087755e-001  0.000000e+000
    endloop
  endfacet
  facet normal -8.819222e-001 -4.713950e-001  0.000000e+000
    outer loop
      vertex -7.172317e-001 -7.087755e-001  0.000000e+000
      vertex -7.157878e-001 -7.114769e-001  7.812500e-003
      vertex -7.172317e-001 -7.087755e-001  7.812500e-003
    endloop
  endfacet
  facet normal -9.569423e-001 -2.902780e-001  -0.000000e+000
    outer loop
      vertex -7.172317e-001 -7.087755e-001  0.000000e+000
      vertex -7.172317e-001 -7.087755e-001  7.812500e-003
      vertex -7.181208e-001 -7.058443e-001  0.000000e+000
    endloop
  endfacet
  facet normal -9.569423e-001 -2.902780e-001  0.000000e+000
    outer loop
      vertex -7.181208e-001 -7.058443e-001  0.000000e+000
      vertex -7.172317e-001 -7.087755e-001  7.812500e-003
      vertex -7.181208e-001 -7.058443e-001  7.812500e-003
    endloop
  endfacet
  facet normal -9.951848e-001 -9.801622e-002  -0.000000e+000
    outer loop
      vertex -7.181208e-001 -7.058443e-001  0.000000e+000
      vertex -7.181208e-001 -7.058443e-001  7.812500e-003
      vertex -7.184210e-001 -7.027960e-001  0.000000e+000
    endloop
  endfacet
  facet normal -9.951848e-001 -9.801622e-002  0.000000e+000
    outer loop
      vertex -7.184210e-001 -7.027960e-001  0.000000e+000
      vertex -7.181208e-001 -7.058443e-001  7.812500e-003
      vertex -7.184210e-001 -7.027960e-001  7.812500e-003
    endloop
  endfacet
  facet normal  0.000000e+000  1.000000e+000  -0.000000e+000
    outer loop
      vertex  7.184210e-001  7.184210e-001  7.812500e-003
      vertex  7.184210e-001  7.184210e-001  0.000000e+000
      vertex -7.184210e-001  7.184210e-001  7.812500e-003
    endloop
  endfacet
  facet normal  0.000000e+000  1.000000e+000  0.000000e+000
    outer loop
      vertex -7.184210e-001  7.184210e-001  7.812500e-003
      vertex  7.184210e-001  7.184210e-001  0.000000e+000
      vertex -7.184210e-001  7.184210e-001  0.000000e+000
    endloop
  endfacet
  facet normal  1.000000e+000  0.000000e+000  0.000000e+000
    outer loop
      vertex  7.184210e-001 -7.184210e-001  7.812500e-003
      vertex  7.184210e-001 -7.184210e-001  0.000000e+000
      vertex  7.184210e-001  7.184210e-001  7.812500e-003
    endloop
  endfacet
  facet normal  1.000000e+000  0.000000e+000  0.000000e+000
    outer loop
      vertex  7.184210e-001  7.184210e-001  7.812500e-003
      vertex  7.184210e-001 -7.184210e-001  0.000000e+000
      vertex  7.184210e-001  7.184210e-001  0.000000e+000
    endloop
  endfacet
endsolid CATIA STL
