solid CATIA STL
  facet normal  0.000000e+000 -1.000000e+000  0.000000e+000
    outer loop
      vertex  7.500000e-001 -6.015625e-001  1.484375e-001
      vertex  6.015625e-001 -6.015625e-001  1.484375e-001
      vertex  7.500000e-001 -6.015625e-001 -4.592425e-017
    endloop
  endfacet
  facet normal  0.000000e+000 -1.000000e+000  0.000000e+000
    outer loop
      vertex  7.500000e-001 -6.015625e-001 -4.592425e-017
      vertex  6.015625e-001 -6.015625e-001  1.484375e-001
      vertex  6.015625e-001 -6.015625e-001 -2.775558e-017
    endloop
  endfacet
  facet normal  1.000000e+000  -0.000000e+000  0.000000e+000
    outer loop
      vertex  6.015625e-001 -6.015625e-001  1.484375e-001
      vertex  6.015625e-001 -7.500000e-001  1.484375e-001
      vertex  6.015625e-001 -6.015625e-001 -2.775558e-017
    endloop
  endfacet
  facet normal  1.000000e+000  0.000000e+000  0.000000e+000
    outer loop
      vertex  6.015625e-001 -6.015625e-001 -2.775558e-017
      vertex  6.015625e-001 -7.500000e-001  1.484375e-001
      vertex  6.015625e-001 -7.500000e-001 -3.683508e-017
    endloop
  endfacet
  facet normal  1.000000e+000  0.000000e+000  0.000000e+000
    outer loop
      vertex  7.500000e-001 -6.015625e-001  1.484375e-001
      vertex  7.500000e-001 -6.015625e-001 -4.592425e-017
      vertex  7.500000e-001 -1.484375e-001  1.484375e-001
    endloop
  endfacet
  facet normal  9.999999e-001  0.000000e+000  0.000000e+000
    outer loop
      vertex  7.500000e-001 -1.484375e-001  1.484375e-001
      vertex  7.500000e-001 -6.015625e-001 -4.592425e-017
      vertex  7.500000e-001  0.000000e+000 -4.592425e-017
    endloop
  endfacet
  facet normal  9.999999e-001  0.000000e+000  0.000000e+000
    outer loop
      vertex  7.500000e-001 -1.484375e-001  1.484375e-001
      vertex  7.500000e-001  0.000000e+000 -4.592425e-017
      vertex  7.500000e-001 -1.484375e-001  7.500000e-001
    endloop
  endfacet
  facet normal  1.000000e+000  -0.000000e+000  0.000000e+000
    outer loop
      vertex  7.500000e-001 -1.484375e-001  7.500000e-001
      vertex  7.500000e-001  0.000000e+000 -4.592425e-017
      vertex  7.500000e-001  0.000000e+000  7.500000e-001
    endloop
  endfacet
  facet normal -6.123234e-017  -0.000000e+000 -9.999999e-001
    outer loop
      vertex  1.562500e-001  0.000000e+000 -9.567553e-018
      vertex  7.500000e-001  0.000000e+000 -4.592425e-017
      vertex  7.500000e-001 -6.015625e-001 -4.592425e-017
    endloop
  endfacet
  facet normal -1.223995e-016 -6.037280e-017 -9.999999e-001
    outer loop
      vertex  1.562500e-001  0.000000e+000 -9.567553e-018
      vertex  7.500000e-001 -6.015625e-001 -4.592425e-017
      vertex  6.015625e-001 -6.015625e-001 -2.775558e-017
    endloop
  endfacet
  facet normal  4.178609e-017  6.116719e-017 -1.000000e+000
    outer loop
      vertex  1.562500e-001  0.000000e+000 -9.567553e-018
      vertex  6.015625e-001 -6.015625e-001 -2.775558e-017
      vertex  6.015625e-001 -7.500000e-001 -3.683508e-017
    endloop
  endfacet
  facet normal -6.123234e-017  0.000000e+000 -1.000000e+000
    outer loop
      vertex  1.562500e-001  0.000000e+000 -9.567553e-018
      vertex  6.015625e-001 -7.500000e-001 -3.683508e-017
      vertex  1.562500e-001 -7.500000e-001 -9.567553e-018
    endloop
  endfacet
  facet normal  -0.000000e+000 -9.999999e-001  -0.000000e+000
    outer loop
      vertex  1.484375e-001 -7.500000e-001  1.484375e-001
      vertex  1.484375e-001 -7.500000e-001  7.500000e-001
      vertex  4.592425e-017 -7.500000e-001  7.500000e-001
    endloop
  endfacet
  facet normal  0.000000e+000 -1.000000e+000  -0.000000e+000
    outer loop
      vertex  1.484375e-001 -7.500000e-001  1.484375e-001
      vertex  4.592425e-017 -7.500000e-001  7.500000e-001
      vertex  9.567553e-018 -7.500000e-001  1.562500e-001
    endloop
  endfacet
  facet normal  0.000000e+000 -1.000000e+000  0.000000e+000
    outer loop
      vertex  1.484375e-001 -7.500000e-001  1.484375e-001
      vertex  9.567553e-018 -7.500000e-001  1.562500e-001
      vertex  3.002300e-003 -7.500000e-001  1.257671e-001
    endloop
  endfacet
  facet normal  0.000000e+000 -1.000000e+000  0.000000e+000
    outer loop
      vertex  1.484375e-001 -7.500000e-001  1.484375e-001
      vertex  3.002300e-003 -7.500000e-001  1.257671e-001
      vertex  6.015625e-001 -7.500000e-001  1.484375e-001
    endloop
  endfacet
  facet normal  0.000000e+000 -1.000000e+000  0.000000e+000
    outer loop
      vertex  6.015625e-001 -7.500000e-001  1.484375e-001
      vertex  3.002300e-003 -7.500000e-001  1.257671e-001
      vertex  1.189382e-002 -7.500000e-001  9.645572e-002
    endloop
  endfacet
  facet normal  0.000000e+000 -1.000000e+000  0.000000e+000
    outer loop
      vertex  6.015625e-001 -7.500000e-001  1.484375e-001
      vertex  1.189382e-002 -7.500000e-001  9.645572e-002
      vertex  2.633287e-002 -7.500000e-001  6.944215e-002
    endloop
  endfacet
  facet normal  0.000000e+000 -1.000000e+000  0.000000e+000
    outer loop
      vertex  6.015625e-001 -7.500000e-001  1.484375e-001
      vertex  2.633287e-002 -7.500000e-001  6.944215e-002
      vertex  4.576457e-002 -7.500000e-001  4.576457e-002
    endloop
  endfacet
  facet normal  0.000000e+000 -1.000000e+000  0.000000e+000
    outer loop
      vertex  6.015625e-001 -7.500000e-001  1.484375e-001
      vertex  4.576457e-002 -7.500000e-001  4.576457e-002
      vertex  6.944215e-002 -7.500000e-001  2.633287e-002
    endloop
  endfacet
  facet normal  0.000000e+000 -1.000000e+000  0.000000e+000
    outer loop
      vertex  6.015625e-001 -7.500000e-001  1.484375e-001
      vertex  6.944215e-002 -7.500000e-001  2.633287e-002
      vertex  9.645572e-002 -7.500000e-001  1.189382e-002
    endloop
  endfacet
  facet normal  0.000000e+000 -1.000000e+000  0.000000e+000
    outer loop
      vertex  6.015625e-001 -7.500000e-001  1.484375e-001
      vertex  9.645572e-002 -7.500000e-001  1.189382e-002
      vertex  1.257671e-001 -7.500000e-001  3.002300e-003
    endloop
  endfacet
  facet normal  0.000000e+000 -1.000000e+000  0.000000e+000
    outer loop
      vertex  6.015625e-001 -7.500000e-001  1.484375e-001
      vertex  1.257671e-001 -7.500000e-001  3.002300e-003
      vertex  1.562500e-001 -7.500000e-001 -9.567553e-018
    endloop
  endfacet
  facet normal  0.000000e+000 -1.000000e+000  0.000000e+000
    outer loop
      vertex  6.015625e-001 -7.500000e-001  1.484375e-001
      vertex  1.562500e-001 -7.500000e-001 -9.567553e-018
      vertex  6.015625e-001 -7.500000e-001 -3.683508e-017
    endloop
  endfacet
  facet normal  0.000000e+000  0.000000e+000  1.000000e+000
    outer loop
      vertex  1.484375e-001 -7.500000e-001  1.484375e-001
      vertex  6.015625e-001 -7.500000e-001  1.484375e-001
      vertex  1.484375e-001 -1.484375e-001  1.484375e-001
    endloop
  endfacet
  facet normal  0.000000e+000  0.000000e+000  1.000000e+000
    outer loop
      vertex  1.484375e-001 -1.484375e-001  1.484375e-001
      vertex  6.015625e-001 -7.500000e-001  1.484375e-001
      vertex  6.015625e-001 -6.015625e-001  1.484375e-001
    endloop
  endfacet
  facet normal  0.000000e+000  -0.000000e+000  1.000000e+000
    outer loop
      vertex  1.484375e-001 -1.484375e-001  1.484375e-001
      vertex  6.015625e-001 -6.015625e-001  1.484375e-001
      vertex  7.500000e-001 -1.484375e-001  1.484375e-001
    endloop
  endfacet
  facet normal  0.000000e+000  0.000000e+000  1.000000e+000
    outer loop
      vertex  7.500000e-001 -1.484375e-001  1.484375e-001
      vertex  6.015625e-001 -6.015625e-001  1.484375e-001
      vertex  7.500000e-001 -6.015625e-001  1.484375e-001
    endloop
  endfacet
  facet normal  0.000000e+000  0.000000e+000  1.000000e+000
    outer loop
      vertex  4.592425e-017 -7.500000e-001  7.500000e-001
      vertex  1.484375e-001 -7.500000e-001  7.500000e-001
      vertex  4.592425e-017  0.000000e+000  7.500000e-001
    endloop
  endfacet
  facet normal  0.000000e+000  0.000000e+000  9.999999e-001
    outer loop
      vertex  4.592425e-017  0.000000e+000  7.500000e-001
      vertex  1.484375e-001 -7.500000e-001  7.500000e-001
      vertex  1.484375e-001 -1.484375e-001  7.500000e-001
    endloop
  endfacet
  facet normal  0.000000e+000  -0.000000e+000  1.000000e+000
    outer loop
      vertex  4.592425e-017  0.000000e+000  7.500000e-001
      vertex  1.484375e-001 -1.484375e-001  7.500000e-001
      vertex  7.500000e-001  0.000000e+000  7.500000e-001
    endloop
  endfacet
  facet normal  0.000000e+000  0.000000e+000  9.999999e-001
    outer loop
      vertex  7.500000e-001  0.000000e+000  7.500000e-001
      vertex  1.484375e-001 -1.484375e-001  7.500000e-001
      vertex  7.500000e-001 -1.484375e-001  7.500000e-001
    endloop
  endfacet
  facet normal  1.000000e+000  -0.000000e+000  0.000000e+000
    outer loop
      vertex  1.484375e-001 -1.484375e-001  7.500000e-001
      vertex  1.484375e-001 -7.500000e-001  7.500000e-001
      vertex  1.484375e-001 -1.484375e-001  1.484375e-001
    endloop
  endfacet
  facet normal  1.000000e+000  0.000000e+000  0.000000e+000
    outer loop
      vertex  1.484375e-001 -1.484375e-001  1.484375e-001
      vertex  1.484375e-001 -7.500000e-001  7.500000e-001
      vertex  1.484375e-001 -7.500000e-001  1.484375e-001
    endloop
  endfacet
  facet normal  0.000000e+000 -1.000000e+000  0.000000e+000
    outer loop
      vertex  7.500000e-001 -1.484375e-001  7.500000e-001
      vertex  1.484375e-001 -1.484375e-001  7.500000e-001
      vertex  7.500000e-001 -1.484375e-001  1.484375e-001
    endloop
  endfacet
  facet normal  0.000000e+000 -1.000000e+000  0.000000e+000
    outer loop
      vertex  7.500000e-001 -1.484375e-001  1.484375e-001
      vertex  1.484375e-001 -1.484375e-001  7.500000e-001
      vertex  1.484375e-001 -1.484375e-001  1.484375e-001
    endloop
  endfacet
  facet normal  -0.000000e+000  1.000000e+000  0.000000e+000
    outer loop
      vertex  9.567553e-018  0.000000e+000  1.562500e-001
      vertex  4.592425e-017  0.000000e+000  7.500000e-001
      vertex  7.500000e-001  0.000000e+000  7.500000e-001
    endloop
  endfacet
  facet normal  0.000000e+000  1.000000e+000  0.000000e+000
    outer loop
      vertex  9.567553e-018  0.000000e+000  1.562500e-001
      vertex  7.500000e-001  0.000000e+000  7.500000e-001
      vertex  7.500000e-001  0.000000e+000 -4.592425e-017
    endloop
  endfacet
  facet normal  0.000000e+000  1.000000e+000  0.000000e+000
    outer loop
      vertex  9.567553e-018  0.000000e+000  1.562500e-001
      vertex  7.500000e-001  0.000000e+000 -4.592425e-017
      vertex  1.562500e-001  0.000000e+000 -9.567553e-018
    endloop
  endfacet
  facet normal  0.000000e+000  1.000000e+000  0.000000e+000
    outer loop
      vertex  9.567553e-018  0.000000e+000  1.562500e-001
      vertex  1.562500e-001  0.000000e+000 -9.567553e-018
      vertex  1.257671e-001  0.000000e+000  3.002300e-003
    endloop
  endfacet
  facet normal  0.000000e+000  1.000000e+000  0.000000e+000
    outer loop
      vertex  9.567553e-018  0.000000e+000  1.562500e-001
      vertex  1.257671e-001  0.000000e+000  3.002300e-003
      vertex  9.645572e-002  0.000000e+000  1.189382e-002
    endloop
  endfacet
  facet normal  0.000000e+000  1.000000e+000  0.000000e+000
    outer loop
      vertex  9.567553e-018  0.000000e+000  1.562500e-001
      vertex  9.645572e-002  0.000000e+000  1.189382e-002
      vertex  6.944215e-002  0.000000e+000  2.633287e-002
    endloop
  endfacet
  facet normal  0.000000e+000  1.000000e+000  0.000000e+000
    outer loop
      vertex  9.567553e-018  0.000000e+000  1.562500e-001
      vertex  6.944215e-002  0.000000e+000  2.633287e-002
      vertex  4.576457e-002  0.000000e+000  4.576457e-002
    endloop
  endfacet
  facet normal  0.000000e+000  1.000000e+000  0.000000e+000
    outer loop
      vertex  9.567553e-018  0.000000e+000  1.562500e-001
      vertex  4.576457e-002  0.000000e+000  4.576457e-002
      vertex  2.633287e-002  0.000000e+000  6.944215e-002
    endloop
  endfacet
  facet normal  0.000000e+000  1.000000e+000  0.000000e+000
    outer loop
      vertex  9.567553e-018  0.000000e+000  1.562500e-001
      vertex  2.633287e-002  0.000000e+000  6.944215e-002
      vertex  1.189382e-002  0.000000e+000  9.645572e-002
    endloop
  endfacet
  facet normal  0.000000e+000  1.000000e+000  0.000000e+000
    outer loop
      vertex  9.567553e-018  0.000000e+000  1.562500e-001
      vertex  1.189382e-002  0.000000e+000  9.645572e-002
      vertex  3.002300e-003  0.000000e+000  1.257671e-001
    endloop
  endfacet
  facet normal -1.000000e+000  0.000000e+000  6.123234e-017
    outer loop
      vertex  4.592425e-017  0.000000e+000  7.500000e-001
      vertex  9.567553e-018  0.000000e+000  1.562500e-001
      vertex  4.592425e-017 -7.500000e-001  7.500000e-001
    endloop
  endfacet
  facet normal -1.000000e+000  0.000000e+000  6.123234e-017
    outer loop
      vertex  4.592425e-017 -7.500000e-001  7.500000e-001
      vertex  9.567553e-018  0.000000e+000  1.562500e-001
      vertex  9.567553e-018 -7.500000e-001  1.562500e-001
    endloop
  endfacet
  facet normal -9.801716e-002  0.000000e+000 -9.951847e-001
    outer loop
      vertex  1.562500e-001  0.000000e+000 -9.567553e-018
      vertex  1.562500e-001 -7.500000e-001 -9.567553e-018
      vertex  1.257671e-001  0.000000e+000  3.002300e-003
    endloop
  endfacet
  facet normal -9.801716e-002  -0.000000e+000 -9.951847e-001
    outer loop
      vertex  1.257671e-001  0.000000e+000  3.002300e-003
      vertex  1.562500e-001 -7.500000e-001 -9.567553e-018
      vertex  1.257671e-001 -7.500000e-001  3.002300e-003
    endloop
  endfacet
  facet normal -2.902846e-001  0.000000e+000 -9.569403e-001
    outer loop
      vertex  1.257671e-001  0.000000e+000  3.002300e-003
      vertex  1.257671e-001 -7.500000e-001  3.002300e-003
      vertex  9.645572e-002  0.000000e+000  1.189382e-002
    endloop
  endfacet
  facet normal -2.902846e-001  -0.000000e+000 -9.569403e-001
    outer loop
      vertex  9.645572e-002  0.000000e+000  1.189382e-002
      vertex  1.257671e-001 -7.500000e-001  3.002300e-003
      vertex  9.645572e-002 -7.500000e-001  1.189382e-002
    endloop
  endfacet
  facet normal -4.713968e-001  0.000000e+000 -8.819212e-001
    outer loop
      vertex  9.645572e-002  0.000000e+000  1.189382e-002
      vertex  9.645572e-002 -7.500000e-001  1.189382e-002
      vertex  6.944215e-002  0.000000e+000  2.633287e-002
    endloop
  endfacet
  facet normal -4.713968e-001  -0.000000e+000 -8.819212e-001
    outer loop
      vertex  6.944215e-002  0.000000e+000  2.633287e-002
      vertex  9.645572e-002 -7.500000e-001  1.189382e-002
      vertex  6.944215e-002 -7.500000e-001  2.633287e-002
    endloop
  endfacet
  facet normal -6.343932e-001  0.000000e+000 -7.730105e-001
    outer loop
      vertex  6.944215e-002  0.000000e+000  2.633287e-002
      vertex  6.944215e-002 -7.500000e-001  2.633287e-002
      vertex  4.576457e-002  0.000000e+000  4.576457e-002
    endloop
  endfacet
  facet normal -6.343932e-001  -0.000000e+000 -7.730105e-001
    outer loop
      vertex  4.576457e-002  0.000000e+000  4.576457e-002
      vertex  6.944215e-002 -7.500000e-001  2.633287e-002
      vertex  4.576457e-002 -7.500000e-001  4.576457e-002
    endloop
  endfacet
  facet normal -7.730105e-001  0.000000e+000 -6.343932e-001
    outer loop
      vertex  4.576457e-002  0.000000e+000  4.576457e-002
      vertex  4.576457e-002 -7.500000e-001  4.576457e-002
      vertex  2.633287e-002  0.000000e+000  6.944215e-002
    endloop
  endfacet
  facet normal -7.730105e-001  -0.000000e+000 -6.343932e-001
    outer loop
      vertex  2.633287e-002  0.000000e+000  6.944215e-002
      vertex  4.576457e-002 -7.500000e-001  4.576457e-002
      vertex  2.633287e-002 -7.500000e-001  6.944215e-002
    endloop
  endfacet
  facet normal -8.819212e-001  0.000000e+000 -4.713968e-001
    outer loop
      vertex  2.633287e-002  0.000000e+000  6.944215e-002
      vertex  2.633287e-002 -7.500000e-001  6.944215e-002
      vertex  1.189382e-002  0.000000e+000  9.645572e-002
    endloop
  endfacet
  facet normal -8.819212e-001  -0.000000e+000 -4.713968e-001
    outer loop
      vertex  1.189382e-002  0.000000e+000  9.645572e-002
      vertex  2.633287e-002 -7.500000e-001  6.944215e-002
      vertex  1.189382e-002 -7.500000e-001  9.645572e-002
    endloop
  endfacet
  facet normal -9.569403e-001  0.000000e+000 -2.902846e-001
    outer loop
      vertex  1.189382e-002  0.000000e+000  9.645572e-002
      vertex  1.189382e-002 -7.500000e-001  9.645572e-002
      vertex  3.002300e-003  0.000000e+000  1.257671e-001
    endloop
  endfacet
  facet normal -9.569403e-001  -0.000000e+000 -2.902846e-001
    outer loop
      vertex  3.002300e-003  0.000000e+000  1.257671e-001
      vertex  1.189382e-002 -7.500000e-001  9.645572e-002
      vertex  3.002300e-003 -7.500000e-001  1.257671e-001
    endloop
  endfacet
  facet normal -9.951847e-001  0.000000e+000 -9.801716e-002
    outer loop
      vertex  3.002300e-003  0.000000e+000  1.257671e-001
      vertex  3.002300e-003 -7.500000e-001  1.257671e-001
      vertex  9.567553e-018  0.000000e+000  1.562500e-001
    endloop
  endfacet
  facet normal -9.951847e-001  -0.000000e+000 -9.801716e-002
    outer loop
      vertex  9.567553e-018  0.000000e+000  1.562500e-001
      vertex  3.002300e-003 -7.500000e-001  1.257671e-001
      vertex  9.567553e-018 -7.500000e-001  1.562500e-001
    endloop
  endfacet
endsolid CATIA STL
