solid CATIA STL
  facet normal -9.999999e-001  0.000000e+000  0.000000e+000
    outer loop
      vertex  0.000000e+000  1.484375e-001 -9.089176e-018
      vertex  0.000000e+000  1.484375e-001  3.750000e-001
      vertex  0.000000e+000  3.000000e-001 -1.836970e-017
    endloop
  endfacet
  facet normal -9.999999e-001  0.000000e+000  0.000000e+000
    outer loop
      vertex  0.000000e+000  3.000000e-001 -1.836970e-017
      vertex  0.000000e+000  1.484375e-001  3.750000e-001
      vertex  0.000000e+000  3.000000e-001  3.750000e-001
    endloop
  endfacet
  facet normal  7.734612e-017 -1.000000e+000  0.000000e+000
    outer loop
      vertex  1.484375e-001  0.000000e+000  3.750000e-001
      vertex  1.484375e-001  0.000000e+000  0.000000e+000
      vertex  4.453125e-001  2.296213e-017  3.750000e-001
    endloop
  endfacet
  facet normal  0.000000e+000 -1.000000e+000  6.123234e-017
    outer loop
      vertex  4.453125e-001  2.296213e-017  3.750000e-001
      vertex  1.484375e-001  0.000000e+000  0.000000e+000
      vertex  4.453125e-001  0.000000e+000  0.000000e+000
    endloop
  endfacet
  facet normal  0.000000e+000  0.000000e+000  9.999999e-001
    outer loop
      vertex  0.000000e+000  1.484375e-001  3.750000e-001
      vertex  2.852185e-003  1.194788e-001  3.750000e-001
      vertex  0.000000e+000  3.000000e-001  3.750000e-001
    endloop
  endfacet
  facet normal  0.000000e+000  -0.000000e+000  1.000000e+000
    outer loop
      vertex  1.484375e-001  0.000000e+000  3.750000e-001
      vertex  4.453125e-001  2.296213e-017  3.750000e-001
      vertex  4.453125e-001  3.000000e-001  3.750000e-001
    endloop
  endfacet
  facet normal  0.000000e+000  0.000000e+000  1.000000e+000
    outer loop
      vertex  1.484375e-001  0.000000e+000  3.750000e-001
      vertex  4.453125e-001  3.000000e-001  3.750000e-001
      vertex  0.000000e+000  3.000000e-001  3.750000e-001
    endloop
  endfacet
  facet normal  0.000000e+000  0.000000e+000  9.999999e-001
    outer loop
      vertex  1.484375e-001  0.000000e+000  3.750000e-001
      vertex  0.000000e+000  3.000000e-001  3.750000e-001
      vertex  2.852185e-003  1.194788e-001  3.750000e-001
    endloop
  endfacet
  facet normal  0.000000e+000  0.000000e+000  1.000000e+000
    outer loop
      vertex  1.484375e-001  0.000000e+000  3.750000e-001
      vertex  2.852185e-003  1.194788e-001  3.750000e-001
      vertex  1.129913e-002  9.163292e-002  3.750000e-001
    endloop
  endfacet
  facet normal  0.000000e+000  0.000000e+000  1.000000e+000
    outer loop
      vertex  1.484375e-001  0.000000e+000  3.750000e-001
      vertex  1.129913e-002  9.163292e-002  3.750000e-001
      vertex  2.501623e-002  6.597004e-002  3.750000e-001
    endloop
  endfacet
  facet normal  0.000000e+000  0.000000e+000  9.999999e-001
    outer loop
      vertex  1.484375e-001  0.000000e+000  3.750000e-001
      vertex  2.501623e-002  6.597004e-002  3.750000e-001
      vertex  4.347634e-002  4.347634e-002  3.750000e-001
    endloop
  endfacet
  facet normal  0.000000e+000  0.000000e+000  1.000000e+000
    outer loop
      vertex  1.484375e-001  0.000000e+000  3.750000e-001
      vertex  4.347634e-002  4.347634e-002  3.750000e-001
      vertex  6.597004e-002  2.501623e-002  3.750000e-001
    endloop
  endfacet
  facet normal  0.000000e+000  0.000000e+000  1.000000e+000
    outer loop
      vertex  1.484375e-001  0.000000e+000  3.750000e-001
      vertex  6.597004e-002  2.501623e-002  3.750000e-001
      vertex  9.163292e-002  1.129913e-002  3.750000e-001
    endloop
  endfacet
  facet normal  0.000000e+000  0.000000e+000  1.000000e+000
    outer loop
      vertex  1.484375e-001  0.000000e+000  3.750000e-001
      vertex  9.163292e-002  1.129913e-002  3.750000e-001
      vertex  1.194788e-001  2.852185e-003  3.750000e-001
    endloop
  endfacet
  facet normal -3.556842e-025 -6.123234e-017 -1.000000e+000
    outer loop
      vertex  1.484375e-001  0.000000e+000  0.000000e+000
      vertex  1.194788e-001  2.852185e-003 -1.746460e-019
      vertex  9.163292e-002  1.129913e-002 -6.918723e-019
    endloop
  endfacet
  facet normal  1.955889e-024 -6.123234e-017 -1.000000e+000
    outer loop
      vertex  1.484375e-001  0.000000e+000  0.000000e+000
      vertex  9.163292e-002  1.129913e-002 -6.918723e-019
      vertex  6.597004e-002  2.501623e-002 -1.531802e-018
    endloop
  endfacet
  facet normal -2.417301e-024 -6.123234e-017 -1.000000e+000
    outer loop
      vertex  1.484375e-001  0.000000e+000  0.000000e+000
      vertex  6.597004e-002  2.501623e-002 -1.531802e-018
      vertex  4.347634e-002  4.347634e-002 -2.662158e-018
    endloop
  endfacet
  facet normal -4.775054e-024 -6.123235e-017 -1.000000e+000
    outer loop
      vertex  1.484375e-001  0.000000e+000  0.000000e+000
      vertex  4.347634e-002  4.347634e-002 -2.662158e-018
      vertex  2.501623e-002  6.597004e-002 -4.039500e-018
    endloop
  endfacet
  facet normal  5.453795e-024 -6.123234e-017 -1.000000e+000
    outer loop
      vertex  1.484375e-001  0.000000e+000  0.000000e+000
      vertex  2.501623e-002  6.597004e-002 -4.039500e-018
      vertex  1.129913e-002  9.163292e-002 -5.610898e-018
    endloop
  endfacet
  facet normal  3.629275e-024 -6.123234e-017 -1.000000e+000
    outer loop
      vertex  1.484375e-001  0.000000e+000  0.000000e+000
      vertex  1.129913e-002  9.163292e-002 -5.610898e-018
      vertex  2.852185e-003  1.194788e-001 -7.315965e-018
    endloop
  endfacet
  facet normal -5.757662e-024 -6.123234e-017 -1.000000e+000
    outer loop
      vertex  1.484375e-001  0.000000e+000  0.000000e+000
      vertex  2.852185e-003  1.194788e-001 -7.315965e-018
      vertex  0.000000e+000  1.484375e-001 -9.089176e-018
    endloop
  endfacet
  facet normal  6.797892e-025 -6.123234e-017 -1.000000e+000
    outer loop
      vertex  1.484375e-001  0.000000e+000  0.000000e+000
      vertex  0.000000e+000  1.484375e-001 -9.089176e-018
      vertex  0.000000e+000  3.000000e-001 -1.836970e-017
    endloop
  endfacet
  facet normal  0.000000e+000 -6.123234e-017 -1.000000e+000
    outer loop
      vertex  1.484375e-001  0.000000e+000  0.000000e+000
      vertex  0.000000e+000  3.000000e-001 -1.836970e-017
      vertex  4.453125e-001  3.000000e-001 -1.836970e-017
    endloop
  endfacet
  facet normal  0.000000e+000 -6.123234e-017 -1.000000e+000
    outer loop
      vertex  1.484375e-001  0.000000e+000  0.000000e+000
      vertex  4.453125e-001  3.000000e-001 -1.836970e-017
      vertex  4.453125e-001  0.000000e+000  0.000000e+000
    endloop
  endfacet
  facet normal -9.951847e-001 -9.801713e-002  0.000000e+000
    outer loop
      vertex  0.000000e+000  1.484375e-001  3.750000e-001
      vertex  0.000000e+000  1.484375e-001 -9.089176e-018
      vertex  2.852185e-003  1.194788e-001  3.750000e-001
    endloop
  endfacet
  facet normal -9.951847e-001 -9.801713e-002  -0.000000e+000
    outer loop
      vertex  2.852185e-003  1.194788e-001  3.750000e-001
      vertex  0.000000e+000  1.484375e-001 -9.089176e-018
      vertex  2.852185e-003  1.194788e-001 -7.315965e-018
    endloop
  endfacet
  facet normal -9.569403e-001 -2.902847e-001  0.000000e+000
    outer loop
      vertex  2.852185e-003  1.194788e-001  3.750000e-001
      vertex  2.852185e-003  1.194788e-001 -7.315965e-018
      vertex  1.129913e-002  9.163292e-002  3.750000e-001
    endloop
  endfacet
  facet normal -9.569403e-001 -2.902847e-001  -0.000000e+000
    outer loop
      vertex  1.129913e-002  9.163292e-002  3.750000e-001
      vertex  2.852185e-003  1.194788e-001 -7.315965e-018
      vertex  1.129913e-002  9.163292e-002 -5.610898e-018
    endloop
  endfacet
  facet normal -8.819212e-001 -4.713967e-001  0.000000e+000
    outer loop
      vertex  1.129913e-002  9.163292e-002  3.750000e-001
      vertex  1.129913e-002  9.163292e-002 -5.610898e-018
      vertex  2.501623e-002  6.597004e-002  3.750000e-001
    endloop
  endfacet
  facet normal -8.819212e-001 -4.713967e-001  -0.000000e+000
    outer loop
      vertex  2.501623e-002  6.597004e-002  3.750000e-001
      vertex  1.129913e-002  9.163292e-002 -5.610898e-018
      vertex  2.501623e-002  6.597004e-002 -4.039500e-018
    endloop
  endfacet
  facet normal -7.730104e-001 -6.343933e-001  0.000000e+000
    outer loop
      vertex  2.501623e-002  6.597004e-002  3.750000e-001
      vertex  2.501623e-002  6.597004e-002 -4.039500e-018
      vertex  4.347634e-002  4.347634e-002  3.750000e-001
    endloop
  endfacet
  facet normal -7.730104e-001 -6.343933e-001  -0.000000e+000
    outer loop
      vertex  4.347634e-002  4.347634e-002  3.750000e-001
      vertex  2.501623e-002  6.597004e-002 -4.039500e-018
      vertex  4.347634e-002  4.347634e-002 -2.662158e-018
    endloop
  endfacet
  facet normal -6.343933e-001 -7.730104e-001  0.000000e+000
    outer loop
      vertex  4.347634e-002  4.347634e-002  3.750000e-001
      vertex  4.347634e-002  4.347634e-002 -2.662158e-018
      vertex  6.597004e-002  2.501623e-002  3.750000e-001
    endloop
  endfacet
  facet normal -6.343933e-001 -7.730104e-001  -0.000000e+000
    outer loop
      vertex  6.597004e-002  2.501623e-002  3.750000e-001
      vertex  4.347634e-002  4.347634e-002 -2.662158e-018
      vertex  6.597004e-002  2.501623e-002 -1.531802e-018
    endloop
  endfacet
  facet normal -4.713967e-001 -8.819212e-001  0.000000e+000
    outer loop
      vertex  6.597004e-002  2.501623e-002  3.750000e-001
      vertex  6.597004e-002  2.501623e-002 -1.531802e-018
      vertex  9.163292e-002  1.129913e-002  3.750000e-001
    endloop
  endfacet
  facet normal -4.713967e-001 -8.819212e-001  -0.000000e+000
    outer loop
      vertex  9.163292e-002  1.129913e-002  3.750000e-001
      vertex  6.597004e-002  2.501623e-002 -1.531802e-018
      vertex  9.163292e-002  1.129913e-002 -6.918723e-019
    endloop
  endfacet
  facet normal -2.902847e-001 -9.569403e-001  0.000000e+000
    outer loop
      vertex  9.163292e-002  1.129913e-002  3.750000e-001
      vertex  9.163292e-002  1.129913e-002 -6.918723e-019
      vertex  1.194788e-001  2.852185e-003  3.750000e-001
    endloop
  endfacet
  facet normal -2.902847e-001 -9.569403e-001  -0.000000e+000
    outer loop
      vertex  1.194788e-001  2.852185e-003  3.750000e-001
      vertex  9.163292e-002  1.129913e-002 -6.918723e-019
      vertex  1.194788e-001  2.852185e-003 -1.746460e-019
    endloop
  endfacet
  facet normal -9.801713e-002 -9.951847e-001  0.000000e+000
    outer loop
      vertex  1.194788e-001  2.852185e-003  3.750000e-001
      vertex  1.194788e-001  2.852185e-003 -1.746460e-019
      vertex  1.484375e-001  0.000000e+000  3.750000e-001
    endloop
  endfacet
  facet normal -9.801713e-002 -9.951847e-001  -0.000000e+000
    outer loop
      vertex  1.484375e-001  0.000000e+000  3.750000e-001
      vertex  1.194788e-001  2.852185e-003 -1.746460e-019
      vertex  1.484375e-001  0.000000e+000  0.000000e+000
    endloop
  endfacet
  facet normal  1.000000e+000  0.000000e+000  0.000000e+000
    outer loop
      vertex  4.453125e-001  0.000000e+000  0.000000e+000
      vertex  4.453125e-001  3.000000e-001 -1.836970e-017
      vertex  4.453125e-001  2.296213e-017  3.750000e-001
    endloop
  endfacet
  facet normal  1.000000e+000  -0.000000e+000  0.000000e+000
    outer loop
      vertex  4.453125e-001  2.296213e-017  3.750000e-001
      vertex  4.453125e-001  3.000000e-001 -1.836970e-017
      vertex  4.453125e-001  3.000000e-001  3.750000e-001
    endloop
  endfacet
  facet normal  0.000000e+000  1.000000e+000  0.000000e+000
    outer loop
      vertex  0.000000e+000  3.000000e-001 -1.836970e-017
      vertex  0.000000e+000  3.000000e-001  3.750000e-001
      vertex  4.453125e-001  3.000000e-001 -1.836970e-017
    endloop
  endfacet
  facet normal  0.000000e+000  1.000000e+000  -0.000000e+000
    outer loop
      vertex  4.453125e-001  3.000000e-001 -1.836970e-017
      vertex  0.000000e+000  3.000000e-001  3.750000e-001
      vertex  4.453125e-001  3.000000e-001  3.750000e-001
    endloop
  endfacet
endsolid CATIA STL
