solid CATIA STL
  facet normal  0.000000e+000  1.000000e+000  0.000000e+000
    outer loop
      vertex  3.348644e-018  4.687500e-002  5.468750e-002
      vertex  1.740288e-017  4.687500e-002  2.842105e-001
      vertex  6.953125e-001  4.687500e-002 -4.257561e-017
    endloop
  endfacet
  facet normal  0.000000e+000  1.000000e+000  0.000000e+000
    outer loop
      vertex  3.348644e-018  4.687500e-002  5.468750e-002
      vertex  6.953125e-001  4.687500e-002 -4.257561e-017
      vertex  5.468750e-002  4.687500e-002 -3.348644e-018
    endloop
  endfacet
  facet normal  0.000000e+000  1.000000e+000  0.000000e+000
    outer loop
      vertex  3.348644e-018  4.687500e-002  5.468750e-002
      vertex  5.468750e-002  4.687500e-002 -3.348644e-018
      vertex  4.401850e-002  4.687500e-002  1.050805e-003
    endloop
  endfacet
  facet normal  0.000000e+000  1.000000e+000  0.000000e+000
    outer loop
      vertex  3.348644e-018  4.687500e-002  5.468750e-002
      vertex  4.401850e-002  4.687500e-002  1.050805e-003
      vertex  3.375950e-002  4.687500e-002  4.162838e-003
    endloop
  endfacet
  facet normal  0.000000e+000  1.000000e+000  0.000000e+000
    outer loop
      vertex  3.348644e-018  4.687500e-002  5.468750e-002
      vertex  3.375950e-002  4.687500e-002  4.162838e-003
      vertex  2.430475e-002  4.687500e-002  9.216506e-003
    endloop
  endfacet
  facet normal  0.000000e+000  1.000000e+000  0.000000e+000
    outer loop
      vertex  3.348644e-018  4.687500e-002  5.468750e-002
      vertex  2.430475e-002  4.687500e-002  9.216506e-003
      vertex  1.601760e-002  4.687500e-002  1.601760e-002
    endloop
  endfacet
  facet normal  0.000000e+000  1.000000e+000  0.000000e+000
    outer loop
      vertex  3.348644e-018  4.687500e-002  5.468750e-002
      vertex  1.601760e-002  4.687500e-002  1.601760e-002
      vertex  9.216506e-003  4.687500e-002  2.430475e-002
    endloop
  endfacet
  facet normal  0.000000e+000  1.000000e+000  0.000000e+000
    outer loop
      vertex  3.348644e-018  4.687500e-002  5.468750e-002
      vertex  9.216506e-003  4.687500e-002  2.430475e-002
      vertex  4.162838e-003  4.687500e-002  3.375950e-002
    endloop
  endfacet
  facet normal  0.000000e+000  1.000000e+000  0.000000e+000
    outer loop
      vertex  3.348644e-018  4.687500e-002  5.468750e-002
      vertex  4.162838e-003  4.687500e-002  3.375950e-002
      vertex  1.050805e-003  4.687500e-002  4.401850e-002
    endloop
  endfacet
  facet normal  0.000000e+000  1.000000e+000  0.000000e+000
    outer loop
      vertex  1.740288e-017  4.687500e-002  2.842105e-001
      vertex  3.432234e-017  4.687500e-002  5.605263e-001
      vertex  6.953125e-001  4.687500e-002 -4.257561e-017
    endloop
  endfacet
  facet normal  0.000000e+000  1.000000e+000  -0.000000e+000
    outer loop
      vertex  6.953125e-001  4.687500e-002 -4.257561e-017
      vertex  3.432234e-017  4.687500e-002  5.605263e-001
      vertex  6.953125e-001  4.687500e-002  5.605263e-001
    endloop
  endfacet
  facet normal -6.123234e-017  -0.000000e+000 -1.000000e+000
    outer loop
      vertex  5.468750e-002 -4.687500e-002 -3.348644e-018
      vertex  5.468750e-002  4.687500e-002 -3.348644e-018
      vertex  7.500000e-001 -4.687500e-002 -4.592425e-017
    endloop
  endfacet
  facet normal -6.123234e-017 -1.635531e-023 -9.999999e-001
    outer loop
      vertex  7.500000e-001 -4.687500e-002 -4.592425e-017
      vertex  5.468750e-002  4.687500e-002 -3.348644e-018
      vertex  6.953125e-001  4.687500e-002 -4.257561e-017
    endloop
  endfacet
  facet normal -6.123232e-017  0.000000e+000 -1.000000e+000
    outer loop
      vertex  7.500000e-001 -4.687500e-002 -4.592425e-017
      vertex  6.953125e-001  4.687500e-002 -4.257561e-017
      vertex  7.500000e-001  7.812500e-003 -4.592425e-017
    endloop
  endfacet
  facet normal  0.000000e+000 -1.000000e+000  0.000000e+000
    outer loop
      vertex  3.348644e-018 -4.687500e-002  5.468750e-002
      vertex  1.050805e-003 -4.687500e-002  4.401850e-002
      vertex  4.162838e-003 -4.687500e-002  3.375950e-002
    endloop
  endfacet
  facet normal  0.000000e+000 -1.000000e+000  0.000000e+000
    outer loop
      vertex  3.348644e-018 -4.687500e-002  5.468750e-002
      vertex  4.162838e-003 -4.687500e-002  3.375950e-002
      vertex  9.216506e-003 -4.687500e-002  2.430475e-002
    endloop
  endfacet
  facet normal  0.000000e+000 -1.000000e+000  0.000000e+000
    outer loop
      vertex  3.348644e-018 -4.687500e-002  5.468750e-002
      vertex  9.216506e-003 -4.687500e-002  2.430475e-002
      vertex  1.601760e-002 -4.687500e-002  1.601760e-002
    endloop
  endfacet
  facet normal  0.000000e+000 -1.000000e+000  0.000000e+000
    outer loop
      vertex  3.348644e-018 -4.687500e-002  5.468750e-002
      vertex  1.601760e-002 -4.687500e-002  1.601760e-002
      vertex  2.430475e-002 -4.687500e-002  9.216506e-003
    endloop
  endfacet
  facet normal  0.000000e+000 -1.000000e+000  0.000000e+000
    outer loop
      vertex  3.348644e-018 -4.687500e-002  5.468750e-002
      vertex  2.430475e-002 -4.687500e-002  9.216506e-003
      vertex  3.375950e-002 -4.687500e-002  4.162838e-003
    endloop
  endfacet
  facet normal  0.000000e+000 -1.000000e+000  0.000000e+000
    outer loop
      vertex  3.348644e-018 -4.687500e-002  5.468750e-002
      vertex  3.375950e-002 -4.687500e-002  4.162838e-003
      vertex  4.401850e-002 -4.687500e-002  1.050805e-003
    endloop
  endfacet
  facet normal  0.000000e+000 -1.000000e+000  0.000000e+000
    outer loop
      vertex  3.348644e-018 -4.687500e-002  5.468750e-002
      vertex  4.401850e-002 -4.687500e-002  1.050805e-003
      vertex  5.468750e-002 -4.687500e-002 -3.348644e-018
    endloop
  endfacet
  facet normal  0.000000e+000 -1.000000e+000  0.000000e+000
    outer loop
      vertex  3.348644e-018 -4.687500e-002  5.468750e-002
      vertex  5.468750e-002 -4.687500e-002 -3.348644e-018
      vertex  7.500000e-001 -4.687500e-002 -4.592425e-017
    endloop
  endfacet
  facet normal  0.000000e+000 -9.999999e-001  0.000000e+000
    outer loop
      vertex  3.348644e-018 -4.687500e-002  5.468750e-002
      vertex  7.500000e-001 -4.687500e-002 -4.592425e-017
      vertex  1.740288e-017 -4.687500e-002  2.842105e-001
    endloop
  endfacet
  facet normal  0.000000e+000 -9.999999e-001  0.000000e+000
    outer loop
      vertex  1.740288e-017 -4.687500e-002  2.842105e-001
      vertex  7.500000e-001 -4.687500e-002 -4.592425e-017
      vertex  3.432234e-017 -4.687500e-002  5.605263e-001
    endloop
  endfacet
  facet normal  0.000000e+000 -1.000000e+000  0.000000e+000
    outer loop
      vertex  3.432234e-017 -4.687500e-002  5.605263e-001
      vertex  7.500000e-001 -4.687500e-002 -4.592425e-017
      vertex  7.500000e-001 -4.687500e-002  5.605263e-001
    endloop
  endfacet
  facet normal -9.999999e-001  0.000000e+000  6.123234e-017
    outer loop
      vertex  1.740288e-017 -4.687500e-002  2.842105e-001
      vertex  1.740288e-017  4.687500e-002  2.842105e-001
      vertex  3.348644e-018 -4.687500e-002  5.468750e-002
    endloop
  endfacet
  facet normal -9.999999e-001  0.000000e+000  6.123234e-017
    outer loop
      vertex  3.348644e-018 -4.687500e-002  5.468750e-002
      vertex  1.740288e-017  4.687500e-002  2.842105e-001
      vertex  3.348644e-018  4.687500e-002  5.468750e-002
    endloop
  endfacet
  facet normal -9.801716e-002  0.000000e+000 -9.951847e-001
    outer loop
      vertex  5.468750e-002  4.687500e-002 -3.348644e-018
      vertex  5.468750e-002 -4.687500e-002 -3.348644e-018
      vertex  4.401850e-002  4.687500e-002  1.050805e-003
    endloop
  endfacet
  facet normal -9.801716e-002  -0.000000e+000 -9.951847e-001
    outer loop
      vertex  4.401850e-002  4.687500e-002  1.050805e-003
      vertex  5.468750e-002 -4.687500e-002 -3.348644e-018
      vertex  4.401850e-002 -4.687500e-002  1.050805e-003
    endloop
  endfacet
  facet normal -2.902847e-001  0.000000e+000 -9.569403e-001
    outer loop
      vertex  4.401850e-002  4.687500e-002  1.050805e-003
      vertex  4.401850e-002 -4.687500e-002  1.050805e-003
      vertex  3.375950e-002  4.687500e-002  4.162838e-003
    endloop
  endfacet
  facet normal -2.902847e-001  -0.000000e+000 -9.569403e-001
    outer loop
      vertex  3.375950e-002  4.687500e-002  4.162838e-003
      vertex  4.401850e-002 -4.687500e-002  1.050805e-003
      vertex  3.375950e-002 -4.687500e-002  4.162838e-003
    endloop
  endfacet
  facet normal -4.713967e-001  0.000000e+000 -8.819212e-001
    outer loop
      vertex  3.375950e-002  4.687500e-002  4.162838e-003
      vertex  3.375950e-002 -4.687500e-002  4.162838e-003
      vertex  2.430475e-002  4.687500e-002  9.216506e-003
    endloop
  endfacet
  facet normal -4.713967e-001  -0.000000e+000 -8.819212e-001
    outer loop
      vertex  2.430475e-002  4.687500e-002  9.216506e-003
      vertex  3.375950e-002 -4.687500e-002  4.162838e-003
      vertex  2.430475e-002 -4.687500e-002  9.216506e-003
    endloop
  endfacet
  facet normal -6.343932e-001  0.000000e+000 -7.730106e-001
    outer loop
      vertex  2.430475e-002  4.687500e-002  9.216506e-003
      vertex  2.430475e-002 -4.687500e-002  9.216506e-003
      vertex  1.601760e-002  4.687500e-002  1.601760e-002
    endloop
  endfacet
  facet normal -6.343932e-001  -0.000000e+000 -7.730106e-001
    outer loop
      vertex  1.601760e-002  4.687500e-002  1.601760e-002
      vertex  2.430475e-002 -4.687500e-002  9.216506e-003
      vertex  1.601760e-002 -4.687500e-002  1.601760e-002
    endloop
  endfacet
  facet normal -7.730106e-001  0.000000e+000 -6.343932e-001
    outer loop
      vertex  1.601760e-002  4.687500e-002  1.601760e-002
      vertex  1.601760e-002 -4.687500e-002  1.601760e-002
      vertex  9.216506e-003  4.687500e-002  2.430475e-002
    endloop
  endfacet
  facet normal -7.730106e-001  -0.000000e+000 -6.343932e-001
    outer loop
      vertex  9.216506e-003  4.687500e-002  2.430475e-002
      vertex  1.601760e-002 -4.687500e-002  1.601760e-002
      vertex  9.216506e-003 -4.687500e-002  2.430475e-002
    endloop
  endfacet
  facet normal -8.819212e-001  0.000000e+000 -4.713967e-001
    outer loop
      vertex  9.216506e-003  4.687500e-002  2.430475e-002
      vertex  9.216506e-003 -4.687500e-002  2.430475e-002
      vertex  4.162838e-003  4.687500e-002  3.375950e-002
    endloop
  endfacet
  facet normal -8.819212e-001  -0.000000e+000 -4.713967e-001
    outer loop
      vertex  4.162838e-003  4.687500e-002  3.375950e-002
      vertex  9.216506e-003 -4.687500e-002  2.430475e-002
      vertex  4.162838e-003 -4.687500e-002  3.375950e-002
    endloop
  endfacet
  facet normal -9.569403e-001  0.000000e+000 -2.902847e-001
    outer loop
      vertex  4.162838e-003  4.687500e-002  3.375950e-002
      vertex  4.162838e-003 -4.687500e-002  3.375950e-002
      vertex  1.050805e-003  4.687500e-002  4.401850e-002
    endloop
  endfacet
  facet normal -9.569403e-001  -0.000000e+000 -2.902847e-001
    outer loop
      vertex  1.050805e-003  4.687500e-002  4.401850e-002
      vertex  4.162838e-003 -4.687500e-002  3.375950e-002
      vertex  1.050805e-003 -4.687500e-002  4.401850e-002
    endloop
  endfacet
  facet normal -9.951847e-001  0.000000e+000 -9.801716e-002
    outer loop
      vertex  1.050805e-003  4.687500e-002  4.401850e-002
      vertex  1.050805e-003 -4.687500e-002  4.401850e-002
      vertex  3.348644e-018  4.687500e-002  5.468750e-002
    endloop
  endfacet
  facet normal -9.951847e-001  -0.000000e+000 -9.801716e-002
    outer loop
      vertex  3.348644e-018  4.687500e-002  5.468750e-002
      vertex  1.050805e-003 -4.687500e-002  4.401850e-002
      vertex  3.348644e-018 -4.687500e-002  5.468750e-002
    endloop
  endfacet
  facet normal  0.000000e+000  0.000000e+000  1.000000e+000
    outer loop
      vertex  3.432234e-017  4.687500e-002  5.605263e-001
      vertex  3.432234e-017 -4.687500e-002  5.605263e-001
      vertex  6.953125e-001  4.687500e-002  5.605263e-001
    endloop
  endfacet
  facet normal  0.000000e+000  0.000000e+000  1.000000e+000
    outer loop
      vertex  6.953125e-001  4.687500e-002  5.605263e-001
      vertex  3.432234e-017 -4.687500e-002  5.605263e-001
      vertex  7.500000e-001 -4.687500e-002  5.605263e-001
    endloop
  endfacet
  facet normal  0.000000e+000  -0.000000e+000  1.000000e+000
    outer loop
      vertex  6.953125e-001  4.687500e-002  5.605263e-001
      vertex  7.500000e-001 -4.687500e-002  5.605263e-001
      vertex  7.500000e-001  7.812500e-003  5.605263e-001
    endloop
  endfacet
  facet normal  1.000000e+000  0.000000e+000  0.000000e+000
    outer loop
      vertex  7.500000e-001 -4.687500e-002 -4.592425e-017
      vertex  7.500000e-001  7.812500e-003 -4.592425e-017
      vertex  7.500000e-001 -4.687500e-002  5.605263e-001
    endloop
  endfacet
  facet normal  1.000000e+000  -0.000000e+000  0.000000e+000
    outer loop
      vertex  7.500000e-001 -4.687500e-002  5.605263e-001
      vertex  7.500000e-001  7.812500e-003 -4.592425e-017
      vertex  7.500000e-001  7.812500e-003  5.605263e-001
    endloop
  endfacet
  facet normal  5.812382e-001  8.137334e-001  0.000000e+000
    outer loop
      vertex  7.500000e-001  7.812500e-003 -4.592425e-017
      vertex  6.953125e-001  4.687500e-002 -4.257561e-017
      vertex  7.500000e-001  7.812500e-003  5.605263e-001
    endloop
  endfacet
  facet normal  5.812382e-001  8.137334e-001  0.000000e+000
    outer loop
      vertex  7.500000e-001  7.812500e-003  5.605263e-001
      vertex  6.953125e-001  4.687500e-002 -4.257561e-017
      vertex  6.953125e-001  4.687500e-002  5.605263e-001
    endloop
  endfacet
  facet normal -9.999999e-001  0.000000e+000  6.123234e-017
    outer loop
      vertex  3.432234e-017 -4.687500e-002  5.605263e-001
      vertex  3.432234e-017  4.687500e-002  5.605263e-001
      vertex  1.740288e-017 -4.687500e-002  2.842105e-001
    endloop
  endfacet
  facet normal -9.999999e-001  0.000000e+000  6.123234e-017
    outer loop
      vertex  1.740288e-017 -4.687500e-002  2.842105e-001
      vertex  3.432234e-017  4.687500e-002  5.605263e-001
      vertex  1.740288e-017  4.687500e-002  2.842105e-001
    endloop
  endfacet
endsolid CATIA STL
