solid CATIA STL
  facet normal  0.000000e+000  0.000000e+000 -9.999999e-001
    outer loop
      vertex -6.710526e-001 -5.069901e-001  0.000000e+000
      vertex -6.710526e-001  6.710526e-001  0.000000e+000
      vertex  6.476151e-001  6.710526e-001  0.000000e+000
    endloop
  endfacet
  facet normal  0.000000e+000  -0.000000e+000 -9.999999e-001
    outer loop
      vertex -6.710526e-001 -5.069901e-001  0.000000e+000
      vertex  6.476151e-001  6.710526e-001  0.000000e+000
      vertex  6.476151e-001 -6.710526e-001  0.000000e+000
    endloop
  endfacet
  facet normal  0.000000e+000  0.000000e+000 -9.999999e-001
    outer loop
      vertex -6.710526e-001 -5.069901e-001  0.000000e+000
      vertex  6.476151e-001 -6.710526e-001  0.000000e+000
      vertex -5.069901e-001 -6.710526e-001  0.000000e+000
    endloop
  endfacet
  facet normal  0.000000e+000  0.000000e+000 -1.000000e+000
    outer loop
      vertex -6.710526e-001 -5.069901e-001  0.000000e+000
      vertex -5.069901e-001 -6.710526e-001  0.000000e+000
      vertex -5.389971e-001 -6.679002e-001  0.000000e+000
    endloop
  endfacet
  facet normal  0.000000e+000  0.000000e+000 -9.999999e-001
    outer loop
      vertex -6.710526e-001 -5.069901e-001  0.000000e+000
      vertex -5.389971e-001 -6.679002e-001  0.000000e+000
      vertex -5.697742e-001 -6.585641e-001  0.000000e+000
    endloop
  endfacet
  facet normal  0.000000e+000  0.000000e+000 -1.000000e+000
    outer loop
      vertex -6.710526e-001 -5.069901e-001  0.000000e+000
      vertex -5.697742e-001 -6.585641e-001  0.000000e+000
      vertex -5.981384e-001 -6.434031e-001  0.000000e+000
    endloop
  endfacet
  facet normal  0.000000e+000  0.000000e+000 -1.000000e+000
    outer loop
      vertex -6.710526e-001 -5.069901e-001  0.000000e+000
      vertex -5.981384e-001 -6.434031e-001  0.000000e+000
      vertex -6.229998e-001 -6.229998e-001  0.000000e+000
    endloop
  endfacet
  facet normal  0.000000e+000  0.000000e+000 -1.000000e+000
    outer loop
      vertex -6.710526e-001 -5.069901e-001  0.000000e+000
      vertex -6.229998e-001 -6.229998e-001  0.000000e+000
      vertex -6.434031e-001 -5.981384e-001  0.000000e+000
    endloop
  endfacet
  facet normal  0.000000e+000  0.000000e+000 -1.000000e+000
    outer loop
      vertex -6.710526e-001 -5.069901e-001  0.000000e+000
      vertex -6.434031e-001 -5.981384e-001  0.000000e+000
      vertex -6.585641e-001 -5.697742e-001  0.000000e+000
    endloop
  endfacet
  facet normal  0.000000e+000  0.000000e+000 -1.000000e+000
    outer loop
      vertex -6.710526e-001 -5.069901e-001  0.000000e+000
      vertex -6.585641e-001 -5.697742e-001  0.000000e+000
      vertex -6.679002e-001 -5.389971e-001  0.000000e+000
    endloop
  endfacet
  facet normal  0.000000e+000 -1.000000e+000  0.000000e+000
    outer loop
      vertex  6.710526e-001 -6.710526e-001  2.343750e-002
      vertex  6.671027e-001 -6.710526e-001  1.041632e-002
      vertex  6.706023e-001 -6.710526e-001  1.886507e-002
    endloop
  endfacet
  facet normal  -0.000000e+000 -1.000000e+000  0.000000e+000
    outer loop
      vertex  6.671027e-001 -6.710526e-001  1.041632e-002
      vertex  6.692685e-001 -6.710526e-001  1.446836e-002
      vertex  6.706023e-001 -6.710526e-001  1.886507e-002
    endloop
  endfacet
  facet normal  0.000000e+000 -1.000000e+000  0.000000e+000
    outer loop
      vertex  6.710526e-001 -6.710526e-001  3.125000e-002
      vertex -5.069901e-001 -6.710526e-001  3.125000e-002
      vertex -5.069901e-001 -6.710526e-001  0.000000e+000
    endloop
  endfacet
  facet normal  0.000000e+000 -1.000000e+000  0.000000e+000
    outer loop
      vertex  6.710526e-001 -6.710526e-001  3.125000e-002
      vertex -5.069901e-001 -6.710526e-001  0.000000e+000
      vertex  6.476151e-001 -6.710526e-001  0.000000e+000
    endloop
  endfacet
  facet normal  0.000000e+000 -1.000000e+000  0.000000e+000
    outer loop
      vertex  6.710526e-001 -6.710526e-001  3.125000e-002
      vertex  6.476151e-001 -6.710526e-001  0.000000e+000
      vertex  6.521876e-001 -6.710526e-001  4.503450e-004
    endloop
  endfacet
  facet normal  0.000000e+000 -1.000000e+000  0.000000e+000
    outer loop
      vertex  6.710526e-001 -6.710526e-001  3.125000e-002
      vertex  6.521876e-001 -6.710526e-001  4.503450e-004
      vertex  6.565843e-001 -6.710526e-001  1.784073e-003
    endloop
  endfacet
  facet normal  0.000000e+000 -1.000000e+000  0.000000e+000
    outer loop
      vertex  6.710526e-001 -6.710526e-001  3.125000e-002
      vertex  6.565843e-001 -6.710526e-001  1.784073e-003
      vertex  6.606363e-001 -6.710526e-001  3.949931e-003
    endloop
  endfacet
  facet normal  0.000000e+000 -1.000000e+000  0.000000e+000
    outer loop
      vertex  6.710526e-001 -6.710526e-001  3.125000e-002
      vertex  6.606363e-001 -6.710526e-001  3.949931e-003
      vertex  6.641880e-001 -6.710526e-001  6.864685e-003
    endloop
  endfacet
  facet normal  0.000000e+000 -1.000000e+000  0.000000e+000
    outer loop
      vertex  6.710526e-001 -6.710526e-001  3.125000e-002
      vertex  6.641880e-001 -6.710526e-001  6.864685e-003
      vertex  6.671027e-001 -6.710526e-001  1.041632e-002
    endloop
  endfacet
  facet normal  0.000000e+000 -1.000000e+000  0.000000e+000
    outer loop
      vertex  6.710526e-001 -6.710526e-001  3.125000e-002
      vertex  6.671027e-001 -6.710526e-001  1.041632e-002
      vertex  6.710526e-001 -6.710526e-001  2.343750e-002
    endloop
  endfacet
  facet normal  -0.000000e+000  -0.000000e+000  1.000000e+000
    outer loop
      vertex -6.710526e-001 -5.069901e-001  3.125000e-002
      vertex -6.679002e-001 -5.389971e-001  3.125000e-002
      vertex -6.585641e-001 -5.697742e-001  3.125000e-002
    endloop
  endfacet
  facet normal  -0.000000e+000  -0.000000e+000  1.000000e+000
    outer loop
      vertex -6.710526e-001 -5.069901e-001  3.125000e-002
      vertex -6.585641e-001 -5.697742e-001  3.125000e-002
      vertex -6.434031e-001 -5.981384e-001  3.125000e-002
    endloop
  endfacet
  facet normal  -0.000000e+000  -0.000000e+000  1.000000e+000
    outer loop
      vertex -6.710526e-001 -5.069901e-001  3.125000e-002
      vertex -6.434031e-001 -5.981384e-001  3.125000e-002
      vertex -6.229998e-001 -6.229998e-001  3.125000e-002
    endloop
  endfacet
  facet normal  -0.000000e+000  -0.000000e+000  1.000000e+000
    outer loop
      vertex -6.710526e-001 -5.069901e-001  3.125000e-002
      vertex -6.229998e-001 -6.229998e-001  3.125000e-002
      vertex -5.981384e-001 -6.434031e-001  3.125000e-002
    endloop
  endfacet
  facet normal  -0.000000e+000  -0.000000e+000  1.000000e+000
    outer loop
      vertex -6.710526e-001 -5.069901e-001  3.125000e-002
      vertex -5.981384e-001 -6.434031e-001  3.125000e-002
      vertex -5.697742e-001 -6.585641e-001  3.125000e-002
    endloop
  endfacet
  facet normal  -0.000000e+000  -0.000000e+000  9.999999e-001
    outer loop
      vertex -6.710526e-001 -5.069901e-001  3.125000e-002
      vertex -5.697742e-001 -6.585641e-001  3.125000e-002
      vertex -5.389971e-001 -6.679002e-001  3.125000e-002
    endloop
  endfacet
  facet normal  -0.000000e+000  -0.000000e+000  1.000000e+000
    outer loop
      vertex -6.710526e-001 -5.069901e-001  3.125000e-002
      vertex -5.389971e-001 -6.679002e-001  3.125000e-002
      vertex -5.069901e-001 -6.710526e-001  3.125000e-002
    endloop
  endfacet
  facet normal  0.000000e+000  -0.000000e+000  1.000000e+000
    outer loop
      vertex -6.710526e-001 -5.069901e-001  3.125000e-002
      vertex -5.069901e-001 -6.710526e-001  3.125000e-002
      vertex  6.710526e-001 -6.710526e-001  3.125000e-002
    endloop
  endfacet
  facet normal  0.000000e+000  -0.000000e+000  9.999999e-001
    outer loop
      vertex -6.710526e-001 -5.069901e-001  3.125000e-002
      vertex  6.710526e-001 -6.710526e-001  3.125000e-002
      vertex  6.710526e-001  6.710526e-001  3.125000e-002
    endloop
  endfacet
  facet normal  0.000000e+000  0.000000e+000  9.999999e-001
    outer loop
      vertex -6.710526e-001 -5.069901e-001  3.125000e-002
      vertex  6.710526e-001  6.710526e-001  3.125000e-002
      vertex -6.710526e-001  6.710526e-001  3.125000e-002
    endloop
  endfacet
  facet normal -1.000000e+000  0.000000e+000  0.000000e+000
    outer loop
      vertex -6.710526e-001  6.710526e-001  3.125000e-002
      vertex -6.710526e-001  6.710526e-001  0.000000e+000
      vertex -6.710526e-001 -5.069901e-001  3.125000e-002
    endloop
  endfacet
  facet normal -1.000000e+000  0.000000e+000  0.000000e+000
    outer loop
      vertex -6.710526e-001 -5.069901e-001  3.125000e-002
      vertex -6.710526e-001  6.710526e-001  0.000000e+000
      vertex -6.710526e-001 -5.069901e-001  0.000000e+000
    endloop
  endfacet
  facet normal -9.801769e-002 -9.951847e-001  -0.000000e+000
    outer loop
      vertex -5.069901e-001 -6.710526e-001  0.000000e+000
      vertex -5.069901e-001 -6.710526e-001  3.125000e-002
      vertex -5.389971e-001 -6.679002e-001  0.000000e+000
    endloop
  endfacet
  facet normal -9.801769e-002 -9.951847e-001  0.000000e+000
    outer loop
      vertex -5.389971e-001 -6.679002e-001  0.000000e+000
      vertex -5.069901e-001 -6.710526e-001  3.125000e-002
      vertex -5.389971e-001 -6.679002e-001  3.125000e-002
    endloop
  endfacet
  facet normal -2.902848e-001 -9.569404e-001  -0.000000e+000
    outer loop
      vertex -5.389971e-001 -6.679002e-001  0.000000e+000
      vertex -5.389971e-001 -6.679002e-001  3.125000e-002
      vertex -5.697742e-001 -6.585641e-001  0.000000e+000
    endloop
  endfacet
  facet normal -2.902848e-001 -9.569404e-001  0.000000e+000
    outer loop
      vertex -5.697742e-001 -6.585641e-001  0.000000e+000
      vertex -5.389971e-001 -6.679002e-001  3.125000e-002
      vertex -5.697742e-001 -6.585641e-001  3.125000e-002
    endloop
  endfacet
  facet normal -4.713961e-001 -8.819216e-001  -0.000000e+000
    outer loop
      vertex -5.697742e-001 -6.585641e-001  0.000000e+000
      vertex -5.697742e-001 -6.585641e-001  3.125000e-002
      vertex -5.981384e-001 -6.434031e-001  0.000000e+000
    endloop
  endfacet
  facet normal -4.713961e-001 -8.819216e-001  0.000000e+000
    outer loop
      vertex -5.981384e-001 -6.434031e-001  0.000000e+000
      vertex -5.697742e-001 -6.585641e-001  3.125000e-002
      vertex -5.981384e-001 -6.434031e-001  3.125000e-002
    endloop
  endfacet
  facet normal -6.343933e-001 -7.730106e-001  -0.000000e+000
    outer loop
      vertex -5.981384e-001 -6.434031e-001  0.000000e+000
      vertex -5.981384e-001 -6.434031e-001  3.125000e-002
      vertex -6.229998e-001 -6.229998e-001  0.000000e+000
    endloop
  endfacet
  facet normal -6.343933e-001 -7.730106e-001  0.000000e+000
    outer loop
      vertex -6.229998e-001 -6.229998e-001  0.000000e+000
      vertex -5.981384e-001 -6.434031e-001  3.125000e-002
      vertex -6.229998e-001 -6.229998e-001  3.125000e-002
    endloop
  endfacet
  facet normal -7.730106e-001 -6.343933e-001  -0.000000e+000
    outer loop
      vertex -6.229998e-001 -6.229998e-001  0.000000e+000
      vertex -6.229998e-001 -6.229998e-001  3.125000e-002
      vertex -6.434031e-001 -5.981384e-001  0.000000e+000
    endloop
  endfacet
  facet normal -7.730106e-001 -6.343933e-001  0.000000e+000
    outer loop
      vertex -6.434031e-001 -5.981384e-001  0.000000e+000
      vertex -6.229998e-001 -6.229998e-001  3.125000e-002
      vertex -6.434031e-001 -5.981384e-001  3.125000e-002
    endloop
  endfacet
  facet normal -8.819216e-001 -4.713961e-001  -0.000000e+000
    outer loop
      vertex -6.434031e-001 -5.981384e-001  0.000000e+000
      vertex -6.434031e-001 -5.981384e-001  3.125000e-002
      vertex -6.585641e-001 -5.697742e-001  0.000000e+000
    endloop
  endfacet
  facet normal -8.819216e-001 -4.713961e-001  0.000000e+000
    outer loop
      vertex -6.585641e-001 -5.697742e-001  0.000000e+000
      vertex -6.434031e-001 -5.981384e-001  3.125000e-002
      vertex -6.585641e-001 -5.697742e-001  3.125000e-002
    endloop
  endfacet
  facet normal -9.569404e-001 -2.902848e-001  -0.000000e+000
    outer loop
      vertex -6.585641e-001 -5.697742e-001  0.000000e+000
      vertex -6.585641e-001 -5.697742e-001  3.125000e-002
      vertex -6.679002e-001 -5.389971e-001  0.000000e+000
    endloop
  endfacet
  facet normal -9.569404e-001 -2.902848e-001  0.000000e+000
    outer loop
      vertex -6.679002e-001 -5.389971e-001  0.000000e+000
      vertex -6.585641e-001 -5.697742e-001  3.125000e-002
      vertex -6.679002e-001 -5.389971e-001  3.125000e-002
    endloop
  endfacet
  facet normal -9.951847e-001 -9.801769e-002  -0.000000e+000
    outer loop
      vertex -6.679002e-001 -5.389971e-001  0.000000e+000
      vertex -6.679002e-001 -5.389971e-001  3.125000e-002
      vertex -6.710526e-001 -5.069901e-001  0.000000e+000
    endloop
  endfacet
  facet normal -9.951847e-001 -9.801769e-002  0.000000e+000
    outer loop
      vertex -6.710526e-001 -5.069901e-001  0.000000e+000
      vertex -6.679002e-001 -5.389971e-001  3.125000e-002
      vertex -6.710526e-001 -5.069901e-001  3.125000e-002
    endloop
  endfacet
  facet normal  0.000000e+000  1.000000e+000  0.000000e+000
    outer loop
      vertex  6.710526e-001  6.710526e-001  2.343750e-002
      vertex  6.692685e-001  6.710526e-001  1.446836e-002
      vertex  6.710526e-001  6.710526e-001  3.125000e-002
    endloop
  endfacet
  facet normal  0.000000e+000  1.000000e+000  -0.000000e+000
    outer loop
      vertex  6.710526e-001  6.710526e-001  2.343750e-002
      vertex  6.706023e-001  6.710526e-001  1.886507e-002
      vertex  6.692685e-001  6.710526e-001  1.446836e-002
    endloop
  endfacet
  facet normal  0.000000e+000  1.000000e+000  0.000000e+000
    outer loop
      vertex  6.606363e-001  6.710526e-001  3.949931e-003
      vertex  6.565843e-001  6.710526e-001  1.784073e-003
      vertex  6.671027e-001  6.710526e-001  1.041632e-002
    endloop
  endfacet
  facet normal  0.000000e+000  1.000000e+000  -0.000000e+000
    outer loop
      vertex  6.671027e-001  6.710526e-001  1.041632e-002
      vertex  6.641880e-001  6.710526e-001  6.864685e-003
      vertex  6.606363e-001  6.710526e-001  3.949931e-003
    endloop
  endfacet
  facet normal  0.000000e+000  1.000000e+000  -0.000000e+000
    outer loop
      vertex  6.710526e-001  6.710526e-001  3.125000e-002
      vertex  6.521876e-001  6.710526e-001  4.503450e-004
      vertex  6.476151e-001  6.710526e-001  0.000000e+000
    endloop
  endfacet
  facet normal  0.000000e+000  1.000000e+000  -0.000000e+000
    outer loop
      vertex  6.710526e-001  6.710526e-001  3.125000e-002
      vertex  6.476151e-001  6.710526e-001  0.000000e+000
      vertex -6.710526e-001  6.710526e-001  0.000000e+000
    endloop
  endfacet
  facet normal  0.000000e+000  1.000000e+000  0.000000e+000
    outer loop
      vertex  6.710526e-001  6.710526e-001  3.125000e-002
      vertex -6.710526e-001  6.710526e-001  0.000000e+000
      vertex -6.710526e-001  6.710526e-001  3.125000e-002
    endloop
  endfacet
  facet normal  0.000000e+000  1.000000e+000  0.000000e+000
    outer loop
      vertex  6.521876e-001  6.710526e-001  4.503450e-004
      vertex  6.710526e-001  6.710526e-001  3.125000e-002
      vertex  6.692685e-001  6.710526e-001  1.446836e-002
    endloop
  endfacet
  facet normal  0.000000e+000  9.999999e-001  0.000000e+000
    outer loop
      vertex  6.521876e-001  6.710526e-001  4.503450e-004
      vertex  6.692685e-001  6.710526e-001  1.446836e-002
      vertex  6.671027e-001  6.710526e-001  1.041632e-002
    endloop
  endfacet
  facet normal  0.000000e+000  1.000000e+000  0.000000e+000
    outer loop
      vertex  6.521876e-001  6.710526e-001  4.503450e-004
      vertex  6.671027e-001  6.710526e-001  1.041632e-002
      vertex  6.565843e-001  6.710526e-001  1.784073e-003
    endloop
  endfacet
  facet normal  1.000000e+000  0.000000e+000  0.000000e+000
    outer loop
      vertex  6.710526e-001 -6.710526e-001  3.125000e-002
      vertex  6.710526e-001 -6.710526e-001  2.343750e-002
      vertex  6.710526e-001  6.710526e-001  3.125000e-002
    endloop
  endfacet
  facet normal  1.000000e+000  0.000000e+000  0.000000e+000
    outer loop
      vertex  6.710526e-001  6.710526e-001  3.125000e-002
      vertex  6.710526e-001 -6.710526e-001  2.343750e-002
      vertex  6.710526e-001  6.710526e-001  2.343750e-002
    endloop
  endfacet
  facet normal  9.801669e-002  0.000000e+000 -9.951848e-001
    outer loop
      vertex  6.476151e-001 -6.710526e-001  0.000000e+000
      vertex  6.476151e-001  6.710526e-001  0.000000e+000
      vertex  6.521876e-001 -6.710526e-001  4.503450e-004
    endloop
  endfacet
  facet normal  9.801669e-002  0.000000e+000 -9.951848e-001
    outer loop
      vertex  6.521876e-001 -6.710526e-001  4.503450e-004
      vertex  6.476151e-001  6.710526e-001  0.000000e+000
      vertex  6.521876e-001  6.710526e-001  4.503450e-004
    endloop
  endfacet
  facet normal  2.902869e-001  0.000000e+000 -9.569397e-001
    outer loop
      vertex  6.521876e-001 -6.710526e-001  4.503450e-004
      vertex  6.521876e-001  6.710526e-001  4.503450e-004
      vertex  6.565843e-001 -6.710526e-001  1.784073e-003
    endloop
  endfacet
  facet normal  2.902869e-001  0.000000e+000 -9.569397e-001
    outer loop
      vertex  6.565843e-001 -6.710526e-001  1.784073e-003
      vertex  6.521876e-001  6.710526e-001  4.503450e-004
      vertex  6.565843e-001  6.710526e-001  1.784073e-003
    endloop
  endfacet
  facet normal  4.713959e-001  0.000000e+000 -8.819217e-001
    outer loop
      vertex  6.565843e-001 -6.710526e-001  1.784073e-003
      vertex  6.565843e-001  6.710526e-001  1.784073e-003
      vertex  6.606363e-001 -6.710526e-001  3.949931e-003
    endloop
  endfacet
  facet normal  4.713959e-001  0.000000e+000 -8.819217e-001
    outer loop
      vertex  6.606363e-001 -6.710526e-001  3.949931e-003
      vertex  6.565843e-001  6.710526e-001  1.784073e-003
      vertex  6.606363e-001  6.710526e-001  3.949931e-003
    endloop
  endfacet
  facet normal  6.343908e-001  0.000000e+000 -7.730126e-001
    outer loop
      vertex  6.606363e-001 -6.710526e-001  3.949931e-003
      vertex  6.606363e-001  6.710526e-001  3.949931e-003
      vertex  6.641880e-001 -6.710526e-001  6.864685e-003
    endloop
  endfacet
  facet normal  6.343908e-001  0.000000e+000 -7.730126e-001
    outer loop
      vertex  6.641880e-001 -6.710526e-001  6.864685e-003
      vertex  6.606363e-001  6.710526e-001  3.949931e-003
      vertex  6.641880e-001  6.710526e-001  6.864685e-003
    endloop
  endfacet
  facet normal  7.730134e-001  0.000000e+000 -6.343898e-001
    outer loop
      vertex  6.641880e-001 -6.710526e-001  6.864685e-003
      vertex  6.641880e-001  6.710526e-001  6.864685e-003
      vertex  6.671027e-001 -6.710526e-001  1.041632e-002
    endloop
  endfacet
  facet normal  7.730134e-001  0.000000e+000 -6.343898e-001
    outer loop
      vertex  6.671027e-001 -6.710526e-001  1.041632e-002
      vertex  6.641880e-001  6.710526e-001  6.864685e-003
      vertex  6.671027e-001  6.710526e-001  1.041632e-002
    endloop
  endfacet
  facet normal  8.819216e-001  0.000000e+000 -4.713961e-001
    outer loop
      vertex  6.671027e-001 -6.710526e-001  1.041632e-002
      vertex  6.671027e-001  6.710526e-001  1.041632e-002
      vertex  6.692685e-001 -6.710526e-001  1.446836e-002
    endloop
  endfacet
  facet normal  8.819216e-001  0.000000e+000 -4.713961e-001
    outer loop
      vertex  6.692685e-001 -6.710526e-001  1.446836e-002
      vertex  6.671027e-001  6.710526e-001  1.041632e-002
      vertex  6.692685e-001  6.710526e-001  1.446836e-002
    endloop
  endfacet
  facet normal  9.569413e-001  0.000000e+000 -2.902817e-001
    outer loop
      vertex  6.692685e-001 -6.710526e-001  1.446836e-002
      vertex  6.692685e-001  6.710526e-001  1.446836e-002
      vertex  6.706023e-001 -6.710526e-001  1.886507e-002
    endloop
  endfacet
  facet normal  9.569413e-001  0.000000e+000 -2.902817e-001
    outer loop
      vertex  6.706023e-001 -6.710526e-001  1.886507e-002
      vertex  6.692685e-001  6.710526e-001  1.446836e-002
      vertex  6.706023e-001  6.710526e-001  1.886507e-002
    endloop
  endfacet
  facet normal  9.951842e-001  0.000000e+000 -9.802313e-002
    outer loop
      vertex  6.706023e-001 -6.710526e-001  1.886507e-002
      vertex  6.706023e-001  6.710526e-001  1.886507e-002
      vertex  6.710526e-001 -6.710526e-001  2.343750e-002
    endloop
  endfacet
  facet normal  9.951842e-001  0.000000e+000 -9.802313e-002
    outer loop
      vertex  6.710526e-001 -6.710526e-001  2.343750e-002
      vertex  6.706023e-001  6.710526e-001  1.886507e-002
      vertex  6.710526e-001  6.710526e-001  2.343750e-002
    endloop
  endfacet
endsolid CATIA STL
