solid CATIA STL
  facet normal  0.000000e+000  1.000000e+000  0.000000e+000
    outer loop
      vertex  7.500000e-001  3.789474e-001  0.000000e+000
      vertex  6.796875e-001  3.789474e-001  2.343750e-001
      vertex  7.500000e-001  3.789474e-001  1.562500e-001
    endloop
  endfacet
  facet normal  0.000000e+000  1.000000e+000  0.000000e+000
    outer loop
      vertex  0.000000e+000  3.789474e-001  2.343750e-001
      vertex  6.796875e-001  3.789474e-001  2.343750e-001
      vertex  7.500000e-001  3.789474e-001  0.000000e+000
    endloop
  endfacet
  facet normal  0.000000e+000  1.000000e+000  0.000000e+000
    outer loop
      vertex  0.000000e+000  3.789474e-001  2.343750e-001
      vertex  7.500000e-001  3.789474e-001  0.000000e+000
      vertex  7.812500e-002  3.789474e-001  0.000000e+000
    endloop
  endfacet
  facet normal  0.000000e+000  9.999999e-001  0.000000e+000
    outer loop
      vertex  0.000000e+000  3.789474e-001  2.343750e-001
      vertex  7.812500e-002  3.789474e-001  0.000000e+000
      vertex  6.288357e-002  3.789474e-001  1.501150e-003
    endloop
  endfacet
  facet normal  0.000000e+000  1.000000e+000  0.000000e+000
    outer loop
      vertex  0.000000e+000  3.789474e-001  2.343750e-001
      vertex  6.288357e-002  3.789474e-001  1.501150e-003
      vertex  4.822786e-002  3.789474e-001  5.946911e-003
    endloop
  endfacet
  facet normal  0.000000e+000  1.000000e+000  0.000000e+000
    outer loop
      vertex  0.000000e+000  3.789474e-001  2.343750e-001
      vertex  4.822786e-002  3.789474e-001  5.946911e-003
      vertex  3.472108e-002  3.789474e-001  1.316644e-002
    endloop
  endfacet
  facet normal  0.000000e+000  1.000000e+000  0.000000e+000
    outer loop
      vertex  0.000000e+000  3.789474e-001  2.343750e-001
      vertex  3.472108e-002  3.789474e-001  1.316644e-002
      vertex  2.288228e-002  3.789474e-001  2.288228e-002
    endloop
  endfacet
  facet normal  0.000000e+000  1.000000e+000  0.000000e+000
    outer loop
      vertex  0.000000e+000  3.789474e-001  2.343750e-001
      vertex  2.288228e-002  3.789474e-001  2.288228e-002
      vertex  1.316644e-002  3.789474e-001  3.472108e-002
    endloop
  endfacet
  facet normal  0.000000e+000  1.000000e+000  0.000000e+000
    outer loop
      vertex  0.000000e+000  3.789474e-001  2.343750e-001
      vertex  1.316644e-002  3.789474e-001  3.472108e-002
      vertex  5.946911e-003  3.789474e-001  4.822786e-002
    endloop
  endfacet
  facet normal  0.000000e+000  1.000000e+000  0.000000e+000
    outer loop
      vertex  0.000000e+000  3.789474e-001  2.343750e-001
      vertex  5.946911e-003  3.789474e-001  4.822786e-002
      vertex  1.501150e-003  3.789474e-001  6.288357e-002
    endloop
  endfacet
  facet normal  0.000000e+000  9.999999e-001  0.000000e+000
    outer loop
      vertex  0.000000e+000  3.789474e-001  2.343750e-001
      vertex  1.501150e-003  3.789474e-001  6.288357e-002
      vertex  0.000000e+000  3.789474e-001  7.812500e-002
    endloop
  endfacet
  facet normal  0.000000e+000 -1.000000e+000  0.000000e+000
    outer loop
      vertex  6.796875e-001  0.000000e+000  2.343750e-001
      vertex  7.500000e-001  0.000000e+000  0.000000e+000
      vertex  7.500000e-001  0.000000e+000  1.562500e-001
    endloop
  endfacet
  facet normal  0.000000e+000 -9.999999e-001  0.000000e+000
    outer loop
      vertex  0.000000e+000  0.000000e+000  7.812500e-002
      vertex  1.501150e-003  0.000000e+000  6.288357e-002
      vertex  0.000000e+000  0.000000e+000  2.343750e-001
    endloop
  endfacet
  facet normal  0.000000e+000 -1.000000e+000  0.000000e+000
    outer loop
      vertex  7.812500e-002  0.000000e+000  0.000000e+000
      vertex  7.500000e-001  0.000000e+000  0.000000e+000
      vertex  6.796875e-001  0.000000e+000  2.343750e-001
    endloop
  endfacet
  facet normal  -0.000000e+000 -1.000000e+000  0.000000e+000
    outer loop
      vertex  7.812500e-002  0.000000e+000  0.000000e+000
      vertex  6.796875e-001  0.000000e+000  2.343750e-001
      vertex  0.000000e+000  0.000000e+000  2.343750e-001
    endloop
  endfacet
  facet normal  0.000000e+000 -9.999999e-001  0.000000e+000
    outer loop
      vertex  7.812500e-002  0.000000e+000  0.000000e+000
      vertex  0.000000e+000  0.000000e+000  2.343750e-001
      vertex  1.501150e-003  0.000000e+000  6.288357e-002
    endloop
  endfacet
  facet normal  0.000000e+000 -1.000000e+000  0.000000e+000
    outer loop
      vertex  7.812500e-002  0.000000e+000  0.000000e+000
      vertex  1.501150e-003  0.000000e+000  6.288357e-002
      vertex  5.946911e-003  0.000000e+000  4.822786e-002
    endloop
  endfacet
  facet normal  0.000000e+000 -1.000000e+000  0.000000e+000
    outer loop
      vertex  7.812500e-002  0.000000e+000  0.000000e+000
      vertex  5.946911e-003  0.000000e+000  4.822786e-002
      vertex  1.316644e-002  0.000000e+000  3.472108e-002
    endloop
  endfacet
  facet normal  0.000000e+000 -1.000000e+000  0.000000e+000
    outer loop
      vertex  7.812500e-002  0.000000e+000  0.000000e+000
      vertex  1.316644e-002  0.000000e+000  3.472108e-002
      vertex  2.288228e-002  0.000000e+000  2.288228e-002
    endloop
  endfacet
  facet normal  0.000000e+000 -1.000000e+000  0.000000e+000
    outer loop
      vertex  7.812500e-002  0.000000e+000  0.000000e+000
      vertex  2.288228e-002  0.000000e+000  2.288228e-002
      vertex  3.472108e-002  0.000000e+000  1.316644e-002
    endloop
  endfacet
  facet normal  0.000000e+000 -1.000000e+000  0.000000e+000
    outer loop
      vertex  7.812500e-002  0.000000e+000  0.000000e+000
      vertex  3.472108e-002  0.000000e+000  1.316644e-002
      vertex  4.822786e-002  0.000000e+000  5.946911e-003
    endloop
  endfacet
  facet normal  0.000000e+000 -1.000000e+000  0.000000e+000
    outer loop
      vertex  7.812500e-002  0.000000e+000  0.000000e+000
      vertex  4.822786e-002  0.000000e+000  5.946911e-003
      vertex  6.288357e-002  0.000000e+000  1.501150e-003
    endloop
  endfacet
  facet normal  0.000000e+000  0.000000e+000 -1.000000e+000
    outer loop
      vertex  7.812500e-002  0.000000e+000  0.000000e+000
      vertex  7.812500e-002  3.789474e-001  0.000000e+000
      vertex  7.500000e-001  0.000000e+000  0.000000e+000
    endloop
  endfacet
  facet normal  0.000000e+000  0.000000e+000 -1.000000e+000
    outer loop
      vertex  7.500000e-001  0.000000e+000  0.000000e+000
      vertex  7.812500e-002  3.789474e-001  0.000000e+000
      vertex  7.500000e-001  3.789474e-001  0.000000e+000
    endloop
  endfacet
  facet normal -1.000000e+000  0.000000e+000  0.000000e+000
    outer loop
      vertex  0.000000e+000  3.789474e-001  2.343750e-001
      vertex  0.000000e+000  3.789474e-001  7.812500e-002
      vertex  0.000000e+000  0.000000e+000  2.343750e-001
    endloop
  endfacet
  facet normal -1.000000e+000  0.000000e+000  0.000000e+000
    outer loop
      vertex  0.000000e+000  0.000000e+000  2.343750e-001
      vertex  0.000000e+000  3.789474e-001  7.812500e-002
      vertex  0.000000e+000  0.000000e+000  7.812500e-002
    endloop
  endfacet
  facet normal -9.801716e-002  0.000000e+000 -9.951848e-001
    outer loop
      vertex  7.812500e-002  3.789474e-001  0.000000e+000
      vertex  7.812500e-002  0.000000e+000  0.000000e+000
      vertex  6.288357e-002  3.789474e-001  1.501150e-003
    endloop
  endfacet
  facet normal -9.801716e-002  -0.000000e+000 -9.951848e-001
    outer loop
      vertex  6.288357e-002  3.789474e-001  1.501150e-003
      vertex  7.812500e-002  0.000000e+000  0.000000e+000
      vertex  6.288357e-002  0.000000e+000  1.501150e-003
    endloop
  endfacet
  facet normal -2.902847e-001  0.000000e+000 -9.569404e-001
    outer loop
      vertex  6.288357e-002  3.789474e-001  1.501150e-003
      vertex  6.288357e-002  0.000000e+000  1.501150e-003
      vertex  4.822786e-002  3.789474e-001  5.946911e-003
    endloop
  endfacet
  facet normal -2.902847e-001  -0.000000e+000 -9.569404e-001
    outer loop
      vertex  4.822786e-002  3.789474e-001  5.946911e-003
      vertex  6.288357e-002  0.000000e+000  1.501150e-003
      vertex  4.822786e-002  0.000000e+000  5.946911e-003
    endloop
  endfacet
  facet normal -4.713968e-001  0.000000e+000 -8.819213e-001
    outer loop
      vertex  4.822786e-002  3.789474e-001  5.946911e-003
      vertex  4.822786e-002  0.000000e+000  5.946911e-003
      vertex  3.472108e-002  3.789474e-001  1.316644e-002
    endloop
  endfacet
  facet normal -4.713968e-001  -0.000000e+000 -8.819213e-001
    outer loop
      vertex  3.472108e-002  3.789474e-001  1.316644e-002
      vertex  4.822786e-002  0.000000e+000  5.946911e-003
      vertex  3.472108e-002  0.000000e+000  1.316644e-002
    endloop
  endfacet
  facet normal -6.343932e-001  0.000000e+000 -7.730105e-001
    outer loop
      vertex  3.472108e-002  3.789474e-001  1.316644e-002
      vertex  3.472108e-002  0.000000e+000  1.316644e-002
      vertex  2.288228e-002  3.789474e-001  2.288228e-002
    endloop
  endfacet
  facet normal -6.343932e-001  -0.000000e+000 -7.730105e-001
    outer loop
      vertex  2.288228e-002  3.789474e-001  2.288228e-002
      vertex  3.472108e-002  0.000000e+000  1.316644e-002
      vertex  2.288228e-002  0.000000e+000  2.288228e-002
    endloop
  endfacet
  facet normal -7.730105e-001  0.000000e+000 -6.343932e-001
    outer loop
      vertex  2.288228e-002  3.789474e-001  2.288228e-002
      vertex  2.288228e-002  0.000000e+000  2.288228e-002
      vertex  1.316644e-002  3.789474e-001  3.472108e-002
    endloop
  endfacet
  facet normal -7.730105e-001  -0.000000e+000 -6.343932e-001
    outer loop
      vertex  1.316644e-002  3.789474e-001  3.472108e-002
      vertex  2.288228e-002  0.000000e+000  2.288228e-002
      vertex  1.316644e-002  0.000000e+000  3.472108e-002
    endloop
  endfacet
  facet normal -8.819213e-001  0.000000e+000 -4.713968e-001
    outer loop
      vertex  1.316644e-002  3.789474e-001  3.472108e-002
      vertex  1.316644e-002  0.000000e+000  3.472108e-002
      vertex  5.946911e-003  3.789474e-001  4.822786e-002
    endloop
  endfacet
  facet normal -8.819213e-001  -0.000000e+000 -4.713968e-001
    outer loop
      vertex  5.946911e-003  3.789474e-001  4.822786e-002
      vertex  1.316644e-002  0.000000e+000  3.472108e-002
      vertex  5.946911e-003  0.000000e+000  4.822786e-002
    endloop
  endfacet
  facet normal -9.569404e-001  0.000000e+000 -2.902847e-001
    outer loop
      vertex  5.946911e-003  3.789474e-001  4.822786e-002
      vertex  5.946911e-003  0.000000e+000  4.822786e-002
      vertex  1.501150e-003  3.789474e-001  6.288357e-002
    endloop
  endfacet
  facet normal -9.569404e-001  -0.000000e+000 -2.902847e-001
    outer loop
      vertex  1.501150e-003  3.789474e-001  6.288357e-002
      vertex  5.946911e-003  0.000000e+000  4.822786e-002
      vertex  1.501150e-003  0.000000e+000  6.288357e-002
    endloop
  endfacet
  facet normal -9.951848e-001  0.000000e+000 -9.801716e-002
    outer loop
      vertex  1.501150e-003  3.789474e-001  6.288357e-002
      vertex  1.501150e-003  0.000000e+000  6.288357e-002
      vertex  0.000000e+000  3.789474e-001  7.812500e-002
    endloop
  endfacet
  facet normal -9.951848e-001  -0.000000e+000 -9.801716e-002
    outer loop
      vertex  0.000000e+000  3.789474e-001  7.812500e-002
      vertex  1.501150e-003  0.000000e+000  6.288357e-002
      vertex  0.000000e+000  0.000000e+000  7.812500e-002
    endloop
  endfacet
  facet normal  0.000000e+000  0.000000e+000  1.000000e+000
    outer loop
      vertex  0.000000e+000  0.000000e+000  2.343750e-001
      vertex  6.796875e-001  0.000000e+000  2.343750e-001
      vertex  0.000000e+000  3.789474e-001  2.343750e-001
    endloop
  endfacet
  facet normal  -0.000000e+000  0.000000e+000  1.000000e+000
    outer loop
      vertex  0.000000e+000  3.789474e-001  2.343750e-001
      vertex  6.796875e-001  0.000000e+000  2.343750e-001
      vertex  6.796875e-001  3.789474e-001  2.343750e-001
    endloop
  endfacet
  facet normal  1.000000e+000  0.000000e+000  0.000000e+000
    outer loop
      vertex  7.500000e-001  0.000000e+000  1.562500e-001
      vertex  7.500000e-001  0.000000e+000  0.000000e+000
      vertex  7.500000e-001  3.789474e-001  1.562500e-001
    endloop
  endfacet
  facet normal  1.000000e+000  0.000000e+000  0.000000e+000
    outer loop
      vertex  7.500000e-001  3.789474e-001  1.562500e-001
      vertex  7.500000e-001  0.000000e+000  0.000000e+000
      vertex  7.500000e-001  3.789474e-001  0.000000e+000
    endloop
  endfacet
  facet normal  7.432941e-001  -0.000000e+000  6.689647e-001
    outer loop
      vertex  6.796875e-001  3.789474e-001  2.343750e-001
      vertex  6.796875e-001  0.000000e+000  2.343750e-001
      vertex  7.500000e-001  3.789474e-001  1.562500e-001
    endloop
  endfacet
  facet normal  7.432941e-001  0.000000e+000  6.689647e-001
    outer loop
      vertex  7.500000e-001  3.789474e-001  1.562500e-001
      vertex  6.796875e-001  0.000000e+000  2.343750e-001
      vertex  7.500000e-001  0.000000e+000  1.562500e-001
    endloop
  endfacet
endsolid CATIA STL
