solid CATIA STL
  facet normal  -0.000000e+000  -0.000000e+000  1.000000e+000
    outer loop
      vertex -7.500000e-001 -6.875000e-001  3.906250e-002
      vertex -7.487991e-001 -6.996931e-001  3.906250e-002
      vertex -7.452425e-001 -7.114177e-001  3.906250e-002
    endloop
  endfacet
  facet normal  -0.000000e+000  -0.000000e+000  1.000000e+000
    outer loop
      vertex -7.500000e-001 -6.875000e-001  3.906250e-002
      vertex -7.452425e-001 -7.114177e-001  3.906250e-002
      vertex -7.394668e-001 -7.222232e-001  3.906250e-002
    endloop
  endfacet
  facet normal  -0.000000e+000  -0.000000e+000  1.000000e+000
    outer loop
      vertex -7.500000e-001 -6.875000e-001  3.906250e-002
      vertex -7.394668e-001 -7.222232e-001  3.906250e-002
      vertex -7.316942e-001 -7.316942e-001  3.906250e-002
    endloop
  endfacet
  facet normal  -0.000000e+000  -0.000000e+000  1.000000e+000
    outer loop
      vertex -7.500000e-001 -6.875000e-001  3.906250e-002
      vertex -7.316942e-001 -7.316942e-001  3.906250e-002
      vertex -7.222232e-001 -7.394668e-001  3.906250e-002
    endloop
  endfacet
  facet normal  -0.000000e+000  -0.000000e+000  1.000000e+000
    outer loop
      vertex -7.500000e-001 -6.875000e-001  3.906250e-002
      vertex -7.222232e-001 -7.394668e-001  3.906250e-002
      vertex -7.114177e-001 -7.452425e-001  3.906250e-002
    endloop
  endfacet
  facet normal  -0.000000e+000  -0.000000e+000  1.000000e+000
    outer loop
      vertex -7.500000e-001 -6.875000e-001  3.906250e-002
      vertex -7.114177e-001 -7.452425e-001  3.906250e-002
      vertex -6.996931e-001 -7.487991e-001  3.906250e-002
    endloop
  endfacet
  facet normal  -0.000000e+000  -0.000000e+000  1.000000e+000
    outer loop
      vertex -7.500000e-001 -6.875000e-001  3.906250e-002
      vertex -6.996931e-001 -7.487991e-001  3.906250e-002
      vertex -6.875000e-001 -7.500000e-001  3.906250e-002
    endloop
  endfacet
  facet normal  0.000000e+000  -0.000000e+000  1.000000e+000
    outer loop
      vertex -7.500000e-001 -6.875000e-001  3.906250e-002
      vertex -6.875000e-001 -7.500000e-001  3.906250e-002
      vertex  7.500000e-001 -7.500000e-001  3.906250e-002
    endloop
  endfacet
  facet normal  0.000000e+000  -0.000000e+000  1.000000e+000
    outer loop
      vertex -7.500000e-001 -6.875000e-001  3.906250e-002
      vertex  7.500000e-001 -7.500000e-001  3.906250e-002
      vertex  7.500000e-001  7.500000e-001  3.906250e-002
    endloop
  endfacet
  facet normal  0.000000e+000  0.000000e+000  1.000000e+000
    outer loop
      vertex -7.500000e-001 -6.875000e-001  3.906250e-002
      vertex  7.500000e-001  7.500000e-001  3.906250e-002
      vertex -7.500000e-001  7.500000e-001  3.906250e-002
    endloop
  endfacet
  facet normal  0.000000e+000  0.000000e+000 -1.000000e+000
    outer loop
      vertex -7.500000e-001 -6.875000e-001  0.000000e+000
      vertex -7.500000e-001  7.500000e-001  0.000000e+000
      vertex  7.500000e-001  7.500000e-001  0.000000e+000
    endloop
  endfacet
  facet normal  0.000000e+000  -0.000000e+000 -1.000000e+000
    outer loop
      vertex -7.500000e-001 -6.875000e-001  0.000000e+000
      vertex  7.500000e-001  7.500000e-001  0.000000e+000
      vertex  7.500000e-001 -7.500000e-001  0.000000e+000
    endloop
  endfacet
  facet normal  0.000000e+000  0.000000e+000 -1.000000e+000
    outer loop
      vertex -7.500000e-001 -6.875000e-001  0.000000e+000
      vertex  7.500000e-001 -7.500000e-001  0.000000e+000
      vertex -6.875000e-001 -7.500000e-001  0.000000e+000
    endloop
  endfacet
  facet normal  0.000000e+000  0.000000e+000 -1.000000e+000
    outer loop
      vertex -7.500000e-001 -6.875000e-001  0.000000e+000
      vertex -6.875000e-001 -7.500000e-001  0.000000e+000
      vertex -6.996931e-001 -7.487991e-001  0.000000e+000
    endloop
  endfacet
  facet normal  0.000000e+000  0.000000e+000 -1.000000e+000
    outer loop
      vertex -7.500000e-001 -6.875000e-001  0.000000e+000
      vertex -6.996931e-001 -7.487991e-001  0.000000e+000
      vertex -7.114177e-001 -7.452425e-001  0.000000e+000
    endloop
  endfacet
  facet normal  0.000000e+000  0.000000e+000 -1.000000e+000
    outer loop
      vertex -7.500000e-001 -6.875000e-001  0.000000e+000
      vertex -7.114177e-001 -7.452425e-001  0.000000e+000
      vertex -7.222232e-001 -7.394668e-001  0.000000e+000
    endloop
  endfacet
  facet normal  0.000000e+000  0.000000e+000 -1.000000e+000
    outer loop
      vertex -7.500000e-001 -6.875000e-001  0.000000e+000
      vertex -7.222232e-001 -7.394668e-001  0.000000e+000
      vertex -7.316942e-001 -7.316942e-001  0.000000e+000
    endloop
  endfacet
  facet normal  0.000000e+000  0.000000e+000 -1.000000e+000
    outer loop
      vertex -7.500000e-001 -6.875000e-001  0.000000e+000
      vertex -7.316942e-001 -7.316942e-001  0.000000e+000
      vertex -7.394668e-001 -7.222232e-001  0.000000e+000
    endloop
  endfacet
  facet normal  0.000000e+000  0.000000e+000 -1.000000e+000
    outer loop
      vertex -7.500000e-001 -6.875000e-001  0.000000e+000
      vertex -7.394668e-001 -7.222232e-001  0.000000e+000
      vertex -7.452425e-001 -7.114177e-001  0.000000e+000
    endloop
  endfacet
  facet normal  0.000000e+000  0.000000e+000 -1.000000e+000
    outer loop
      vertex -7.500000e-001 -6.875000e-001  0.000000e+000
      vertex -7.452425e-001 -7.114177e-001  0.000000e+000
      vertex -7.487991e-001 -6.996931e-001  0.000000e+000
    endloop
  endfacet
  facet normal -9.999999e-001  0.000000e+000  0.000000e+000
    outer loop
      vertex -7.500000e-001  7.500000e-001  3.906250e-002
      vertex -7.500000e-001  7.500000e-001  0.000000e+000
      vertex -7.500000e-001 -6.875000e-001  3.906250e-002
    endloop
  endfacet
  facet normal -9.999999e-001  0.000000e+000  0.000000e+000
    outer loop
      vertex -7.500000e-001 -6.875000e-001  3.906250e-002
      vertex -7.500000e-001  7.500000e-001  0.000000e+000
      vertex -7.500000e-001 -6.875000e-001  0.000000e+000
    endloop
  endfacet
  facet normal  0.000000e+000 -9.999999e-001  0.000000e+000
    outer loop
      vertex -6.875000e-001 -7.500000e-001  3.906250e-002
      vertex -6.875000e-001 -7.500000e-001  0.000000e+000
      vertex  7.500000e-001 -7.500000e-001  3.906250e-002
    endloop
  endfacet
  facet normal  0.000000e+000 -9.999999e-001  -0.000000e+000
    outer loop
      vertex  7.500000e-001 -7.500000e-001  3.906250e-002
      vertex -6.875000e-001 -7.500000e-001  0.000000e+000
      vertex  7.500000e-001 -7.500000e-001  0.000000e+000
    endloop
  endfacet
  facet normal -9.801670e-002 -9.951848e-001  -0.000000e+000
    outer loop
      vertex -6.875000e-001 -7.500000e-001  0.000000e+000
      vertex -6.875000e-001 -7.500000e-001  3.906250e-002
      vertex -6.996931e-001 -7.487991e-001  0.000000e+000
    endloop
  endfacet
  facet normal -9.801670e-002 -9.951848e-001  0.000000e+000
    outer loop
      vertex -6.996931e-001 -7.487991e-001  0.000000e+000
      vertex -6.875000e-001 -7.500000e-001  3.906250e-002
      vertex -6.996931e-001 -7.487991e-001  3.906250e-002
    endloop
  endfacet
  facet normal -2.902842e-001 -9.569405e-001  -0.000000e+000
    outer loop
      vertex -6.996931e-001 -7.487991e-001  0.000000e+000
      vertex -6.996931e-001 -7.487991e-001  3.906250e-002
      vertex -7.114177e-001 -7.452425e-001  0.000000e+000
    endloop
  endfacet
  facet normal -2.902842e-001 -9.569405e-001  0.000000e+000
    outer loop
      vertex -7.114177e-001 -7.452425e-001  0.000000e+000
      vertex -6.996931e-001 -7.487991e-001  3.906250e-002
      vertex -7.114177e-001 -7.452425e-001  3.906250e-002
    endloop
  endfacet
  facet normal -4.713973e-001 -8.819210e-001  -0.000000e+000
    outer loop
      vertex -7.114177e-001 -7.452425e-001  0.000000e+000
      vertex -7.114177e-001 -7.452425e-001  3.906250e-002
      vertex -7.222232e-001 -7.394668e-001  0.000000e+000
    endloop
  endfacet
  facet normal -4.713973e-001 -8.819210e-001  0.000000e+000
    outer loop
      vertex -7.222232e-001 -7.394668e-001  0.000000e+000
      vertex -7.114177e-001 -7.452425e-001  3.906250e-002
      vertex -7.222232e-001 -7.394668e-001  3.906250e-002
    endloop
  endfacet
  facet normal -6.343951e-001 -7.730090e-001  -0.000000e+000
    outer loop
      vertex -7.222232e-001 -7.394668e-001  0.000000e+000
      vertex -7.222232e-001 -7.394668e-001  3.906250e-002
      vertex -7.316942e-001 -7.316942e-001  0.000000e+000
    endloop
  endfacet
  facet normal -6.343951e-001 -7.730090e-001  0.000000e+000
    outer loop
      vertex -7.316942e-001 -7.316942e-001  0.000000e+000
      vertex -7.222232e-001 -7.394668e-001  3.906250e-002
      vertex -7.316942e-001 -7.316942e-001  3.906250e-002
    endloop
  endfacet
  facet normal -7.730090e-001 -6.343951e-001  -0.000000e+000
    outer loop
      vertex -7.316942e-001 -7.316942e-001  0.000000e+000
      vertex -7.316942e-001 -7.316942e-001  3.906250e-002
      vertex -7.394668e-001 -7.222232e-001  0.000000e+000
    endloop
  endfacet
  facet normal -7.730090e-001 -6.343951e-001  0.000000e+000
    outer loop
      vertex -7.394668e-001 -7.222232e-001  0.000000e+000
      vertex -7.316942e-001 -7.316942e-001  3.906250e-002
      vertex -7.394668e-001 -7.222232e-001  3.906250e-002
    endloop
  endfacet
  facet normal -8.819210e-001 -4.713973e-001  -0.000000e+000
    outer loop
      vertex -7.394668e-001 -7.222232e-001  0.000000e+000
      vertex -7.394668e-001 -7.222232e-001  3.906250e-002
      vertex -7.452425e-001 -7.114177e-001  0.000000e+000
    endloop
  endfacet
  facet normal -8.819210e-001 -4.713973e-001  0.000000e+000
    outer loop
      vertex -7.452425e-001 -7.114177e-001  0.000000e+000
      vertex -7.394668e-001 -7.222232e-001  3.906250e-002
      vertex -7.452425e-001 -7.114177e-001  3.906250e-002
    endloop
  endfacet
  facet normal -9.569405e-001 -2.902842e-001  -0.000000e+000
    outer loop
      vertex -7.452425e-001 -7.114177e-001  0.000000e+000
      vertex -7.452425e-001 -7.114177e-001  3.906250e-002
      vertex -7.487991e-001 -6.996931e-001  0.000000e+000
    endloop
  endfacet
  facet normal -9.569405e-001 -2.902842e-001  0.000000e+000
    outer loop
      vertex -7.487991e-001 -6.996931e-001  0.000000e+000
      vertex -7.452425e-001 -7.114177e-001  3.906250e-002
      vertex -7.487991e-001 -6.996931e-001  3.906250e-002
    endloop
  endfacet
  facet normal -9.951848e-001 -9.801670e-002  -0.000000e+000
    outer loop
      vertex -7.487991e-001 -6.996931e-001  0.000000e+000
      vertex -7.487991e-001 -6.996931e-001  3.906250e-002
      vertex -7.500000e-001 -6.875000e-001  0.000000e+000
    endloop
  endfacet
  facet normal -9.951848e-001 -9.801670e-002  0.000000e+000
    outer loop
      vertex -7.500000e-001 -6.875000e-001  0.000000e+000
      vertex -7.487991e-001 -6.996931e-001  3.906250e-002
      vertex -7.500000e-001 -6.875000e-001  3.906250e-002
    endloop
  endfacet
  facet normal  0.000000e+000  1.000000e+000  -0.000000e+000
    outer loop
      vertex  7.500000e-001  7.500000e-001  3.906250e-002
      vertex  7.500000e-001  7.500000e-001  0.000000e+000
      vertex -7.500000e-001  7.500000e-001  3.906250e-002
    endloop
  endfacet
  facet normal  0.000000e+000  1.000000e+000  0.000000e+000
    outer loop
      vertex -7.500000e-001  7.500000e-001  3.906250e-002
      vertex  7.500000e-001  7.500000e-001  0.000000e+000
      vertex -7.500000e-001  7.500000e-001  0.000000e+000
    endloop
  endfacet
  facet normal  1.000000e+000  0.000000e+000  0.000000e+000
    outer loop
      vertex  7.500000e-001 -7.500000e-001  3.906250e-002
      vertex  7.500000e-001 -7.500000e-001  0.000000e+000
      vertex  7.500000e-001  7.500000e-001  3.906250e-002
    endloop
  endfacet
  facet normal  1.000000e+000  0.000000e+000  0.000000e+000
    outer loop
      vertex  7.500000e-001  7.500000e-001  3.906250e-002
      vertex  7.500000e-001 -7.500000e-001  0.000000e+000
      vertex  7.500000e-001  7.500000e-001  0.000000e+000
    endloop
  endfacet
endsolid CATIA STL
