solid CATIA STL
  facet normal  -0.000000e+000  1.000000e+000  0.000000e+000
    outer loop
      vertex  6.218910e-018  0.000000e+000  1.015625e-001
      vertex  2.852138e-017  0.000000e+000  4.657895e-001
      vertex  6.562500e-001  0.000000e+000  4.657895e-001
    endloop
  endfacet
  facet normal  0.000000e+000  1.000000e+000  0.000000e+000
    outer loop
      vertex  6.218910e-018  0.000000e+000  1.015625e-001
      vertex  6.562500e-001  0.000000e+000  4.657895e-001
      vertex  6.562500e-001  0.000000e+000 -4.018372e-017
    endloop
  endfacet
  facet normal  0.000000e+000  1.000000e+000  0.000000e+000
    outer loop
      vertex  6.218910e-018  0.000000e+000  1.015625e-001
      vertex  6.562500e-001  0.000000e+000 -4.018372e-017
      vertex  1.015625e-001  0.000000e+000 -6.218910e-018
    endloop
  endfacet
  facet normal  0.000000e+000  1.000000e+000  0.000000e+000
    outer loop
      vertex  6.218910e-018  0.000000e+000  1.015625e-001
      vertex  1.015625e-001  0.000000e+000 -6.218910e-018
      vertex  8.174864e-002  0.000000e+000  1.951495e-003
    endloop
  endfacet
  facet normal  0.000000e+000  9.999999e-001  0.000000e+000
    outer loop
      vertex  6.218910e-018  0.000000e+000  1.015625e-001
      vertex  8.174864e-002  0.000000e+000  1.951495e-003
      vertex  6.269621e-002  0.000000e+000  7.730985e-003
    endloop
  endfacet
  facet normal  0.000000e+000  9.999999e-001  0.000000e+000
    outer loop
      vertex  6.218910e-018  0.000000e+000  1.015625e-001
      vertex  6.269621e-002  0.000000e+000  7.730985e-003
      vertex  4.513740e-002  0.000000e+000  1.711637e-002
    endloop
  endfacet
  facet normal  0.000000e+000  1.000000e+000  0.000000e+000
    outer loop
      vertex  6.218910e-018  0.000000e+000  1.015625e-001
      vertex  4.513740e-002  0.000000e+000  1.711637e-002
      vertex  2.974697e-002  0.000000e+000  2.974697e-002
    endloop
  endfacet
  facet normal  0.000000e+000  1.000000e+000  0.000000e+000
    outer loop
      vertex  6.218910e-018  0.000000e+000  1.015625e-001
      vertex  2.974697e-002  0.000000e+000  2.974697e-002
      vertex  1.711637e-002  0.000000e+000  4.513740e-002
    endloop
  endfacet
  facet normal  0.000000e+000  1.000000e+000  0.000000e+000
    outer loop
      vertex  6.218910e-018  0.000000e+000  1.015625e-001
      vertex  1.711637e-002  0.000000e+000  4.513740e-002
      vertex  7.730985e-003  0.000000e+000  6.269621e-002
    endloop
  endfacet
  facet normal  0.000000e+000  1.000000e+000  0.000000e+000
    outer loop
      vertex  6.218910e-018  0.000000e+000  1.015625e-001
      vertex  7.730985e-003  0.000000e+000  6.269621e-002
      vertex  1.951495e-003  0.000000e+000  8.174864e-002
    endloop
  endfacet
  facet normal -6.123234e-017  0.000000e+000 -1.000000e+000
    outer loop
      vertex  7.500000e-001 -4.687500e-001 -4.592425e-017
      vertex  1.015625e-001 -4.687500e-001 -6.218910e-018
      vertex  1.015625e-001  0.000000e+000 -6.218910e-018
    endloop
  endfacet
  facet normal -6.123234e-017 -2.087757e-024 -1.000000e+000
    outer loop
      vertex  7.500000e-001 -4.687500e-001 -4.592425e-017
      vertex  1.015625e-001  0.000000e+000 -6.218910e-018
      vertex  6.562500e-001  0.000000e+000 -4.018372e-017
    endloop
  endfacet
  facet normal -6.123230e-017  6.038991e-024 -1.000000e+000
    outer loop
      vertex  7.500000e-001 -4.687500e-001 -4.592425e-017
      vertex  6.562500e-001  0.000000e+000 -4.018372e-017
      vertex  6.745397e-001 -1.801380e-003 -4.130365e-017
    endloop
  endfacet
  facet normal -6.123238e-017 -7.259989e-024 -1.000000e+000
    outer loop
      vertex  7.500000e-001 -4.687500e-001 -4.592425e-017
      vertex  6.745397e-001 -1.801380e-003 -4.130365e-017
      vertex  6.921266e-001 -7.136294e-003 -4.238053e-017
    endloop
  endfacet
  facet normal -6.123238e-017 -7.061377e-024 -9.999999e-001
    outer loop
      vertex  7.500000e-001 -4.687500e-001 -4.592425e-017
      vertex  6.921266e-001 -7.136294e-003 -4.238053e-017
      vertex  7.083347e-001 -1.579972e-002 -4.337299e-017
    endloop
  endfacet
  facet normal -6.123236e-017 -5.024013e-024 -9.999999e-001
    outer loop
      vertex  7.500000e-001 -4.687500e-001 -4.592425e-017
      vertex  7.083347e-001 -1.579972e-002 -4.337299e-017
      vertex  7.225413e-001 -2.745874e-002 -4.424289e-017
    endloop
  endfacet
  facet normal -6.123207e-017  1.281585e-023 -1.000000e+000
    outer loop
      vertex  7.500000e-001 -4.687500e-001 -4.592425e-017
      vertex  7.225413e-001 -2.745874e-002 -4.424289e-017
      vertex  7.342003e-001 -4.166529e-002 -4.495680e-017
    endloop
  endfacet
  facet normal -6.123270e-017 -1.037721e-023 -1.000000e+000
    outer loop
      vertex  7.500000e-001 -4.687500e-001 -4.592425e-017
      vertex  7.342003e-001 -4.166529e-002 -4.495680e-017
      vertex  7.428637e-001 -5.787343e-002 -4.548728e-017
    endloop
  endfacet
  facet normal -6.123188e-017  3.850518e-024 -1.000000e+000
    outer loop
      vertex  7.500000e-001 -4.687500e-001 -4.592425e-017
      vertex  7.428637e-001 -5.787343e-002 -4.548728e-017
      vertex  7.481986e-001 -7.546028e-002 -4.581395e-017
    endloop
  endfacet
  facet normal -6.123272e-017  0.000000e+000 -1.000000e+000
    outer loop
      vertex  7.500000e-001 -4.687500e-001 -4.592425e-017
      vertex  7.481986e-001 -7.546028e-002 -4.581395e-017
      vertex  7.500000e-001 -9.375000e-002 -4.592425e-017
    endloop
  endfacet
  facet normal  0.000000e+000 -1.000000e+000  0.000000e+000
    outer loop
      vertex  6.218910e-018 -4.687500e-001  1.015625e-001
      vertex  1.951495e-003 -4.687500e-001  8.174864e-002
      vertex  7.730985e-003 -4.687500e-001  6.269621e-002
    endloop
  endfacet
  facet normal  0.000000e+000 -1.000000e+000  0.000000e+000
    outer loop
      vertex  6.218910e-018 -4.687500e-001  1.015625e-001
      vertex  7.730985e-003 -4.687500e-001  6.269621e-002
      vertex  1.711637e-002 -4.687500e-001  4.513740e-002
    endloop
  endfacet
  facet normal  0.000000e+000 -1.000000e+000  0.000000e+000
    outer loop
      vertex  6.218910e-018 -4.687500e-001  1.015625e-001
      vertex  1.711637e-002 -4.687500e-001  4.513740e-002
      vertex  2.974697e-002 -4.687500e-001  2.974697e-002
    endloop
  endfacet
  facet normal  0.000000e+000 -1.000000e+000  0.000000e+000
    outer loop
      vertex  6.218910e-018 -4.687500e-001  1.015625e-001
      vertex  2.974697e-002 -4.687500e-001  2.974697e-002
      vertex  4.513740e-002 -4.687500e-001  1.711637e-002
    endloop
  endfacet
  facet normal  0.000000e+000 -1.000000e+000  0.000000e+000
    outer loop
      vertex  6.218910e-018 -4.687500e-001  1.015625e-001
      vertex  4.513740e-002 -4.687500e-001  1.711637e-002
      vertex  6.269621e-002 -4.687500e-001  7.730985e-003
    endloop
  endfacet
  facet normal  0.000000e+000 -9.999999e-001  0.000000e+000
    outer loop
      vertex  6.218910e-018 -4.687500e-001  1.015625e-001
      vertex  6.269621e-002 -4.687500e-001  7.730985e-003
      vertex  8.174864e-002 -4.687500e-001  1.951495e-003
    endloop
  endfacet
  facet normal  0.000000e+000 -1.000000e+000  0.000000e+000
    outer loop
      vertex  6.218910e-018 -4.687500e-001  1.015625e-001
      vertex  8.174864e-002 -4.687500e-001  1.951495e-003
      vertex  1.015625e-001 -4.687500e-001 -6.218910e-018
    endloop
  endfacet
  facet normal  0.000000e+000 -1.000000e+000  0.000000e+000
    outer loop
      vertex  6.218910e-018 -4.687500e-001  1.015625e-001
      vertex  1.015625e-001 -4.687500e-001 -6.218910e-018
      vertex  7.500000e-001 -4.687500e-001 -4.592425e-017
    endloop
  endfacet
  facet normal  0.000000e+000 -1.000000e+000  0.000000e+000
    outer loop
      vertex  6.218910e-018 -4.687500e-001  1.015625e-001
      vertex  7.500000e-001 -4.687500e-001 -4.592425e-017
      vertex  7.500000e-001 -4.687500e-001  4.657895e-001
    endloop
  endfacet
  facet normal  -0.000000e+000 -1.000000e+000  0.000000e+000
    outer loop
      vertex  6.218910e-018 -4.687500e-001  1.015625e-001
      vertex  7.500000e-001 -4.687500e-001  4.657895e-001
      vertex  2.852138e-017 -4.687500e-001  4.657895e-001
    endloop
  endfacet
  facet normal -1.000000e+000  0.000000e+000  6.123234e-017
    outer loop
      vertex  2.852138e-017  0.000000e+000  4.657895e-001
      vertex  6.218910e-018  0.000000e+000  1.015625e-001
      vertex  2.852138e-017 -4.687500e-001  4.657895e-001
    endloop
  endfacet
  facet normal -1.000000e+000  0.000000e+000  6.123234e-017
    outer loop
      vertex  2.852138e-017 -4.687500e-001  4.657895e-001
      vertex  6.218910e-018  0.000000e+000  1.015625e-001
      vertex  6.218910e-018 -4.687500e-001  1.015625e-001
    endloop
  endfacet
  facet normal -9.801716e-002  0.000000e+000 -9.951847e-001
    outer loop
      vertex  1.015625e-001  0.000000e+000 -6.218910e-018
      vertex  1.015625e-001 -4.687500e-001 -6.218910e-018
      vertex  8.174864e-002  0.000000e+000  1.951495e-003
    endloop
  endfacet
  facet normal -9.801716e-002  -0.000000e+000 -9.951847e-001
    outer loop
      vertex  8.174864e-002  0.000000e+000  1.951495e-003
      vertex  1.015625e-001 -4.687500e-001 -6.218910e-018
      vertex  8.174864e-002 -4.687500e-001  1.951495e-003
    endloop
  endfacet
  facet normal -2.902846e-001  0.000000e+000 -9.569404e-001
    outer loop
      vertex  8.174864e-002  0.000000e+000  1.951495e-003
      vertex  8.174864e-002 -4.687500e-001  1.951495e-003
      vertex  6.269621e-002  0.000000e+000  7.730985e-003
    endloop
  endfacet
  facet normal -2.902846e-001  -0.000000e+000 -9.569404e-001
    outer loop
      vertex  6.269621e-002  0.000000e+000  7.730985e-003
      vertex  8.174864e-002 -4.687500e-001  1.951495e-003
      vertex  6.269621e-002 -4.687500e-001  7.730985e-003
    endloop
  endfacet
  facet normal -4.713968e-001  0.000000e+000 -8.819212e-001
    outer loop
      vertex  6.269621e-002  0.000000e+000  7.730985e-003
      vertex  6.269621e-002 -4.687500e-001  7.730985e-003
      vertex  4.513740e-002  0.000000e+000  1.711637e-002
    endloop
  endfacet
  facet normal -4.713968e-001  -0.000000e+000 -8.819212e-001
    outer loop
      vertex  4.513740e-002  0.000000e+000  1.711637e-002
      vertex  6.269621e-002 -4.687500e-001  7.730985e-003
      vertex  4.513740e-002 -4.687500e-001  1.711637e-002
    endloop
  endfacet
  facet normal -6.343933e-001  0.000000e+000 -7.730104e-001
    outer loop
      vertex  4.513740e-002  0.000000e+000  1.711637e-002
      vertex  4.513740e-002 -4.687500e-001  1.711637e-002
      vertex  2.974697e-002  0.000000e+000  2.974697e-002
    endloop
  endfacet
  facet normal -6.343933e-001  -0.000000e+000 -7.730104e-001
    outer loop
      vertex  2.974697e-002  0.000000e+000  2.974697e-002
      vertex  4.513740e-002 -4.687500e-001  1.711637e-002
      vertex  2.974697e-002 -4.687500e-001  2.974697e-002
    endloop
  endfacet
  facet normal -7.730104e-001  0.000000e+000 -6.343933e-001
    outer loop
      vertex  2.974697e-002  0.000000e+000  2.974697e-002
      vertex  2.974697e-002 -4.687500e-001  2.974697e-002
      vertex  1.711637e-002  0.000000e+000  4.513740e-002
    endloop
  endfacet
  facet normal -7.730104e-001  -0.000000e+000 -6.343933e-001
    outer loop
      vertex  1.711637e-002  0.000000e+000  4.513740e-002
      vertex  2.974697e-002 -4.687500e-001  2.974697e-002
      vertex  1.711637e-002 -4.687500e-001  4.513740e-002
    endloop
  endfacet
  facet normal -8.819212e-001  0.000000e+000 -4.713968e-001
    outer loop
      vertex  1.711637e-002  0.000000e+000  4.513740e-002
      vertex  1.711637e-002 -4.687500e-001  4.513740e-002
      vertex  7.730985e-003  0.000000e+000  6.269621e-002
    endloop
  endfacet
  facet normal -8.819212e-001  -0.000000e+000 -4.713968e-001
    outer loop
      vertex  7.730985e-003  0.000000e+000  6.269621e-002
      vertex  1.711637e-002 -4.687500e-001  4.513740e-002
      vertex  7.730985e-003 -4.687500e-001  6.269621e-002
    endloop
  endfacet
  facet normal -9.569404e-001  0.000000e+000 -2.902846e-001
    outer loop
      vertex  7.730985e-003  0.000000e+000  6.269621e-002
      vertex  7.730985e-003 -4.687500e-001  6.269621e-002
      vertex  1.951495e-003  0.000000e+000  8.174864e-002
    endloop
  endfacet
  facet normal -9.569404e-001  -0.000000e+000 -2.902846e-001
    outer loop
      vertex  1.951495e-003  0.000000e+000  8.174864e-002
      vertex  7.730985e-003 -4.687500e-001  6.269621e-002
      vertex  1.951495e-003 -4.687500e-001  8.174864e-002
    endloop
  endfacet
  facet normal -9.951847e-001  0.000000e+000 -9.801716e-002
    outer loop
      vertex  1.951495e-003  0.000000e+000  8.174864e-002
      vertex  1.951495e-003 -4.687500e-001  8.174864e-002
      vertex  6.218910e-018  0.000000e+000  1.015625e-001
    endloop
  endfacet
  facet normal -9.951847e-001  -0.000000e+000 -9.801716e-002
    outer loop
      vertex  6.218910e-018  0.000000e+000  1.015625e-001
      vertex  1.951495e-003 -4.687500e-001  8.174864e-002
      vertex  6.218910e-018 -4.687500e-001  1.015625e-001
    endloop
  endfacet
  facet normal  0.000000e+000  0.000000e+000  1.000000e+000
    outer loop
      vertex  7.500000e-001 -9.375000e-002  4.657895e-001
      vertex  7.481986e-001 -7.546028e-002  4.657895e-001
      vertex  7.500000e-001 -4.687500e-001  4.657895e-001
    endloop
  endfacet
  facet normal  -0.000000e+000  0.000000e+000  1.000000e+000
    outer loop
      vertex  6.562500e-001  0.000000e+000  4.657895e-001
      vertex  2.852138e-017  0.000000e+000  4.657895e-001
      vertex  2.852138e-017 -4.687500e-001  4.657895e-001
    endloop
  endfacet
  facet normal  0.000000e+000  0.000000e+000  1.000000e+000
    outer loop
      vertex  6.562500e-001  0.000000e+000  4.657895e-001
      vertex  2.852138e-017 -4.687500e-001  4.657895e-001
      vertex  7.500000e-001 -4.687500e-001  4.657895e-001
    endloop
  endfacet
  facet normal  0.000000e+000  0.000000e+000  9.999999e-001
    outer loop
      vertex  6.562500e-001  0.000000e+000  4.657895e-001
      vertex  7.500000e-001 -4.687500e-001  4.657895e-001
      vertex  7.481986e-001 -7.546028e-002  4.657895e-001
    endloop
  endfacet
  facet normal  0.000000e+000  0.000000e+000  1.000000e+000
    outer loop
      vertex  6.562500e-001  0.000000e+000  4.657895e-001
      vertex  7.481986e-001 -7.546028e-002  4.657895e-001
      vertex  7.428637e-001 -5.787343e-002  4.657895e-001
    endloop
  endfacet
  facet normal  0.000000e+000  0.000000e+000  9.999999e-001
    outer loop
      vertex  6.562500e-001  0.000000e+000  4.657895e-001
      vertex  7.428637e-001 -5.787343e-002  4.657895e-001
      vertex  7.342003e-001 -4.166529e-002  4.657895e-001
    endloop
  endfacet
  facet normal  0.000000e+000  0.000000e+000  1.000000e+000
    outer loop
      vertex  6.562500e-001  0.000000e+000  4.657895e-001
      vertex  7.342003e-001 -4.166529e-002  4.657895e-001
      vertex  7.225413e-001 -2.745874e-002  4.657895e-001
    endloop
  endfacet
  facet normal  0.000000e+000  0.000000e+000  9.999999e-001
    outer loop
      vertex  6.562500e-001  0.000000e+000  4.657895e-001
      vertex  7.225413e-001 -2.745874e-002  4.657895e-001
      vertex  7.083347e-001 -1.579972e-002  4.657895e-001
    endloop
  endfacet
  facet normal  0.000000e+000  0.000000e+000  1.000000e+000
    outer loop
      vertex  6.562500e-001  0.000000e+000  4.657895e-001
      vertex  7.083347e-001 -1.579972e-002  4.657895e-001
      vertex  6.921266e-001 -7.136294e-003  4.657895e-001
    endloop
  endfacet
  facet normal  0.000000e+000  0.000000e+000  1.000000e+000
    outer loop
      vertex  6.562500e-001  0.000000e+000  4.657895e-001
      vertex  6.921266e-001 -7.136294e-003  4.657895e-001
      vertex  6.745397e-001 -1.801380e-003  4.657895e-001
    endloop
  endfacet
  facet normal  1.000000e+000  0.000000e+000  0.000000e+000
    outer loop
      vertex  7.500000e-001 -9.375000e-002 -4.592425e-017
      vertex  7.500000e-001 -9.375000e-002  4.657895e-001
      vertex  7.500000e-001 -4.687500e-001 -4.592425e-017
    endloop
  endfacet
  facet normal  1.000000e+000  0.000000e+000  0.000000e+000
    outer loop
      vertex  7.500000e-001 -4.687500e-001 -4.592425e-017
      vertex  7.500000e-001 -9.375000e-002  4.657895e-001
      vertex  7.500000e-001 -4.687500e-001  4.657895e-001
    endloop
  endfacet
  facet normal  9.801699e-002  9.951848e-001  0.000000e+000
    outer loop
      vertex  6.562500e-001  0.000000e+000 -4.018372e-017
      vertex  6.562500e-001  0.000000e+000  4.657895e-001
      vertex  6.745397e-001 -1.801380e-003 -4.130365e-017
    endloop
  endfacet
  facet normal  9.801699e-002  9.951848e-001  -0.000000e+000
    outer loop
      vertex  6.745397e-001 -1.801380e-003 -4.130365e-017
      vertex  6.562500e-001  0.000000e+000  4.657895e-001
      vertex  6.745397e-001 -1.801380e-003  4.657895e-001
    endloop
  endfacet
  facet normal  2.902851e-001  9.569402e-001  0.000000e+000
    outer loop
      vertex  6.745397e-001 -1.801380e-003 -4.130365e-017
      vertex  6.745397e-001 -1.801380e-003  4.657895e-001
      vertex  6.921266e-001 -7.136294e-003 -4.238053e-017
    endloop
  endfacet
  facet normal  2.902851e-001  9.569402e-001  -0.000000e+000
    outer loop
      vertex  6.921266e-001 -7.136294e-003 -4.238053e-017
      vertex  6.745397e-001 -1.801380e-003  4.657895e-001
      vertex  6.921266e-001 -7.136294e-003  4.657895e-001
    endloop
  endfacet
  facet normal  4.713973e-001  8.819210e-001  0.000000e+000
    outer loop
      vertex  6.921266e-001 -7.136294e-003 -4.238053e-017
      vertex  6.921266e-001 -7.136294e-003  4.657895e-001
      vertex  7.083347e-001 -1.579972e-002 -4.337299e-017
    endloop
  endfacet
  facet normal  4.713973e-001  8.819210e-001  -0.000000e+000
    outer loop
      vertex  7.083347e-001 -1.579972e-002 -4.337299e-017
      vertex  6.921266e-001 -7.136294e-003  4.657895e-001
      vertex  7.083347e-001 -1.579972e-002  4.657895e-001
    endloop
  endfacet
  facet normal  6.343923e-001  7.730113e-001  0.000000e+000
    outer loop
      vertex  7.083347e-001 -1.579972e-002 -4.337299e-017
      vertex  7.083347e-001 -1.579972e-002  4.657895e-001
      vertex  7.225413e-001 -2.745874e-002 -4.424289e-017
    endloop
  endfacet
  facet normal  6.343923e-001  7.730113e-001  -0.000000e+000
    outer loop
      vertex  7.225413e-001 -2.745874e-002 -4.424289e-017
      vertex  7.083347e-001 -1.579972e-002  4.657895e-001
      vertex  7.225413e-001 -2.745874e-002  4.657895e-001
    endloop
  endfacet
  facet normal  7.730102e-001  6.343936e-001  0.000000e+000
    outer loop
      vertex  7.225413e-001 -2.745874e-002 -4.424289e-017
      vertex  7.225413e-001 -2.745874e-002  4.657895e-001
      vertex  7.342003e-001 -4.166529e-002 -4.495680e-017
    endloop
  endfacet
  facet normal  7.730102e-001  6.343936e-001  -0.000000e+000
    outer loop
      vertex  7.342003e-001 -4.166529e-002 -4.495680e-017
      vertex  7.225413e-001 -2.745874e-002  4.657895e-001
      vertex  7.342003e-001 -4.166529e-002  4.657895e-001
    endloop
  endfacet
  facet normal  8.819216e-001  4.713961e-001  0.000000e+000
    outer loop
      vertex  7.342003e-001 -4.166529e-002 -4.495680e-017
      vertex  7.342003e-001 -4.166529e-002  4.657895e-001
      vertex  7.428637e-001 -5.787343e-002 -4.548728e-017
    endloop
  endfacet
  facet normal  8.819216e-001  4.713961e-001  -0.000000e+000
    outer loop
      vertex  7.428637e-001 -5.787343e-002 -4.548728e-017
      vertex  7.342003e-001 -4.166529e-002  4.657895e-001
      vertex  7.428637e-001 -5.787343e-002  4.657895e-001
    endloop
  endfacet
  facet normal  9.569404e-001  2.902846e-001  0.000000e+000
    outer loop
      vertex  7.428637e-001 -5.787343e-002 -4.548728e-017
      vertex  7.428637e-001 -5.787343e-002  4.657895e-001
      vertex  7.481986e-001 -7.546028e-002 -4.581395e-017
    endloop
  endfacet
  facet normal  9.569404e-001  2.902846e-001  -0.000000e+000
    outer loop
      vertex  7.481986e-001 -7.546028e-002 -4.581395e-017
      vertex  7.428637e-001 -5.787343e-002  4.657895e-001
      vertex  7.481986e-001 -7.546028e-002  4.657895e-001
    endloop
  endfacet
  facet normal  9.951848e-001  9.801669e-002  0.000000e+000
    outer loop
      vertex  7.481986e-001 -7.546028e-002 -4.581395e-017
      vertex  7.481986e-001 -7.546028e-002  4.657895e-001
      vertex  7.500000e-001 -9.375000e-002 -4.592425e-017
    endloop
  endfacet
  facet normal  9.951848e-001  9.801669e-002  -0.000000e+000
    outer loop
      vertex  7.500000e-001 -9.375000e-002 -4.592425e-017
      vertex  7.481986e-001 -7.546028e-002  4.657895e-001
      vertex  7.500000e-001 -9.375000e-002  4.657895e-001
    endloop
  endfacet
endsolid CATIA STL
