solid CATIA STL
  facet normal  -0.000000e+000  -0.000000e+000  1.000000e+000
    outer loop
      vertex -2.187500e-001 -7.812500e-002  7.343750e-001
      vertex -2.160479e-001 -1.055596e-001  7.343750e-001
      vertex -2.080456e-001 -1.319399e-001  7.343750e-001
    endloop
  endfacet
  facet normal  -0.000000e+000  -0.000000e+000  1.000000e+000
    outer loop
      vertex -2.187500e-001 -7.812500e-002  7.343750e-001
      vertex -2.080456e-001 -1.319399e-001  7.343750e-001
      vertex -1.950504e-001 -1.562521e-001  7.343750e-001
    endloop
  endfacet
  facet normal  -0.000000e+000  -0.000000e+000  1.000000e+000
    outer loop
      vertex -2.187500e-001 -7.812500e-002  7.343750e-001
      vertex -1.950504e-001 -1.562521e-001  7.343750e-001
      vertex -1.775619e-001 -1.775619e-001  7.343750e-001
    endloop
  endfacet
  facet normal  -0.000000e+000  -0.000000e+000  1.000000e+000
    outer loop
      vertex -2.187500e-001 -7.812500e-002  7.343750e-001
      vertex -1.775619e-001 -1.775619e-001  7.343750e-001
      vertex -1.562521e-001 -1.950504e-001  7.343750e-001
    endloop
  endfacet
  facet normal  -0.000000e+000  -0.000000e+000  1.000000e+000
    outer loop
      vertex -2.187500e-001 -7.812500e-002  7.343750e-001
      vertex -1.562521e-001 -1.950504e-001  7.343750e-001
      vertex -1.319399e-001 -2.080456e-001  7.343750e-001
    endloop
  endfacet
  facet normal  -0.000000e+000  -0.000000e+000  1.000000e+000
    outer loop
      vertex -2.187500e-001 -7.812500e-002  7.343750e-001
      vertex -1.319399e-001 -2.080456e-001  7.343750e-001
      vertex -1.055596e-001 -2.160479e-001  7.343750e-001
    endloop
  endfacet
  facet normal  -0.000000e+000  -0.000000e+000  1.000000e+000
    outer loop
      vertex -2.187500e-001 -7.812500e-002  7.343750e-001
      vertex -1.055596e-001 -2.160479e-001  7.343750e-001
      vertex -7.812500e-002 -2.187500e-001  7.343750e-001
    endloop
  endfacet
  facet normal  0.000000e+000  -0.000000e+000  1.000000e+000
    outer loop
      vertex -2.187500e-001 -7.812500e-002  7.343750e-001
      vertex -7.812500e-002 -2.187500e-001  7.343750e-001
      vertex  2.265625e-001 -2.187500e-001  7.343750e-001
    endloop
  endfacet
  facet normal  0.000000e+000  -0.000000e+000  1.000000e+000
    outer loop
      vertex -2.187500e-001 -7.812500e-002  7.343750e-001
      vertex  2.265625e-001 -2.187500e-001  7.343750e-001
      vertex  2.265625e-001  2.265625e-001  7.343750e-001
    endloop
  endfacet
  facet normal  0.000000e+000  0.000000e+000  1.000000e+000
    outer loop
      vertex -2.187500e-001 -7.812500e-002  7.343750e-001
      vertex  2.265625e-001  2.265625e-001  7.343750e-001
      vertex -2.187500e-001  2.265625e-001  7.343750e-001
    endloop
  endfacet
  facet normal  0.000000e+000  0.000000e+000 -1.000000e+000
    outer loop
      vertex -2.187500e-001 -7.812500e-002  0.000000e+000
      vertex -2.187500e-001  2.265625e-001  0.000000e+000
      vertex  2.265625e-001  2.265625e-001  0.000000e+000
    endloop
  endfacet
  facet normal  0.000000e+000  -0.000000e+000 -1.000000e+000
    outer loop
      vertex -2.187500e-001 -7.812500e-002  0.000000e+000
      vertex  2.265625e-001  2.265625e-001  0.000000e+000
      vertex  2.265625e-001 -2.187500e-001  0.000000e+000
    endloop
  endfacet
  facet normal  0.000000e+000  0.000000e+000 -1.000000e+000
    outer loop
      vertex -2.187500e-001 -7.812500e-002  0.000000e+000
      vertex  2.265625e-001 -2.187500e-001  0.000000e+000
      vertex -7.812500e-002 -2.187500e-001  0.000000e+000
    endloop
  endfacet
  facet normal  0.000000e+000  0.000000e+000 -1.000000e+000
    outer loop
      vertex -2.187500e-001 -7.812500e-002  0.000000e+000
      vertex -7.812500e-002 -2.187500e-001  0.000000e+000
      vertex -1.055596e-001 -2.160479e-001  0.000000e+000
    endloop
  endfacet
  facet normal  0.000000e+000  0.000000e+000 -1.000000e+000
    outer loop
      vertex -2.187500e-001 -7.812500e-002  0.000000e+000
      vertex -1.055596e-001 -2.160479e-001  0.000000e+000
      vertex -1.319399e-001 -2.080456e-001  0.000000e+000
    endloop
  endfacet
  facet normal  0.000000e+000  0.000000e+000 -1.000000e+000
    outer loop
      vertex -2.187500e-001 -7.812500e-002  0.000000e+000
      vertex -1.319399e-001 -2.080456e-001  0.000000e+000
      vertex -1.562521e-001 -1.950504e-001  0.000000e+000
    endloop
  endfacet
  facet normal  0.000000e+000  0.000000e+000 -1.000000e+000
    outer loop
      vertex -2.187500e-001 -7.812500e-002  0.000000e+000
      vertex -1.562521e-001 -1.950504e-001  0.000000e+000
      vertex -1.775619e-001 -1.775619e-001  0.000000e+000
    endloop
  endfacet
  facet normal  0.000000e+000  0.000000e+000 -1.000000e+000
    outer loop
      vertex -2.187500e-001 -7.812500e-002  0.000000e+000
      vertex -1.775619e-001 -1.775619e-001  0.000000e+000
      vertex -1.950504e-001 -1.562521e-001  0.000000e+000
    endloop
  endfacet
  facet normal  0.000000e+000  0.000000e+000 -1.000000e+000
    outer loop
      vertex -2.187500e-001 -7.812500e-002  0.000000e+000
      vertex -1.950504e-001 -1.562521e-001  0.000000e+000
      vertex -2.080456e-001 -1.319399e-001  0.000000e+000
    endloop
  endfacet
  facet normal  0.000000e+000  0.000000e+000 -1.000000e+000
    outer loop
      vertex -2.187500e-001 -7.812500e-002  0.000000e+000
      vertex -2.080456e-001 -1.319399e-001  0.000000e+000
      vertex -2.160479e-001 -1.055596e-001  0.000000e+000
    endloop
  endfacet
  facet normal -1.000000e+000  0.000000e+000  0.000000e+000
    outer loop
      vertex -2.187500e-001  2.265625e-001  0.000000e+000
      vertex -2.187500e-001 -7.812500e-002  0.000000e+000
      vertex -2.187500e-001  2.265625e-001  7.343750e-001
    endloop
  endfacet
  facet normal -1.000000e+000  -0.000000e+000  0.000000e+000
    outer loop
      vertex -2.187500e-001  2.265625e-001  7.343750e-001
      vertex -2.187500e-001 -7.812500e-002  0.000000e+000
      vertex -2.187500e-001 -7.812500e-002  7.343750e-001
    endloop
  endfacet
  facet normal  0.000000e+000 -1.000000e+000  0.000000e+000
    outer loop
      vertex -7.812500e-002 -2.187500e-001  0.000000e+000
      vertex  2.265625e-001 -2.187500e-001  0.000000e+000
      vertex -7.812500e-002 -2.187500e-001  7.343750e-001
    endloop
  endfacet
  facet normal  0.000000e+000 -1.000000e+000  0.000000e+000
    outer loop
      vertex -7.812500e-002 -2.187500e-001  7.343750e-001
      vertex  2.265625e-001 -2.187500e-001  0.000000e+000
      vertex  2.265625e-001 -2.187500e-001  7.343750e-001
    endloop
  endfacet
  facet normal -9.801721e-002 -9.951847e-001  -0.000000e+000
    outer loop
      vertex -7.812500e-002 -2.187500e-001  0.000000e+000
      vertex -7.812500e-002 -2.187500e-001  7.343750e-001
      vertex -1.055596e-001 -2.160479e-001  0.000000e+000
    endloop
  endfacet
  facet normal -9.801721e-002 -9.951847e-001  0.000000e+000
    outer loop
      vertex -1.055596e-001 -2.160479e-001  0.000000e+000
      vertex -7.812500e-002 -2.187500e-001  7.343750e-001
      vertex -1.055596e-001 -2.160479e-001  7.343750e-001
    endloop
  endfacet
  facet normal -2.902847e-001 -9.569403e-001  -0.000000e+000
    outer loop
      vertex -1.055596e-001 -2.160479e-001  0.000000e+000
      vertex -1.055596e-001 -2.160479e-001  7.343750e-001
      vertex -1.319399e-001 -2.080456e-001  0.000000e+000
    endloop
  endfacet
  facet normal -2.902847e-001 -9.569403e-001  0.000000e+000
    outer loop
      vertex -1.319399e-001 -2.080456e-001  0.000000e+000
      vertex -1.055596e-001 -2.160479e-001  7.343750e-001
      vertex -1.319399e-001 -2.080456e-001  7.343750e-001
    endloop
  endfacet
  facet normal -4.713965e-001 -8.819214e-001  -0.000000e+000
    outer loop
      vertex -1.319399e-001 -2.080456e-001  0.000000e+000
      vertex -1.319399e-001 -2.080456e-001  7.343750e-001
      vertex -1.562521e-001 -1.950504e-001  0.000000e+000
    endloop
  endfacet
  facet normal -4.713965e-001 -8.819214e-001  0.000000e+000
    outer loop
      vertex -1.562521e-001 -1.950504e-001  0.000000e+000
      vertex -1.319399e-001 -2.080456e-001  7.343750e-001
      vertex -1.562521e-001 -1.950504e-001  7.343750e-001
    endloop
  endfacet
  facet normal -6.343933e-001 -7.730103e-001  -0.000000e+000
    outer loop
      vertex -1.562521e-001 -1.950504e-001  0.000000e+000
      vertex -1.562521e-001 -1.950504e-001  7.343750e-001
      vertex -1.775619e-001 -1.775619e-001  0.000000e+000
    endloop
  endfacet
  facet normal -6.343933e-001 -7.730103e-001  0.000000e+000
    outer loop
      vertex -1.775619e-001 -1.775619e-001  0.000000e+000
      vertex -1.562521e-001 -1.950504e-001  7.343750e-001
      vertex -1.775619e-001 -1.775619e-001  7.343750e-001
    endloop
  endfacet
  facet normal -7.730103e-001 -6.343933e-001  -0.000000e+000
    outer loop
      vertex -1.775619e-001 -1.775619e-001  0.000000e+000
      vertex -1.775619e-001 -1.775619e-001  7.343750e-001
      vertex -1.950504e-001 -1.562521e-001  0.000000e+000
    endloop
  endfacet
  facet normal -7.730103e-001 -6.343933e-001  0.000000e+000
    outer loop
      vertex -1.950504e-001 -1.562521e-001  0.000000e+000
      vertex -1.775619e-001 -1.775619e-001  7.343750e-001
      vertex -1.950504e-001 -1.562521e-001  7.343750e-001
    endloop
  endfacet
  facet normal -8.819214e-001 -4.713965e-001  -0.000000e+000
    outer loop
      vertex -1.950504e-001 -1.562521e-001  0.000000e+000
      vertex -1.950504e-001 -1.562521e-001  7.343750e-001
      vertex -2.080456e-001 -1.319399e-001  0.000000e+000
    endloop
  endfacet
  facet normal -8.819214e-001 -4.713965e-001  0.000000e+000
    outer loop
      vertex -2.080456e-001 -1.319399e-001  0.000000e+000
      vertex -1.950504e-001 -1.562521e-001  7.343750e-001
      vertex -2.080456e-001 -1.319399e-001  7.343750e-001
    endloop
  endfacet
  facet normal -9.569403e-001 -2.902847e-001  -0.000000e+000
    outer loop
      vertex -2.080456e-001 -1.319399e-001  0.000000e+000
      vertex -2.080456e-001 -1.319399e-001  7.343750e-001
      vertex -2.160479e-001 -1.055596e-001  0.000000e+000
    endloop
  endfacet
  facet normal -9.569403e-001 -2.902847e-001  0.000000e+000
    outer loop
      vertex -2.160479e-001 -1.055596e-001  0.000000e+000
      vertex -2.080456e-001 -1.319399e-001  7.343750e-001
      vertex -2.160479e-001 -1.055596e-001  7.343750e-001
    endloop
  endfacet
  facet normal -9.951847e-001 -9.801721e-002  -0.000000e+000
    outer loop
      vertex -2.160479e-001 -1.055596e-001  0.000000e+000
      vertex -2.160479e-001 -1.055596e-001  7.343750e-001
      vertex -2.187500e-001 -7.812500e-002  0.000000e+000
    endloop
  endfacet
  facet normal -9.951847e-001 -9.801721e-002  0.000000e+000
    outer loop
      vertex -2.187500e-001 -7.812500e-002  0.000000e+000
      vertex -2.160479e-001 -1.055596e-001  7.343750e-001
      vertex -2.187500e-001 -7.812500e-002  7.343750e-001
    endloop
  endfacet
  facet normal  0.000000e+000  1.000000e+000  0.000000e+000
    outer loop
      vertex  2.265625e-001  2.265625e-001  0.000000e+000
      vertex -2.187500e-001  2.265625e-001  0.000000e+000
      vertex  2.265625e-001  2.265625e-001  7.343750e-001
    endloop
  endfacet
  facet normal  0.000000e+000  1.000000e+000  0.000000e+000
    outer loop
      vertex  2.265625e-001  2.265625e-001  7.343750e-001
      vertex -2.187500e-001  2.265625e-001  0.000000e+000
      vertex -2.187500e-001  2.265625e-001  7.343750e-001
    endloop
  endfacet
  facet normal  1.000000e+000  0.000000e+000  0.000000e+000
    outer loop
      vertex  2.265625e-001 -2.187500e-001  0.000000e+000
      vertex  2.265625e-001  2.265625e-001  0.000000e+000
      vertex  2.265625e-001 -2.187500e-001  7.343750e-001
    endloop
  endfacet
  facet normal  1.000000e+000  -0.000000e+000  0.000000e+000
    outer loop
      vertex  2.265625e-001 -2.187500e-001  7.343750e-001
      vertex  2.265625e-001  2.265625e-001  0.000000e+000
      vertex  2.265625e-001  2.265625e-001  7.343750e-001
    endloop
  endfacet
endsolid CATIA STL
