solid CATIA STL
  facet normal  0.000000e+000 -1.000000e+000  0.000000e+000
    outer loop
      vertex  8.132420e-018 -1.484375e-001  1.328125e-001
      vertex  2.551955e-003 -1.484375e-001  1.069021e-001
      vertex  1.010975e-002 -1.484375e-001  8.198736e-002
    endloop
  endfacet
  facet normal  0.000000e+000 -1.000000e+000  0.000000e+000
    outer loop
      vertex  8.132420e-018 -1.484375e-001  1.328125e-001
      vertex  1.010975e-002 -1.484375e-001  8.198736e-002
      vertex  2.238294e-002 -1.484375e-001  5.902583e-002
    endloop
  endfacet
  facet normal  0.000000e+000 -1.000000e+000  0.000000e+000
    outer loop
      vertex  8.132420e-018 -1.484375e-001  1.328125e-001
      vertex  2.238294e-002 -1.484375e-001  5.902583e-002
      vertex  3.889988e-002 -1.484375e-001  3.889988e-002
    endloop
  endfacet
  facet normal  0.000000e+000 -1.000000e+000  0.000000e+000
    outer loop
      vertex  8.132420e-018 -1.484375e-001  1.328125e-001
      vertex  3.889988e-002 -1.484375e-001  3.889988e-002
      vertex  5.902583e-002 -1.484375e-001  2.238294e-002
    endloop
  endfacet
  facet normal  0.000000e+000 -9.999999e-001  0.000000e+000
    outer loop
      vertex  8.132420e-018 -1.484375e-001  1.328125e-001
      vertex  5.902583e-002 -1.484375e-001  2.238294e-002
      vertex  8.198736e-002 -1.484375e-001  1.010975e-002
    endloop
  endfacet
  facet normal  0.000000e+000 -1.000000e+000  0.000000e+000
    outer loop
      vertex  8.132420e-018 -1.484375e-001  1.328125e-001
      vertex  8.198736e-002 -1.484375e-001  1.010975e-002
      vertex  1.069021e-001 -1.484375e-001  2.551955e-003
    endloop
  endfacet
  facet normal  0.000000e+000 -9.999999e-001  0.000000e+000
    outer loop
      vertex  8.132420e-018 -1.484375e-001  1.328125e-001
      vertex  1.069021e-001 -1.484375e-001  2.551955e-003
      vertex  1.328125e-001 -1.484375e-001 -8.132420e-018
    endloop
  endfacet
  facet normal  0.000000e+000 -1.000000e+000  0.000000e+000
    outer loop
      vertex  8.132420e-018 -1.484375e-001  1.328125e-001
      vertex  1.328125e-001 -1.484375e-001 -8.132420e-018
      vertex  7.500000e-001 -1.484375e-001 -4.592425e-017
    endloop
  endfacet
  facet normal  0.000000e+000 -1.000000e+000  0.000000e+000
    outer loop
      vertex  8.132420e-018 -1.484375e-001  1.328125e-001
      vertex  7.500000e-001 -1.484375e-001 -4.592425e-017
      vertex  7.500000e-001 -1.484375e-001  7.500000e-001
    endloop
  endfacet
  facet normal  -0.000000e+000 -9.999999e-001  0.000000e+000
    outer loop
      vertex  8.132420e-018 -1.484375e-001  1.328125e-001
      vertex  7.500000e-001 -1.484375e-001  7.500000e-001
      vertex  4.592425e-017 -1.484375e-001  7.500000e-001
    endloop
  endfacet
  facet normal  -0.000000e+000  9.999999e-001  0.000000e+000
    outer loop
      vertex  8.132420e-018  0.000000e+000  1.328125e-001
      vertex  4.592425e-017  0.000000e+000  7.500000e-001
      vertex  7.500000e-001  0.000000e+000  7.500000e-001
    endloop
  endfacet
  facet normal  0.000000e+000  1.000000e+000  0.000000e+000
    outer loop
      vertex  8.132420e-018  0.000000e+000  1.328125e-001
      vertex  7.500000e-001  0.000000e+000  7.500000e-001
      vertex  7.500000e-001  0.000000e+000 -4.592425e-017
    endloop
  endfacet
  facet normal  0.000000e+000  1.000000e+000  0.000000e+000
    outer loop
      vertex  8.132420e-018  0.000000e+000  1.328125e-001
      vertex  7.500000e-001  0.000000e+000 -4.592425e-017
      vertex  1.328125e-001  0.000000e+000 -8.132420e-018
    endloop
  endfacet
  facet normal  0.000000e+000  9.999999e-001  0.000000e+000
    outer loop
      vertex  8.132420e-018  0.000000e+000  1.328125e-001
      vertex  1.328125e-001  0.000000e+000 -8.132420e-018
      vertex  1.069021e-001  0.000000e+000  2.551955e-003
    endloop
  endfacet
  facet normal  0.000000e+000  1.000000e+000  0.000000e+000
    outer loop
      vertex  8.132420e-018  0.000000e+000  1.328125e-001
      vertex  1.069021e-001  0.000000e+000  2.551955e-003
      vertex  8.198736e-002  0.000000e+000  1.010975e-002
    endloop
  endfacet
  facet normal  0.000000e+000  9.999999e-001  0.000000e+000
    outer loop
      vertex  8.132420e-018  0.000000e+000  1.328125e-001
      vertex  8.198736e-002  0.000000e+000  1.010975e-002
      vertex  5.902583e-002  0.000000e+000  2.238294e-002
    endloop
  endfacet
  facet normal  0.000000e+000  1.000000e+000  0.000000e+000
    outer loop
      vertex  8.132420e-018  0.000000e+000  1.328125e-001
      vertex  5.902583e-002  0.000000e+000  2.238294e-002
      vertex  3.889988e-002  0.000000e+000  3.889988e-002
    endloop
  endfacet
  facet normal  0.000000e+000  1.000000e+000  0.000000e+000
    outer loop
      vertex  8.132420e-018  0.000000e+000  1.328125e-001
      vertex  3.889988e-002  0.000000e+000  3.889988e-002
      vertex  2.238294e-002  0.000000e+000  5.902583e-002
    endloop
  endfacet
  facet normal  0.000000e+000  9.999999e-001  0.000000e+000
    outer loop
      vertex  8.132420e-018  0.000000e+000  1.328125e-001
      vertex  2.238294e-002  0.000000e+000  5.902583e-002
      vertex  1.010975e-002  0.000000e+000  8.198736e-002
    endloop
  endfacet
  facet normal  0.000000e+000  1.000000e+000  0.000000e+000
    outer loop
      vertex  8.132420e-018  0.000000e+000  1.328125e-001
      vertex  1.010975e-002  0.000000e+000  8.198736e-002
      vertex  2.551955e-003  0.000000e+000  1.069021e-001
    endloop
  endfacet
  facet normal -1.000000e+000  0.000000e+000  6.123234e-017
    outer loop
      vertex  4.592425e-017 -1.484375e-001  7.500000e-001
      vertex  4.592425e-017  0.000000e+000  7.500000e-001
      vertex  8.132420e-018 -1.484375e-001  1.328125e-001
    endloop
  endfacet
  facet normal -1.000000e+000  0.000000e+000  6.123234e-017
    outer loop
      vertex  8.132420e-018 -1.484375e-001  1.328125e-001
      vertex  4.592425e-017  0.000000e+000  7.500000e-001
      vertex  8.132420e-018  0.000000e+000  1.328125e-001
    endloop
  endfacet
  facet normal -6.123234e-017  -0.000000e+000 -1.000000e+000
    outer loop
      vertex  1.328125e-001 -1.484375e-001 -8.132420e-018
      vertex  1.328125e-001  0.000000e+000 -8.132420e-018
      vertex  7.500000e-001 -1.484375e-001 -4.592425e-017
    endloop
  endfacet
  facet normal -6.123234e-017  0.000000e+000 -1.000000e+000
    outer loop
      vertex  7.500000e-001 -1.484375e-001 -4.592425e-017
      vertex  1.328125e-001  0.000000e+000 -8.132420e-018
      vertex  7.500000e-001  0.000000e+000 -4.592425e-017
    endloop
  endfacet
  facet normal -9.801713e-002  0.000000e+000 -9.951847e-001
    outer loop
      vertex  1.328125e-001  0.000000e+000 -8.132420e-018
      vertex  1.328125e-001 -1.484375e-001 -8.132420e-018
      vertex  1.069021e-001  0.000000e+000  2.551955e-003
    endloop
  endfacet
  facet normal -9.801713e-002  -0.000000e+000 -9.951847e-001
    outer loop
      vertex  1.069021e-001  0.000000e+000  2.551955e-003
      vertex  1.328125e-001 -1.484375e-001 -8.132420e-018
      vertex  1.069021e-001 -1.484375e-001  2.551955e-003
    endloop
  endfacet
  facet normal -2.902847e-001  0.000000e+000 -9.569403e-001
    outer loop
      vertex  1.069021e-001  0.000000e+000  2.551955e-003
      vertex  1.069021e-001 -1.484375e-001  2.551955e-003
      vertex  8.198736e-002  0.000000e+000  1.010975e-002
    endloop
  endfacet
  facet normal -2.902847e-001  -0.000000e+000 -9.569403e-001
    outer loop
      vertex  8.198736e-002  0.000000e+000  1.010975e-002
      vertex  1.069021e-001 -1.484375e-001  2.551955e-003
      vertex  8.198736e-002 -1.484375e-001  1.010975e-002
    endloop
  endfacet
  facet normal -4.713967e-001  0.000000e+000 -8.819213e-001
    outer loop
      vertex  8.198736e-002  0.000000e+000  1.010975e-002
      vertex  8.198736e-002 -1.484375e-001  1.010975e-002
      vertex  5.902583e-002  0.000000e+000  2.238294e-002
    endloop
  endfacet
  facet normal -4.713967e-001  -0.000000e+000 -8.819213e-001
    outer loop
      vertex  5.902583e-002  0.000000e+000  2.238294e-002
      vertex  8.198736e-002 -1.484375e-001  1.010975e-002
      vertex  5.902583e-002 -1.484375e-001  2.238294e-002
    endloop
  endfacet
  facet normal -6.343933e-001  0.000000e+000 -7.730105e-001
    outer loop
      vertex  5.902583e-002  0.000000e+000  2.238294e-002
      vertex  5.902583e-002 -1.484375e-001  2.238294e-002
      vertex  3.889988e-002  0.000000e+000  3.889988e-002
    endloop
  endfacet
  facet normal -6.343933e-001  -0.000000e+000 -7.730105e-001
    outer loop
      vertex  3.889988e-002  0.000000e+000  3.889988e-002
      vertex  5.902583e-002 -1.484375e-001  2.238294e-002
      vertex  3.889988e-002 -1.484375e-001  3.889988e-002
    endloop
  endfacet
  facet normal -7.730105e-001  0.000000e+000 -6.343933e-001
    outer loop
      vertex  3.889988e-002  0.000000e+000  3.889988e-002
      vertex  3.889988e-002 -1.484375e-001  3.889988e-002
      vertex  2.238294e-002  0.000000e+000  5.902583e-002
    endloop
  endfacet
  facet normal -7.730105e-001  -0.000000e+000 -6.343933e-001
    outer loop
      vertex  2.238294e-002  0.000000e+000  5.902583e-002
      vertex  3.889988e-002 -1.484375e-001  3.889988e-002
      vertex  2.238294e-002 -1.484375e-001  5.902583e-002
    endloop
  endfacet
  facet normal -8.819213e-001  0.000000e+000 -4.713967e-001
    outer loop
      vertex  2.238294e-002  0.000000e+000  5.902583e-002
      vertex  2.238294e-002 -1.484375e-001  5.902583e-002
      vertex  1.010975e-002  0.000000e+000  8.198736e-002
    endloop
  endfacet
  facet normal -8.819213e-001  -0.000000e+000 -4.713967e-001
    outer loop
      vertex  1.010975e-002  0.000000e+000  8.198736e-002
      vertex  2.238294e-002 -1.484375e-001  5.902583e-002
      vertex  1.010975e-002 -1.484375e-001  8.198736e-002
    endloop
  endfacet
  facet normal -9.569403e-001  0.000000e+000 -2.902847e-001
    outer loop
      vertex  1.010975e-002  0.000000e+000  8.198736e-002
      vertex  1.010975e-002 -1.484375e-001  8.198736e-002
      vertex  2.551955e-003  0.000000e+000  1.069021e-001
    endloop
  endfacet
  facet normal -9.569403e-001  -0.000000e+000 -2.902847e-001
    outer loop
      vertex  2.551955e-003  0.000000e+000  1.069021e-001
      vertex  1.010975e-002 -1.484375e-001  8.198736e-002
      vertex  2.551955e-003 -1.484375e-001  1.069021e-001
    endloop
  endfacet
  facet normal -9.951847e-001  0.000000e+000 -9.801713e-002
    outer loop
      vertex  2.551955e-003  0.000000e+000  1.069021e-001
      vertex  2.551955e-003 -1.484375e-001  1.069021e-001
      vertex  8.132420e-018  0.000000e+000  1.328125e-001
    endloop
  endfacet
  facet normal -9.951847e-001  -0.000000e+000 -9.801713e-002
    outer loop
      vertex  8.132420e-018  0.000000e+000  1.328125e-001
      vertex  2.551955e-003 -1.484375e-001  1.069021e-001
      vertex  8.132420e-018 -1.484375e-001  1.328125e-001
    endloop
  endfacet
  facet normal  0.000000e+000  0.000000e+000  1.000000e+000
    outer loop
      vertex  7.500000e-001 -1.484375e-001  7.500000e-001
      vertex  7.500000e-001  0.000000e+000  7.500000e-001
      vertex  4.592425e-017 -1.484375e-001  7.500000e-001
    endloop
  endfacet
  facet normal  0.000000e+000  0.000000e+000  1.000000e+000
    outer loop
      vertex  4.592425e-017 -1.484375e-001  7.500000e-001
      vertex  7.500000e-001  0.000000e+000  7.500000e-001
      vertex  4.592425e-017  0.000000e+000  7.500000e-001
    endloop
  endfacet
  facet normal  1.000000e+000  0.000000e+000  0.000000e+000
    outer loop
      vertex  7.500000e-001 -1.484375e-001 -4.592425e-017
      vertex  7.500000e-001  0.000000e+000 -4.592425e-017
      vertex  7.500000e-001 -1.484375e-001  7.500000e-001
    endloop
  endfacet
  facet normal  1.000000e+000  -0.000000e+000  0.000000e+000
    outer loop
      vertex  7.500000e-001 -1.484375e-001  7.500000e-001
      vertex  7.500000e-001  0.000000e+000 -4.592425e-017
      vertex  7.500000e-001  0.000000e+000  7.500000e-001
    endloop
  endfacet
endsolid CATIA STL
