solid CATIA STL
  facet normal -1.000000e+000  -0.000000e+000  -0.000000e+000
    outer loop
      vertex -7.500000e-001  1.171875e-001  2.187500e-001
      vertex -7.500000e-001  4.194079e-001  2.187500e-001
      vertex -7.500000e-001  4.194079e-001  0.000000e+000
    endloop
  endfacet
  facet normal -1.000000e+000  0.000000e+000  0.000000e+000
    outer loop
      vertex -7.500000e-001  1.171875e-001  2.187500e-001
      vertex -7.500000e-001  4.194079e-001  0.000000e+000
      vertex -7.500000e-001  1.015625e-001  0.000000e+000
    endloop
  endfacet
  facet normal -9.999999e-001  0.000000e+000  0.000000e+000
    outer loop
      vertex -7.500000e-001  1.171875e-001  2.187500e-001
      vertex -7.500000e-001  1.015625e-001  0.000000e+000
      vertex -7.500000e-001  8.174864e-002  1.951495e-003
    endloop
  endfacet
  facet normal -1.000000e+000  0.000000e+000  0.000000e+000
    outer loop
      vertex -7.500000e-001  1.171875e-001  2.187500e-001
      vertex -7.500000e-001  8.174864e-002  1.951495e-003
      vertex -7.500000e-001  6.269621e-002  7.730985e-003
    endloop
  endfacet
  facet normal -1.000000e+000  0.000000e+000  0.000000e+000
    outer loop
      vertex -7.500000e-001  1.171875e-001  2.187500e-001
      vertex -7.500000e-001  6.269621e-002  7.730985e-003
      vertex -7.500000e-001  4.513740e-002  1.711637e-002
    endloop
  endfacet
  facet normal -1.000000e+000  0.000000e+000  0.000000e+000
    outer loop
      vertex -7.500000e-001  1.171875e-001  2.187500e-001
      vertex -7.500000e-001  4.513740e-002  1.711637e-002
      vertex -7.500000e-001  2.974697e-002  2.974697e-002
    endloop
  endfacet
  facet normal -1.000000e+000  0.000000e+000  0.000000e+000
    outer loop
      vertex -7.500000e-001  1.171875e-001  2.187500e-001
      vertex -7.500000e-001  2.974697e-002  2.974697e-002
      vertex -7.500000e-001  1.711637e-002  4.513740e-002
    endloop
  endfacet
  facet normal -1.000000e+000  0.000000e+000  0.000000e+000
    outer loop
      vertex -7.500000e-001  1.171875e-001  2.187500e-001
      vertex -7.500000e-001  1.711637e-002  4.513740e-002
      vertex -7.500000e-001  7.730985e-003  6.269621e-002
    endloop
  endfacet
  facet normal -1.000000e+000  0.000000e+000  0.000000e+000
    outer loop
      vertex -7.500000e-001  1.171875e-001  2.187500e-001
      vertex -7.500000e-001  7.730985e-003  6.269621e-002
      vertex -7.500000e-001  1.951495e-003  8.174864e-002
    endloop
  endfacet
  facet normal -1.000000e+000  0.000000e+000  0.000000e+000
    outer loop
      vertex -7.500000e-001  1.171875e-001  2.187500e-001
      vertex -7.500000e-001  1.951495e-003  8.174864e-002
      vertex -7.500000e-001  0.000000e+000  1.015625e-001
    endloop
  endfacet
  facet normal -1.000000e+000  0.000000e+000  0.000000e+000
    outer loop
      vertex -7.500000e-001  1.171875e-001  2.187500e-001
      vertex -7.500000e-001  0.000000e+000  1.015625e-001
      vertex -7.500000e-001  0.000000e+000  1.093750e-001
    endloop
  endfacet
  facet normal  -0.000000e+000  0.000000e+000  1.000000e+000
    outer loop
      vertex  0.000000e+000  5.131579e-001  2.187500e-001
      vertex -6.562500e-001  5.131579e-001  2.187500e-001
      vertex -6.745397e-001  5.113565e-001  2.187500e-001
    endloop
  endfacet
  facet normal  -0.000000e+000  0.000000e+000  1.000000e+000
    outer loop
      vertex  0.000000e+000  5.131579e-001  2.187500e-001
      vertex -6.745397e-001  5.113565e-001  2.187500e-001
      vertex -6.921266e-001  5.060216e-001  2.187500e-001
    endloop
  endfacet
  facet normal  -0.000000e+000  0.000000e+000  1.000000e+000
    outer loop
      vertex  0.000000e+000  5.131579e-001  2.187500e-001
      vertex -6.921266e-001  5.060216e-001  2.187500e-001
      vertex -7.083347e-001  4.973582e-001  2.187500e-001
    endloop
  endfacet
  facet normal  -0.000000e+000  0.000000e+000  1.000000e+000
    outer loop
      vertex  0.000000e+000  5.131579e-001  2.187500e-001
      vertex -7.083347e-001  4.973582e-001  2.187500e-001
      vertex -7.225413e-001  4.856991e-001  2.187500e-001
    endloop
  endfacet
  facet normal  -0.000000e+000  0.000000e+000  1.000000e+000
    outer loop
      vertex  0.000000e+000  5.131579e-001  2.187500e-001
      vertex -7.225413e-001  4.856991e-001  2.187500e-001
      vertex -7.342003e-001  4.714926e-001  2.187500e-001
    endloop
  endfacet
  facet normal  -0.000000e+000  0.000000e+000  9.999999e-001
    outer loop
      vertex  0.000000e+000  5.131579e-001  2.187500e-001
      vertex -7.342003e-001  4.714926e-001  2.187500e-001
      vertex -7.428637e-001  4.552845e-001  2.187500e-001
    endloop
  endfacet
  facet normal  -0.000000e+000  0.000000e+000  1.000000e+000
    outer loop
      vertex  0.000000e+000  5.131579e-001  2.187500e-001
      vertex -7.428637e-001  4.552845e-001  2.187500e-001
      vertex -7.481986e-001  4.376976e-001  2.187500e-001
    endloop
  endfacet
  facet normal  -0.000000e+000  0.000000e+000  1.000000e+000
    outer loop
      vertex  0.000000e+000  5.131579e-001  2.187500e-001
      vertex -7.481986e-001  4.376976e-001  2.187500e-001
      vertex -7.500000e-001  4.194079e-001  2.187500e-001
    endloop
  endfacet
  facet normal  -0.000000e+000  0.000000e+000  1.000000e+000
    outer loop
      vertex  0.000000e+000  5.131579e-001  2.187500e-001
      vertex -7.500000e-001  4.194079e-001  2.187500e-001
      vertex -7.500000e-001  1.171875e-001  2.187500e-001
    endloop
  endfacet
  facet normal  0.000000e+000  0.000000e+000  1.000000e+000
    outer loop
      vertex  0.000000e+000  5.131579e-001  2.187500e-001
      vertex -7.500000e-001  1.171875e-001  2.187500e-001
      vertex  0.000000e+000  1.171875e-001  2.187500e-001
    endloop
  endfacet
  facet normal  0.000000e+000  0.000000e+000 -1.000000e+000
    outer loop
      vertex  0.000000e+000  5.131579e-001  0.000000e+000
      vertex  0.000000e+000  1.015625e-001  0.000000e+000
      vertex -7.500000e-001  1.015625e-001  0.000000e+000
    endloop
  endfacet
  facet normal  0.000000e+000  0.000000e+000 -1.000000e+000
    outer loop
      vertex  0.000000e+000  5.131579e-001  0.000000e+000
      vertex -7.500000e-001  1.015625e-001  0.000000e+000
      vertex -7.500000e-001  4.194079e-001  0.000000e+000
    endloop
  endfacet
  facet normal  0.000000e+000  0.000000e+000 -1.000000e+000
    outer loop
      vertex  0.000000e+000  5.131579e-001  0.000000e+000
      vertex -7.500000e-001  4.194079e-001  0.000000e+000
      vertex -7.481986e-001  4.376976e-001  0.000000e+000
    endloop
  endfacet
  facet normal  0.000000e+000  0.000000e+000 -1.000000e+000
    outer loop
      vertex  0.000000e+000  5.131579e-001  0.000000e+000
      vertex -7.481986e-001  4.376976e-001  0.000000e+000
      vertex -7.428637e-001  4.552845e-001  0.000000e+000
    endloop
  endfacet
  facet normal  0.000000e+000  0.000000e+000 -9.999999e-001
    outer loop
      vertex  0.000000e+000  5.131579e-001  0.000000e+000
      vertex -7.428637e-001  4.552845e-001  0.000000e+000
      vertex -7.342003e-001  4.714926e-001  0.000000e+000
    endloop
  endfacet
  facet normal  0.000000e+000  0.000000e+000 -1.000000e+000
    outer loop
      vertex  0.000000e+000  5.131579e-001  0.000000e+000
      vertex -7.342003e-001  4.714926e-001  0.000000e+000
      vertex -7.225413e-001  4.856991e-001  0.000000e+000
    endloop
  endfacet
  facet normal  0.000000e+000  0.000000e+000 -1.000000e+000
    outer loop
      vertex  0.000000e+000  5.131579e-001  0.000000e+000
      vertex -7.225413e-001  4.856991e-001  0.000000e+000
      vertex -7.083347e-001  4.973582e-001  0.000000e+000
    endloop
  endfacet
  facet normal  0.000000e+000  0.000000e+000 -1.000000e+000
    outer loop
      vertex  0.000000e+000  5.131579e-001  0.000000e+000
      vertex -7.083347e-001  4.973582e-001  0.000000e+000
      vertex -6.921266e-001  5.060216e-001  0.000000e+000
    endloop
  endfacet
  facet normal  0.000000e+000  0.000000e+000 -1.000000e+000
    outer loop
      vertex  0.000000e+000  5.131579e-001  0.000000e+000
      vertex -6.921266e-001  5.060216e-001  0.000000e+000
      vertex -6.745397e-001  5.113565e-001  0.000000e+000
    endloop
  endfacet
  facet normal  0.000000e+000  0.000000e+000 -1.000000e+000
    outer loop
      vertex  0.000000e+000  5.131579e-001  0.000000e+000
      vertex -6.745397e-001  5.113565e-001  0.000000e+000
      vertex -6.562500e-001  5.131579e-001  0.000000e+000
    endloop
  endfacet
  facet normal  0.000000e+000  1.000000e+000  -0.000000e+000
    outer loop
      vertex  0.000000e+000  5.131579e-001  2.187500e-001
      vertex  0.000000e+000  5.131579e-001  0.000000e+000
      vertex -6.562500e-001  5.131579e-001  2.187500e-001
    endloop
  endfacet
  facet normal  0.000000e+000  1.000000e+000  0.000000e+000
    outer loop
      vertex -6.562500e-001  5.131579e-001  2.187500e-001
      vertex  0.000000e+000  5.131579e-001  0.000000e+000
      vertex -6.562500e-001  5.131579e-001  0.000000e+000
    endloop
  endfacet
  facet normal -9.951847e-001  9.801670e-002  0.000000e+000
    outer loop
      vertex -7.500000e-001  4.194079e-001  0.000000e+000
      vertex -7.500000e-001  4.194079e-001  2.187500e-001
      vertex -7.481986e-001  4.376976e-001  0.000000e+000
    endloop
  endfacet
  facet normal -9.951847e-001  9.801670e-002  0.000000e+000
    outer loop
      vertex -7.481986e-001  4.376976e-001  0.000000e+000
      vertex -7.500000e-001  4.194079e-001  2.187500e-001
      vertex -7.481986e-001  4.376976e-001  2.187500e-001
    endloop
  endfacet
  facet normal -9.569403e-001  2.902846e-001  0.000000e+000
    outer loop
      vertex -7.481986e-001  4.376976e-001  0.000000e+000
      vertex -7.481986e-001  4.376976e-001  2.187500e-001
      vertex -7.428637e-001  4.552845e-001  0.000000e+000
    endloop
  endfacet
  facet normal -9.569403e-001  2.902846e-001  0.000000e+000
    outer loop
      vertex -7.428637e-001  4.552845e-001  0.000000e+000
      vertex -7.481986e-001  4.376976e-001  2.187500e-001
      vertex -7.428637e-001  4.552845e-001  2.187500e-001
    endloop
  endfacet
  facet normal -8.819216e-001  4.713960e-001  0.000000e+000
    outer loop
      vertex -7.428637e-001  4.552845e-001  0.000000e+000
      vertex -7.428637e-001  4.552845e-001  2.187500e-001
      vertex -7.342003e-001  4.714926e-001  0.000000e+000
    endloop
  endfacet
  facet normal -8.819216e-001  4.713960e-001  0.000000e+000
    outer loop
      vertex -7.342003e-001  4.714926e-001  0.000000e+000
      vertex -7.428637e-001  4.552845e-001  2.187500e-001
      vertex -7.342003e-001  4.714926e-001  2.187500e-001
    endloop
  endfacet
  facet normal -7.730097e-001  6.343943e-001  0.000000e+000
    outer loop
      vertex -7.342003e-001  4.714926e-001  0.000000e+000
      vertex -7.342003e-001  4.714926e-001  2.187500e-001
      vertex -7.225413e-001  4.856991e-001  0.000000e+000
    endloop
  endfacet
  facet normal -7.730097e-001  6.343943e-001  0.000000e+000
    outer loop
      vertex -7.225413e-001  4.856991e-001  0.000000e+000
      vertex -7.342003e-001  4.714926e-001  2.187500e-001
      vertex -7.225413e-001  4.856991e-001  2.187500e-001
    endloop
  endfacet
  facet normal -6.343926e-001  7.730110e-001  0.000000e+000
    outer loop
      vertex -7.225413e-001  4.856991e-001  0.000000e+000
      vertex -7.225413e-001  4.856991e-001  2.187500e-001
      vertex -7.083347e-001  4.973582e-001  0.000000e+000
    endloop
  endfacet
  facet normal -6.343926e-001  7.730110e-001  0.000000e+000
    outer loop
      vertex -7.083347e-001  4.973582e-001  0.000000e+000
      vertex -7.225413e-001  4.856991e-001  2.187500e-001
      vertex -7.083347e-001  4.973582e-001  2.187500e-001
    endloop
  endfacet
  facet normal -4.713980e-001  8.819206e-001  0.000000e+000
    outer loop
      vertex -7.083347e-001  4.973582e-001  0.000000e+000
      vertex -7.083347e-001  4.973582e-001  2.187500e-001
      vertex -6.921266e-001  5.060216e-001  0.000000e+000
    endloop
  endfacet
  facet normal -4.713980e-001  8.819206e-001  0.000000e+000
    outer loop
      vertex -6.921266e-001  5.060216e-001  0.000000e+000
      vertex -7.083347e-001  4.973582e-001  2.187500e-001
      vertex -6.921266e-001  5.060216e-001  2.187500e-001
    endloop
  endfacet
  facet normal -2.902851e-001  9.569401e-001  0.000000e+000
    outer loop
      vertex -6.921266e-001  5.060216e-001  0.000000e+000
      vertex -6.921266e-001  5.060216e-001  2.187500e-001
      vertex -6.745397e-001  5.113565e-001  0.000000e+000
    endloop
  endfacet
  facet normal -2.902851e-001  9.569401e-001  0.000000e+000
    outer loop
      vertex -6.745397e-001  5.113565e-001  0.000000e+000
      vertex -6.921266e-001  5.060216e-001  2.187500e-001
      vertex -6.745397e-001  5.113565e-001  2.187500e-001
    endloop
  endfacet
  facet normal -9.801655e-002  9.951848e-001  0.000000e+000
    outer loop
      vertex -6.745397e-001  5.113565e-001  0.000000e+000
      vertex -6.745397e-001  5.113565e-001  2.187500e-001
      vertex -6.562500e-001  5.131579e-001  0.000000e+000
    endloop
  endfacet
  facet normal -9.801655e-002  9.951848e-001  0.000000e+000
    outer loop
      vertex -6.562500e-001  5.131579e-001  0.000000e+000
      vertex -6.745397e-001  5.113565e-001  2.187500e-001
      vertex -6.562500e-001  5.131579e-001  2.187500e-001
    endloop
  endfacet
  facet normal  1.000000e+000  -0.000000e+000  0.000000e+000
    outer loop
      vertex  0.000000e+000  0.000000e+000  1.093750e-001
      vertex  0.000000e+000  0.000000e+000  1.015625e-001
      vertex  0.000000e+000  1.951495e-003  8.174864e-002
    endloop
  endfacet
  facet normal  1.000000e+000  -0.000000e+000  0.000000e+000
    outer loop
      vertex  0.000000e+000  1.171875e-001  2.187500e-001
      vertex  0.000000e+000  0.000000e+000  1.093750e-001
      vertex  0.000000e+000  1.951495e-003  8.174864e-002
    endloop
  endfacet
  facet normal  1.000000e+000  -0.000000e+000  0.000000e+000
    outer loop
      vertex  0.000000e+000  1.171875e-001  2.187500e-001
      vertex  0.000000e+000  1.951495e-003  8.174864e-002
      vertex  0.000000e+000  7.730985e-003  6.269621e-002
    endloop
  endfacet
  facet normal  1.000000e+000  -0.000000e+000  0.000000e+000
    outer loop
      vertex  0.000000e+000  1.171875e-001  2.187500e-001
      vertex  0.000000e+000  7.730985e-003  6.269621e-002
      vertex  0.000000e+000  1.711637e-002  4.513740e-002
    endloop
  endfacet
  facet normal  9.999999e-001  -0.000000e+000  0.000000e+000
    outer loop
      vertex  0.000000e+000  1.171875e-001  2.187500e-001
      vertex  0.000000e+000  1.711637e-002  4.513740e-002
      vertex  0.000000e+000  2.974697e-002  2.974697e-002
    endloop
  endfacet
  facet normal  1.000000e+000  -0.000000e+000  0.000000e+000
    outer loop
      vertex  0.000000e+000  1.171875e-001  2.187500e-001
      vertex  0.000000e+000  2.974697e-002  2.974697e-002
      vertex  0.000000e+000  4.513740e-002  1.711637e-002
    endloop
  endfacet
  facet normal  1.000000e+000  -0.000000e+000  0.000000e+000
    outer loop
      vertex  0.000000e+000  1.171875e-001  2.187500e-001
      vertex  0.000000e+000  4.513740e-002  1.711637e-002
      vertex  0.000000e+000  6.269621e-002  7.730985e-003
    endloop
  endfacet
  facet normal  1.000000e+000  -0.000000e+000  0.000000e+000
    outer loop
      vertex  0.000000e+000  1.171875e-001  2.187500e-001
      vertex  0.000000e+000  6.269621e-002  7.730985e-003
      vertex  0.000000e+000  8.174864e-002  1.951495e-003
    endloop
  endfacet
  facet normal  9.999999e-001  -0.000000e+000  0.000000e+000
    outer loop
      vertex  0.000000e+000  1.171875e-001  2.187500e-001
      vertex  0.000000e+000  8.174864e-002  1.951495e-003
      vertex  0.000000e+000  1.015625e-001  0.000000e+000
    endloop
  endfacet
  facet normal  1.000000e+000  0.000000e+000  0.000000e+000
    outer loop
      vertex  0.000000e+000  1.171875e-001  2.187500e-001
      vertex  0.000000e+000  1.015625e-001  0.000000e+000
      vertex  0.000000e+000  5.131579e-001  0.000000e+000
    endloop
  endfacet
  facet normal  1.000000e+000  0.000000e+000  -0.000000e+000
    outer loop
      vertex  0.000000e+000  1.171875e-001  2.187500e-001
      vertex  0.000000e+000  5.131579e-001  0.000000e+000
      vertex  0.000000e+000  5.131579e-001  2.187500e-001
    endloop
  endfacet
  facet normal  0.000000e+000 -1.000000e+000  0.000000e+000
    outer loop
      vertex -7.500000e-001  0.000000e+000  1.093750e-001
      vertex -7.500000e-001  0.000000e+000  1.015625e-001
      vertex  0.000000e+000  0.000000e+000  1.093750e-001
    endloop
  endfacet
  facet normal  0.000000e+000 -1.000000e+000  -0.000000e+000
    outer loop
      vertex  0.000000e+000  0.000000e+000  1.093750e-001
      vertex -7.500000e-001  0.000000e+000  1.015625e-001
      vertex  0.000000e+000  0.000000e+000  1.015625e-001
    endloop
  endfacet
  facet normal  0.000000e+000 -6.823183e-001  7.310553e-001
    outer loop
      vertex  0.000000e+000  1.171875e-001  2.187500e-001
      vertex -7.500000e-001  1.171875e-001  2.187500e-001
      vertex  0.000000e+000  0.000000e+000  1.093750e-001
    endloop
  endfacet
  facet normal  0.000000e+000 -6.823183e-001  7.310553e-001
    outer loop
      vertex  0.000000e+000  0.000000e+000  1.093750e-001
      vertex -7.500000e-001  1.171875e-001  2.187500e-001
      vertex -7.500000e-001  0.000000e+000  1.093750e-001
    endloop
  endfacet
  facet normal  -0.000000e+000 -9.801715e-002 -9.951847e-001
    outer loop
      vertex -7.500000e-001  1.015625e-001  0.000000e+000
      vertex  0.000000e+000  1.015625e-001  0.000000e+000
      vertex -7.500000e-001  8.174864e-002  1.951495e-003
    endloop
  endfacet
  facet normal  0.000000e+000 -9.801715e-002 -9.951847e-001
    outer loop
      vertex -7.500000e-001  8.174864e-002  1.951495e-003
      vertex  0.000000e+000  1.015625e-001  0.000000e+000
      vertex  0.000000e+000  8.174864e-002  1.951495e-003
    endloop
  endfacet
  facet normal  -0.000000e+000 -2.902846e-001 -9.569404e-001
    outer loop
      vertex -7.500000e-001  8.174864e-002  1.951495e-003
      vertex  0.000000e+000  8.174864e-002  1.951495e-003
      vertex -7.500000e-001  6.269621e-002  7.730985e-003
    endloop
  endfacet
  facet normal  0.000000e+000 -2.902846e-001 -9.569404e-001
    outer loop
      vertex -7.500000e-001  6.269621e-002  7.730985e-003
      vertex  0.000000e+000  8.174864e-002  1.951495e-003
      vertex  0.000000e+000  6.269621e-002  7.730985e-003
    endloop
  endfacet
  facet normal  -0.000000e+000 -4.713968e-001 -8.819212e-001
    outer loop
      vertex -7.500000e-001  6.269621e-002  7.730985e-003
      vertex  0.000000e+000  6.269621e-002  7.730985e-003
      vertex -7.500000e-001  4.513740e-002  1.711637e-002
    endloop
  endfacet
  facet normal  0.000000e+000 -4.713968e-001 -8.819212e-001
    outer loop
      vertex -7.500000e-001  4.513740e-002  1.711637e-002
      vertex  0.000000e+000  6.269621e-002  7.730985e-003
      vertex  0.000000e+000  4.513740e-002  1.711637e-002
    endloop
  endfacet
  facet normal  -0.000000e+000 -6.343933e-001 -7.730104e-001
    outer loop
      vertex -7.500000e-001  4.513740e-002  1.711637e-002
      vertex  0.000000e+000  4.513740e-002  1.711637e-002
      vertex -7.500000e-001  2.974697e-002  2.974697e-002
    endloop
  endfacet
  facet normal  0.000000e+000 -6.343933e-001 -7.730104e-001
    outer loop
      vertex -7.500000e-001  2.974697e-002  2.974697e-002
      vertex  0.000000e+000  4.513740e-002  1.711637e-002
      vertex  0.000000e+000  2.974697e-002  2.974697e-002
    endloop
  endfacet
  facet normal  -0.000000e+000 -7.730104e-001 -6.343933e-001
    outer loop
      vertex -7.500000e-001  2.974697e-002  2.974697e-002
      vertex  0.000000e+000  2.974697e-002  2.974697e-002
      vertex -7.500000e-001  1.711637e-002  4.513740e-002
    endloop
  endfacet
  facet normal  0.000000e+000 -7.730104e-001 -6.343933e-001
    outer loop
      vertex -7.500000e-001  1.711637e-002  4.513740e-002
      vertex  0.000000e+000  2.974697e-002  2.974697e-002
      vertex  0.000000e+000  1.711637e-002  4.513740e-002
    endloop
  endfacet
  facet normal  -0.000000e+000 -8.819212e-001 -4.713968e-001
    outer loop
      vertex -7.500000e-001  1.711637e-002  4.513740e-002
      vertex  0.000000e+000  1.711637e-002  4.513740e-002
      vertex -7.500000e-001  7.730985e-003  6.269621e-002
    endloop
  endfacet
  facet normal  0.000000e+000 -8.819212e-001 -4.713968e-001
    outer loop
      vertex -7.500000e-001  7.730985e-003  6.269621e-002
      vertex  0.000000e+000  1.711637e-002  4.513740e-002
      vertex  0.000000e+000  7.730985e-003  6.269621e-002
    endloop
  endfacet
  facet normal  -0.000000e+000 -9.569404e-001 -2.902846e-001
    outer loop
      vertex -7.500000e-001  7.730985e-003  6.269621e-002
      vertex  0.000000e+000  7.730985e-003  6.269621e-002
      vertex -7.500000e-001  1.951495e-003  8.174864e-002
    endloop
  endfacet
  facet normal  0.000000e+000 -9.569404e-001 -2.902846e-001
    outer loop
      vertex -7.500000e-001  1.951495e-003  8.174864e-002
      vertex  0.000000e+000  7.730985e-003  6.269621e-002
      vertex  0.000000e+000  1.951495e-003  8.174864e-002
    endloop
  endfacet
  facet normal  -0.000000e+000 -9.951847e-001 -9.801715e-002
    outer loop
      vertex -7.500000e-001  1.951495e-003  8.174864e-002
      vertex  0.000000e+000  1.951495e-003  8.174864e-002
      vertex -7.500000e-001  0.000000e+000  1.015625e-001
    endloop
  endfacet
  facet normal  0.000000e+000 -9.951847e-001 -9.801715e-002
    outer loop
      vertex -7.500000e-001  0.000000e+000  1.015625e-001
      vertex  0.000000e+000  1.951495e-003  8.174864e-002
      vertex  0.000000e+000  0.000000e+000  1.015625e-001
    endloop
  endfacet
endsolid CATIA STL
