solid CATIA STL
  facet normal  2.939055e-015  1.000000e+000  0.000000e+000
    outer loop
      vertex -7.500000e-001  9.184548e-017  3.125000e-002
      vertex -7.500000e-001  9.184548e-017  1.171875e-001
      vertex -7.187500e-001  0.000000e+000  0.000000e+000
    endloop
  endfacet
  facet normal  2.939055e-015  1.000000e+000  -0.000000e+000
    outer loop
      vertex -7.187500e-001  0.000000e+000  0.000000e+000
      vertex -7.500000e-001  9.184548e-017  1.171875e-001
      vertex -7.187500e-001  0.000000e+000  1.484375e-001
    endloop
  endfacet
  facet normal  0.000000e+000  9.999999e-001  0.000000e+000
    outer loop
      vertex -7.187500e-001  0.000000e+000  0.000000e+000
      vertex -7.187500e-001  0.000000e+000  1.484375e-001
      vertex  0.000000e+000  0.000000e+000  0.000000e+000
    endloop
  endfacet
  facet normal  0.000000e+000  9.999999e-001  -0.000000e+000
    outer loop
      vertex  0.000000e+000  0.000000e+000  0.000000e+000
      vertex -7.187500e-001  0.000000e+000  1.484375e-001
      vertex  0.000000e+000  0.000000e+000  1.484375e-001
    endloop
  endfacet
  facet normal  9.999999e-001  0.000000e+000  0.000000e+000
    outer loop
      vertex  0.000000e+000  0.000000e+000  0.000000e+000
      vertex  0.000000e+000  0.000000e+000  1.484375e-001
      vertex  0.000000e+000 -7.187500e-001  0.000000e+000
    endloop
  endfacet
  facet normal  9.999999e-001  0.000000e+000  0.000000e+000
    outer loop
      vertex  0.000000e+000 -7.187500e-001  0.000000e+000
      vertex  0.000000e+000  0.000000e+000  1.484375e-001
      vertex  0.000000e+000 -7.187500e-001  1.484375e-001
    endloop
  endfacet
  facet normal  1.000000e+000 -2.572486e-014  0.000000e+000
    outer loop
      vertex  0.000000e+000 -7.187500e-001  0.000000e+000
      vertex  0.000000e+000 -7.187500e-001  1.484375e-001
      vertex -8.039020e-016 -7.500000e-001  3.125000e-002
    endloop
  endfacet
  facet normal  1.000000e+000 -2.572486e-014  0.000000e+000
    outer loop
      vertex -8.039020e-016 -7.500000e-001  3.125000e-002
      vertex  0.000000e+000 -7.187500e-001  1.484375e-001
      vertex -8.039020e-016 -7.500000e-001  1.171875e-001
    endloop
  endfacet
  facet normal -9.801710e-002 -9.951848e-001  -0.000000e+000
    outer loop
      vertex -8.039020e-016 -7.500000e-001  3.125000e-002
      vertex -8.039020e-016 -7.500000e-001  1.171875e-001
      vertex -1.463177e-001 -7.355890e-001  3.125000e-002
    endloop
  endfacet
  facet normal -9.801710e-002 -9.951848e-001  0.000000e+000
    outer loop
      vertex -1.463177e-001 -7.355890e-001  3.125000e-002
      vertex -8.039020e-016 -7.500000e-001  1.171875e-001
      vertex -1.463177e-001 -7.355890e-001  1.171875e-001
    endloop
  endfacet
  facet normal -2.902847e-001 -9.569404e-001  -0.000000e+000
    outer loop
      vertex -1.463177e-001 -7.355890e-001  3.125000e-002
      vertex -1.463177e-001 -7.355890e-001  1.171875e-001
      vertex -2.870126e-001 -6.929097e-001  3.125000e-002
    endloop
  endfacet
  facet normal -2.902847e-001 -9.569404e-001  0.000000e+000
    outer loop
      vertex -2.870126e-001 -6.929097e-001  3.125000e-002
      vertex -1.463177e-001 -7.355890e-001  1.171875e-001
      vertex -2.870126e-001 -6.929097e-001  1.171875e-001
    endloop
  endfacet
  facet normal -4.713967e-001 -8.819212e-001  -0.000000e+000
    outer loop
      vertex -2.870126e-001 -6.929097e-001  3.125000e-002
      vertex -2.870126e-001 -6.929097e-001  1.171875e-001
      vertex -4.166777e-001 -6.236022e-001  3.125000e-002
    endloop
  endfacet
  facet normal -4.713967e-001 -8.819212e-001  0.000000e+000
    outer loop
      vertex -4.166777e-001 -6.236022e-001  3.125000e-002
      vertex -2.870126e-001 -6.929097e-001  1.171875e-001
      vertex -4.166777e-001 -6.236022e-001  1.171875e-001
    endloop
  endfacet
  facet normal -6.343935e-001 -7.730103e-001  -0.000000e+000
    outer loop
      vertex -4.166777e-001 -6.236022e-001  3.125000e-002
      vertex -4.166777e-001 -6.236022e-001  1.171875e-001
      vertex -5.303301e-001 -5.303301e-001  3.125000e-002
    endloop
  endfacet
  facet normal -6.343935e-001 -7.730103e-001  0.000000e+000
    outer loop
      vertex -5.303301e-001 -5.303301e-001  3.125000e-002
      vertex -4.166777e-001 -6.236022e-001  1.171875e-001
      vertex -5.303301e-001 -5.303301e-001  1.171875e-001
    endloop
  endfacet
  facet normal -7.730103e-001 -6.343935e-001  -0.000000e+000
    outer loop
      vertex -5.303301e-001 -5.303301e-001  3.125000e-002
      vertex -5.303301e-001 -5.303301e-001  1.171875e-001
      vertex -6.236022e-001 -4.166777e-001  3.125000e-002
    endloop
  endfacet
  facet normal -7.730103e-001 -6.343935e-001  0.000000e+000
    outer loop
      vertex -6.236022e-001 -4.166777e-001  3.125000e-002
      vertex -5.303301e-001 -5.303301e-001  1.171875e-001
      vertex -6.236022e-001 -4.166777e-001  1.171875e-001
    endloop
  endfacet
  facet normal -8.819212e-001 -4.713967e-001  -0.000000e+000
    outer loop
      vertex -6.236022e-001 -4.166777e-001  3.125000e-002
      vertex -6.236022e-001 -4.166777e-001  1.171875e-001
      vertex -6.929097e-001 -2.870126e-001  3.125000e-002
    endloop
  endfacet
  facet normal -8.819212e-001 -4.713967e-001  0.000000e+000
    outer loop
      vertex -6.929097e-001 -2.870126e-001  3.125000e-002
      vertex -6.236022e-001 -4.166777e-001  1.171875e-001
      vertex -6.929097e-001 -2.870126e-001  1.171875e-001
    endloop
  endfacet
  facet normal -9.569404e-001 -2.902847e-001  -0.000000e+000
    outer loop
      vertex -6.929097e-001 -2.870126e-001  3.125000e-002
      vertex -6.929097e-001 -2.870126e-001  1.171875e-001
      vertex -7.355890e-001 -1.463177e-001  3.125000e-002
    endloop
  endfacet
  facet normal -9.569404e-001 -2.902847e-001  0.000000e+000
    outer loop
      vertex -7.355890e-001 -1.463177e-001  3.125000e-002
      vertex -6.929097e-001 -2.870126e-001  1.171875e-001
      vertex -7.355890e-001 -1.463177e-001  1.171875e-001
    endloop
  endfacet
  facet normal -9.951848e-001 -9.801710e-002  -0.000000e+000
    outer loop
      vertex -7.355890e-001 -1.463177e-001  3.125000e-002
      vertex -7.355890e-001 -1.463177e-001  1.171875e-001
      vertex -7.500000e-001  9.184548e-017  3.125000e-002
    endloop
  endfacet
  facet normal -9.951848e-001 -9.801710e-002  0.000000e+000
    outer loop
      vertex -7.500000e-001  9.184548e-017  3.125000e-002
      vertex -7.355890e-001 -1.463177e-001  1.171875e-001
      vertex -7.500000e-001  9.184548e-017  1.171875e-001
    endloop
  endfacet
  facet normal  0.000000e+000  0.000000e+000 -9.999999e-001
    outer loop
      vertex  0.000000e+000 -7.187500e-001  0.000000e+000
      vertex -1.402212e-001 -7.049394e-001  0.000000e+000
      vertex -2.750537e-001 -6.640384e-001  0.000000e+000
    endloop
  endfacet
  facet normal  0.000000e+000  0.000000e+000 -1.000000e+000
    outer loop
      vertex  0.000000e+000 -7.187500e-001  0.000000e+000
      vertex -2.750537e-001 -6.640384e-001  0.000000e+000
      vertex -3.993161e-001 -5.976188e-001  0.000000e+000
    endloop
  endfacet
  facet normal  0.000000e+000  0.000000e+000 -1.000000e+000
    outer loop
      vertex  0.000000e+000 -7.187500e-001  0.000000e+000
      vertex -3.993161e-001 -5.976188e-001  0.000000e+000
      vertex -5.082330e-001 -5.082330e-001  0.000000e+000
    endloop
  endfacet
  facet normal  0.000000e+000  0.000000e+000 -1.000000e+000
    outer loop
      vertex  0.000000e+000 -7.187500e-001  0.000000e+000
      vertex -5.082330e-001 -5.082330e-001  0.000000e+000
      vertex -5.976188e-001 -3.993161e-001  0.000000e+000
    endloop
  endfacet
  facet normal  0.000000e+000  0.000000e+000 -9.999999e-001
    outer loop
      vertex  0.000000e+000 -7.187500e-001  0.000000e+000
      vertex -5.976188e-001 -3.993161e-001  0.000000e+000
      vertex -6.640384e-001 -2.750537e-001  0.000000e+000
    endloop
  endfacet
  facet normal  0.000000e+000  0.000000e+000 -1.000000e+000
    outer loop
      vertex  0.000000e+000 -7.187500e-001  0.000000e+000
      vertex -6.640384e-001 -2.750537e-001  0.000000e+000
      vertex -7.049394e-001 -1.402212e-001  0.000000e+000
    endloop
  endfacet
  facet normal  0.000000e+000  0.000000e+000 -9.999999e-001
    outer loop
      vertex  0.000000e+000 -7.187500e-001  0.000000e+000
      vertex -7.049394e-001 -1.402212e-001  0.000000e+000
      vertex -7.187500e-001  0.000000e+000  0.000000e+000
    endloop
  endfacet
  facet normal  0.000000e+000  0.000000e+000 -1.000000e+000
    outer loop
      vertex  0.000000e+000 -7.187500e-001  0.000000e+000
      vertex -7.187500e-001  0.000000e+000  0.000000e+000
      vertex  0.000000e+000  0.000000e+000  0.000000e+000
    endloop
  endfacet
  facet normal -5.479181e-001 -4.496650e-001 -7.053984e-001
    outer loop
      vertex -6.236022e-001 -4.166777e-001  3.125000e-002
      vertex -5.976188e-001 -3.993161e-001  0.000000e+000
      vertex -5.303301e-001 -5.303301e-001  3.125000e-002
    endloop
  endfacet
  facet normal -5.479191e-001 -4.496653e-001 -7.053975e-001
    outer loop
      vertex -5.303301e-001 -5.303301e-001  3.125000e-002
      vertex -5.976188e-001 -3.993161e-001  0.000000e+000
      vertex -5.082330e-001 -5.082330e-001  0.000000e+000
    endloop
  endfacet
  facet normal -4.496656e-001 -5.479189e-001 -7.053975e-001
    outer loop
      vertex -5.303301e-001 -5.303301e-001  3.125000e-002
      vertex -5.082330e-001 -5.082330e-001  0.000000e+000
      vertex -4.166777e-001 -6.236022e-001  3.125000e-002
    endloop
  endfacet
  facet normal -4.496648e-001 -5.479184e-001 -7.053984e-001
    outer loop
      vertex -4.166777e-001 -6.236022e-001  3.125000e-002
      vertex -5.082330e-001 -5.082330e-001  0.000000e+000
      vertex -3.993161e-001 -5.976188e-001  0.000000e+000
    endloop
  endfacet
  facet normal -3.341312e-001 -6.251155e-001 -7.053984e-001
    outer loop
      vertex -4.166777e-001 -6.236022e-001  3.125000e-002
      vertex -3.993161e-001 -5.976188e-001  0.000000e+000
      vertex -2.870126e-001 -6.929097e-001  3.125000e-002
    endloop
  endfacet
  facet normal -3.341314e-001 -6.251156e-001 -7.053983e-001
    outer loop
      vertex -2.870126e-001 -6.929097e-001  3.125000e-002
      vertex -3.993161e-001 -5.976188e-001  0.000000e+000
      vertex -2.750537e-001 -6.640384e-001  0.000000e+000
    endloop
  endfacet
  facet normal -2.057570e-001 -6.782901e-001 -7.053983e-001
    outer loop
      vertex -2.870126e-001 -6.929097e-001  3.125000e-002
      vertex -2.750537e-001 -6.640384e-001  0.000000e+000
      vertex -1.463177e-001 -7.355890e-001  3.125000e-002
    endloop
  endfacet
  facet normal -2.057571e-001 -6.782901e-001 -7.053982e-001
    outer loop
      vertex -1.463177e-001 -7.355890e-001  3.125000e-002
      vertex -2.750537e-001 -6.640384e-001  0.000000e+000
      vertex -1.402212e-001 -7.049394e-001  0.000000e+000
    endloop
  endfacet
  facet normal -6.947562e-002 -7.053981e-001 -7.053983e-001
    outer loop
      vertex -1.463177e-001 -7.355890e-001  3.125000e-002
      vertex -1.402212e-001 -7.049394e-001  0.000000e+000
      vertex -8.039020e-016 -7.500000e-001  3.125000e-002
    endloop
  endfacet
  facet normal -6.947563e-002 -7.053981e-001 -7.053981e-001
    outer loop
      vertex -8.039020e-016 -7.500000e-001  3.125000e-002
      vertex -1.402212e-001 -7.049394e-001  0.000000e+000
      vertex  0.000000e+000 -7.187500e-001  0.000000e+000
    endloop
  endfacet
  facet normal -6.251154e-001 -3.341313e-001 -7.053986e-001
    outer loop
      vertex -5.976188e-001 -3.993161e-001  0.000000e+000
      vertex -6.236022e-001 -4.166777e-001  3.125000e-002
      vertex -6.640384e-001 -2.750537e-001  0.000000e+000
    endloop
  endfacet
  facet normal -6.251157e-001 -3.341313e-001 -7.053983e-001
    outer loop
      vertex -6.640384e-001 -2.750537e-001  0.000000e+000
      vertex -6.236022e-001 -4.166777e-001  3.125000e-002
      vertex -6.929097e-001 -2.870126e-001  3.125000e-002
    endloop
  endfacet
  facet normal -6.782900e-001 -2.057570e-001 -7.053982e-001
    outer loop
      vertex -6.640384e-001 -2.750537e-001  0.000000e+000
      vertex -6.929097e-001 -2.870126e-001  3.125000e-002
      vertex -7.049394e-001 -1.402212e-001  0.000000e+000
    endloop
  endfacet
  facet normal -6.782901e-001 -2.057570e-001 -7.053981e-001
    outer loop
      vertex -7.049394e-001 -1.402212e-001  0.000000e+000
      vertex -6.929097e-001 -2.870126e-001  3.125000e-002
      vertex -7.355890e-001 -1.463177e-001  3.125000e-002
    endloop
  endfacet
  facet normal -7.053981e-001 -6.947563e-002 -7.053982e-001
    outer loop
      vertex -7.049394e-001 -1.402212e-001  0.000000e+000
      vertex -7.355890e-001 -1.463177e-001  3.125000e-002
      vertex -7.187500e-001  0.000000e+000  0.000000e+000
    endloop
  endfacet
  facet normal -7.053981e-001 -6.947562e-002 -7.053981e-001
    outer loop
      vertex -7.187500e-001  0.000000e+000  0.000000e+000
      vertex -7.355890e-001 -1.463177e-001  3.125000e-002
      vertex -7.500000e-001  9.184548e-017  3.125000e-002
    endloop
  endfacet
  facet normal  0.000000e+000  0.000000e+000  1.000000e+000
    outer loop
      vertex  0.000000e+000 -7.187500e-001  1.484375e-001
      vertex  0.000000e+000  0.000000e+000  1.484375e-001
      vertex -7.187500e-001  0.000000e+000  1.484375e-001
    endloop
  endfacet
  facet normal  0.000000e+000  0.000000e+000  9.999999e-001
    outer loop
      vertex  0.000000e+000 -7.187500e-001  1.484375e-001
      vertex -7.187500e-001  0.000000e+000  1.484375e-001
      vertex -7.049394e-001 -1.402212e-001  1.484375e-001
    endloop
  endfacet
  facet normal  0.000000e+000  0.000000e+000  1.000000e+000
    outer loop
      vertex  0.000000e+000 -7.187500e-001  1.484375e-001
      vertex -7.049394e-001 -1.402212e-001  1.484375e-001
      vertex -6.640384e-001 -2.750537e-001  1.484375e-001
    endloop
  endfacet
  facet normal  0.000000e+000  0.000000e+000  9.999999e-001
    outer loop
      vertex  0.000000e+000 -7.187500e-001  1.484375e-001
      vertex -6.640384e-001 -2.750537e-001  1.484375e-001
      vertex -5.976188e-001 -3.993161e-001  1.484375e-001
    endloop
  endfacet
  facet normal  0.000000e+000  0.000000e+000  1.000000e+000
    outer loop
      vertex  0.000000e+000 -7.187500e-001  1.484375e-001
      vertex -5.976188e-001 -3.993161e-001  1.484375e-001
      vertex -5.082330e-001 -5.082330e-001  1.484375e-001
    endloop
  endfacet
  facet normal  0.000000e+000  0.000000e+000  1.000000e+000
    outer loop
      vertex  0.000000e+000 -7.187500e-001  1.484375e-001
      vertex -5.082330e-001 -5.082330e-001  1.484375e-001
      vertex -3.993161e-001 -5.976188e-001  1.484375e-001
    endloop
  endfacet
  facet normal  0.000000e+000  0.000000e+000  1.000000e+000
    outer loop
      vertex  0.000000e+000 -7.187500e-001  1.484375e-001
      vertex -3.993161e-001 -5.976188e-001  1.484375e-001
      vertex -2.750537e-001 -6.640384e-001  1.484375e-001
    endloop
  endfacet
  facet normal  0.000000e+000  0.000000e+000  9.999999e-001
    outer loop
      vertex  0.000000e+000 -7.187500e-001  1.484375e-001
      vertex -2.750537e-001 -6.640384e-001  1.484375e-001
      vertex -1.402212e-001 -7.049394e-001  1.484375e-001
    endloop
  endfacet
  facet normal -4.496656e-001 -5.479189e-001  7.053975e-001
    outer loop
      vertex -4.166777e-001 -6.236022e-001  1.171875e-001
      vertex -5.082330e-001 -5.082330e-001  1.484375e-001
      vertex -5.303301e-001 -5.303301e-001  1.171875e-001
    endloop
  endfacet
  facet normal -5.479191e-001 -4.496653e-001  7.053975e-001
    outer loop
      vertex -5.303301e-001 -5.303301e-001  1.171875e-001
      vertex -5.082330e-001 -5.082330e-001  1.484375e-001
      vertex -5.976188e-001 -3.993161e-001  1.484375e-001
    endloop
  endfacet
  facet normal -5.479181e-001 -4.496650e-001  7.053984e-001
    outer loop
      vertex -5.303301e-001 -5.303301e-001  1.171875e-001
      vertex -5.976188e-001 -3.993161e-001  1.484375e-001
      vertex -6.236022e-001 -4.166777e-001  1.171875e-001
    endloop
  endfacet
  facet normal -4.496648e-001 -5.479184e-001  7.053984e-001
    outer loop
      vertex -5.082330e-001 -5.082330e-001  1.484375e-001
      vertex -4.166777e-001 -6.236022e-001  1.171875e-001
      vertex -3.993161e-001 -5.976188e-001  1.484375e-001
    endloop
  endfacet
  facet normal -3.341312e-001 -6.251155e-001  7.053984e-001
    outer loop
      vertex -3.993161e-001 -5.976188e-001  1.484375e-001
      vertex -4.166777e-001 -6.236022e-001  1.171875e-001
      vertex -2.870126e-001 -6.929097e-001  1.171875e-001
    endloop
  endfacet
  facet normal -3.341314e-001 -6.251156e-001  7.053983e-001
    outer loop
      vertex -3.993161e-001 -5.976188e-001  1.484375e-001
      vertex -2.870126e-001 -6.929097e-001  1.171875e-001
      vertex -2.750537e-001 -6.640384e-001  1.484375e-001
    endloop
  endfacet
  facet normal -2.057570e-001 -6.782901e-001  7.053983e-001
    outer loop
      vertex -2.750537e-001 -6.640384e-001  1.484375e-001
      vertex -2.870126e-001 -6.929097e-001  1.171875e-001
      vertex -1.463177e-001 -7.355890e-001  1.171875e-001
    endloop
  endfacet
  facet normal -2.057571e-001 -6.782901e-001  7.053982e-001
    outer loop
      vertex -2.750537e-001 -6.640384e-001  1.484375e-001
      vertex -1.463177e-001 -7.355890e-001  1.171875e-001
      vertex -1.402212e-001 -7.049394e-001  1.484375e-001
    endloop
  endfacet
  facet normal -6.947562e-002 -7.053981e-001  7.053983e-001
    outer loop
      vertex -1.402212e-001 -7.049394e-001  1.484375e-001
      vertex -1.463177e-001 -7.355890e-001  1.171875e-001
      vertex -8.039020e-016 -7.500000e-001  1.171875e-001
    endloop
  endfacet
  facet normal -6.947563e-002 -7.053981e-001  7.053981e-001
    outer loop
      vertex -1.402212e-001 -7.049394e-001  1.484375e-001
      vertex -8.039020e-016 -7.500000e-001  1.171875e-001
      vertex  0.000000e+000 -7.187500e-001  1.484375e-001
    endloop
  endfacet
  facet normal -6.251154e-001 -3.341313e-001  7.053986e-001
    outer loop
      vertex -6.640384e-001 -2.750537e-001  1.484375e-001
      vertex -6.236022e-001 -4.166777e-001  1.171875e-001
      vertex -5.976188e-001 -3.993161e-001  1.484375e-001
    endloop
  endfacet
  facet normal -6.251157e-001 -3.341313e-001  7.053983e-001
    outer loop
      vertex -6.236022e-001 -4.166777e-001  1.171875e-001
      vertex -6.640384e-001 -2.750537e-001  1.484375e-001
      vertex -6.929097e-001 -2.870126e-001  1.171875e-001
    endloop
  endfacet
  facet normal -6.782900e-001 -2.057570e-001  7.053982e-001
    outer loop
      vertex -6.929097e-001 -2.870126e-001  1.171875e-001
      vertex -6.640384e-001 -2.750537e-001  1.484375e-001
      vertex -7.049394e-001 -1.402212e-001  1.484375e-001
    endloop
  endfacet
  facet normal -6.782901e-001 -2.057570e-001  7.053981e-001
    outer loop
      vertex -6.929097e-001 -2.870126e-001  1.171875e-001
      vertex -7.049394e-001 -1.402212e-001  1.484375e-001
      vertex -7.355890e-001 -1.463177e-001  1.171875e-001
    endloop
  endfacet
  facet normal -7.053981e-001 -6.947563e-002  7.053982e-001
    outer loop
      vertex -7.355890e-001 -1.463177e-001  1.171875e-001
      vertex -7.049394e-001 -1.402212e-001  1.484375e-001
      vertex -7.187500e-001  0.000000e+000  1.484375e-001
    endloop
  endfacet
  facet normal -7.053981e-001 -6.947562e-002  7.053981e-001
    outer loop
      vertex -7.355890e-001 -1.463177e-001  1.171875e-001
      vertex -7.187500e-001  0.000000e+000  1.484375e-001
      vertex -7.500000e-001  9.184548e-017  1.171875e-001
    endloop
  endfacet
endsolid CATIA STL
