solid CATIA STL
  facet normal -1.000000e+000  -0.000000e+000  -0.000000e+000
    outer loop
      vertex -7.500000e-001  5.534539e-002  1.562500e-002
      vertex -7.500000e-001  5.686954e-002  1.547488e-002
      vertex -7.500000e-001  5.968579e-002  1.430836e-002
    endloop
  endfacet
  facet normal -9.999999e-001  0.000000e+000  0.000000e+000
    outer loop
      vertex -7.500000e-001  5.968579e-002  1.430836e-002
      vertex -7.500000e-001  5.686954e-002  1.547488e-002
      vertex -7.500000e-001  5.833511e-002  1.503031e-002
    endloop
  endfacet
  facet normal -1.000000e+000  0.000000e+000  -0.000000e+000
    outer loop
      vertex -7.500000e-001  7.812500e-003  0.000000e+000
      vertex -7.500000e-001  5.534539e-002  1.562500e-002
      vertex -7.500000e-001  5.968579e-002  1.430836e-002
    endloop
  endfacet
  facet normal -1.000000e+000  0.000000e+000  -0.000000e+000
    outer loop
      vertex -7.500000e-001  7.812500e-003  0.000000e+000
      vertex -7.500000e-001  5.968579e-002  1.430836e-002
      vertex -7.500000e-001  6.086967e-002  1.333677e-002
    endloop
  endfacet
  facet normal -1.000000e+000  0.000000e+000  -0.000000e+000
    outer loop
      vertex -7.500000e-001  7.812500e-003  0.000000e+000
      vertex -7.500000e-001  6.086967e-002  1.333677e-002
      vertex -7.500000e-001  6.184125e-002  1.215289e-002
    endloop
  endfacet
  facet normal -9.999999e-001  0.000000e+000  -0.000000e+000
    outer loop
      vertex -7.500000e-001  7.812500e-003  0.000000e+000
      vertex -7.500000e-001  6.184125e-002  1.215289e-002
      vertex -7.500000e-001  6.256320e-002  1.080221e-002
    endloop
  endfacet
  facet normal -1.000000e+000  0.000000e+000  -0.000000e+000
    outer loop
      vertex -7.500000e-001  7.812500e-003  0.000000e+000
      vertex -7.500000e-001  6.256320e-002  1.080221e-002
      vertex -7.500000e-001  6.300778e-002  9.336643e-003
    endloop
  endfacet
  facet normal -1.000000e+000  0.000000e+000  -0.000000e+000
    outer loop
      vertex -7.500000e-001  7.812500e-003  0.000000e+000
      vertex -7.500000e-001  6.300778e-002  9.336643e-003
      vertex -7.500000e-001  6.315789e-002  7.812500e-003
    endloop
  endfacet
  facet normal -1.000000e+000  0.000000e+000  -0.000000e+000
    outer loop
      vertex -7.500000e-001  7.812500e-003  0.000000e+000
      vertex -7.500000e-001  6.315789e-002  7.812500e-003
      vertex -7.500000e-001  6.315789e-002  0.000000e+000
    endloop
  endfacet
  facet normal -1.000000e+000  0.000000e+000  0.000000e+000
    outer loop
      vertex -7.500000e-001  6.288357e-003  1.501150e-004
      vertex -7.500000e-001  4.822786e-003  5.946911e-004
      vertex -7.500000e-001  3.472107e-003  1.316644e-003
    endloop
  endfacet
  facet normal -9.999999e-001  0.000000e+000  0.000000e+000
    outer loop
      vertex -7.500000e-001  6.288357e-003  1.501150e-004
      vertex -7.500000e-001  3.472107e-003  1.316644e-003
      vertex -7.500000e-001  2.288228e-003  2.288228e-003
    endloop
  endfacet
  facet normal -1.000000e+000  0.000000e+000  0.000000e+000
    outer loop
      vertex -7.500000e-001  6.288357e-003  1.501150e-004
      vertex -7.500000e-001  2.288228e-003  2.288228e-003
      vertex -7.500000e-001  1.316644e-003  3.472107e-003
    endloop
  endfacet
  facet normal -1.000000e+000  0.000000e+000  0.000000e+000
    outer loop
      vertex -7.500000e-001  6.288357e-003  1.501150e-004
      vertex -7.500000e-001  1.316644e-003  3.472107e-003
      vertex -7.500000e-001  5.946911e-004  4.822786e-003
    endloop
  endfacet
  facet normal -1.000000e+000  0.000000e+000  0.000000e+000
    outer loop
      vertex -7.500000e-001  6.288357e-003  1.501150e-004
      vertex -7.500000e-001  5.946911e-004  4.822786e-003
      vertex -7.500000e-001  1.501150e-004  6.288357e-003
    endloop
  endfacet
  facet normal -1.000000e+000  0.000000e+000  0.000000e+000
    outer loop
      vertex -7.500000e-001  6.288357e-003  1.501150e-004
      vertex -7.500000e-001  1.501150e-004  6.288357e-003
      vertex -7.500000e-001  0.000000e+000  7.812500e-003
    endloop
  endfacet
  facet normal -1.000000e+000  -0.000000e+000  0.000000e+000
    outer loop
      vertex -7.500000e-001  0.000000e+000  1.562500e-002
      vertex -7.500000e-001  5.534539e-002  1.562500e-002
      vertex -7.500000e-001  7.812500e-003  0.000000e+000
    endloop
  endfacet
  facet normal -1.000000e+000  0.000000e+000  0.000000e+000
    outer loop
      vertex -7.500000e-001  0.000000e+000  1.562500e-002
      vertex -7.500000e-001  7.812500e-003  0.000000e+000
      vertex -7.500000e-001  6.288357e-003  1.501150e-004
    endloop
  endfacet
  facet normal -1.000000e+000  0.000000e+000  0.000000e+000
    outer loop
      vertex -7.500000e-001  0.000000e+000  1.562500e-002
      vertex -7.500000e-001  6.288357e-003  1.501150e-004
      vertex -7.500000e-001  0.000000e+000  7.812500e-003
    endloop
  endfacet
  facet normal  1.000000e+000  0.000000e+000  0.000000e+000
    outer loop
      vertex  7.500000e-001  7.812500e-003  0.000000e+000
      vertex  7.500000e-001  3.472107e-003  1.316644e-003
      vertex  7.500000e-001  6.288357e-003  1.501150e-004
    endloop
  endfacet
  facet normal  1.000000e+000  -0.000000e+000  -0.000000e+000
    outer loop
      vertex  7.500000e-001  3.472107e-003  1.316644e-003
      vertex  7.500000e-001  4.822786e-003  5.946911e-004
      vertex  7.500000e-001  6.288357e-003  1.501150e-004
    endloop
  endfacet
  facet normal  1.000000e+000  0.000000e+000  0.000000e+000
    outer loop
      vertex  7.500000e-001  1.316644e-003  3.472107e-003
      vertex  7.500000e-001  0.000000e+000  1.562500e-002
      vertex  7.500000e-001  0.000000e+000  7.812500e-003
    endloop
  endfacet
  facet normal  1.000000e+000  0.000000e+000  0.000000e+000
    outer loop
      vertex  7.500000e-001  1.316644e-003  3.472107e-003
      vertex  7.500000e-001  0.000000e+000  7.812500e-003
      vertex  7.500000e-001  1.501150e-004  6.288357e-003
    endloop
  endfacet
  facet normal  1.000000e+000  0.000000e+000  0.000000e+000
    outer loop
      vertex  7.500000e-001  1.316644e-003  3.472107e-003
      vertex  7.500000e-001  1.501150e-004  6.288357e-003
      vertex  7.500000e-001  5.946911e-004  4.822786e-003
    endloop
  endfacet
  facet normal  9.999999e-001  -0.000000e+000  0.000000e+000
    outer loop
      vertex  7.500000e-001  5.534539e-002  1.562500e-002
      vertex  7.500000e-001  0.000000e+000  1.562500e-002
      vertex  7.500000e-001  1.316644e-003  3.472107e-003
    endloop
  endfacet
  facet normal  1.000000e+000  -0.000000e+000  0.000000e+000
    outer loop
      vertex  7.500000e-001  5.534539e-002  1.562500e-002
      vertex  7.500000e-001  1.316644e-003  3.472107e-003
      vertex  7.500000e-001  2.288228e-003  2.288228e-003
    endloop
  endfacet
  facet normal  1.000000e+000  -0.000000e+000  0.000000e+000
    outer loop
      vertex  7.500000e-001  5.534539e-002  1.562500e-002
      vertex  7.500000e-001  2.288228e-003  2.288228e-003
      vertex  7.500000e-001  3.472107e-003  1.316644e-003
    endloop
  endfacet
  facet normal  1.000000e+000  -0.000000e+000  0.000000e+000
    outer loop
      vertex  7.500000e-001  5.534539e-002  1.562500e-002
      vertex  7.500000e-001  3.472107e-003  1.316644e-003
      vertex  7.500000e-001  7.812500e-003  0.000000e+000
    endloop
  endfacet
  facet normal  1.000000e+000  0.000000e+000  0.000000e+000
    outer loop
      vertex  7.500000e-001  5.686954e-002  1.547488e-002
      vertex  7.500000e-001  6.184125e-002  1.215289e-002
      vertex  7.500000e-001  6.086967e-002  1.333677e-002
    endloop
  endfacet
  facet normal  1.000000e+000  0.000000e+000  0.000000e+000
    outer loop
      vertex  7.500000e-001  5.686954e-002  1.547488e-002
      vertex  7.500000e-001  6.086967e-002  1.333677e-002
      vertex  7.500000e-001  5.968579e-002  1.430836e-002
    endloop
  endfacet
  facet normal  9.999999e-001  0.000000e+000  0.000000e+000
    outer loop
      vertex  7.500000e-001  5.686954e-002  1.547488e-002
      vertex  7.500000e-001  5.968579e-002  1.430836e-002
      vertex  7.500000e-001  5.833511e-002  1.503031e-002
    endloop
  endfacet
  facet normal  1.000000e+000  0.000000e+000  0.000000e+000
    outer loop
      vertex  7.500000e-001  6.315789e-002  0.000000e+000
      vertex  7.500000e-001  6.184125e-002  1.215289e-002
      vertex  7.500000e-001  5.686954e-002  1.547488e-002
    endloop
  endfacet
  facet normal  1.000000e+000  0.000000e+000  0.000000e+000
    outer loop
      vertex  7.500000e-001  6.315789e-002  0.000000e+000
      vertex  7.500000e-001  5.686954e-002  1.547488e-002
      vertex  7.500000e-001  5.534539e-002  1.562500e-002
    endloop
  endfacet
  facet normal  1.000000e+000  0.000000e+000  0.000000e+000
    outer loop
      vertex  7.500000e-001  6.315789e-002  0.000000e+000
      vertex  7.500000e-001  5.534539e-002  1.562500e-002
      vertex  7.500000e-001  7.812500e-003  0.000000e+000
    endloop
  endfacet
  facet normal  1.000000e+000  0.000000e+000  -0.000000e+000
    outer loop
      vertex  7.500000e-001  6.184125e-002  1.215289e-002
      vertex  7.500000e-001  6.315789e-002  0.000000e+000
      vertex  7.500000e-001  6.315789e-002  7.812500e-003
    endloop
  endfacet
  facet normal  1.000000e+000  0.000000e+000  0.000000e+000
    outer loop
      vertex  7.500000e-001  6.184125e-002  1.215289e-002
      vertex  7.500000e-001  6.315789e-002  7.812500e-003
      vertex  7.500000e-001  6.300778e-002  9.336643e-003
    endloop
  endfacet
  facet normal  9.999999e-001  0.000000e+000  0.000000e+000
    outer loop
      vertex  7.500000e-001  6.184125e-002  1.215289e-002
      vertex  7.500000e-001  6.300778e-002  9.336643e-003
      vertex  7.500000e-001  6.256320e-002  1.080221e-002
    endloop
  endfacet
  facet normal  0.000000e+000  0.000000e+000  1.000000e+000
    outer loop
      vertex -7.500000e-001  0.000000e+000  1.562500e-002
      vertex  7.500000e-001  0.000000e+000  1.562500e-002
      vertex -7.500000e-001  5.534539e-002  1.562500e-002
    endloop
  endfacet
  facet normal  -0.000000e+000  0.000000e+000  1.000000e+000
    outer loop
      vertex -7.500000e-001  5.534539e-002  1.562500e-002
      vertex  7.500000e-001  0.000000e+000  1.562500e-002
      vertex  7.500000e-001  5.534539e-002  1.562500e-002
    endloop
  endfacet
  facet normal  0.000000e+000  1.000000e+000  -0.000000e+000
    outer loop
      vertex  7.500000e-001  6.315789e-002  7.812500e-003
      vertex  7.500000e-001  6.315789e-002  0.000000e+000
      vertex -7.500000e-001  6.315789e-002  7.812500e-003
    endloop
  endfacet
  facet normal  0.000000e+000  1.000000e+000  0.000000e+000
    outer loop
      vertex -7.500000e-001  6.315789e-002  7.812500e-003
      vertex  7.500000e-001  6.315789e-002  0.000000e+000
      vertex -7.500000e-001  6.315789e-002  0.000000e+000
    endloop
  endfacet
  facet normal  -0.000000e+000  9.951847e-001  9.801669e-002
    outer loop
      vertex  7.500000e-001  6.315789e-002  7.812500e-003
      vertex -7.500000e-001  6.315789e-002  7.812500e-003
      vertex  7.500000e-001  6.300778e-002  9.336643e-003
    endloop
  endfacet
  facet normal  0.000000e+000  9.951847e-001  9.801669e-002
    outer loop
      vertex  7.500000e-001  6.300778e-002  9.336643e-003
      vertex -7.500000e-001  6.315789e-002  7.812500e-003
      vertex -7.500000e-001  6.300778e-002  9.336643e-003
    endloop
  endfacet
  facet normal  -0.000000e+000  9.569404e-001  2.902847e-001
    outer loop
      vertex  7.500000e-001  6.300778e-002  9.336643e-003
      vertex -7.500000e-001  6.300778e-002  9.336643e-003
      vertex  7.500000e-001  6.256320e-002  1.080221e-002
    endloop
  endfacet
  facet normal  0.000000e+000  9.569404e-001  2.902847e-001
    outer loop
      vertex  7.500000e-001  6.256320e-002  1.080221e-002
      vertex -7.500000e-001  6.300778e-002  9.336643e-003
      vertex -7.500000e-001  6.256320e-002  1.080221e-002
    endloop
  endfacet
  facet normal  -0.000000e+000  8.819210e-001  4.713973e-001
    outer loop
      vertex  7.500000e-001  6.256320e-002  1.080221e-002
      vertex -7.500000e-001  6.256320e-002  1.080221e-002
      vertex  7.500000e-001  6.184125e-002  1.215289e-002
    endloop
  endfacet
  facet normal  0.000000e+000  8.819210e-001  4.713973e-001
    outer loop
      vertex  7.500000e-001  6.184125e-002  1.215289e-002
      vertex -7.500000e-001  6.256320e-002  1.080221e-002
      vertex -7.500000e-001  6.184125e-002  1.215289e-002
    endloop
  endfacet
  facet normal  -0.000000e+000  7.730114e-001  6.343921e-001
    outer loop
      vertex  7.500000e-001  6.184125e-002  1.215289e-002
      vertex -7.500000e-001  6.184125e-002  1.215289e-002
      vertex  7.500000e-001  6.086967e-002  1.333677e-002
    endloop
  endfacet
  facet normal  0.000000e+000  7.730114e-001  6.343921e-001
    outer loop
      vertex  7.500000e-001  6.086967e-002  1.333677e-002
      vertex -7.500000e-001  6.184125e-002  1.215289e-002
      vertex -7.500000e-001  6.086967e-002  1.333677e-002
    endloop
  endfacet
  facet normal  -0.000000e+000  6.343923e-001  7.730113e-001
    outer loop
      vertex  7.500000e-001  6.086967e-002  1.333677e-002
      vertex -7.500000e-001  6.086967e-002  1.333677e-002
      vertex  7.500000e-001  5.968579e-002  1.430836e-002
    endloop
  endfacet
  facet normal  0.000000e+000  6.343923e-001  7.730113e-001
    outer loop
      vertex  7.500000e-001  5.968579e-002  1.430836e-002
      vertex -7.500000e-001  6.086967e-002  1.333677e-002
      vertex -7.500000e-001  5.968579e-002  1.430836e-002
    endloop
  endfacet
  facet normal  -0.000000e+000  4.713973e-001  8.819209e-001
    outer loop
      vertex  7.500000e-001  5.968579e-002  1.430836e-002
      vertex -7.500000e-001  5.968579e-002  1.430836e-002
      vertex  7.500000e-001  5.833511e-002  1.503031e-002
    endloop
  endfacet
  facet normal  0.000000e+000  4.713973e-001  8.819209e-001
    outer loop
      vertex  7.500000e-001  5.833511e-002  1.503031e-002
      vertex -7.500000e-001  5.968579e-002  1.430836e-002
      vertex -7.500000e-001  5.833511e-002  1.503031e-002
    endloop
  endfacet
  facet normal  -0.000000e+000  2.902842e-001  9.569405e-001
    outer loop
      vertex  7.500000e-001  5.833511e-002  1.503031e-002
      vertex -7.500000e-001  5.833511e-002  1.503031e-002
      vertex  7.500000e-001  5.686954e-002  1.547488e-002
    endloop
  endfacet
  facet normal  0.000000e+000  2.902842e-001  9.569405e-001
    outer loop
      vertex  7.500000e-001  5.686954e-002  1.547488e-002
      vertex -7.500000e-001  5.833511e-002  1.503031e-002
      vertex -7.500000e-001  5.686954e-002  1.547488e-002
    endloop
  endfacet
  facet normal  -0.000000e+000  9.801731e-002  9.951847e-001
    outer loop
      vertex  7.500000e-001  5.686954e-002  1.547488e-002
      vertex -7.500000e-001  5.686954e-002  1.547488e-002
      vertex  7.500000e-001  5.534539e-002  1.562500e-002
    endloop
  endfacet
  facet normal  0.000000e+000  9.801731e-002  9.951847e-001
    outer loop
      vertex  7.500000e-001  5.534539e-002  1.562500e-002
      vertex -7.500000e-001  5.686954e-002  1.547488e-002
      vertex -7.500000e-001  5.534539e-002  1.562500e-002
    endloop
  endfacet
  facet normal  0.000000e+000  0.000000e+000 -1.000000e+000
    outer loop
      vertex -7.500000e-001  7.812500e-003  0.000000e+000
      vertex -7.500000e-001  6.315789e-002  0.000000e+000
      vertex  7.500000e-001  7.812500e-003  0.000000e+000
    endloop
  endfacet
  facet normal  0.000000e+000  0.000000e+000 -1.000000e+000
    outer loop
      vertex  7.500000e-001  7.812500e-003  0.000000e+000
      vertex -7.500000e-001  6.315789e-002  0.000000e+000
      vertex  7.500000e-001  6.315789e-002  0.000000e+000
    endloop
  endfacet
  facet normal  0.000000e+000 -1.000000e+000  0.000000e+000
    outer loop
      vertex -7.500000e-001  0.000000e+000  1.562500e-002
      vertex -7.500000e-001  0.000000e+000  7.812500e-003
      vertex  7.500000e-001  0.000000e+000  1.562500e-002
    endloop
  endfacet
  facet normal  0.000000e+000 -1.000000e+000  -0.000000e+000
    outer loop
      vertex  7.500000e-001  0.000000e+000  1.562500e-002
      vertex -7.500000e-001  0.000000e+000  7.812500e-003
      vertex  7.500000e-001  0.000000e+000  7.812500e-003
    endloop
  endfacet
  facet normal  -0.000000e+000 -9.801715e-002 -9.951847e-001
    outer loop
      vertex -7.500000e-001  7.812500e-003  0.000000e+000
      vertex  7.500000e-001  7.812500e-003  0.000000e+000
      vertex -7.500000e-001  6.288357e-003  1.501150e-004
    endloop
  endfacet
  facet normal  0.000000e+000 -9.801715e-002 -9.951847e-001
    outer loop
      vertex -7.500000e-001  6.288357e-003  1.501150e-004
      vertex  7.500000e-001  7.812500e-003  0.000000e+000
      vertex  7.500000e-001  6.288357e-003  1.501150e-004
    endloop
  endfacet
  facet normal  -0.000000e+000 -2.902846e-001 -9.569404e-001
    outer loop
      vertex -7.500000e-001  6.288357e-003  1.501150e-004
      vertex  7.500000e-001  6.288357e-003  1.501150e-004
      vertex -7.500000e-001  4.822786e-003  5.946911e-004
    endloop
  endfacet
  facet normal  0.000000e+000 -2.902846e-001 -9.569404e-001
    outer loop
      vertex -7.500000e-001  4.822786e-003  5.946911e-004
      vertex  7.500000e-001  6.288357e-003  1.501150e-004
      vertex  7.500000e-001  4.822786e-003  5.946911e-004
    endloop
  endfacet
  facet normal  -0.000000e+000 -4.713968e-001 -8.819212e-001
    outer loop
      vertex -7.500000e-001  4.822786e-003  5.946911e-004
      vertex  7.500000e-001  4.822786e-003  5.946911e-004
      vertex -7.500000e-001  3.472107e-003  1.316644e-003
    endloop
  endfacet
  facet normal  0.000000e+000 -4.713968e-001 -8.819212e-001
    outer loop
      vertex -7.500000e-001  3.472107e-003  1.316644e-003
      vertex  7.500000e-001  4.822786e-003  5.946911e-004
      vertex  7.500000e-001  3.472107e-003  1.316644e-003
    endloop
  endfacet
  facet normal  -0.000000e+000 -6.343934e-001 -7.730104e-001
    outer loop
      vertex -7.500000e-001  3.472107e-003  1.316644e-003
      vertex  7.500000e-001  3.472107e-003  1.316644e-003
      vertex -7.500000e-001  2.288228e-003  2.288228e-003
    endloop
  endfacet
  facet normal  0.000000e+000 -6.343934e-001 -7.730104e-001
    outer loop
      vertex -7.500000e-001  2.288228e-003  2.288228e-003
      vertex  7.500000e-001  3.472107e-003  1.316644e-003
      vertex  7.500000e-001  2.288228e-003  2.288228e-003
    endloop
  endfacet
  facet normal  -0.000000e+000 -7.730104e-001 -6.343934e-001
    outer loop
      vertex -7.500000e-001  2.288228e-003  2.288228e-003
      vertex  7.500000e-001  2.288228e-003  2.288228e-003
      vertex -7.500000e-001  1.316644e-003  3.472107e-003
    endloop
  endfacet
  facet normal  0.000000e+000 -7.730104e-001 -6.343934e-001
    outer loop
      vertex -7.500000e-001  1.316644e-003  3.472107e-003
      vertex  7.500000e-001  2.288228e-003  2.288228e-003
      vertex  7.500000e-001  1.316644e-003  3.472107e-003
    endloop
  endfacet
  facet normal  -0.000000e+000 -8.819212e-001 -4.713968e-001
    outer loop
      vertex -7.500000e-001  1.316644e-003  3.472107e-003
      vertex  7.500000e-001  1.316644e-003  3.472107e-003
      vertex -7.500000e-001  5.946911e-004  4.822786e-003
    endloop
  endfacet
  facet normal  0.000000e+000 -8.819212e-001 -4.713968e-001
    outer loop
      vertex -7.500000e-001  5.946911e-004  4.822786e-003
      vertex  7.500000e-001  1.316644e-003  3.472107e-003
      vertex  7.500000e-001  5.946911e-004  4.822786e-003
    endloop
  endfacet
  facet normal  -0.000000e+000 -9.569404e-001 -2.902846e-001
    outer loop
      vertex -7.500000e-001  5.946911e-004  4.822786e-003
      vertex  7.500000e-001  5.946911e-004  4.822786e-003
      vertex -7.500000e-001  1.501150e-004  6.288357e-003
    endloop
  endfacet
  facet normal  0.000000e+000 -9.569404e-001 -2.902846e-001
    outer loop
      vertex -7.500000e-001  1.501150e-004  6.288357e-003
      vertex  7.500000e-001  5.946911e-004  4.822786e-003
      vertex  7.500000e-001  1.501150e-004  6.288357e-003
    endloop
  endfacet
  facet normal  -0.000000e+000 -9.951847e-001 -9.801715e-002
    outer loop
      vertex -7.500000e-001  1.501150e-004  6.288357e-003
      vertex  7.500000e-001  1.501150e-004  6.288357e-003
      vertex -7.500000e-001  0.000000e+000  7.812500e-003
    endloop
  endfacet
  facet normal  0.000000e+000 -9.951847e-001 -9.801715e-002
    outer loop
      vertex -7.500000e-001  0.000000e+000  7.812500e-003
      vertex  7.500000e-001  1.501150e-004  6.288357e-003
      vertex  7.500000e-001  0.000000e+000  7.812500e-003
    endloop
  endfacet
endsolid CATIA STL
