solid CATIA STL
  facet normal  0.000000e+000  0.000000e+000  9.999999e-001
    outer loop
      vertex  6.552632e-001  6.474507e-001  1.484375e-001
      vertex -6.552632e-001 -6.552632e-001  1.484375e-001
      vertex  6.552632e-001 -6.552632e-001  1.484375e-001
    endloop
  endfacet
  facet normal  0.000000e+000  0.000000e+000  9.999999e-001
    outer loop
      vertex  6.551130e-001  6.489748e-001  1.484375e-001
      vertex  6.546685e-001  6.504404e-001  1.484375e-001
      vertex  6.539465e-001  6.517910e-001  1.484375e-001
    endloop
  endfacet
  facet normal  0.000000e+000  0.000000e+000  1.000000e+000
    outer loop
      vertex  6.551130e-001  6.489748e-001  1.484375e-001
      vertex  6.539465e-001  6.517910e-001  1.484375e-001
      vertex  6.529749e-001  6.529749e-001  1.484375e-001
    endloop
  endfacet
  facet normal  0.000000e+000  0.000000e+000  1.000000e+000
    outer loop
      vertex  6.551130e-001  6.489748e-001  1.484375e-001
      vertex  6.529749e-001  6.529749e-001  1.484375e-001
      vertex  6.517910e-001  6.539465e-001  1.484375e-001
    endloop
  endfacet
  facet normal  0.000000e+000  0.000000e+000  1.000000e+000
    outer loop
      vertex  6.551130e-001  6.489748e-001  1.484375e-001
      vertex  6.517910e-001  6.539465e-001  1.484375e-001
      vertex  6.504404e-001  6.546685e-001  1.484375e-001
    endloop
  endfacet
  facet normal  0.000000e+000  0.000000e+000  1.000000e+000
    outer loop
      vertex  6.551130e-001  6.489748e-001  1.484375e-001
      vertex  6.504404e-001  6.546685e-001  1.484375e-001
      vertex  6.489748e-001  6.551130e-001  1.484375e-001
    endloop
  endfacet
  facet normal  0.000000e+000  0.000000e+000  1.000000e+000
    outer loop
      vertex  6.551130e-001  6.489748e-001  1.484375e-001
      vertex  6.489748e-001  6.551130e-001  1.484375e-001
      vertex  6.474507e-001  6.552632e-001  1.484375e-001
    endloop
  endfacet
  facet normal  0.000000e+000  0.000000e+000  1.000000e+000
    outer loop
      vertex -6.552632e-001  6.552632e-001  1.484375e-001
      vertex -6.552632e-001 -6.552632e-001  1.484375e-001
      vertex  6.552632e-001  6.474507e-001  1.484375e-001
    endloop
  endfacet
  facet normal  0.000000e+000  0.000000e+000  1.000000e+000
    outer loop
      vertex -6.552632e-001  6.552632e-001  1.484375e-001
      vertex  6.552632e-001  6.474507e-001  1.484375e-001
      vertex  6.551130e-001  6.489748e-001  1.484375e-001
    endloop
  endfacet
  facet normal  0.000000e+000  0.000000e+000  9.999999e-001
    outer loop
      vertex -6.552632e-001  6.552632e-001  1.484375e-001
      vertex  6.551130e-001  6.489748e-001  1.484375e-001
      vertex  6.474507e-001  6.552632e-001  1.484375e-001
    endloop
  endfacet
  facet normal  0.000000e+000  0.000000e+000 -9.999999e-001
    outer loop
      vertex  6.552632e-001 -6.552632e-001  0.000000e+000
      vertex -6.552632e-001 -6.552632e-001  0.000000e+000
      vertex  6.552632e-001  6.474507e-001  0.000000e+000
    endloop
  endfacet
  facet normal  0.000000e+000  0.000000e+000 -1.000000e+000
    outer loop
      vertex  6.551130e-001  6.489748e-001  0.000000e+000
      vertex  6.474507e-001  6.552632e-001  0.000000e+000
      vertex  6.489748e-001  6.551130e-001  0.000000e+000
    endloop
  endfacet
  facet normal  0.000000e+000  0.000000e+000 -1.000000e+000
    outer loop
      vertex  6.551130e-001  6.489748e-001  0.000000e+000
      vertex  6.489748e-001  6.551130e-001  0.000000e+000
      vertex  6.504404e-001  6.546685e-001  0.000000e+000
    endloop
  endfacet
  facet normal  0.000000e+000  0.000000e+000 -1.000000e+000
    outer loop
      vertex  6.551130e-001  6.489748e-001  0.000000e+000
      vertex  6.504404e-001  6.546685e-001  0.000000e+000
      vertex  6.517910e-001  6.539465e-001  0.000000e+000
    endloop
  endfacet
  facet normal  0.000000e+000  0.000000e+000 -1.000000e+000
    outer loop
      vertex  6.551130e-001  6.489748e-001  0.000000e+000
      vertex  6.517910e-001  6.539465e-001  0.000000e+000
      vertex  6.529749e-001  6.529749e-001  0.000000e+000
    endloop
  endfacet
  facet normal  0.000000e+000  0.000000e+000 -1.000000e+000
    outer loop
      vertex  6.551130e-001  6.489748e-001  0.000000e+000
      vertex  6.529749e-001  6.529749e-001  0.000000e+000
      vertex  6.539465e-001  6.517910e-001  0.000000e+000
    endloop
  endfacet
  facet normal  0.000000e+000  0.000000e+000 -9.999999e-001
    outer loop
      vertex  6.551130e-001  6.489748e-001  0.000000e+000
      vertex  6.539465e-001  6.517910e-001  0.000000e+000
      vertex  6.546685e-001  6.504404e-001  0.000000e+000
    endloop
  endfacet
  facet normal  -0.000000e+000  -0.000000e+000 -1.000000e+000
    outer loop
      vertex -6.552632e-001  6.552632e-001  0.000000e+000
      vertex  6.474507e-001  6.552632e-001  0.000000e+000
      vertex  6.551130e-001  6.489748e-001  0.000000e+000
    endloop
  endfacet
  facet normal  -0.000000e+000  -0.000000e+000 -1.000000e+000
    outer loop
      vertex -6.552632e-001  6.552632e-001  0.000000e+000
      vertex  6.551130e-001  6.489748e-001  0.000000e+000
      vertex  6.552632e-001  6.474507e-001  0.000000e+000
    endloop
  endfacet
  facet normal  -0.000000e+000  0.000000e+000 -1.000000e+000
    outer loop
      vertex -6.552632e-001  6.552632e-001  0.000000e+000
      vertex  6.552632e-001  6.474507e-001  0.000000e+000
      vertex -6.552632e-001 -6.552632e-001  0.000000e+000
    endloop
  endfacet
  facet normal  0.000000e+000  1.000000e+000  -0.000000e+000
    outer loop
      vertex  6.474507e-001  6.552632e-001  1.484375e-001
      vertex  6.474507e-001  6.552632e-001  0.000000e+000
      vertex -6.552632e-001  6.552632e-001  1.484375e-001
    endloop
  endfacet
  facet normal  0.000000e+000  1.000000e+000  0.000000e+000
    outer loop
      vertex -6.552632e-001  6.552632e-001  1.484375e-001
      vertex  6.474507e-001  6.552632e-001  0.000000e+000
      vertex -6.552632e-001  6.552632e-001  0.000000e+000
    endloop
  endfacet
  facet normal  1.000000e+000  0.000000e+000  0.000000e+000
    outer loop
      vertex  6.552632e-001 -6.552632e-001  1.484375e-001
      vertex  6.552632e-001 -6.552632e-001  0.000000e+000
      vertex  6.552632e-001  6.474507e-001  1.484375e-001
    endloop
  endfacet
  facet normal  1.000000e+000  0.000000e+000  0.000000e+000
    outer loop
      vertex  6.552632e-001  6.474507e-001  1.484375e-001
      vertex  6.552632e-001 -6.552632e-001  0.000000e+000
      vertex  6.552632e-001  6.474507e-001  0.000000e+000
    endloop
  endfacet
  facet normal  9.803929e-002  9.951825e-001  0.000000e+000
    outer loop
      vertex  6.474507e-001  6.552632e-001  0.000000e+000
      vertex  6.474507e-001  6.552632e-001  1.484375e-001
      vertex  6.489748e-001  6.551130e-001  0.000000e+000
    endloop
  endfacet
  facet normal  9.803929e-002  9.951825e-001  -0.000000e+000
    outer loop
      vertex  6.489748e-001  6.551130e-001  0.000000e+000
      vertex  6.474507e-001  6.552632e-001  1.484375e-001
      vertex  6.489748e-001  6.551130e-001  1.484375e-001
    endloop
  endfacet
  facet normal  2.902850e-001  9.569402e-001  0.000000e+000
    outer loop
      vertex  6.489748e-001  6.551130e-001  0.000000e+000
      vertex  6.489748e-001  6.551130e-001  1.484375e-001
      vertex  6.504404e-001  6.546685e-001  0.000000e+000
    endloop
  endfacet
  facet normal  2.902850e-001  9.569402e-001  -0.000000e+000
    outer loop
      vertex  6.504404e-001  6.546685e-001  0.000000e+000
      vertex  6.489748e-001  6.551130e-001  1.484375e-001
      vertex  6.504404e-001  6.546685e-001  1.484375e-001
    endloop
  endfacet
  facet normal  4.713961e-001  8.819216e-001  0.000000e+000
    outer loop
      vertex  6.504404e-001  6.546685e-001  0.000000e+000
      vertex  6.504404e-001  6.546685e-001  1.484375e-001
      vertex  6.517910e-001  6.539465e-001  0.000000e+000
    endloop
  endfacet
  facet normal  4.713961e-001  8.819216e-001  -0.000000e+000
    outer loop
      vertex  6.517910e-001  6.539465e-001  0.000000e+000
      vertex  6.504404e-001  6.546685e-001  1.484375e-001
      vertex  6.517910e-001  6.539465e-001  1.484375e-001
    endloop
  endfacet
  facet normal  6.344091e-001  7.729976e-001  0.000000e+000
    outer loop
      vertex  6.517910e-001  6.539465e-001  0.000000e+000
      vertex  6.517910e-001  6.539465e-001  1.484375e-001
      vertex  6.529749e-001  6.529749e-001  0.000000e+000
    endloop
  endfacet
  facet normal  6.344091e-001  7.729976e-001  -0.000000e+000
    outer loop
      vertex  6.529749e-001  6.529749e-001  0.000000e+000
      vertex  6.517910e-001  6.539465e-001  1.484375e-001
      vertex  6.529749e-001  6.529749e-001  1.484375e-001
    endloop
  endfacet
  facet normal  7.729976e-001  6.344091e-001  0.000000e+000
    outer loop
      vertex  6.529749e-001  6.529749e-001  0.000000e+000
      vertex  6.529749e-001  6.529749e-001  1.484375e-001
      vertex  6.539465e-001  6.517910e-001  0.000000e+000
    endloop
  endfacet
  facet normal  7.729976e-001  6.344091e-001  -0.000000e+000
    outer loop
      vertex  6.539465e-001  6.517910e-001  0.000000e+000
      vertex  6.529749e-001  6.529749e-001  1.484375e-001
      vertex  6.539465e-001  6.517910e-001  1.484375e-001
    endloop
  endfacet
  facet normal  8.819216e-001  4.713961e-001  0.000000e+000
    outer loop
      vertex  6.539465e-001  6.517910e-001  0.000000e+000
      vertex  6.539465e-001  6.517910e-001  1.484375e-001
      vertex  6.546685e-001  6.504404e-001  0.000000e+000
    endloop
  endfacet
  facet normal  8.819216e-001  4.713961e-001  -0.000000e+000
    outer loop
      vertex  6.546685e-001  6.504404e-001  0.000000e+000
      vertex  6.539465e-001  6.517910e-001  1.484375e-001
      vertex  6.546685e-001  6.504404e-001  1.484375e-001
    endloop
  endfacet
  facet normal  9.569402e-001  2.902850e-001  0.000000e+000
    outer loop
      vertex  6.546685e-001  6.504404e-001  0.000000e+000
      vertex  6.546685e-001  6.504404e-001  1.484375e-001
      vertex  6.551130e-001  6.489748e-001  0.000000e+000
    endloop
  endfacet
  facet normal  9.569402e-001  2.902850e-001  -0.000000e+000
    outer loop
      vertex  6.551130e-001  6.489748e-001  0.000000e+000
      vertex  6.546685e-001  6.504404e-001  1.484375e-001
      vertex  6.551130e-001  6.489748e-001  1.484375e-001
    endloop
  endfacet
  facet normal  9.951825e-001  9.803929e-002  0.000000e+000
    outer loop
      vertex  6.551130e-001  6.489748e-001  0.000000e+000
      vertex  6.551130e-001  6.489748e-001  1.484375e-001
      vertex  6.552632e-001  6.474507e-001  0.000000e+000
    endloop
  endfacet
  facet normal  9.951825e-001  9.803929e-002  -0.000000e+000
    outer loop
      vertex  6.552632e-001  6.474507e-001  0.000000e+000
      vertex  6.551130e-001  6.489748e-001  1.484375e-001
      vertex  6.552632e-001  6.474507e-001  1.484375e-001
    endloop
  endfacet
  facet normal -1.000000e+000  0.000000e+000  0.000000e+000
    outer loop
      vertex -6.552632e-001  6.552632e-001  1.484375e-001
      vertex -6.552632e-001  6.552632e-001  0.000000e+000
      vertex -6.552632e-001 -6.552632e-001  1.484375e-001
    endloop
  endfacet
  facet normal -1.000000e+000  0.000000e+000  0.000000e+000
    outer loop
      vertex -6.552632e-001 -6.552632e-001  1.484375e-001
      vertex -6.552632e-001  6.552632e-001  0.000000e+000
      vertex -6.552632e-001 -6.552632e-001  0.000000e+000
    endloop
  endfacet
  facet normal  0.000000e+000 -1.000000e+000  0.000000e+000
    outer loop
      vertex -6.552632e-001 -6.552632e-001  1.484375e-001
      vertex -6.552632e-001 -6.552632e-001  0.000000e+000
      vertex  6.552632e-001 -6.552632e-001  1.484375e-001
    endloop
  endfacet
  facet normal  0.000000e+000 -1.000000e+000  -0.000000e+000
    outer loop
      vertex  6.552632e-001 -6.552632e-001  1.484375e-001
      vertex -6.552632e-001 -6.552632e-001  0.000000e+000
      vertex  6.552632e-001 -6.552632e-001  0.000000e+000
    endloop
  endfacet
endsolid CATIA STL
