solid CATIA STL
  facet normal  0.000000e+000  0.000000e+000  1.000000e+000
    outer loop
      vertex -7.500000e-001 -7.500000e-001  7.500000e-001
      vertex  7.500000e-001 -7.500000e-001  7.500000e-001
      vertex -7.500000e-001  6.796875e-001  7.500000e-001
    endloop
  endfacet
  facet normal  -0.000000e+000  0.000000e+000  1.000000e+000
    outer loop
      vertex -7.500000e-001  6.796875e-001  7.500000e-001
      vertex  7.500000e-001 -7.500000e-001  7.500000e-001
      vertex  7.500000e-001  6.796875e-001  7.500000e-001
    endloop
  endfacet
  facet normal -1.000000e+000  -0.000000e+000  -0.000000e+000
    outer loop
      vertex -7.500000e-001 -7.500000e-001  7.500000e-001
      vertex -7.500000e-001  6.796875e-001  7.500000e-001
      vertex -7.500000e-001  6.934048e-001  7.486489e-001
    endloop
  endfacet
  facet normal -1.000000e+000  -0.000000e+000  -0.000000e+000
    outer loop
      vertex -7.500000e-001 -7.500000e-001  7.500000e-001
      vertex -7.500000e-001  6.934048e-001  7.486489e-001
      vertex -7.500000e-001  7.065949e-001  7.446478e-001
    endloop
  endfacet
  facet normal -1.000000e+000  -0.000000e+000  -0.000000e+000
    outer loop
      vertex -7.500000e-001 -7.500000e-001  7.500000e-001
      vertex -7.500000e-001  7.065949e-001  7.446478e-001
      vertex -7.500000e-001  7.187510e-001  7.381502e-001
    endloop
  endfacet
  facet normal -1.000000e+000  -0.000000e+000  -0.000000e+000
    outer loop
      vertex -7.500000e-001 -7.500000e-001  7.500000e-001
      vertex -7.500000e-001  7.187510e-001  7.381502e-001
      vertex -7.500000e-001  7.294059e-001  7.294059e-001
    endloop
  endfacet
  facet normal -1.000000e+000  -0.000000e+000  -0.000000e+000
    outer loop
      vertex -7.500000e-001 -7.500000e-001  7.500000e-001
      vertex -7.500000e-001  7.294059e-001  7.294059e-001
      vertex -7.500000e-001  7.381502e-001  7.187510e-001
    endloop
  endfacet
  facet normal -1.000000e+000  -0.000000e+000  -0.000000e+000
    outer loop
      vertex -7.500000e-001 -7.500000e-001  7.500000e-001
      vertex -7.500000e-001  7.381502e-001  7.187510e-001
      vertex -7.500000e-001  7.446478e-001  7.065949e-001
    endloop
  endfacet
  facet normal -1.000000e+000  -0.000000e+000  -0.000000e+000
    outer loop
      vertex -7.500000e-001 -7.500000e-001  7.500000e-001
      vertex -7.500000e-001  7.446478e-001  7.065949e-001
      vertex -7.500000e-001  7.486489e-001  6.934048e-001
    endloop
  endfacet
  facet normal -1.000000e+000  -0.000000e+000  -0.000000e+000
    outer loop
      vertex -7.500000e-001 -7.500000e-001  7.500000e-001
      vertex -7.500000e-001  7.486489e-001  6.934048e-001
      vertex -7.500000e-001  7.500000e-001  6.796875e-001
    endloop
  endfacet
  facet normal -1.000000e+000  -0.000000e+000  -0.000000e+000
    outer loop
      vertex -7.500000e-001 -7.500000e-001  7.500000e-001
      vertex -7.500000e-001  7.500000e-001  6.796875e-001
      vertex -7.500000e-001  7.500000e-001 -7.500000e-001
    endloop
  endfacet
  facet normal -1.000000e+000  0.000000e+000  0.000000e+000
    outer loop
      vertex -7.500000e-001 -7.500000e-001  7.500000e-001
      vertex -7.500000e-001  7.500000e-001 -7.500000e-001
      vertex -7.500000e-001 -7.500000e-001 -7.500000e-001
    endloop
  endfacet
  facet normal  0.000000e+000  1.000000e+000  0.000000e+000
    outer loop
      vertex  7.500000e-001  7.500000e-001 -7.500000e-001
      vertex -7.500000e-001  7.500000e-001 -7.500000e-001
      vertex  7.500000e-001  7.500000e-001  6.796875e-001
    endloop
  endfacet
  facet normal  0.000000e+000  1.000000e+000  0.000000e+000
    outer loop
      vertex  7.500000e-001  7.500000e-001  6.796875e-001
      vertex -7.500000e-001  7.500000e-001 -7.500000e-001
      vertex -7.500000e-001  7.500000e-001  6.796875e-001
    endloop
  endfacet
  facet normal  1.000000e+000  0.000000e+000  0.000000e+000
    outer loop
      vertex  7.500000e-001 -7.500000e-001  7.500000e-001
      vertex  7.500000e-001 -7.500000e-001 -7.500000e-001
      vertex  7.500000e-001  7.500000e-001 -7.500000e-001
    endloop
  endfacet
  facet normal  1.000000e+000  0.000000e+000  -0.000000e+000
    outer loop
      vertex  7.500000e-001 -7.500000e-001  7.500000e-001
      vertex  7.500000e-001  7.500000e-001 -7.500000e-001
      vertex  7.500000e-001  7.500000e-001  6.796875e-001
    endloop
  endfacet
  facet normal  1.000000e+000  0.000000e+000  0.000000e+000
    outer loop
      vertex  7.500000e-001 -7.500000e-001  7.500000e-001
      vertex  7.500000e-001  7.500000e-001  6.796875e-001
      vertex  7.500000e-001  7.486489e-001  6.934048e-001
    endloop
  endfacet
  facet normal  1.000000e+000  0.000000e+000  0.000000e+000
    outer loop
      vertex  7.500000e-001 -7.500000e-001  7.500000e-001
      vertex  7.500000e-001  7.486489e-001  6.934048e-001
      vertex  7.500000e-001  7.446478e-001  7.065949e-001
    endloop
  endfacet
  facet normal  1.000000e+000  0.000000e+000  0.000000e+000
    outer loop
      vertex  7.500000e-001 -7.500000e-001  7.500000e-001
      vertex  7.500000e-001  7.446478e-001  7.065949e-001
      vertex  7.500000e-001  7.381502e-001  7.187510e-001
    endloop
  endfacet
  facet normal  1.000000e+000  0.000000e+000  0.000000e+000
    outer loop
      vertex  7.500000e-001 -7.500000e-001  7.500000e-001
      vertex  7.500000e-001  7.381502e-001  7.187510e-001
      vertex  7.500000e-001  7.294059e-001  7.294059e-001
    endloop
  endfacet
  facet normal  1.000000e+000  0.000000e+000  0.000000e+000
    outer loop
      vertex  7.500000e-001 -7.500000e-001  7.500000e-001
      vertex  7.500000e-001  7.294059e-001  7.294059e-001
      vertex  7.500000e-001  7.187510e-001  7.381502e-001
    endloop
  endfacet
  facet normal  1.000000e+000  0.000000e+000  0.000000e+000
    outer loop
      vertex  7.500000e-001 -7.500000e-001  7.500000e-001
      vertex  7.500000e-001  7.187510e-001  7.381502e-001
      vertex  7.500000e-001  7.065949e-001  7.446478e-001
    endloop
  endfacet
  facet normal  1.000000e+000  0.000000e+000  0.000000e+000
    outer loop
      vertex  7.500000e-001 -7.500000e-001  7.500000e-001
      vertex  7.500000e-001  7.065949e-001  7.446478e-001
      vertex  7.500000e-001  6.934048e-001  7.486489e-001
    endloop
  endfacet
  facet normal  1.000000e+000  0.000000e+000  0.000000e+000
    outer loop
      vertex  7.500000e-001 -7.500000e-001  7.500000e-001
      vertex  7.500000e-001  6.934048e-001  7.486489e-001
      vertex  7.500000e-001  6.796875e-001  7.500000e-001
    endloop
  endfacet
  facet normal  -0.000000e+000  9.951845e-001  9.801879e-002
    outer loop
      vertex  7.500000e-001  7.500000e-001  6.796875e-001
      vertex -7.500000e-001  7.500000e-001  6.796875e-001
      vertex  7.500000e-001  7.486489e-001  6.934048e-001
    endloop
  endfacet
  facet normal  0.000000e+000  9.951845e-001  9.801879e-002
    outer loop
      vertex  7.500000e-001  7.486489e-001  6.934048e-001
      vertex -7.500000e-001  7.500000e-001  6.796875e-001
      vertex -7.500000e-001  7.486489e-001  6.934048e-001
    endloop
  endfacet
  facet normal  -0.000000e+000  9.569414e-001  2.902815e-001
    outer loop
      vertex  7.500000e-001  7.486489e-001  6.934048e-001
      vertex -7.500000e-001  7.486489e-001  6.934048e-001
      vertex  7.500000e-001  7.446478e-001  7.065949e-001
    endloop
  endfacet
  facet normal  0.000000e+000  9.569414e-001  2.902815e-001
    outer loop
      vertex  7.500000e-001  7.446478e-001  7.065949e-001
      vertex -7.500000e-001  7.486489e-001  6.934048e-001
      vertex -7.500000e-001  7.446478e-001  7.065949e-001
    endloop
  endfacet
  facet normal  -0.000000e+000  8.819193e-001  4.714005e-001
    outer loop
      vertex  7.500000e-001  7.446478e-001  7.065949e-001
      vertex -7.500000e-001  7.446478e-001  7.065949e-001
      vertex  7.500000e-001  7.381502e-001  7.187510e-001
    endloop
  endfacet
  facet normal  0.000000e+000  8.819193e-001  4.714005e-001
    outer loop
      vertex  7.500000e-001  7.381502e-001  7.187510e-001
      vertex -7.500000e-001  7.446478e-001  7.065949e-001
      vertex -7.500000e-001  7.381502e-001  7.187510e-001
    endloop
  endfacet
  facet normal  -0.000000e+000  7.730116e-001  6.343919e-001
    outer loop
      vertex  7.500000e-001  7.381502e-001  7.187510e-001
      vertex -7.500000e-001  7.381502e-001  7.187510e-001
      vertex  7.500000e-001  7.294059e-001  7.294059e-001
    endloop
  endfacet
  facet normal  0.000000e+000  7.730116e-001  6.343919e-001
    outer loop
      vertex  7.500000e-001  7.294059e-001  7.294059e-001
      vertex -7.500000e-001  7.381502e-001  7.187510e-001
      vertex -7.500000e-001  7.294059e-001  7.294059e-001
    endloop
  endfacet
  facet normal  -0.000000e+000  6.343919e-001  7.730116e-001
    outer loop
      vertex  7.500000e-001  7.294059e-001  7.294059e-001
      vertex -7.500000e-001  7.294059e-001  7.294059e-001
      vertex  7.500000e-001  7.187510e-001  7.381502e-001
    endloop
  endfacet
  facet normal  0.000000e+000  6.343919e-001  7.730116e-001
    outer loop
      vertex  7.500000e-001  7.187510e-001  7.381502e-001
      vertex -7.500000e-001  7.294059e-001  7.294059e-001
      vertex -7.500000e-001  7.187510e-001  7.381502e-001
    endloop
  endfacet
  facet normal  -0.000000e+000  4.714005e-001  8.819193e-001
    outer loop
      vertex  7.500000e-001  7.187510e-001  7.381502e-001
      vertex -7.500000e-001  7.187510e-001  7.381502e-001
      vertex  7.500000e-001  7.065949e-001  7.446478e-001
    endloop
  endfacet
  facet normal  0.000000e+000  4.714005e-001  8.819193e-001
    outer loop
      vertex  7.500000e-001  7.065949e-001  7.446478e-001
      vertex -7.500000e-001  7.187510e-001  7.381502e-001
      vertex -7.500000e-001  7.065949e-001  7.446478e-001
    endloop
  endfacet
  facet normal  -0.000000e+000  2.902815e-001  9.569414e-001
    outer loop
      vertex  7.500000e-001  7.065949e-001  7.446478e-001
      vertex -7.500000e-001  7.065949e-001  7.446478e-001
      vertex  7.500000e-001  6.934048e-001  7.486489e-001
    endloop
  endfacet
  facet normal  0.000000e+000  2.902815e-001  9.569414e-001
    outer loop
      vertex  7.500000e-001  6.934048e-001  7.486489e-001
      vertex -7.500000e-001  7.065949e-001  7.446478e-001
      vertex -7.500000e-001  6.934048e-001  7.486489e-001
    endloop
  endfacet
  facet normal  -0.000000e+000  9.801879e-002  9.951845e-001
    outer loop
      vertex  7.500000e-001  6.934048e-001  7.486489e-001
      vertex -7.500000e-001  6.934048e-001  7.486489e-001
      vertex  7.500000e-001  6.796875e-001  7.500000e-001
    endloop
  endfacet
  facet normal  0.000000e+000  9.801879e-002  9.951845e-001
    outer loop
      vertex  7.500000e-001  6.796875e-001  7.500000e-001
      vertex -7.500000e-001  6.934048e-001  7.486489e-001
      vertex -7.500000e-001  6.796875e-001  7.500000e-001
    endloop
  endfacet
  facet normal  0.000000e+000  0.000000e+000 -1.000000e+000
    outer loop
      vertex -7.500000e-001 -7.500000e-001 -7.500000e-001
      vertex -7.500000e-001  7.500000e-001 -7.500000e-001
      vertex  7.500000e-001 -7.500000e-001 -7.500000e-001
    endloop
  endfacet
  facet normal  0.000000e+000  0.000000e+000 -1.000000e+000
    outer loop
      vertex  7.500000e-001 -7.500000e-001 -7.500000e-001
      vertex -7.500000e-001  7.500000e-001 -7.500000e-001
      vertex  7.500000e-001  7.500000e-001 -7.500000e-001
    endloop
  endfacet
  facet normal  0.000000e+000 -1.000000e+000  0.000000e+000
    outer loop
      vertex -7.500000e-001 -7.500000e-001 -7.500000e-001
      vertex  7.500000e-001 -7.500000e-001 -7.500000e-001
      vertex -7.500000e-001 -7.500000e-001  7.500000e-001
    endloop
  endfacet
  facet normal  0.000000e+000 -1.000000e+000  0.000000e+000
    outer loop
      vertex -7.500000e-001 -7.500000e-001  7.500000e-001
      vertex  7.500000e-001 -7.500000e-001 -7.500000e-001
      vertex  7.500000e-001 -7.500000e-001  7.500000e-001
    endloop
  endfacet
endsolid CATIA STL
