solid CATIA STL
  facet normal  0.000000e+000  0.000000e+000  1.000000e+000
    outer loop
      vertex -5.234375e-001  5.234375e-001  7.500000e-001
      vertex -5.234375e-001 -4.062500e-001  7.500000e-001
      vertex  5.234375e-001 -4.062500e-001  7.500000e-001
    endloop
  endfacet
  facet normal  0.000000e+000  -0.000000e+000  1.000000e+000
    outer loop
      vertex -5.234375e-001  5.234375e-001  7.500000e-001
      vertex  5.234375e-001 -4.062500e-001  7.500000e-001
      vertex  5.234375e-001  3.984375e-001  7.500000e-001
    endloop
  endfacet
  facet normal  0.000000e+000  0.000000e+000  1.000000e+000
    outer loop
      vertex -5.234375e-001  5.234375e-001  7.500000e-001
      vertex  5.234375e-001  3.984375e-001  7.500000e-001
      vertex  5.210357e-001  4.228238e-001  7.500000e-001
    endloop
  endfacet
  facet normal  0.000000e+000  0.000000e+000  1.000000e+000
    outer loop
      vertex -5.234375e-001  5.234375e-001  7.500000e-001
      vertex  5.210357e-001  4.228238e-001  7.500000e-001
      vertex  5.139225e-001  4.462729e-001  7.500000e-001
    endloop
  endfacet
  facet normal  0.000000e+000  0.000000e+000  1.000000e+000
    outer loop
      vertex -5.234375e-001  5.234375e-001  7.500000e-001
      vertex  5.139225e-001  4.462729e-001  7.500000e-001
      vertex  5.023712e-001  4.678838e-001  7.500000e-001
    endloop
  endfacet
  facet normal  0.000000e+000  0.000000e+000  1.000000e+000
    outer loop
      vertex -5.234375e-001  5.234375e-001  7.500000e-001
      vertex  5.023712e-001  4.678838e-001  7.500000e-001
      vertex  4.868259e-001  4.868259e-001  7.500000e-001
    endloop
  endfacet
  facet normal  0.000000e+000  0.000000e+000  1.000000e+000
    outer loop
      vertex -5.234375e-001  5.234375e-001  7.500000e-001
      vertex  4.868259e-001  4.868259e-001  7.500000e-001
      vertex  4.678838e-001  5.023712e-001  7.500000e-001
    endloop
  endfacet
  facet normal  0.000000e+000  0.000000e+000  1.000000e+000
    outer loop
      vertex -5.234375e-001  5.234375e-001  7.500000e-001
      vertex  4.678838e-001  5.023712e-001  7.500000e-001
      vertex  4.462729e-001  5.139225e-001  7.500000e-001
    endloop
  endfacet
  facet normal  0.000000e+000  0.000000e+000  1.000000e+000
    outer loop
      vertex -5.234375e-001  5.234375e-001  7.500000e-001
      vertex  4.462729e-001  5.139225e-001  7.500000e-001
      vertex  4.228238e-001  5.210357e-001  7.500000e-001
    endloop
  endfacet
  facet normal  0.000000e+000  0.000000e+000  1.000000e+000
    outer loop
      vertex -5.234375e-001  5.234375e-001  7.500000e-001
      vertex  4.228238e-001  5.210357e-001  7.500000e-001
      vertex  3.984375e-001  5.234375e-001  7.500000e-001
    endloop
  endfacet
  facet normal  1.000000e+000  0.000000e+000  0.000000e+000
    outer loop
      vertex  5.234375e-001  3.984375e-001  0.000000e+000
      vertex  5.234375e-001  3.984375e-001  7.500000e-001
      vertex  5.234375e-001 -5.234375e-001  0.000000e+000
    endloop
  endfacet
  facet normal  1.000000e+000  0.000000e+000  0.000000e+000
    outer loop
      vertex  5.234375e-001 -5.234375e-001  0.000000e+000
      vertex  5.234375e-001  3.984375e-001  7.500000e-001
      vertex  5.234375e-001 -4.062500e-001  7.500000e-001
    endloop
  endfacet
  facet normal  1.000000e+000  0.000000e+000  0.000000e+000
    outer loop
      vertex  5.234375e-001 -5.234375e-001  0.000000e+000
      vertex  5.234375e-001 -4.062500e-001  7.500000e-001
      vertex  5.234375e-001 -5.234375e-001  6.718750e-001
    endloop
  endfacet
  facet normal  -0.000000e+000  -0.000000e+000 -1.000000e+000
    outer loop
      vertex -5.234375e-001  5.234375e-001  0.000000e+000
      vertex  3.984375e-001  5.234375e-001  0.000000e+000
      vertex  4.228238e-001  5.210357e-001  0.000000e+000
    endloop
  endfacet
  facet normal  -0.000000e+000  -0.000000e+000 -1.000000e+000
    outer loop
      vertex -5.234375e-001  5.234375e-001  0.000000e+000
      vertex  4.228238e-001  5.210357e-001  0.000000e+000
      vertex  4.462729e-001  5.139225e-001  0.000000e+000
    endloop
  endfacet
  facet normal  -0.000000e+000  -0.000000e+000 -1.000000e+000
    outer loop
      vertex -5.234375e-001  5.234375e-001  0.000000e+000
      vertex  4.462729e-001  5.139225e-001  0.000000e+000
      vertex  4.678838e-001  5.023712e-001  0.000000e+000
    endloop
  endfacet
  facet normal  -0.000000e+000  -0.000000e+000 -1.000000e+000
    outer loop
      vertex -5.234375e-001  5.234375e-001  0.000000e+000
      vertex  4.678838e-001  5.023712e-001  0.000000e+000
      vertex  4.868259e-001  4.868259e-001  0.000000e+000
    endloop
  endfacet
  facet normal  -0.000000e+000  -0.000000e+000 -1.000000e+000
    outer loop
      vertex -5.234375e-001  5.234375e-001  0.000000e+000
      vertex  4.868259e-001  4.868259e-001  0.000000e+000
      vertex  5.023712e-001  4.678838e-001  0.000000e+000
    endloop
  endfacet
  facet normal  -0.000000e+000  -0.000000e+000 -1.000000e+000
    outer loop
      vertex -5.234375e-001  5.234375e-001  0.000000e+000
      vertex  5.023712e-001  4.678838e-001  0.000000e+000
      vertex  5.139225e-001  4.462729e-001  0.000000e+000
    endloop
  endfacet
  facet normal  -0.000000e+000  -0.000000e+000 -1.000000e+000
    outer loop
      vertex -5.234375e-001  5.234375e-001  0.000000e+000
      vertex  5.139225e-001  4.462729e-001  0.000000e+000
      vertex  5.210357e-001  4.228238e-001  0.000000e+000
    endloop
  endfacet
  facet normal  -0.000000e+000  -0.000000e+000 -1.000000e+000
    outer loop
      vertex -5.234375e-001  5.234375e-001  0.000000e+000
      vertex  5.210357e-001  4.228238e-001  0.000000e+000
      vertex  5.234375e-001  3.984375e-001  0.000000e+000
    endloop
  endfacet
  facet normal  -0.000000e+000  -0.000000e+000 -9.999999e-001
    outer loop
      vertex -5.234375e-001  5.234375e-001  0.000000e+000
      vertex  5.234375e-001  3.984375e-001  0.000000e+000
      vertex  5.234375e-001 -5.234375e-001  0.000000e+000
    endloop
  endfacet
  facet normal  0.000000e+000  0.000000e+000 -1.000000e+000
    outer loop
      vertex -5.234375e-001  5.234375e-001  0.000000e+000
      vertex  5.234375e-001 -5.234375e-001  0.000000e+000
      vertex -5.234375e-001 -5.234375e-001  0.000000e+000
    endloop
  endfacet
  facet normal  0.000000e+000  1.000000e+000  -0.000000e+000
    outer loop
      vertex  3.984375e-001  5.234375e-001  7.500000e-001
      vertex  3.984375e-001  5.234375e-001  0.000000e+000
      vertex -5.234375e-001  5.234375e-001  7.500000e-001
    endloop
  endfacet
  facet normal  0.000000e+000  1.000000e+000  0.000000e+000
    outer loop
      vertex -5.234375e-001  5.234375e-001  7.500000e-001
      vertex  3.984375e-001  5.234375e-001  0.000000e+000
      vertex -5.234375e-001  5.234375e-001  0.000000e+000
    endloop
  endfacet
  facet normal  9.801669e-002  9.951847e-001  0.000000e+000
    outer loop
      vertex  3.984375e-001  5.234375e-001  0.000000e+000
      vertex  3.984375e-001  5.234375e-001  7.500000e-001
      vertex  4.228238e-001  5.210357e-001  0.000000e+000
    endloop
  endfacet
  facet normal  9.801669e-002  9.951847e-001  -0.000000e+000
    outer loop
      vertex  4.228238e-001  5.210357e-001  0.000000e+000
      vertex  3.984375e-001  5.234375e-001  7.500000e-001
      vertex  4.228238e-001  5.210357e-001  7.500000e-001
    endloop
  endfacet
  facet normal  2.902845e-001  9.569404e-001  0.000000e+000
    outer loop
      vertex  4.228238e-001  5.210357e-001  0.000000e+000
      vertex  4.228238e-001  5.210357e-001  7.500000e-001
      vertex  4.462729e-001  5.139225e-001  0.000000e+000
    endloop
  endfacet
  facet normal  2.902845e-001  9.569404e-001  -0.000000e+000
    outer loop
      vertex  4.462729e-001  5.139225e-001  0.000000e+000
      vertex  4.228238e-001  5.210357e-001  7.500000e-001
      vertex  4.462729e-001  5.139225e-001  7.500000e-001
    endloop
  endfacet
  facet normal  4.713978e-001  8.819207e-001  0.000000e+000
    outer loop
      vertex  4.462729e-001  5.139225e-001  0.000000e+000
      vertex  4.462729e-001  5.139225e-001  7.500000e-001
      vertex  4.678838e-001  5.023712e-001  0.000000e+000
    endloop
  endfacet
  facet normal  4.713978e-001  8.819207e-001  -0.000000e+000
    outer loop
      vertex  4.678838e-001  5.023712e-001  0.000000e+000
      vertex  4.462729e-001  5.139225e-001  7.500000e-001
      vertex  4.678838e-001  5.023712e-001  7.500000e-001
    endloop
  endfacet
  facet normal  6.343925e-001  7.730111e-001  0.000000e+000
    outer loop
      vertex  4.678838e-001  5.023712e-001  0.000000e+000
      vertex  4.678838e-001  5.023712e-001  7.500000e-001
      vertex  4.868259e-001  4.868259e-001  0.000000e+000
    endloop
  endfacet
  facet normal  6.343925e-001  7.730111e-001  -0.000000e+000
    outer loop
      vertex  4.868259e-001  4.868259e-001  0.000000e+000
      vertex  4.678838e-001  5.023712e-001  7.500000e-001
      vertex  4.868259e-001  4.868259e-001  7.500000e-001
    endloop
  endfacet
  facet normal  7.730111e-001  6.343925e-001  0.000000e+000
    outer loop
      vertex  4.868259e-001  4.868259e-001  0.000000e+000
      vertex  4.868259e-001  4.868259e-001  7.500000e-001
      vertex  5.023712e-001  4.678838e-001  0.000000e+000
    endloop
  endfacet
  facet normal  7.730111e-001  6.343925e-001  -0.000000e+000
    outer loop
      vertex  5.023712e-001  4.678838e-001  0.000000e+000
      vertex  4.868259e-001  4.868259e-001  7.500000e-001
      vertex  5.023712e-001  4.678838e-001  7.500000e-001
    endloop
  endfacet
  facet normal  8.819207e-001  4.713978e-001  0.000000e+000
    outer loop
      vertex  5.023712e-001  4.678838e-001  0.000000e+000
      vertex  5.023712e-001  4.678838e-001  7.500000e-001
      vertex  5.139225e-001  4.462729e-001  0.000000e+000
    endloop
  endfacet
  facet normal  8.819207e-001  4.713978e-001  -0.000000e+000
    outer loop
      vertex  5.139225e-001  4.462729e-001  0.000000e+000
      vertex  5.023712e-001  4.678838e-001  7.500000e-001
      vertex  5.139225e-001  4.462729e-001  7.500000e-001
    endloop
  endfacet
  facet normal  9.569404e-001  2.902845e-001  0.000000e+000
    outer loop
      vertex  5.139225e-001  4.462729e-001  0.000000e+000
      vertex  5.139225e-001  4.462729e-001  7.500000e-001
      vertex  5.210357e-001  4.228238e-001  0.000000e+000
    endloop
  endfacet
  facet normal  9.569404e-001  2.902845e-001  -0.000000e+000
    outer loop
      vertex  5.210357e-001  4.228238e-001  0.000000e+000
      vertex  5.139225e-001  4.462729e-001  7.500000e-001
      vertex  5.210357e-001  4.228238e-001  7.500000e-001
    endloop
  endfacet
  facet normal  9.951847e-001  9.801669e-002  0.000000e+000
    outer loop
      vertex  5.210357e-001  4.228238e-001  0.000000e+000
      vertex  5.210357e-001  4.228238e-001  7.500000e-001
      vertex  5.234375e-001  3.984375e-001  0.000000e+000
    endloop
  endfacet
  facet normal  9.951847e-001  9.801669e-002  -0.000000e+000
    outer loop
      vertex  5.234375e-001  3.984375e-001  0.000000e+000
      vertex  5.210357e-001  4.228238e-001  7.500000e-001
      vertex  5.234375e-001  3.984375e-001  7.500000e-001
    endloop
  endfacet
  facet normal -1.000000e+000  0.000000e+000  0.000000e+000
    outer loop
      vertex -5.234375e-001  5.234375e-001  7.500000e-001
      vertex -5.234375e-001  5.234375e-001  0.000000e+000
      vertex -5.234375e-001 -4.062500e-001  7.500000e-001
    endloop
  endfacet
  facet normal -1.000000e+000  0.000000e+000  -0.000000e+000
    outer loop
      vertex -5.234375e-001 -4.062500e-001  7.500000e-001
      vertex -5.234375e-001  5.234375e-001  0.000000e+000
      vertex -5.234375e-001 -5.234375e-001  0.000000e+000
    endloop
  endfacet
  facet normal -1.000000e+000  0.000000e+000  0.000000e+000
    outer loop
      vertex -5.234375e-001 -4.062500e-001  7.500000e-001
      vertex -5.234375e-001 -5.234375e-001  0.000000e+000
      vertex -5.234375e-001 -5.234375e-001  6.718750e-001
    endloop
  endfacet
  facet normal  0.000000e+000 -1.000000e+000  0.000000e+000
    outer loop
      vertex -5.234375e-001 -5.234375e-001  6.718750e-001
      vertex -5.234375e-001 -5.234375e-001  0.000000e+000
      vertex  5.234375e-001 -5.234375e-001  6.718750e-001
    endloop
  endfacet
  facet normal  0.000000e+000 -1.000000e+000  -0.000000e+000
    outer loop
      vertex  5.234375e-001 -5.234375e-001  6.718750e-001
      vertex -5.234375e-001 -5.234375e-001  0.000000e+000
      vertex  5.234375e-001 -5.234375e-001  0.000000e+000
    endloop
  endfacet
  facet normal  0.000000e+000 -5.547003e-001  8.320503e-001
    outer loop
      vertex  5.234375e-001 -4.062500e-001  7.500000e-001
      vertex -5.234375e-001 -4.062500e-001  7.500000e-001
      vertex  5.234375e-001 -5.234375e-001  6.718750e-001
    endloop
  endfacet
  facet normal  0.000000e+000 -5.547003e-001  8.320503e-001
    outer loop
      vertex  5.234375e-001 -5.234375e-001  6.718750e-001
      vertex -5.234375e-001 -4.062500e-001  7.500000e-001
      vertex -5.234375e-001 -5.234375e-001  6.718750e-001
    endloop
  endfacet
endsolid CATIA STL
