solid CATIA STL
  facet normal  0.000000e+000  0.000000e+000  1.000000e+000
    outer loop
      vertex  7.894737e-003 -7.500000e-001  7.500000e-001
      vertex  7.894737e-003  2.506767e-016  7.500000e-001
      vertex -7.500000e-001 -7.500000e-001  7.500000e-001
    endloop
  endfacet
  facet normal  0.000000e+000  0.000000e+000  1.000000e+000
    outer loop
      vertex -7.500000e-001 -7.500000e-001  7.500000e-001
      vertex  7.894737e-003  2.506767e-016  7.500000e-001
      vertex -7.500000e-001  1.665335e-016  7.500000e-001
    endloop
  endfacet
  facet normal  0.000000e+000 -1.000000e+000  0.000000e+000
    outer loop
      vertex  7.894737e-003 -7.500000e-001  7.500000e-001
      vertex -7.500000e-001 -7.500000e-001  7.500000e-001
      vertex  7.894737e-003 -7.500000e-001 -5.460526e-002
    endloop
  endfacet
  facet normal  -0.000000e+000 -1.000000e+000  0.000000e+000
    outer loop
      vertex  7.894737e-003 -7.500000e-001 -5.460526e-002
      vertex -7.500000e-001 -7.500000e-001  7.500000e-001
      vertex -7.500000e-001 -7.500000e-001 -7.500000e-001
    endloop
  endfacet
  facet normal  0.000000e+000 -1.000000e+000  0.000000e+000
    outer loop
      vertex  7.894737e-003 -7.500000e-001 -5.460526e-002
      vertex -7.500000e-001 -7.500000e-001 -7.500000e-001
      vertex  7.500000e-001 -7.500000e-001 -5.460526e-002
    endloop
  endfacet
  facet normal  0.000000e+000 -1.000000e+000  -0.000000e+000
    outer loop
      vertex  7.500000e-001 -7.500000e-001 -5.460526e-002
      vertex -7.500000e-001 -7.500000e-001 -7.500000e-001
      vertex  7.500000e-001 -7.500000e-001 -7.500000e-001
    endloop
  endfacet
  facet normal  -0.000000e+000  0.000000e+000  9.999999e-001
    outer loop
      vertex  7.500000e-001  2.506767e-016  7.894737e-003
      vertex  7.894737e-003  1.682864e-016  7.894737e-003
      vertex  7.500000e-001 -7.421875e-001  7.894737e-003
    endloop
  endfacet
  facet normal  0.000000e+000  0.000000e+000  9.999999e-001
    outer loop
      vertex  7.500000e-001 -7.421875e-001  7.894737e-003
      vertex  7.894737e-003  1.682864e-016  7.894737e-003
      vertex  7.894737e-003 -7.421875e-001  7.894737e-003
    endloop
  endfacet
  facet normal  1.000000e+000  0.000000e+000  0.000000e+000
    outer loop
      vertex  7.500000e-001 -7.500000e-001 -7.500000e-001
      vertex  7.500000e-001  1.665335e-016 -7.500000e-001
      vertex  7.500000e-001 -7.500000e-001 -5.460526e-002
    endloop
  endfacet
  facet normal  1.000000e+000  -0.000000e+000  0.000000e+000
    outer loop
      vertex  7.500000e-001 -7.500000e-001 -5.460526e-002
      vertex  7.500000e-001  1.665335e-016 -7.500000e-001
      vertex  7.500000e-001  2.506767e-016  7.894737e-003
    endloop
  endfacet
  facet normal  1.000000e+000  0.000000e+000  0.000000e+000
    outer loop
      vertex  7.500000e-001 -7.500000e-001 -5.460526e-002
      vertex  7.500000e-001  2.506767e-016  7.894737e-003
      vertex  7.500000e-001 -7.421875e-001  7.894737e-003
    endloop
  endfacet
  facet normal  9.999999e-001  0.000000e+000  0.000000e+000
    outer loop
      vertex  7.894737e-003  1.682864e-016  7.894737e-003
      vertex  7.894737e-003  2.506767e-016  7.500000e-001
      vertex  7.894737e-003 -7.421875e-001  7.894737e-003
    endloop
  endfacet
  facet normal  1.000000e+000  0.000000e+000  -0.000000e+000
    outer loop
      vertex  7.894737e-003 -7.421875e-001  7.894737e-003
      vertex  7.894737e-003  2.506767e-016  7.500000e-001
      vertex  7.894737e-003 -7.500000e-001  7.500000e-001
    endloop
  endfacet
  facet normal  1.000000e+000  0.000000e+000  0.000000e+000
    outer loop
      vertex  7.894737e-003 -7.421875e-001  7.894737e-003
      vertex  7.894737e-003 -7.500000e-001  7.500000e-001
      vertex  7.894737e-003 -7.500000e-001 -5.460526e-002
    endloop
  endfacet
  facet normal -1.000000e+000  -0.000000e+000  0.000000e+000
    outer loop
      vertex -7.500000e-001 -7.500000e-001  7.500000e-001
      vertex -7.500000e-001  1.665335e-016  7.500000e-001
      vertex -7.500000e-001 -7.500000e-001 -7.500000e-001
    endloop
  endfacet
  facet normal -1.000000e+000  0.000000e+000  0.000000e+000
    outer loop
      vertex -7.500000e-001 -7.500000e-001 -7.500000e-001
      vertex -7.500000e-001  1.665335e-016  7.500000e-001
      vertex -7.500000e-001  0.000000e+000 -7.500000e-001
    endloop
  endfacet
  facet normal  0.000000e+000 -9.922779e-001  1.240347e-001
    outer loop
      vertex  7.894737e-003 -7.500000e-001 -5.460526e-002
      vertex  7.500000e-001 -7.500000e-001 -5.460526e-002
      vertex  7.894737e-003 -7.421875e-001  7.894737e-003
    endloop
  endfacet
  facet normal  0.000000e+000 -9.922779e-001  1.240347e-001
    outer loop
      vertex  7.894737e-003 -7.421875e-001  7.894737e-003
      vertex  7.500000e-001 -7.500000e-001 -5.460526e-002
      vertex  7.500000e-001 -7.421875e-001  7.894737e-003
    endloop
  endfacet
  facet normal -1.110223e-016  1.000000e+000 -1.110223e-016
    outer loop
      vertex -7.500000e-001  0.000000e+000 -7.500000e-001
      vertex -7.500000e-001  1.665335e-016  7.500000e-001
      vertex  7.894737e-003  2.506767e-016  7.500000e-001
    endloop
  endfacet
  facet normal -1.110223e-016  1.000000e+000 -1.110223e-016
    outer loop
      vertex -7.500000e-001  0.000000e+000 -7.500000e-001
      vertex  7.894737e-003  2.506767e-016  7.500000e-001
      vertex  7.894737e-003  1.682864e-016  7.894737e-003
    endloop
  endfacet
  facet normal -1.110223e-016  1.000000e+000 -1.110223e-016
    outer loop
      vertex -7.500000e-001  0.000000e+000 -7.500000e-001
      vertex  7.894737e-003  1.682864e-016  7.894737e-003
      vertex  7.500000e-001  2.506767e-016  7.894737e-003
    endloop
  endfacet
  facet normal -1.110223e-016  1.000000e+000 -1.110223e-016
    outer loop
      vertex -7.500000e-001  0.000000e+000 -7.500000e-001
      vertex  7.500000e-001  2.506767e-016  7.894737e-003
      vertex  7.500000e-001  1.665335e-016 -7.500000e-001
    endloop
  endfacet
  facet normal  0.000000e+000  0.000000e+000 -1.000000e+000
    outer loop
      vertex -7.500000e-001 -7.500000e-001 -7.500000e-001
      vertex -7.500000e-001  0.000000e+000 -7.500000e-001
      vertex  7.500000e-001 -7.500000e-001 -7.500000e-001
    endloop
  endfacet
  facet normal  0.000000e+000  0.000000e+000 -1.000000e+000
    outer loop
      vertex  7.500000e-001 -7.500000e-001 -7.500000e-001
      vertex -7.500000e-001  0.000000e+000 -7.500000e-001
      vertex  7.500000e-001  1.665335e-016 -7.500000e-001
    endloop
  endfacet
endsolid CATIA STL
