solid CATIA STL
  facet normal  0.000000e+000  0.000000e+000  1.000000e+000
    outer loop
      vertex -2.343750e-001  2.265625e-001  7.500000e-001
      vertex -2.343750e-001 -2.343750e-001  7.500000e-001
      vertex  2.265625e-001 -2.343750e-001  7.500000e-001
    endloop
  endfacet
  facet normal  0.000000e+000  -0.000000e+000  1.000000e+000
    outer loop
      vertex -2.343750e-001  2.265625e-001  7.500000e-001
      vertex  2.265625e-001 -2.343750e-001  7.500000e-001
      vertex  2.265625e-001  1.015625e-001  7.500000e-001
    endloop
  endfacet
  facet normal  0.000000e+000  0.000000e+000  1.000000e+000
    outer loop
      vertex -2.343750e-001  2.265625e-001  7.500000e-001
      vertex  2.265625e-001  1.015625e-001  7.500000e-001
      vertex  2.241607e-001  1.259488e-001  7.500000e-001
    endloop
  endfacet
  facet normal  0.000000e+000  0.000000e+000  1.000000e+000
    outer loop
      vertex -2.343750e-001  2.265625e-001  7.500000e-001
      vertex  2.241607e-001  1.259488e-001  7.500000e-001
      vertex  2.170474e-001  1.493979e-001  7.500000e-001
    endloop
  endfacet
  facet normal  0.000000e+000  0.000000e+000  1.000000e+000
    outer loop
      vertex -2.343750e-001  2.265625e-001  7.500000e-001
      vertex  2.170474e-001  1.493979e-001  7.500000e-001
      vertex  2.054962e-001  1.710088e-001  7.500000e-001
    endloop
  endfacet
  facet normal  0.000000e+000  0.000000e+000  1.000000e+000
    outer loop
      vertex -2.343750e-001  2.265625e-001  7.500000e-001
      vertex  2.054962e-001  1.710088e-001  7.500000e-001
      vertex  1.899509e-001  1.899509e-001  7.500000e-001
    endloop
  endfacet
  facet normal  0.000000e+000  0.000000e+000  1.000000e+000
    outer loop
      vertex -2.343750e-001  2.265625e-001  7.500000e-001
      vertex  1.899509e-001  1.899509e-001  7.500000e-001
      vertex  1.710088e-001  2.054962e-001  7.500000e-001
    endloop
  endfacet
  facet normal  0.000000e+000  0.000000e+000  1.000000e+000
    outer loop
      vertex -2.343750e-001  2.265625e-001  7.500000e-001
      vertex  1.710088e-001  2.054962e-001  7.500000e-001
      vertex  1.493979e-001  2.170474e-001  7.500000e-001
    endloop
  endfacet
  facet normal  0.000000e+000  0.000000e+000  1.000000e+000
    outer loop
      vertex -2.343750e-001  2.265625e-001  7.500000e-001
      vertex  1.493979e-001  2.170474e-001  7.500000e-001
      vertex  1.259488e-001  2.241607e-001  7.500000e-001
    endloop
  endfacet
  facet normal  0.000000e+000  0.000000e+000  1.000000e+000
    outer loop
      vertex -2.343750e-001  2.265625e-001  7.500000e-001
      vertex  1.259488e-001  2.241607e-001  7.500000e-001
      vertex  1.015625e-001  2.265625e-001  7.500000e-001
    endloop
  endfacet
  facet normal  -0.000000e+000  -0.000000e+000 -1.000000e+000
    outer loop
      vertex -2.343750e-001  2.265625e-001  0.000000e+000
      vertex  1.015625e-001  2.265625e-001  0.000000e+000
      vertex  1.259488e-001  2.241607e-001  0.000000e+000
    endloop
  endfacet
  facet normal  -0.000000e+000  -0.000000e+000 -1.000000e+000
    outer loop
      vertex -2.343750e-001  2.265625e-001  0.000000e+000
      vertex  1.259488e-001  2.241607e-001  0.000000e+000
      vertex  1.493979e-001  2.170474e-001  0.000000e+000
    endloop
  endfacet
  facet normal  -0.000000e+000  -0.000000e+000 -1.000000e+000
    outer loop
      vertex -2.343750e-001  2.265625e-001  0.000000e+000
      vertex  1.493979e-001  2.170474e-001  0.000000e+000
      vertex  1.710088e-001  2.054962e-001  0.000000e+000
    endloop
  endfacet
  facet normal  -0.000000e+000  -0.000000e+000 -1.000000e+000
    outer loop
      vertex -2.343750e-001  2.265625e-001  0.000000e+000
      vertex  1.710088e-001  2.054962e-001  0.000000e+000
      vertex  1.899509e-001  1.899509e-001  0.000000e+000
    endloop
  endfacet
  facet normal  -0.000000e+000  -0.000000e+000 -1.000000e+000
    outer loop
      vertex -2.343750e-001  2.265625e-001  0.000000e+000
      vertex  1.899509e-001  1.899509e-001  0.000000e+000
      vertex  2.054962e-001  1.710088e-001  0.000000e+000
    endloop
  endfacet
  facet normal  -0.000000e+000  -0.000000e+000 -1.000000e+000
    outer loop
      vertex -2.343750e-001  2.265625e-001  0.000000e+000
      vertex  2.054962e-001  1.710088e-001  0.000000e+000
      vertex  2.170474e-001  1.493979e-001  0.000000e+000
    endloop
  endfacet
  facet normal  -0.000000e+000  -0.000000e+000 -1.000000e+000
    outer loop
      vertex -2.343750e-001  2.265625e-001  0.000000e+000
      vertex  2.170474e-001  1.493979e-001  0.000000e+000
      vertex  2.241607e-001  1.259488e-001  0.000000e+000
    endloop
  endfacet
  facet normal  -0.000000e+000  -0.000000e+000 -1.000000e+000
    outer loop
      vertex -2.343750e-001  2.265625e-001  0.000000e+000
      vertex  2.241607e-001  1.259488e-001  0.000000e+000
      vertex  2.265625e-001  1.015625e-001  0.000000e+000
    endloop
  endfacet
  facet normal  -0.000000e+000  -0.000000e+000 -1.000000e+000
    outer loop
      vertex -2.343750e-001  2.265625e-001  0.000000e+000
      vertex  2.265625e-001  1.015625e-001  0.000000e+000
      vertex  2.265625e-001 -2.343750e-001  0.000000e+000
    endloop
  endfacet
  facet normal  0.000000e+000  0.000000e+000 -1.000000e+000
    outer loop
      vertex -2.343750e-001  2.265625e-001  0.000000e+000
      vertex  2.265625e-001 -2.343750e-001  0.000000e+000
      vertex -2.343750e-001 -2.343750e-001  0.000000e+000
    endloop
  endfacet
  facet normal  0.000000e+000  1.000000e+000  0.000000e+000
    outer loop
      vertex  1.015625e-001  2.265625e-001  0.000000e+000
      vertex -2.343750e-001  2.265625e-001  0.000000e+000
      vertex  1.015625e-001  2.265625e-001  7.500000e-001
    endloop
  endfacet
  facet normal  0.000000e+000  1.000000e+000  0.000000e+000
    outer loop
      vertex  1.015625e-001  2.265625e-001  7.500000e-001
      vertex -2.343750e-001  2.265625e-001  0.000000e+000
      vertex -2.343750e-001  2.265625e-001  7.500000e-001
    endloop
  endfacet
  facet normal  1.000000e+000  0.000000e+000  0.000000e+000
    outer loop
      vertex  2.265625e-001 -2.343750e-001  0.000000e+000
      vertex  2.265625e-001  1.015625e-001  0.000000e+000
      vertex  2.265625e-001 -2.343750e-001  7.500000e-001
    endloop
  endfacet
  facet normal  1.000000e+000  -0.000000e+000  0.000000e+000
    outer loop
      vertex  2.265625e-001 -2.343750e-001  7.500000e-001
      vertex  2.265625e-001  1.015625e-001  0.000000e+000
      vertex  2.265625e-001  1.015625e-001  7.500000e-001
    endloop
  endfacet
  facet normal  9.801731e-002  9.951847e-001  0.000000e+000
    outer loop
      vertex  1.015625e-001  2.265625e-001  0.000000e+000
      vertex  1.015625e-001  2.265625e-001  7.500000e-001
      vertex  1.259488e-001  2.241607e-001  0.000000e+000
    endloop
  endfacet
  facet normal  9.801731e-002  9.951847e-001  -0.000000e+000
    outer loop
      vertex  1.259488e-001  2.241607e-001  0.000000e+000
      vertex  1.015625e-001  2.265625e-001  7.500000e-001
      vertex  1.259488e-001  2.241607e-001  7.500000e-001
    endloop
  endfacet
  facet normal  2.902847e-001  9.569404e-001  0.000000e+000
    outer loop
      vertex  1.259488e-001  2.241607e-001  0.000000e+000
      vertex  1.259488e-001  2.241607e-001  7.500000e-001
      vertex  1.493979e-001  2.170474e-001  0.000000e+000
    endloop
  endfacet
  facet normal  2.902847e-001  9.569404e-001  -0.000000e+000
    outer loop
      vertex  1.493979e-001  2.170474e-001  0.000000e+000
      vertex  1.259488e-001  2.241607e-001  7.500000e-001
      vertex  1.493979e-001  2.170474e-001  7.500000e-001
    endloop
  endfacet
  facet normal  4.713964e-001  8.819215e-001  0.000000e+000
    outer loop
      vertex  1.493979e-001  2.170474e-001  0.000000e+000
      vertex  1.493979e-001  2.170474e-001  7.500000e-001
      vertex  1.710088e-001  2.054962e-001  0.000000e+000
    endloop
  endfacet
  facet normal  4.713964e-001  8.819215e-001  -0.000000e+000
    outer loop
      vertex  1.710088e-001  2.054962e-001  0.000000e+000
      vertex  1.493979e-001  2.170474e-001  7.500000e-001
      vertex  1.710088e-001  2.054962e-001  7.500000e-001
    endloop
  endfacet
  facet normal  6.343932e-001  7.730105e-001  0.000000e+000
    outer loop
      vertex  1.710088e-001  2.054962e-001  0.000000e+000
      vertex  1.710088e-001  2.054962e-001  7.500000e-001
      vertex  1.899509e-001  1.899509e-001  0.000000e+000
    endloop
  endfacet
  facet normal  6.343932e-001  7.730105e-001  -0.000000e+000
    outer loop
      vertex  1.899509e-001  1.899509e-001  0.000000e+000
      vertex  1.710088e-001  2.054962e-001  7.500000e-001
      vertex  1.899509e-001  1.899509e-001  7.500000e-001
    endloop
  endfacet
  facet normal  7.730105e-001  6.343932e-001  0.000000e+000
    outer loop
      vertex  1.899509e-001  1.899509e-001  0.000000e+000
      vertex  1.899509e-001  1.899509e-001  7.500000e-001
      vertex  2.054962e-001  1.710088e-001  0.000000e+000
    endloop
  endfacet
  facet normal  7.730105e-001  6.343932e-001  -0.000000e+000
    outer loop
      vertex  2.054962e-001  1.710088e-001  0.000000e+000
      vertex  1.899509e-001  1.899509e-001  7.500000e-001
      vertex  2.054962e-001  1.710088e-001  7.500000e-001
    endloop
  endfacet
  facet normal  8.819215e-001  4.713964e-001  0.000000e+000
    outer loop
      vertex  2.054962e-001  1.710088e-001  0.000000e+000
      vertex  2.054962e-001  1.710088e-001  7.500000e-001
      vertex  2.170474e-001  1.493979e-001  0.000000e+000
    endloop
  endfacet
  facet normal  8.819215e-001  4.713964e-001  -0.000000e+000
    outer loop
      vertex  2.170474e-001  1.493979e-001  0.000000e+000
      vertex  2.054962e-001  1.710088e-001  7.500000e-001
      vertex  2.170474e-001  1.493979e-001  7.500000e-001
    endloop
  endfacet
  facet normal  9.569404e-001  2.902847e-001  0.000000e+000
    outer loop
      vertex  2.170474e-001  1.493979e-001  0.000000e+000
      vertex  2.170474e-001  1.493979e-001  7.500000e-001
      vertex  2.241607e-001  1.259488e-001  0.000000e+000
    endloop
  endfacet
  facet normal  9.569404e-001  2.902847e-001  -0.000000e+000
    outer loop
      vertex  2.241607e-001  1.259488e-001  0.000000e+000
      vertex  2.170474e-001  1.493979e-001  7.500000e-001
      vertex  2.241607e-001  1.259488e-001  7.500000e-001
    endloop
  endfacet
  facet normal  9.951847e-001  9.801731e-002  0.000000e+000
    outer loop
      vertex  2.241607e-001  1.259488e-001  0.000000e+000
      vertex  2.241607e-001  1.259488e-001  7.500000e-001
      vertex  2.265625e-001  1.015625e-001  0.000000e+000
    endloop
  endfacet
  facet normal  9.951847e-001  9.801731e-002  -0.000000e+000
    outer loop
      vertex  2.265625e-001  1.015625e-001  0.000000e+000
      vertex  2.241607e-001  1.259488e-001  7.500000e-001
      vertex  2.265625e-001  1.015625e-001  7.500000e-001
    endloop
  endfacet
  facet normal -1.000000e+000  0.000000e+000  0.000000e+000
    outer loop
      vertex -2.343750e-001  2.265625e-001  0.000000e+000
      vertex -2.343750e-001 -2.343750e-001  0.000000e+000
      vertex -2.343750e-001  2.265625e-001  7.500000e-001
    endloop
  endfacet
  facet normal -1.000000e+000  -0.000000e+000  0.000000e+000
    outer loop
      vertex -2.343750e-001  2.265625e-001  7.500000e-001
      vertex -2.343750e-001 -2.343750e-001  0.000000e+000
      vertex -2.343750e-001 -2.343750e-001  7.500000e-001
    endloop
  endfacet
  facet normal  0.000000e+000 -1.000000e+000  0.000000e+000
    outer loop
      vertex -2.343750e-001 -2.343750e-001  0.000000e+000
      vertex  2.265625e-001 -2.343750e-001  0.000000e+000
      vertex -2.343750e-001 -2.343750e-001  7.500000e-001
    endloop
  endfacet
  facet normal  0.000000e+000 -1.000000e+000  0.000000e+000
    outer loop
      vertex -2.343750e-001 -2.343750e-001  7.500000e-001
      vertex  2.265625e-001 -2.343750e-001  0.000000e+000
      vertex  2.265625e-001 -2.343750e-001  7.500000e-001
    endloop
  endfacet
endsolid CATIA STL
