solid CATIA STL
  facet normal  0.000000e+000 -1.000000e+000  0.000000e+000
    outer loop
      vertex  7.500000e-001 -7.812500e-003  3.112665e-001
      vertex -7.812500e-003 -7.812500e-003  3.112665e-001
      vertex -7.812500e-003 -7.812500e-003  8.673617e-019
    endloop
  endfacet
  facet normal  0.000000e+000 -1.000000e+000  0.000000e+000
    outer loop
      vertex  7.500000e-001 -7.812500e-003  3.112665e-001
      vertex -7.812500e-003 -7.812500e-003  8.673617e-019
      vertex -7.662385e-003 -7.812500e-003 -1.524143e-003
    endloop
  endfacet
  facet normal  0.000000e+000 -1.000000e+000  0.000000e+000
    outer loop
      vertex  7.500000e-001 -7.812500e-003  3.112665e-001
      vertex -7.662385e-003 -7.812500e-003 -1.524143e-003
      vertex -7.217809e-003 -7.812500e-003 -2.989714e-003
    endloop
  endfacet
  facet normal  0.000000e+000 -1.000000e+000  0.000000e+000
    outer loop
      vertex  7.500000e-001 -7.812500e-003  3.112665e-001
      vertex -7.217809e-003 -7.812500e-003 -2.989714e-003
      vertex -6.495856e-003 -7.812500e-003 -4.340393e-003
    endloop
  endfacet
  facet normal  0.000000e+000 -1.000000e+000  0.000000e+000
    outer loop
      vertex  7.500000e-001 -7.812500e-003  3.112665e-001
      vertex -6.495856e-003 -7.812500e-003 -4.340393e-003
      vertex -5.524272e-003 -7.812500e-003 -5.524272e-003
    endloop
  endfacet
  facet normal  0.000000e+000 -1.000000e+000  0.000000e+000
    outer loop
      vertex  7.500000e-001 -7.812500e-003  3.112665e-001
      vertex -5.524272e-003 -7.812500e-003 -5.524272e-003
      vertex -4.340393e-003 -7.812500e-003 -6.495856e-003
    endloop
  endfacet
  facet normal  0.000000e+000 -1.000000e+000  0.000000e+000
    outer loop
      vertex  7.500000e-001 -7.812500e-003  3.112665e-001
      vertex -4.340393e-003 -7.812500e-003 -6.495856e-003
      vertex -2.989714e-003 -7.812500e-003 -7.217809e-003
    endloop
  endfacet
  facet normal  0.000000e+000 -1.000000e+000  0.000000e+000
    outer loop
      vertex  7.500000e-001 -7.812500e-003  3.112665e-001
      vertex -2.989714e-003 -7.812500e-003 -7.217809e-003
      vertex -1.524143e-003 -7.812500e-003 -7.662385e-003
    endloop
  endfacet
  facet normal  0.000000e+000 -1.000000e+000  0.000000e+000
    outer loop
      vertex  7.500000e-001 -7.812500e-003  3.112665e-001
      vertex -1.524143e-003 -7.812500e-003 -7.662385e-003
      vertex  4.336809e-018 -7.812500e-003 -7.812500e-003
    endloop
  endfacet
  facet normal  0.000000e+000 -9.999999e-001  0.000000e+000
    outer loop
      vertex  7.500000e-001 -7.812500e-003  3.112665e-001
      vertex  4.336809e-018 -7.812500e-003 -7.812500e-003
      vertex  7.500000e-001 -7.812500e-003 -7.812500e-003
    endloop
  endfacet
  facet normal -6.158268e-017  9.999999e-001 -6.158267e-017
    outer loop
      vertex  7.500000e-001  6.631786e-017  3.112665e-001
      vertex  7.500000e-001  4.666813e-017 -7.812500e-003
      vertex  3.469447e-018  4.811147e-019 -7.812500e-003
    endloop
  endfacet
  facet normal -6.158269e-017  1.000000e+000 -6.158266e-017
    outer loop
      vertex  7.500000e-001  6.631786e-017  3.112665e-001
      vertex  3.469447e-018  4.811147e-019 -7.812500e-003
      vertex -1.524143e-003  3.964984e-019 -7.662385e-003
    endloop
  endfacet
  facet normal -6.158269e-017  1.000000e+000 -6.158266e-017
    outer loop
      vertex  7.500000e-001  6.631786e-017  3.112665e-001
      vertex -1.524143e-003  3.964984e-019 -7.662385e-003
      vertex -2.989714e-003  3.336227e-019 -7.217809e-003
    endloop
  endfacet
  facet normal -6.158267e-017  1.000000e+000 -6.158270e-017
    outer loop
      vertex  7.500000e-001  6.631786e-017  3.112665e-001
      vertex -2.989714e-003  3.336227e-019 -7.217809e-003
      vertex -4.340393e-003  2.949042e-019 -6.495856e-003
    endloop
  endfacet
  facet normal -6.158269e-017  1.000000e+000 -6.158266e-017
    outer loop
      vertex  7.500000e-001  6.631786e-017  3.112665e-001
      vertex -4.340393e-003  2.949042e-019 -6.495856e-003
      vertex -5.524272e-003  2.818305e-019 -5.524272e-003
    endloop
  endfacet
  facet normal -6.158267e-017  1.000000e+000 -6.158270e-017
    outer loop
      vertex  7.500000e-001  6.631786e-017  3.112665e-001
      vertex -5.524272e-003  2.818305e-019 -5.524272e-003
      vertex -6.495856e-003  2.949042e-019 -4.340393e-003
    endloop
  endfacet
  facet normal -6.158269e-017  1.000000e+000 -6.158266e-017
    outer loop
      vertex  7.500000e-001  6.631786e-017  3.112665e-001
      vertex -6.495856e-003  2.949042e-019 -4.340393e-003
      vertex -7.217809e-003  3.336227e-019 -2.989714e-003
    endloop
  endfacet
  facet normal -6.158267e-017  1.000000e+000 -6.158269e-017
    outer loop
      vertex  7.500000e-001  6.631786e-017  3.112665e-001
      vertex -7.217809e-003  3.336227e-019 -2.989714e-003
      vertex -7.662385e-003  3.964984e-019 -1.524143e-003
    endloop
  endfacet
  facet normal -6.158268e-017  1.000000e+000 -6.158269e-017
    outer loop
      vertex  7.500000e-001  6.631786e-017  3.112665e-001
      vertex -7.662385e-003  3.964984e-019 -1.524143e-003
      vertex -7.812500e-003  4.811147e-019  0.000000e+000
    endloop
  endfacet
  facet normal -6.158268e-017  1.000000e+000 -6.158268e-017
    outer loop
      vertex  7.500000e-001  6.631786e-017  3.112665e-001
      vertex -7.812500e-003  4.811147e-019  0.000000e+000
      vertex -7.812500e-003  1.964974e-017  3.112665e-001
    endloop
  endfacet
  facet normal -1.000000e+000  -0.000000e+000  0.000000e+000
    outer loop
      vertex -7.812500e-003 -7.812500e-003  3.112665e-001
      vertex -7.812500e-003  1.964974e-017  3.112665e-001
      vertex -7.812500e-003 -7.812500e-003  8.673617e-019
    endloop
  endfacet
  facet normal -1.000000e+000  0.000000e+000  0.000000e+000
    outer loop
      vertex -7.812500e-003 -7.812500e-003  8.673617e-019
      vertex -7.812500e-003  1.964974e-017  3.112665e-001
      vertex -7.812500e-003  4.811147e-019  0.000000e+000
    endloop
  endfacet
  facet normal  0.000000e+000  0.000000e+000 -1.000000e+000
    outer loop
      vertex  4.336809e-018 -7.812500e-003 -7.812500e-003
      vertex  3.469447e-018  4.811147e-019 -7.812500e-003
      vertex  7.500000e-001 -7.812500e-003 -7.812500e-003
    endloop
  endfacet
  facet normal  0.000000e+000  0.000000e+000 -1.000000e+000
    outer loop
      vertex  7.500000e-001 -7.812500e-003 -7.812500e-003
      vertex  3.469447e-018  4.811147e-019 -7.812500e-003
      vertex  7.500000e-001  4.666813e-017 -7.812500e-003
    endloop
  endfacet
  facet normal -9.801729e-002 -1.088211e-017 -9.951847e-001
    outer loop
      vertex  3.469447e-018  4.811147e-019 -7.812500e-003
      vertex  4.336809e-018 -7.812500e-003 -7.812500e-003
      vertex -1.524143e-003  3.964984e-019 -7.662385e-003
    endloop
  endfacet
  facet normal -9.801729e-002  -0.000000e+000 -9.951847e-001
    outer loop
      vertex -1.524143e-003  3.964984e-019 -7.662385e-003
      vertex  4.336809e-018 -7.812500e-003 -7.812500e-003
      vertex -1.524143e-003 -7.812500e-003 -7.662385e-003
    endloop
  endfacet
  facet normal -2.902847e-001  0.000000e+000 -9.569404e-001
    outer loop
      vertex -1.524143e-003  3.964984e-019 -7.662385e-003
      vertex -1.524143e-003 -7.812500e-003 -7.662385e-003
      vertex -2.989714e-003  3.336227e-019 -7.217809e-003
    endloop
  endfacet
  facet normal -2.902847e-001  -0.000000e+000 -9.569404e-001
    outer loop
      vertex -2.989714e-003  3.336227e-019 -7.217809e-003
      vertex -1.524143e-003 -7.812500e-003 -7.662385e-003
      vertex -2.989714e-003 -7.812500e-003 -7.217809e-003
    endloop
  endfacet
  facet normal -4.713967e-001  0.000000e+000 -8.819214e-001
    outer loop
      vertex -2.989714e-003  3.336227e-019 -7.217809e-003
      vertex -2.989714e-003 -7.812500e-003 -7.217809e-003
      vertex -4.340393e-003  2.949042e-019 -6.495856e-003
    endloop
  endfacet
  facet normal -4.713967e-001  -0.000000e+000 -8.819214e-001
    outer loop
      vertex -4.340393e-003  2.949042e-019 -6.495856e-003
      vertex -2.989714e-003 -7.812500e-003 -7.217809e-003
      vertex -4.340393e-003 -7.812500e-003 -6.495856e-003
    endloop
  endfacet
  facet normal -6.343933e-001  0.000000e+000 -7.730104e-001
    outer loop
      vertex -4.340393e-003  2.949042e-019 -6.495856e-003
      vertex -4.340393e-003 -7.812500e-003 -6.495856e-003
      vertex -5.524272e-003  2.818305e-019 -5.524272e-003
    endloop
  endfacet
  facet normal -6.343933e-001  -0.000000e+000 -7.730104e-001
    outer loop
      vertex -5.524272e-003  2.818305e-019 -5.524272e-003
      vertex -4.340393e-003 -7.812500e-003 -6.495856e-003
      vertex -5.524272e-003 -7.812500e-003 -5.524272e-003
    endloop
  endfacet
  facet normal -7.730104e-001  0.000000e+000 -6.343933e-001
    outer loop
      vertex -5.524272e-003  2.818305e-019 -5.524272e-003
      vertex -5.524272e-003 -7.812500e-003 -5.524272e-003
      vertex -6.495856e-003  2.949042e-019 -4.340393e-003
    endloop
  endfacet
  facet normal -7.730104e-001  -0.000000e+000 -6.343933e-001
    outer loop
      vertex -6.495856e-003  2.949042e-019 -4.340393e-003
      vertex -5.524272e-003 -7.812500e-003 -5.524272e-003
      vertex -6.495856e-003 -7.812500e-003 -4.340393e-003
    endloop
  endfacet
  facet normal -8.819214e-001  0.000000e+000 -4.713967e-001
    outer loop
      vertex -6.495856e-003  2.949042e-019 -4.340393e-003
      vertex -6.495856e-003 -7.812500e-003 -4.340393e-003
      vertex -7.217809e-003  3.336227e-019 -2.989714e-003
    endloop
  endfacet
  facet normal -8.819214e-001  -0.000000e+000 -4.713967e-001
    outer loop
      vertex -7.217809e-003  3.336227e-019 -2.989714e-003
      vertex -6.495856e-003 -7.812500e-003 -4.340393e-003
      vertex -7.217809e-003 -7.812500e-003 -2.989714e-003
    endloop
  endfacet
  facet normal -9.569404e-001  0.000000e+000 -2.902847e-001
    outer loop
      vertex -7.217809e-003  3.336227e-019 -2.989714e-003
      vertex -7.217809e-003 -7.812500e-003 -2.989714e-003
      vertex -7.662385e-003  3.964984e-019 -1.524143e-003
    endloop
  endfacet
  facet normal -9.569404e-001  -0.000000e+000 -2.902847e-001
    outer loop
      vertex -7.662385e-003  3.964984e-019 -1.524143e-003
      vertex -7.217809e-003 -7.812500e-003 -2.989714e-003
      vertex -7.662385e-003 -7.812500e-003 -1.524143e-003
    endloop
  endfacet
  facet normal -9.951847e-001  0.000000e+000 -9.801729e-002
    outer loop
      vertex -7.662385e-003  3.964984e-019 -1.524143e-003
      vertex -7.662385e-003 -7.812500e-003 -1.524143e-003
      vertex -7.812500e-003  4.811147e-019  0.000000e+000
    endloop
  endfacet
  facet normal -9.951847e-001 -1.088211e-017 -9.801729e-002
    outer loop
      vertex -7.812500e-003  4.811147e-019  0.000000e+000
      vertex -7.662385e-003 -7.812500e-003 -1.524143e-003
      vertex -7.812500e-003 -7.812500e-003  8.673617e-019
    endloop
  endfacet
  facet normal  0.000000e+000  0.000000e+000  9.999999e-001
    outer loop
      vertex  7.500000e-001 -7.812500e-003  3.112665e-001
      vertex  7.500000e-001  6.631786e-017  3.112665e-001
      vertex -7.812500e-003 -7.812500e-003  3.112665e-001
    endloop
  endfacet
  facet normal  0.000000e+000  0.000000e+000  9.999999e-001
    outer loop
      vertex -7.812500e-003 -7.812500e-003  3.112665e-001
      vertex  7.500000e-001  6.631786e-017  3.112665e-001
      vertex -7.812500e-003  1.964974e-017  3.112665e-001
    endloop
  endfacet
  facet normal  1.000000e+000  0.000000e+000  0.000000e+000
    outer loop
      vertex  7.500000e-001 -7.812500e-003 -7.812500e-003
      vertex  7.500000e-001  4.666813e-017 -7.812500e-003
      vertex  7.500000e-001 -7.812500e-003  3.112665e-001
    endloop
  endfacet
  facet normal  1.000000e+000  -0.000000e+000  0.000000e+000
    outer loop
      vertex  7.500000e-001 -7.812500e-003  3.112665e-001
      vertex  7.500000e-001  4.666813e-017 -7.812500e-003
      vertex  7.500000e-001  6.631786e-017  3.112665e-001
    endloop
  endfacet
endsolid CATIA STL
