solid CATIA STL
  facet normal  0.000000e+000 -1.000000e+000  0.000000e+000
    outer loop
      vertex -7.500000e-001 -7.500000e-001 -7.500000e-001
      vertex  7.500000e-001 -7.500000e-001 -7.500000e-001
      vertex  7.500000e-001 -7.500000e-001  7.894737e-003
    endloop
  endfacet
  facet normal  -0.000000e+000 -1.000000e+000  0.000000e+000
    outer loop
      vertex -7.500000e-001 -7.500000e-001 -7.500000e-001
      vertex  7.500000e-001 -7.500000e-001  7.894737e-003
      vertex  1.016447e-001 -7.500000e-001  7.894737e-003
    endloop
  endfacet
  facet normal  -0.000000e+000 -1.000000e+000  0.000000e+000
    outer loop
      vertex -7.500000e-001 -7.500000e-001 -7.500000e-001
      vertex  1.016447e-001 -7.500000e-001  7.894737e-003
      vertex  8.335502e-002 -7.500000e-001  9.696117e-003
    endloop
  endfacet
  facet normal  -0.000000e+000 -1.000000e+000  0.000000e+000
    outer loop
      vertex -7.500000e-001 -7.500000e-001 -7.500000e-001
      vertex  8.335502e-002 -7.500000e-001  9.696117e-003
      vertex  6.576817e-002 -7.500000e-001  1.503103e-002
    endloop
  endfacet
  facet normal  -0.000000e+000 -9.999999e-001  0.000000e+000
    outer loop
      vertex -7.500000e-001 -7.500000e-001 -7.500000e-001
      vertex  6.576817e-002 -7.500000e-001  1.503103e-002
      vertex  4.956003e-002 -7.500000e-001  2.369446e-002
    endloop
  endfacet
  facet normal  -0.000000e+000 -1.000000e+000  0.000000e+000
    outer loop
      vertex -7.500000e-001 -7.500000e-001 -7.500000e-001
      vertex  4.956003e-002 -7.500000e-001  2.369446e-002
      vertex  3.535347e-002 -7.500000e-001  3.535347e-002
    endloop
  endfacet
  facet normal  -0.000000e+000 -1.000000e+000  0.000000e+000
    outer loop
      vertex -7.500000e-001 -7.500000e-001 -7.500000e-001
      vertex  3.535347e-002 -7.500000e-001  3.535347e-002
      vertex  2.369446e-002 -7.500000e-001  4.956003e-002
    endloop
  endfacet
  facet normal  -0.000000e+000 -9.999999e-001  0.000000e+000
    outer loop
      vertex -7.500000e-001 -7.500000e-001 -7.500000e-001
      vertex  2.369446e-002 -7.500000e-001  4.956003e-002
      vertex  1.503103e-002 -7.500000e-001  6.576817e-002
    endloop
  endfacet
  facet normal  -0.000000e+000 -1.000000e+000  0.000000e+000
    outer loop
      vertex -7.500000e-001 -7.500000e-001 -7.500000e-001
      vertex  1.503103e-002 -7.500000e-001  6.576817e-002
      vertex  9.696117e-003 -7.500000e-001  8.335502e-002
    endloop
  endfacet
  facet normal  -0.000000e+000 -1.000000e+000  0.000000e+000
    outer loop
      vertex -7.500000e-001 -7.500000e-001 -7.500000e-001
      vertex  9.696117e-003 -7.500000e-001  8.335502e-002
      vertex  7.894737e-003 -7.500000e-001  1.016447e-001
    endloop
  endfacet
  facet normal  -0.000000e+000 -1.000000e+000  0.000000e+000
    outer loop
      vertex -7.500000e-001 -7.500000e-001 -7.500000e-001
      vertex  7.894737e-003 -7.500000e-001  1.016447e-001
      vertex  7.894737e-003 -7.500000e-001  7.500000e-001
    endloop
  endfacet
  facet normal  -0.000000e+000 -1.000000e+000  0.000000e+000
    outer loop
      vertex -7.500000e-001 -7.500000e-001 -7.500000e-001
      vertex  7.894737e-003 -7.500000e-001  7.500000e-001
      vertex -7.500000e-001 -7.500000e-001  7.500000e-001
    endloop
  endfacet
  facet normal  1.000000e+000  0.000000e+000  0.000000e+000
    outer loop
      vertex  7.500000e-001 -8.326673e-017  4.592425e-017
      vertex  7.500000e-001  2.506767e-016  7.894737e-003
      vertex  7.500000e-001 -7.500000e-001  7.894737e-003
    endloop
  endfacet
  facet normal  1.000000e+000  0.000000e+000  0.000000e+000
    outer loop
      vertex  7.500000e-001 -8.326673e-017  4.592425e-017
      vertex  7.500000e-001 -7.500000e-001  7.894737e-003
      vertex  7.500000e-001 -7.500000e-001 -7.500000e-001
    endloop
  endfacet
  facet normal  1.000000e+000  0.000000e+000  0.000000e+000
    outer loop
      vertex  7.500000e-001 -8.326673e-017  4.592425e-017
      vertex  7.500000e-001 -7.500000e-001 -7.500000e-001
      vertex  7.500000e-001  7.500000e-001 -7.500000e-001
    endloop
  endfacet
  facet normal  1.000000e+000  0.000000e+000  -0.000000e+000
    outer loop
      vertex  7.500000e-001 -8.326673e-017  4.592425e-017
      vertex  7.500000e-001  7.500000e-001 -7.500000e-001
      vertex  7.500000e-001  7.500000e-001  1.110223e-016
    endloop
  endfacet
  facet normal  0.000000e+000  0.000000e+000 -1.000000e+000
    outer loop
      vertex -7.500000e-001 -7.500000e-001 -7.500000e-001
      vertex -7.500000e-001  0.000000e+000 -7.500000e-001
      vertex  7.500000e-001 -7.500000e-001 -7.500000e-001
    endloop
  endfacet
  facet normal  0.000000e+000  0.000000e+000 -1.000000e+000
    outer loop
      vertex  7.500000e-001 -7.500000e-001 -7.500000e-001
      vertex -7.500000e-001  0.000000e+000 -7.500000e-001
      vertex  0.000000e+000  8.326673e-017 -7.500000e-001
    endloop
  endfacet
  facet normal  0.000000e+000  0.000000e+000 -1.000000e+000
    outer loop
      vertex  7.500000e-001 -7.500000e-001 -7.500000e-001
      vertex  0.000000e+000  8.326673e-017 -7.500000e-001
      vertex  7.500000e-001  7.500000e-001 -7.500000e-001
    endloop
  endfacet
  facet normal  -0.000000e+000  0.000000e+000 -1.000000e+000
    outer loop
      vertex  7.500000e-001  7.500000e-001 -7.500000e-001
      vertex  0.000000e+000  8.326673e-017 -7.500000e-001
      vertex  1.110223e-016  7.500000e-001 -7.500000e-001
    endloop
  endfacet
  facet normal  0.000000e+000  1.000000e+000  0.000000e+000
    outer loop
      vertex  7.500000e-001  7.500000e-001 -7.500000e-001
      vertex  1.110223e-016  7.500000e-001 -7.500000e-001
      vertex  7.500000e-001  7.500000e-001  1.110223e-016
    endloop
  endfacet
  facet normal  0.000000e+000  1.000000e+000  0.000000e+000
    outer loop
      vertex  7.500000e-001  7.500000e-001  1.110223e-016
      vertex  1.110223e-016  7.500000e-001 -7.500000e-001
      vertex  6.509805e-017  7.500000e-001  1.110223e-016
    endloop
  endfacet
  facet normal -3.429423e-015  1.000000e+000 -1.884745e-015
    outer loop
      vertex -4.592425e-017  1.232595e-032  0.000000e+000
      vertex  1.503103e-002  1.755040e-016  6.576817e-002
      vertex  2.369446e-002  1.746663e-016  4.956003e-002
    endloop
  endfacet
  facet normal -2.698259e-015  1.000000e+000 -2.234312e-015
    outer loop
      vertex -4.592425e-017  1.232595e-032  0.000000e+000
      vertex  2.369446e-002  1.746663e-016  4.956003e-002
      vertex  3.535347e-002  1.743835e-016  3.535347e-002
    endloop
  endfacet
  facet normal -2.234312e-015  1.000000e+000 -2.698259e-015
    outer loop
      vertex -4.592425e-017  1.232595e-032  0.000000e+000
      vertex  3.535347e-002  1.743835e-016  3.535347e-002
      vertex  4.956003e-002  1.746663e-016  2.369446e-002
    endloop
  endfacet
  facet normal -1.884745e-015  1.000000e+000 -3.429423e-015
    outer loop
      vertex -4.592425e-017  1.232595e-032  0.000000e+000
      vertex  4.956003e-002  1.746663e-016  2.369446e-002
      vertex  6.576817e-002  1.755040e-016  1.503103e-002
    endloop
  endfacet
  facet normal -1.555136e-015  1.000000e+000 -4.871624e-015
    outer loop
      vertex -4.592425e-017  1.232595e-032  0.000000e+000
      vertex  6.576817e-002  1.755040e-016  1.503103e-002
      vertex  8.335502e-002  1.768642e-016  9.696117e-003
    endloop
  endfacet
  facet normal -1.027041e-015  1.000000e+000 -9.411520e-015
    outer loop
      vertex -4.592425e-017  1.232595e-032  0.000000e+000
      vertex  8.335502e-002  1.768642e-016  9.696117e-003
      vertex  1.016447e-001  1.786948e-016  7.894737e-003
    endloop
  endfacet
  facet normal -1.110223e-016  1.000000e+000 -2.120526e-014
    outer loop
      vertex -4.592425e-017  1.232595e-032  0.000000e+000
      vertex  1.016447e-001  1.786948e-016  7.894737e-003
      vertex  7.500000e-001  2.506767e-016  7.894737e-003
    endloop
  endfacet
  facet normal  1.110223e-016  1.000000e+000 -4.229950e-014
    outer loop
      vertex -4.592425e-017  1.232595e-032  0.000000e+000
      vertex  7.500000e-001  2.506767e-016  7.894737e-003
      vertex  7.500000e-001 -8.326673e-017  4.592425e-017
    endloop
  endfacet
  facet normal -1.110223e-016  1.000000e+000 -1.110223e-016
    outer loop
      vertex -7.500000e-001  1.665335e-016  7.500000e-001
      vertex  7.894737e-003  2.506767e-016  7.500000e-001
      vertex  7.894737e-003  1.786948e-016  1.016447e-001
    endloop
  endfacet
  facet normal -1.110221e-016  1.000000e+000 -1.110221e-016
    outer loop
      vertex -7.500000e-001  1.665335e-016  7.500000e-001
      vertex  7.894737e-003  1.786948e-016  1.016447e-001
      vertex  9.696117e-003  1.768642e-016  8.335502e-002
    endloop
  endfacet
  facet normal -1.110226e-016  1.000000e+000 -1.110226e-016
    outer loop
      vertex -7.500000e-001  1.665335e-016  7.500000e-001
      vertex  9.696117e-003  1.768642e-016  8.335502e-002
      vertex  1.503103e-002  1.755040e-016  6.576817e-002
    endloop
  endfacet
  facet normal -1.991362e-015  1.000000e+000 -2.213407e-015
    outer loop
      vertex -7.500000e-001  1.665335e-016  7.500000e-001
      vertex  1.503103e-002  1.755040e-016  6.576817e-002
      vertex -4.592425e-017  1.232595e-032  0.000000e+000
    endloop
  endfacet
  facet normal  3.330669e-016  1.000000e+000  1.110223e-016
    outer loop
      vertex -7.500000e-001  1.665335e-016  7.500000e-001
      vertex -4.592425e-017  1.232595e-032  0.000000e+000
      vertex  0.000000e+000  8.326673e-017 -7.500000e-001
    endloop
  endfacet
  facet normal -1.110223e-016  1.000000e+000 -1.110223e-016
    outer loop
      vertex -7.500000e-001  1.665335e-016  7.500000e-001
      vertex  0.000000e+000  8.326673e-017 -7.500000e-001
      vertex -7.500000e-001  0.000000e+000 -7.500000e-001
    endloop
  endfacet
  facet normal -6.123234e-017 -1.480297e-016  1.000000e+000
    outer loop
      vertex -4.592425e-017  1.232595e-032  0.000000e+000
      vertex  7.500000e-001 -8.326673e-017  4.592425e-017
      vertex  6.509805e-017  7.500000e-001  1.110223e-016
    endloop
  endfacet
  facet normal  0.000000e+000 -8.679740e-017  1.000000e+000
    outer loop
      vertex  6.509805e-017  7.500000e-001  1.110223e-016
      vertex  7.500000e-001 -8.326673e-017  4.592425e-017
      vertex  7.500000e-001  7.500000e-001  1.110223e-016
    endloop
  endfacet
  facet normal -1.000000e+000  1.480297e-016 -6.123234e-017
    outer loop
      vertex  0.000000e+000  8.326673e-017 -7.500000e-001
      vertex -4.592425e-017  1.232595e-032  0.000000e+000
      vertex  1.110223e-016  7.500000e-001 -7.500000e-001
    endloop
  endfacet
  facet normal -1.000000e+000  1.480297e-016 -6.123234e-017
    outer loop
      vertex  1.110223e-016  7.500000e-001 -7.500000e-001
      vertex -4.592425e-017  1.232595e-032  0.000000e+000
      vertex  6.509805e-017  7.500000e-001  1.110223e-016
    endloop
  endfacet
  facet normal  9.999999e-001  0.000000e+000  0.000000e+000
    outer loop
      vertex  7.894737e-003  1.786948e-016  1.016447e-001
      vertex  7.894737e-003  2.506767e-016  7.500000e-001
      vertex  7.894737e-003 -7.500000e-001  1.016447e-001
    endloop
  endfacet
  facet normal  9.999999e-001  0.000000e+000  0.000000e+000
    outer loop
      vertex  7.894737e-003 -7.500000e-001  1.016447e-001
      vertex  7.894737e-003  2.506767e-016  7.500000e-001
      vertex  7.894737e-003 -7.500000e-001  7.500000e-001
    endloop
  endfacet
  facet normal  -0.000000e+000  0.000000e+000  9.999999e-001
    outer loop
      vertex  7.500000e-001  2.506767e-016  7.894737e-003
      vertex  1.016447e-001  1.786948e-016  7.894737e-003
      vertex  7.500000e-001 -7.500000e-001  7.894737e-003
    endloop
  endfacet
  facet normal  0.000000e+000  0.000000e+000  9.999999e-001
    outer loop
      vertex  7.500000e-001 -7.500000e-001  7.894737e-003
      vertex  1.016447e-001  1.786948e-016  7.894737e-003
      vertex  1.016447e-001 -7.500000e-001  7.894737e-003
    endloop
  endfacet
  facet normal  6.343931e-001  -0.000000e+000  7.730106e-001
    outer loop
      vertex  3.535347e-002  1.743835e-016  3.535347e-002
      vertex  4.956003e-002 -7.500000e-001  2.369446e-002
      vertex  4.956003e-002  1.746663e-016  2.369446e-002
    endloop
  endfacet
  facet normal  4.713968e-001  0.000000e+000  8.819213e-001
    outer loop
      vertex  4.956003e-002  1.746663e-016  2.369446e-002
      vertex  4.956003e-002 -7.500000e-001  2.369446e-002
      vertex  6.576817e-002 -7.500000e-001  1.503103e-002
    endloop
  endfacet
  facet normal  4.713968e-001  -0.000000e+000  8.819213e-001
    outer loop
      vertex  4.956003e-002  1.746663e-016  2.369446e-002
      vertex  6.576817e-002 -7.500000e-001  1.503103e-002
      vertex  6.576817e-002  1.755040e-016  1.503103e-002
    endloop
  endfacet
  facet normal  2.902848e-001  0.000000e+000  9.569404e-001
    outer loop
      vertex  6.576817e-002  1.755040e-016  1.503103e-002
      vertex  6.576817e-002 -7.500000e-001  1.503103e-002
      vertex  8.335502e-002 -7.500000e-001  9.696117e-003
    endloop
  endfacet
  facet normal  2.902848e-001  -0.000000e+000  9.569404e-001
    outer loop
      vertex  6.576817e-002  1.755040e-016  1.503103e-002
      vertex  8.335502e-002 -7.500000e-001  9.696117e-003
      vertex  8.335502e-002  1.768642e-016  9.696117e-003
    endloop
  endfacet
  facet normal  9.801710e-002  0.000000e+000  9.951847e-001
    outer loop
      vertex  8.335502e-002  1.768642e-016  9.696117e-003
      vertex  8.335502e-002 -7.500000e-001  9.696117e-003
      vertex  1.016447e-001 -7.500000e-001  7.894737e-003
    endloop
  endfacet
  facet normal  9.801710e-002  -0.000000e+000  9.951847e-001
    outer loop
      vertex  8.335502e-002  1.768642e-016  9.696117e-003
      vertex  1.016447e-001 -7.500000e-001  7.894737e-003
      vertex  1.016447e-001  1.786948e-016  7.894737e-003
    endloop
  endfacet
  facet normal  6.343931e-001  0.000000e+000  7.730106e-001
    outer loop
      vertex  4.956003e-002 -7.500000e-001  2.369446e-002
      vertex  3.535347e-002  1.743835e-016  3.535347e-002
      vertex  3.535347e-002 -7.500000e-001  3.535347e-002
    endloop
  endfacet
  facet normal  7.730106e-001  -0.000000e+000  6.343931e-001
    outer loop
      vertex  3.535347e-002 -7.500000e-001  3.535347e-002
      vertex  3.535347e-002  1.743835e-016  3.535347e-002
      vertex  2.369446e-002  1.746663e-016  4.956003e-002
    endloop
  endfacet
  facet normal  7.730106e-001  0.000000e+000  6.343931e-001
    outer loop
      vertex  3.535347e-002 -7.500000e-001  3.535347e-002
      vertex  2.369446e-002  1.746663e-016  4.956003e-002
      vertex  2.369446e-002 -7.500000e-001  4.956003e-002
    endloop
  endfacet
  facet normal  8.819213e-001  -0.000000e+000  4.713968e-001
    outer loop
      vertex  2.369446e-002 -7.500000e-001  4.956003e-002
      vertex  2.369446e-002  1.746663e-016  4.956003e-002
      vertex  1.503103e-002  1.755040e-016  6.576817e-002
    endloop
  endfacet
  facet normal  8.819213e-001  0.000000e+000  4.713968e-001
    outer loop
      vertex  2.369446e-002 -7.500000e-001  4.956003e-002
      vertex  1.503103e-002  1.755040e-016  6.576817e-002
      vertex  1.503103e-002 -7.500000e-001  6.576817e-002
    endloop
  endfacet
  facet normal  9.569404e-001  -0.000000e+000  2.902848e-001
    outer loop
      vertex  1.503103e-002 -7.500000e-001  6.576817e-002
      vertex  1.503103e-002  1.755040e-016  6.576817e-002
      vertex  9.696117e-003  1.768642e-016  8.335502e-002
    endloop
  endfacet
  facet normal  9.569404e-001  0.000000e+000  2.902848e-001
    outer loop
      vertex  1.503103e-002 -7.500000e-001  6.576817e-002
      vertex  9.696117e-003  1.768642e-016  8.335502e-002
      vertex  9.696117e-003 -7.500000e-001  8.335502e-002
    endloop
  endfacet
  facet normal  9.951847e-001  -0.000000e+000  9.801710e-002
    outer loop
      vertex  9.696117e-003 -7.500000e-001  8.335502e-002
      vertex  9.696117e-003  1.768642e-016  8.335502e-002
      vertex  7.894737e-003  1.786948e-016  1.016447e-001
    endloop
  endfacet
  facet normal  9.951847e-001  0.000000e+000  9.801710e-002
    outer loop
      vertex  9.696117e-003 -7.500000e-001  8.335502e-002
      vertex  7.894737e-003  1.786948e-016  1.016447e-001
      vertex  7.894737e-003 -7.500000e-001  1.016447e-001
    endloop
  endfacet
  facet normal -1.000000e+000  -0.000000e+000  0.000000e+000
    outer loop
      vertex -7.500000e-001 -7.500000e-001  7.500000e-001
      vertex -7.500000e-001  1.665335e-016  7.500000e-001
      vertex -7.500000e-001 -7.500000e-001 -7.500000e-001
    endloop
  endfacet
  facet normal -1.000000e+000  0.000000e+000  0.000000e+000
    outer loop
      vertex -7.500000e-001 -7.500000e-001 -7.500000e-001
      vertex -7.500000e-001  1.665335e-016  7.500000e-001
      vertex -7.500000e-001  0.000000e+000 -7.500000e-001
    endloop
  endfacet
  facet normal  0.000000e+000  0.000000e+000  1.000000e+000
    outer loop
      vertex  7.894737e-003 -7.500000e-001  7.500000e-001
      vertex  7.894737e-003  2.506767e-016  7.500000e-001
      vertex -7.500000e-001 -7.500000e-001  7.500000e-001
    endloop
  endfacet
  facet normal  0.000000e+000  0.000000e+000  1.000000e+000
    outer loop
      vertex -7.500000e-001 -7.500000e-001  7.500000e-001
      vertex  7.894737e-003  2.506767e-016  7.500000e-001
      vertex -7.500000e-001  1.665335e-016  7.500000e-001
    endloop
  endfacet
endsolid CATIA STL
