solid CATIA STL
  facet normal  0.000000e+000  0.000000e+000  1.000000e+000
    outer loop
      vertex  1.949013e-002  1.167763e-002  7.500000e-001
      vertex -1.949013e-002 -1.949013e-002  7.500000e-001
      vertex  1.949013e-002 -1.949013e-002  7.500000e-001
    endloop
  endfacet
  facet normal  0.000000e+000  0.000000e+000  9.999999e-001
    outer loop
      vertex  1.934002e-002  1.320178e-002  7.500000e-001
      vertex  1.889544e-002  1.466735e-002  7.500000e-001
      vertex  1.817349e-002  1.601802e-002  7.500000e-001
    endloop
  endfacet
  facet normal  0.000000e+000  0.000000e+000  1.000000e+000
    outer loop
      vertex  1.934002e-002  1.320178e-002  7.500000e-001
      vertex  1.817349e-002  1.601802e-002  7.500000e-001
      vertex  1.720190e-002  1.720190e-002  7.500000e-001
    endloop
  endfacet
  facet normal  0.000000e+000  0.000000e+000  1.000000e+000
    outer loop
      vertex  1.934002e-002  1.320178e-002  7.500000e-001
      vertex  1.720190e-002  1.720190e-002  7.500000e-001
      vertex  1.601802e-002  1.817349e-002  7.500000e-001
    endloop
  endfacet
  facet normal  0.000000e+000  0.000000e+000  1.000000e+000
    outer loop
      vertex  1.934002e-002  1.320178e-002  7.500000e-001
      vertex  1.601802e-002  1.817349e-002  7.500000e-001
      vertex  1.466735e-002  1.889544e-002  7.500000e-001
    endloop
  endfacet
  facet normal  0.000000e+000  0.000000e+000  1.000000e+000
    outer loop
      vertex  1.934002e-002  1.320178e-002  7.500000e-001
      vertex  1.466735e-002  1.889544e-002  7.500000e-001
      vertex  1.320178e-002  1.934002e-002  7.500000e-001
    endloop
  endfacet
  facet normal  0.000000e+000  0.000000e+000  1.000000e+000
    outer loop
      vertex  1.934002e-002  1.320178e-002  7.500000e-001
      vertex  1.320178e-002  1.934002e-002  7.500000e-001
      vertex  1.167763e-002  1.949013e-002  7.500000e-001
    endloop
  endfacet
  facet normal  0.000000e+000  0.000000e+000  1.000000e+000
    outer loop
      vertex -1.949013e-002  1.949013e-002  7.500000e-001
      vertex -1.949013e-002 -1.949013e-002  7.500000e-001
      vertex  1.949013e-002  1.167763e-002  7.500000e-001
    endloop
  endfacet
  facet normal  0.000000e+000  0.000000e+000  1.000000e+000
    outer loop
      vertex -1.949013e-002  1.949013e-002  7.500000e-001
      vertex  1.949013e-002  1.167763e-002  7.500000e-001
      vertex  1.934002e-002  1.320178e-002  7.500000e-001
    endloop
  endfacet
  facet normal  0.000000e+000  0.000000e+000  1.000000e+000
    outer loop
      vertex -1.949013e-002  1.949013e-002  7.500000e-001
      vertex  1.934002e-002  1.320178e-002  7.500000e-001
      vertex  1.167763e-002  1.949013e-002  7.500000e-001
    endloop
  endfacet
  facet normal  0.000000e+000  0.000000e+000 -1.000000e+000
    outer loop
      vertex  1.949013e-002 -1.949013e-002  0.000000e+000
      vertex -1.949013e-002 -1.949013e-002  0.000000e+000
      vertex  1.949013e-002  1.167763e-002  0.000000e+000
    endloop
  endfacet
  facet normal  0.000000e+000  0.000000e+000 -1.000000e+000
    outer loop
      vertex  1.934002e-002  1.320178e-002  0.000000e+000
      vertex  1.167763e-002  1.949013e-002  0.000000e+000
      vertex  1.320178e-002  1.934002e-002  0.000000e+000
    endloop
  endfacet
  facet normal  0.000000e+000  0.000000e+000 -1.000000e+000
    outer loop
      vertex  1.934002e-002  1.320178e-002  0.000000e+000
      vertex  1.320178e-002  1.934002e-002  0.000000e+000
      vertex  1.466735e-002  1.889544e-002  0.000000e+000
    endloop
  endfacet
  facet normal  0.000000e+000  0.000000e+000 -1.000000e+000
    outer loop
      vertex  1.934002e-002  1.320178e-002  0.000000e+000
      vertex  1.466735e-002  1.889544e-002  0.000000e+000
      vertex  1.601802e-002  1.817349e-002  0.000000e+000
    endloop
  endfacet
  facet normal  0.000000e+000  0.000000e+000 -1.000000e+000
    outer loop
      vertex  1.934002e-002  1.320178e-002  0.000000e+000
      vertex  1.601802e-002  1.817349e-002  0.000000e+000
      vertex  1.720190e-002  1.720190e-002  0.000000e+000
    endloop
  endfacet
  facet normal  0.000000e+000  0.000000e+000 -1.000000e+000
    outer loop
      vertex  1.934002e-002  1.320178e-002  0.000000e+000
      vertex  1.720190e-002  1.720190e-002  0.000000e+000
      vertex  1.817349e-002  1.601802e-002  0.000000e+000
    endloop
  endfacet
  facet normal  0.000000e+000  0.000000e+000 -9.999999e-001
    outer loop
      vertex  1.934002e-002  1.320178e-002  0.000000e+000
      vertex  1.817349e-002  1.601802e-002  0.000000e+000
      vertex  1.889544e-002  1.466735e-002  0.000000e+000
    endloop
  endfacet
  facet normal  -0.000000e+000  -0.000000e+000 -1.000000e+000
    outer loop
      vertex -1.949013e-002  1.949013e-002  0.000000e+000
      vertex  1.167763e-002  1.949013e-002  0.000000e+000
      vertex  1.934002e-002  1.320178e-002  0.000000e+000
    endloop
  endfacet
  facet normal  -0.000000e+000  -0.000000e+000 -9.999999e-001
    outer loop
      vertex -1.949013e-002  1.949013e-002  0.000000e+000
      vertex  1.934002e-002  1.320178e-002  0.000000e+000
      vertex  1.949013e-002  1.167763e-002  0.000000e+000
    endloop
  endfacet
  facet normal  -0.000000e+000  0.000000e+000 -1.000000e+000
    outer loop
      vertex -1.949013e-002  1.949013e-002  0.000000e+000
      vertex  1.949013e-002  1.167763e-002  0.000000e+000
      vertex -1.949013e-002 -1.949013e-002  0.000000e+000
    endloop
  endfacet
  facet normal  0.000000e+000  1.000000e+000  0.000000e+000
    outer loop
      vertex  1.167763e-002  1.949013e-002  0.000000e+000
      vertex -1.949013e-002  1.949013e-002  0.000000e+000
      vertex  1.167763e-002  1.949013e-002  7.500000e-001
    endloop
  endfacet
  facet normal  0.000000e+000  1.000000e+000  0.000000e+000
    outer loop
      vertex  1.167763e-002  1.949013e-002  7.500000e-001
      vertex -1.949013e-002  1.949013e-002  0.000000e+000
      vertex -1.949013e-002  1.949013e-002  7.500000e-001
    endloop
  endfacet
  facet normal  1.000000e+000  0.000000e+000  0.000000e+000
    outer loop
      vertex  1.949013e-002 -1.949013e-002  0.000000e+000
      vertex  1.949013e-002  1.167763e-002  0.000000e+000
      vertex  1.949013e-002 -1.949013e-002  7.500000e-001
    endloop
  endfacet
  facet normal  1.000000e+000  -0.000000e+000  0.000000e+000
    outer loop
      vertex  1.949013e-002 -1.949013e-002  7.500000e-001
      vertex  1.949013e-002  1.167763e-002  0.000000e+000
      vertex  1.949013e-002  1.167763e-002  7.500000e-001
    endloop
  endfacet
  facet normal  9.801786e-002  9.951847e-001  0.000000e+000
    outer loop
      vertex  1.167763e-002  1.949013e-002  0.000000e+000
      vertex  1.167763e-002  1.949013e-002  7.500000e-001
      vertex  1.320178e-002  1.934002e-002  0.000000e+000
    endloop
  endfacet
  facet normal  9.801786e-002  9.951847e-001  -0.000000e+000
    outer loop
      vertex  1.320178e-002  1.934002e-002  0.000000e+000
      vertex  1.167763e-002  1.949013e-002  7.500000e-001
      vertex  1.320178e-002  1.934002e-002  7.500000e-001
    endloop
  endfacet
  facet normal  2.902847e-001  9.569404e-001  0.000000e+000
    outer loop
      vertex  1.320178e-002  1.934002e-002  0.000000e+000
      vertex  1.320178e-002  1.934002e-002  7.500000e-001
      vertex  1.466735e-002  1.889544e-002  0.000000e+000
    endloop
  endfacet
  facet normal  2.902847e-001  9.569404e-001  -0.000000e+000
    outer loop
      vertex  1.466735e-002  1.889544e-002  0.000000e+000
      vertex  1.320178e-002  1.934002e-002  7.500000e-001
      vertex  1.466735e-002  1.889544e-002  7.500000e-001
    endloop
  endfacet
  facet normal  4.713966e-001  8.819213e-001  0.000000e+000
    outer loop
      vertex  1.466735e-002  1.889544e-002  0.000000e+000
      vertex  1.466735e-002  1.889544e-002  7.500000e-001
      vertex  1.601802e-002  1.817349e-002  0.000000e+000
    endloop
  endfacet
  facet normal  4.713966e-001  8.819213e-001  -0.000000e+000
    outer loop
      vertex  1.601802e-002  1.817349e-002  0.000000e+000
      vertex  1.466735e-002  1.889544e-002  7.500000e-001
      vertex  1.601802e-002  1.817349e-002  7.500000e-001
    endloop
  endfacet
  facet normal  6.343925e-001  7.730111e-001  0.000000e+000
    outer loop
      vertex  1.601802e-002  1.817349e-002  0.000000e+000
      vertex  1.601802e-002  1.817349e-002  7.500000e-001
      vertex  1.720190e-002  1.720190e-002  0.000000e+000
    endloop
  endfacet
  facet normal  6.343925e-001  7.730111e-001  -0.000000e+000
    outer loop
      vertex  1.720190e-002  1.720190e-002  0.000000e+000
      vertex  1.601802e-002  1.817349e-002  7.500000e-001
      vertex  1.720190e-002  1.720190e-002  7.500000e-001
    endloop
  endfacet
  facet normal  7.730111e-001  6.343925e-001  0.000000e+000
    outer loop
      vertex  1.720190e-002  1.720190e-002  0.000000e+000
      vertex  1.720190e-002  1.720190e-002  7.500000e-001
      vertex  1.817349e-002  1.601802e-002  0.000000e+000
    endloop
  endfacet
  facet normal  7.730111e-001  6.343925e-001  -0.000000e+000
    outer loop
      vertex  1.817349e-002  1.601802e-002  0.000000e+000
      vertex  1.720190e-002  1.720190e-002  7.500000e-001
      vertex  1.817349e-002  1.601802e-002  7.500000e-001
    endloop
  endfacet
  facet normal  8.819213e-001  4.713966e-001  0.000000e+000
    outer loop
      vertex  1.817349e-002  1.601802e-002  0.000000e+000
      vertex  1.817349e-002  1.601802e-002  7.500000e-001
      vertex  1.889544e-002  1.466735e-002  0.000000e+000
    endloop
  endfacet
  facet normal  8.819213e-001  4.713966e-001  -0.000000e+000
    outer loop
      vertex  1.889544e-002  1.466735e-002  0.000000e+000
      vertex  1.817349e-002  1.601802e-002  7.500000e-001
      vertex  1.889544e-002  1.466735e-002  7.500000e-001
    endloop
  endfacet
  facet normal  9.569404e-001  2.902847e-001  0.000000e+000
    outer loop
      vertex  1.889544e-002  1.466735e-002  0.000000e+000
      vertex  1.889544e-002  1.466735e-002  7.500000e-001
      vertex  1.934002e-002  1.320178e-002  0.000000e+000
    endloop
  endfacet
  facet normal  9.569404e-001  2.902847e-001  -0.000000e+000
    outer loop
      vertex  1.934002e-002  1.320178e-002  0.000000e+000
      vertex  1.889544e-002  1.466735e-002  7.500000e-001
      vertex  1.934002e-002  1.320178e-002  7.500000e-001
    endloop
  endfacet
  facet normal  9.951847e-001  9.801786e-002  0.000000e+000
    outer loop
      vertex  1.934002e-002  1.320178e-002  0.000000e+000
      vertex  1.934002e-002  1.320178e-002  7.500000e-001
      vertex  1.949013e-002  1.167763e-002  0.000000e+000
    endloop
  endfacet
  facet normal  9.951847e-001  9.801786e-002  -0.000000e+000
    outer loop
      vertex  1.949013e-002  1.167763e-002  0.000000e+000
      vertex  1.934002e-002  1.320178e-002  7.500000e-001
      vertex  1.949013e-002  1.167763e-002  7.500000e-001
    endloop
  endfacet
  facet normal -9.999999e-001  0.000000e+000  0.000000e+000
    outer loop
      vertex -1.949013e-002  1.949013e-002  0.000000e+000
      vertex -1.949013e-002 -1.949013e-002  0.000000e+000
      vertex -1.949013e-002  1.949013e-002  7.500000e-001
    endloop
  endfacet
  facet normal -9.999999e-001  -0.000000e+000  0.000000e+000
    outer loop
      vertex -1.949013e-002  1.949013e-002  7.500000e-001
      vertex -1.949013e-002 -1.949013e-002  0.000000e+000
      vertex -1.949013e-002 -1.949013e-002  7.500000e-001
    endloop
  endfacet
  facet normal  0.000000e+000 -9.999999e-001  0.000000e+000
    outer loop
      vertex -1.949013e-002 -1.949013e-002  0.000000e+000
      vertex  1.949013e-002 -1.949013e-002  0.000000e+000
      vertex -1.949013e-002 -1.949013e-002  7.500000e-001
    endloop
  endfacet
  facet normal  0.000000e+000 -9.999999e-001  0.000000e+000
    outer loop
      vertex -1.949013e-002 -1.949013e-002  7.500000e-001
      vertex  1.949013e-002 -1.949013e-002  0.000000e+000
      vertex  1.949013e-002 -1.949013e-002  7.500000e-001
    endloop
  endfacet
endsolid CATIA STL
