solid CATIA STL
  facet normal  0.000000e+000  9.999999e-001  0.000000e+000
    outer loop
      vertex -7.500000e-001  7.500000e-001  0.000000e+000
      vertex -7.500000e-001  7.500000e-001  5.703125e-001
      vertex  6.250000e-001  7.500000e-001  0.000000e+000
    endloop
  endfacet
  facet normal  0.000000e+000  9.999999e-001  -0.000000e+000
    outer loop
      vertex  6.250000e-001  7.500000e-001  0.000000e+000
      vertex -7.500000e-001  7.500000e-001  5.703125e-001
      vertex  7.500000e-001  7.500000e-001  5.703125e-001
    endloop
  endfacet
  facet normal  0.000000e+000  1.000000e+000  0.000000e+000
    outer loop
      vertex  6.250000e-001  7.500000e-001  0.000000e+000
      vertex  7.500000e-001  7.500000e-001  5.703125e-001
      vertex  7.500000e-001  7.500000e-001  4.687500e-002
    endloop
  endfacet
  facet normal  9.999999e-001  0.000000e+000  0.000000e+000
    outer loop
      vertex  7.500000e-001  7.500000e-001  4.687500e-002
      vertex  7.500000e-001  7.500000e-001  5.703125e-001
      vertex  7.500000e-001  7.465473e-001  6.053678e-001
    endloop
  endfacet
  facet normal  1.000000e+000  0.000000e+000  0.000000e+000
    outer loop
      vertex  7.500000e-001  7.500000e-001  4.687500e-002
      vertex  7.500000e-001  7.465473e-001  6.053678e-001
      vertex  7.500000e-001  7.363221e-001  6.390759e-001
    endloop
  endfacet
  facet normal  1.000000e+000  0.000000e+000  0.000000e+000
    outer loop
      vertex  7.500000e-001  7.500000e-001  4.687500e-002
      vertex  7.500000e-001  7.363221e-001  6.390759e-001
      vertex  7.500000e-001  7.197172e-001  6.701415e-001
    endloop
  endfacet
  facet normal  1.000000e+000  0.000000e+000  0.000000e+000
    outer loop
      vertex  7.500000e-001  7.500000e-001  4.687500e-002
      vertex  7.500000e-001  7.197172e-001  6.701415e-001
      vertex  7.500000e-001  6.973708e-001  6.973708e-001
    endloop
  endfacet
  facet normal  1.000000e+000  0.000000e+000  0.000000e+000
    outer loop
      vertex  7.500000e-001  7.500000e-001  4.687500e-002
      vertex  7.500000e-001  6.973708e-001  6.973708e-001
      vertex  7.500000e-001  6.701415e-001  7.197172e-001
    endloop
  endfacet
  facet normal  1.000000e+000  0.000000e+000  0.000000e+000
    outer loop
      vertex  7.500000e-001  7.500000e-001  4.687500e-002
      vertex  7.500000e-001  6.701415e-001  7.197172e-001
      vertex  7.500000e-001  6.390759e-001  7.363221e-001
    endloop
  endfacet
  facet normal  1.000000e+000  0.000000e+000  0.000000e+000
    outer loop
      vertex  7.500000e-001  7.500000e-001  4.687500e-002
      vertex  7.500000e-001  6.390759e-001  7.363221e-001
      vertex  7.500000e-001  6.053678e-001  7.465473e-001
    endloop
  endfacet
  facet normal  1.000000e+000  0.000000e+000  0.000000e+000
    outer loop
      vertex  7.500000e-001  7.500000e-001  4.687500e-002
      vertex  7.500000e-001  6.053678e-001  7.465473e-001
      vertex  7.500000e-001  5.703125e-001  7.500000e-001
    endloop
  endfacet
  facet normal  1.000000e+000  0.000000e+000  0.000000e+000
    outer loop
      vertex  7.500000e-001  7.500000e-001  4.687500e-002
      vertex  7.500000e-001  5.703125e-001  7.500000e-001
      vertex  7.500000e-001 -7.500000e-001  7.500000e-001
    endloop
  endfacet
  facet normal  1.000000e+000  0.000000e+000  0.000000e+000
    outer loop
      vertex  7.500000e-001  7.500000e-001  4.687500e-002
      vertex  7.500000e-001 -7.500000e-001  7.500000e-001
      vertex  7.500000e-001 -7.500000e-001  4.687500e-002
    endloop
  endfacet
  facet normal  0.000000e+000  0.000000e+000  1.000000e+000
    outer loop
      vertex -7.500000e-001 -7.500000e-001  7.500000e-001
      vertex  7.500000e-001 -7.500000e-001  7.500000e-001
      vertex -7.500000e-001  5.703125e-001  7.500000e-001
    endloop
  endfacet
  facet normal  -0.000000e+000  0.000000e+000  1.000000e+000
    outer loop
      vertex -7.500000e-001  5.703125e-001  7.500000e-001
      vertex  7.500000e-001 -7.500000e-001  7.500000e-001
      vertex  7.500000e-001  5.703125e-001  7.500000e-001
    endloop
  endfacet
  facet normal -1.000000e+000  -0.000000e+000  -0.000000e+000
    outer loop
      vertex -7.500000e-001  5.703125e-001  7.500000e-001
      vertex -7.500000e-001  6.053678e-001  7.465473e-001
      vertex -7.500000e-001  6.390759e-001  7.363221e-001
    endloop
  endfacet
  facet normal -1.000000e+000  -0.000000e+000  -0.000000e+000
    outer loop
      vertex -7.500000e-001  5.703125e-001  7.500000e-001
      vertex -7.500000e-001  6.390759e-001  7.363221e-001
      vertex -7.500000e-001  6.701415e-001  7.197172e-001
    endloop
  endfacet
  facet normal -9.999999e-001  -0.000000e+000  -0.000000e+000
    outer loop
      vertex -7.500000e-001  5.703125e-001  7.500000e-001
      vertex -7.500000e-001  6.701415e-001  7.197172e-001
      vertex -7.500000e-001  6.973708e-001  6.973708e-001
    endloop
  endfacet
  facet normal -1.000000e+000  -0.000000e+000  -0.000000e+000
    outer loop
      vertex -7.500000e-001  5.703125e-001  7.500000e-001
      vertex -7.500000e-001  6.973708e-001  6.973708e-001
      vertex -7.500000e-001  7.197172e-001  6.701415e-001
    endloop
  endfacet
  facet normal -1.000000e+000  -0.000000e+000  -0.000000e+000
    outer loop
      vertex -7.500000e-001  5.703125e-001  7.500000e-001
      vertex -7.500000e-001  7.197172e-001  6.701415e-001
      vertex -7.500000e-001  7.363221e-001  6.390759e-001
    endloop
  endfacet
  facet normal -1.000000e+000  -0.000000e+000  -0.000000e+000
    outer loop
      vertex -7.500000e-001  5.703125e-001  7.500000e-001
      vertex -7.500000e-001  7.363221e-001  6.390759e-001
      vertex -7.500000e-001  7.465473e-001  6.053678e-001
    endloop
  endfacet
  facet normal -1.000000e+000  -0.000000e+000  -0.000000e+000
    outer loop
      vertex -7.500000e-001  5.703125e-001  7.500000e-001
      vertex -7.500000e-001  7.465473e-001  6.053678e-001
      vertex -7.500000e-001  7.500000e-001  5.703125e-001
    endloop
  endfacet
  facet normal -1.000000e+000  -0.000000e+000  -0.000000e+000
    outer loop
      vertex -7.500000e-001  5.703125e-001  7.500000e-001
      vertex -7.500000e-001  7.500000e-001  5.703125e-001
      vertex -7.500000e-001  7.500000e-001  0.000000e+000
    endloop
  endfacet
  facet normal -1.000000e+000  0.000000e+000  0.000000e+000
    outer loop
      vertex -7.500000e-001  5.703125e-001  7.500000e-001
      vertex -7.500000e-001  7.500000e-001  0.000000e+000
      vertex -7.500000e-001 -7.500000e-001  0.000000e+000
    endloop
  endfacet
  facet normal -1.000000e+000  0.000000e+000  0.000000e+000
    outer loop
      vertex -7.500000e-001  5.703125e-001  7.500000e-001
      vertex -7.500000e-001 -7.500000e-001  0.000000e+000
      vertex -7.500000e-001 -7.500000e-001  7.500000e-001
    endloop
  endfacet
  facet normal  -0.000000e+000  9.951847e-001  9.801756e-002
    outer loop
      vertex  7.500000e-001  7.500000e-001  5.703125e-001
      vertex -7.500000e-001  7.500000e-001  5.703125e-001
      vertex  7.500000e-001  7.465473e-001  6.053678e-001
    endloop
  endfacet
  facet normal  0.000000e+000  9.951847e-001  9.801756e-002
    outer loop
      vertex  7.500000e-001  7.465473e-001  6.053678e-001
      vertex -7.500000e-001  7.500000e-001  5.703125e-001
      vertex -7.500000e-001  7.465473e-001  6.053678e-001
    endloop
  endfacet
  facet normal  -0.000000e+000  9.569405e-001  2.902842e-001
    outer loop
      vertex  7.500000e-001  7.465473e-001  6.053678e-001
      vertex -7.500000e-001  7.465473e-001  6.053678e-001
      vertex  7.500000e-001  7.363221e-001  6.390759e-001
    endloop
  endfacet
  facet normal  0.000000e+000  9.569405e-001  2.902842e-001
    outer loop
      vertex  7.500000e-001  7.363221e-001  6.390759e-001
      vertex -7.500000e-001  7.465473e-001  6.053678e-001
      vertex -7.500000e-001  7.363221e-001  6.390759e-001
    endloop
  endfacet
  facet normal  -0.000000e+000  8.819212e-001  4.713967e-001
    outer loop
      vertex  7.500000e-001  7.363221e-001  6.390759e-001
      vertex -7.500000e-001  7.363221e-001  6.390759e-001
      vertex  7.500000e-001  7.197172e-001  6.701415e-001
    endloop
  endfacet
  facet normal  0.000000e+000  8.819212e-001  4.713967e-001
    outer loop
      vertex  7.500000e-001  7.197172e-001  6.701415e-001
      vertex -7.500000e-001  7.363221e-001  6.390759e-001
      vertex -7.500000e-001  7.197172e-001  6.701415e-001
    endloop
  endfacet
  facet normal  -0.000000e+000  7.730108e-001  6.343927e-001
    outer loop
      vertex  7.500000e-001  7.197172e-001  6.701415e-001
      vertex -7.500000e-001  7.197172e-001  6.701415e-001
      vertex  7.500000e-001  6.973708e-001  6.973708e-001
    endloop
  endfacet
  facet normal  0.000000e+000  7.730108e-001  6.343927e-001
    outer loop
      vertex  7.500000e-001  6.973708e-001  6.973708e-001
      vertex -7.500000e-001  7.197172e-001  6.701415e-001
      vertex -7.500000e-001  6.973708e-001  6.973708e-001
    endloop
  endfacet
  facet normal  -0.000000e+000  6.343927e-001  7.730108e-001
    outer loop
      vertex  7.500000e-001  6.973708e-001  6.973708e-001
      vertex -7.500000e-001  6.973708e-001  6.973708e-001
      vertex  7.500000e-001  6.701415e-001  7.197172e-001
    endloop
  endfacet
  facet normal  0.000000e+000  6.343927e-001  7.730108e-001
    outer loop
      vertex  7.500000e-001  6.701415e-001  7.197172e-001
      vertex -7.500000e-001  6.973708e-001  6.973708e-001
      vertex -7.500000e-001  6.701415e-001  7.197172e-001
    endloop
  endfacet
  facet normal  -0.000000e+000  4.713967e-001  8.819212e-001
    outer loop
      vertex  7.500000e-001  6.701415e-001  7.197172e-001
      vertex -7.500000e-001  6.701415e-001  7.197172e-001
      vertex  7.500000e-001  6.390759e-001  7.363221e-001
    endloop
  endfacet
  facet normal  0.000000e+000  4.713967e-001  8.819212e-001
    outer loop
      vertex  7.500000e-001  6.390759e-001  7.363221e-001
      vertex -7.500000e-001  6.701415e-001  7.197172e-001
      vertex -7.500000e-001  6.390759e-001  7.363221e-001
    endloop
  endfacet
  facet normal  -0.000000e+000  2.902842e-001  9.569405e-001
    outer loop
      vertex  7.500000e-001  6.390759e-001  7.363221e-001
      vertex -7.500000e-001  6.390759e-001  7.363221e-001
      vertex  7.500000e-001  6.053678e-001  7.465473e-001
    endloop
  endfacet
  facet normal  0.000000e+000  2.902842e-001  9.569405e-001
    outer loop
      vertex  7.500000e-001  6.053678e-001  7.465473e-001
      vertex -7.500000e-001  6.390759e-001  7.363221e-001
      vertex -7.500000e-001  6.053678e-001  7.465473e-001
    endloop
  endfacet
  facet normal  -0.000000e+000  9.801756e-002  9.951847e-001
    outer loop
      vertex  7.500000e-001  6.053678e-001  7.465473e-001
      vertex -7.500000e-001  6.053678e-001  7.465473e-001
      vertex  7.500000e-001  5.703125e-001  7.500000e-001
    endloop
  endfacet
  facet normal  0.000000e+000  9.801756e-002  9.951847e-001
    outer loop
      vertex  7.500000e-001  5.703125e-001  7.500000e-001
      vertex -7.500000e-001  6.053678e-001  7.465473e-001
      vertex -7.500000e-001  5.703125e-001  7.500000e-001
    endloop
  endfacet
  facet normal  0.000000e+000  0.000000e+000 -1.000000e+000
    outer loop
      vertex -7.500000e-001 -7.500000e-001  0.000000e+000
      vertex -7.500000e-001  7.500000e-001  0.000000e+000
      vertex  6.250000e-001 -7.500000e-001  0.000000e+000
    endloop
  endfacet
  facet normal  0.000000e+000  0.000000e+000 -1.000000e+000
    outer loop
      vertex  6.250000e-001 -7.500000e-001  0.000000e+000
      vertex -7.500000e-001  7.500000e-001  0.000000e+000
      vertex  6.250000e-001  7.500000e-001  0.000000e+000
    endloop
  endfacet
  facet normal  0.000000e+000 -1.000000e+000  0.000000e+000
    outer loop
      vertex -7.500000e-001 -7.500000e-001  7.500000e-001
      vertex -7.500000e-001 -7.500000e-001  0.000000e+000
      vertex  7.500000e-001 -7.500000e-001  7.500000e-001
    endloop
  endfacet
  facet normal  0.000000e+000 -1.000000e+000  0.000000e+000
    outer loop
      vertex  7.500000e-001 -7.500000e-001  7.500000e-001
      vertex -7.500000e-001 -7.500000e-001  0.000000e+000
      vertex  6.250000e-001 -7.500000e-001  0.000000e+000
    endloop
  endfacet
  facet normal  0.000000e+000 -1.000000e+000  0.000000e+000
    outer loop
      vertex  7.500000e-001 -7.500000e-001  7.500000e-001
      vertex  6.250000e-001 -7.500000e-001  0.000000e+000
      vertex  7.500000e-001 -7.500000e-001  4.687500e-002
    endloop
  endfacet
  facet normal  3.511235e-001  0.000000e+000 -9.363292e-001
    outer loop
      vertex  7.500000e-001 -7.500000e-001  4.687500e-002
      vertex  6.250000e-001 -7.500000e-001  0.000000e+000
      vertex  7.500000e-001  7.500000e-001  4.687500e-002
    endloop
  endfacet
  facet normal  3.511235e-001  0.000000e+000 -9.363292e-001
    outer loop
      vertex  7.500000e-001  7.500000e-001  4.687500e-002
      vertex  6.250000e-001 -7.500000e-001  0.000000e+000
      vertex  6.250000e-001  7.500000e-001  0.000000e+000
    endloop
  endfacet
endsolid CATIA STL
