solid CATIA STL
  facet normal  0.000000e+000  0.000000e+000  9.999999e-001
    outer loop
      vertex  6.484375e-001  6.875000e-001  1.250000e-001
      vertex  6.633860e-001  6.845266e-001  1.250000e-001
      vertex  6.560582e-001  6.867494e-001  1.250000e-001
    endloop
  endfacet
  facet normal  0.000000e+000  0.000000e+000  9.999999e-001
    outer loop
      vertex -6.875000e-001  6.875000e-001  1.250000e-001
      vertex -6.875000e-001 -6.875000e-001  1.250000e-001
      vertex  6.875000e-001 -6.875000e-001  1.250000e-001
    endloop
  endfacet
  facet normal  0.000000e+000  -0.000000e+000  1.000000e+000
    outer loop
      vertex -6.875000e-001  6.875000e-001  1.250000e-001
      vertex  6.875000e-001 -6.875000e-001  1.250000e-001
      vertex  6.875000e-001  6.484375e-001  1.250000e-001
    endloop
  endfacet
  facet normal  0.000000e+000  0.000000e+000  1.000000e+000
    outer loop
      vertex -6.875000e-001  6.875000e-001  1.250000e-001
      vertex  6.875000e-001  6.484375e-001  1.250000e-001
      vertex  6.867494e-001  6.560582e-001  1.250000e-001
    endloop
  endfacet
  facet normal  0.000000e+000  0.000000e+000  1.000000e+000
    outer loop
      vertex -6.875000e-001  6.875000e-001  1.250000e-001
      vertex  6.867494e-001  6.560582e-001  1.250000e-001
      vertex  6.845266e-001  6.633860e-001  1.250000e-001
    endloop
  endfacet
  facet normal  0.000000e+000  0.000000e+000  1.000000e+000
    outer loop
      vertex -6.875000e-001  6.875000e-001  1.250000e-001
      vertex  6.845266e-001  6.633860e-001  1.250000e-001
      vertex  6.809168e-001  6.701395e-001  1.250000e-001
    endloop
  endfacet
  facet normal  0.000000e+000  0.000000e+000  1.000000e+000
    outer loop
      vertex -6.875000e-001  6.875000e-001  1.250000e-001
      vertex  6.809168e-001  6.701395e-001  1.250000e-001
      vertex  6.760589e-001  6.760589e-001  1.250000e-001
    endloop
  endfacet
  facet normal  0.000000e+000  0.000000e+000  1.000000e+000
    outer loop
      vertex -6.875000e-001  6.875000e-001  1.250000e-001
      vertex  6.760589e-001  6.760589e-001  1.250000e-001
      vertex  6.701395e-001  6.809168e-001  1.250000e-001
    endloop
  endfacet
  facet normal  0.000000e+000  0.000000e+000  9.999999e-001
    outer loop
      vertex -6.875000e-001  6.875000e-001  1.250000e-001
      vertex  6.701395e-001  6.809168e-001  1.250000e-001
      vertex  6.633860e-001  6.845266e-001  1.250000e-001
    endloop
  endfacet
  facet normal  0.000000e+000  0.000000e+000  1.000000e+000
    outer loop
      vertex -6.875000e-001  6.875000e-001  1.250000e-001
      vertex  6.633860e-001  6.845266e-001  1.250000e-001
      vertex  6.484375e-001  6.875000e-001  1.250000e-001
    endloop
  endfacet
  facet normal  0.000000e+000  1.000000e+000  -0.000000e+000
    outer loop
      vertex  6.484375e-001  6.875000e-001  1.250000e-001
      vertex  6.484375e-001  6.875000e-001  6.250000e-002
      vertex -6.875000e-001  6.875000e-001  1.250000e-001
    endloop
  endfacet
  facet normal  0.000000e+000  1.000000e+000  0.000000e+000
    outer loop
      vertex -6.875000e-001  6.875000e-001  1.250000e-001
      vertex  6.484375e-001  6.875000e-001  6.250000e-002
      vertex -6.875000e-001  6.875000e-001  6.250000e-002
    endloop
  endfacet
  facet normal  1.000000e+000  0.000000e+000  0.000000e+000
    outer loop
      vertex  6.875000e-001 -6.875000e-001  1.250000e-001
      vertex  6.875000e-001 -6.875000e-001  6.250000e-002
      vertex  6.875000e-001  6.484375e-001  1.250000e-001
    endloop
  endfacet
  facet normal  1.000000e+000  0.000000e+000  0.000000e+000
    outer loop
      vertex  6.875000e-001  6.484375e-001  1.250000e-001
      vertex  6.875000e-001 -6.875000e-001  6.250000e-002
      vertex  6.875000e-001  6.484375e-001  6.250000e-002
    endloop
  endfacet
  facet normal  -0.000000e+000  0.000000e+000  1.000000e+000
    outer loop
      vertex  7.500000e-001  7.500000e-001  6.250000e-002
      vertex -7.500000e-001  7.500000e-001  6.250000e-002
      vertex -6.875000e-001  6.875000e-001  6.250000e-002
    endloop
  endfacet
  facet normal  0.000000e+000  0.000000e+000  1.000000e+000
    outer loop
      vertex  7.500000e-001  7.500000e-001  6.250000e-002
      vertex -6.875000e-001  6.875000e-001  6.250000e-002
      vertex  6.484375e-001  6.875000e-001  6.250000e-002
    endloop
  endfacet
  facet normal  -0.000000e+000  0.000000e+000  1.000000e+000
    outer loop
      vertex  7.500000e-001  7.500000e-001  6.250000e-002
      vertex  6.484375e-001  6.875000e-001  6.250000e-002
      vertex  6.560582e-001  6.867494e-001  6.250000e-002
    endloop
  endfacet
  facet normal  -0.000000e+000  0.000000e+000  1.000000e+000
    outer loop
      vertex  7.500000e-001  7.500000e-001  6.250000e-002
      vertex  6.560582e-001  6.867494e-001  6.250000e-002
      vertex  6.633860e-001  6.845266e-001  6.250000e-002
    endloop
  endfacet
  facet normal  -0.000000e+000  0.000000e+000  1.000000e+000
    outer loop
      vertex  7.500000e-001  7.500000e-001  6.250000e-002
      vertex  6.633860e-001  6.845266e-001  6.250000e-002
      vertex  6.701395e-001  6.809168e-001  6.250000e-002
    endloop
  endfacet
  facet normal  -0.000000e+000  0.000000e+000  1.000000e+000
    outer loop
      vertex  7.500000e-001  7.500000e-001  6.250000e-002
      vertex  6.701395e-001  6.809168e-001  6.250000e-002
      vertex  6.760589e-001  6.760589e-001  6.250000e-002
    endloop
  endfacet
  facet normal  -0.000000e+000  0.000000e+000  1.000000e+000
    outer loop
      vertex  7.500000e-001  7.500000e-001  6.250000e-002
      vertex  6.760589e-001  6.760589e-001  6.250000e-002
      vertex  6.809168e-001  6.701395e-001  6.250000e-002
    endloop
  endfacet
  facet normal  -0.000000e+000  0.000000e+000  1.000000e+000
    outer loop
      vertex  7.500000e-001  7.500000e-001  6.250000e-002
      vertex  6.809168e-001  6.701395e-001  6.250000e-002
      vertex  6.845266e-001  6.633860e-001  6.250000e-002
    endloop
  endfacet
  facet normal  -0.000000e+000  0.000000e+000  1.000000e+000
    outer loop
      vertex  7.500000e-001  7.500000e-001  6.250000e-002
      vertex  6.845266e-001  6.633860e-001  6.250000e-002
      vertex  6.867494e-001  6.560582e-001  6.250000e-002
    endloop
  endfacet
  facet normal  -0.000000e+000  0.000000e+000  1.000000e+000
    outer loop
      vertex  7.500000e-001  7.500000e-001  6.250000e-002
      vertex  6.867494e-001  6.560582e-001  6.250000e-002
      vertex  6.875000e-001  6.484375e-001  6.250000e-002
    endloop
  endfacet
  facet normal  -0.000000e+000  0.000000e+000  1.000000e+000
    outer loop
      vertex  7.500000e-001  7.500000e-001  6.250000e-002
      vertex  6.875000e-001  6.484375e-001  6.250000e-002
      vertex  6.875000e-001 -6.875000e-001  6.250000e-002
    endloop
  endfacet
  facet normal  -0.000000e+000  0.000000e+000  1.000000e+000
    outer loop
      vertex  7.500000e-001  7.500000e-001  6.250000e-002
      vertex  6.875000e-001 -6.875000e-001  6.250000e-002
      vertex  7.500000e-001 -7.500000e-001  6.250000e-002
    endloop
  endfacet
  facet normal  0.000000e+000  0.000000e+000  1.000000e+000
    outer loop
      vertex  7.500000e-001 -7.500000e-001  6.250000e-002
      vertex  6.875000e-001 -6.875000e-001  6.250000e-002
      vertex -7.500000e-001 -7.500000e-001  6.250000e-002
    endloop
  endfacet
  facet normal  0.000000e+000  0.000000e+000  1.000000e+000
    outer loop
      vertex -7.500000e-001 -7.500000e-001  6.250000e-002
      vertex  6.875000e-001 -6.875000e-001  6.250000e-002
      vertex -6.875000e-001 -6.875000e-001  6.250000e-002
    endloop
  endfacet
  facet normal  0.000000e+000  0.000000e+000  1.000000e+000
    outer loop
      vertex -7.500000e-001 -7.500000e-001  6.250000e-002
      vertex -6.875000e-001 -6.875000e-001  6.250000e-002
      vertex -7.500000e-001  7.500000e-001  6.250000e-002
    endloop
  endfacet
  facet normal  0.000000e+000  0.000000e+000  1.000000e+000
    outer loop
      vertex -7.500000e-001  7.500000e-001  6.250000e-002
      vertex -6.875000e-001 -6.875000e-001  6.250000e-002
      vertex -6.875000e-001  6.875000e-001  6.250000e-002
    endloop
  endfacet
  facet normal  9.802084e-002  9.951843e-001  0.000000e+000
    outer loop
      vertex  6.484375e-001  6.875000e-001  6.250000e-002
      vertex  6.484375e-001  6.875000e-001  1.250000e-001
      vertex  6.560582e-001  6.867494e-001  6.250000e-002
    endloop
  endfacet
  facet normal  9.802084e-002  9.951843e-001  -0.000000e+000
    outer loop
      vertex  6.560582e-001  6.867494e-001  6.250000e-002
      vertex  6.484375e-001  6.875000e-001  1.250000e-001
      vertex  6.560582e-001  6.867494e-001  1.250000e-001
    endloop
  endfacet
  facet normal  2.902794e-001  9.569420e-001  0.000000e+000
    outer loop
      vertex  6.560582e-001  6.867494e-001  6.250000e-002
      vertex  6.560582e-001  6.867494e-001  1.250000e-001
      vertex  6.633860e-001  6.845266e-001  6.250000e-002
    endloop
  endfacet
  facet normal  2.902794e-001  9.569420e-001  -0.000000e+000
    outer loop
      vertex  6.633860e-001  6.845266e-001  6.250000e-002
      vertex  6.560582e-001  6.867494e-001  1.250000e-001
      vertex  6.633860e-001  6.845266e-001  1.250000e-001
    endloop
  endfacet
  facet normal  4.713953e-001  8.819221e-001  0.000000e+000
    outer loop
      vertex  6.633860e-001  6.845266e-001  6.250000e-002
      vertex  6.633860e-001  6.845266e-001  1.250000e-001
      vertex  6.701395e-001  6.809168e-001  6.250000e-002
    endloop
  endfacet
  facet normal  4.713953e-001  8.819221e-001  -0.000000e+000
    outer loop
      vertex  6.701395e-001  6.809168e-001  6.250000e-002
      vertex  6.633860e-001  6.845266e-001  1.250000e-001
      vertex  6.701395e-001  6.809168e-001  1.250000e-001
    endloop
  endfacet
  facet normal  6.343913e-001  7.730121e-001  0.000000e+000
    outer loop
      vertex  6.701395e-001  6.809168e-001  6.250000e-002
      vertex  6.701395e-001  6.809168e-001  1.250000e-001
      vertex  6.760589e-001  6.760589e-001  6.250000e-002
    endloop
  endfacet
  facet normal  6.343913e-001  7.730121e-001  -0.000000e+000
    outer loop
      vertex  6.760589e-001  6.760589e-001  6.250000e-002
      vertex  6.701395e-001  6.809168e-001  1.250000e-001
      vertex  6.760589e-001  6.760589e-001  1.250000e-001
    endloop
  endfacet
  facet normal  7.730121e-001  6.343913e-001  0.000000e+000
    outer loop
      vertex  6.760589e-001  6.760589e-001  6.250000e-002
      vertex  6.760589e-001  6.760589e-001  1.250000e-001
      vertex  6.809168e-001  6.701395e-001  6.250000e-002
    endloop
  endfacet
  facet normal  7.730121e-001  6.343913e-001  -0.000000e+000
    outer loop
      vertex  6.809168e-001  6.701395e-001  6.250000e-002
      vertex  6.760589e-001  6.760589e-001  1.250000e-001
      vertex  6.809168e-001  6.701395e-001  1.250000e-001
    endloop
  endfacet
  facet normal  8.819221e-001  4.713953e-001  0.000000e+000
    outer loop
      vertex  6.809168e-001  6.701395e-001  6.250000e-002
      vertex  6.809168e-001  6.701395e-001  1.250000e-001
      vertex  6.845266e-001  6.633860e-001  6.250000e-002
    endloop
  endfacet
  facet normal  8.819221e-001  4.713953e-001  -0.000000e+000
    outer loop
      vertex  6.845266e-001  6.633860e-001  6.250000e-002
      vertex  6.809168e-001  6.701395e-001  1.250000e-001
      vertex  6.845266e-001  6.633860e-001  1.250000e-001
    endloop
  endfacet
  facet normal  9.569420e-001  2.902794e-001  0.000000e+000
    outer loop
      vertex  6.845266e-001  6.633860e-001  6.250000e-002
      vertex  6.845266e-001  6.633860e-001  1.250000e-001
      vertex  6.867494e-001  6.560582e-001  6.250000e-002
    endloop
  endfacet
  facet normal  9.569420e-001  2.902794e-001  -0.000000e+000
    outer loop
      vertex  6.867494e-001  6.560582e-001  6.250000e-002
      vertex  6.845266e-001  6.633860e-001  1.250000e-001
      vertex  6.867494e-001  6.560582e-001  1.250000e-001
    endloop
  endfacet
  facet normal  9.951843e-001  9.802084e-002  0.000000e+000
    outer loop
      vertex  6.867494e-001  6.560582e-001  6.250000e-002
      vertex  6.867494e-001  6.560582e-001  1.250000e-001
      vertex  6.875000e-001  6.484375e-001  6.250000e-002
    endloop
  endfacet
  facet normal  9.951843e-001  9.802084e-002  -0.000000e+000
    outer loop
      vertex  6.875000e-001  6.484375e-001  6.250000e-002
      vertex  6.867494e-001  6.560582e-001  1.250000e-001
      vertex  6.875000e-001  6.484375e-001  1.250000e-001
    endloop
  endfacet
  facet normal -1.000000e+000  0.000000e+000  0.000000e+000
    outer loop
      vertex -6.875000e-001  6.875000e-001  1.250000e-001
      vertex -6.875000e-001  6.875000e-001  6.250000e-002
      vertex -6.875000e-001 -6.875000e-001  1.250000e-001
    endloop
  endfacet
  facet normal -1.000000e+000  0.000000e+000  0.000000e+000
    outer loop
      vertex -6.875000e-001 -6.875000e-001  1.250000e-001
      vertex -6.875000e-001  6.875000e-001  6.250000e-002
      vertex -6.875000e-001 -6.875000e-001  6.250000e-002
    endloop
  endfacet
  facet normal  0.000000e+000 -1.000000e+000  0.000000e+000
    outer loop
      vertex -6.875000e-001 -6.875000e-001  1.250000e-001
      vertex -6.875000e-001 -6.875000e-001  6.250000e-002
      vertex  6.875000e-001 -6.875000e-001  1.250000e-001
    endloop
  endfacet
  facet normal  0.000000e+000 -1.000000e+000  -0.000000e+000
    outer loop
      vertex  6.875000e-001 -6.875000e-001  1.250000e-001
      vertex -6.875000e-001 -6.875000e-001  6.250000e-002
      vertex  6.875000e-001 -6.875000e-001  6.250000e-002
    endloop
  endfacet
  facet normal  0.000000e+000  0.000000e+000 -1.000000e+000
    outer loop
      vertex -7.500000e-001 -7.500000e-001  0.000000e+000
      vertex -7.500000e-001  7.500000e-001  0.000000e+000
      vertex  7.500000e-001 -7.500000e-001  0.000000e+000
    endloop
  endfacet
  facet normal  0.000000e+000  0.000000e+000 -1.000000e+000
    outer loop
      vertex  7.500000e-001 -7.500000e-001  0.000000e+000
      vertex -7.500000e-001  7.500000e-001  0.000000e+000
      vertex  7.500000e-001  7.500000e-001  0.000000e+000
    endloop
  endfacet
  facet normal -1.000000e+000  0.000000e+000  0.000000e+000
    outer loop
      vertex -7.500000e-001  7.500000e-001  6.250000e-002
      vertex -7.500000e-001  7.500000e-001  0.000000e+000
      vertex -7.500000e-001 -7.500000e-001  6.250000e-002
    endloop
  endfacet
  facet normal -1.000000e+000  0.000000e+000  0.000000e+000
    outer loop
      vertex -7.500000e-001 -7.500000e-001  6.250000e-002
      vertex -7.500000e-001  7.500000e-001  0.000000e+000
      vertex -7.500000e-001 -7.500000e-001  0.000000e+000
    endloop
  endfacet
  facet normal  0.000000e+000  1.000000e+000  -0.000000e+000
    outer loop
      vertex  7.500000e-001  7.500000e-001  6.250000e-002
      vertex  7.500000e-001  7.500000e-001  0.000000e+000
      vertex -7.500000e-001  7.500000e-001  6.250000e-002
    endloop
  endfacet
  facet normal  0.000000e+000  1.000000e+000  0.000000e+000
    outer loop
      vertex -7.500000e-001  7.500000e-001  6.250000e-002
      vertex  7.500000e-001  7.500000e-001  0.000000e+000
      vertex -7.500000e-001  7.500000e-001  0.000000e+000
    endloop
  endfacet
  facet normal  1.000000e+000  0.000000e+000  0.000000e+000
    outer loop
      vertex  7.500000e-001 -7.500000e-001  6.250000e-002
      vertex  7.500000e-001 -7.500000e-001  0.000000e+000
      vertex  7.500000e-001  7.500000e-001  6.250000e-002
    endloop
  endfacet
  facet normal  1.000000e+000  0.000000e+000  0.000000e+000
    outer loop
      vertex  7.500000e-001  7.500000e-001  6.250000e-002
      vertex  7.500000e-001 -7.500000e-001  0.000000e+000
      vertex  7.500000e-001  7.500000e-001  0.000000e+000
    endloop
  endfacet
  facet normal  0.000000e+000 -1.000000e+000  0.000000e+000
    outer loop
      vertex -7.500000e-001 -7.500000e-001  6.250000e-002
      vertex -7.500000e-001 -7.500000e-001  0.000000e+000
      vertex  7.500000e-001 -7.500000e-001  6.250000e-002
    endloop
  endfacet
  facet normal  0.000000e+000 -1.000000e+000  -0.000000e+000
    outer loop
      vertex  7.500000e-001 -7.500000e-001  6.250000e-002
      vertex -7.500000e-001 -7.500000e-001  0.000000e+000
      vertex  7.500000e-001 -7.500000e-001  0.000000e+000
    endloop
  endfacet
endsolid CATIA STL
