solid CATIA STL
  facet normal  0.000000e+000 -1.000000e+000  0.000000e+000
    outer loop
      vertex -1.447368e-002 -7.500000e-001  3.240132e-002
      vertex  3.464602e-003 -7.500000e-001  2.883317e-002
      vertex -5.328825e-003 -7.500000e-001  3.150063e-002
    endloop
  endfacet
  facet normal  0.000000e+000 -1.000000e+000  0.000000e+000
    outer loop
      vertex  3.240132e-002 -7.500000e-001 -1.447368e-002
      vertex -2.458882e-002 -7.500000e-001 -2.458882e-002
      vertex  3.240132e-002 -7.500000e-001 -2.458882e-002
    endloop
  endfacet
  facet normal  0.000000e+000 -1.000000e+000  0.000000e+000
    outer loop
      vertex -2.458882e-002 -7.500000e-001  3.240132e-002
      vertex -2.458882e-002 -7.500000e-001 -2.458882e-002
      vertex  3.240132e-002 -7.500000e-001 -1.447368e-002
    endloop
  endfacet
  facet normal  0.000000e+000 -1.000000e+000  0.000000e+000
    outer loop
      vertex -2.458882e-002 -7.500000e-001  3.240132e-002
      vertex  3.240132e-002 -7.500000e-001 -1.447368e-002
      vertex  3.150063e-002 -7.500000e-001 -5.328825e-003
    endloop
  endfacet
  facet normal  0.000000e+000 -9.999999e-001  0.000000e+000
    outer loop
      vertex -2.458882e-002 -7.500000e-001  3.240132e-002
      vertex  3.150063e-002 -7.500000e-001 -5.328825e-003
      vertex  2.883317e-002 -7.500000e-001  3.464602e-003
    endloop
  endfacet
  facet normal  0.000000e+000 -9.999999e-001  0.000000e+000
    outer loop
      vertex -2.458882e-002 -7.500000e-001  3.240132e-002
      vertex  2.883317e-002 -7.500000e-001  3.464602e-003
      vertex  2.450145e-002 -7.500000e-001  1.156867e-002
    endloop
  endfacet
  facet normal  0.000000e+000 -1.000000e+000  0.000000e+000
    outer loop
      vertex -2.458882e-002 -7.500000e-001  3.240132e-002
      vertex  2.450145e-002 -7.500000e-001  1.156867e-002
      vertex  1.867195e-002 -7.500000e-001  1.867195e-002
    endloop
  endfacet
  facet normal  0.000000e+000 -1.000000e+000  0.000000e+000
    outer loop
      vertex -2.458882e-002 -7.500000e-001  3.240132e-002
      vertex  1.867195e-002 -7.500000e-001  1.867195e-002
      vertex  1.156867e-002 -7.500000e-001  2.450145e-002
    endloop
  endfacet
  facet normal  0.000000e+000 -1.000000e+000  0.000000e+000
    outer loop
      vertex -2.458882e-002 -7.500000e-001  3.240132e-002
      vertex  1.156867e-002 -7.500000e-001  2.450145e-002
      vertex  3.464602e-003 -7.500000e-001  2.883317e-002
    endloop
  endfacet
  facet normal  0.000000e+000 -1.000000e+000  0.000000e+000
    outer loop
      vertex -2.458882e-002 -7.500000e-001  3.240132e-002
      vertex  3.464602e-003 -7.500000e-001  2.883317e-002
      vertex -1.447368e-002 -7.500000e-001  3.240132e-002
    endloop
  endfacet
  facet normal -6.245006e-017  1.000000e+000 -6.245016e-017
    outer loop
      vertex -5.328825e-003  5.537558e-018  3.150063e-002
      vertex  3.464602e-003  5.920125e-018  2.883317e-002
      vertex -1.447368e-002  5.022709e-018  3.240132e-002
    endloop
  endfacet
  facet normal -6.245005e-017  1.000000e+000 -6.245005e-017
    outer loop
      vertex  3.240132e-002  4.391019e-018 -2.458882e-002
      vertex -2.458882e-002  8.319825e-019 -2.458882e-002
      vertex  3.240132e-002  5.022709e-018 -1.447368e-002
    endloop
  endfacet
  facet normal -6.245006e-017  1.000000e+000 -6.245015e-017
    outer loop
      vertex -2.458882e-002  4.391019e-018  3.240132e-002
      vertex -1.447368e-002  5.022709e-018  3.240132e-002
      vertex  3.464602e-003  5.920125e-018  2.883317e-002
    endloop
  endfacet
  facet normal -6.245005e-017  1.000000e+000 -6.245006e-017
    outer loop
      vertex -2.458882e-002  4.391019e-018  3.240132e-002
      vertex  3.464602e-003  5.920125e-018  2.883317e-002
      vertex  1.156867e-002  6.155709e-018  2.450145e-002
    endloop
  endfacet
  facet normal -6.245004e-017  1.000000e+000 -6.245001e-017
    outer loop
      vertex -2.458882e-002  4.391019e-018  3.240132e-002
      vertex  1.156867e-002  6.155709e-018  2.450145e-002
      vertex  1.867195e-002  6.235256e-018  1.867195e-002
    endloop
  endfacet
  facet normal -6.245006e-017  1.000000e+000 -6.245008e-017
    outer loop
      vertex -2.458882e-002  4.391019e-018  3.240132e-002
      vertex  1.867195e-002  6.235256e-018  1.867195e-002
      vertex  2.450145e-002  6.155709e-018  1.156867e-002
    endloop
  endfacet
  facet normal -6.245004e-017  9.999999e-001 -6.245003e-017
    outer loop
      vertex -2.458882e-002  4.391019e-018  3.240132e-002
      vertex  2.450145e-002  6.155709e-018  1.156867e-002
      vertex  2.883317e-002  5.920125e-018  3.464602e-003
    endloop
  endfacet
  facet normal -6.245003e-017  9.999999e-001 -6.245002e-017
    outer loop
      vertex -2.458882e-002  4.391019e-018  3.240132e-002
      vertex  2.883317e-002  5.920125e-018  3.464602e-003
      vertex  3.150063e-002  5.537558e-018 -5.328825e-003
    endloop
  endfacet
  facet normal -6.245005e-017  1.000000e+000 -6.245005e-017
    outer loop
      vertex -2.458882e-002  4.391019e-018  3.240132e-002
      vertex  3.150063e-002  5.537558e-018 -5.328825e-003
      vertex  3.240132e-002  5.022709e-018 -1.447368e-002
    endloop
  endfacet
  facet normal -6.245005e-017  1.000000e+000 -6.245005e-017
    outer loop
      vertex -2.458882e-002  4.391019e-018  3.240132e-002
      vertex  3.240132e-002  5.022709e-018 -1.447368e-002
      vertex -2.458882e-002  8.319825e-019 -2.458882e-002
    endloop
  endfacet
  facet normal  -0.000000e+000  0.000000e+000  1.000000e+000
    outer loop
      vertex -1.447368e-002  5.022709e-018  3.240132e-002
      vertex -2.458882e-002  4.391019e-018  3.240132e-002
      vertex -1.447368e-002 -7.500000e-001  3.240132e-002
    endloop
  endfacet
  facet normal  0.000000e+000  0.000000e+000  1.000000e+000
    outer loop
      vertex -1.447368e-002 -7.500000e-001  3.240132e-002
      vertex -2.458882e-002  4.391019e-018  3.240132e-002
      vertex -2.458882e-002 -7.500000e-001  3.240132e-002
    endloop
  endfacet
  facet normal  1.000000e+000  0.000000e+000  0.000000e+000
    outer loop
      vertex  3.240132e-002  4.391019e-018 -2.458882e-002
      vertex  3.240132e-002  5.022709e-018 -1.447368e-002
      vertex  3.240132e-002 -7.500000e-001 -2.458882e-002
    endloop
  endfacet
  facet normal  1.000000e+000  0.000000e+000  0.000000e+000
    outer loop
      vertex  3.240132e-002 -7.500000e-001 -2.458882e-002
      vertex  3.240132e-002  5.022709e-018 -1.447368e-002
      vertex  3.240132e-002 -7.500000e-001 -1.447368e-002
    endloop
  endfacet
  facet normal  9.801709e-002  -0.000000e+000  9.951848e-001
    outer loop
      vertex -1.447368e-002  5.022709e-018  3.240132e-002
      vertex -1.447368e-002 -7.500000e-001  3.240132e-002
      vertex -5.328825e-003  5.537558e-018  3.150063e-002
    endloop
  endfacet
  facet normal  9.801709e-002  0.000000e+000  9.951848e-001
    outer loop
      vertex -5.328825e-003  5.537558e-018  3.150063e-002
      vertex -1.447368e-002 -7.500000e-001  3.240132e-002
      vertex -5.328825e-003 -7.500000e-001  3.150063e-002
    endloop
  endfacet
  facet normal  2.902847e-001  -0.000000e+000  9.569404e-001
    outer loop
      vertex -5.328825e-003  5.537558e-018  3.150063e-002
      vertex -5.328825e-003 -7.500000e-001  3.150063e-002
      vertex  3.464602e-003  5.920125e-018  2.883317e-002
    endloop
  endfacet
  facet normal  2.902847e-001  0.000000e+000  9.569404e-001
    outer loop
      vertex  3.464602e-003  5.920125e-018  2.883317e-002
      vertex -5.328825e-003 -7.500000e-001  3.150063e-002
      vertex  3.464602e-003 -7.500000e-001  2.883317e-002
    endloop
  endfacet
  facet normal  4.713968e-001  -0.000000e+000  8.819212e-001
    outer loop
      vertex  3.464602e-003  5.920125e-018  2.883317e-002
      vertex  3.464602e-003 -7.500000e-001  2.883317e-002
      vertex  1.156867e-002  6.155709e-018  2.450145e-002
    endloop
  endfacet
  facet normal  4.713968e-001  0.000000e+000  8.819212e-001
    outer loop
      vertex  1.156867e-002  6.155709e-018  2.450145e-002
      vertex  3.464602e-003 -7.500000e-001  2.883317e-002
      vertex  1.156867e-002 -7.500000e-001  2.450145e-002
    endloop
  endfacet
  facet normal  6.343932e-001  -0.000000e+000  7.730105e-001
    outer loop
      vertex  1.156867e-002  6.155709e-018  2.450145e-002
      vertex  1.156867e-002 -7.500000e-001  2.450145e-002
      vertex  1.867195e-002  6.235256e-018  1.867195e-002
    endloop
  endfacet
  facet normal  6.343932e-001  0.000000e+000  7.730105e-001
    outer loop
      vertex  1.867195e-002  6.235256e-018  1.867195e-002
      vertex  1.156867e-002 -7.500000e-001  2.450145e-002
      vertex  1.867195e-002 -7.500000e-001  1.867195e-002
    endloop
  endfacet
  facet normal  7.730105e-001  -0.000000e+000  6.343932e-001
    outer loop
      vertex  1.867195e-002  6.235256e-018  1.867195e-002
      vertex  1.867195e-002 -7.500000e-001  1.867195e-002
      vertex  2.450145e-002  6.155709e-018  1.156867e-002
    endloop
  endfacet
  facet normal  7.730105e-001  0.000000e+000  6.343932e-001
    outer loop
      vertex  2.450145e-002  6.155709e-018  1.156867e-002
      vertex  1.867195e-002 -7.500000e-001  1.867195e-002
      vertex  2.450145e-002 -7.500000e-001  1.156867e-002
    endloop
  endfacet
  facet normal  8.819212e-001  -0.000000e+000  4.713968e-001
    outer loop
      vertex  2.450145e-002  6.155709e-018  1.156867e-002
      vertex  2.450145e-002 -7.500000e-001  1.156867e-002
      vertex  2.883317e-002  5.920125e-018  3.464602e-003
    endloop
  endfacet
  facet normal  8.819212e-001  0.000000e+000  4.713968e-001
    outer loop
      vertex  2.883317e-002  5.920125e-018  3.464602e-003
      vertex  2.450145e-002 -7.500000e-001  1.156867e-002
      vertex  2.883317e-002 -7.500000e-001  3.464602e-003
    endloop
  endfacet
  facet normal  9.569404e-001  -0.000000e+000  2.902847e-001
    outer loop
      vertex  2.883317e-002  5.920125e-018  3.464602e-003
      vertex  2.883317e-002 -7.500000e-001  3.464602e-003
      vertex  3.150063e-002  5.537558e-018 -5.328825e-003
    endloop
  endfacet
  facet normal  9.569404e-001  0.000000e+000  2.902847e-001
    outer loop
      vertex  3.150063e-002  5.537558e-018 -5.328825e-003
      vertex  2.883317e-002 -7.500000e-001  3.464602e-003
      vertex  3.150063e-002 -7.500000e-001 -5.328825e-003
    endloop
  endfacet
  facet normal  9.951848e-001  -0.000000e+000  9.801709e-002
    outer loop
      vertex  3.150063e-002  5.537558e-018 -5.328825e-003
      vertex  3.150063e-002 -7.500000e-001 -5.328825e-003
      vertex  3.240132e-002  5.022709e-018 -1.447368e-002
    endloop
  endfacet
  facet normal  9.951848e-001  0.000000e+000  9.801709e-002
    outer loop
      vertex  3.240132e-002  5.022709e-018 -1.447368e-002
      vertex  3.150063e-002 -7.500000e-001 -5.328825e-003
      vertex  3.240132e-002 -7.500000e-001 -1.447368e-002
    endloop
  endfacet
  facet normal -9.999999e-001  0.000000e+000  0.000000e+000
    outer loop
      vertex -2.458882e-002  4.391019e-018  3.240132e-002
      vertex -2.458882e-002  8.319825e-019 -2.458882e-002
      vertex -2.458882e-002 -7.500000e-001  3.240132e-002
    endloop
  endfacet
  facet normal -9.999999e-001  0.000000e+000  0.000000e+000
    outer loop
      vertex -2.458882e-002 -7.500000e-001  3.240132e-002
      vertex -2.458882e-002  8.319825e-019 -2.458882e-002
      vertex -2.458882e-002 -7.500000e-001 -2.458882e-002
    endloop
  endfacet
  facet normal  0.000000e+000  0.000000e+000 -9.999999e-001
    outer loop
      vertex -2.458882e-002  8.319825e-019 -2.458882e-002
      vertex  3.240132e-002  4.391019e-018 -2.458882e-002
      vertex -2.458882e-002 -7.500000e-001 -2.458882e-002
    endloop
  endfacet
  facet normal  0.000000e+000  0.000000e+000 -9.999999e-001
    outer loop
      vertex -2.458882e-002 -7.500000e-001 -2.458882e-002
      vertex  3.240132e-002  4.391019e-018 -2.458882e-002
      vertex  3.240132e-002 -7.500000e-001 -2.458882e-002
    endloop
  endfacet
endsolid CATIA STL
