solid CATIA STL
  facet normal  0.000000e+000 -1.000000e+000  0.000000e+000
    outer loop
      vertex -7.500000e-001 -4.687500e-002  7.500000e-001
      vertex -7.500000e-001 -4.687500e-002 -6.875000e-001
      vertex  7.500000e-001 -4.687500e-002 -6.875000e-001
    endloop
  endfacet
  facet normal  0.000000e+000 -1.000000e+000  0.000000e+000
    outer loop
      vertex -7.500000e-001 -4.687500e-002  7.500000e-001
      vertex  7.500000e-001 -4.687500e-002 -6.875000e-001
      vertex  7.500000e-001 -4.687500e-002  6.484375e-001
    endloop
  endfacet
  facet normal  0.000000e+000 -1.000000e+000  0.000000e+000
    outer loop
      vertex -7.500000e-001 -4.687500e-002  7.500000e-001
      vertex  7.500000e-001 -4.687500e-002  6.484375e-001
      vertex  7.480485e-001 -4.687500e-002  6.682513e-001
    endloop
  endfacet
  facet normal  0.000000e+000 -1.000000e+000  0.000000e+000
    outer loop
      vertex -7.500000e-001 -4.687500e-002  7.500000e-001
      vertex  7.480485e-001 -4.687500e-002  6.682513e-001
      vertex  7.422690e-001 -4.687500e-002  6.873038e-001
    endloop
  endfacet
  facet normal  0.000000e+000 -1.000000e+000  0.000000e+000
    outer loop
      vertex -7.500000e-001 -4.687500e-002  7.500000e-001
      vertex  7.422690e-001 -4.687500e-002  6.873038e-001
      vertex  7.328836e-001 -4.687500e-002  7.048626e-001
    endloop
  endfacet
  facet normal  0.000000e+000 -9.999999e-001  0.000000e+000
    outer loop
      vertex -7.500000e-001 -4.687500e-002  7.500000e-001
      vertex  7.328836e-001 -4.687500e-002  7.048626e-001
      vertex  7.202531e-001 -4.687500e-002  7.202531e-001
    endloop
  endfacet
  facet normal  0.000000e+000 -1.000000e+000  0.000000e+000
    outer loop
      vertex -7.500000e-001 -4.687500e-002  7.500000e-001
      vertex  7.202531e-001 -4.687500e-002  7.202531e-001
      vertex  7.048626e-001 -4.687500e-002  7.328836e-001
    endloop
  endfacet
  facet normal  0.000000e+000 -1.000000e+000  0.000000e+000
    outer loop
      vertex -7.500000e-001 -4.687500e-002  7.500000e-001
      vertex  7.048626e-001 -4.687500e-002  7.328836e-001
      vertex  6.873038e-001 -4.687500e-002  7.422690e-001
    endloop
  endfacet
  facet normal  0.000000e+000 -1.000000e+000  0.000000e+000
    outer loop
      vertex -7.500000e-001 -4.687500e-002  7.500000e-001
      vertex  6.873038e-001 -4.687500e-002  7.422690e-001
      vertex  6.682513e-001 -4.687500e-002  7.480485e-001
    endloop
  endfacet
  facet normal  0.000000e+000 -1.000000e+000  0.000000e+000
    outer loop
      vertex -7.500000e-001 -4.687500e-002  7.500000e-001
      vertex  6.682513e-001 -4.687500e-002  7.480485e-001
      vertex  6.484375e-001 -4.687500e-002  7.500000e-001
    endloop
  endfacet
  facet normal  1.000000e+000  -0.000000e+000  0.000000e+000
    outer loop
      vertex  7.500000e-001  3.217912e-016  6.484375e-001
      vertex  7.500000e-001 -4.687500e-002  6.484375e-001
      vertex  7.500000e-001  1.665335e-016 -7.500000e-001
    endloop
  endfacet
  facet normal  1.000000e+000  0.000000e+000  0.000000e+000
    outer loop
      vertex  7.500000e-001  1.665335e-016 -7.500000e-001
      vertex  7.500000e-001 -4.687500e-002  6.484375e-001
      vertex  7.500000e-001 -4.687500e-002 -6.875000e-001
    endloop
  endfacet
  facet normal  1.000000e+000  0.000000e+000  0.000000e+000
    outer loop
      vertex  7.500000e-001  1.665335e-016 -7.500000e-001
      vertex  7.500000e-001 -4.687500e-002 -6.875000e-001
      vertex  7.500000e-001 -1.562500e-002 -7.500000e-001
    endloop
  endfacet
  facet normal -1.110223e-016  1.000000e+000 -1.110223e-016
    outer loop
      vertex -7.500000e-001  1.665335e-016  7.500000e-001
      vertex  6.484375e-001  3.217912e-016  7.500000e-001
      vertex  6.682513e-001  3.237743e-016  7.480485e-001
    endloop
  endfacet
  facet normal -1.110223e-016  1.000000e+000 -1.110223e-016
    outer loop
      vertex -7.500000e-001  1.665335e-016  7.500000e-001
      vertex  6.682513e-001  3.237743e-016  7.480485e-001
      vertex  6.873038e-001  3.252479e-016  7.422690e-001
    endloop
  endfacet
  facet normal -1.110223e-016  1.000000e+000 -1.110216e-016
    outer loop
      vertex -7.500000e-001  1.665335e-016  7.500000e-001
      vertex  6.873038e-001  3.252479e-016  7.422690e-001
      vertex  7.048626e-001  3.261554e-016  7.328836e-001
    endloop
  endfacet
  facet normal -1.110223e-016  1.000000e+000 -1.110239e-016
    outer loop
      vertex -7.500000e-001  1.665335e-016  7.500000e-001
      vertex  7.048626e-001  3.261554e-016  7.328836e-001
      vertex  7.202531e-001  3.264617e-016  7.202531e-001
    endloop
  endfacet
  facet normal -1.110223e-016  9.999999e-001 -1.110210e-016
    outer loop
      vertex -7.500000e-001  1.665335e-016  7.500000e-001
      vertex  7.202531e-001  3.264617e-016  7.202531e-001
      vertex  7.328836e-001  3.261554e-016  7.048626e-001
    endloop
  endfacet
  facet normal -1.110223e-016  1.000000e+000 -1.110227e-016
    outer loop
      vertex -7.500000e-001  1.665335e-016  7.500000e-001
      vertex  7.328836e-001  3.261554e-016  7.048626e-001
      vertex  7.422690e-001  3.252479e-016  6.873038e-001
    endloop
  endfacet
  facet normal -1.110223e-016  1.000000e+000 -1.110223e-016
    outer loop
      vertex -7.500000e-001  1.665335e-016  7.500000e-001
      vertex  7.422690e-001  3.252479e-016  6.873038e-001
      vertex  7.480485e-001  3.237743e-016  6.682513e-001
    endloop
  endfacet
  facet normal -1.110223e-016  1.000000e+000 -1.110223e-016
    outer loop
      vertex -7.500000e-001  1.665335e-016  7.500000e-001
      vertex  7.480485e-001  3.237743e-016  6.682513e-001
      vertex  7.500000e-001  3.217912e-016  6.484375e-001
    endloop
  endfacet
  facet normal -1.110223e-016  1.000000e+000 -1.110223e-016
    outer loop
      vertex -7.500000e-001  1.665335e-016  7.500000e-001
      vertex  7.500000e-001  3.217912e-016  6.484375e-001
      vertex  7.500000e-001  1.665335e-016 -7.500000e-001
    endloop
  endfacet
  facet normal -1.110223e-016  1.000000e+000 -1.110223e-016
    outer loop
      vertex -7.500000e-001  1.665335e-016  7.500000e-001
      vertex  7.500000e-001  1.665335e-016 -7.500000e-001
      vertex -7.500000e-001  0.000000e+000 -7.500000e-001
    endloop
  endfacet
  facet normal  0.000000e+000  0.000000e+000  1.000000e+000
    outer loop
      vertex  6.484375e-001 -4.687500e-002  7.500000e-001
      vertex  6.484375e-001  3.217912e-016  7.500000e-001
      vertex -7.500000e-001 -4.687500e-002  7.500000e-001
    endloop
  endfacet
  facet normal  0.000000e+000  0.000000e+000  1.000000e+000
    outer loop
      vertex -7.500000e-001 -4.687500e-002  7.500000e-001
      vertex  6.484375e-001  3.217912e-016  7.500000e-001
      vertex -7.500000e-001  1.665335e-016  7.500000e-001
    endloop
  endfacet
  facet normal  9.801830e-002  -0.000000e+000  9.951846e-001
    outer loop
      vertex  6.484375e-001  3.217912e-016  7.500000e-001
      vertex  6.484375e-001 -4.687500e-002  7.500000e-001
      vertex  6.682513e-001  3.237743e-016  7.480485e-001
    endloop
  endfacet
  facet normal  9.801830e-002  0.000000e+000  9.951846e-001
    outer loop
      vertex  6.682513e-001  3.237743e-016  7.480485e-001
      vertex  6.484375e-001 -4.687500e-002  7.500000e-001
      vertex  6.682513e-001 -4.687500e-002  7.480485e-001
    endloop
  endfacet
  facet normal  2.902823e-001  -0.000000e+000  9.569411e-001
    outer loop
      vertex  6.682513e-001  3.237743e-016  7.480485e-001
      vertex  6.682513e-001 -4.687500e-002  7.480485e-001
      vertex  6.873038e-001  3.252479e-016  7.422690e-001
    endloop
  endfacet
  facet normal  2.902823e-001  0.000000e+000  9.569411e-001
    outer loop
      vertex  6.873038e-001  3.252479e-016  7.422690e-001
      vertex  6.682513e-001 -4.687500e-002  7.480485e-001
      vertex  6.873038e-001 -4.687500e-002  7.422690e-001
    endloop
  endfacet
  facet normal  4.713978e-001  -0.000000e+000  8.819208e-001
    outer loop
      vertex  6.873038e-001  3.252479e-016  7.422690e-001
      vertex  6.873038e-001 -4.687500e-002  7.422690e-001
      vertex  7.048626e-001  3.261554e-016  7.328836e-001
    endloop
  endfacet
  facet normal  4.713978e-001  0.000000e+000  8.819208e-001
    outer loop
      vertex  7.048626e-001  3.261554e-016  7.328836e-001
      vertex  6.873038e-001 -4.687500e-002  7.422690e-001
      vertex  7.048626e-001 -4.687500e-002  7.328836e-001
    endloop
  endfacet
  facet normal  6.343921e-001  -0.000000e+000  7.730114e-001
    outer loop
      vertex  7.048626e-001  3.261554e-016  7.328836e-001
      vertex  7.048626e-001 -4.687500e-002  7.328836e-001
      vertex  7.202531e-001  3.264617e-016  7.202531e-001
    endloop
  endfacet
  facet normal  6.343921e-001  0.000000e+000  7.730114e-001
    outer loop
      vertex  7.202531e-001  3.264617e-016  7.202531e-001
      vertex  7.048626e-001 -4.687500e-002  7.328836e-001
      vertex  7.202531e-001 -4.687500e-002  7.202531e-001
    endloop
  endfacet
  facet normal  7.730114e-001  -0.000000e+000  6.343921e-001
    outer loop
      vertex  7.202531e-001  3.264617e-016  7.202531e-001
      vertex  7.202531e-001 -4.687500e-002  7.202531e-001
      vertex  7.328836e-001  3.261554e-016  7.048626e-001
    endloop
  endfacet
  facet normal  7.730114e-001  0.000000e+000  6.343921e-001
    outer loop
      vertex  7.328836e-001  3.261554e-016  7.048626e-001
      vertex  7.202531e-001 -4.687500e-002  7.202531e-001
      vertex  7.328836e-001 -4.687500e-002  7.048626e-001
    endloop
  endfacet
  facet normal  8.819208e-001  -0.000000e+000  4.713978e-001
    outer loop
      vertex  7.328836e-001  3.261554e-016  7.048626e-001
      vertex  7.328836e-001 -4.687500e-002  7.048626e-001
      vertex  7.422690e-001  3.252479e-016  6.873038e-001
    endloop
  endfacet
  facet normal  8.819208e-001  0.000000e+000  4.713978e-001
    outer loop
      vertex  7.422690e-001  3.252479e-016  6.873038e-001
      vertex  7.328836e-001 -4.687500e-002  7.048626e-001
      vertex  7.422690e-001 -4.687500e-002  6.873038e-001
    endloop
  endfacet
  facet normal  9.569411e-001  -0.000000e+000  2.902823e-001
    outer loop
      vertex  7.422690e-001  3.252479e-016  6.873038e-001
      vertex  7.422690e-001 -4.687500e-002  6.873038e-001
      vertex  7.480485e-001  3.237743e-016  6.682513e-001
    endloop
  endfacet
  facet normal  9.569411e-001  0.000000e+000  2.902823e-001
    outer loop
      vertex  7.480485e-001  3.237743e-016  6.682513e-001
      vertex  7.422690e-001 -4.687500e-002  6.873038e-001
      vertex  7.480485e-001 -4.687500e-002  6.682513e-001
    endloop
  endfacet
  facet normal  9.951846e-001  -0.000000e+000  9.801830e-002
    outer loop
      vertex  7.480485e-001  3.237743e-016  6.682513e-001
      vertex  7.480485e-001 -4.687500e-002  6.682513e-001
      vertex  7.500000e-001  3.217912e-016  6.484375e-001
    endloop
  endfacet
  facet normal  9.951846e-001  0.000000e+000  9.801830e-002
    outer loop
      vertex  7.500000e-001  3.217912e-016  6.484375e-001
      vertex  7.480485e-001 -4.687500e-002  6.682513e-001
      vertex  7.500000e-001 -4.687500e-002  6.484375e-001
    endloop
  endfacet
  facet normal -1.000000e+000  -0.000000e+000  0.000000e+000
    outer loop
      vertex -7.500000e-001 -4.687500e-002  7.500000e-001
      vertex -7.500000e-001  1.665335e-016  7.500000e-001
      vertex -7.500000e-001 -4.687500e-002 -6.875000e-001
    endloop
  endfacet
  facet normal -1.000000e+000  0.000000e+000  0.000000e+000
    outer loop
      vertex -7.500000e-001 -4.687500e-002 -6.875000e-001
      vertex -7.500000e-001  1.665335e-016  7.500000e-001
      vertex -7.500000e-001  0.000000e+000 -7.500000e-001
    endloop
  endfacet
  facet normal -1.000000e+000  0.000000e+000  0.000000e+000
    outer loop
      vertex -7.500000e-001 -4.687500e-002 -6.875000e-001
      vertex -7.500000e-001  0.000000e+000 -7.500000e-001
      vertex -7.500000e-001 -1.562500e-002 -7.500000e-001
    endloop
  endfacet
  facet normal  0.000000e+000  0.000000e+000 -1.000000e+000
    outer loop
      vertex -7.500000e-001 -1.562500e-002 -7.500000e-001
      vertex -7.500000e-001  0.000000e+000 -7.500000e-001
      vertex  7.500000e-001 -1.562500e-002 -7.500000e-001
    endloop
  endfacet
  facet normal  0.000000e+000  0.000000e+000 -1.000000e+000
    outer loop
      vertex  7.500000e-001 -1.562500e-002 -7.500000e-001
      vertex -7.500000e-001  0.000000e+000 -7.500000e-001
      vertex  7.500000e-001  1.665335e-016 -7.500000e-001
    endloop
  endfacet
  facet normal  0.000000e+000 -8.944272e-001 -4.472136e-001
    outer loop
      vertex  7.500000e-001 -4.687500e-002 -6.875000e-001
      vertex -7.500000e-001 -4.687500e-002 -6.875000e-001
      vertex  7.500000e-001 -1.562500e-002 -7.500000e-001
    endloop
  endfacet
  facet normal  -0.000000e+000 -8.944272e-001 -4.472136e-001
    outer loop
      vertex  7.500000e-001 -1.562500e-002 -7.500000e-001
      vertex -7.500000e-001 -4.687500e-002 -6.875000e-001
      vertex -7.500000e-001 -1.562500e-002 -7.500000e-001
    endloop
  endfacet
endsolid CATIA STL
