solid CATIA STL
  facet normal -6.060752e-017 -6.247041e-019 -1.000000e+000
    outer loop
      vertex  7.578125e-001  7.187500e-001 -4.640263e-017
      vertex  7.421875e-001  7.031250e-001 -4.544588e-017
      vertex -7.812500e-003  7.187500e-001  0.000000e+000
    endloop
  endfacet
  facet normal -6.123234e-017 -3.061617e-017 -9.999999e-001
    outer loop
      vertex -7.812500e-003  7.187500e-001  0.000000e+000
      vertex  7.421875e-001  7.031250e-001 -4.544588e-017
      vertex  7.812500e-003  7.031250e-001 -4.783777e-019
    endloop
  endfacet
  facet normal -3.061617e-017  0.000000e+000 -1.000000e+000
    outer loop
      vertex -7.812500e-003  7.187500e-001  0.000000e+000
      vertex  7.812500e-003  7.031250e-001 -4.783777e-019
      vertex -7.812500e-003 -7.187500e-001  0.000000e+000
    endloop
  endfacet
  facet normal -3.061617e-017  0.000000e+000 -1.000000e+000
    outer loop
      vertex -7.812500e-003 -7.187500e-001  0.000000e+000
      vertex  7.812500e-003  7.031250e-001 -4.783777e-019
      vertex  7.812500e-003 -7.031250e-001 -4.783777e-019
    endloop
  endfacet
  facet normal -6.060752e-017  2.999135e-017 -1.000000e+000
    outer loop
      vertex -7.812500e-003 -7.187500e-001  0.000000e+000
      vertex  7.812500e-003 -7.031250e-001 -4.783777e-019
      vertex  7.578125e-001 -7.187500e-001 -4.640263e-017
    endloop
  endfacet
  facet normal -6.123234e-017 -1.171429e-022 -9.999999e-001
    outer loop
      vertex  7.578125e-001 -7.187500e-001 -4.640263e-017
      vertex  7.812500e-003 -7.031250e-001 -4.783777e-019
      vertex  7.421875e-001 -7.031250e-001 -4.544588e-017
    endloop
  endfacet
  facet normal -6.123222e-017  0.000000e+000 -1.000000e+000
    outer loop
      vertex  7.578125e-001 -7.187500e-001 -4.640263e-017
      vertex  7.421875e-001 -7.031250e-001 -4.544588e-017
      vertex  7.578125e-001  7.187500e-001 -4.640263e-017
    endloop
  endfacet
  facet normal -6.123222e-017  0.000000e+000 -1.000000e+000
    outer loop
      vertex  7.578125e-001  7.187500e-001 -4.640263e-017
      vertex  7.421875e-001 -7.031250e-001 -4.544588e-017
      vertex  7.421875e-001  7.031250e-001 -4.544588e-017
    endloop
  endfacet
  facet normal -1.000000e+000  0.000000e+000  0.000000e+000
    outer loop
      vertex  7.421875e-001  7.031250e-001 -4.544588e-017
      vertex  7.421875e-001 -7.031250e-001 -4.544588e-017
      vertex  7.421875e-001  7.031250e-001  4.745066e-002
    endloop
  endfacet
  facet normal -1.000000e+000  -0.000000e+000  0.000000e+000
    outer loop
      vertex  7.421875e-001  7.031250e-001  4.745066e-002
      vertex  7.421875e-001 -7.031250e-001 -4.544588e-017
      vertex  7.421875e-001 -7.031250e-001  4.745066e-002
    endloop
  endfacet
  facet normal  1.000000e+000  -0.000000e+000  0.000000e+000
    outer loop
      vertex  7.812500e-003  7.031250e-001  7.421875e-001
      vertex  7.812500e-003 -7.031250e-001  7.421875e-001
      vertex  7.812500e-003  7.031250e-001 -4.783777e-019
    endloop
  endfacet
  facet normal  1.000000e+000  0.000000e+000  0.000000e+000
    outer loop
      vertex  7.812500e-003  7.031250e-001 -4.783777e-019
      vertex  7.812500e-003 -7.031250e-001  7.421875e-001
      vertex  7.812500e-003 -7.031250e-001 -4.783777e-019
    endloop
  endfacet
  facet normal  0.000000e+000 -1.000000e+000  0.000000e+000
    outer loop
      vertex  7.812500e-003  7.031250e-001 -4.783777e-019
      vertex  7.421875e-001  7.031250e-001 -4.544588e-017
      vertex  7.421875e-001  7.031250e-001  4.745066e-002
    endloop
  endfacet
  facet normal  -0.000000e+000 -1.000000e+000  0.000000e+000
    outer loop
      vertex  7.812500e-003  7.031250e-001 -4.783777e-019
      vertex  7.421875e-001  7.031250e-001  4.745066e-002
      vertex  6.315789e-002  7.031250e-001  4.745066e-002
    endloop
  endfacet
  facet normal  -0.000000e+000 -1.000000e+000  0.000000e+000
    outer loop
      vertex  7.812500e-003  7.031250e-001 -4.783777e-019
      vertex  6.315789e-002  7.031250e-001  4.745066e-002
      vertex  6.009356e-002  7.031250e-001  4.775247e-002
    endloop
  endfacet
  facet normal  -0.000000e+000 -1.000000e+000  0.000000e+000
    outer loop
      vertex  7.812500e-003  7.031250e-001 -4.783777e-019
      vertex  6.009356e-002  7.031250e-001  4.775247e-002
      vertex  5.714700e-002  7.031250e-001  4.864630e-002
    endloop
  endfacet
  facet normal  -0.000000e+000 -1.000000e+000  0.000000e+000
    outer loop
      vertex  7.812500e-003  7.031250e-001 -4.783777e-019
      vertex  5.714700e-002  7.031250e-001  4.864630e-002
      vertex  5.443142e-002  7.031250e-001  5.009780e-002
    endloop
  endfacet
  facet normal  -0.000000e+000 -1.000000e+000  0.000000e+000
    outer loop
      vertex  7.812500e-003  7.031250e-001 -4.783777e-019
      vertex  5.443142e-002  7.031250e-001  5.009780e-002
      vertex  5.205120e-002  7.031250e-001  5.205120e-002
    endloop
  endfacet
  facet normal  -0.000000e+000 -9.999999e-001  0.000000e+000
    outer loop
      vertex  7.812500e-003  7.031250e-001 -4.783777e-019
      vertex  5.205120e-002  7.031250e-001  5.205120e-002
      vertex  5.009780e-002  7.031250e-001  5.443142e-002
    endloop
  endfacet
  facet normal  -0.000000e+000 -1.000000e+000  0.000000e+000
    outer loop
      vertex  7.812500e-003  7.031250e-001 -4.783777e-019
      vertex  5.009780e-002  7.031250e-001  5.443142e-002
      vertex  4.864630e-002  7.031250e-001  5.714700e-002
    endloop
  endfacet
  facet normal  -0.000000e+000 -1.000000e+000  0.000000e+000
    outer loop
      vertex  7.812500e-003  7.031250e-001 -4.783777e-019
      vertex  4.864630e-002  7.031250e-001  5.714700e-002
      vertex  4.775247e-002  7.031250e-001  6.009356e-002
    endloop
  endfacet
  facet normal  -0.000000e+000 -1.000000e+000  0.000000e+000
    outer loop
      vertex  7.812500e-003  7.031250e-001 -4.783777e-019
      vertex  4.775247e-002  7.031250e-001  6.009356e-002
      vertex  4.745066e-002  7.031250e-001  6.315789e-002
    endloop
  endfacet
  facet normal  -0.000000e+000 -1.000000e+000  0.000000e+000
    outer loop
      vertex  7.812500e-003  7.031250e-001 -4.783777e-019
      vertex  4.745066e-002  7.031250e-001  6.315789e-002
      vertex  4.745066e-002  7.031250e-001  7.421875e-001
    endloop
  endfacet
  facet normal  -0.000000e+000 -1.000000e+000  0.000000e+000
    outer loop
      vertex  7.812500e-003  7.031250e-001 -4.783777e-019
      vertex  4.745066e-002  7.031250e-001  7.421875e-001
      vertex  7.812500e-003  7.031250e-001  7.421875e-001
    endloop
  endfacet
  facet normal  -0.000000e+000  1.000000e+000  0.000000e+000
    outer loop
      vertex  7.812500e-003 -7.031250e-001 -4.783777e-019
      vertex  7.812500e-003 -7.031250e-001  7.421875e-001
      vertex  4.745066e-002 -7.031250e-001  7.421875e-001
    endloop
  endfacet
  facet normal  0.000000e+000  1.000000e+000  0.000000e+000
    outer loop
      vertex  7.812500e-003 -7.031250e-001 -4.783777e-019
      vertex  4.745066e-002 -7.031250e-001  7.421875e-001
      vertex  4.745066e-002 -7.031250e-001  6.315789e-002
    endloop
  endfacet
  facet normal  0.000000e+000  1.000000e+000  0.000000e+000
    outer loop
      vertex  7.812500e-003 -7.031250e-001 -4.783777e-019
      vertex  4.745066e-002 -7.031250e-001  6.315789e-002
      vertex  4.775247e-002 -7.031250e-001  6.009356e-002
    endloop
  endfacet
  facet normal  0.000000e+000  1.000000e+000  0.000000e+000
    outer loop
      vertex  7.812500e-003 -7.031250e-001 -4.783777e-019
      vertex  4.775247e-002 -7.031250e-001  6.009356e-002
      vertex  4.864630e-002 -7.031250e-001  5.714700e-002
    endloop
  endfacet
  facet normal  0.000000e+000  1.000000e+000  0.000000e+000
    outer loop
      vertex  7.812500e-003 -7.031250e-001 -4.783777e-019
      vertex  4.864630e-002 -7.031250e-001  5.714700e-002
      vertex  5.009780e-002 -7.031250e-001  5.443142e-002
    endloop
  endfacet
  facet normal  0.000000e+000  9.999999e-001  0.000000e+000
    outer loop
      vertex  7.812500e-003 -7.031250e-001 -4.783777e-019
      vertex  5.009780e-002 -7.031250e-001  5.443142e-002
      vertex  5.205120e-002 -7.031250e-001  5.205120e-002
    endloop
  endfacet
  facet normal  0.000000e+000  1.000000e+000  0.000000e+000
    outer loop
      vertex  7.812500e-003 -7.031250e-001 -4.783777e-019
      vertex  5.205120e-002 -7.031250e-001  5.205120e-002
      vertex  5.443142e-002 -7.031250e-001  5.009780e-002
    endloop
  endfacet
  facet normal  0.000000e+000  1.000000e+000  0.000000e+000
    outer loop
      vertex  7.812500e-003 -7.031250e-001 -4.783777e-019
      vertex  5.443142e-002 -7.031250e-001  5.009780e-002
      vertex  5.714700e-002 -7.031250e-001  4.864630e-002
    endloop
  endfacet
  facet normal  0.000000e+000  1.000000e+000  0.000000e+000
    outer loop
      vertex  7.812500e-003 -7.031250e-001 -4.783777e-019
      vertex  5.714700e-002 -7.031250e-001  4.864630e-002
      vertex  6.009356e-002 -7.031250e-001  4.775247e-002
    endloop
  endfacet
  facet normal  0.000000e+000  1.000000e+000  0.000000e+000
    outer loop
      vertex  7.812500e-003 -7.031250e-001 -4.783777e-019
      vertex  6.009356e-002 -7.031250e-001  4.775247e-002
      vertex  6.315789e-002 -7.031250e-001  4.745066e-002
    endloop
  endfacet
  facet normal  -0.000000e+000  1.000000e+000  0.000000e+000
    outer loop
      vertex  7.812500e-003 -7.031250e-001 -4.783777e-019
      vertex  6.315789e-002 -7.031250e-001  4.745066e-002
      vertex  7.421875e-001 -7.031250e-001  4.745066e-002
    endloop
  endfacet
  facet normal  0.000000e+000  1.000000e+000  0.000000e+000
    outer loop
      vertex  7.812500e-003 -7.031250e-001 -4.783777e-019
      vertex  7.421875e-001 -7.031250e-001  4.745066e-002
      vertex  7.421875e-001 -7.031250e-001 -4.544588e-017
    endloop
  endfacet
  facet normal  0.000000e+000 -1.000000e+000  -0.000000e+000
    outer loop
      vertex  7.578125e-001 -7.187500e-001 -4.640263e-017
      vertex  7.578125e-001 -7.187500e-001  6.307565e-002
      vertex -7.812500e-003 -7.187500e-001  0.000000e+000
    endloop
  endfacet
  facet normal  0.000000e+000 -1.000000e+000  0.000000e+000
    outer loop
      vertex -7.812500e-003 -7.187500e-001  0.000000e+000
      vertex  7.578125e-001 -7.187500e-001  6.307565e-002
      vertex  6.307565e-002 -7.187500e-001  6.311677e-002
    endloop
  endfacet
  facet normal  -0.000000e+000 -1.000000e+000  0.000000e+000
    outer loop
      vertex -7.812500e-003 -7.187500e-001  0.000000e+000
      vertex  6.307565e-002 -7.187500e-001  6.311677e-002
      vertex -7.812500e-003 -7.187500e-001  7.578125e-001
    endloop
  endfacet
  facet normal  0.000000e+000 -1.000000e+000  0.000000e+000
    outer loop
      vertex -7.812500e-003 -7.187500e-001  7.578125e-001
      vertex  6.307565e-002 -7.187500e-001  6.311677e-002
      vertex  6.307565e-002 -7.187500e-001  7.578125e-001
    endloop
  endfacet
  facet normal  1.000000e+000  0.000000e+000  0.000000e+000
    outer loop
      vertex  7.578125e-001  7.187500e-001 -4.640263e-017
      vertex  7.578125e-001  7.187500e-001  6.307565e-002
      vertex  7.578125e-001 -7.187500e-001 -4.640263e-017
    endloop
  endfacet
  facet normal  1.000000e+000  0.000000e+000  0.000000e+000
    outer loop
      vertex  7.578125e-001 -7.187500e-001 -4.640263e-017
      vertex  7.578125e-001  7.187500e-001  6.307565e-002
      vertex  7.578125e-001 -7.187500e-001  6.307565e-002
    endloop
  endfacet
  facet normal  -0.000000e+000  0.000000e+000  1.000000e+000
    outer loop
      vertex  7.578125e-001  7.187500e-001  6.307565e-002
      vertex  6.315789e-002  7.187500e-001  6.307565e-002
      vertex  7.578125e-001 -7.187500e-001  6.307565e-002
    endloop
  endfacet
  facet normal  5.918753e-005  2.860166e-005  1.000000e+000
    outer loop
      vertex  7.578125e-001 -7.187500e-001  6.307565e-002
      vertex  6.315789e-002  7.187500e-001  6.307565e-002
      vertex  6.307565e-002 -7.187500e-001  6.311677e-002
    endloop
  endfacet
  facet normal  1.000000e+000 -5.720670e-005  1.183751e-004
    outer loop
      vertex  6.315789e-002  7.187500e-001  6.307565e-002
      vertex  6.307565e-002  7.187500e-001  7.578125e-001
      vertex  6.307565e-002 -7.187500e-001  6.311677e-002
    endloop
  endfacet
  facet normal  9.999999e-001  0.000000e+000  0.000000e+000
    outer loop
      vertex  6.307565e-002 -7.187500e-001  6.311677e-002
      vertex  6.307565e-002  7.187500e-001  7.578125e-001
      vertex  6.307565e-002 -7.187500e-001  7.578125e-001
    endloop
  endfacet
  facet normal  -0.000000e+000  0.000000e+000  1.000000e+000
    outer loop
      vertex  6.307565e-002  7.187500e-001  7.578125e-001
      vertex -7.812500e-003  7.187500e-001  7.578125e-001
      vertex  6.307565e-002 -7.187500e-001  7.578125e-001
    endloop
  endfacet
  facet normal  0.000000e+000  0.000000e+000  1.000000e+000
    outer loop
      vertex  6.307565e-002 -7.187500e-001  7.578125e-001
      vertex -7.812500e-003  7.187500e-001  7.578125e-001
      vertex -7.812500e-003 -7.187500e-001  7.578125e-001
    endloop
  endfacet
  facet normal -1.000000e+000  0.000000e+000  0.000000e+000
    outer loop
      vertex -7.812500e-003  7.187500e-001  7.578125e-001
      vertex -7.812500e-003  7.187500e-001  0.000000e+000
      vertex -7.812500e-003 -7.187500e-001  7.578125e-001
    endloop
  endfacet
  facet normal -1.000000e+000  0.000000e+000  0.000000e+000
    outer loop
      vertex -7.812500e-003 -7.187500e-001  7.578125e-001
      vertex -7.812500e-003  7.187500e-001  0.000000e+000
      vertex -7.812500e-003 -7.187500e-001  0.000000e+000
    endloop
  endfacet
  facet normal  -0.000000e+000  1.000000e+000  0.000000e+000
    outer loop
      vertex  7.578125e-001  7.187500e-001 -4.640263e-017
      vertex -7.812500e-003  7.187500e-001  0.000000e+000
      vertex  7.578125e-001  7.187500e-001  6.307565e-002
    endloop
  endfacet
  facet normal  0.000000e+000  1.000000e+000  0.000000e+000
    outer loop
      vertex  7.578125e-001  7.187500e-001  6.307565e-002
      vertex -7.812500e-003  7.187500e-001  0.000000e+000
      vertex  6.315789e-002  7.187500e-001  6.307565e-002
    endloop
  endfacet
  facet normal  0.000000e+000  1.000000e+000  0.000000e+000
    outer loop
      vertex -7.812500e-003  7.187500e-001  0.000000e+000
      vertex -7.812500e-003  7.187500e-001  7.578125e-001
      vertex  6.315789e-002  7.187500e-001  6.307565e-002
    endloop
  endfacet
  facet normal  0.000000e+000  9.999999e-001  0.000000e+000
    outer loop
      vertex  6.315789e-002  7.187500e-001  6.307565e-002
      vertex -7.812500e-003  7.187500e-001  7.578125e-001
      vertex  6.307565e-002  7.187500e-001  7.578125e-001
    endloop
  endfacet
  facet normal  0.000000e+000  0.000000e+000 -1.000000e+000
    outer loop
      vertex  7.421875e-001  7.031250e-001  4.745066e-002
      vertex  7.421875e-001 -7.031250e-001  4.745066e-002
      vertex  6.315789e-002  7.031250e-001  4.745066e-002
    endloop
  endfacet
  facet normal  0.000000e+000  0.000000e+000 -1.000000e+000
    outer loop
      vertex  6.315789e-002  7.031250e-001  4.745066e-002
      vertex  7.421875e-001 -7.031250e-001  4.745066e-002
      vertex  6.315789e-002 -7.031250e-001  4.745066e-002
    endloop
  endfacet
  facet normal -9.801766e-002  0.000000e+000 -9.951847e-001
    outer loop
      vertex  6.315789e-002  7.031250e-001  4.745066e-002
      vertex  6.315789e-002 -7.031250e-001  4.745066e-002
      vertex  6.009356e-002  7.031250e-001  4.775247e-002
    endloop
  endfacet
  facet normal -9.801766e-002  -0.000000e+000 -9.951847e-001
    outer loop
      vertex  6.009356e-002  7.031250e-001  4.775247e-002
      vertex  6.315789e-002 -7.031250e-001  4.745066e-002
      vertex  6.009356e-002 -7.031250e-001  4.775247e-002
    endloop
  endfacet
  facet normal -2.902847e-001  0.000000e+000 -9.569404e-001
    outer loop
      vertex  6.009356e-002  7.031250e-001  4.775247e-002
      vertex  6.009356e-002 -7.031250e-001  4.775247e-002
      vertex  5.714700e-002  7.031250e-001  4.864630e-002
    endloop
  endfacet
  facet normal -2.902847e-001  -0.000000e+000 -9.569404e-001
    outer loop
      vertex  5.714700e-002  7.031250e-001  4.864630e-002
      vertex  6.009356e-002 -7.031250e-001  4.775247e-002
      vertex  5.714700e-002 -7.031250e-001  4.864630e-002
    endloop
  endfacet
  facet normal -4.713961e-001  0.000000e+000 -8.819215e-001
    outer loop
      vertex  5.714700e-002  7.031250e-001  4.864630e-002
      vertex  5.714700e-002 -7.031250e-001  4.864630e-002
      vertex  5.443142e-002  7.031250e-001  5.009780e-002
    endloop
  endfacet
  facet normal -4.713961e-001  -0.000000e+000 -8.819215e-001
    outer loop
      vertex  5.443142e-002  7.031250e-001  5.009780e-002
      vertex  5.714700e-002 -7.031250e-001  4.864630e-002
      vertex  5.443142e-002 -7.031250e-001  5.009780e-002
    endloop
  endfacet
  facet normal -6.343936e-001  0.000000e+000 -7.730101e-001
    outer loop
      vertex  5.443142e-002  7.031250e-001  5.009780e-002
      vertex  5.443142e-002 -7.031250e-001  5.009780e-002
      vertex  5.205120e-002  7.031250e-001  5.205120e-002
    endloop
  endfacet
  facet normal -6.343936e-001  -0.000000e+000 -7.730101e-001
    outer loop
      vertex  5.205120e-002  7.031250e-001  5.205120e-002
      vertex  5.443142e-002 -7.031250e-001  5.009780e-002
      vertex  5.205120e-002 -7.031250e-001  5.205120e-002
    endloop
  endfacet
  facet normal -7.730101e-001  0.000000e+000 -6.343936e-001
    outer loop
      vertex  5.205120e-002  7.031250e-001  5.205120e-002
      vertex  5.205120e-002 -7.031250e-001  5.205120e-002
      vertex  5.009780e-002  7.031250e-001  5.443142e-002
    endloop
  endfacet
  facet normal -7.730101e-001  -0.000000e+000 -6.343936e-001
    outer loop
      vertex  5.009780e-002  7.031250e-001  5.443142e-002
      vertex  5.205120e-002 -7.031250e-001  5.205120e-002
      vertex  5.009780e-002 -7.031250e-001  5.443142e-002
    endloop
  endfacet
  facet normal -8.819215e-001  0.000000e+000 -4.713961e-001
    outer loop
      vertex  5.009780e-002  7.031250e-001  5.443142e-002
      vertex  5.009780e-002 -7.031250e-001  5.443142e-002
      vertex  4.864630e-002  7.031250e-001  5.714700e-002
    endloop
  endfacet
  facet normal -8.819215e-001  -0.000000e+000 -4.713961e-001
    outer loop
      vertex  4.864630e-002  7.031250e-001  5.714700e-002
      vertex  5.009780e-002 -7.031250e-001  5.443142e-002
      vertex  4.864630e-002 -7.031250e-001  5.714700e-002
    endloop
  endfacet
  facet normal -9.569404e-001  0.000000e+000 -2.902847e-001
    outer loop
      vertex  4.864630e-002  7.031250e-001  5.714700e-002
      vertex  4.864630e-002 -7.031250e-001  5.714700e-002
      vertex  4.775247e-002  7.031250e-001  6.009356e-002
    endloop
  endfacet
  facet normal -9.569404e-001  -0.000000e+000 -2.902847e-001
    outer loop
      vertex  4.775247e-002  7.031250e-001  6.009356e-002
      vertex  4.864630e-002 -7.031250e-001  5.714700e-002
      vertex  4.775247e-002 -7.031250e-001  6.009356e-002
    endloop
  endfacet
  facet normal -9.951847e-001  0.000000e+000 -9.801766e-002
    outer loop
      vertex  4.775247e-002  7.031250e-001  6.009356e-002
      vertex  4.775247e-002 -7.031250e-001  6.009356e-002
      vertex  4.745066e-002  7.031250e-001  6.315789e-002
    endloop
  endfacet
  facet normal -9.951847e-001  -0.000000e+000 -9.801766e-002
    outer loop
      vertex  4.745066e-002  7.031250e-001  6.315789e-002
      vertex  4.775247e-002 -7.031250e-001  6.009356e-002
      vertex  4.745066e-002 -7.031250e-001  6.315789e-002
    endloop
  endfacet
  facet normal -1.000000e+000  0.000000e+000  0.000000e+000
    outer loop
      vertex  4.745066e-002  7.031250e-001  6.315789e-002
      vertex  4.745066e-002 -7.031250e-001  6.315789e-002
      vertex  4.745066e-002  7.031250e-001  7.421875e-001
    endloop
  endfacet
  facet normal -1.000000e+000  -0.000000e+000  0.000000e+000
    outer loop
      vertex  4.745066e-002  7.031250e-001  7.421875e-001
      vertex  4.745066e-002 -7.031250e-001  6.315789e-002
      vertex  4.745066e-002 -7.031250e-001  7.421875e-001
    endloop
  endfacet
  facet normal  0.000000e+000  0.000000e+000 -9.999999e-001
    outer loop
      vertex  4.745066e-002  7.031250e-001  7.421875e-001
      vertex  4.745066e-002 -7.031250e-001  7.421875e-001
      vertex  7.812500e-003  7.031250e-001  7.421875e-001
    endloop
  endfacet
  facet normal  0.000000e+000  0.000000e+000 -9.999999e-001
    outer loop
      vertex  7.812500e-003  7.031250e-001  7.421875e-001
      vertex  4.745066e-002 -7.031250e-001  7.421875e-001
      vertex  7.812500e-003 -7.031250e-001  7.421875e-001
    endloop
  endfacet
endsolid CATIA STL
