solid CATIA STL
  facet normal  0.000000e+000 -1.000000e+000  0.000000e+000
    outer loop
      vertex  7.500000e-001 -1.953125e-001  1.263158e-001
      vertex  3.750000e-001 -1.953125e-001  6.346332e-002
      vertex  4.484650e-001 -1.953125e-001  5.622765e-002
    endloop
  endfacet
  facet normal  0.000000e+000 -1.000000e+000  0.000000e+000
    outer loop
      vertex  7.500000e-001 -1.953125e-001  1.263158e-001
      vertex  4.484650e-001 -1.953125e-001  5.622765e-002
      vertex  5.191067e-001 -1.953125e-001  3.479871e-002
    endloop
  endfacet
  facet normal  0.000000e+000 -1.000000e+000  0.000000e+000
    outer loop
      vertex  7.500000e-001 -1.953125e-001  1.263158e-001
      vertex  5.191067e-001 -1.953125e-001  3.479871e-002
      vertex  5.842105e-001 -1.953125e-001  5.551115e-017
    endloop
  endfacet
  facet normal  0.000000e+000 -1.000000e+000  0.000000e+000
    outer loop
      vertex  7.500000e-001 -1.953125e-001  1.263158e-001
      vertex  5.842105e-001 -1.953125e-001  5.551115e-017
      vertex  7.500000e-001 -1.953125e-001 -4.592425e-017
    endloop
  endfacet
  facet normal  0.000000e+000 -1.000000e+000  0.000000e+000
    outer loop
      vertex  7.734611e-018 -1.953125e-001  1.263158e-001
      vertex  9.567554e-019 -1.953125e-001  1.562500e-002
      vertex  3.015350e-001 -1.953125e-001  5.622765e-002
    endloop
  endfacet
  facet normal  0.000000e+000 -1.000000e+000  0.000000e+000
    outer loop
      vertex  7.734611e-018 -1.953125e-001  1.263158e-001
      vertex  3.015350e-001 -1.953125e-001  5.622765e-002
      vertex  3.750000e-001 -1.953125e-001  6.346332e-002
    endloop
  endfacet
  facet normal  0.000000e+000 -1.000000e+000  0.000000e+000
    outer loop
      vertex  7.734611e-018 -1.953125e-001  1.263158e-001
      vertex  3.750000e-001 -1.953125e-001  6.346332e-002
      vertex  7.500000e-001 -1.953125e-001  1.263158e-001
    endloop
  endfacet
  facet normal  0.000000e+000 -1.000000e+000  0.000000e+000
    outer loop
      vertex  2.308933e-001 -1.953125e-001  3.479871e-002
      vertex  3.015350e-001 -1.953125e-001  5.622765e-002
      vertex  9.567554e-019 -1.953125e-001  1.562500e-002
    endloop
  endfacet
  facet normal  0.000000e+000 -1.000000e+000  0.000000e+000
    outer loop
      vertex  2.308933e-001 -1.953125e-001  3.479871e-002
      vertex  9.567554e-019 -1.953125e-001  1.562500e-002
      vertex  3.002300e-004 -1.953125e-001  1.257671e-002
    endloop
  endfacet
  facet normal  0.000000e+000 -1.000000e+000  0.000000e+000
    outer loop
      vertex  2.308933e-001 -1.953125e-001  3.479871e-002
      vertex  3.002300e-004 -1.953125e-001  1.257671e-002
      vertex  1.189382e-003 -1.953125e-001  9.645571e-003
    endloop
  endfacet
  facet normal  0.000000e+000 -1.000000e+000  0.000000e+000
    outer loop
      vertex  2.308933e-001 -1.953125e-001  3.479871e-002
      vertex  1.189382e-003 -1.953125e-001  9.645571e-003
      vertex  2.633287e-003 -1.953125e-001  6.944215e-003
    endloop
  endfacet
  facet normal  0.000000e+000 -9.999999e-001  0.000000e+000
    outer loop
      vertex  2.308933e-001 -1.953125e-001  3.479871e-002
      vertex  2.633287e-003 -1.953125e-001  6.944215e-003
      vertex  4.576457e-003 -1.953125e-001  4.576457e-003
    endloop
  endfacet
  facet normal  0.000000e+000 -1.000000e+000  0.000000e+000
    outer loop
      vertex  2.308933e-001 -1.953125e-001  3.479871e-002
      vertex  4.576457e-003 -1.953125e-001  4.576457e-003
      vertex  6.944215e-003 -1.953125e-001  2.633287e-003
    endloop
  endfacet
  facet normal  0.000000e+000 -9.999999e-001  0.000000e+000
    outer loop
      vertex  2.308933e-001 -1.953125e-001  3.479871e-002
      vertex  6.944215e-003 -1.953125e-001  2.633287e-003
      vertex  9.645571e-003 -1.953125e-001  1.189382e-003
    endloop
  endfacet
  facet normal  0.000000e+000 -1.000000e+000  0.000000e+000
    outer loop
      vertex  2.308933e-001 -1.953125e-001  3.479871e-002
      vertex  9.645571e-003 -1.953125e-001  1.189382e-003
      vertex  1.257671e-002 -1.953125e-001  3.002300e-004
    endloop
  endfacet
  facet normal  0.000000e+000 -1.000000e+000  0.000000e+000
    outer loop
      vertex  2.308933e-001 -1.953125e-001  3.479871e-002
      vertex  1.257671e-002 -1.953125e-001  3.002300e-004
      vertex  1.562500e-002 -1.953125e-001 -9.567554e-019
    endloop
  endfacet
  facet normal  0.000000e+000 -1.000000e+000  0.000000e+000
    outer loop
      vertex  2.308933e-001 -1.953125e-001  3.479871e-002
      vertex  1.562500e-002 -1.953125e-001 -9.567554e-019
      vertex  1.657895e-001 -1.953125e-001 -1.015168e-017
    endloop
  endfacet
  facet normal  0.000000e+000  1.000000e+000  -0.000000e+000
    outer loop
      vertex  7.500000e-001  0.000000e+000  1.263158e-001
      vertex  7.500000e-001  0.000000e+000 -4.592425e-017
      vertex  5.842105e-001  0.000000e+000  5.551115e-017
    endloop
  endfacet
  facet normal  0.000000e+000  1.000000e+000  -0.000000e+000
    outer loop
      vertex  7.500000e-001  0.000000e+000  1.263158e-001
      vertex  5.842105e-001  0.000000e+000  5.551115e-017
      vertex  5.191067e-001  0.000000e+000  3.479871e-002
    endloop
  endfacet
  facet normal  0.000000e+000  1.000000e+000  -0.000000e+000
    outer loop
      vertex  7.500000e-001  0.000000e+000  1.263158e-001
      vertex  5.191067e-001  0.000000e+000  3.479871e-002
      vertex  4.484650e-001  0.000000e+000  5.622765e-002
    endloop
  endfacet
  facet normal  0.000000e+000  1.000000e+000  -0.000000e+000
    outer loop
      vertex  7.500000e-001  0.000000e+000  1.263158e-001
      vertex  4.484650e-001  0.000000e+000  5.622765e-002
      vertex  3.750000e-001  0.000000e+000  6.346332e-002
    endloop
  endfacet
  facet normal  0.000000e+000  1.000000e+000  0.000000e+000
    outer loop
      vertex  7.734611e-018  0.000000e+000  1.263158e-001
      vertex  7.500000e-001  0.000000e+000  1.263158e-001
      vertex  3.750000e-001  0.000000e+000  6.346332e-002
    endloop
  endfacet
  facet normal  0.000000e+000  1.000000e+000  0.000000e+000
    outer loop
      vertex  7.734611e-018  0.000000e+000  1.263158e-001
      vertex  3.750000e-001  0.000000e+000  6.346332e-002
      vertex  3.015350e-001  0.000000e+000  5.622765e-002
    endloop
  endfacet
  facet normal  0.000000e+000  1.000000e+000  0.000000e+000
    outer loop
      vertex  7.734611e-018  0.000000e+000  1.263158e-001
      vertex  3.015350e-001  0.000000e+000  5.622765e-002
      vertex  9.567554e-019  0.000000e+000  1.562500e-002
    endloop
  endfacet
  facet normal  0.000000e+000  1.000000e+000  -0.000000e+000
    outer loop
      vertex  2.308933e-001  0.000000e+000  3.479871e-002
      vertex  1.657895e-001  0.000000e+000 -1.015168e-017
      vertex  1.562500e-002  0.000000e+000 -9.567554e-019
    endloop
  endfacet
  facet normal  0.000000e+000  1.000000e+000  -0.000000e+000
    outer loop
      vertex  2.308933e-001  0.000000e+000  3.479871e-002
      vertex  1.562500e-002  0.000000e+000 -9.567554e-019
      vertex  1.257671e-002  0.000000e+000  3.002300e-004
    endloop
  endfacet
  facet normal  0.000000e+000  1.000000e+000  -0.000000e+000
    outer loop
      vertex  2.308933e-001  0.000000e+000  3.479871e-002
      vertex  1.257671e-002  0.000000e+000  3.002300e-004
      vertex  9.645571e-003  0.000000e+000  1.189382e-003
    endloop
  endfacet
  facet normal  0.000000e+000  9.999999e-001  -0.000000e+000
    outer loop
      vertex  2.308933e-001  0.000000e+000  3.479871e-002
      vertex  9.645571e-003  0.000000e+000  1.189382e-003
      vertex  6.944215e-003  0.000000e+000  2.633287e-003
    endloop
  endfacet
  facet normal  0.000000e+000  1.000000e+000  -0.000000e+000
    outer loop
      vertex  2.308933e-001  0.000000e+000  3.479871e-002
      vertex  6.944215e-003  0.000000e+000  2.633287e-003
      vertex  4.576457e-003  0.000000e+000  4.576457e-003
    endloop
  endfacet
  facet normal  0.000000e+000  9.999999e-001  -0.000000e+000
    outer loop
      vertex  2.308933e-001  0.000000e+000  3.479871e-002
      vertex  4.576457e-003  0.000000e+000  4.576457e-003
      vertex  2.633287e-003  0.000000e+000  6.944215e-003
    endloop
  endfacet
  facet normal  0.000000e+000  1.000000e+000  -0.000000e+000
    outer loop
      vertex  2.308933e-001  0.000000e+000  3.479871e-002
      vertex  2.633287e-003  0.000000e+000  6.944215e-003
      vertex  1.189382e-003  0.000000e+000  9.645571e-003
    endloop
  endfacet
  facet normal  0.000000e+000  1.000000e+000  -0.000000e+000
    outer loop
      vertex  2.308933e-001  0.000000e+000  3.479871e-002
      vertex  1.189382e-003  0.000000e+000  9.645571e-003
      vertex  3.002300e-004  0.000000e+000  1.257671e-002
    endloop
  endfacet
  facet normal  0.000000e+000  1.000000e+000  -0.000000e+000
    outer loop
      vertex  2.308933e-001  0.000000e+000  3.479871e-002
      vertex  3.002300e-004  0.000000e+000  1.257671e-002
      vertex  9.567554e-019  0.000000e+000  1.562500e-002
    endloop
  endfacet
  facet normal  0.000000e+000  1.000000e+000  0.000000e+000
    outer loop
      vertex  2.308933e-001  0.000000e+000  3.479871e-002
      vertex  9.567554e-019  0.000000e+000  1.562500e-002
      vertex  3.015350e-001  0.000000e+000  5.622765e-002
    endloop
  endfacet
  facet normal -9.999999e-001  0.000000e+000  6.123234e-017
    outer loop
      vertex  7.734611e-018  0.000000e+000  1.263158e-001
      vertex  9.567554e-019  0.000000e+000  1.562500e-002
      vertex  7.734611e-018 -1.953125e-001  1.263158e-001
    endloop
  endfacet
  facet normal -9.999999e-001  0.000000e+000  6.123234e-017
    outer loop
      vertex  7.734611e-018 -1.953125e-001  1.263158e-001
      vertex  9.567554e-019  0.000000e+000  1.562500e-002
      vertex  9.567554e-019 -1.953125e-001  1.562500e-002
    endloop
  endfacet
  facet normal -6.123234e-017  -0.000000e+000 -1.000000e+000
    outer loop
      vertex  1.562500e-002 -1.953125e-001 -9.567554e-019
      vertex  1.562500e-002  0.000000e+000 -9.567554e-019
      vertex  1.657895e-001 -1.953125e-001 -1.015168e-017
    endloop
  endfacet
  facet normal -6.123234e-017  0.000000e+000 -1.000000e+000
    outer loop
      vertex  1.657895e-001 -1.953125e-001 -1.015168e-017
      vertex  1.562500e-002  0.000000e+000 -9.567554e-019
      vertex  1.657895e-001  0.000000e+000 -1.015168e-017
    endloop
  endfacet
  facet normal -9.801715e-002  0.000000e+000 -9.951847e-001
    outer loop
      vertex  1.562500e-002  0.000000e+000 -9.567554e-019
      vertex  1.562500e-002 -1.953125e-001 -9.567554e-019
      vertex  1.257671e-002  0.000000e+000  3.002300e-004
    endloop
  endfacet
  facet normal -9.801715e-002  -0.000000e+000 -9.951847e-001
    outer loop
      vertex  1.257671e-002  0.000000e+000  3.002300e-004
      vertex  1.562500e-002 -1.953125e-001 -9.567554e-019
      vertex  1.257671e-002 -1.953125e-001  3.002300e-004
    endloop
  endfacet
  facet normal -2.902846e-001  0.000000e+000 -9.569404e-001
    outer loop
      vertex  1.257671e-002  0.000000e+000  3.002300e-004
      vertex  1.257671e-002 -1.953125e-001  3.002300e-004
      vertex  9.645571e-003  0.000000e+000  1.189382e-003
    endloop
  endfacet
  facet normal -2.902846e-001  -0.000000e+000 -9.569404e-001
    outer loop
      vertex  9.645571e-003  0.000000e+000  1.189382e-003
      vertex  1.257671e-002 -1.953125e-001  3.002300e-004
      vertex  9.645571e-003 -1.953125e-001  1.189382e-003
    endloop
  endfacet
  facet normal -4.713968e-001  0.000000e+000 -8.819212e-001
    outer loop
      vertex  9.645571e-003  0.000000e+000  1.189382e-003
      vertex  9.645571e-003 -1.953125e-001  1.189382e-003
      vertex  6.944215e-003  0.000000e+000  2.633287e-003
    endloop
  endfacet
  facet normal -4.713968e-001  -0.000000e+000 -8.819212e-001
    outer loop
      vertex  6.944215e-003  0.000000e+000  2.633287e-003
      vertex  9.645571e-003 -1.953125e-001  1.189382e-003
      vertex  6.944215e-003 -1.953125e-001  2.633287e-003
    endloop
  endfacet
  facet normal -6.343934e-001  0.000000e+000 -7.730104e-001
    outer loop
      vertex  6.944215e-003  0.000000e+000  2.633287e-003
      vertex  6.944215e-003 -1.953125e-001  2.633287e-003
      vertex  4.576457e-003  0.000000e+000  4.576457e-003
    endloop
  endfacet
  facet normal -6.343934e-001  -0.000000e+000 -7.730104e-001
    outer loop
      vertex  4.576457e-003  0.000000e+000  4.576457e-003
      vertex  6.944215e-003 -1.953125e-001  2.633287e-003
      vertex  4.576457e-003 -1.953125e-001  4.576457e-003
    endloop
  endfacet
  facet normal -7.730104e-001  0.000000e+000 -6.343934e-001
    outer loop
      vertex  4.576457e-003  0.000000e+000  4.576457e-003
      vertex  4.576457e-003 -1.953125e-001  4.576457e-003
      vertex  2.633287e-003  0.000000e+000  6.944215e-003
    endloop
  endfacet
  facet normal -7.730104e-001  -0.000000e+000 -6.343934e-001
    outer loop
      vertex  2.633287e-003  0.000000e+000  6.944215e-003
      vertex  4.576457e-003 -1.953125e-001  4.576457e-003
      vertex  2.633287e-003 -1.953125e-001  6.944215e-003
    endloop
  endfacet
  facet normal -8.819212e-001  0.000000e+000 -4.713968e-001
    outer loop
      vertex  2.633287e-003  0.000000e+000  6.944215e-003
      vertex  2.633287e-003 -1.953125e-001  6.944215e-003
      vertex  1.189382e-003  0.000000e+000  9.645571e-003
    endloop
  endfacet
  facet normal -8.819212e-001  -0.000000e+000 -4.713968e-001
    outer loop
      vertex  1.189382e-003  0.000000e+000  9.645571e-003
      vertex  2.633287e-003 -1.953125e-001  6.944215e-003
      vertex  1.189382e-003 -1.953125e-001  9.645571e-003
    endloop
  endfacet
  facet normal -9.569404e-001  0.000000e+000 -2.902846e-001
    outer loop
      vertex  1.189382e-003  0.000000e+000  9.645571e-003
      vertex  1.189382e-003 -1.953125e-001  9.645571e-003
      vertex  3.002300e-004  0.000000e+000  1.257671e-002
    endloop
  endfacet
  facet normal -9.569404e-001  -0.000000e+000 -2.902846e-001
    outer loop
      vertex  3.002300e-004  0.000000e+000  1.257671e-002
      vertex  1.189382e-003 -1.953125e-001  9.645571e-003
      vertex  3.002300e-004 -1.953125e-001  1.257671e-002
    endloop
  endfacet
  facet normal -9.951847e-001  0.000000e+000 -9.801715e-002
    outer loop
      vertex  3.002300e-004  0.000000e+000  1.257671e-002
      vertex  3.002300e-004 -1.953125e-001  1.257671e-002
      vertex  9.567554e-019  0.000000e+000  1.562500e-002
    endloop
  endfacet
  facet normal -9.951847e-001  -0.000000e+000 -9.801715e-002
    outer loop
      vertex  9.567554e-019  0.000000e+000  1.562500e-002
      vertex  3.002300e-004 -1.953125e-001  1.257671e-002
      vertex  9.567554e-019 -1.953125e-001  1.562500e-002
    endloop
  endfacet
  facet normal  0.000000e+000  0.000000e+000  1.000000e+000
    outer loop
      vertex  7.500000e-001 -1.953125e-001  1.263158e-001
      vertex  7.500000e-001  0.000000e+000  1.263158e-001
      vertex  7.734611e-018 -1.953125e-001  1.263158e-001
    endloop
  endfacet
  facet normal  0.000000e+000  0.000000e+000  1.000000e+000
    outer loop
      vertex  7.734611e-018 -1.953125e-001  1.263158e-001
      vertex  7.500000e-001  0.000000e+000  1.263158e-001
      vertex  7.734611e-018  0.000000e+000  1.263158e-001
    endloop
  endfacet
  facet normal  1.000000e+000  0.000000e+000  0.000000e+000
    outer loop
      vertex  7.500000e-001  0.000000e+000 -4.592425e-017
      vertex  7.500000e-001  0.000000e+000  1.263158e-001
      vertex  7.500000e-001 -1.953125e-001 -4.592425e-017
    endloop
  endfacet
  facet normal  1.000000e+000  0.000000e+000  0.000000e+000
    outer loop
      vertex  7.500000e-001 -1.953125e-001 -4.592425e-017
      vertex  7.500000e-001  0.000000e+000  1.263158e-001
      vertex  7.500000e-001 -1.953125e-001  1.263158e-001
    endloop
  endfacet
  facet normal -6.118325e-016  -0.000000e+000 -1.000000e+000
    outer loop
      vertex  5.842105e-001 -1.953125e-001  5.551115e-017
      vertex  5.842105e-001  0.000000e+000  5.551115e-017
      vertex  7.500000e-001 -1.953125e-001 -4.592425e-017
    endloop
  endfacet
  facet normal -6.118325e-016  0.000000e+000 -1.000000e+000
    outer loop
      vertex  7.500000e-001 -1.953125e-001 -4.592425e-017
      vertex  5.842105e-001  0.000000e+000  5.551115e-017
      vertex  7.500000e-001  0.000000e+000 -4.592425e-017
    endloop
  endfacet
  facet normal  9.801722e-002  0.000000e+000 -9.951847e-001
    outer loop
      vertex  3.750000e-001  0.000000e+000  6.346332e-002
      vertex  3.015350e-001 -1.953125e-001  5.622765e-002
      vertex  3.015350e-001  0.000000e+000  5.622765e-002
    endloop
  endfacet
  facet normal  2.902846e-001  0.000000e+000 -9.569403e-001
    outer loop
      vertex  3.015350e-001  0.000000e+000  5.622765e-002
      vertex  3.015350e-001 -1.953125e-001  5.622765e-002
      vertex  2.308933e-001 -1.953125e-001  3.479871e-002
    endloop
  endfacet
  facet normal  2.902846e-001  0.000000e+000 -9.569403e-001
    outer loop
      vertex  3.015350e-001  0.000000e+000  5.622765e-002
      vertex  2.308933e-001 -1.953125e-001  3.479871e-002
      vertex  2.308933e-001  0.000000e+000  3.479871e-002
    endloop
  endfacet
  facet normal  4.713967e-001  0.000000e+000 -8.819212e-001
    outer loop
      vertex  2.308933e-001  0.000000e+000  3.479871e-002
      vertex  2.308933e-001 -1.953125e-001  3.479871e-002
      vertex  1.657895e-001 -1.953125e-001 -1.015168e-017
    endloop
  endfacet
  facet normal  4.713967e-001  0.000000e+000 -8.819212e-001
    outer loop
      vertex  2.308933e-001  0.000000e+000  3.479871e-002
      vertex  1.657895e-001 -1.953125e-001 -1.015168e-017
      vertex  1.657895e-001  0.000000e+000 -1.015168e-017
    endloop
  endfacet
  facet normal  9.801722e-002  0.000000e+000 -9.951847e-001
    outer loop
      vertex  3.015350e-001 -1.953125e-001  5.622765e-002
      vertex  3.750000e-001  0.000000e+000  6.346332e-002
      vertex  3.750000e-001 -1.953125e-001  6.346332e-002
    endloop
  endfacet
  facet normal -9.801722e-002  0.000000e+000 -9.951847e-001
    outer loop
      vertex  3.750000e-001 -1.953125e-001  6.346332e-002
      vertex  3.750000e-001  0.000000e+000  6.346332e-002
      vertex  4.484650e-001  0.000000e+000  5.622765e-002
    endloop
  endfacet
  facet normal -9.801722e-002  -0.000000e+000 -9.951847e-001
    outer loop
      vertex  3.750000e-001 -1.953125e-001  6.346332e-002
      vertex  4.484650e-001  0.000000e+000  5.622765e-002
      vertex  4.484650e-001 -1.953125e-001  5.622765e-002
    endloop
  endfacet
  facet normal -2.902845e-001  0.000000e+000 -9.569404e-001
    outer loop
      vertex  4.484650e-001 -1.953125e-001  5.622765e-002
      vertex  4.484650e-001  0.000000e+000  5.622765e-002
      vertex  5.191067e-001  0.000000e+000  3.479871e-002
    endloop
  endfacet
  facet normal -2.902845e-001  -0.000000e+000 -9.569404e-001
    outer loop
      vertex  4.484650e-001 -1.953125e-001  5.622765e-002
      vertex  5.191067e-001  0.000000e+000  3.479871e-002
      vertex  5.191067e-001 -1.953125e-001  3.479871e-002
    endloop
  endfacet
  facet normal -4.713970e-001  0.000000e+000 -8.819212e-001
    outer loop
      vertex  5.191067e-001 -1.953125e-001  3.479871e-002
      vertex  5.191067e-001  0.000000e+000  3.479871e-002
      vertex  5.842105e-001  0.000000e+000  5.551115e-017
    endloop
  endfacet
  facet normal -4.713970e-001  -0.000000e+000 -8.819212e-001
    outer loop
      vertex  5.191067e-001 -1.953125e-001  3.479871e-002
      vertex  5.842105e-001  0.000000e+000  5.551115e-017
      vertex  5.842105e-001 -1.953125e-001  5.551115e-017
    endloop
  endfacet
endsolid CATIA STL
