solid CATIA STL
  facet normal -1.110223e-016  1.000000e+000 -6.798156e-033
    outer loop
      vertex -7.500000e-001  0.000000e+000  0.000000e+000
      vertex -7.500000e-001  1.717429e-033  2.526316e-001
      vertex -6.250000e-002  7.632783e-017 -4.209723e-017
    endloop
  endfacet
  facet normal -1.110223e-016  1.000000e+000  0.000000e+000
    outer loop
      vertex -6.250000e-002  7.632783e-017 -4.209723e-017
      vertex -7.500000e-001  1.717429e-033  2.526316e-001
      vertex -6.250000e-002  7.632783e-017  2.526316e-001
    endloop
  endfacet
  facet normal  0.000000e+000  0.000000e+000  1.000000e+000
    outer loop
      vertex  2.240812e-017 -6.250000e-002  2.526316e-001
      vertex -1.200920e-003 -5.030686e-002  2.526316e-001
      vertex  1.546922e-017 -3.750000e-001  2.526316e-001
    endloop
  endfacet
  facet normal  -0.000000e+000  0.000000e+000  1.000000e+000
    outer loop
      vertex -6.250000e-002  7.632783e-017  2.526316e-001
      vertex -7.500000e-001  1.717429e-033  2.526316e-001
      vertex -7.500000e-001 -3.750000e-001  2.526316e-001
    endloop
  endfacet
  facet normal  0.000000e+000  0.000000e+000  1.000000e+000
    outer loop
      vertex -6.250000e-002  7.632783e-017  2.526316e-001
      vertex -7.500000e-001 -3.750000e-001  2.526316e-001
      vertex  1.546922e-017 -3.750000e-001  2.526316e-001
    endloop
  endfacet
  facet normal  0.000000e+000  0.000000e+000  1.000000e+000
    outer loop
      vertex -6.250000e-002  7.632783e-017  2.526316e-001
      vertex  1.546922e-017 -3.750000e-001  2.526316e-001
      vertex -1.200920e-003 -5.030686e-002  2.526316e-001
    endloop
  endfacet
  facet normal  0.000000e+000  0.000000e+000  1.000000e+000
    outer loop
      vertex -6.250000e-002  7.632783e-017  2.526316e-001
      vertex -1.200920e-003 -5.030686e-002  2.526316e-001
      vertex -4.757529e-003 -3.858228e-002  2.526316e-001
    endloop
  endfacet
  facet normal  0.000000e+000  0.000000e+000  1.000000e+000
    outer loop
      vertex -6.250000e-002  7.632783e-017  2.526316e-001
      vertex -4.757529e-003 -3.858228e-002  2.526316e-001
      vertex -1.053315e-002 -2.777686e-002  2.526316e-001
    endloop
  endfacet
  facet normal  0.000000e+000  0.000000e+000  1.000000e+000
    outer loop
      vertex -6.250000e-002  7.632783e-017  2.526316e-001
      vertex -1.053315e-002 -2.777686e-002  2.526316e-001
      vertex -1.830583e-002 -1.830583e-002  2.526316e-001
    endloop
  endfacet
  facet normal  0.000000e+000  0.000000e+000  1.000000e+000
    outer loop
      vertex -6.250000e-002  7.632783e-017  2.526316e-001
      vertex -1.830583e-002 -1.830583e-002  2.526316e-001
      vertex -2.777686e-002 -1.053315e-002  2.526316e-001
    endloop
  endfacet
  facet normal  0.000000e+000  0.000000e+000  1.000000e+000
    outer loop
      vertex -6.250000e-002  7.632783e-017  2.526316e-001
      vertex -2.777686e-002 -1.053315e-002  2.526316e-001
      vertex -3.858228e-002 -4.757529e-003  2.526316e-001
    endloop
  endfacet
  facet normal  0.000000e+000  0.000000e+000  1.000000e+000
    outer loop
      vertex -6.250000e-002  7.632783e-017  2.526316e-001
      vertex -3.858228e-002 -4.757529e-003  2.526316e-001
      vertex -5.030686e-002 -1.200920e-003  2.526316e-001
    endloop
  endfacet
  facet normal  1.000000e+000 -2.220446e-017 -6.123234e-017
    outer loop
      vertex  6.938894e-018 -6.250000e-002 -4.592425e-017
      vertex  2.240812e-017 -6.250000e-002  2.526316e-001
      vertex  0.000000e+000 -3.750000e-001 -4.592425e-017
    endloop
  endfacet
  facet normal  1.000000e+000 -2.220446e-017 -6.123234e-017
    outer loop
      vertex  0.000000e+000 -3.750000e-001 -4.592425e-017
      vertex  2.240812e-017 -6.250000e-002  2.526316e-001
      vertex  1.546922e-017 -3.750000e-001  2.526316e-001
    endloop
  endfacet
  facet normal -6.123234e-017  0.000000e+000 -1.000000e+000
    outer loop
      vertex  0.000000e+000 -3.750000e-001 -4.592425e-017
      vertex -7.500000e-001 -3.750000e-001  0.000000e+000
      vertex -7.500000e-001  0.000000e+000  0.000000e+000
    endloop
  endfacet
  facet normal -6.123234e-017 -1.604229e-024 -1.000000e+000
    outer loop
      vertex  0.000000e+000 -3.750000e-001 -4.592425e-017
      vertex -7.500000e-001  0.000000e+000  0.000000e+000
      vertex -6.250000e-002  7.632783e-017 -4.209723e-017
    endloop
  endfacet
  facet normal -6.123249e-017 -2.721819e-023 -1.000000e+000
    outer loop
      vertex  0.000000e+000 -3.750000e-001 -4.592425e-017
      vertex -6.250000e-002  7.632783e-017 -4.209723e-017
      vertex -5.030686e-002 -1.200920e-003 -4.284385e-017
    endloop
  endfacet
  facet normal -6.123237e-017 -1.019345e-023 -1.000000e+000
    outer loop
      vertex  0.000000e+000 -3.750000e-001 -4.592425e-017
      vertex -5.030686e-002 -1.200920e-003 -4.284385e-017
      vertex -3.858228e-002 -4.757529e-003 -4.356177e-017
    endloop
  endfacet
  facet normal -6.123207e-017  2.073224e-023 -9.999999e-001
    outer loop
      vertex  0.000000e+000 -3.750000e-001 -4.592425e-017
      vertex -3.858228e-002 -4.757529e-003 -4.356177e-017
      vertex -2.777686e-002 -1.053315e-002 -4.422341e-017
    endloop
  endfacet
  facet normal -6.123266e-017 -2.416270e-023 -1.000000e+000
    outer loop
      vertex  0.000000e+000 -3.750000e-001 -4.592425e-017
      vertex -2.777686e-002 -1.053315e-002 -4.422341e-017
      vertex -1.830583e-002 -1.830583e-002 -4.480335e-017
    endloop
  endfacet
  facet normal -6.123199e-017  1.048688e-023 -1.000000e+000
    outer loop
      vertex  0.000000e+000 -3.750000e-001 -4.592425e-017
      vertex -1.830583e-002 -1.830583e-002 -4.480335e-017
      vertex -1.053315e-002 -2.777686e-002 -4.527928e-017
    endloop
  endfacet
  facet normal -6.123259e-017 -7.959564e-024 -9.999999e-001
    outer loop
      vertex  0.000000e+000 -3.750000e-001 -4.592425e-017
      vertex -1.053315e-002 -2.777686e-002 -4.527928e-017
      vertex -4.757529e-003 -3.858228e-002 -4.563294e-017
    endloop
  endfacet
  facet normal -6.123253e-017 -7.166219e-024 -1.000000e+000
    outer loop
      vertex  0.000000e+000 -3.750000e-001 -4.592425e-017
      vertex -4.757529e-003 -3.858228e-002 -4.563294e-017
      vertex -1.200920e-003 -5.030686e-002 -4.585072e-017
    endloop
  endfacet
  facet normal -6.123060e-017  0.000000e+000 -1.000000e+000
    outer loop
      vertex  0.000000e+000 -3.750000e-001 -4.592425e-017
      vertex -1.200920e-003 -5.030686e-002 -4.585072e-017
      vertex  6.938894e-018 -6.250000e-002 -4.592425e-017
    endloop
  endfacet
  facet normal  9.801716e-002  9.951848e-001  0.000000e+000
    outer loop
      vertex -6.250000e-002  7.632783e-017 -4.209723e-017
      vertex -6.250000e-002  7.632783e-017  2.526316e-001
      vertex -5.030686e-002 -1.200920e-003 -4.284385e-017
    endloop
  endfacet
  facet normal  9.801716e-002  9.951848e-001  -0.000000e+000
    outer loop
      vertex -5.030686e-002 -1.200920e-003 -4.284385e-017
      vertex -6.250000e-002  7.632783e-017  2.526316e-001
      vertex -5.030686e-002 -1.200920e-003  2.526316e-001
    endloop
  endfacet
  facet normal  2.902846e-001  9.569404e-001  0.000000e+000
    outer loop
      vertex -5.030686e-002 -1.200920e-003 -4.284385e-017
      vertex -5.030686e-002 -1.200920e-003  2.526316e-001
      vertex -3.858228e-002 -4.757529e-003 -4.356177e-017
    endloop
  endfacet
  facet normal  2.902846e-001  9.569404e-001  -0.000000e+000
    outer loop
      vertex -3.858228e-002 -4.757529e-003 -4.356177e-017
      vertex -5.030686e-002 -1.200920e-003  2.526316e-001
      vertex -3.858228e-002 -4.757529e-003  2.526316e-001
    endloop
  endfacet
  facet normal  4.713968e-001  8.819214e-001  0.000000e+000
    outer loop
      vertex -3.858228e-002 -4.757529e-003 -4.356177e-017
      vertex -3.858228e-002 -4.757529e-003  2.526316e-001
      vertex -2.777686e-002 -1.053315e-002 -4.422341e-017
    endloop
  endfacet
  facet normal  4.713968e-001  8.819214e-001  -0.000000e+000
    outer loop
      vertex -2.777686e-002 -1.053315e-002 -4.422341e-017
      vertex -3.858228e-002 -4.757529e-003  2.526316e-001
      vertex -2.777686e-002 -1.053315e-002  2.526316e-001
    endloop
  endfacet
  facet normal  6.343934e-001  7.730104e-001  0.000000e+000
    outer loop
      vertex -2.777686e-002 -1.053315e-002 -4.422341e-017
      vertex -2.777686e-002 -1.053315e-002  2.526316e-001
      vertex -1.830583e-002 -1.830583e-002 -4.480335e-017
    endloop
  endfacet
  facet normal  6.343934e-001  7.730104e-001  -0.000000e+000
    outer loop
      vertex -1.830583e-002 -1.830583e-002 -4.480335e-017
      vertex -2.777686e-002 -1.053315e-002  2.526316e-001
      vertex -1.830583e-002 -1.830583e-002  2.526316e-001
    endloop
  endfacet
  facet normal  7.730104e-001  6.343934e-001  0.000000e+000
    outer loop
      vertex -1.830583e-002 -1.830583e-002 -4.480335e-017
      vertex -1.830583e-002 -1.830583e-002  2.526316e-001
      vertex -1.053315e-002 -2.777686e-002 -4.527928e-017
    endloop
  endfacet
  facet normal  7.730104e-001  6.343934e-001  -0.000000e+000
    outer loop
      vertex -1.053315e-002 -2.777686e-002 -4.527928e-017
      vertex -1.830583e-002 -1.830583e-002  2.526316e-001
      vertex -1.053315e-002 -2.777686e-002  2.526316e-001
    endloop
  endfacet
  facet normal  8.819214e-001  4.713968e-001  0.000000e+000
    outer loop
      vertex -1.053315e-002 -2.777686e-002 -4.527928e-017
      vertex -1.053315e-002 -2.777686e-002  2.526316e-001
      vertex -4.757529e-003 -3.858228e-002 -4.563294e-017
    endloop
  endfacet
  facet normal  8.819214e-001  4.713968e-001  -0.000000e+000
    outer loop
      vertex -4.757529e-003 -3.858228e-002 -4.563294e-017
      vertex -1.053315e-002 -2.777686e-002  2.526316e-001
      vertex -4.757529e-003 -3.858228e-002  2.526316e-001
    endloop
  endfacet
  facet normal  9.569404e-001  2.902846e-001  0.000000e+000
    outer loop
      vertex -4.757529e-003 -3.858228e-002 -4.563294e-017
      vertex -4.757529e-003 -3.858228e-002  2.526316e-001
      vertex -1.200920e-003 -5.030686e-002 -4.585072e-017
    endloop
  endfacet
  facet normal  9.569404e-001  2.902846e-001  -0.000000e+000
    outer loop
      vertex -1.200920e-003 -5.030686e-002 -4.585072e-017
      vertex -4.757529e-003 -3.858228e-002  2.526316e-001
      vertex -1.200920e-003 -5.030686e-002  2.526316e-001
    endloop
  endfacet
  facet normal  9.951848e-001  9.801716e-002  0.000000e+000
    outer loop
      vertex -1.200920e-003 -5.030686e-002 -4.585072e-017
      vertex -1.200920e-003 -5.030686e-002  2.526316e-001
      vertex  6.938894e-018 -6.250000e-002 -4.592425e-017
    endloop
  endfacet
  facet normal  9.951848e-001  9.801716e-002 -6.093749e-017
    outer loop
      vertex  6.938894e-018 -6.250000e-002 -4.592425e-017
      vertex -1.200920e-003 -5.030686e-002  2.526316e-001
      vertex  2.240812e-017 -6.250000e-002  2.526316e-001
    endloop
  endfacet
  facet normal  0.000000e+000 -1.000000e+000  0.000000e+000
    outer loop
      vertex -7.500000e-001 -3.750000e-001  0.000000e+000
      vertex  0.000000e+000 -3.750000e-001 -4.592425e-017
      vertex -7.500000e-001 -3.750000e-001  2.526316e-001
    endloop
  endfacet
  facet normal  0.000000e+000 -1.000000e+000  0.000000e+000
    outer loop
      vertex -7.500000e-001 -3.750000e-001  2.526316e-001
      vertex  0.000000e+000 -3.750000e-001 -4.592425e-017
      vertex  1.546922e-017 -3.750000e-001  2.526316e-001
    endloop
  endfacet
  facet normal -1.000000e+000  0.000000e+000  0.000000e+000
    outer loop
      vertex -7.500000e-001  1.717429e-033  2.526316e-001
      vertex -7.500000e-001  0.000000e+000  0.000000e+000
      vertex -7.500000e-001 -3.750000e-001  2.526316e-001
    endloop
  endfacet
  facet normal -1.000000e+000  0.000000e+000  0.000000e+000
    outer loop
      vertex -7.500000e-001 -3.750000e-001  2.526316e-001
      vertex -7.500000e-001  0.000000e+000  0.000000e+000
      vertex -7.500000e-001 -3.750000e-001  0.000000e+000
    endloop
  endfacet
endsolid CATIA STL
