solid CATIA STL
  facet normal  -0.000000e+000  1.000000e+000  0.000000e+000
    outer loop
      vertex  5.740532e-018  4.453125e-001  9.375000e-002
      vertex  2.803797e-017  4.453125e-001  4.578947e-001
      vertex  7.500000e-001  4.453125e-001  4.578947e-001
    endloop
  endfacet
  facet normal  0.000000e+000  9.999999e-001  0.000000e+000
    outer loop
      vertex  5.740532e-018  4.453125e-001  9.375000e-002
      vertex  7.500000e-001  4.453125e-001  4.578947e-001
      vertex  7.500000e-001  4.453125e-001 -4.592425e-017
    endloop
  endfacet
  facet normal  0.000000e+000  1.000000e+000  0.000000e+000
    outer loop
      vertex  5.740532e-018  4.453125e-001  9.375000e-002
      vertex  7.500000e-001  4.453125e-001 -4.592425e-017
      vertex  9.375000e-002  4.453125e-001 -5.740532e-018
    endloop
  endfacet
  facet normal  0.000000e+000  1.000000e+000  0.000000e+000
    outer loop
      vertex  5.740532e-018  4.453125e-001  9.375000e-002
      vertex  9.375000e-002  4.453125e-001 -5.740532e-018
      vertex  7.546028e-002  4.453125e-001  1.801380e-003
    endloop
  endfacet
  facet normal  0.000000e+000  1.000000e+000  0.000000e+000
    outer loop
      vertex  5.740532e-018  4.453125e-001  9.375000e-002
      vertex  7.546028e-002  4.453125e-001  1.801380e-003
      vertex  5.787343e-002  4.453125e-001  7.136294e-003
    endloop
  endfacet
  facet normal  0.000000e+000  1.000000e+000  0.000000e+000
    outer loop
      vertex  5.740532e-018  4.453125e-001  9.375000e-002
      vertex  5.787343e-002  4.453125e-001  7.136294e-003
      vertex  4.166529e-002  4.453125e-001  1.579972e-002
    endloop
  endfacet
  facet normal  0.000000e+000  1.000000e+000  0.000000e+000
    outer loop
      vertex  5.740532e-018  4.453125e-001  9.375000e-002
      vertex  4.166529e-002  4.453125e-001  1.579972e-002
      vertex  2.745874e-002  4.453125e-001  2.745874e-002
    endloop
  endfacet
  facet normal  0.000000e+000  1.000000e+000  0.000000e+000
    outer loop
      vertex  5.740532e-018  4.453125e-001  9.375000e-002
      vertex  2.745874e-002  4.453125e-001  2.745874e-002
      vertex  1.579972e-002  4.453125e-001  4.166529e-002
    endloop
  endfacet
  facet normal  0.000000e+000  9.999999e-001  0.000000e+000
    outer loop
      vertex  5.740532e-018  4.453125e-001  9.375000e-002
      vertex  1.579972e-002  4.453125e-001  4.166529e-002
      vertex  7.136294e-003  4.453125e-001  5.787343e-002
    endloop
  endfacet
  facet normal  0.000000e+000  1.000000e+000  0.000000e+000
    outer loop
      vertex  5.740532e-018  4.453125e-001  9.375000e-002
      vertex  7.136294e-003  4.453125e-001  5.787343e-002
      vertex  1.801380e-003  4.453125e-001  7.546028e-002
    endloop
  endfacet
  facet normal  0.000000e+000 -1.000000e+000  0.000000e+000
    outer loop
      vertex  5.740532e-018  0.000000e+000  9.375000e-002
      vertex  1.801380e-003  0.000000e+000  7.546028e-002
      vertex  7.136294e-003  0.000000e+000  5.787343e-002
    endloop
  endfacet
  facet normal  0.000000e+000 -9.999999e-001  0.000000e+000
    outer loop
      vertex  5.740532e-018  0.000000e+000  9.375000e-002
      vertex  7.136294e-003  0.000000e+000  5.787343e-002
      vertex  1.579972e-002  0.000000e+000  4.166529e-002
    endloop
  endfacet
  facet normal  0.000000e+000 -1.000000e+000  0.000000e+000
    outer loop
      vertex  5.740532e-018  0.000000e+000  9.375000e-002
      vertex  1.579972e-002  0.000000e+000  4.166529e-002
      vertex  2.745874e-002  0.000000e+000  2.745874e-002
    endloop
  endfacet
  facet normal  0.000000e+000 -1.000000e+000  0.000000e+000
    outer loop
      vertex  5.740532e-018  0.000000e+000  9.375000e-002
      vertex  2.745874e-002  0.000000e+000  2.745874e-002
      vertex  4.166529e-002  0.000000e+000  1.579972e-002
    endloop
  endfacet
  facet normal  0.000000e+000 -1.000000e+000  0.000000e+000
    outer loop
      vertex  5.740532e-018  0.000000e+000  9.375000e-002
      vertex  4.166529e-002  0.000000e+000  1.579972e-002
      vertex  5.787343e-002  0.000000e+000  7.136294e-003
    endloop
  endfacet
  facet normal  0.000000e+000 -1.000000e+000  0.000000e+000
    outer loop
      vertex  5.740532e-018  0.000000e+000  9.375000e-002
      vertex  5.787343e-002  0.000000e+000  7.136294e-003
      vertex  7.546028e-002  0.000000e+000  1.801380e-003
    endloop
  endfacet
  facet normal  0.000000e+000 -1.000000e+000  0.000000e+000
    outer loop
      vertex  5.740532e-018  0.000000e+000  9.375000e-002
      vertex  7.546028e-002  0.000000e+000  1.801380e-003
      vertex  9.375000e-002  0.000000e+000 -5.740532e-018
    endloop
  endfacet
  facet normal  0.000000e+000 -1.000000e+000  0.000000e+000
    outer loop
      vertex  5.740532e-018  0.000000e+000  9.375000e-002
      vertex  9.375000e-002  0.000000e+000 -5.740532e-018
      vertex  7.500000e-001  0.000000e+000 -4.592425e-017
    endloop
  endfacet
  facet normal  0.000000e+000 -9.999999e-001  0.000000e+000
    outer loop
      vertex  5.740532e-018  0.000000e+000  9.375000e-002
      vertex  7.500000e-001  0.000000e+000 -4.592425e-017
      vertex  7.500000e-001  0.000000e+000  4.578947e-001
    endloop
  endfacet
  facet normal  -0.000000e+000 -1.000000e+000  0.000000e+000
    outer loop
      vertex  5.740532e-018  0.000000e+000  9.375000e-002
      vertex  7.500000e-001  0.000000e+000  4.578947e-001
      vertex  2.803797e-017  0.000000e+000  4.578947e-001
    endloop
  endfacet
  facet normal -1.000000e+000  0.000000e+000  6.123234e-017
    outer loop
      vertex  2.803797e-017  4.453125e-001  4.578947e-001
      vertex  5.740532e-018  4.453125e-001  9.375000e-002
      vertex  2.803797e-017  0.000000e+000  4.578947e-001
    endloop
  endfacet
  facet normal -1.000000e+000  0.000000e+000  6.123234e-017
    outer loop
      vertex  2.803797e-017  0.000000e+000  4.578947e-001
      vertex  5.740532e-018  4.453125e-001  9.375000e-002
      vertex  5.740532e-018  0.000000e+000  9.375000e-002
    endloop
  endfacet
  facet normal -6.123234e-017  0.000000e+000 -1.000000e+000
    outer loop
      vertex  9.375000e-002  4.453125e-001 -5.740532e-018
      vertex  7.500000e-001  4.453125e-001 -4.592425e-017
      vertex  9.375000e-002  0.000000e+000 -5.740532e-018
    endloop
  endfacet
  facet normal -6.123234e-017  0.000000e+000 -1.000000e+000
    outer loop
      vertex  9.375000e-002  0.000000e+000 -5.740532e-018
      vertex  7.500000e-001  4.453125e-001 -4.592425e-017
      vertex  7.500000e-001  0.000000e+000 -4.592425e-017
    endloop
  endfacet
  facet normal -9.951848e-001  -0.000000e+000 -9.801716e-002
    outer loop
      vertex  5.740532e-018  0.000000e+000  9.375000e-002
      vertex  5.740532e-018  4.453125e-001  9.375000e-002
      vertex  1.801380e-003  0.000000e+000  7.546028e-002
    endloop
  endfacet
  facet normal -9.951848e-001  0.000000e+000 -9.801716e-002
    outer loop
      vertex  1.801380e-003  0.000000e+000  7.546028e-002
      vertex  5.740532e-018  4.453125e-001  9.375000e-002
      vertex  1.801380e-003  4.453125e-001  7.546028e-002
    endloop
  endfacet
  facet normal -9.569404e-001  -0.000000e+000 -2.902846e-001
    outer loop
      vertex  1.801380e-003  0.000000e+000  7.546028e-002
      vertex  1.801380e-003  4.453125e-001  7.546028e-002
      vertex  7.136294e-003  0.000000e+000  5.787343e-002
    endloop
  endfacet
  facet normal -9.569404e-001  0.000000e+000 -2.902846e-001
    outer loop
      vertex  7.136294e-003  0.000000e+000  5.787343e-002
      vertex  1.801380e-003  4.453125e-001  7.546028e-002
      vertex  7.136294e-003  4.453125e-001  5.787343e-002
    endloop
  endfacet
  facet normal -8.819214e-001  -0.000000e+000 -4.713967e-001
    outer loop
      vertex  7.136294e-003  0.000000e+000  5.787343e-002
      vertex  7.136294e-003  4.453125e-001  5.787343e-002
      vertex  1.579972e-002  0.000000e+000  4.166529e-002
    endloop
  endfacet
  facet normal -8.819214e-001  0.000000e+000 -4.713967e-001
    outer loop
      vertex  1.579972e-002  0.000000e+000  4.166529e-002
      vertex  7.136294e-003  4.453125e-001  5.787343e-002
      vertex  1.579972e-002  4.453125e-001  4.166529e-002
    endloop
  endfacet
  facet normal -7.730105e-001  -0.000000e+000 -6.343933e-001
    outer loop
      vertex  1.579972e-002  0.000000e+000  4.166529e-002
      vertex  1.579972e-002  4.453125e-001  4.166529e-002
      vertex  2.745874e-002  0.000000e+000  2.745874e-002
    endloop
  endfacet
  facet normal -7.730105e-001  0.000000e+000 -6.343933e-001
    outer loop
      vertex  2.745874e-002  0.000000e+000  2.745874e-002
      vertex  1.579972e-002  4.453125e-001  4.166529e-002
      vertex  2.745874e-002  4.453125e-001  2.745874e-002
    endloop
  endfacet
  facet normal -6.343933e-001  -0.000000e+000 -7.730105e-001
    outer loop
      vertex  2.745874e-002  0.000000e+000  2.745874e-002
      vertex  2.745874e-002  4.453125e-001  2.745874e-002
      vertex  4.166529e-002  0.000000e+000  1.579972e-002
    endloop
  endfacet
  facet normal -6.343933e-001  0.000000e+000 -7.730105e-001
    outer loop
      vertex  4.166529e-002  0.000000e+000  1.579972e-002
      vertex  2.745874e-002  4.453125e-001  2.745874e-002
      vertex  4.166529e-002  4.453125e-001  1.579972e-002
    endloop
  endfacet
  facet normal -4.713967e-001  -0.000000e+000 -8.819214e-001
    outer loop
      vertex  4.166529e-002  0.000000e+000  1.579972e-002
      vertex  4.166529e-002  4.453125e-001  1.579972e-002
      vertex  5.787343e-002  0.000000e+000  7.136294e-003
    endloop
  endfacet
  facet normal -4.713967e-001  0.000000e+000 -8.819214e-001
    outer loop
      vertex  5.787343e-002  0.000000e+000  7.136294e-003
      vertex  4.166529e-002  4.453125e-001  1.579972e-002
      vertex  5.787343e-002  4.453125e-001  7.136294e-003
    endloop
  endfacet
  facet normal -2.902846e-001  -0.000000e+000 -9.569404e-001
    outer loop
      vertex  5.787343e-002  0.000000e+000  7.136294e-003
      vertex  5.787343e-002  4.453125e-001  7.136294e-003
      vertex  7.546028e-002  0.000000e+000  1.801380e-003
    endloop
  endfacet
  facet normal -2.902846e-001  0.000000e+000 -9.569404e-001
    outer loop
      vertex  7.546028e-002  0.000000e+000  1.801380e-003
      vertex  5.787343e-002  4.453125e-001  7.136294e-003
      vertex  7.546028e-002  4.453125e-001  1.801380e-003
    endloop
  endfacet
  facet normal -9.801716e-002  -0.000000e+000 -9.951848e-001
    outer loop
      vertex  7.546028e-002  0.000000e+000  1.801380e-003
      vertex  7.546028e-002  4.453125e-001  1.801380e-003
      vertex  9.375000e-002  0.000000e+000 -5.740532e-018
    endloop
  endfacet
  facet normal -9.801716e-002  0.000000e+000 -9.951848e-001
    outer loop
      vertex  9.375000e-002  0.000000e+000 -5.740532e-018
      vertex  7.546028e-002  4.453125e-001  1.801380e-003
      vertex  9.375000e-002  4.453125e-001 -5.740532e-018
    endloop
  endfacet
  facet normal  -0.000000e+000  0.000000e+000  1.000000e+000
    outer loop
      vertex  7.500000e-001  4.453125e-001  4.578947e-001
      vertex  2.803797e-017  4.453125e-001  4.578947e-001
      vertex  7.500000e-001  0.000000e+000  4.578947e-001
    endloop
  endfacet
  facet normal  0.000000e+000  0.000000e+000  1.000000e+000
    outer loop
      vertex  7.500000e-001  0.000000e+000  4.578947e-001
      vertex  2.803797e-017  4.453125e-001  4.578947e-001
      vertex  2.803797e-017  0.000000e+000  4.578947e-001
    endloop
  endfacet
  facet normal  1.000000e+000  0.000000e+000  0.000000e+000
    outer loop
      vertex  7.500000e-001  4.453125e-001 -4.592425e-017
      vertex  7.500000e-001  4.453125e-001  4.578947e-001
      vertex  7.500000e-001  0.000000e+000 -4.592425e-017
    endloop
  endfacet
  facet normal  1.000000e+000  0.000000e+000  0.000000e+000
    outer loop
      vertex  7.500000e-001  0.000000e+000 -4.592425e-017
      vertex  7.500000e-001  4.453125e-001  4.578947e-001
      vertex  7.500000e-001  0.000000e+000  4.578947e-001
    endloop
  endfacet
endsolid CATIA STL
