solid CATIA STL
  facet normal  0.000000e+000  -0.000000e+000  1.000000e+000
    outer loop
      vertex -4.687500e-002 -4.687500e-002  7.500000e-001
      vertex  3.906250e-002 -4.687500e-002  7.500000e-001
      vertex  3.906250e-002 -3.906250e-002  7.500000e-001
    endloop
  endfacet
  facet normal  0.000000e+000  0.000000e+000  1.000000e+000
    outer loop
      vertex -3.906250e-002  3.906250e-002  7.500000e-001
      vertex -9.165357e-003  3.311559e-002  7.500000e-001
      vertex -2.382107e-002  3.756135e-002  7.500000e-001
    endloop
  endfacet
  facet normal  0.000000e+000  0.000000e+000  9.999999e-001
    outer loop
      vertex -4.687500e-002  3.906250e-002  7.500000e-001
      vertex -4.687500e-002 -4.687500e-002  7.500000e-001
      vertex  3.906250e-002 -3.906250e-002  7.500000e-001
    endloop
  endfacet
  facet normal  0.000000e+000  0.000000e+000  9.999999e-001
    outer loop
      vertex -4.687500e-002  3.906250e-002  7.500000e-001
      vertex  3.906250e-002 -3.906250e-002  7.500000e-001
      vertex  3.756135e-002 -2.382107e-002  7.500000e-001
    endloop
  endfacet
  facet normal  0.000000e+000  0.000000e+000  1.000000e+000
    outer loop
      vertex -4.687500e-002  3.906250e-002  7.500000e-001
      vertex  3.756135e-002 -2.382107e-002  7.500000e-001
      vertex  3.311559e-002 -9.165357e-003  7.500000e-001
    endloop
  endfacet
  facet normal  0.000000e+000  0.000000e+000  1.000000e+000
    outer loop
      vertex -4.687500e-002  3.906250e-002  7.500000e-001
      vertex  3.311559e-002 -9.165357e-003  7.500000e-001
      vertex  2.589606e-002  4.341424e-003  7.500000e-001
    endloop
  endfacet
  facet normal  0.000000e+000  0.000000e+000  1.000000e+000
    outer loop
      vertex -4.687500e-002  3.906250e-002  7.500000e-001
      vertex  2.589606e-002  4.341424e-003  7.500000e-001
      vertex  1.618022e-002  1.618022e-002  7.500000e-001
    endloop
  endfacet
  facet normal  0.000000e+000  0.000000e+000  1.000000e+000
    outer loop
      vertex -4.687500e-002  3.906250e-002  7.500000e-001
      vertex  1.618022e-002  1.618022e-002  7.500000e-001
      vertex  4.341424e-003  2.589606e-002  7.500000e-001
    endloop
  endfacet
  facet normal  0.000000e+000  0.000000e+000  1.000000e+000
    outer loop
      vertex -4.687500e-002  3.906250e-002  7.500000e-001
      vertex  4.341424e-003  2.589606e-002  7.500000e-001
      vertex -9.165357e-003  3.311559e-002  7.500000e-001
    endloop
  endfacet
  facet normal  0.000000e+000  0.000000e+000  9.999999e-001
    outer loop
      vertex -4.687500e-002  3.906250e-002  7.500000e-001
      vertex -9.165357e-003  3.311559e-002  7.500000e-001
      vertex -3.906250e-002  3.906250e-002  7.500000e-001
    endloop
  endfacet
  facet normal  0.000000e+000  0.000000e+000 -1.000000e+000
    outer loop
      vertex  3.906250e-002 -3.906250e-002  0.000000e+000
      vertex  3.906250e-002 -4.687500e-002  0.000000e+000
      vertex -4.687500e-002 -4.687500e-002  0.000000e+000
    endloop
  endfacet
  facet normal  0.000000e+000  0.000000e+000 -1.000000e+000
    outer loop
      vertex -2.382107e-002  3.756135e-002  0.000000e+000
      vertex -9.165357e-003  3.311559e-002  0.000000e+000
      vertex -3.906250e-002  3.906250e-002  0.000000e+000
    endloop
  endfacet
  facet normal  -0.000000e+000  -0.000000e+000 -9.999999e-001
    outer loop
      vertex -4.687500e-002  3.906250e-002  0.000000e+000
      vertex -3.906250e-002  3.906250e-002  0.000000e+000
      vertex -9.165357e-003  3.311559e-002  0.000000e+000
    endloop
  endfacet
  facet normal  -0.000000e+000  -0.000000e+000 -1.000000e+000
    outer loop
      vertex -4.687500e-002  3.906250e-002  0.000000e+000
      vertex -9.165357e-003  3.311559e-002  0.000000e+000
      vertex  4.341424e-003  2.589606e-002  0.000000e+000
    endloop
  endfacet
  facet normal  -0.000000e+000  -0.000000e+000 -1.000000e+000
    outer loop
      vertex -4.687500e-002  3.906250e-002  0.000000e+000
      vertex  4.341424e-003  2.589606e-002  0.000000e+000
      vertex  1.618022e-002  1.618022e-002  0.000000e+000
    endloop
  endfacet
  facet normal  -0.000000e+000  -0.000000e+000 -1.000000e+000
    outer loop
      vertex -4.687500e-002  3.906250e-002  0.000000e+000
      vertex  1.618022e-002  1.618022e-002  0.000000e+000
      vertex  2.589606e-002  4.341424e-003  0.000000e+000
    endloop
  endfacet
  facet normal  -0.000000e+000  -0.000000e+000 -1.000000e+000
    outer loop
      vertex -4.687500e-002  3.906250e-002  0.000000e+000
      vertex  2.589606e-002  4.341424e-003  0.000000e+000
      vertex  3.311559e-002 -9.165357e-003  0.000000e+000
    endloop
  endfacet
  facet normal  -0.000000e+000  -0.000000e+000 -1.000000e+000
    outer loop
      vertex -4.687500e-002  3.906250e-002  0.000000e+000
      vertex  3.311559e-002 -9.165357e-003  0.000000e+000
      vertex  3.756135e-002 -2.382107e-002  0.000000e+000
    endloop
  endfacet
  facet normal  -0.000000e+000  -0.000000e+000 -9.999999e-001
    outer loop
      vertex -4.687500e-002  3.906250e-002  0.000000e+000
      vertex  3.756135e-002 -2.382107e-002  0.000000e+000
      vertex  3.906250e-002 -3.906250e-002  0.000000e+000
    endloop
  endfacet
  facet normal  -0.000000e+000  0.000000e+000 -9.999999e-001
    outer loop
      vertex -4.687500e-002  3.906250e-002  0.000000e+000
      vertex  3.906250e-002 -3.906250e-002  0.000000e+000
      vertex -4.687500e-002 -4.687500e-002  0.000000e+000
    endloop
  endfacet
  facet normal  0.000000e+000  1.000000e+000  0.000000e+000
    outer loop
      vertex -3.906250e-002  3.906250e-002  0.000000e+000
      vertex -4.687500e-002  3.906250e-002  0.000000e+000
      vertex -3.906250e-002  3.906250e-002  7.500000e-001
    endloop
  endfacet
  facet normal  0.000000e+000  1.000000e+000  0.000000e+000
    outer loop
      vertex -3.906250e-002  3.906250e-002  7.500000e-001
      vertex -4.687500e-002  3.906250e-002  0.000000e+000
      vertex -4.687500e-002  3.906250e-002  7.500000e-001
    endloop
  endfacet
  facet normal  1.000000e+000  0.000000e+000  0.000000e+000
    outer loop
      vertex  3.906250e-002 -4.687500e-002  0.000000e+000
      vertex  3.906250e-002 -3.906250e-002  0.000000e+000
      vertex  3.906250e-002 -4.687500e-002  7.500000e-001
    endloop
  endfacet
  facet normal  1.000000e+000  -0.000000e+000  0.000000e+000
    outer loop
      vertex  3.906250e-002 -4.687500e-002  7.500000e-001
      vertex  3.906250e-002 -3.906250e-002  0.000000e+000
      vertex  3.906250e-002 -3.906250e-002  7.500000e-001
    endloop
  endfacet
  facet normal  9.801717e-002  9.951847e-001  0.000000e+000
    outer loop
      vertex -3.906250e-002  3.906250e-002  0.000000e+000
      vertex -3.906250e-002  3.906250e-002  7.500000e-001
      vertex -2.382107e-002  3.756135e-002  0.000000e+000
    endloop
  endfacet
  facet normal  9.801717e-002  9.951847e-001  -0.000000e+000
    outer loop
      vertex -2.382107e-002  3.756135e-002  0.000000e+000
      vertex -3.906250e-002  3.906250e-002  7.500000e-001
      vertex -2.382107e-002  3.756135e-002  7.500000e-001
    endloop
  endfacet
  facet normal  2.902847e-001  9.569404e-001  0.000000e+000
    outer loop
      vertex -2.382107e-002  3.756135e-002  0.000000e+000
      vertex -2.382107e-002  3.756135e-002  7.500000e-001
      vertex -9.165357e-003  3.311559e-002  0.000000e+000
    endloop
  endfacet
  facet normal  2.902847e-001  9.569404e-001  -0.000000e+000
    outer loop
      vertex -9.165357e-003  3.311559e-002  0.000000e+000
      vertex -2.382107e-002  3.756135e-002  7.500000e-001
      vertex -9.165357e-003  3.311559e-002  7.500000e-001
    endloop
  endfacet
  facet normal  4.713968e-001  8.819213e-001  0.000000e+000
    outer loop
      vertex -9.165357e-003  3.311559e-002  0.000000e+000
      vertex -9.165357e-003  3.311559e-002  7.500000e-001
      vertex  4.341424e-003  2.589606e-002  0.000000e+000
    endloop
  endfacet
  facet normal  4.713968e-001  8.819213e-001  -0.000000e+000
    outer loop
      vertex  4.341424e-003  2.589606e-002  0.000000e+000
      vertex -9.165357e-003  3.311559e-002  7.500000e-001
      vertex  4.341424e-003  2.589606e-002  7.500000e-001
    endloop
  endfacet
  facet normal  6.343933e-001  7.730105e-001  0.000000e+000
    outer loop
      vertex  4.341424e-003  2.589606e-002  0.000000e+000
      vertex  4.341424e-003  2.589606e-002  7.500000e-001
      vertex  1.618022e-002  1.618022e-002  0.000000e+000
    endloop
  endfacet
  facet normal  6.343933e-001  7.730105e-001  -0.000000e+000
    outer loop
      vertex  1.618022e-002  1.618022e-002  0.000000e+000
      vertex  4.341424e-003  2.589606e-002  7.500000e-001
      vertex  1.618022e-002  1.618022e-002  7.500000e-001
    endloop
  endfacet
  facet normal  7.730105e-001  6.343933e-001  0.000000e+000
    outer loop
      vertex  1.618022e-002  1.618022e-002  0.000000e+000
      vertex  1.618022e-002  1.618022e-002  7.500000e-001
      vertex  2.589606e-002  4.341424e-003  0.000000e+000
    endloop
  endfacet
  facet normal  7.730105e-001  6.343933e-001  -0.000000e+000
    outer loop
      vertex  2.589606e-002  4.341424e-003  0.000000e+000
      vertex  1.618022e-002  1.618022e-002  7.500000e-001
      vertex  2.589606e-002  4.341424e-003  7.500000e-001
    endloop
  endfacet
  facet normal  8.819213e-001  4.713968e-001  0.000000e+000
    outer loop
      vertex  2.589606e-002  4.341424e-003  0.000000e+000
      vertex  2.589606e-002  4.341424e-003  7.500000e-001
      vertex  3.311559e-002 -9.165357e-003  0.000000e+000
    endloop
  endfacet
  facet normal  8.819213e-001  4.713968e-001  -0.000000e+000
    outer loop
      vertex  3.311559e-002 -9.165357e-003  0.000000e+000
      vertex  2.589606e-002  4.341424e-003  7.500000e-001
      vertex  3.311559e-002 -9.165357e-003  7.500000e-001
    endloop
  endfacet
  facet normal  9.569404e-001  2.902847e-001  0.000000e+000
    outer loop
      vertex  3.311559e-002 -9.165357e-003  0.000000e+000
      vertex  3.311559e-002 -9.165357e-003  7.500000e-001
      vertex  3.756135e-002 -2.382107e-002  0.000000e+000
    endloop
  endfacet
  facet normal  9.569404e-001  2.902847e-001  -0.000000e+000
    outer loop
      vertex  3.756135e-002 -2.382107e-002  0.000000e+000
      vertex  3.311559e-002 -9.165357e-003  7.500000e-001
      vertex  3.756135e-002 -2.382107e-002  7.500000e-001
    endloop
  endfacet
  facet normal  9.951847e-001  9.801717e-002  0.000000e+000
    outer loop
      vertex  3.756135e-002 -2.382107e-002  0.000000e+000
      vertex  3.756135e-002 -2.382107e-002  7.500000e-001
      vertex  3.906250e-002 -3.906250e-002  0.000000e+000
    endloop
  endfacet
  facet normal  9.951847e-001  9.801717e-002  -0.000000e+000
    outer loop
      vertex  3.906250e-002 -3.906250e-002  0.000000e+000
      vertex  3.756135e-002 -2.382107e-002  7.500000e-001
      vertex  3.906250e-002 -3.906250e-002  7.500000e-001
    endloop
  endfacet
  facet normal -1.000000e+000  0.000000e+000  0.000000e+000
    outer loop
      vertex -4.687500e-002  3.906250e-002  0.000000e+000
      vertex -4.687500e-002 -4.687500e-002  0.000000e+000
      vertex -4.687500e-002  3.906250e-002  7.500000e-001
    endloop
  endfacet
  facet normal -1.000000e+000  -0.000000e+000  0.000000e+000
    outer loop
      vertex -4.687500e-002  3.906250e-002  7.500000e-001
      vertex -4.687500e-002 -4.687500e-002  0.000000e+000
      vertex -4.687500e-002 -4.687500e-002  7.500000e-001
    endloop
  endfacet
  facet normal  0.000000e+000 -1.000000e+000  0.000000e+000
    outer loop
      vertex -4.687500e-002 -4.687500e-002  0.000000e+000
      vertex  3.906250e-002 -4.687500e-002  0.000000e+000
      vertex -4.687500e-002 -4.687500e-002  7.500000e-001
    endloop
  endfacet
  facet normal  0.000000e+000 -1.000000e+000  0.000000e+000
    outer loop
      vertex -4.687500e-002 -4.687500e-002  7.500000e-001
      vertex  3.906250e-002 -4.687500e-002  0.000000e+000
      vertex  3.906250e-002 -4.687500e-002  7.500000e-001
    endloop
  endfacet
endsolid CATIA STL
