solid CATIA STL
  facet normal  0.000000e+000  0.000000e+000 -1.000000e+000
    outer loop
      vertex  0.000000e+000  7.812500e-002  0.000000e+000
      vertex  0.000000e+000  6.875000e-001  0.000000e+000
      vertex  7.500000e-001  6.875000e-001  0.000000e+000
    endloop
  endfacet
  facet normal  0.000000e+000  -0.000000e+000 -1.000000e+000
    outer loop
      vertex  0.000000e+000  7.812500e-002  0.000000e+000
      vertex  7.500000e-001  6.875000e-001  0.000000e+000
      vertex  7.500000e-001  0.000000e+000  0.000000e+000
    endloop
  endfacet
  facet normal  0.000000e+000  0.000000e+000 -1.000000e+000
    outer loop
      vertex  0.000000e+000  7.812500e-002  0.000000e+000
      vertex  7.500000e-001  0.000000e+000  0.000000e+000
      vertex  7.812500e-002  0.000000e+000  0.000000e+000
    endloop
  endfacet
  facet normal  0.000000e+000  0.000000e+000 -1.000000e+000
    outer loop
      vertex  0.000000e+000  7.812500e-002  0.000000e+000
      vertex  7.812500e-002  0.000000e+000  0.000000e+000
      vertex  6.288357e-002  1.501150e-003  0.000000e+000
    endloop
  endfacet
  facet normal  0.000000e+000  0.000000e+000 -1.000000e+000
    outer loop
      vertex  0.000000e+000  7.812500e-002  0.000000e+000
      vertex  6.288357e-002  1.501150e-003  0.000000e+000
      vertex  4.822786e-002  5.946911e-003  0.000000e+000
    endloop
  endfacet
  facet normal  0.000000e+000  0.000000e+000 -1.000000e+000
    outer loop
      vertex  0.000000e+000  7.812500e-002  0.000000e+000
      vertex  4.822786e-002  5.946911e-003  0.000000e+000
      vertex  3.472108e-002  1.316644e-002  0.000000e+000
    endloop
  endfacet
  facet normal  0.000000e+000  0.000000e+000 -1.000000e+000
    outer loop
      vertex  0.000000e+000  7.812500e-002  0.000000e+000
      vertex  3.472108e-002  1.316644e-002  0.000000e+000
      vertex  2.288228e-002  2.288228e-002  0.000000e+000
    endloop
  endfacet
  facet normal  0.000000e+000  0.000000e+000 -1.000000e+000
    outer loop
      vertex  0.000000e+000  7.812500e-002  0.000000e+000
      vertex  2.288228e-002  2.288228e-002  0.000000e+000
      vertex  1.316644e-002  3.472108e-002  0.000000e+000
    endloop
  endfacet
  facet normal  0.000000e+000  0.000000e+000 -1.000000e+000
    outer loop
      vertex  0.000000e+000  7.812500e-002  0.000000e+000
      vertex  1.316644e-002  3.472108e-002  0.000000e+000
      vertex  5.946911e-003  4.822786e-002  0.000000e+000
    endloop
  endfacet
  facet normal  0.000000e+000  0.000000e+000 -1.000000e+000
    outer loop
      vertex  0.000000e+000  7.812500e-002  0.000000e+000
      vertex  5.946911e-003  4.822786e-002  0.000000e+000
      vertex  1.501150e-003  6.288357e-002  0.000000e+000
    endloop
  endfacet
  facet normal -1.000000e+000  -0.000000e+000  0.000000e+000
    outer loop
      vertex  0.000000e+000  7.812500e-002  7.500000e-001
      vertex  0.000000e+000  7.500000e-001  7.500000e-001
      vertex  0.000000e+000  7.812500e-002  0.000000e+000
    endloop
  endfacet
  facet normal -1.000000e+000  0.000000e+000  0.000000e+000
    outer loop
      vertex  0.000000e+000  7.812500e-002  0.000000e+000
      vertex  0.000000e+000  7.500000e-001  7.500000e-001
      vertex  0.000000e+000  7.500000e-001  1.562500e-001
    endloop
  endfacet
  facet normal -1.000000e+000  0.000000e+000  0.000000e+000
    outer loop
      vertex  0.000000e+000  7.812500e-002  0.000000e+000
      vertex  0.000000e+000  7.500000e-001  1.562500e-001
      vertex  0.000000e+000  6.875000e-001  0.000000e+000
    endloop
  endfacet
  facet normal  -0.000000e+000  -0.000000e+000  1.000000e+000
    outer loop
      vertex  0.000000e+000  7.812500e-002  7.500000e-001
      vertex  1.501150e-003  6.288357e-002  7.500000e-001
      vertex  5.946911e-003  4.822786e-002  7.500000e-001
    endloop
  endfacet
  facet normal  -0.000000e+000  -0.000000e+000  1.000000e+000
    outer loop
      vertex  0.000000e+000  7.812500e-002  7.500000e-001
      vertex  5.946911e-003  4.822786e-002  7.500000e-001
      vertex  1.316644e-002  3.472108e-002  7.500000e-001
    endloop
  endfacet
  facet normal  -0.000000e+000  -0.000000e+000  1.000000e+000
    outer loop
      vertex  0.000000e+000  7.812500e-002  7.500000e-001
      vertex  1.316644e-002  3.472108e-002  7.500000e-001
      vertex  2.288228e-002  2.288228e-002  7.500000e-001
    endloop
  endfacet
  facet normal  -0.000000e+000  -0.000000e+000  1.000000e+000
    outer loop
      vertex  0.000000e+000  7.812500e-002  7.500000e-001
      vertex  2.288228e-002  2.288228e-002  7.500000e-001
      vertex  3.472108e-002  1.316644e-002  7.500000e-001
    endloop
  endfacet
  facet normal  -0.000000e+000  -0.000000e+000  1.000000e+000
    outer loop
      vertex  0.000000e+000  7.812500e-002  7.500000e-001
      vertex  3.472108e-002  1.316644e-002  7.500000e-001
      vertex  4.822786e-002  5.946911e-003  7.500000e-001
    endloop
  endfacet
  facet normal  -0.000000e+000  -0.000000e+000  1.000000e+000
    outer loop
      vertex  0.000000e+000  7.812500e-002  7.500000e-001
      vertex  4.822786e-002  5.946911e-003  7.500000e-001
      vertex  6.288357e-002  1.501150e-003  7.500000e-001
    endloop
  endfacet
  facet normal  -0.000000e+000  -0.000000e+000  1.000000e+000
    outer loop
      vertex  0.000000e+000  7.812500e-002  7.500000e-001
      vertex  6.288357e-002  1.501150e-003  7.500000e-001
      vertex  7.812500e-002  0.000000e+000  7.500000e-001
    endloop
  endfacet
  facet normal  0.000000e+000  -0.000000e+000  1.000000e+000
    outer loop
      vertex  0.000000e+000  7.812500e-002  7.500000e-001
      vertex  7.812500e-002  0.000000e+000  7.500000e-001
      vertex  5.781250e-001  0.000000e+000  7.500000e-001
    endloop
  endfacet
  facet normal  0.000000e+000  -0.000000e+000  1.000000e+000
    outer loop
      vertex  0.000000e+000  7.812500e-002  7.500000e-001
      vertex  5.781250e-001  0.000000e+000  7.500000e-001
      vertex  5.781250e-001  7.500000e-001  7.500000e-001
    endloop
  endfacet
  facet normal  0.000000e+000  0.000000e+000  1.000000e+000
    outer loop
      vertex  0.000000e+000  7.812500e-002  7.500000e-001
      vertex  5.781250e-001  7.500000e-001  7.500000e-001
      vertex  0.000000e+000  7.500000e-001  7.500000e-001
    endloop
  endfacet
  facet normal  0.000000e+000 -1.000000e+000  0.000000e+000
    outer loop
      vertex  7.812500e-002  0.000000e+000  7.500000e-001
      vertex  7.812500e-002  0.000000e+000  0.000000e+000
      vertex  7.500000e-001  0.000000e+000  0.000000e+000
    endloop
  endfacet
  facet normal  0.000000e+000 -1.000000e+000  0.000000e+000
    outer loop
      vertex  7.812500e-002  0.000000e+000  7.500000e-001
      vertex  7.500000e-001  0.000000e+000  0.000000e+000
      vertex  7.500000e-001  0.000000e+000  5.781250e-001
    endloop
  endfacet
  facet normal  0.000000e+000 -9.999999e-001  0.000000e+000
    outer loop
      vertex  7.812500e-002  0.000000e+000  7.500000e-001
      vertex  7.500000e-001  0.000000e+000  5.781250e-001
      vertex  7.466975e-001  0.000000e+000  6.116561e-001
    endloop
  endfacet
  facet normal  0.000000e+000 -1.000000e+000  0.000000e+000
    outer loop
      vertex  7.812500e-002  0.000000e+000  7.500000e-001
      vertex  7.466975e-001  0.000000e+000  6.116561e-001
      vertex  7.369168e-001  0.000000e+000  6.438987e-001
    endloop
  endfacet
  facet normal  0.000000e+000 -1.000000e+000  0.000000e+000
    outer loop
      vertex  7.812500e-002  0.000000e+000  7.500000e-001
      vertex  7.369168e-001  0.000000e+000  6.438987e-001
      vertex  7.210338e-001  0.000000e+000  6.736136e-001
    endloop
  endfacet
  facet normal  0.000000e+000 -1.000000e+000  0.000000e+000
    outer loop
      vertex  7.812500e-002  0.000000e+000  7.500000e-001
      vertex  7.210338e-001  0.000000e+000  6.736136e-001
      vertex  6.996590e-001  0.000000e+000  6.996590e-001
    endloop
  endfacet
  facet normal  0.000000e+000 -1.000000e+000  0.000000e+000
    outer loop
      vertex  7.812500e-002  0.000000e+000  7.500000e-001
      vertex  6.996590e-001  0.000000e+000  6.996590e-001
      vertex  6.736136e-001  0.000000e+000  7.210338e-001
    endloop
  endfacet
  facet normal  0.000000e+000 -1.000000e+000  0.000000e+000
    outer loop
      vertex  7.812500e-002  0.000000e+000  7.500000e-001
      vertex  6.736136e-001  0.000000e+000  7.210338e-001
      vertex  6.438987e-001  0.000000e+000  7.369168e-001
    endloop
  endfacet
  facet normal  0.000000e+000 -1.000000e+000  0.000000e+000
    outer loop
      vertex  7.812500e-002  0.000000e+000  7.500000e-001
      vertex  6.438987e-001  0.000000e+000  7.369168e-001
      vertex  6.116561e-001  0.000000e+000  7.466975e-001
    endloop
  endfacet
  facet normal  0.000000e+000 -9.999999e-001  0.000000e+000
    outer loop
      vertex  7.812500e-002  0.000000e+000  7.500000e-001
      vertex  6.116561e-001  0.000000e+000  7.466975e-001
      vertex  5.781250e-001  0.000000e+000  7.500000e-001
    endloop
  endfacet
  facet normal -9.801716e-002 -9.951847e-001  -0.000000e+000
    outer loop
      vertex  7.812500e-002  0.000000e+000  0.000000e+000
      vertex  7.812500e-002  0.000000e+000  7.500000e-001
      vertex  6.288357e-002  1.501150e-003  0.000000e+000
    endloop
  endfacet
  facet normal -9.801716e-002 -9.951847e-001  0.000000e+000
    outer loop
      vertex  6.288357e-002  1.501150e-003  0.000000e+000
      vertex  7.812500e-002  0.000000e+000  7.500000e-001
      vertex  6.288357e-002  1.501150e-003  7.500000e-001
    endloop
  endfacet
  facet normal -2.902846e-001 -9.569403e-001  -0.000000e+000
    outer loop
      vertex  6.288357e-002  1.501150e-003  0.000000e+000
      vertex  6.288357e-002  1.501150e-003  7.500000e-001
      vertex  4.822786e-002  5.946911e-003  0.000000e+000
    endloop
  endfacet
  facet normal -2.902846e-001 -9.569403e-001  0.000000e+000
    outer loop
      vertex  4.822786e-002  5.946911e-003  0.000000e+000
      vertex  6.288357e-002  1.501150e-003  7.500000e-001
      vertex  4.822786e-002  5.946911e-003  7.500000e-001
    endloop
  endfacet
  facet normal -4.713968e-001 -8.819212e-001  -0.000000e+000
    outer loop
      vertex  4.822786e-002  5.946911e-003  0.000000e+000
      vertex  4.822786e-002  5.946911e-003  7.500000e-001
      vertex  3.472108e-002  1.316644e-002  0.000000e+000
    endloop
  endfacet
  facet normal -4.713968e-001 -8.819212e-001  0.000000e+000
    outer loop
      vertex  3.472108e-002  1.316644e-002  0.000000e+000
      vertex  4.822786e-002  5.946911e-003  7.500000e-001
      vertex  3.472108e-002  1.316644e-002  7.500000e-001
    endloop
  endfacet
  facet normal -6.343932e-001 -7.730105e-001  -0.000000e+000
    outer loop
      vertex  3.472108e-002  1.316644e-002  0.000000e+000
      vertex  3.472108e-002  1.316644e-002  7.500000e-001
      vertex  2.288228e-002  2.288228e-002  0.000000e+000
    endloop
  endfacet
  facet normal -6.343932e-001 -7.730105e-001  0.000000e+000
    outer loop
      vertex  2.288228e-002  2.288228e-002  0.000000e+000
      vertex  3.472108e-002  1.316644e-002  7.500000e-001
      vertex  2.288228e-002  2.288228e-002  7.500000e-001
    endloop
  endfacet
  facet normal -7.730105e-001 -6.343932e-001  -0.000000e+000
    outer loop
      vertex  2.288228e-002  2.288228e-002  0.000000e+000
      vertex  2.288228e-002  2.288228e-002  7.500000e-001
      vertex  1.316644e-002  3.472108e-002  0.000000e+000
    endloop
  endfacet
  facet normal -7.730105e-001 -6.343932e-001  0.000000e+000
    outer loop
      vertex  1.316644e-002  3.472108e-002  0.000000e+000
      vertex  2.288228e-002  2.288228e-002  7.500000e-001
      vertex  1.316644e-002  3.472108e-002  7.500000e-001
    endloop
  endfacet
  facet normal -8.819212e-001 -4.713968e-001  -0.000000e+000
    outer loop
      vertex  1.316644e-002  3.472108e-002  0.000000e+000
      vertex  1.316644e-002  3.472108e-002  7.500000e-001
      vertex  5.946911e-003  4.822786e-002  0.000000e+000
    endloop
  endfacet
  facet normal -8.819212e-001 -4.713968e-001  0.000000e+000
    outer loop
      vertex  5.946911e-003  4.822786e-002  0.000000e+000
      vertex  1.316644e-002  3.472108e-002  7.500000e-001
      vertex  5.946911e-003  4.822786e-002  7.500000e-001
    endloop
  endfacet
  facet normal -9.569403e-001 -2.902846e-001  -0.000000e+000
    outer loop
      vertex  5.946911e-003  4.822786e-002  0.000000e+000
      vertex  5.946911e-003  4.822786e-002  7.500000e-001
      vertex  1.501150e-003  6.288357e-002  0.000000e+000
    endloop
  endfacet
  facet normal -9.569403e-001 -2.902846e-001  0.000000e+000
    outer loop
      vertex  1.501150e-003  6.288357e-002  0.000000e+000
      vertex  5.946911e-003  4.822786e-002  7.500000e-001
      vertex  1.501150e-003  6.288357e-002  7.500000e-001
    endloop
  endfacet
  facet normal -9.951847e-001 -9.801716e-002  -0.000000e+000
    outer loop
      vertex  1.501150e-003  6.288357e-002  0.000000e+000
      vertex  1.501150e-003  6.288357e-002  7.500000e-001
      vertex  0.000000e+000  7.812500e-002  0.000000e+000
    endloop
  endfacet
  facet normal -9.951847e-001 -9.801716e-002  0.000000e+000
    outer loop
      vertex  0.000000e+000  7.812500e-002  0.000000e+000
      vertex  1.501150e-003  6.288357e-002  7.500000e-001
      vertex  0.000000e+000  7.812500e-002  7.500000e-001
    endloop
  endfacet
  facet normal  0.000000e+000  1.000000e+000  0.000000e+000
    outer loop
      vertex  0.000000e+000  7.500000e-001  7.500000e-001
      vertex  5.781250e-001  7.500000e-001  7.500000e-001
      vertex  6.116561e-001  7.500000e-001  7.466975e-001
    endloop
  endfacet
  facet normal  0.000000e+000  1.000000e+000  0.000000e+000
    outer loop
      vertex  0.000000e+000  7.500000e-001  7.500000e-001
      vertex  6.116561e-001  7.500000e-001  7.466975e-001
      vertex  6.438987e-001  7.500000e-001  7.369168e-001
    endloop
  endfacet
  facet normal  0.000000e+000  1.000000e+000  0.000000e+000
    outer loop
      vertex  0.000000e+000  7.500000e-001  7.500000e-001
      vertex  6.438987e-001  7.500000e-001  7.369168e-001
      vertex  6.736136e-001  7.500000e-001  7.210338e-001
    endloop
  endfacet
  facet normal  0.000000e+000  1.000000e+000  0.000000e+000
    outer loop
      vertex  0.000000e+000  7.500000e-001  7.500000e-001
      vertex  6.736136e-001  7.500000e-001  7.210338e-001
      vertex  6.996590e-001  7.500000e-001  6.996590e-001
    endloop
  endfacet
  facet normal  0.000000e+000  9.999999e-001  0.000000e+000
    outer loop
      vertex  0.000000e+000  7.500000e-001  7.500000e-001
      vertex  6.996590e-001  7.500000e-001  6.996590e-001
      vertex  7.210338e-001  7.500000e-001  6.736136e-001
    endloop
  endfacet
  facet normal  0.000000e+000  1.000000e+000  0.000000e+000
    outer loop
      vertex  0.000000e+000  7.500000e-001  7.500000e-001
      vertex  7.210338e-001  7.500000e-001  6.736136e-001
      vertex  7.369168e-001  7.500000e-001  6.438987e-001
    endloop
  endfacet
  facet normal  0.000000e+000  1.000000e+000  0.000000e+000
    outer loop
      vertex  0.000000e+000  7.500000e-001  7.500000e-001
      vertex  7.369168e-001  7.500000e-001  6.438987e-001
      vertex  7.466975e-001  7.500000e-001  6.116561e-001
    endloop
  endfacet
  facet normal  0.000000e+000  1.000000e+000  0.000000e+000
    outer loop
      vertex  0.000000e+000  7.500000e-001  7.500000e-001
      vertex  7.466975e-001  7.500000e-001  6.116561e-001
      vertex  7.500000e-001  7.500000e-001  5.781250e-001
    endloop
  endfacet
  facet normal  0.000000e+000  1.000000e+000  0.000000e+000
    outer loop
      vertex  0.000000e+000  7.500000e-001  7.500000e-001
      vertex  7.500000e-001  7.500000e-001  5.781250e-001
      vertex  7.500000e-001  7.500000e-001  1.562500e-001
    endloop
  endfacet
  facet normal  0.000000e+000  1.000000e+000  0.000000e+000
    outer loop
      vertex  0.000000e+000  7.500000e-001  7.500000e-001
      vertex  7.500000e-001  7.500000e-001  1.562500e-001
      vertex  0.000000e+000  7.500000e-001  1.562500e-001
    endloop
  endfacet
  facet normal  1.000000e+000  -0.000000e+000  0.000000e+000
    outer loop
      vertex  7.500000e-001  7.500000e-001  5.781250e-001
      vertex  7.500000e-001  0.000000e+000  5.781250e-001
      vertex  7.500000e-001  7.500000e-001  1.562500e-001
    endloop
  endfacet
  facet normal  1.000000e+000  0.000000e+000  0.000000e+000
    outer loop
      vertex  7.500000e-001  7.500000e-001  1.562500e-001
      vertex  7.500000e-001  0.000000e+000  5.781250e-001
      vertex  7.500000e-001  0.000000e+000  0.000000e+000
    endloop
  endfacet
  facet normal  9.999999e-001  0.000000e+000  0.000000e+000
    outer loop
      vertex  7.500000e-001  7.500000e-001  1.562500e-001
      vertex  7.500000e-001  0.000000e+000  0.000000e+000
      vertex  7.500000e-001  6.875000e-001  0.000000e+000
    endloop
  endfacet
  facet normal  0.000000e+000  9.284766e-001 -3.713907e-001
    outer loop
      vertex  7.500000e-001  7.500000e-001  1.562500e-001
      vertex  7.500000e-001  6.875000e-001  0.000000e+000
      vertex  0.000000e+000  7.500000e-001  1.562500e-001
    endloop
  endfacet
  facet normal  0.000000e+000  9.284766e-001 -3.713907e-001
    outer loop
      vertex  0.000000e+000  7.500000e-001  1.562500e-001
      vertex  7.500000e-001  6.875000e-001  0.000000e+000
      vertex  0.000000e+000  6.875000e-001  0.000000e+000
    endloop
  endfacet
  facet normal  9.951847e-001  0.000000e+000  9.801675e-002
    outer loop
      vertex  7.500000e-001  0.000000e+000  5.781250e-001
      vertex  7.500000e-001  7.500000e-001  5.781250e-001
      vertex  7.466975e-001  0.000000e+000  6.116561e-001
    endloop
  endfacet
  facet normal  9.951847e-001  -0.000000e+000  9.801675e-002
    outer loop
      vertex  7.466975e-001  0.000000e+000  6.116561e-001
      vertex  7.500000e-001  7.500000e-001  5.781250e-001
      vertex  7.466975e-001  7.500000e-001  6.116561e-001
    endloop
  endfacet
  facet normal  9.569402e-001  0.000000e+000  2.902852e-001
    outer loop
      vertex  7.466975e-001  0.000000e+000  6.116561e-001
      vertex  7.466975e-001  7.500000e-001  6.116561e-001
      vertex  7.369168e-001  0.000000e+000  6.438987e-001
    endloop
  endfacet
  facet normal  9.569402e-001  -0.000000e+000  2.902852e-001
    outer loop
      vertex  7.369168e-001  0.000000e+000  6.438987e-001
      vertex  7.466975e-001  7.500000e-001  6.116561e-001
      vertex  7.369168e-001  7.500000e-001  6.438987e-001
    endloop
  endfacet
  facet normal  8.819209e-001  0.000000e+000  4.713975e-001
    outer loop
      vertex  7.369168e-001  0.000000e+000  6.438987e-001
      vertex  7.369168e-001  7.500000e-001  6.438987e-001
      vertex  7.210338e-001  0.000000e+000  6.736136e-001
    endloop
  endfacet
  facet normal  8.819209e-001  -0.000000e+000  4.713975e-001
    outer loop
      vertex  7.210338e-001  0.000000e+000  6.736136e-001
      vertex  7.369168e-001  7.500000e-001  6.438987e-001
      vertex  7.210338e-001  7.500000e-001  6.736136e-001
    endloop
  endfacet
  facet normal  7.730115e-001  0.000000e+000  6.343921e-001
    outer loop
      vertex  7.210338e-001  0.000000e+000  6.736136e-001
      vertex  7.210338e-001  7.500000e-001  6.736136e-001
      vertex  6.996590e-001  0.000000e+000  6.996590e-001
    endloop
  endfacet
  facet normal  7.730115e-001  -0.000000e+000  6.343921e-001
    outer loop
      vertex  6.996590e-001  0.000000e+000  6.996590e-001
      vertex  7.210338e-001  7.500000e-001  6.736136e-001
      vertex  6.996590e-001  7.500000e-001  6.996590e-001
    endloop
  endfacet
  facet normal  6.343921e-001  0.000000e+000  7.730115e-001
    outer loop
      vertex  6.996590e-001  0.000000e+000  6.996590e-001
      vertex  6.996590e-001  7.500000e-001  6.996590e-001
      vertex  6.736136e-001  0.000000e+000  7.210338e-001
    endloop
  endfacet
  facet normal  6.343921e-001  -0.000000e+000  7.730115e-001
    outer loop
      vertex  6.736136e-001  0.000000e+000  7.210338e-001
      vertex  6.996590e-001  7.500000e-001  6.996590e-001
      vertex  6.736136e-001  7.500000e-001  7.210338e-001
    endloop
  endfacet
  facet normal  4.713975e-001  0.000000e+000  8.819209e-001
    outer loop
      vertex  6.736136e-001  0.000000e+000  7.210338e-001
      vertex  6.736136e-001  7.500000e-001  7.210338e-001
      vertex  6.438987e-001  0.000000e+000  7.369168e-001
    endloop
  endfacet
  facet normal  4.713975e-001  -0.000000e+000  8.819209e-001
    outer loop
      vertex  6.438987e-001  0.000000e+000  7.369168e-001
      vertex  6.736136e-001  7.500000e-001  7.210338e-001
      vertex  6.438987e-001  7.500000e-001  7.369168e-001
    endloop
  endfacet
  facet normal  2.902852e-001  0.000000e+000  9.569402e-001
    outer loop
      vertex  6.438987e-001  0.000000e+000  7.369168e-001
      vertex  6.438987e-001  7.500000e-001  7.369168e-001
      vertex  6.116561e-001  0.000000e+000  7.466975e-001
    endloop
  endfacet
  facet normal  2.902852e-001  -0.000000e+000  9.569402e-001
    outer loop
      vertex  6.116561e-001  0.000000e+000  7.466975e-001
      vertex  6.438987e-001  7.500000e-001  7.369168e-001
      vertex  6.116561e-001  7.500000e-001  7.466975e-001
    endloop
  endfacet
  facet normal  9.801675e-002  0.000000e+000  9.951847e-001
    outer loop
      vertex  6.116561e-001  0.000000e+000  7.466975e-001
      vertex  6.116561e-001  7.500000e-001  7.466975e-001
      vertex  5.781250e-001  0.000000e+000  7.500000e-001
    endloop
  endfacet
  facet normal  9.801675e-002  -0.000000e+000  9.951847e-001
    outer loop
      vertex  5.781250e-001  0.000000e+000  7.500000e-001
      vertex  6.116561e-001  7.500000e-001  7.466975e-001
      vertex  5.781250e-001  7.500000e-001  7.500000e-001
    endloop
  endfacet
endsolid CATIA STL
