solid CATIA STL
  facet normal  0.000000e+000  0.000000e+000  1.000000e+000
    outer loop
      vertex  8.203125e-001  8.671875e-001  1.562500e-002
      vertex  8.382508e-001  8.636193e-001  1.562500e-002
      vertex  8.294573e-001  8.662868e-001  1.562500e-002
    endloop
  endfacet
  facet normal  0.000000e+000  0.000000e+000  1.000000e+000
    outer loop
      vertex  8.671875e-001  5.468750e-002  1.562500e-002
      vertex  0.000000e+000  0.000000e+000  1.562500e-002
      vertex  7.578125e-001  0.000000e+000  1.562500e-002
    endloop
  endfacet
  facet normal  0.000000e+000  0.000000e+000  1.000000e+000
    outer loop
      vertex  5.551115e-017  8.671875e-001  1.562500e-002
      vertex  0.000000e+000  0.000000e+000  1.562500e-002
      vertex  8.671875e-001  5.468750e-002  1.562500e-002
    endloop
  endfacet
  facet normal  0.000000e+000  -0.000000e+000  1.000000e+000
    outer loop
      vertex  5.551115e-017  8.671875e-001  1.562500e-002
      vertex  8.671875e-001  5.468750e-002  1.562500e-002
      vertex  8.671875e-001  8.203125e-001  1.562500e-002
    endloop
  endfacet
  facet normal  0.000000e+000  0.000000e+000  1.000000e+000
    outer loop
      vertex  5.551115e-017  8.671875e-001  1.562500e-002
      vertex  8.671875e-001  8.203125e-001  1.562500e-002
      vertex  8.662868e-001  8.294573e-001  1.562500e-002
    endloop
  endfacet
  facet normal  0.000000e+000  0.000000e+000  1.000000e+000
    outer loop
      vertex  5.551115e-017  8.671875e-001  1.562500e-002
      vertex  8.662868e-001  8.294573e-001  1.562500e-002
      vertex  8.636193e-001  8.382508e-001  1.562500e-002
    endloop
  endfacet
  facet normal  0.000000e+000  0.000000e+000  1.000000e+000
    outer loop
      vertex  5.551115e-017  8.671875e-001  1.562500e-002
      vertex  8.636193e-001  8.382508e-001  1.562500e-002
      vertex  8.592876e-001  8.463548e-001  1.562500e-002
    endloop
  endfacet
  facet normal  0.000000e+000  0.000000e+000  1.000000e+000
    outer loop
      vertex  5.551115e-017  8.671875e-001  1.562500e-002
      vertex  8.592876e-001  8.463548e-001  1.562500e-002
      vertex  8.534581e-001  8.534581e-001  1.562500e-002
    endloop
  endfacet
  facet normal  0.000000e+000  0.000000e+000  1.000000e+000
    outer loop
      vertex  5.551115e-017  8.671875e-001  1.562500e-002
      vertex  8.534581e-001  8.534581e-001  1.562500e-002
      vertex  8.463548e-001  8.592876e-001  1.562500e-002
    endloop
  endfacet
  facet normal  0.000000e+000  0.000000e+000  1.000000e+000
    outer loop
      vertex  5.551115e-017  8.671875e-001  1.562500e-002
      vertex  8.463548e-001  8.592876e-001  1.562500e-002
      vertex  8.382508e-001  8.636193e-001  1.562500e-002
    endloop
  endfacet
  facet normal  0.000000e+000  0.000000e+000  1.000000e+000
    outer loop
      vertex  5.551115e-017  8.671875e-001  1.562500e-002
      vertex  8.382508e-001  8.636193e-001  1.562500e-002
      vertex  8.203125e-001  8.671875e-001  1.562500e-002
    endloop
  endfacet
  facet normal  0.000000e+000  0.000000e+000 -1.000000e+000
    outer loop
      vertex  8.294573e-001  8.662868e-001  0.000000e+000
      vertex  8.382508e-001  8.636193e-001  0.000000e+000
      vertex  8.203125e-001  8.671875e-001  0.000000e+000
    endloop
  endfacet
  facet normal  0.000000e+000  0.000000e+000 -1.000000e+000
    outer loop
      vertex  7.578125e-001  0.000000e+000  0.000000e+000
      vertex  0.000000e+000  0.000000e+000  0.000000e+000
      vertex  8.671875e-001  5.468750e-002  0.000000e+000
    endloop
  endfacet
  facet normal  -0.000000e+000  -0.000000e+000 -1.000000e+000
    outer loop
      vertex  5.551115e-017  8.671875e-001  0.000000e+000
      vertex  8.203125e-001  8.671875e-001  0.000000e+000
      vertex  8.382508e-001  8.636193e-001  0.000000e+000
    endloop
  endfacet
  facet normal  -0.000000e+000  -0.000000e+000 -1.000000e+000
    outer loop
      vertex  5.551115e-017  8.671875e-001  0.000000e+000
      vertex  8.382508e-001  8.636193e-001  0.000000e+000
      vertex  8.463548e-001  8.592876e-001  0.000000e+000
    endloop
  endfacet
  facet normal  -0.000000e+000  -0.000000e+000 -1.000000e+000
    outer loop
      vertex  5.551115e-017  8.671875e-001  0.000000e+000
      vertex  8.463548e-001  8.592876e-001  0.000000e+000
      vertex  8.534581e-001  8.534581e-001  0.000000e+000
    endloop
  endfacet
  facet normal  -0.000000e+000  -0.000000e+000 -1.000000e+000
    outer loop
      vertex  5.551115e-017  8.671875e-001  0.000000e+000
      vertex  8.534581e-001  8.534581e-001  0.000000e+000
      vertex  8.592876e-001  8.463548e-001  0.000000e+000
    endloop
  endfacet
  facet normal  -0.000000e+000  -0.000000e+000 -1.000000e+000
    outer loop
      vertex  5.551115e-017  8.671875e-001  0.000000e+000
      vertex  8.592876e-001  8.463548e-001  0.000000e+000
      vertex  8.636193e-001  8.382508e-001  0.000000e+000
    endloop
  endfacet
  facet normal  -0.000000e+000  -0.000000e+000 -1.000000e+000
    outer loop
      vertex  5.551115e-017  8.671875e-001  0.000000e+000
      vertex  8.636193e-001  8.382508e-001  0.000000e+000
      vertex  8.662868e-001  8.294573e-001  0.000000e+000
    endloop
  endfacet
  facet normal  -0.000000e+000  -0.000000e+000 -1.000000e+000
    outer loop
      vertex  5.551115e-017  8.671875e-001  0.000000e+000
      vertex  8.662868e-001  8.294573e-001  0.000000e+000
      vertex  8.671875e-001  8.203125e-001  0.000000e+000
    endloop
  endfacet
  facet normal  -0.000000e+000  -0.000000e+000 -1.000000e+000
    outer loop
      vertex  5.551115e-017  8.671875e-001  0.000000e+000
      vertex  8.671875e-001  8.203125e-001  0.000000e+000
      vertex  8.671875e-001  5.468750e-002  0.000000e+000
    endloop
  endfacet
  facet normal  -0.000000e+000  0.000000e+000 -1.000000e+000
    outer loop
      vertex  5.551115e-017  8.671875e-001  0.000000e+000
      vertex  8.671875e-001  5.468750e-002  0.000000e+000
      vertex  0.000000e+000  0.000000e+000  0.000000e+000
    endloop
  endfacet
  facet normal  1.000000e+000  0.000000e+000  0.000000e+000
    outer loop
      vertex  8.671875e-001  5.468750e-002  1.562500e-002
      vertex  8.671875e-001  5.468750e-002  0.000000e+000
      vertex  8.671875e-001  8.203125e-001  1.562500e-002
    endloop
  endfacet
  facet normal  1.000000e+000  0.000000e+000  0.000000e+000
    outer loop
      vertex  8.671875e-001  8.203125e-001  1.562500e-002
      vertex  8.671875e-001  5.468750e-002  0.000000e+000
      vertex  8.671875e-001  8.203125e-001  0.000000e+000
    endloop
  endfacet
  facet normal  0.000000e+000  1.000000e+000  -0.000000e+000
    outer loop
      vertex  8.203125e-001  8.671875e-001  1.562500e-002
      vertex  8.203125e-001  8.671875e-001  0.000000e+000
      vertex  5.551115e-017  8.671875e-001  1.562500e-002
    endloop
  endfacet
  facet normal  0.000000e+000  1.000000e+000  0.000000e+000
    outer loop
      vertex  5.551115e-017  8.671875e-001  1.562500e-002
      vertex  8.203125e-001  8.671875e-001  0.000000e+000
      vertex  5.551115e-017  8.671875e-001  0.000000e+000
    endloop
  endfacet
  facet normal  9.801686e-002  9.951848e-001  0.000000e+000
    outer loop
      vertex  8.203125e-001  8.671875e-001  0.000000e+000
      vertex  8.203125e-001  8.671875e-001  1.562500e-002
      vertex  8.294573e-001  8.662868e-001  0.000000e+000
    endloop
  endfacet
  facet normal  9.801686e-002  9.951848e-001  -0.000000e+000
    outer loop
      vertex  8.294573e-001  8.662868e-001  0.000000e+000
      vertex  8.203125e-001  8.671875e-001  1.562500e-002
      vertex  8.294573e-001  8.662868e-001  1.562500e-002
    endloop
  endfacet
  facet normal  2.902881e-001  9.569393e-001  0.000000e+000
    outer loop
      vertex  8.294573e-001  8.662868e-001  0.000000e+000
      vertex  8.294573e-001  8.662868e-001  1.562500e-002
      vertex  8.382508e-001  8.636193e-001  0.000000e+000
    endloop
  endfacet
  facet normal  2.902881e-001  9.569393e-001  -0.000000e+000
    outer loop
      vertex  8.382508e-001  8.636193e-001  0.000000e+000
      vertex  8.294573e-001  8.662868e-001  1.562500e-002
      vertex  8.382508e-001  8.636193e-001  1.562500e-002
    endloop
  endfacet
  facet normal  4.713954e-001  8.819220e-001  0.000000e+000
    outer loop
      vertex  8.382508e-001  8.636193e-001  0.000000e+000
      vertex  8.382508e-001  8.636193e-001  1.562500e-002
      vertex  8.463548e-001  8.592876e-001  0.000000e+000
    endloop
  endfacet
  facet normal  4.713954e-001  8.819220e-001  -0.000000e+000
    outer loop
      vertex  8.463548e-001  8.592876e-001  0.000000e+000
      vertex  8.382508e-001  8.636193e-001  1.562500e-002
      vertex  8.463548e-001  8.592876e-001  1.562500e-002
    endloop
  endfacet
  facet normal  6.343943e-001  7.730097e-001  0.000000e+000
    outer loop
      vertex  8.463548e-001  8.592876e-001  0.000000e+000
      vertex  8.463548e-001  8.592876e-001  1.562500e-002
      vertex  8.534581e-001  8.534581e-001  0.000000e+000
    endloop
  endfacet
  facet normal  6.343943e-001  7.730097e-001  -0.000000e+000
    outer loop
      vertex  8.534581e-001  8.534581e-001  0.000000e+000
      vertex  8.463548e-001  8.592876e-001  1.562500e-002
      vertex  8.534581e-001  8.534581e-001  1.562500e-002
    endloop
  endfacet
  facet normal  7.730097e-001  6.343943e-001  0.000000e+000
    outer loop
      vertex  8.534581e-001  8.534581e-001  0.000000e+000
      vertex  8.534581e-001  8.534581e-001  1.562500e-002
      vertex  8.592876e-001  8.463548e-001  0.000000e+000
    endloop
  endfacet
  facet normal  7.730097e-001  6.343943e-001  -0.000000e+000
    outer loop
      vertex  8.592876e-001  8.463548e-001  0.000000e+000
      vertex  8.534581e-001  8.534581e-001  1.562500e-002
      vertex  8.592876e-001  8.463548e-001  1.562500e-002
    endloop
  endfacet
  facet normal  8.819220e-001  4.713954e-001  0.000000e+000
    outer loop
      vertex  8.592876e-001  8.463548e-001  0.000000e+000
      vertex  8.592876e-001  8.463548e-001  1.562500e-002
      vertex  8.636193e-001  8.382508e-001  0.000000e+000
    endloop
  endfacet
  facet normal  8.819220e-001  4.713954e-001  -0.000000e+000
    outer loop
      vertex  8.636193e-001  8.382508e-001  0.000000e+000
      vertex  8.592876e-001  8.463548e-001  1.562500e-002
      vertex  8.636193e-001  8.382508e-001  1.562500e-002
    endloop
  endfacet
  facet normal  9.569393e-001  2.902881e-001  0.000000e+000
    outer loop
      vertex  8.636193e-001  8.382508e-001  0.000000e+000
      vertex  8.636193e-001  8.382508e-001  1.562500e-002
      vertex  8.662868e-001  8.294573e-001  0.000000e+000
    endloop
  endfacet
  facet normal  9.569393e-001  2.902881e-001  -0.000000e+000
    outer loop
      vertex  8.662868e-001  8.294573e-001  0.000000e+000
      vertex  8.636193e-001  8.382508e-001  1.562500e-002
      vertex  8.662868e-001  8.294573e-001  1.562500e-002
    endloop
  endfacet
  facet normal  9.951848e-001  9.801686e-002  0.000000e+000
    outer loop
      vertex  8.662868e-001  8.294573e-001  0.000000e+000
      vertex  8.662868e-001  8.294573e-001  1.562500e-002
      vertex  8.671875e-001  8.203125e-001  0.000000e+000
    endloop
  endfacet
  facet normal  9.951848e-001  9.801686e-002  -0.000000e+000
    outer loop
      vertex  8.671875e-001  8.203125e-001  0.000000e+000
      vertex  8.662868e-001  8.294573e-001  1.562500e-002
      vertex  8.671875e-001  8.203125e-001  1.562500e-002
    endloop
  endfacet
  facet normal  0.000000e+000 -9.999999e-001  0.000000e+000
    outer loop
      vertex  0.000000e+000  0.000000e+000  1.562500e-002
      vertex  0.000000e+000  0.000000e+000  0.000000e+000
      vertex  7.578125e-001  0.000000e+000  1.562500e-002
    endloop
  endfacet
  facet normal  0.000000e+000 -9.999999e-001  -0.000000e+000
    outer loop
      vertex  7.578125e-001  0.000000e+000  1.562500e-002
      vertex  0.000000e+000  0.000000e+000  0.000000e+000
      vertex  7.578125e-001  0.000000e+000  0.000000e+000
    endloop
  endfacet
  facet normal  4.472136e-001 -8.944272e-001  0.000000e+000
    outer loop
      vertex  8.671875e-001  5.468750e-002  1.562500e-002
      vertex  7.578125e-001  0.000000e+000  1.562500e-002
      vertex  8.671875e-001  5.468750e-002  0.000000e+000
    endloop
  endfacet
  facet normal  4.472136e-001 -8.944272e-001  0.000000e+000
    outer loop
      vertex  8.671875e-001  5.468750e-002  0.000000e+000
      vertex  7.578125e-001  0.000000e+000  1.562500e-002
      vertex  7.578125e-001  0.000000e+000  0.000000e+000
    endloop
  endfacet
  facet normal -1.000000e+000  6.401286e-017  0.000000e+000
    outer loop
      vertex  5.551115e-017  8.671875e-001  1.562500e-002
      vertex  5.551115e-017  8.671875e-001  0.000000e+000
      vertex  0.000000e+000  0.000000e+000  1.562500e-002
    endloop
  endfacet
  facet normal -1.000000e+000  6.401286e-017  0.000000e+000
    outer loop
      vertex  0.000000e+000  0.000000e+000  1.562500e-002
      vertex  5.551115e-017  8.671875e-001  0.000000e+000
      vertex  0.000000e+000  0.000000e+000  0.000000e+000
    endloop
  endfacet
endsolid CATIA STL
