solid CATIA STL
  facet normal  -0.000000e+000  1.000000e+000  0.000000e+000
    outer loop
      vertex  3.827021e-018  0.000000e+000  6.250000e-002
      vertex  1.500092e-017  0.000000e+000  2.449836e-001
      vertex  7.500000e-001  0.000000e+000  2.449836e-001
    endloop
  endfacet
  facet normal  0.000000e+000  1.000000e+000  0.000000e+000
    outer loop
      vertex  3.827021e-018  0.000000e+000  6.250000e-002
      vertex  7.500000e-001  0.000000e+000  2.449836e-001
      vertex  7.500000e-001  0.000000e+000 -4.592425e-017
    endloop
  endfacet
  facet normal  0.000000e+000  1.000000e+000  0.000000e+000
    outer loop
      vertex  3.827021e-018  0.000000e+000  6.250000e-002
      vertex  7.500000e-001  0.000000e+000 -4.592425e-017
      vertex  6.250000e-002  0.000000e+000 -3.827021e-018
    endloop
  endfacet
  facet normal  0.000000e+000  1.000000e+000  0.000000e+000
    outer loop
      vertex  3.827021e-018  0.000000e+000  6.250000e-002
      vertex  6.250000e-002  0.000000e+000 -3.827021e-018
      vertex  5.030686e-002  0.000000e+000  1.200920e-003
    endloop
  endfacet
  facet normal  0.000000e+000  1.000000e+000  0.000000e+000
    outer loop
      vertex  3.827021e-018  0.000000e+000  6.250000e-002
      vertex  5.030686e-002  0.000000e+000  1.200920e-003
      vertex  3.858228e-002  0.000000e+000  4.757529e-003
    endloop
  endfacet
  facet normal  0.000000e+000  1.000000e+000  0.000000e+000
    outer loop
      vertex  3.827021e-018  0.000000e+000  6.250000e-002
      vertex  3.858228e-002  0.000000e+000  4.757529e-003
      vertex  2.777686e-002  0.000000e+000  1.053315e-002
    endloop
  endfacet
  facet normal  0.000000e+000  1.000000e+000  0.000000e+000
    outer loop
      vertex  3.827021e-018  0.000000e+000  6.250000e-002
      vertex  2.777686e-002  0.000000e+000  1.053315e-002
      vertex  1.830583e-002  0.000000e+000  1.830583e-002
    endloop
  endfacet
  facet normal  0.000000e+000  1.000000e+000  0.000000e+000
    outer loop
      vertex  3.827021e-018  0.000000e+000  6.250000e-002
      vertex  1.830583e-002  0.000000e+000  1.830583e-002
      vertex  1.053315e-002  0.000000e+000  2.777686e-002
    endloop
  endfacet
  facet normal  0.000000e+000  1.000000e+000  0.000000e+000
    outer loop
      vertex  3.827021e-018  0.000000e+000  6.250000e-002
      vertex  1.053315e-002  0.000000e+000  2.777686e-002
      vertex  4.757529e-003  0.000000e+000  3.858228e-002
    endloop
  endfacet
  facet normal  0.000000e+000  1.000000e+000  0.000000e+000
    outer loop
      vertex  3.827021e-018  0.000000e+000  6.250000e-002
      vertex  4.757529e-003  0.000000e+000  3.858228e-002
      vertex  1.200920e-003  0.000000e+000  5.030686e-002
    endloop
  endfacet
  facet normal -1.000000e+000 -2.663056e-017  6.123234e-017
    outer loop
      vertex  0.000000e+000 -2.343750e-002  2.684211e-001
      vertex  3.827021e-018 -6.406250e-001  6.250000e-002
      vertex  1.643605e-017 -6.406250e-001  2.684211e-001
    endloop
  endfacet
  facet normal -9.999999e-001  2.361631e-022  6.123274e-017
    outer loop
      vertex  1.579823e-017 -3.949931e-003  2.580047e-001
      vertex  1.632681e-017 -1.446836e-002  2.666370e-001
      vertex  1.619419e-017 -1.041632e-002  2.644711e-001
    endloop
  endfacet
  facet normal -1.000000e+000  6.034887e-022  6.123310e-017
    outer loop
      vertex  1.579823e-017 -3.949931e-003  2.580047e-001
      vertex  1.619419e-017 -1.041632e-002  2.644711e-001
      vertex  1.601571e-017 -6.864685e-003  2.615564e-001
    endloop
  endfacet
  facet normal -1.000000e+000  2.998646e-022  6.123282e-017
    outer loop
      vertex  1.640847e-017 -1.886507e-002  2.679707e-001
      vertex  1.632681e-017 -1.446836e-002  2.666370e-001
      vertex  1.579823e-017 -3.949931e-003  2.580047e-001
    endloop
  endfacet
  facet normal -1.000000e+000 -1.271685e-023  6.123235e-017
    outer loop
      vertex  1.640847e-017 -1.886507e-002  2.679707e-001
      vertex  1.579823e-017 -3.949931e-003  2.580047e-001
      vertex  1.555012e-017 -1.784073e-003  2.539527e-001
    endloop
  endfacet
  facet normal -1.000000e+000  1.693434e-023  6.123239e-017
    outer loop
      vertex  1.640847e-017 -1.886507e-002  2.679707e-001
      vertex  1.555012e-017 -1.784073e-003  2.539527e-001
      vertex  1.528090e-017 -4.503450e-004  2.495560e-001
    endloop
  endfacet
  facet normal -1.000000e+000  1.462566e-022  6.123252e-017
    outer loop
      vertex  1.640847e-017 -1.886507e-002  2.679707e-001
      vertex  1.528090e-017 -4.503450e-004  2.495560e-001
      vertex  1.500092e-017  0.000000e+000  2.449836e-001
    endloop
  endfacet
  facet normal -9.999999e-001 -7.203446e-023  6.123233e-017
    outer loop
      vertex  1.640847e-017 -1.886507e-002  2.679707e-001
      vertex  1.500092e-017  0.000000e+000  2.449836e-001
      vertex  3.827021e-018  0.000000e+000  6.250000e-002
    endloop
  endfacet
  facet normal -1.000000e+000  0.000000e+000  6.123234e-017
    outer loop
      vertex  1.640847e-017 -1.886507e-002  2.679707e-001
      vertex  3.827021e-018  0.000000e+000  6.250000e-002
      vertex  3.827021e-018 -6.406250e-001  6.250000e-002
    endloop
  endfacet
  facet normal -1.000000e+000  2.769249e-015 -8.318590e-015
    outer loop
      vertex  1.640847e-017 -1.886507e-002  2.679707e-001
      vertex  3.827021e-018 -6.406250e-001  6.250000e-002
      vertex  0.000000e+000 -2.343750e-002  2.684211e-001
    endloop
  endfacet
  facet normal  0.000000e+000 -1.000000e+000  0.000000e+000
    outer loop
      vertex  3.827021e-018 -6.406250e-001  6.250000e-002
      vertex  1.200920e-003 -6.406250e-001  5.030686e-002
      vertex  4.757529e-003 -6.406250e-001  3.858228e-002
    endloop
  endfacet
  facet normal  0.000000e+000 -1.000000e+000  0.000000e+000
    outer loop
      vertex  3.827021e-018 -6.406250e-001  6.250000e-002
      vertex  4.757529e-003 -6.406250e-001  3.858228e-002
      vertex  1.053315e-002 -6.406250e-001  2.777686e-002
    endloop
  endfacet
  facet normal  0.000000e+000 -1.000000e+000  0.000000e+000
    outer loop
      vertex  3.827021e-018 -6.406250e-001  6.250000e-002
      vertex  1.053315e-002 -6.406250e-001  2.777686e-002
      vertex  1.830583e-002 -6.406250e-001  1.830583e-002
    endloop
  endfacet
  facet normal  0.000000e+000 -1.000000e+000  0.000000e+000
    outer loop
      vertex  3.827021e-018 -6.406250e-001  6.250000e-002
      vertex  1.830583e-002 -6.406250e-001  1.830583e-002
      vertex  2.777686e-002 -6.406250e-001  1.053315e-002
    endloop
  endfacet
  facet normal  0.000000e+000 -1.000000e+000  0.000000e+000
    outer loop
      vertex  3.827021e-018 -6.406250e-001  6.250000e-002
      vertex  2.777686e-002 -6.406250e-001  1.053315e-002
      vertex  3.858228e-002 -6.406250e-001  4.757529e-003
    endloop
  endfacet
  facet normal  0.000000e+000 -1.000000e+000  0.000000e+000
    outer loop
      vertex  3.827021e-018 -6.406250e-001  6.250000e-002
      vertex  3.858228e-002 -6.406250e-001  4.757529e-003
      vertex  5.030686e-002 -6.406250e-001  1.200920e-003
    endloop
  endfacet
  facet normal  0.000000e+000 -1.000000e+000  0.000000e+000
    outer loop
      vertex  3.827021e-018 -6.406250e-001  6.250000e-002
      vertex  5.030686e-002 -6.406250e-001  1.200920e-003
      vertex  6.250000e-002 -6.406250e-001 -3.827021e-018
    endloop
  endfacet
  facet normal  0.000000e+000 -1.000000e+000  0.000000e+000
    outer loop
      vertex  3.827021e-018 -6.406250e-001  6.250000e-002
      vertex  6.250000e-002 -6.406250e-001 -3.827021e-018
      vertex  7.500000e-001 -6.406250e-001 -4.592425e-017
    endloop
  endfacet
  facet normal  0.000000e+000 -1.000000e+000  0.000000e+000
    outer loop
      vertex  3.827021e-018 -6.406250e-001  6.250000e-002
      vertex  7.500000e-001 -6.406250e-001 -4.592425e-017
      vertex  7.500000e-001 -6.406250e-001  2.684211e-001
    endloop
  endfacet
  facet normal  -0.000000e+000 -1.000000e+000  0.000000e+000
    outer loop
      vertex  3.827021e-018 -6.406250e-001  6.250000e-002
      vertex  7.500000e-001 -6.406250e-001  2.684211e-001
      vertex  1.643605e-017 -6.406250e-001  2.684211e-001
    endloop
  endfacet
  facet normal -6.123234e-017  -0.000000e+000 -1.000000e+000
    outer loop
      vertex  6.250000e-002 -6.406250e-001 -3.827021e-018
      vertex  6.250000e-002  0.000000e+000 -3.827021e-018
      vertex  7.500000e-001 -6.406250e-001 -4.592425e-017
    endloop
  endfacet
  facet normal -6.123234e-017  0.000000e+000 -1.000000e+000
    outer loop
      vertex  7.500000e-001 -6.406250e-001 -4.592425e-017
      vertex  6.250000e-002  0.000000e+000 -3.827021e-018
      vertex  7.500000e-001  0.000000e+000 -4.592425e-017
    endloop
  endfacet
  facet normal -9.801716e-002  0.000000e+000 -9.951848e-001
    outer loop
      vertex  6.250000e-002  0.000000e+000 -3.827021e-018
      vertex  6.250000e-002 -6.406250e-001 -3.827021e-018
      vertex  5.030686e-002  0.000000e+000  1.200920e-003
    endloop
  endfacet
  facet normal -9.801716e-002  -0.000000e+000 -9.951848e-001
    outer loop
      vertex  5.030686e-002  0.000000e+000  1.200920e-003
      vertex  6.250000e-002 -6.406250e-001 -3.827021e-018
      vertex  5.030686e-002 -6.406250e-001  1.200920e-003
    endloop
  endfacet
  facet normal -2.902846e-001  0.000000e+000 -9.569404e-001
    outer loop
      vertex  5.030686e-002  0.000000e+000  1.200920e-003
      vertex  5.030686e-002 -6.406250e-001  1.200920e-003
      vertex  3.858228e-002  0.000000e+000  4.757529e-003
    endloop
  endfacet
  facet normal -2.902846e-001  -0.000000e+000 -9.569404e-001
    outer loop
      vertex  3.858228e-002  0.000000e+000  4.757529e-003
      vertex  5.030686e-002 -6.406250e-001  1.200920e-003
      vertex  3.858228e-002 -6.406250e-001  4.757529e-003
    endloop
  endfacet
  facet normal -4.713968e-001  0.000000e+000 -8.819213e-001
    outer loop
      vertex  3.858228e-002  0.000000e+000  4.757529e-003
      vertex  3.858228e-002 -6.406250e-001  4.757529e-003
      vertex  2.777686e-002  0.000000e+000  1.053315e-002
    endloop
  endfacet
  facet normal -4.713968e-001  -0.000000e+000 -8.819213e-001
    outer loop
      vertex  2.777686e-002  0.000000e+000  1.053315e-002
      vertex  3.858228e-002 -6.406250e-001  4.757529e-003
      vertex  2.777686e-002 -6.406250e-001  1.053315e-002
    endloop
  endfacet
  facet normal -6.343934e-001  0.000000e+000 -7.730104e-001
    outer loop
      vertex  2.777686e-002  0.000000e+000  1.053315e-002
      vertex  2.777686e-002 -6.406250e-001  1.053315e-002
      vertex  1.830583e-002  0.000000e+000  1.830583e-002
    endloop
  endfacet
  facet normal -6.343934e-001  -0.000000e+000 -7.730104e-001
    outer loop
      vertex  1.830583e-002  0.000000e+000  1.830583e-002
      vertex  2.777686e-002 -6.406250e-001  1.053315e-002
      vertex  1.830583e-002 -6.406250e-001  1.830583e-002
    endloop
  endfacet
  facet normal -7.730104e-001  0.000000e+000 -6.343934e-001
    outer loop
      vertex  1.830583e-002  0.000000e+000  1.830583e-002
      vertex  1.830583e-002 -6.406250e-001  1.830583e-002
      vertex  1.053315e-002  0.000000e+000  2.777686e-002
    endloop
  endfacet
  facet normal -7.730104e-001  -0.000000e+000 -6.343934e-001
    outer loop
      vertex  1.053315e-002  0.000000e+000  2.777686e-002
      vertex  1.830583e-002 -6.406250e-001  1.830583e-002
      vertex  1.053315e-002 -6.406250e-001  2.777686e-002
    endloop
  endfacet
  facet normal -8.819213e-001  0.000000e+000 -4.713968e-001
    outer loop
      vertex  1.053315e-002  0.000000e+000  2.777686e-002
      vertex  1.053315e-002 -6.406250e-001  2.777686e-002
      vertex  4.757529e-003  0.000000e+000  3.858228e-002
    endloop
  endfacet
  facet normal -8.819213e-001  -0.000000e+000 -4.713968e-001
    outer loop
      vertex  4.757529e-003  0.000000e+000  3.858228e-002
      vertex  1.053315e-002 -6.406250e-001  2.777686e-002
      vertex  4.757529e-003 -6.406250e-001  3.858228e-002
    endloop
  endfacet
  facet normal -9.569404e-001  0.000000e+000 -2.902846e-001
    outer loop
      vertex  4.757529e-003  0.000000e+000  3.858228e-002
      vertex  4.757529e-003 -6.406250e-001  3.858228e-002
      vertex  1.200920e-003  0.000000e+000  5.030686e-002
    endloop
  endfacet
  facet normal -9.569404e-001  -0.000000e+000 -2.902846e-001
    outer loop
      vertex  1.200920e-003  0.000000e+000  5.030686e-002
      vertex  4.757529e-003 -6.406250e-001  3.858228e-002
      vertex  1.200920e-003 -6.406250e-001  5.030686e-002
    endloop
  endfacet
  facet normal -9.951848e-001  0.000000e+000 -9.801716e-002
    outer loop
      vertex  1.200920e-003  0.000000e+000  5.030686e-002
      vertex  1.200920e-003 -6.406250e-001  5.030686e-002
      vertex  3.827021e-018  0.000000e+000  6.250000e-002
    endloop
  endfacet
  facet normal -9.951848e-001  -0.000000e+000 -9.801716e-002
    outer loop
      vertex  3.827021e-018  0.000000e+000  6.250000e-002
      vertex  1.200920e-003 -6.406250e-001  5.030686e-002
      vertex  3.827021e-018 -6.406250e-001  6.250000e-002
    endloop
  endfacet
  facet normal  0.000000e+000  0.000000e+000  9.999999e-001
    outer loop
      vertex  7.500000e-001 -6.406250e-001  2.684211e-001
      vertex  7.500000e-001 -2.343750e-002  2.684211e-001
      vertex  1.643605e-017 -6.406250e-001  2.684211e-001
    endloop
  endfacet
  facet normal  0.000000e+000  -0.000000e+000  9.999999e-001
    outer loop
      vertex  1.643605e-017 -6.406250e-001  2.684211e-001
      vertex  7.500000e-001 -2.343750e-002  2.684211e-001
      vertex  0.000000e+000 -2.343750e-002  2.684211e-001
    endloop
  endfacet
  facet normal  1.000000e+000  0.000000e+000  0.000000e+000
    outer loop
      vertex  7.500000e-001  0.000000e+000  2.449836e-001
      vertex  7.500000e-001 -1.784073e-003  2.539527e-001
      vertex  7.500000e-001  0.000000e+000 -4.592425e-017
    endloop
  endfacet
  facet normal  1.000000e+000  0.000000e+000  0.000000e+000
    outer loop
      vertex  7.500000e-001  0.000000e+000  2.449836e-001
      vertex  7.500000e-001 -4.503450e-004  2.495560e-001
      vertex  7.500000e-001 -1.784073e-003  2.539527e-001
    endloop
  endfacet
  facet normal  9.999999e-001  0.000000e+000  0.000000e+000
    outer loop
      vertex  7.500000e-001 -1.041632e-002  2.644711e-001
      vertex  7.500000e-001 -1.446836e-002  2.666370e-001
      vertex  7.500000e-001 -3.949931e-003  2.580047e-001
    endloop
  endfacet
  facet normal  1.000000e+000  0.000000e+000  0.000000e+000
    outer loop
      vertex  7.500000e-001 -3.949931e-003  2.580047e-001
      vertex  7.500000e-001 -6.864685e-003  2.615564e-001
      vertex  7.500000e-001 -1.041632e-002  2.644711e-001
    endloop
  endfacet
  facet normal  1.000000e+000  0.000000e+000  0.000000e+000
    outer loop
      vertex  7.500000e-001 -6.406250e-001 -4.592425e-017
      vertex  7.500000e-001  0.000000e+000 -4.592425e-017
      vertex  7.500000e-001 -1.886507e-002  2.679707e-001
    endloop
  endfacet
  facet normal  9.999999e-001  0.000000e+000  0.000000e+000
    outer loop
      vertex  7.500000e-001 -6.406250e-001 -4.592425e-017
      vertex  7.500000e-001 -1.886507e-002  2.679707e-001
      vertex  7.500000e-001 -2.343750e-002  2.684211e-001
    endloop
  endfacet
  facet normal  1.000000e+000  0.000000e+000  0.000000e+000
    outer loop
      vertex  7.500000e-001 -6.406250e-001 -4.592425e-017
      vertex  7.500000e-001 -2.343750e-002  2.684211e-001
      vertex  7.500000e-001 -6.406250e-001  2.684211e-001
    endloop
  endfacet
  facet normal  1.000000e+000  0.000000e+000  0.000000e+000
    outer loop
      vertex  7.500000e-001 -1.886507e-002  2.679707e-001
      vertex  7.500000e-001  0.000000e+000 -4.592425e-017
      vertex  7.500000e-001 -1.784073e-003  2.539527e-001
    endloop
  endfacet
  facet normal  1.000000e+000  0.000000e+000  0.000000e+000
    outer loop
      vertex  7.500000e-001 -1.886507e-002  2.679707e-001
      vertex  7.500000e-001 -1.784073e-003  2.539527e-001
      vertex  7.500000e-001 -3.949931e-003  2.580047e-001
    endloop
  endfacet
  facet normal  1.000000e+000  0.000000e+000  0.000000e+000
    outer loop
      vertex  7.500000e-001 -1.886507e-002  2.679707e-001
      vertex  7.500000e-001 -3.949931e-003  2.580047e-001
      vertex  7.500000e-001 -1.446836e-002  2.666370e-001
    endloop
  endfacet
  facet normal  -0.000000e+000  9.951847e-001  9.801731e-002
    outer loop
      vertex  7.500000e-001  0.000000e+000  2.449836e-001
      vertex  1.500092e-017  0.000000e+000  2.449836e-001
      vertex  7.500000e-001 -4.503450e-004  2.495560e-001
    endloop
  endfacet
  facet normal  0.000000e+000  9.951847e-001  9.801731e-002
    outer loop
      vertex  7.500000e-001 -4.503450e-004  2.495560e-001
      vertex  1.500092e-017  0.000000e+000  2.449836e-001
      vertex  1.528090e-017 -4.503450e-004  2.495560e-001
    endloop
  endfacet
  facet normal  -0.000000e+000  9.569402e-001  2.902851e-001
    outer loop
      vertex  7.500000e-001 -4.503450e-004  2.495560e-001
      vertex  1.528090e-017 -4.503450e-004  2.495560e-001
      vertex  7.500000e-001 -1.784073e-003  2.539527e-001
    endloop
  endfacet
  facet normal  0.000000e+000  9.569402e-001  2.902851e-001
    outer loop
      vertex  7.500000e-001 -1.784073e-003  2.539527e-001
      vertex  1.528090e-017 -4.503450e-004  2.495560e-001
      vertex  1.555012e-017 -1.784073e-003  2.539527e-001
    endloop
  endfacet
  facet normal  -0.000000e+000  8.819217e-001  4.713960e-001
    outer loop
      vertex  7.500000e-001 -1.784073e-003  2.539527e-001
      vertex  1.555012e-017 -1.784073e-003  2.539527e-001
      vertex  7.500000e-001 -3.949931e-003  2.580047e-001
    endloop
  endfacet
  facet normal  0.000000e+000  8.819217e-001  4.713960e-001
    outer loop
      vertex  7.500000e-001 -3.949931e-003  2.580047e-001
      vertex  1.555012e-017 -1.784073e-003  2.539527e-001
      vertex  1.579823e-017 -3.949931e-003  2.580047e-001
    endloop
  endfacet
  facet normal  -0.000000e+000  7.730100e-001  6.343939e-001
    outer loop
      vertex  7.500000e-001 -3.949931e-003  2.580047e-001
      vertex  1.579823e-017 -3.949931e-003  2.580047e-001
      vertex  7.500000e-001 -6.864685e-003  2.615564e-001
    endloop
  endfacet
  facet normal  0.000000e+000  7.730100e-001  6.343939e-001
    outer loop
      vertex  7.500000e-001 -6.864685e-003  2.615564e-001
      vertex  1.579823e-017 -3.949931e-003  2.580047e-001
      vertex  1.601571e-017 -6.864685e-003  2.615564e-001
    endloop
  endfacet
  facet normal  -0.000000e+000  6.343936e-001  7.730102e-001
    outer loop
      vertex  7.500000e-001 -6.864685e-003  2.615564e-001
      vertex  1.601571e-017 -6.864685e-003  2.615564e-001
      vertex  7.500000e-001 -1.041632e-002  2.644711e-001
    endloop
  endfacet
  facet normal  0.000000e+000  6.343936e-001  7.730102e-001
    outer loop
      vertex  7.500000e-001 -1.041632e-002  2.644711e-001
      vertex  1.601571e-017 -6.864685e-003  2.615564e-001
      vertex  1.619419e-017 -1.041632e-002  2.644711e-001
    endloop
  endfacet
  facet normal  -0.000000e+000  4.713961e-001  8.819216e-001
    outer loop
      vertex  7.500000e-001 -1.041632e-002  2.644711e-001
      vertex  1.619419e-017 -1.041632e-002  2.644711e-001
      vertex  7.500000e-001 -1.446836e-002  2.666370e-001
    endloop
  endfacet
  facet normal  0.000000e+000  4.713961e-001  8.819216e-001
    outer loop
      vertex  7.500000e-001 -1.446836e-002  2.666370e-001
      vertex  1.619419e-017 -1.041632e-002  2.644711e-001
      vertex  1.632681e-017 -1.446836e-002  2.666370e-001
    endloop
  endfacet
  facet normal  -0.000000e+000  2.902876e-001  9.569395e-001
    outer loop
      vertex  7.500000e-001 -1.446836e-002  2.666370e-001
      vertex  1.632681e-017 -1.446836e-002  2.666370e-001
      vertex  7.500000e-001 -1.886507e-002  2.679707e-001
    endloop
  endfacet
  facet normal  0.000000e+000  2.902876e-001  9.569395e-001
    outer loop
      vertex  7.500000e-001 -1.886507e-002  2.679707e-001
      vertex  1.632681e-017 -1.446836e-002  2.666370e-001
      vertex  1.640847e-017 -1.886507e-002  2.679707e-001
    endloop
  endfacet
  facet normal  -0.000000e+000  9.801670e-002  9.951848e-001
    outer loop
      vertex  7.500000e-001 -1.886507e-002  2.679707e-001
      vertex  1.640847e-017 -1.886507e-002  2.679707e-001
      vertex  7.500000e-001 -2.343750e-002  2.684211e-001
    endloop
  endfacet
  facet normal  0.000000e+000  9.801670e-002  9.951848e-001
    outer loop
      vertex  7.500000e-001 -2.343750e-002  2.684211e-001
      vertex  1.640847e-017 -1.886507e-002  2.679707e-001
      vertex  0.000000e+000 -2.343750e-002  2.684211e-001
    endloop
  endfacet
endsolid CATIA STL
