solid CATIA STL
  facet normal  1.000000e+000  0.000000e+000  0.000000e+000
    outer loop
      vertex  1.578947e-002  2.360197e-002  4.687500e-002
      vertex  1.578947e-002  2.360197e-002 -4.687500e-002
      vertex  1.578947e-002  1.184211e-001  4.687500e-002
    endloop
  endfacet
  facet normal  1.000000e+000  0.000000e+000  0.000000e+000
    outer loop
      vertex  1.578947e-002  1.184211e-001  4.687500e-002
      vertex  1.578947e-002  2.360197e-002 -4.687500e-002
      vertex  1.578947e-002  1.184211e-001 -4.687500e-002
    endloop
  endfacet
  facet normal  0.000000e+000  1.000000e+000  -0.000000e+000
    outer loop
      vertex  7.500000e-001  1.578947e-002  4.687500e-002
      vertex  7.500000e-001  1.578947e-002 -4.687500e-002
      vertex  2.360197e-002  1.578947e-002  4.687500e-002
    endloop
  endfacet
  facet normal  0.000000e+000  1.000000e+000  0.000000e+000
    outer loop
      vertex  2.360197e-002  1.578947e-002  4.687500e-002
      vertex  7.500000e-001  1.578947e-002 -4.687500e-002
      vertex  2.360197e-002  1.578947e-002 -4.687500e-002
    endloop
  endfacet
  facet normal  0.000000e+000  0.000000e+000 -1.000000e+000
    outer loop
      vertex  0.000000e+000  0.000000e+000 -4.687500e-002
      vertex  0.000000e+000  1.184211e-001 -4.687500e-002
      vertex  1.578947e-002  1.184211e-001 -4.687500e-002
    endloop
  endfacet
  facet normal  0.000000e+000  -0.000000e+000 -9.999999e-001
    outer loop
      vertex  0.000000e+000  0.000000e+000 -4.687500e-002
      vertex  1.578947e-002  1.184211e-001 -4.687500e-002
      vertex  1.578947e-002  2.360197e-002 -4.687500e-002
    endloop
  endfacet
  facet normal  0.000000e+000  -0.000000e+000 -1.000000e+000
    outer loop
      vertex  0.000000e+000  0.000000e+000 -4.687500e-002
      vertex  1.578947e-002  2.360197e-002 -4.687500e-002
      vertex  1.593959e-002  2.207783e-002 -4.687500e-002
    endloop
  endfacet
  facet normal  0.000000e+000  -0.000000e+000 -1.000000e+000
    outer loop
      vertex  0.000000e+000  0.000000e+000 -4.687500e-002
      vertex  1.593959e-002  2.207783e-002 -4.687500e-002
      vertex  1.638417e-002  2.061226e-002 -4.687500e-002
    endloop
  endfacet
  facet normal  0.000000e+000  -0.000000e+000 -1.000000e+000
    outer loop
      vertex  0.000000e+000  0.000000e+000 -4.687500e-002
      vertex  1.638417e-002  2.061226e-002 -4.687500e-002
      vertex  1.710612e-002  1.926158e-002 -4.687500e-002
    endloop
  endfacet
  facet normal  0.000000e+000  -0.000000e+000 -1.000000e+000
    outer loop
      vertex  0.000000e+000  0.000000e+000 -4.687500e-002
      vertex  1.710612e-002  1.926158e-002 -4.687500e-002
      vertex  1.807770e-002  1.807770e-002 -4.687500e-002
    endloop
  endfacet
  facet normal  0.000000e+000  -0.000000e+000 -1.000000e+000
    outer loop
      vertex  0.000000e+000  0.000000e+000 -4.687500e-002
      vertex  1.807770e-002  1.807770e-002 -4.687500e-002
      vertex  1.926158e-002  1.710612e-002 -4.687500e-002
    endloop
  endfacet
  facet normal  0.000000e+000  -0.000000e+000 -1.000000e+000
    outer loop
      vertex  0.000000e+000  0.000000e+000 -4.687500e-002
      vertex  1.926158e-002  1.710612e-002 -4.687500e-002
      vertex  2.061226e-002  1.638417e-002 -4.687500e-002
    endloop
  endfacet
  facet normal  0.000000e+000  -0.000000e+000 -1.000000e+000
    outer loop
      vertex  0.000000e+000  0.000000e+000 -4.687500e-002
      vertex  2.061226e-002  1.638417e-002 -4.687500e-002
      vertex  2.207783e-002  1.593959e-002 -4.687500e-002
    endloop
  endfacet
  facet normal  0.000000e+000  -0.000000e+000 -1.000000e+000
    outer loop
      vertex  0.000000e+000  0.000000e+000 -4.687500e-002
      vertex  2.207783e-002  1.593959e-002 -4.687500e-002
      vertex  2.360197e-002  1.578947e-002 -4.687500e-002
    endloop
  endfacet
  facet normal  0.000000e+000  -0.000000e+000 -1.000000e+000
    outer loop
      vertex  0.000000e+000  0.000000e+000 -4.687500e-002
      vertex  2.360197e-002  1.578947e-002 -4.687500e-002
      vertex  7.500000e-001  1.578947e-002 -4.687500e-002
    endloop
  endfacet
  facet normal  0.000000e+000  -0.000000e+000 -1.000000e+000
    outer loop
      vertex  0.000000e+000  0.000000e+000 -4.687500e-002
      vertex  7.500000e-001  1.578947e-002 -4.687500e-002
      vertex  7.500000e-001  0.000000e+000 -4.687500e-002
    endloop
  endfacet
  facet normal  0.000000e+000  -0.000000e+000  1.000000e+000
    outer loop
      vertex  0.000000e+000  0.000000e+000  4.687500e-002
      vertex  7.500000e-001  0.000000e+000  4.687500e-002
      vertex  7.500000e-001  1.578947e-002  4.687500e-002
    endloop
  endfacet
  facet normal  0.000000e+000  0.000000e+000  1.000000e+000
    outer loop
      vertex  0.000000e+000  0.000000e+000  4.687500e-002
      vertex  7.500000e-001  1.578947e-002  4.687500e-002
      vertex  2.360197e-002  1.578947e-002  4.687500e-002
    endloop
  endfacet
  facet normal  0.000000e+000  0.000000e+000  1.000000e+000
    outer loop
      vertex  0.000000e+000  0.000000e+000  4.687500e-002
      vertex  2.360197e-002  1.578947e-002  4.687500e-002
      vertex  2.207783e-002  1.593959e-002  4.687500e-002
    endloop
  endfacet
  facet normal  0.000000e+000  0.000000e+000  1.000000e+000
    outer loop
      vertex  0.000000e+000  0.000000e+000  4.687500e-002
      vertex  2.207783e-002  1.593959e-002  4.687500e-002
      vertex  2.061226e-002  1.638417e-002  4.687500e-002
    endloop
  endfacet
  facet normal  0.000000e+000  0.000000e+000  1.000000e+000
    outer loop
      vertex  0.000000e+000  0.000000e+000  4.687500e-002
      vertex  2.061226e-002  1.638417e-002  4.687500e-002
      vertex  1.926158e-002  1.710612e-002  4.687500e-002
    endloop
  endfacet
  facet normal  0.000000e+000  0.000000e+000  1.000000e+000
    outer loop
      vertex  0.000000e+000  0.000000e+000  4.687500e-002
      vertex  1.926158e-002  1.710612e-002  4.687500e-002
      vertex  1.807770e-002  1.807770e-002  4.687500e-002
    endloop
  endfacet
  facet normal  0.000000e+000  0.000000e+000  1.000000e+000
    outer loop
      vertex  0.000000e+000  0.000000e+000  4.687500e-002
      vertex  1.807770e-002  1.807770e-002  4.687500e-002
      vertex  1.710612e-002  1.926158e-002  4.687500e-002
    endloop
  endfacet
  facet normal  0.000000e+000  0.000000e+000  1.000000e+000
    outer loop
      vertex  0.000000e+000  0.000000e+000  4.687500e-002
      vertex  1.710612e-002  1.926158e-002  4.687500e-002
      vertex  1.638417e-002  2.061226e-002  4.687500e-002
    endloop
  endfacet
  facet normal  0.000000e+000  0.000000e+000  1.000000e+000
    outer loop
      vertex  0.000000e+000  0.000000e+000  4.687500e-002
      vertex  1.638417e-002  2.061226e-002  4.687500e-002
      vertex  1.593959e-002  2.207783e-002  4.687500e-002
    endloop
  endfacet
  facet normal  0.000000e+000  0.000000e+000  1.000000e+000
    outer loop
      vertex  0.000000e+000  0.000000e+000  4.687500e-002
      vertex  1.593959e-002  2.207783e-002  4.687500e-002
      vertex  1.578947e-002  2.360197e-002  4.687500e-002
    endloop
  endfacet
  facet normal  0.000000e+000  -0.000000e+000  9.999999e-001
    outer loop
      vertex  0.000000e+000  0.000000e+000  4.687500e-002
      vertex  1.578947e-002  2.360197e-002  4.687500e-002
      vertex  1.578947e-002  1.184211e-001  4.687500e-002
    endloop
  endfacet
  facet normal  0.000000e+000  0.000000e+000  1.000000e+000
    outer loop
      vertex  0.000000e+000  0.000000e+000  4.687500e-002
      vertex  1.578947e-002  1.184211e-001  4.687500e-002
      vertex  0.000000e+000  1.184211e-001  4.687500e-002
    endloop
  endfacet
  facet normal  6.343925e-001  7.730111e-001  0.000000e+000
    outer loop
      vertex  1.807770e-002  1.807770e-002 -4.687500e-002
      vertex  1.926158e-002  1.710612e-002  4.687500e-002
      vertex  1.926158e-002  1.710612e-002 -4.687500e-002
    endloop
  endfacet
  facet normal  4.713969e-001  8.819212e-001  -0.000000e+000
    outer loop
      vertex  1.926158e-002  1.710612e-002 -4.687500e-002
      vertex  1.926158e-002  1.710612e-002  4.687500e-002
      vertex  2.061226e-002  1.638417e-002  4.687500e-002
    endloop
  endfacet
  facet normal  4.713969e-001  8.819212e-001  0.000000e+000
    outer loop
      vertex  1.926158e-002  1.710612e-002 -4.687500e-002
      vertex  2.061226e-002  1.638417e-002  4.687500e-002
      vertex  2.061226e-002  1.638417e-002 -4.687500e-002
    endloop
  endfacet
  facet normal  2.902845e-001  9.569404e-001  -0.000000e+000
    outer loop
      vertex  2.061226e-002  1.638417e-002 -4.687500e-002
      vertex  2.061226e-002  1.638417e-002  4.687500e-002
      vertex  2.207783e-002  1.593959e-002  4.687500e-002
    endloop
  endfacet
  facet normal  2.902845e-001  9.569404e-001  0.000000e+000
    outer loop
      vertex  2.061226e-002  1.638417e-002 -4.687500e-002
      vertex  2.207783e-002  1.593959e-002  4.687500e-002
      vertex  2.207783e-002  1.593959e-002 -4.687500e-002
    endloop
  endfacet
  facet normal  9.801790e-002  9.951846e-001  -0.000000e+000
    outer loop
      vertex  2.207783e-002  1.593959e-002 -4.687500e-002
      vertex  2.207783e-002  1.593959e-002  4.687500e-002
      vertex  2.360197e-002  1.578947e-002  4.687500e-002
    endloop
  endfacet
  facet normal  9.801790e-002  9.951846e-001  0.000000e+000
    outer loop
      vertex  2.207783e-002  1.593959e-002 -4.687500e-002
      vertex  2.360197e-002  1.578947e-002  4.687500e-002
      vertex  2.360197e-002  1.578947e-002 -4.687500e-002
    endloop
  endfacet
  facet normal  6.343925e-001  7.730111e-001  -0.000000e+000
    outer loop
      vertex  1.926158e-002  1.710612e-002  4.687500e-002
      vertex  1.807770e-002  1.807770e-002 -4.687500e-002
      vertex  1.807770e-002  1.807770e-002  4.687500e-002
    endloop
  endfacet
  facet normal  7.730111e-001  6.343925e-001  0.000000e+000
    outer loop
      vertex  1.807770e-002  1.807770e-002  4.687500e-002
      vertex  1.807770e-002  1.807770e-002 -4.687500e-002
      vertex  1.710612e-002  1.926158e-002 -4.687500e-002
    endloop
  endfacet
  facet normal  7.730111e-001  6.343925e-001  -0.000000e+000
    outer loop
      vertex  1.807770e-002  1.807770e-002  4.687500e-002
      vertex  1.710612e-002  1.926158e-002 -4.687500e-002
      vertex  1.710612e-002  1.926158e-002  4.687500e-002
    endloop
  endfacet
  facet normal  8.819212e-001  4.713969e-001  0.000000e+000
    outer loop
      vertex  1.710612e-002  1.926158e-002  4.687500e-002
      vertex  1.710612e-002  1.926158e-002 -4.687500e-002
      vertex  1.638417e-002  2.061226e-002 -4.687500e-002
    endloop
  endfacet
  facet normal  8.819212e-001  4.713969e-001  -0.000000e+000
    outer loop
      vertex  1.710612e-002  1.926158e-002  4.687500e-002
      vertex  1.638417e-002  2.061226e-002 -4.687500e-002
      vertex  1.638417e-002  2.061226e-002  4.687500e-002
    endloop
  endfacet
  facet normal  9.569404e-001  2.902845e-001  0.000000e+000
    outer loop
      vertex  1.638417e-002  2.061226e-002  4.687500e-002
      vertex  1.638417e-002  2.061226e-002 -4.687500e-002
      vertex  1.593959e-002  2.207783e-002 -4.687500e-002
    endloop
  endfacet
  facet normal  9.569404e-001  2.902845e-001  -0.000000e+000
    outer loop
      vertex  1.638417e-002  2.061226e-002  4.687500e-002
      vertex  1.593959e-002  2.207783e-002 -4.687500e-002
      vertex  1.593959e-002  2.207783e-002  4.687500e-002
    endloop
  endfacet
  facet normal  9.951846e-001  9.801790e-002  0.000000e+000
    outer loop
      vertex  1.593959e-002  2.207783e-002  4.687500e-002
      vertex  1.593959e-002  2.207783e-002 -4.687500e-002
      vertex  1.578947e-002  2.360197e-002 -4.687500e-002
    endloop
  endfacet
  facet normal  9.951846e-001  9.801790e-002  -0.000000e+000
    outer loop
      vertex  1.593959e-002  2.207783e-002  4.687500e-002
      vertex  1.578947e-002  2.360197e-002 -4.687500e-002
      vertex  1.578947e-002  2.360197e-002  4.687500e-002
    endloop
  endfacet
  facet normal -1.000000e+000  0.000000e+000  0.000000e+000
    outer loop
      vertex  0.000000e+000  1.184211e-001  4.687500e-002
      vertex  0.000000e+000  1.184211e-001 -4.687500e-002
      vertex  0.000000e+000  0.000000e+000  4.687500e-002
    endloop
  endfacet
  facet normal -1.000000e+000  0.000000e+000  0.000000e+000
    outer loop
      vertex  0.000000e+000  0.000000e+000  4.687500e-002
      vertex  0.000000e+000  1.184211e-001 -4.687500e-002
      vertex  0.000000e+000  0.000000e+000 -4.687500e-002
    endloop
  endfacet
  facet normal  0.000000e+000  1.000000e+000  0.000000e+000
    outer loop
      vertex  1.578947e-002  1.184211e-001 -4.687500e-002
      vertex  0.000000e+000  1.184211e-001 -4.687500e-002
      vertex  1.578947e-002  1.184211e-001  4.687500e-002
    endloop
  endfacet
  facet normal  0.000000e+000  1.000000e+000  0.000000e+000
    outer loop
      vertex  1.578947e-002  1.184211e-001  4.687500e-002
      vertex  0.000000e+000  1.184211e-001 -4.687500e-002
      vertex  0.000000e+000  1.184211e-001  4.687500e-002
    endloop
  endfacet
  facet normal  1.000000e+000  0.000000e+000  0.000000e+000
    outer loop
      vertex  7.500000e-001  0.000000e+000 -4.687500e-002
      vertex  7.500000e-001  1.578947e-002 -4.687500e-002
      vertex  7.500000e-001  0.000000e+000  4.687500e-002
    endloop
  endfacet
  facet normal  1.000000e+000  -0.000000e+000  0.000000e+000
    outer loop
      vertex  7.500000e-001  0.000000e+000  4.687500e-002
      vertex  7.500000e-001  1.578947e-002 -4.687500e-002
      vertex  7.500000e-001  1.578947e-002  4.687500e-002
    endloop
  endfacet
  facet normal  0.000000e+000 -1.000000e+000  0.000000e+000
    outer loop
      vertex  0.000000e+000  0.000000e+000  4.687500e-002
      vertex  0.000000e+000  0.000000e+000 -4.687500e-002
      vertex  7.500000e-001  0.000000e+000  4.687500e-002
    endloop
  endfacet
  facet normal  0.000000e+000 -1.000000e+000  -0.000000e+000
    outer loop
      vertex  7.500000e-001  0.000000e+000  4.687500e-002
      vertex  0.000000e+000  0.000000e+000 -4.687500e-002
      vertex  7.500000e-001  0.000000e+000 -4.687500e-002
    endloop
  endfacet
endsolid CATIA STL
