solid CATIA STL
  facet normal  -0.000000e+000  -0.000000e+000  1.000000e+000
    outer loop
      vertex -5.312500e-001 -4.687500e-001  7.500000e-001
      vertex -5.300491e-001 -4.809431e-001  7.500000e-001
      vertex -5.264925e-001 -4.926677e-001  7.500000e-001
    endloop
  endfacet
  facet normal  -0.000000e+000  -0.000000e+000  9.999999e-001
    outer loop
      vertex -5.312500e-001 -4.687500e-001  7.500000e-001
      vertex -5.264925e-001 -4.926677e-001  7.500000e-001
      vertex -5.207168e-001 -5.034732e-001  7.500000e-001
    endloop
  endfacet
  facet normal  -0.000000e+000  -0.000000e+000  1.000000e+000
    outer loop
      vertex -5.312500e-001 -4.687500e-001  7.500000e-001
      vertex -5.207168e-001 -5.034732e-001  7.500000e-001
      vertex -5.129442e-001 -5.129442e-001  7.500000e-001
    endloop
  endfacet
  facet normal  -0.000000e+000  -0.000000e+000  1.000000e+000
    outer loop
      vertex -5.312500e-001 -4.687500e-001  7.500000e-001
      vertex -5.129442e-001 -5.129442e-001  7.500000e-001
      vertex -5.034732e-001 -5.207168e-001  7.500000e-001
    endloop
  endfacet
  facet normal  -0.000000e+000  -0.000000e+000  1.000000e+000
    outer loop
      vertex -5.312500e-001 -4.687500e-001  7.500000e-001
      vertex -5.034732e-001 -5.207168e-001  7.500000e-001
      vertex -4.926677e-001 -5.264925e-001  7.500000e-001
    endloop
  endfacet
  facet normal  -0.000000e+000  -0.000000e+000  1.000000e+000
    outer loop
      vertex -5.312500e-001 -4.687500e-001  7.500000e-001
      vertex -4.926677e-001 -5.264925e-001  7.500000e-001
      vertex -4.809431e-001 -5.300491e-001  7.500000e-001
    endloop
  endfacet
  facet normal  -0.000000e+000  -0.000000e+000  1.000000e+000
    outer loop
      vertex -5.312500e-001 -4.687500e-001  7.500000e-001
      vertex -4.809431e-001 -5.300491e-001  7.500000e-001
      vertex -4.687500e-001 -5.312500e-001  7.500000e-001
    endloop
  endfacet
  facet normal  0.000000e+000  -0.000000e+000  1.000000e+000
    outer loop
      vertex -5.312500e-001 -4.687500e-001  7.500000e-001
      vertex -4.687500e-001 -5.312500e-001  7.500000e-001
      vertex  5.234375e-001 -5.312500e-001  7.500000e-001
    endloop
  endfacet
  facet normal  0.000000e+000  -0.000000e+000  1.000000e+000
    outer loop
      vertex -5.312500e-001 -4.687500e-001  7.500000e-001
      vertex  5.234375e-001 -5.312500e-001  7.500000e-001
      vertex  5.234375e-001  5.234375e-001  7.500000e-001
    endloop
  endfacet
  facet normal  0.000000e+000  0.000000e+000  1.000000e+000
    outer loop
      vertex -5.312500e-001 -4.687500e-001  7.500000e-001
      vertex  5.234375e-001  5.234375e-001  7.500000e-001
      vertex -5.312500e-001  5.234375e-001  7.500000e-001
    endloop
  endfacet
  facet normal  0.000000e+000  0.000000e+000 -1.000000e+000
    outer loop
      vertex -5.312500e-001 -4.687500e-001  0.000000e+000
      vertex -5.312500e-001  5.234375e-001  0.000000e+000
      vertex  5.234375e-001  5.234375e-001  0.000000e+000
    endloop
  endfacet
  facet normal  0.000000e+000  -0.000000e+000 -1.000000e+000
    outer loop
      vertex -5.312500e-001 -4.687500e-001  0.000000e+000
      vertex  5.234375e-001  5.234375e-001  0.000000e+000
      vertex  5.234375e-001 -5.312500e-001  0.000000e+000
    endloop
  endfacet
  facet normal  0.000000e+000  0.000000e+000 -1.000000e+000
    outer loop
      vertex -5.312500e-001 -4.687500e-001  0.000000e+000
      vertex  5.234375e-001 -5.312500e-001  0.000000e+000
      vertex -4.687500e-001 -5.312500e-001  0.000000e+000
    endloop
  endfacet
  facet normal  0.000000e+000  0.000000e+000 -1.000000e+000
    outer loop
      vertex -5.312500e-001 -4.687500e-001  0.000000e+000
      vertex -4.687500e-001 -5.312500e-001  0.000000e+000
      vertex -4.809431e-001 -5.300491e-001  0.000000e+000
    endloop
  endfacet
  facet normal  0.000000e+000  0.000000e+000 -1.000000e+000
    outer loop
      vertex -5.312500e-001 -4.687500e-001  0.000000e+000
      vertex -4.809431e-001 -5.300491e-001  0.000000e+000
      vertex -4.926677e-001 -5.264925e-001  0.000000e+000
    endloop
  endfacet
  facet normal  0.000000e+000  0.000000e+000 -1.000000e+000
    outer loop
      vertex -5.312500e-001 -4.687500e-001  0.000000e+000
      vertex -4.926677e-001 -5.264925e-001  0.000000e+000
      vertex -5.034732e-001 -5.207168e-001  0.000000e+000
    endloop
  endfacet
  facet normal  0.000000e+000  0.000000e+000 -1.000000e+000
    outer loop
      vertex -5.312500e-001 -4.687500e-001  0.000000e+000
      vertex -5.034732e-001 -5.207168e-001  0.000000e+000
      vertex -5.129442e-001 -5.129442e-001  0.000000e+000
    endloop
  endfacet
  facet normal  0.000000e+000  0.000000e+000 -1.000000e+000
    outer loop
      vertex -5.312500e-001 -4.687500e-001  0.000000e+000
      vertex -5.129442e-001 -5.129442e-001  0.000000e+000
      vertex -5.207168e-001 -5.034732e-001  0.000000e+000
    endloop
  endfacet
  facet normal  0.000000e+000  0.000000e+000 -9.999999e-001
    outer loop
      vertex -5.312500e-001 -4.687500e-001  0.000000e+000
      vertex -5.207168e-001 -5.034732e-001  0.000000e+000
      vertex -5.264925e-001 -4.926677e-001  0.000000e+000
    endloop
  endfacet
  facet normal  0.000000e+000  0.000000e+000 -1.000000e+000
    outer loop
      vertex -5.312500e-001 -4.687500e-001  0.000000e+000
      vertex -5.264925e-001 -4.926677e-001  0.000000e+000
      vertex -5.300491e-001 -4.809431e-001  0.000000e+000
    endloop
  endfacet
  facet normal -1.000000e+000  0.000000e+000  0.000000e+000
    outer loop
      vertex -5.312500e-001  5.234375e-001  7.500000e-001
      vertex -5.312500e-001  5.234375e-001  0.000000e+000
      vertex -5.312500e-001 -4.687500e-001  7.500000e-001
    endloop
  endfacet
  facet normal -1.000000e+000  0.000000e+000  0.000000e+000
    outer loop
      vertex -5.312500e-001 -4.687500e-001  7.500000e-001
      vertex -5.312500e-001  5.234375e-001  0.000000e+000
      vertex -5.312500e-001 -4.687500e-001  0.000000e+000
    endloop
  endfacet
  facet normal  0.000000e+000 -1.000000e+000  0.000000e+000
    outer loop
      vertex -4.687500e-001 -5.312500e-001  7.500000e-001
      vertex -4.687500e-001 -5.312500e-001  0.000000e+000
      vertex  5.234375e-001 -5.312500e-001  7.500000e-001
    endloop
  endfacet
  facet normal  0.000000e+000 -1.000000e+000  -0.000000e+000
    outer loop
      vertex  5.234375e-001 -5.312500e-001  7.500000e-001
      vertex -4.687500e-001 -5.312500e-001  0.000000e+000
      vertex  5.234375e-001 -5.312500e-001  0.000000e+000
    endloop
  endfacet
  facet normal -9.801669e-002 -9.951847e-001  -0.000000e+000
    outer loop
      vertex -4.687500e-001 -5.312500e-001  0.000000e+000
      vertex -4.687500e-001 -5.312500e-001  7.500000e-001
      vertex -4.809431e-001 -5.300491e-001  0.000000e+000
    endloop
  endfacet
  facet normal -9.801669e-002 -9.951847e-001  0.000000e+000
    outer loop
      vertex -4.809431e-001 -5.300491e-001  0.000000e+000
      vertex -4.687500e-001 -5.312500e-001  7.500000e-001
      vertex -4.809431e-001 -5.300491e-001  7.500000e-001
    endloop
  endfacet
  facet normal -2.902849e-001 -9.569404e-001  -0.000000e+000
    outer loop
      vertex -4.809431e-001 -5.300491e-001  0.000000e+000
      vertex -4.809431e-001 -5.300491e-001  7.500000e-001
      vertex -4.926677e-001 -5.264925e-001  0.000000e+000
    endloop
  endfacet
  facet normal -2.902849e-001 -9.569404e-001  0.000000e+000
    outer loop
      vertex -4.926677e-001 -5.264925e-001  0.000000e+000
      vertex -4.809431e-001 -5.300491e-001  7.500000e-001
      vertex -4.926677e-001 -5.264925e-001  7.500000e-001
    endloop
  endfacet
  facet normal -4.713963e-001 -8.819215e-001  -0.000000e+000
    outer loop
      vertex -4.926677e-001 -5.264925e-001  0.000000e+000
      vertex -4.926677e-001 -5.264925e-001  7.500000e-001
      vertex -5.034732e-001 -5.207168e-001  0.000000e+000
    endloop
  endfacet
  facet normal -4.713963e-001 -8.819215e-001  0.000000e+000
    outer loop
      vertex -5.034732e-001 -5.207168e-001  0.000000e+000
      vertex -4.926677e-001 -5.264925e-001  7.500000e-001
      vertex -5.034732e-001 -5.207168e-001  7.500000e-001
    endloop
  endfacet
  facet normal -6.343951e-001 -7.730091e-001  -0.000000e+000
    outer loop
      vertex -5.034732e-001 -5.207168e-001  0.000000e+000
      vertex -5.034732e-001 -5.207168e-001  7.500000e-001
      vertex -5.129442e-001 -5.129442e-001  0.000000e+000
    endloop
  endfacet
  facet normal -6.343951e-001 -7.730091e-001  0.000000e+000
    outer loop
      vertex -5.129442e-001 -5.129442e-001  0.000000e+000
      vertex -5.034732e-001 -5.207168e-001  7.500000e-001
      vertex -5.129442e-001 -5.129442e-001  7.500000e-001
    endloop
  endfacet
  facet normal -7.730091e-001 -6.343951e-001  -0.000000e+000
    outer loop
      vertex -5.129442e-001 -5.129442e-001  0.000000e+000
      vertex -5.129442e-001 -5.129442e-001  7.500000e-001
      vertex -5.207168e-001 -5.034732e-001  0.000000e+000
    endloop
  endfacet
  facet normal -7.730091e-001 -6.343951e-001  0.000000e+000
    outer loop
      vertex -5.207168e-001 -5.034732e-001  0.000000e+000
      vertex -5.129442e-001 -5.129442e-001  7.500000e-001
      vertex -5.207168e-001 -5.034732e-001  7.500000e-001
    endloop
  endfacet
  facet normal -8.819215e-001 -4.713963e-001  -0.000000e+000
    outer loop
      vertex -5.207168e-001 -5.034732e-001  0.000000e+000
      vertex -5.207168e-001 -5.034732e-001  7.500000e-001
      vertex -5.264925e-001 -4.926677e-001  0.000000e+000
    endloop
  endfacet
  facet normal -8.819215e-001 -4.713963e-001  0.000000e+000
    outer loop
      vertex -5.264925e-001 -4.926677e-001  0.000000e+000
      vertex -5.207168e-001 -5.034732e-001  7.500000e-001
      vertex -5.264925e-001 -4.926677e-001  7.500000e-001
    endloop
  endfacet
  facet normal -9.569404e-001 -2.902849e-001  -0.000000e+000
    outer loop
      vertex -5.264925e-001 -4.926677e-001  0.000000e+000
      vertex -5.264925e-001 -4.926677e-001  7.500000e-001
      vertex -5.300491e-001 -4.809431e-001  0.000000e+000
    endloop
  endfacet
  facet normal -9.569404e-001 -2.902849e-001  0.000000e+000
    outer loop
      vertex -5.300491e-001 -4.809431e-001  0.000000e+000
      vertex -5.264925e-001 -4.926677e-001  7.500000e-001
      vertex -5.300491e-001 -4.809431e-001  7.500000e-001
    endloop
  endfacet
  facet normal -9.951847e-001 -9.801669e-002  -0.000000e+000
    outer loop
      vertex -5.300491e-001 -4.809431e-001  0.000000e+000
      vertex -5.300491e-001 -4.809431e-001  7.500000e-001
      vertex -5.312500e-001 -4.687500e-001  0.000000e+000
    endloop
  endfacet
  facet normal -9.951847e-001 -9.801669e-002  0.000000e+000
    outer loop
      vertex -5.312500e-001 -4.687500e-001  0.000000e+000
      vertex -5.300491e-001 -4.809431e-001  7.500000e-001
      vertex -5.312500e-001 -4.687500e-001  7.500000e-001
    endloop
  endfacet
  facet normal  0.000000e+000  1.000000e+000  -0.000000e+000
    outer loop
      vertex  5.234375e-001  5.234375e-001  7.500000e-001
      vertex  5.234375e-001  5.234375e-001  0.000000e+000
      vertex -5.312500e-001  5.234375e-001  7.500000e-001
    endloop
  endfacet
  facet normal  0.000000e+000  1.000000e+000  0.000000e+000
    outer loop
      vertex -5.312500e-001  5.234375e-001  7.500000e-001
      vertex  5.234375e-001  5.234375e-001  0.000000e+000
      vertex -5.312500e-001  5.234375e-001  0.000000e+000
    endloop
  endfacet
  facet normal  1.000000e+000  0.000000e+000  0.000000e+000
    outer loop
      vertex  5.234375e-001 -5.312500e-001  7.500000e-001
      vertex  5.234375e-001 -5.312500e-001  0.000000e+000
      vertex  5.234375e-001  5.234375e-001  7.500000e-001
    endloop
  endfacet
  facet normal  1.000000e+000  0.000000e+000  0.000000e+000
    outer loop
      vertex  5.234375e-001  5.234375e-001  7.500000e-001
      vertex  5.234375e-001 -5.312500e-001  0.000000e+000
      vertex  5.234375e-001  5.234375e-001  0.000000e+000
    endloop
  endfacet
endsolid CATIA STL
