solid CATIA STL
  facet normal -5.551115e-017  1.000000e+000 -5.551115e-017
    outer loop
      vertex -4.921875e-001  5.551115e-017  4.921875e-001
      vertex -4.921875e-001  8.673617e-019 -4.921875e-001
      vertex -5.000000e-001  5.551115e-017  5.000000e-001
    endloop
  endfacet
  facet normal -5.551115e-017  1.000000e+000 -5.551115e-017
    outer loop
      vertex -4.921875e-001  8.673617e-019 -4.921875e-001
      vertex -5.000000e-001  0.000000e+000 -5.000000e-001
      vertex -5.000000e-001  5.551115e-017  5.000000e-001
    endloop
  endfacet
  facet normal -5.551115e-017  1.000000e+000 -5.551115e-017
    outer loop
      vertex  5.000000e-001  1.110223e-016  5.000000e-001
      vertex  4.921875e-001  5.551115e-017 -4.921875e-001
      vertex  4.921875e-001  1.101549e-016  4.921875e-001
    endloop
  endfacet
  facet normal -5.551115e-017  1.000000e+000 -5.551115e-017
    outer loop
      vertex  5.000000e-001  1.110223e-016  5.000000e-001
      vertex  4.921875e-001  1.101549e-016  4.921875e-001
      vertex -4.921875e-001  5.551115e-017  4.921875e-001
    endloop
  endfacet
  facet normal -5.551115e-017  1.000000e+000 -5.551115e-017
    outer loop
      vertex  5.000000e-001  1.110223e-016  5.000000e-001
      vertex -4.921875e-001  5.551115e-017  4.921875e-001
      vertex -5.000000e-001  5.551115e-017  5.000000e-001
    endloop
  endfacet
  facet normal -5.551115e-017  1.000000e+000 -5.551115e-017
    outer loop
      vertex  5.000000e-001  5.551115e-017 -5.000000e-001
      vertex -5.000000e-001  0.000000e+000 -5.000000e-001
      vertex -4.921875e-001  8.673617e-019 -4.921875e-001
    endloop
  endfacet
  facet normal -5.551115e-017  1.000000e+000 -5.551115e-017
    outer loop
      vertex  5.000000e-001  5.551115e-017 -5.000000e-001
      vertex -4.921875e-001  8.673617e-019 -4.921875e-001
      vertex  4.921875e-001  5.551115e-017 -4.921875e-001
    endloop
  endfacet
  facet normal -5.551115e-017  1.000000e+000 -5.551115e-017
    outer loop
      vertex  5.000000e-001  5.551115e-017 -5.000000e-001
      vertex  4.921875e-001  5.551115e-017 -4.921875e-001
      vertex  5.000000e-001  1.110223e-016  5.000000e-001
    endloop
  endfacet
  facet normal  0.000000e+000  0.000000e+000  1.000000e+000
    outer loop
      vertex -4.921875e-001 -7.421875e-001 -4.921875e-001
      vertex  4.921875e-001 -7.421875e-001 -4.921875e-001
      vertex -4.921875e-001  8.673617e-019 -4.921875e-001
    endloop
  endfacet
  facet normal  -0.000000e+000  0.000000e+000  1.000000e+000
    outer loop
      vertex -4.921875e-001  8.673617e-019 -4.921875e-001
      vertex  4.921875e-001 -7.421875e-001 -4.921875e-001
      vertex  4.921875e-001  5.551115e-017 -4.921875e-001
    endloop
  endfacet
  facet normal -1.000000e+000  0.000000e+000  0.000000e+000
    outer loop
      vertex  4.921875e-001 -7.421875e-001 -4.921875e-001
      vertex  4.921875e-001 -7.421875e-001  4.921875e-001
      vertex  4.921875e-001  5.551115e-017 -4.921875e-001
    endloop
  endfacet
  facet normal -1.000000e+000  0.000000e+000  0.000000e+000
    outer loop
      vertex  4.921875e-001  5.551115e-017 -4.921875e-001
      vertex  4.921875e-001 -7.421875e-001  4.921875e-001
      vertex  4.921875e-001  1.101549e-016  4.921875e-001
    endloop
  endfacet
  facet normal  0.000000e+000  0.000000e+000 -1.000000e+000
    outer loop
      vertex  4.921875e-001 -7.421875e-001  4.921875e-001
      vertex -4.921875e-001 -7.421875e-001  4.921875e-001
      vertex  4.921875e-001  1.101549e-016  4.921875e-001
    endloop
  endfacet
  facet normal  0.000000e+000  0.000000e+000 -1.000000e+000
    outer loop
      vertex  4.921875e-001  1.101549e-016  4.921875e-001
      vertex -4.921875e-001 -7.421875e-001  4.921875e-001
      vertex -4.921875e-001  5.551115e-017  4.921875e-001
    endloop
  endfacet
  facet normal  1.000000e+000  0.000000e+000  0.000000e+000
    outer loop
      vertex -4.921875e-001 -7.421875e-001  4.921875e-001
      vertex -4.921875e-001 -7.421875e-001 -4.921875e-001
      vertex -4.921875e-001  5.551115e-017  4.921875e-001
    endloop
  endfacet
  facet normal  1.000000e+000  0.000000e+000  0.000000e+000
    outer loop
      vertex -4.921875e-001  5.551115e-017  4.921875e-001
      vertex -4.921875e-001 -7.421875e-001 -4.921875e-001
      vertex -4.921875e-001  8.673617e-019 -4.921875e-001
    endloop
  endfacet
  facet normal  0.000000e+000  1.000000e+000  0.000000e+000
    outer loop
      vertex -4.921875e-001 -7.421875e-001 -4.921875e-001
      vertex -4.921875e-001 -7.421875e-001  4.921875e-001
      vertex  4.921875e-001 -7.421875e-001 -4.921875e-001
    endloop
  endfacet
  facet normal  0.000000e+000  1.000000e+000  -0.000000e+000
    outer loop
      vertex  4.921875e-001 -7.421875e-001 -4.921875e-001
      vertex -4.921875e-001 -7.421875e-001  4.921875e-001
      vertex  4.921875e-001 -7.421875e-001  4.921875e-001
    endloop
  endfacet
  facet normal  0.000000e+000 -1.000000e+000  0.000000e+000
    outer loop
      vertex -5.000000e-001 -7.500000e-001 -5.000000e-001
      vertex  5.000000e-001 -7.500000e-001 -5.000000e-001
      vertex -5.000000e-001 -7.500000e-001  5.000000e-001
    endloop
  endfacet
  facet normal  0.000000e+000 -1.000000e+000  0.000000e+000
    outer loop
      vertex -5.000000e-001 -7.500000e-001  5.000000e-001
      vertex  5.000000e-001 -7.500000e-001 -5.000000e-001
      vertex  5.000000e-001 -7.500000e-001  5.000000e-001
    endloop
  endfacet
  facet normal -1.000000e+000  -0.000000e+000  0.000000e+000
    outer loop
      vertex -5.000000e-001 -7.500000e-001  5.000000e-001
      vertex -5.000000e-001  5.551115e-017  5.000000e-001
      vertex -5.000000e-001 -7.500000e-001 -5.000000e-001
    endloop
  endfacet
  facet normal -1.000000e+000  0.000000e+000  0.000000e+000
    outer loop
      vertex -5.000000e-001 -7.500000e-001 -5.000000e-001
      vertex -5.000000e-001  5.551115e-017  5.000000e-001
      vertex -5.000000e-001  0.000000e+000 -5.000000e-001
    endloop
  endfacet
  facet normal  0.000000e+000  0.000000e+000  1.000000e+000
    outer loop
      vertex  5.000000e-001 -7.500000e-001  5.000000e-001
      vertex  5.000000e-001  1.110223e-016  5.000000e-001
      vertex -5.000000e-001 -7.500000e-001  5.000000e-001
    endloop
  endfacet
  facet normal  0.000000e+000  0.000000e+000  1.000000e+000
    outer loop
      vertex -5.000000e-001 -7.500000e-001  5.000000e-001
      vertex  5.000000e-001  1.110223e-016  5.000000e-001
      vertex -5.000000e-001  5.551115e-017  5.000000e-001
    endloop
  endfacet
  facet normal  1.000000e+000  0.000000e+000  0.000000e+000
    outer loop
      vertex  5.000000e-001 -7.500000e-001 -5.000000e-001
      vertex  5.000000e-001  5.551115e-017 -5.000000e-001
      vertex  5.000000e-001 -7.500000e-001  5.000000e-001
    endloop
  endfacet
  facet normal  1.000000e+000  -0.000000e+000  0.000000e+000
    outer loop
      vertex  5.000000e-001 -7.500000e-001  5.000000e-001
      vertex  5.000000e-001  5.551115e-017 -5.000000e-001
      vertex  5.000000e-001  1.110223e-016  5.000000e-001
    endloop
  endfacet
  facet normal  0.000000e+000  0.000000e+000 -1.000000e+000
    outer loop
      vertex -5.000000e-001 -7.500000e-001 -5.000000e-001
      vertex -5.000000e-001  0.000000e+000 -5.000000e-001
      vertex  5.000000e-001 -7.500000e-001 -5.000000e-001
    endloop
  endfacet
  facet normal  0.000000e+000  0.000000e+000 -1.000000e+000
    outer loop
      vertex  5.000000e-001 -7.500000e-001 -5.000000e-001
      vertex -5.000000e-001  0.000000e+000 -5.000000e-001
      vertex  5.000000e-001  5.551115e-017 -5.000000e-001
    endloop
  endfacet
endsolid CATIA STL
