solid CATIA STL
  facet normal  0.000000e+000  0.000000e+000 -1.000000e+000
    outer loop
      vertex  2.578125e-001  3.281250e-001  0.000000e+000
      vertex  2.578125e-001  4.698191e-001  0.000000e+000
      vertex  7.500000e-001  4.698191e-001  0.000000e+000
    endloop
  endfacet
  facet normal  0.000000e+000  -0.000000e+000 -1.000000e+000
    outer loop
      vertex  2.578125e-001  3.281250e-001  0.000000e+000
      vertex  7.500000e-001  4.698191e-001  0.000000e+000
      vertex  7.500000e-001  2.578125e-001  0.000000e+000
    endloop
  endfacet
  facet normal  0.000000e+000  0.000000e+000 -9.999999e-001
    outer loop
      vertex  2.578125e-001  3.281250e-001  0.000000e+000
      vertex  7.500000e-001  2.578125e-001  0.000000e+000
      vertex  3.281250e-001  2.578125e-001  0.000000e+000
    endloop
  endfacet
  facet normal  0.000000e+000  0.000000e+000 -1.000000e+000
    outer loop
      vertex  2.578125e-001  3.281250e-001  0.000000e+000
      vertex  3.281250e-001  2.578125e-001  0.000000e+000
      vertex  3.144077e-001  2.591635e-001  0.000000e+000
    endloop
  endfacet
  facet normal  0.000000e+000  0.000000e+000 -1.000000e+000
    outer loop
      vertex  2.578125e-001  3.281250e-001  0.000000e+000
      vertex  3.144077e-001  2.591635e-001  0.000000e+000
      vertex  3.012176e-001  2.631647e-001  0.000000e+000
    endloop
  endfacet
  facet normal  0.000000e+000  0.000000e+000 -1.000000e+000
    outer loop
      vertex  2.578125e-001  3.281250e-001  0.000000e+000
      vertex  3.012176e-001  2.631647e-001  0.000000e+000
      vertex  2.890615e-001  2.696623e-001  0.000000e+000
    endloop
  endfacet
  facet normal  0.000000e+000  0.000000e+000 -1.000000e+000
    outer loop
      vertex  2.578125e-001  3.281250e-001  0.000000e+000
      vertex  2.890615e-001  2.696623e-001  0.000000e+000
      vertex  2.784066e-001  2.784066e-001  0.000000e+000
    endloop
  endfacet
  facet normal  0.000000e+000  0.000000e+000 -9.999999e-001
    outer loop
      vertex  2.578125e-001  3.281250e-001  0.000000e+000
      vertex  2.784066e-001  2.784066e-001  0.000000e+000
      vertex  2.696623e-001  2.890615e-001  0.000000e+000
    endloop
  endfacet
  facet normal  0.000000e+000  0.000000e+000 -1.000000e+000
    outer loop
      vertex  2.578125e-001  3.281250e-001  0.000000e+000
      vertex  2.696623e-001  2.890615e-001  0.000000e+000
      vertex  2.631647e-001  3.012176e-001  0.000000e+000
    endloop
  endfacet
  facet normal  0.000000e+000  0.000000e+000 -1.000000e+000
    outer loop
      vertex  2.578125e-001  3.281250e-001  0.000000e+000
      vertex  2.631647e-001  3.012176e-001  0.000000e+000
      vertex  2.591635e-001  3.144077e-001  0.000000e+000
    endloop
  endfacet
  facet normal -1.000000e+000  -0.000000e+000  0.000000e+000
    outer loop
      vertex  2.578125e-001  3.281250e-001  3.671875e-001
      vertex  2.578125e-001  5.479441e-001  3.671875e-001
      vertex  2.578125e-001  3.281250e-001  0.000000e+000
    endloop
  endfacet
  facet normal -1.000000e+000  0.000000e+000  0.000000e+000
    outer loop
      vertex  2.578125e-001  3.281250e-001  0.000000e+000
      vertex  2.578125e-001  5.479441e-001  3.671875e-001
      vertex  2.578125e-001  5.479441e-001  7.812500e-002
    endloop
  endfacet
  facet normal -9.999999e-001  0.000000e+000  0.000000e+000
    outer loop
      vertex  2.578125e-001  3.281250e-001  0.000000e+000
      vertex  2.578125e-001  5.479441e-001  7.812500e-002
      vertex  2.578125e-001  4.698191e-001  0.000000e+000
    endloop
  endfacet
  facet normal  -0.000000e+000  -0.000000e+000  1.000000e+000
    outer loop
      vertex  2.578125e-001  3.281250e-001  3.671875e-001
      vertex  2.591635e-001  3.144077e-001  3.671875e-001
      vertex  2.631647e-001  3.012176e-001  3.671875e-001
    endloop
  endfacet
  facet normal  -0.000000e+000  -0.000000e+000  1.000000e+000
    outer loop
      vertex  2.578125e-001  3.281250e-001  3.671875e-001
      vertex  2.631647e-001  3.012176e-001  3.671875e-001
      vertex  2.696623e-001  2.890615e-001  3.671875e-001
    endloop
  endfacet
  facet normal  -0.000000e+000  -0.000000e+000  9.999999e-001
    outer loop
      vertex  2.578125e-001  3.281250e-001  3.671875e-001
      vertex  2.696623e-001  2.890615e-001  3.671875e-001
      vertex  2.784066e-001  2.784066e-001  3.671875e-001
    endloop
  endfacet
  facet normal  -0.000000e+000  -0.000000e+000  1.000000e+000
    outer loop
      vertex  2.578125e-001  3.281250e-001  3.671875e-001
      vertex  2.784066e-001  2.784066e-001  3.671875e-001
      vertex  2.890615e-001  2.696623e-001  3.671875e-001
    endloop
  endfacet
  facet normal  -0.000000e+000  -0.000000e+000  1.000000e+000
    outer loop
      vertex  2.578125e-001  3.281250e-001  3.671875e-001
      vertex  2.890615e-001  2.696623e-001  3.671875e-001
      vertex  3.012176e-001  2.631647e-001  3.671875e-001
    endloop
  endfacet
  facet normal  -0.000000e+000  -0.000000e+000  1.000000e+000
    outer loop
      vertex  2.578125e-001  3.281250e-001  3.671875e-001
      vertex  3.012176e-001  2.631647e-001  3.671875e-001
      vertex  3.144077e-001  2.591635e-001  3.671875e-001
    endloop
  endfacet
  facet normal  -0.000000e+000  -0.000000e+000  1.000000e+000
    outer loop
      vertex  2.578125e-001  3.281250e-001  3.671875e-001
      vertex  3.144077e-001  2.591635e-001  3.671875e-001
      vertex  3.281250e-001  2.578125e-001  3.671875e-001
    endloop
  endfacet
  facet normal  0.000000e+000  -0.000000e+000  9.999999e-001
    outer loop
      vertex  2.578125e-001  3.281250e-001  3.671875e-001
      vertex  3.281250e-001  2.578125e-001  3.671875e-001
      vertex  7.500000e-001  2.578125e-001  3.671875e-001
    endloop
  endfacet
  facet normal  0.000000e+000  -0.000000e+000  1.000000e+000
    outer loop
      vertex  2.578125e-001  3.281250e-001  3.671875e-001
      vertex  7.500000e-001  2.578125e-001  3.671875e-001
      vertex  7.500000e-001  5.479441e-001  3.671875e-001
    endloop
  endfacet
  facet normal  0.000000e+000  0.000000e+000  9.999999e-001
    outer loop
      vertex  2.578125e-001  3.281250e-001  3.671875e-001
      vertex  7.500000e-001  5.479441e-001  3.671875e-001
      vertex  2.578125e-001  5.479441e-001  3.671875e-001
    endloop
  endfacet
  facet normal  0.000000e+000 -1.000000e+000  0.000000e+000
    outer loop
      vertex  3.281250e-001  2.578125e-001  3.671875e-001
      vertex  3.281250e-001  2.578125e-001  0.000000e+000
      vertex  7.500000e-001  2.578125e-001  3.671875e-001
    endloop
  endfacet
  facet normal  0.000000e+000 -1.000000e+000  -0.000000e+000
    outer loop
      vertex  7.500000e-001  2.578125e-001  3.671875e-001
      vertex  3.281250e-001  2.578125e-001  0.000000e+000
      vertex  7.500000e-001  2.578125e-001  0.000000e+000
    endloop
  endfacet
  facet normal -9.801664e-002 -9.951847e-001  -0.000000e+000
    outer loop
      vertex  3.281250e-001  2.578125e-001  0.000000e+000
      vertex  3.281250e-001  2.578125e-001  3.671875e-001
      vertex  3.144077e-001  2.591635e-001  0.000000e+000
    endloop
  endfacet
  facet normal -9.801664e-002 -9.951847e-001  0.000000e+000
    outer loop
      vertex  3.144077e-001  2.591635e-001  0.000000e+000
      vertex  3.281250e-001  2.578125e-001  3.671875e-001
      vertex  3.144077e-001  2.591635e-001  3.671875e-001
    endloop
  endfacet
  facet normal -2.902861e-001 -9.569399e-001  -0.000000e+000
    outer loop
      vertex  3.144077e-001  2.591635e-001  0.000000e+000
      vertex  3.144077e-001  2.591635e-001  3.671875e-001
      vertex  3.012176e-001  2.631647e-001  0.000000e+000
    endloop
  endfacet
  facet normal -2.902861e-001 -9.569399e-001  0.000000e+000
    outer loop
      vertex  3.012176e-001  2.631647e-001  0.000000e+000
      vertex  3.144077e-001  2.591635e-001  3.671875e-001
      vertex  3.012176e-001  2.631647e-001  3.671875e-001
    endloop
  endfacet
  facet normal -4.713953e-001 -8.819219e-001  -0.000000e+000
    outer loop
      vertex  3.012176e-001  2.631647e-001  0.000000e+000
      vertex  3.012176e-001  2.631647e-001  3.671875e-001
      vertex  2.890615e-001  2.696623e-001  0.000000e+000
    endloop
  endfacet
  facet normal -4.713953e-001 -8.819219e-001  0.000000e+000
    outer loop
      vertex  2.890615e-001  2.696623e-001  0.000000e+000
      vertex  3.012176e-001  2.631647e-001  3.671875e-001
      vertex  2.890615e-001  2.696623e-001  3.671875e-001
    endloop
  endfacet
  facet normal -6.343942e-001 -7.730097e-001  -0.000000e+000
    outer loop
      vertex  2.890615e-001  2.696623e-001  0.000000e+000
      vertex  2.890615e-001  2.696623e-001  3.671875e-001
      vertex  2.784066e-001  2.784066e-001  0.000000e+000
    endloop
  endfacet
  facet normal -6.343942e-001 -7.730097e-001  0.000000e+000
    outer loop
      vertex  2.784066e-001  2.784066e-001  0.000000e+000
      vertex  2.890615e-001  2.696623e-001  3.671875e-001
      vertex  2.784066e-001  2.784066e-001  3.671875e-001
    endloop
  endfacet
  facet normal -7.730097e-001 -6.343942e-001  -0.000000e+000
    outer loop
      vertex  2.784066e-001  2.784066e-001  0.000000e+000
      vertex  2.784066e-001  2.784066e-001  3.671875e-001
      vertex  2.696623e-001  2.890615e-001  0.000000e+000
    endloop
  endfacet
  facet normal -7.730097e-001 -6.343942e-001  0.000000e+000
    outer loop
      vertex  2.696623e-001  2.890615e-001  0.000000e+000
      vertex  2.784066e-001  2.784066e-001  3.671875e-001
      vertex  2.696623e-001  2.890615e-001  3.671875e-001
    endloop
  endfacet
  facet normal -8.819219e-001 -4.713953e-001  -0.000000e+000
    outer loop
      vertex  2.696623e-001  2.890615e-001  0.000000e+000
      vertex  2.696623e-001  2.890615e-001  3.671875e-001
      vertex  2.631647e-001  3.012176e-001  0.000000e+000
    endloop
  endfacet
  facet normal -8.819219e-001 -4.713953e-001  0.000000e+000
    outer loop
      vertex  2.631647e-001  3.012176e-001  0.000000e+000
      vertex  2.696623e-001  2.890615e-001  3.671875e-001
      vertex  2.631647e-001  3.012176e-001  3.671875e-001
    endloop
  endfacet
  facet normal -9.569399e-001 -2.902861e-001  -0.000000e+000
    outer loop
      vertex  2.631647e-001  3.012176e-001  0.000000e+000
      vertex  2.631647e-001  3.012176e-001  3.671875e-001
      vertex  2.591635e-001  3.144077e-001  0.000000e+000
    endloop
  endfacet
  facet normal -9.569399e-001 -2.902861e-001  0.000000e+000
    outer loop
      vertex  2.591635e-001  3.144077e-001  0.000000e+000
      vertex  2.631647e-001  3.012176e-001  3.671875e-001
      vertex  2.591635e-001  3.144077e-001  3.671875e-001
    endloop
  endfacet
  facet normal -9.951847e-001 -9.801664e-002  -0.000000e+000
    outer loop
      vertex  2.591635e-001  3.144077e-001  0.000000e+000
      vertex  2.591635e-001  3.144077e-001  3.671875e-001
      vertex  2.578125e-001  3.281250e-001  0.000000e+000
    endloop
  endfacet
  facet normal -9.951847e-001 -9.801664e-002  0.000000e+000
    outer loop
      vertex  2.578125e-001  3.281250e-001  0.000000e+000
      vertex  2.591635e-001  3.144077e-001  3.671875e-001
      vertex  2.578125e-001  3.281250e-001  3.671875e-001
    endloop
  endfacet
  facet normal  0.000000e+000  1.000000e+000  -0.000000e+000
    outer loop
      vertex  7.500000e-001  5.479441e-001  3.671875e-001
      vertex  7.500000e-001  5.479441e-001  7.812500e-002
      vertex  2.578125e-001  5.479441e-001  3.671875e-001
    endloop
  endfacet
  facet normal  0.000000e+000  1.000000e+000  0.000000e+000
    outer loop
      vertex  2.578125e-001  5.479441e-001  3.671875e-001
      vertex  7.500000e-001  5.479441e-001  7.812500e-002
      vertex  2.578125e-001  5.479441e-001  7.812500e-002
    endloop
  endfacet
  facet normal  1.000000e+000  -0.000000e+000  0.000000e+000
    outer loop
      vertex  7.500000e-001  5.479441e-001  3.671875e-001
      vertex  7.500000e-001  2.578125e-001  3.671875e-001
      vertex  7.500000e-001  5.479441e-001  7.812500e-002
    endloop
  endfacet
  facet normal  1.000000e+000  0.000000e+000  0.000000e+000
    outer loop
      vertex  7.500000e-001  5.479441e-001  7.812500e-002
      vertex  7.500000e-001  2.578125e-001  3.671875e-001
      vertex  7.500000e-001  2.578125e-001  0.000000e+000
    endloop
  endfacet
  facet normal  1.000000e+000  0.000000e+000  0.000000e+000
    outer loop
      vertex  7.500000e-001  5.479441e-001  7.812500e-002
      vertex  7.500000e-001  2.578125e-001  0.000000e+000
      vertex  7.500000e-001  4.698191e-001  0.000000e+000
    endloop
  endfacet
  facet normal  0.000000e+000  7.071068e-001 -7.071068e-001
    outer loop
      vertex  7.500000e-001  5.479441e-001  7.812500e-002
      vertex  7.500000e-001  4.698191e-001  0.000000e+000
      vertex  2.578125e-001  5.479441e-001  7.812500e-002
    endloop
  endfacet
  facet normal  0.000000e+000  7.071068e-001 -7.071068e-001
    outer loop
      vertex  2.578125e-001  5.479441e-001  7.812500e-002
      vertex  7.500000e-001  4.698191e-001  0.000000e+000
      vertex  2.578125e-001  4.698191e-001  0.000000e+000
    endloop
  endfacet
endsolid CATIA STL
