solid CATIA STL
  facet normal  0.000000e+000  0.000000e+000  1.000000e+000
    outer loop
      vertex  0.000000e+000  0.000000e+000  2.500000e-001
      vertex  7.812500e-002  0.000000e+000  2.500000e-001
      vertex  0.000000e+000  2.500000e-001  2.500000e-001
    endloop
  endfacet
  facet normal  -0.000000e+000  0.000000e+000  1.000000e+000
    outer loop
      vertex  0.000000e+000  2.500000e-001  2.500000e-001
      vertex  7.812500e-002  0.000000e+000  2.500000e-001
      vertex  7.812500e-002  2.500000e-001  2.500000e-001
    endloop
  endfacet
  facet normal  0.000000e+000  1.000000e+000  0.000000e+000
    outer loop
      vertex  0.000000e+000  2.500000e-001  2.500000e-001
      vertex  7.812500e-002  2.500000e-001  2.500000e-001
      vertex  1.116562e-001  2.500000e-001  2.466975e-001
    endloop
  endfacet
  facet normal  0.000000e+000  1.000000e+000  0.000000e+000
    outer loop
      vertex  0.000000e+000  2.500000e-001  2.500000e-001
      vertex  1.116562e-001  2.500000e-001  2.466975e-001
      vertex  1.438987e-001  2.500000e-001  2.369168e-001
    endloop
  endfacet
  facet normal  0.000000e+000  1.000000e+000  0.000000e+000
    outer loop
      vertex  0.000000e+000  2.500000e-001  2.500000e-001
      vertex  1.438987e-001  2.500000e-001  2.369168e-001
      vertex  1.736136e-001  2.500000e-001  2.210338e-001
    endloop
  endfacet
  facet normal  0.000000e+000  1.000000e+000  0.000000e+000
    outer loop
      vertex  0.000000e+000  2.500000e-001  2.500000e-001
      vertex  1.736136e-001  2.500000e-001  2.210338e-001
      vertex  1.996590e-001  2.500000e-001  1.996590e-001
    endloop
  endfacet
  facet normal  0.000000e+000  1.000000e+000  0.000000e+000
    outer loop
      vertex  0.000000e+000  2.500000e-001  2.500000e-001
      vertex  1.996590e-001  2.500000e-001  1.996590e-001
      vertex  2.210338e-001  2.500000e-001  1.736136e-001
    endloop
  endfacet
  facet normal  0.000000e+000  1.000000e+000  0.000000e+000
    outer loop
      vertex  0.000000e+000  2.500000e-001  2.500000e-001
      vertex  2.210338e-001  2.500000e-001  1.736136e-001
      vertex  2.369168e-001  2.500000e-001  1.438987e-001
    endloop
  endfacet
  facet normal  0.000000e+000  1.000000e+000  0.000000e+000
    outer loop
      vertex  0.000000e+000  2.500000e-001  2.500000e-001
      vertex  2.369168e-001  2.500000e-001  1.438987e-001
      vertex  2.466975e-001  2.500000e-001  1.116562e-001
    endloop
  endfacet
  facet normal  0.000000e+000  1.000000e+000  0.000000e+000
    outer loop
      vertex  0.000000e+000  2.500000e-001  2.500000e-001
      vertex  2.466975e-001  2.500000e-001  1.116562e-001
      vertex  2.500000e-001  2.500000e-001  7.812500e-002
    endloop
  endfacet
  facet normal  0.000000e+000  1.000000e+000  0.000000e+000
    outer loop
      vertex  0.000000e+000  2.500000e-001  2.500000e-001
      vertex  2.500000e-001  2.500000e-001  7.812500e-002
      vertex  2.500000e-001  2.500000e-001  0.000000e+000
    endloop
  endfacet
  facet normal  0.000000e+000  1.000000e+000  0.000000e+000
    outer loop
      vertex  0.000000e+000  2.500000e-001  2.500000e-001
      vertex  2.500000e-001  2.500000e-001  0.000000e+000
      vertex  0.000000e+000  2.500000e-001  0.000000e+000
    endloop
  endfacet
  facet normal  1.000000e+000  0.000000e+000  0.000000e+000
    outer loop
      vertex  2.500000e-001  0.000000e+000  0.000000e+000
      vertex  2.500000e-001  2.500000e-001  0.000000e+000
      vertex  2.500000e-001  0.000000e+000  7.812500e-002
    endloop
  endfacet
  facet normal  1.000000e+000  -0.000000e+000  0.000000e+000
    outer loop
      vertex  2.500000e-001  0.000000e+000  7.812500e-002
      vertex  2.500000e-001  2.500000e-001  0.000000e+000
      vertex  2.500000e-001  2.500000e-001  7.812500e-002
    endloop
  endfacet
  facet normal  0.000000e+000 -1.000000e+000  0.000000e+000
    outer loop
      vertex  0.000000e+000  0.000000e+000  2.500000e-001
      vertex  0.000000e+000  0.000000e+000  0.000000e+000
      vertex  2.500000e-001  0.000000e+000  0.000000e+000
    endloop
  endfacet
  facet normal  0.000000e+000 -1.000000e+000  0.000000e+000
    outer loop
      vertex  0.000000e+000  0.000000e+000  2.500000e-001
      vertex  2.500000e-001  0.000000e+000  0.000000e+000
      vertex  2.500000e-001  0.000000e+000  7.812500e-002
    endloop
  endfacet
  facet normal  0.000000e+000 -1.000000e+000  0.000000e+000
    outer loop
      vertex  0.000000e+000  0.000000e+000  2.500000e-001
      vertex  2.500000e-001  0.000000e+000  7.812500e-002
      vertex  2.466975e-001  0.000000e+000  1.116562e-001
    endloop
  endfacet
  facet normal  0.000000e+000 -1.000000e+000  0.000000e+000
    outer loop
      vertex  0.000000e+000  0.000000e+000  2.500000e-001
      vertex  2.466975e-001  0.000000e+000  1.116562e-001
      vertex  2.369168e-001  0.000000e+000  1.438987e-001
    endloop
  endfacet
  facet normal  0.000000e+000 -1.000000e+000  0.000000e+000
    outer loop
      vertex  0.000000e+000  0.000000e+000  2.500000e-001
      vertex  2.369168e-001  0.000000e+000  1.438987e-001
      vertex  2.210338e-001  0.000000e+000  1.736136e-001
    endloop
  endfacet
  facet normal  0.000000e+000 -1.000000e+000  0.000000e+000
    outer loop
      vertex  0.000000e+000  0.000000e+000  2.500000e-001
      vertex  2.210338e-001  0.000000e+000  1.736136e-001
      vertex  1.996590e-001  0.000000e+000  1.996590e-001
    endloop
  endfacet
  facet normal  0.000000e+000 -1.000000e+000  0.000000e+000
    outer loop
      vertex  0.000000e+000  0.000000e+000  2.500000e-001
      vertex  1.996590e-001  0.000000e+000  1.996590e-001
      vertex  1.736136e-001  0.000000e+000  2.210338e-001
    endloop
  endfacet
  facet normal  0.000000e+000 -1.000000e+000  0.000000e+000
    outer loop
      vertex  0.000000e+000  0.000000e+000  2.500000e-001
      vertex  1.736136e-001  0.000000e+000  2.210338e-001
      vertex  1.438987e-001  0.000000e+000  2.369168e-001
    endloop
  endfacet
  facet normal  0.000000e+000 -1.000000e+000  0.000000e+000
    outer loop
      vertex  0.000000e+000  0.000000e+000  2.500000e-001
      vertex  1.438987e-001  0.000000e+000  2.369168e-001
      vertex  1.116562e-001  0.000000e+000  2.466975e-001
    endloop
  endfacet
  facet normal  0.000000e+000 -1.000000e+000  0.000000e+000
    outer loop
      vertex  0.000000e+000  0.000000e+000  2.500000e-001
      vertex  1.116562e-001  0.000000e+000  2.466975e-001
      vertex  7.812500e-002  0.000000e+000  2.500000e-001
    endloop
  endfacet
  facet normal  9.951847e-001  0.000000e+000  9.801712e-002
    outer loop
      vertex  2.500000e-001  0.000000e+000  7.812500e-002
      vertex  2.500000e-001  2.500000e-001  7.812500e-002
      vertex  2.466975e-001  0.000000e+000  1.116562e-001
    endloop
  endfacet
  facet normal  9.951847e-001  -0.000000e+000  9.801712e-002
    outer loop
      vertex  2.466975e-001  0.000000e+000  1.116562e-001
      vertex  2.500000e-001  2.500000e-001  7.812500e-002
      vertex  2.466975e-001  2.500000e-001  1.116562e-001
    endloop
  endfacet
  facet normal  9.569404e-001  0.000000e+000  2.902847e-001
    outer loop
      vertex  2.466975e-001  0.000000e+000  1.116562e-001
      vertex  2.466975e-001  2.500000e-001  1.116562e-001
      vertex  2.369168e-001  0.000000e+000  1.438987e-001
    endloop
  endfacet
  facet normal  9.569404e-001  -0.000000e+000  2.902847e-001
    outer loop
      vertex  2.369168e-001  0.000000e+000  1.438987e-001
      vertex  2.466975e-001  2.500000e-001  1.116562e-001
      vertex  2.369168e-001  2.500000e-001  1.438987e-001
    endloop
  endfacet
  facet normal  8.819213e-001  0.000000e+000  4.713966e-001
    outer loop
      vertex  2.369168e-001  0.000000e+000  1.438987e-001
      vertex  2.369168e-001  2.500000e-001  1.438987e-001
      vertex  2.210338e-001  0.000000e+000  1.736136e-001
    endloop
  endfacet
  facet normal  8.819213e-001  -0.000000e+000  4.713966e-001
    outer loop
      vertex  2.210338e-001  0.000000e+000  1.736136e-001
      vertex  2.369168e-001  2.500000e-001  1.438987e-001
      vertex  2.210338e-001  2.500000e-001  1.736136e-001
    endloop
  endfacet
  facet normal  7.730103e-001  0.000000e+000  6.343935e-001
    outer loop
      vertex  2.210338e-001  0.000000e+000  1.736136e-001
      vertex  2.210338e-001  2.500000e-001  1.736136e-001
      vertex  1.996590e-001  0.000000e+000  1.996590e-001
    endloop
  endfacet
  facet normal  7.730103e-001  -0.000000e+000  6.343935e-001
    outer loop
      vertex  1.996590e-001  0.000000e+000  1.996590e-001
      vertex  2.210338e-001  2.500000e-001  1.736136e-001
      vertex  1.996590e-001  2.500000e-001  1.996590e-001
    endloop
  endfacet
  facet normal  6.343935e-001  0.000000e+000  7.730103e-001
    outer loop
      vertex  1.996590e-001  0.000000e+000  1.996590e-001
      vertex  1.996590e-001  2.500000e-001  1.996590e-001
      vertex  1.736136e-001  0.000000e+000  2.210338e-001
    endloop
  endfacet
  facet normal  6.343935e-001  -0.000000e+000  7.730103e-001
    outer loop
      vertex  1.736136e-001  0.000000e+000  2.210338e-001
      vertex  1.996590e-001  2.500000e-001  1.996590e-001
      vertex  1.736136e-001  2.500000e-001  2.210338e-001
    endloop
  endfacet
  facet normal  4.713966e-001  0.000000e+000  8.819213e-001
    outer loop
      vertex  1.736136e-001  0.000000e+000  2.210338e-001
      vertex  1.736136e-001  2.500000e-001  2.210338e-001
      vertex  1.438987e-001  0.000000e+000  2.369168e-001
    endloop
  endfacet
  facet normal  4.713966e-001  -0.000000e+000  8.819213e-001
    outer loop
      vertex  1.438987e-001  0.000000e+000  2.369168e-001
      vertex  1.736136e-001  2.500000e-001  2.210338e-001
      vertex  1.438987e-001  2.500000e-001  2.369168e-001
    endloop
  endfacet
  facet normal  2.902847e-001  0.000000e+000  9.569404e-001
    outer loop
      vertex  1.438987e-001  0.000000e+000  2.369168e-001
      vertex  1.438987e-001  2.500000e-001  2.369168e-001
      vertex  1.116562e-001  0.000000e+000  2.466975e-001
    endloop
  endfacet
  facet normal  2.902847e-001  -0.000000e+000  9.569404e-001
    outer loop
      vertex  1.116562e-001  0.000000e+000  2.466975e-001
      vertex  1.438987e-001  2.500000e-001  2.369168e-001
      vertex  1.116562e-001  2.500000e-001  2.466975e-001
    endloop
  endfacet
  facet normal  9.801712e-002  0.000000e+000  9.951847e-001
    outer loop
      vertex  1.116562e-001  0.000000e+000  2.466975e-001
      vertex  1.116562e-001  2.500000e-001  2.466975e-001
      vertex  7.812500e-002  0.000000e+000  2.500000e-001
    endloop
  endfacet
  facet normal  9.801712e-002  -0.000000e+000  9.951847e-001
    outer loop
      vertex  7.812500e-002  0.000000e+000  2.500000e-001
      vertex  1.116562e-001  2.500000e-001  2.466975e-001
      vertex  7.812500e-002  2.500000e-001  2.500000e-001
    endloop
  endfacet
  facet normal  0.000000e+000  0.000000e+000 -1.000000e+000
    outer loop
      vertex  0.000000e+000  0.000000e+000  0.000000e+000
      vertex  0.000000e+000  2.500000e-001  0.000000e+000
      vertex  2.500000e-001  0.000000e+000  0.000000e+000
    endloop
  endfacet
  facet normal  0.000000e+000  0.000000e+000 -1.000000e+000
    outer loop
      vertex  2.500000e-001  0.000000e+000  0.000000e+000
      vertex  0.000000e+000  2.500000e-001  0.000000e+000
      vertex  2.500000e-001  2.500000e-001  0.000000e+000
    endloop
  endfacet
  facet normal -1.000000e+000  0.000000e+000  0.000000e+000
    outer loop
      vertex  0.000000e+000  2.500000e-001  0.000000e+000
      vertex  0.000000e+000  0.000000e+000  0.000000e+000
      vertex  0.000000e+000  2.500000e-001  2.500000e-001
    endloop
  endfacet
  facet normal -1.000000e+000  -0.000000e+000  0.000000e+000
    outer loop
      vertex  0.000000e+000  2.500000e-001  2.500000e-001
      vertex  0.000000e+000  0.000000e+000  0.000000e+000
      vertex  0.000000e+000  0.000000e+000  2.500000e-001
    endloop
  endfacet
endsolid CATIA STL
