solid CATIA STL
  facet normal -1.110223e-016  1.000000e+000 -6.798155e-033
    outer loop
      vertex -6.796875e-001  0.000000e+000  0.000000e+000
      vertex -6.796875e-001  4.620621e-033  6.796875e-001
      vertex -7.812500e-003  7.459311e-017 -4.114048e-017
    endloop
  endfacet
  facet normal -1.110223e-016  1.000000e+000  0.000000e+000
    outer loop
      vertex -7.812500e-003  7.459311e-017 -4.114048e-017
      vertex -6.796875e-001  4.620621e-033  6.796875e-001
      vertex -7.812500e-003  7.459311e-017  6.796875e-001
    endloop
  endfacet
  facet normal  0.000000e+000  0.000000e+000  1.000000e+000
    outer loop
      vertex -6.796875e-001 -6.796875e-001  6.796875e-001
      vertex  1.526412e-016 -6.796875e-001  6.796875e-001
      vertex  4.248622e-017 -7.812500e-003  6.796875e-001
    endloop
  endfacet
  facet normal  0.000000e+000  0.000000e+000  9.999999e-001
    outer loop
      vertex -6.796875e-001 -6.796875e-001  6.796875e-001
      vertex  4.248622e-017 -7.812500e-003  6.796875e-001
      vertex -1.501150e-004 -6.288357e-003  6.796875e-001
    endloop
  endfacet
  facet normal  0.000000e+000  0.000000e+000  1.000000e+000
    outer loop
      vertex -6.796875e-001 -6.796875e-001  6.796875e-001
      vertex -1.501150e-004 -6.288357e-003  6.796875e-001
      vertex -5.946911e-004 -4.822786e-003  6.796875e-001
    endloop
  endfacet
  facet normal  0.000000e+000  0.000000e+000  1.000000e+000
    outer loop
      vertex -6.796875e-001 -6.796875e-001  6.796875e-001
      vertex -5.946911e-004 -4.822786e-003  6.796875e-001
      vertex -1.316644e-003 -3.472107e-003  6.796875e-001
    endloop
  endfacet
  facet normal  0.000000e+000  0.000000e+000  9.999999e-001
    outer loop
      vertex -6.796875e-001 -6.796875e-001  6.796875e-001
      vertex -1.316644e-003 -3.472107e-003  6.796875e-001
      vertex -2.288228e-003 -2.288228e-003  6.796875e-001
    endloop
  endfacet
  facet normal  0.000000e+000  0.000000e+000  9.999999e-001
    outer loop
      vertex -6.796875e-001 -6.796875e-001  6.796875e-001
      vertex -2.288228e-003 -2.288228e-003  6.796875e-001
      vertex -3.472107e-003 -1.316644e-003  6.796875e-001
    endloop
  endfacet
  facet normal  0.000000e+000  0.000000e+000  1.000000e+000
    outer loop
      vertex -6.796875e-001 -6.796875e-001  6.796875e-001
      vertex -3.472107e-003 -1.316644e-003  6.796875e-001
      vertex -4.822786e-003 -5.946911e-004  6.796875e-001
    endloop
  endfacet
  facet normal  0.000000e+000  0.000000e+000  1.000000e+000
    outer loop
      vertex -6.796875e-001 -6.796875e-001  6.796875e-001
      vertex -4.822786e-003 -5.946911e-004  6.796875e-001
      vertex -6.288357e-003 -1.501150e-004  6.796875e-001
    endloop
  endfacet
  facet normal  0.000000e+000  0.000000e+000  1.000000e+000
    outer loop
      vertex -6.796875e-001 -6.796875e-001  6.796875e-001
      vertex -6.288357e-003 -1.501150e-004  6.796875e-001
      vertex -7.812500e-003  7.459311e-017  6.796875e-001
    endloop
  endfacet
  facet normal  0.000000e+000  0.000000e+000  1.000000e+000
    outer loop
      vertex -6.796875e-001 -6.796875e-001  6.796875e-001
      vertex -7.812500e-003  7.459311e-017  6.796875e-001
      vertex -6.796875e-001  4.620621e-033  6.796875e-001
    endloop
  endfacet
  facet normal  1.000000e+000  1.639515e-016 -6.123234e-017
    outer loop
      vertex  8.673617e-019 -7.812500e-003 -4.161885e-017
      vertex  4.248622e-017 -7.812500e-003  6.796875e-001
      vertex  1.110223e-016 -6.796875e-001 -4.161885e-017
    endloop
  endfacet
  facet normal  1.000000e+000  1.639515e-016 -6.123234e-017
    outer loop
      vertex  1.110223e-016 -6.796875e-001 -4.161885e-017
      vertex  4.248622e-017 -7.812500e-003  6.796875e-001
      vertex  1.526412e-016 -6.796875e-001  6.796875e-001
    endloop
  endfacet
  facet normal -6.123234e-017 -2.780108e-021 -1.000000e+000
    outer loop
      vertex -3.472107e-003 -1.316644e-003 -4.140625e-017
      vertex -6.796875e-001  0.000000e+000  0.000000e+000
      vertex -7.812500e-003  7.459311e-017 -4.114048e-017
    endloop
  endfacet
  facet normal -6.123164e-017  3.517575e-022 -1.000000e+000
    outer loop
      vertex -3.472107e-003 -1.316644e-003 -4.140625e-017
      vertex -7.812500e-003  7.459311e-017 -4.114048e-017
      vertex -6.288357e-003 -1.501150e-004 -4.123381e-017
    endloop
  endfacet
  facet normal -6.123077e-017  2.439896e-021 -1.000000e+000
    outer loop
      vertex -3.472107e-003 -1.316644e-003 -4.140625e-017
      vertex -6.288357e-003 -1.501150e-004 -4.123381e-017
      vertex -4.822786e-003 -5.946911e-004 -4.132354e-017
    endloop
  endfacet
  facet normal -6.123234e-017  -0.000000e+000 -1.000000e+000
    outer loop
      vertex -6.796875e-001 -6.796875e-001  0.000000e+000
      vertex -6.796875e-001  0.000000e+000  0.000000e+000
      vertex -3.472107e-003 -1.316644e-003 -4.140625e-017
    endloop
  endfacet
  facet normal -6.123346e-017  1.123519e-021 -9.999999e-001
    outer loop
      vertex -6.796875e-001 -6.796875e-001  0.000000e+000
      vertex -3.472107e-003 -1.316644e-003 -4.140625e-017
      vertex -2.288228e-003 -2.288228e-003 -4.147874e-017
    endloop
  endfacet
  facet normal -6.123161e-017 -7.310567e-022 -9.999999e-001
    outer loop
      vertex -6.796875e-001 -6.796875e-001  0.000000e+000
      vertex -2.288228e-003 -2.288228e-003 -4.147874e-017
      vertex -1.316644e-003 -3.472107e-003 -4.153823e-017
    endloop
  endfacet
  facet normal -6.123282e-017  4.816008e-022 -1.000000e+000
    outer loop
      vertex -6.796875e-001 -6.796875e-001  0.000000e+000
      vertex -1.316644e-003 -3.472107e-003 -4.153823e-017
      vertex -5.946911e-004 -4.822786e-003 -4.158244e-017
    endloop
  endfacet
  facet normal -6.123152e-017 -8.271407e-022 -1.000000e+000
    outer loop
      vertex -6.796875e-001 -6.796875e-001  0.000000e+000
      vertex -5.946911e-004 -4.822786e-003 -4.158244e-017
      vertex -1.501150e-004 -6.288357e-003 -4.160966e-017
    endloop
  endfacet
  facet normal -6.123218e-017 -1.564154e-022 -1.000000e+000
    outer loop
      vertex -6.796875e-001 -6.796875e-001  0.000000e+000
      vertex -1.501150e-004 -6.288357e-003 -4.160966e-017
      vertex  8.673617e-019 -7.812500e-003 -4.161885e-017
    endloop
  endfacet
  facet normal -6.123234e-017 -1.003914e-032 -1.000000e+000
    outer loop
      vertex -6.796875e-001 -6.796875e-001  0.000000e+000
      vertex  8.673617e-019 -7.812500e-003 -4.161885e-017
      vertex  1.110223e-016 -6.796875e-001 -4.161885e-017
    endloop
  endfacet
  facet normal  9.801716e-002  9.951847e-001  0.000000e+000
    outer loop
      vertex -7.812500e-003  7.459311e-017 -4.114048e-017
      vertex -7.812500e-003  7.459311e-017  6.796875e-001
      vertex -6.288357e-003 -1.501150e-004 -4.123381e-017
    endloop
  endfacet
  facet normal  9.801716e-002  9.951847e-001  -0.000000e+000
    outer loop
      vertex -6.288357e-003 -1.501150e-004 -4.123381e-017
      vertex -7.812500e-003  7.459311e-017  6.796875e-001
      vertex -6.288357e-003 -1.501150e-004  6.796875e-001
    endloop
  endfacet
  facet normal  2.902846e-001  9.569403e-001  0.000000e+000
    outer loop
      vertex -6.288357e-003 -1.501150e-004 -4.123381e-017
      vertex -6.288357e-003 -1.501150e-004  6.796875e-001
      vertex -4.822786e-003 -5.946911e-004 -4.132354e-017
    endloop
  endfacet
  facet normal  2.902846e-001  9.569403e-001  -0.000000e+000
    outer loop
      vertex -4.822786e-003 -5.946911e-004 -4.132354e-017
      vertex -6.288357e-003 -1.501150e-004  6.796875e-001
      vertex -4.822786e-003 -5.946911e-004  6.796875e-001
    endloop
  endfacet
  facet normal  4.713968e-001  8.819213e-001  0.000000e+000
    outer loop
      vertex -4.822786e-003 -5.946911e-004 -4.132354e-017
      vertex -4.822786e-003 -5.946911e-004  6.796875e-001
      vertex -3.472107e-003 -1.316644e-003 -4.140625e-017
    endloop
  endfacet
  facet normal  4.713968e-001  8.819213e-001  -0.000000e+000
    outer loop
      vertex -3.472107e-003 -1.316644e-003 -4.140625e-017
      vertex -4.822786e-003 -5.946911e-004  6.796875e-001
      vertex -3.472107e-003 -1.316644e-003  6.796875e-001
    endloop
  endfacet
  facet normal  6.343934e-001  7.730104e-001  0.000000e+000
    outer loop
      vertex -3.472107e-003 -1.316644e-003 -4.140625e-017
      vertex -3.472107e-003 -1.316644e-003  6.796875e-001
      vertex -2.288228e-003 -2.288228e-003 -4.147874e-017
    endloop
  endfacet
  facet normal  6.343934e-001  7.730104e-001  -0.000000e+000
    outer loop
      vertex -2.288228e-003 -2.288228e-003 -4.147874e-017
      vertex -3.472107e-003 -1.316644e-003  6.796875e-001
      vertex -2.288228e-003 -2.288228e-003  6.796875e-001
    endloop
  endfacet
  facet normal  7.730104e-001  6.343934e-001  0.000000e+000
    outer loop
      vertex -2.288228e-003 -2.288228e-003 -4.147874e-017
      vertex -2.288228e-003 -2.288228e-003  6.796875e-001
      vertex -1.316644e-003 -3.472107e-003 -4.153823e-017
    endloop
  endfacet
  facet normal  7.730104e-001  6.343934e-001  -0.000000e+000
    outer loop
      vertex -1.316644e-003 -3.472107e-003 -4.153823e-017
      vertex -2.288228e-003 -2.288228e-003  6.796875e-001
      vertex -1.316644e-003 -3.472107e-003  6.796875e-001
    endloop
  endfacet
  facet normal  8.819213e-001  4.713968e-001  0.000000e+000
    outer loop
      vertex -1.316644e-003 -3.472107e-003 -4.153823e-017
      vertex -1.316644e-003 -3.472107e-003  6.796875e-001
      vertex -5.946911e-004 -4.822786e-003 -4.158244e-017
    endloop
  endfacet
  facet normal  8.819213e-001  4.713968e-001  -0.000000e+000
    outer loop
      vertex -5.946911e-004 -4.822786e-003 -4.158244e-017
      vertex -1.316644e-003 -3.472107e-003  6.796875e-001
      vertex -5.946911e-004 -4.822786e-003  6.796875e-001
    endloop
  endfacet
  facet normal  9.569403e-001  2.902846e-001  0.000000e+000
    outer loop
      vertex -5.946911e-004 -4.822786e-003 -4.158244e-017
      vertex -5.946911e-004 -4.822786e-003  6.796875e-001
      vertex -1.501150e-004 -6.288357e-003 -4.160966e-017
    endloop
  endfacet
  facet normal  9.569403e-001  2.902846e-001  -0.000000e+000
    outer loop
      vertex -1.501150e-004 -6.288357e-003 -4.160966e-017
      vertex -5.946911e-004 -4.822786e-003  6.796875e-001
      vertex -1.501150e-004 -6.288357e-003  6.796875e-001
    endloop
  endfacet
  facet normal  9.951847e-001  9.801716e-002  0.000000e+000
    outer loop
      vertex -1.501150e-004 -6.288357e-003 -4.160966e-017
      vertex -1.501150e-004 -6.288357e-003  6.796875e-001
      vertex  8.673617e-019 -7.812500e-003 -4.161885e-017
    endloop
  endfacet
  facet normal  9.951847e-001  9.801716e-002 -6.093749e-017
    outer loop
      vertex  8.673617e-019 -7.812500e-003 -4.161885e-017
      vertex -1.501150e-004 -6.288357e-003  6.796875e-001
      vertex  4.248622e-017 -7.812500e-003  6.796875e-001
    endloop
  endfacet
  facet normal  0.000000e+000 -9.999999e-001  0.000000e+000
    outer loop
      vertex -6.796875e-001 -6.796875e-001  0.000000e+000
      vertex  1.110223e-016 -6.796875e-001 -4.161885e-017
      vertex -6.796875e-001 -6.796875e-001  6.796875e-001
    endloop
  endfacet
  facet normal  0.000000e+000 -9.999999e-001  0.000000e+000
    outer loop
      vertex -6.796875e-001 -6.796875e-001  6.796875e-001
      vertex  1.110223e-016 -6.796875e-001 -4.161885e-017
      vertex  1.526412e-016 -6.796875e-001  6.796875e-001
    endloop
  endfacet
  facet normal -9.999999e-001  0.000000e+000  0.000000e+000
    outer loop
      vertex -6.796875e-001  4.620621e-033  6.796875e-001
      vertex -6.796875e-001  0.000000e+000  0.000000e+000
      vertex -6.796875e-001 -6.796875e-001  6.796875e-001
    endloop
  endfacet
  facet normal -9.999999e-001  0.000000e+000  0.000000e+000
    outer loop
      vertex -6.796875e-001 -6.796875e-001  6.796875e-001
      vertex -6.796875e-001  0.000000e+000  0.000000e+000
      vertex -6.796875e-001 -6.796875e-001  0.000000e+000
    endloop
  endfacet
endsolid CATIA STL
