solid CATIA STL
  facet normal -1.110223e-016  1.000000e+000 -6.071532e-017
    outer loop
      vertex -7.500000e-001  0.000000e+000 -1.562500e-002
      vertex -7.500000e-001  9.586629e-019  1.644737e-004
      vertex -7.812500e-003  8.239937e-017 -1.562500e-002
    endloop
  endfacet
  facet normal -1.110223e-016  1.000000e+000 -6.071530e-017
    outer loop
      vertex -7.812500e-003  8.239937e-017 -1.562500e-002
      vertex -7.500000e-001  9.586629e-019  1.644737e-004
      vertex -7.812500e-003  8.335803e-017  1.644737e-004
    endloop
  endfacet
  facet normal  0.000000e+000  0.000000e+000  1.000000e+000
    outer loop
      vertex -7.812500e-003  8.335803e-017  1.644737e-004
      vertex -3.472107e-003 -1.316644e-003  1.644737e-004
      vertex -6.288357e-003 -1.501150e-004  1.644737e-004
    endloop
  endfacet
  facet normal  0.000000e+000  0.000000e+000  1.000000e+000
    outer loop
      vertex -3.472107e-003 -1.316644e-003  1.644737e-004
      vertex -4.822786e-003 -5.946911e-004  1.644737e-004
      vertex -6.288357e-003 -1.501150e-004  1.644737e-004
    endloop
  endfacet
  facet normal  0.000000e+000  0.000000e+000  1.000000e+000
    outer loop
      vertex  1.834188e-018 -7.812500e-003  1.644737e-004
      vertex -1.501150e-004 -6.288357e-003  1.644737e-004
      vertex -1.316644e-003 -3.472107e-003  1.644737e-004
    endloop
  endfacet
  facet normal  0.000000e+000  0.000000e+000  1.000000e+000
    outer loop
      vertex -1.316644e-003 -3.472107e-003  1.644737e-004
      vertex -1.501150e-004 -6.288357e-003  1.644737e-004
      vertex -5.946911e-004 -4.822786e-003  1.644737e-004
    endloop
  endfacet
  facet normal  0.000000e+000  0.000000e+000  9.999999e-001
    outer loop
      vertex -7.500000e-001 -7.812500e-003  1.644737e-004
      vertex  1.834188e-018 -7.812500e-003  1.644737e-004
      vertex -1.316644e-003 -3.472107e-003  1.644737e-004
    endloop
  endfacet
  facet normal  0.000000e+000  0.000000e+000  1.000000e+000
    outer loop
      vertex -7.500000e-001 -7.812500e-003  1.644737e-004
      vertex -1.316644e-003 -3.472107e-003  1.644737e-004
      vertex -2.288228e-003 -2.288228e-003  1.644737e-004
    endloop
  endfacet
  facet normal  0.000000e+000  0.000000e+000  1.000000e+000
    outer loop
      vertex -7.500000e-001 -7.812500e-003  1.644737e-004
      vertex -2.288228e-003 -2.288228e-003  1.644737e-004
      vertex -3.472107e-003 -1.316644e-003  1.644737e-004
    endloop
  endfacet
  facet normal  0.000000e+000  0.000000e+000  1.000000e+000
    outer loop
      vertex -7.500000e-001 -7.812500e-003  1.644737e-004
      vertex -3.472107e-003 -1.316644e-003  1.644737e-004
      vertex -7.812500e-003  8.335803e-017  1.644737e-004
    endloop
  endfacet
  facet normal  0.000000e+000  0.000000e+000  1.000000e+000
    outer loop
      vertex -7.500000e-001 -7.812500e-003  1.644737e-004
      vertex -7.812500e-003  8.335803e-017  1.644737e-004
      vertex -7.500000e-001  9.586629e-019  1.644737e-004
    endloop
  endfacet
  facet normal  0.000000e+000  0.000000e+000 -1.000000e+000
    outer loop
      vertex -7.500000e-001 -7.812500e-003 -1.562500e-002
      vertex -7.500000e-001  0.000000e+000 -1.562500e-002
      vertex -7.812500e-003  8.239937e-017 -1.562500e-002
    endloop
  endfacet
  facet normal  0.000000e+000  -0.000000e+000 -1.000000e+000
    outer loop
      vertex -7.500000e-001 -7.812500e-003 -1.562500e-002
      vertex -7.812500e-003  8.239937e-017 -1.562500e-002
      vertex -6.288357e-003 -1.501150e-004 -1.562500e-002
    endloop
  endfacet
  facet normal  0.000000e+000  -0.000000e+000 -1.000000e+000
    outer loop
      vertex -7.500000e-001 -7.812500e-003 -1.562500e-002
      vertex -6.288357e-003 -1.501150e-004 -1.562500e-002
      vertex -4.822786e-003 -5.946911e-004 -1.562500e-002
    endloop
  endfacet
  facet normal  0.000000e+000  -0.000000e+000 -1.000000e+000
    outer loop
      vertex -7.500000e-001 -7.812500e-003 -1.562500e-002
      vertex -4.822786e-003 -5.946911e-004 -1.562500e-002
      vertex -3.472107e-003 -1.316644e-003 -1.562500e-002
    endloop
  endfacet
  facet normal  0.000000e+000  -0.000000e+000 -1.000000e+000
    outer loop
      vertex -7.500000e-001 -7.812500e-003 -1.562500e-002
      vertex -3.472107e-003 -1.316644e-003 -1.562500e-002
      vertex -2.288228e-003 -2.288228e-003 -1.562500e-002
    endloop
  endfacet
  facet normal  0.000000e+000  -0.000000e+000 -1.000000e+000
    outer loop
      vertex -7.500000e-001 -7.812500e-003 -1.562500e-002
      vertex -2.288228e-003 -2.288228e-003 -1.562500e-002
      vertex -1.316644e-003 -3.472107e-003 -1.562500e-002
    endloop
  endfacet
  facet normal  0.000000e+000  -0.000000e+000 -1.000000e+000
    outer loop
      vertex -7.500000e-001 -7.812500e-003 -1.562500e-002
      vertex -1.316644e-003 -3.472107e-003 -1.562500e-002
      vertex -5.946911e-004 -4.822786e-003 -1.562500e-002
    endloop
  endfacet
  facet normal  0.000000e+000  -0.000000e+000 -1.000000e+000
    outer loop
      vertex -7.500000e-001 -7.812500e-003 -1.562500e-002
      vertex -5.946911e-004 -4.822786e-003 -1.562500e-002
      vertex -1.501150e-004 -6.288357e-003 -1.562500e-002
    endloop
  endfacet
  facet normal  0.000000e+000  -0.000000e+000 -1.000000e+000
    outer loop
      vertex -7.500000e-001 -7.812500e-003 -1.562500e-002
      vertex -1.501150e-004 -6.288357e-003 -1.562500e-002
      vertex  0.000000e+000 -7.812500e-003 -1.562500e-002
    endloop
  endfacet
  facet normal  0.000000e+000 -1.000000e+000  0.000000e+000
    outer loop
      vertex -7.500000e-001 -7.812500e-003 -1.562500e-002
      vertex  0.000000e+000 -7.812500e-003 -1.562500e-002
      vertex -7.500000e-001 -7.812500e-003  1.644737e-004
    endloop
  endfacet
  facet normal  0.000000e+000 -1.000000e+000  0.000000e+000
    outer loop
      vertex -7.500000e-001 -7.812500e-003  1.644737e-004
      vertex  0.000000e+000 -7.812500e-003 -1.562500e-002
      vertex  1.834188e-018 -7.812500e-003  1.644737e-004
    endloop
  endfacet
  facet normal  9.801716e-002  9.951848e-001 -6.042294e-017
    outer loop
      vertex -7.812500e-003  8.239937e-017 -1.562500e-002
      vertex -7.812500e-003  8.335803e-017  1.644737e-004
      vertex -6.288357e-003 -1.501150e-004 -1.562500e-002
    endloop
  endfacet
  facet normal  9.801716e-002  9.951848e-001  -0.000000e+000
    outer loop
      vertex -6.288357e-003 -1.501150e-004 -1.562500e-002
      vertex -7.812500e-003  8.335803e-017  1.644737e-004
      vertex -6.288357e-003 -1.501150e-004  1.644737e-004
    endloop
  endfacet
  facet normal  2.902846e-001  9.569404e-001  0.000000e+000
    outer loop
      vertex -6.288357e-003 -1.501150e-004 -1.562500e-002
      vertex -6.288357e-003 -1.501150e-004  1.644737e-004
      vertex -4.822786e-003 -5.946911e-004 -1.562500e-002
    endloop
  endfacet
  facet normal  2.902846e-001  9.569404e-001  -0.000000e+000
    outer loop
      vertex -4.822786e-003 -5.946911e-004 -1.562500e-002
      vertex -6.288357e-003 -1.501150e-004  1.644737e-004
      vertex -4.822786e-003 -5.946911e-004  1.644737e-004
    endloop
  endfacet
  facet normal  4.713968e-001  8.819214e-001  0.000000e+000
    outer loop
      vertex -4.822786e-003 -5.946911e-004 -1.562500e-002
      vertex -4.822786e-003 -5.946911e-004  1.644737e-004
      vertex -3.472107e-003 -1.316644e-003 -1.562500e-002
    endloop
  endfacet
  facet normal  4.713968e-001  8.819214e-001  -0.000000e+000
    outer loop
      vertex -3.472107e-003 -1.316644e-003 -1.562500e-002
      vertex -4.822786e-003 -5.946911e-004  1.644737e-004
      vertex -3.472107e-003 -1.316644e-003  1.644737e-004
    endloop
  endfacet
  facet normal  6.343934e-001  7.730104e-001  0.000000e+000
    outer loop
      vertex -3.472107e-003 -1.316644e-003 -1.562500e-002
      vertex -3.472107e-003 -1.316644e-003  1.644737e-004
      vertex -2.288228e-003 -2.288228e-003 -1.562500e-002
    endloop
  endfacet
  facet normal  6.343934e-001  7.730104e-001  -0.000000e+000
    outer loop
      vertex -2.288228e-003 -2.288228e-003 -1.562500e-002
      vertex -3.472107e-003 -1.316644e-003  1.644737e-004
      vertex -2.288228e-003 -2.288228e-003  1.644737e-004
    endloop
  endfacet
  facet normal  7.730104e-001  6.343934e-001  0.000000e+000
    outer loop
      vertex -2.288228e-003 -2.288228e-003 -1.562500e-002
      vertex -2.288228e-003 -2.288228e-003  1.644737e-004
      vertex -1.316644e-003 -3.472107e-003 -1.562500e-002
    endloop
  endfacet
  facet normal  7.730104e-001  6.343934e-001  -0.000000e+000
    outer loop
      vertex -1.316644e-003 -3.472107e-003 -1.562500e-002
      vertex -2.288228e-003 -2.288228e-003  1.644737e-004
      vertex -1.316644e-003 -3.472107e-003  1.644737e-004
    endloop
  endfacet
  facet normal  8.819214e-001  4.713968e-001  0.000000e+000
    outer loop
      vertex -1.316644e-003 -3.472107e-003 -1.562500e-002
      vertex -1.316644e-003 -3.472107e-003  1.644737e-004
      vertex -5.946911e-004 -4.822786e-003 -1.562500e-002
    endloop
  endfacet
  facet normal  8.819214e-001  4.713968e-001  -0.000000e+000
    outer loop
      vertex -5.946911e-004 -4.822786e-003 -1.562500e-002
      vertex -1.316644e-003 -3.472107e-003  1.644737e-004
      vertex -5.946911e-004 -4.822786e-003  1.644737e-004
    endloop
  endfacet
  facet normal  9.569404e-001  2.902846e-001  0.000000e+000
    outer loop
      vertex -5.946911e-004 -4.822786e-003 -1.562500e-002
      vertex -5.946911e-004 -4.822786e-003  1.644737e-004
      vertex -1.501150e-004 -6.288357e-003 -1.562500e-002
    endloop
  endfacet
  facet normal  9.569404e-001  2.902846e-001  -0.000000e+000
    outer loop
      vertex -1.501150e-004 -6.288357e-003 -1.562500e-002
      vertex -5.946911e-004 -4.822786e-003  1.644737e-004
      vertex -1.501150e-004 -6.288357e-003  1.644737e-004
    endloop
  endfacet
  facet normal  9.951848e-001  9.801716e-002  0.000000e+000
    outer loop
      vertex -1.501150e-004 -6.288357e-003 -1.562500e-002
      vertex -1.501150e-004 -6.288357e-003  1.644737e-004
      vertex  0.000000e+000 -7.812500e-003 -1.562500e-002
    endloop
  endfacet
  facet normal  9.951848e-001  9.801716e-002 -1.156059e-016
    outer loop
      vertex  0.000000e+000 -7.812500e-003 -1.562500e-002
      vertex -1.501150e-004 -6.288357e-003  1.644737e-004
      vertex  1.834188e-018 -7.812500e-003  1.644737e-004
    endloop
  endfacet
  facet normal -1.000000e+000  -0.000000e+000  0.000000e+000
    outer loop
      vertex -7.500000e-001 -7.812500e-003  1.644737e-004
      vertex -7.500000e-001  9.586629e-019  1.644737e-004
      vertex -7.500000e-001 -7.812500e-003 -1.562500e-002
    endloop
  endfacet
  facet normal -1.000000e+000  0.000000e+000  0.000000e+000
    outer loop
      vertex -7.500000e-001 -7.812500e-003 -1.562500e-002
      vertex -7.500000e-001  9.586629e-019  1.644737e-004
      vertex -7.500000e-001  0.000000e+000 -1.562500e-002
    endloop
  endfacet
endsolid CATIA STL
