solid CATIA STL
  facet normal  0.000000e+000 -9.999999e-001  0.000000e+000
    outer loop
      vertex -5.592105e-003 -7.500000e-001  5.690790e-002
      vertex  1.832561e-002 -7.500000e-001  5.215036e-002
      vertex  6.601040e-003 -7.500000e-001  5.570697e-002
    endloop
  endfacet
  facet normal  0.000000e+000 -1.000000e+000  0.000000e+000
    outer loop
      vertex -6.472039e-002 -7.500000e-001  5.690790e-002
      vertex -6.472039e-002 -7.500000e-001 -6.472039e-002
      vertex  5.690790e-002 -7.500000e-001 -6.472039e-002
    endloop
  endfacet
  facet normal  0.000000e+000 -1.000000e+000  0.000000e+000
    outer loop
      vertex -6.472039e-002 -7.500000e-001  5.690790e-002
      vertex  5.690790e-002 -7.500000e-001 -6.472039e-002
      vertex  5.690790e-002 -7.500000e-001 -5.592105e-003
    endloop
  endfacet
  facet normal  0.000000e+000 -1.000000e+000  0.000000e+000
    outer loop
      vertex -6.472039e-002 -7.500000e-001  5.690790e-002
      vertex  5.690790e-002 -7.500000e-001 -5.592105e-003
      vertex  5.570697e-002 -7.500000e-001  6.601040e-003
    endloop
  endfacet
  facet normal  0.000000e+000 -1.000000e+000  0.000000e+000
    outer loop
      vertex -6.472039e-002 -7.500000e-001  5.690790e-002
      vertex  5.570697e-002 -7.500000e-001  6.601040e-003
      vertex  5.215036e-002 -7.500000e-001  1.832561e-002
    endloop
  endfacet
  facet normal  0.000000e+000 -1.000000e+000  0.000000e+000
    outer loop
      vertex -6.472039e-002 -7.500000e-001  5.690790e-002
      vertex  5.215036e-002 -7.500000e-001  1.832561e-002
      vertex  4.637475e-002 -7.500000e-001  2.913103e-002
    endloop
  endfacet
  facet normal  0.000000e+000 -9.999999e-001  0.000000e+000
    outer loop
      vertex -6.472039e-002 -7.500000e-001  5.690790e-002
      vertex  4.637475e-002 -7.500000e-001  2.913103e-002
      vertex  3.860207e-002 -7.500000e-001  3.860207e-002
    endloop
  endfacet
  facet normal  0.000000e+000 -1.000000e+000  0.000000e+000
    outer loop
      vertex -6.472039e-002 -7.500000e-001  5.690790e-002
      vertex  3.860207e-002 -7.500000e-001  3.860207e-002
      vertex  2.913103e-002 -7.500000e-001  4.637475e-002
    endloop
  endfacet
  facet normal  0.000000e+000 -1.000000e+000  0.000000e+000
    outer loop
      vertex -6.472039e-002 -7.500000e-001  5.690790e-002
      vertex  2.913103e-002 -7.500000e-001  4.637475e-002
      vertex  1.832561e-002 -7.500000e-001  5.215036e-002
    endloop
  endfacet
  facet normal  0.000000e+000 -1.000000e+000  0.000000e+000
    outer loop
      vertex -6.472039e-002 -7.500000e-001  5.690790e-002
      vertex  1.832561e-002 -7.500000e-001  5.215036e-002
      vertex -5.592105e-003 -7.500000e-001  5.690790e-002
    endloop
  endfacet
  facet normal -5.551117e-017  9.999999e-001 -5.551114e-017
    outer loop
      vertex  6.601040e-003  1.126505e-017  5.570697e-002
      vertex  1.832561e-002  1.171846e-017  5.215036e-002
      vertex -5.592105e-003  1.065485e-017  5.690790e-002
    endloop
  endfacet
  facet normal -5.551114e-017  1.000000e+000 -5.551100e-017
    outer loop
      vertex -6.472039e-002  7.372575e-018  5.690790e-002
      vertex -5.592105e-003  1.065485e-017  5.690790e-002
      vertex  1.832561e-002  1.171846e-017  5.215036e-002
    endloop
  endfacet
  facet normal -5.551116e-017  1.000000e+000 -5.551124e-017
    outer loop
      vertex -6.472039e-002  7.372575e-018  5.690790e-002
      vertex  1.832561e-002  1.171846e-017  5.215036e-002
      vertex  2.913103e-002  1.199767e-017  4.637475e-002
    endloop
  endfacet
  facet normal -5.551115e-017  1.000000e+000 -5.551113e-017
    outer loop
      vertex -6.472039e-002  7.372575e-018  5.690790e-002
      vertex  2.913103e-002  1.199767e-017  4.637475e-002
      vertex  3.860207e-002  1.209195e-017  3.860207e-002
    endloop
  endfacet
  facet normal -5.551115e-017  9.999999e-001 -5.551116e-017
    outer loop
      vertex -6.472039e-002  7.372575e-018  5.690790e-002
      vertex  3.860207e-002  1.209195e-017  3.860207e-002
      vertex  4.637475e-002  1.199767e-017  2.913103e-002
    endloop
  endfacet
  facet normal -5.551114e-017  1.000000e+000 -5.551111e-017
    outer loop
      vertex -6.472039e-002  7.372575e-018  5.690790e-002
      vertex  4.637475e-002  1.199767e-017  2.913103e-002
      vertex  5.215036e-002  1.171846e-017  1.832561e-002
    endloop
  endfacet
  facet normal -5.551116e-017  1.000000e+000 -5.551118e-017
    outer loop
      vertex -6.472039e-002  7.372575e-018  5.690790e-002
      vertex  5.215036e-002  1.171846e-017  1.832561e-002
      vertex  5.570697e-002  1.126505e-017  6.601040e-003
    endloop
  endfacet
  facet normal -5.551116e-017  1.000000e+000 -5.551118e-017
    outer loop
      vertex -6.472039e-002  7.372575e-018  5.690790e-002
      vertex  5.570697e-002  1.126505e-017  6.601040e-003
      vertex  5.690790e-002  1.065485e-017 -5.592105e-003
    endloop
  endfacet
  facet normal -5.551115e-017  1.000000e+000 -5.551115e-017
    outer loop
      vertex -6.472039e-002  7.372575e-018  5.690790e-002
      vertex  5.690790e-002  1.065485e-017 -5.592105e-003
      vertex  5.690790e-002  7.372575e-018 -6.472039e-002
    endloop
  endfacet
  facet normal -5.551116e-017  1.000000e+000 -5.551116e-017
    outer loop
      vertex -6.472039e-002  7.372575e-018  5.690790e-002
      vertex  5.690790e-002  7.372575e-018 -6.472039e-002
      vertex -6.472039e-002  6.208484e-019 -6.472039e-002
    endloop
  endfacet
  facet normal  -0.000000e+000  0.000000e+000  1.000000e+000
    outer loop
      vertex -5.592105e-003  1.065485e-017  5.690790e-002
      vertex -6.472039e-002  7.372575e-018  5.690790e-002
      vertex -5.592105e-003 -7.500000e-001  5.690790e-002
    endloop
  endfacet
  facet normal  0.000000e+000  0.000000e+000  1.000000e+000
    outer loop
      vertex -5.592105e-003 -7.500000e-001  5.690790e-002
      vertex -6.472039e-002  7.372575e-018  5.690790e-002
      vertex -6.472039e-002 -7.500000e-001  5.690790e-002
    endloop
  endfacet
  facet normal  1.000000e+000  0.000000e+000  0.000000e+000
    outer loop
      vertex  5.690790e-002  7.372575e-018 -6.472039e-002
      vertex  5.690790e-002  1.065485e-017 -5.592105e-003
      vertex  5.690790e-002 -7.500000e-001 -6.472039e-002
    endloop
  endfacet
  facet normal  1.000000e+000  0.000000e+000  0.000000e+000
    outer loop
      vertex  5.690790e-002 -7.500000e-001 -6.472039e-002
      vertex  5.690790e-002  1.065485e-017 -5.592105e-003
      vertex  5.690790e-002 -7.500000e-001 -5.592105e-003
    endloop
  endfacet
  facet normal  9.801729e-002  -0.000000e+000  9.951848e-001
    outer loop
      vertex -5.592105e-003  1.065485e-017  5.690790e-002
      vertex -5.592105e-003 -7.500000e-001  5.690790e-002
      vertex  6.601040e-003  1.126505e-017  5.570697e-002
    endloop
  endfacet
  facet normal  9.801729e-002  0.000000e+000  9.951848e-001
    outer loop
      vertex  6.601040e-003  1.126505e-017  5.570697e-002
      vertex -5.592105e-003 -7.500000e-001  5.690790e-002
      vertex  6.601040e-003 -7.500000e-001  5.570697e-002
    endloop
  endfacet
  facet normal  2.902846e-001  -0.000000e+000  9.569404e-001
    outer loop
      vertex  6.601040e-003  1.126505e-017  5.570697e-002
      vertex  6.601040e-003 -7.500000e-001  5.570697e-002
      vertex  1.832561e-002  1.171846e-017  5.215036e-002
    endloop
  endfacet
  facet normal  2.902846e-001  0.000000e+000  9.569404e-001
    outer loop
      vertex  1.832561e-002  1.171846e-017  5.215036e-002
      vertex  6.601040e-003 -7.500000e-001  5.570697e-002
      vertex  1.832561e-002 -7.500000e-001  5.215036e-002
    endloop
  endfacet
  facet normal  4.713967e-001  -0.000000e+000  8.819212e-001
    outer loop
      vertex  1.832561e-002  1.171846e-017  5.215036e-002
      vertex  1.832561e-002 -7.500000e-001  5.215036e-002
      vertex  2.913103e-002  1.199767e-017  4.637475e-002
    endloop
  endfacet
  facet normal  4.713967e-001  0.000000e+000  8.819212e-001
    outer loop
      vertex  2.913103e-002  1.199767e-017  4.637475e-002
      vertex  1.832561e-002 -7.500000e-001  5.215036e-002
      vertex  2.913103e-002 -7.500000e-001  4.637475e-002
    endloop
  endfacet
  facet normal  6.343933e-001  -0.000000e+000  7.730105e-001
    outer loop
      vertex  2.913103e-002  1.199767e-017  4.637475e-002
      vertex  2.913103e-002 -7.500000e-001  4.637475e-002
      vertex  3.860207e-002  1.209195e-017  3.860207e-002
    endloop
  endfacet
  facet normal  6.343933e-001  0.000000e+000  7.730105e-001
    outer loop
      vertex  3.860207e-002  1.209195e-017  3.860207e-002
      vertex  2.913103e-002 -7.500000e-001  4.637475e-002
      vertex  3.860207e-002 -7.500000e-001  3.860207e-002
    endloop
  endfacet
  facet normal  7.730105e-001  -0.000000e+000  6.343933e-001
    outer loop
      vertex  3.860207e-002  1.209195e-017  3.860207e-002
      vertex  3.860207e-002 -7.500000e-001  3.860207e-002
      vertex  4.637475e-002  1.199767e-017  2.913103e-002
    endloop
  endfacet
  facet normal  7.730105e-001  0.000000e+000  6.343933e-001
    outer loop
      vertex  4.637475e-002  1.199767e-017  2.913103e-002
      vertex  3.860207e-002 -7.500000e-001  3.860207e-002
      vertex  4.637475e-002 -7.500000e-001  2.913103e-002
    endloop
  endfacet
  facet normal  8.819212e-001  -0.000000e+000  4.713967e-001
    outer loop
      vertex  4.637475e-002  1.199767e-017  2.913103e-002
      vertex  4.637475e-002 -7.500000e-001  2.913103e-002
      vertex  5.215036e-002  1.171846e-017  1.832561e-002
    endloop
  endfacet
  facet normal  8.819212e-001  0.000000e+000  4.713967e-001
    outer loop
      vertex  5.215036e-002  1.171846e-017  1.832561e-002
      vertex  4.637475e-002 -7.500000e-001  2.913103e-002
      vertex  5.215036e-002 -7.500000e-001  1.832561e-002
    endloop
  endfacet
  facet normal  9.569404e-001  -0.000000e+000  2.902846e-001
    outer loop
      vertex  5.215036e-002  1.171846e-017  1.832561e-002
      vertex  5.215036e-002 -7.500000e-001  1.832561e-002
      vertex  5.570697e-002  1.126505e-017  6.601040e-003
    endloop
  endfacet
  facet normal  9.569404e-001  0.000000e+000  2.902846e-001
    outer loop
      vertex  5.570697e-002  1.126505e-017  6.601040e-003
      vertex  5.215036e-002 -7.500000e-001  1.832561e-002
      vertex  5.570697e-002 -7.500000e-001  6.601040e-003
    endloop
  endfacet
  facet normal  9.951848e-001  -0.000000e+000  9.801729e-002
    outer loop
      vertex  5.570697e-002  1.126505e-017  6.601040e-003
      vertex  5.570697e-002 -7.500000e-001  6.601040e-003
      vertex  5.690790e-002  1.065485e-017 -5.592105e-003
    endloop
  endfacet
  facet normal  9.951848e-001  0.000000e+000  9.801729e-002
    outer loop
      vertex  5.690790e-002  1.065485e-017 -5.592105e-003
      vertex  5.570697e-002 -7.500000e-001  6.601040e-003
      vertex  5.690790e-002 -7.500000e-001 -5.592105e-003
    endloop
  endfacet
  facet normal -1.000000e+000  0.000000e+000  0.000000e+000
    outer loop
      vertex -6.472039e-002  7.372575e-018  5.690790e-002
      vertex -6.472039e-002  6.208484e-019 -6.472039e-002
      vertex -6.472039e-002 -7.500000e-001  5.690790e-002
    endloop
  endfacet
  facet normal -1.000000e+000  0.000000e+000  0.000000e+000
    outer loop
      vertex -6.472039e-002 -7.500000e-001  5.690790e-002
      vertex -6.472039e-002  6.208484e-019 -6.472039e-002
      vertex -6.472039e-002 -7.500000e-001 -6.472039e-002
    endloop
  endfacet
  facet normal  0.000000e+000  0.000000e+000 -1.000000e+000
    outer loop
      vertex -6.472039e-002  6.208484e-019 -6.472039e-002
      vertex  5.690790e-002  7.372575e-018 -6.472039e-002
      vertex -6.472039e-002 -7.500000e-001 -6.472039e-002
    endloop
  endfacet
  facet normal  0.000000e+000  0.000000e+000 -1.000000e+000
    outer loop
      vertex -6.472039e-002 -7.500000e-001 -6.472039e-002
      vertex  5.690790e-002  7.372575e-018 -6.472039e-002
      vertex  5.690790e-002 -7.500000e-001 -6.472039e-002
    endloop
  endfacet
endsolid CATIA STL
