solid CATIA STL
  facet normal  -0.000000e+000  0.000000e+000  1.000000e+000
    outer loop
      vertex  1.702303e-001  7.500000e-001  7.812500e-003
      vertex  1.562500e-002  7.500000e-001  7.812500e-003
      vertex  1.562500e-002  3.125000e-002  7.812500e-003
    endloop
  endfacet
  facet normal  -0.000000e+000  -0.000000e+000  1.000000e+000
    outer loop
      vertex  1.562500e-002  3.125000e-002  7.812500e-003
      vertex  1.592523e-002  2.820171e-002  7.812500e-003
      vertex  1.681438e-002  2.527057e-002  7.812500e-003
    endloop
  endfacet
  facet normal  0.000000e+000  0.000000e+000  1.000000e+000
    outer loop
      vertex  2.820171e-002  1.592523e-002  7.812500e-003
      vertex  3.125000e-002  1.562500e-002  7.812500e-003
      vertex  1.681438e-002  2.527057e-002  7.812500e-003
    endloop
  endfacet
  facet normal  0.000000e+000  0.000000e+000  1.000000e+000
    outer loop
      vertex  2.820171e-002  1.592523e-002  7.812500e-003
      vertex  1.681438e-002  2.527057e-002  7.812500e-003
      vertex  1.825829e-002  2.256921e-002  7.812500e-003
    endloop
  endfacet
  facet normal  0.000000e+000  0.000000e+000  1.000000e+000
    outer loop
      vertex  2.820171e-002  1.592523e-002  7.812500e-003
      vertex  1.825829e-002  2.256921e-002  7.812500e-003
      vertex  2.020146e-002  2.020146e-002  7.812500e-003
    endloop
  endfacet
  facet normal  0.000000e+000  0.000000e+000  9.999999e-001
    outer loop
      vertex  2.820171e-002  1.592523e-002  7.812500e-003
      vertex  2.020146e-002  2.020146e-002  7.812500e-003
      vertex  2.256921e-002  1.825829e-002  7.812500e-003
    endloop
  endfacet
  facet normal  0.000000e+000  0.000000e+000  9.999999e-001
    outer loop
      vertex  2.820171e-002  1.592523e-002  7.812500e-003
      vertex  2.256921e-002  1.825829e-002  7.812500e-003
      vertex  2.527057e-002  1.681438e-002  7.812500e-003
    endloop
  endfacet
  facet normal  0.000000e+000  0.000000e+000  1.000000e+000
    outer loop
      vertex  3.125000e-002  1.562500e-002  7.812500e-003
      vertex  1.702303e-001  1.562500e-002  7.812500e-003
      vertex  1.681438e-002  2.527057e-002  7.812500e-003
    endloop
  endfacet
  facet normal  -0.000000e+000  0.000000e+000  1.000000e+000
    outer loop
      vertex  1.681438e-002  2.527057e-002  7.812500e-003
      vertex  1.702303e-001  1.562500e-002  7.812500e-003
      vertex  1.702303e-001  7.500000e-001  7.812500e-003
    endloop
  endfacet
  facet normal  0.000000e+000  0.000000e+000  1.000000e+000
    outer loop
      vertex  1.681438e-002  2.527057e-002  7.812500e-003
      vertex  1.702303e-001  7.500000e-001  7.812500e-003
      vertex  1.562500e-002  3.125000e-002  7.812500e-003
    endloop
  endfacet
  facet normal  0.000000e+000  0.000000e+000 -1.000000e+000
    outer loop
      vertex  1.562500e-002  3.125000e-002  0.000000e+000
      vertex  1.562500e-002  7.500000e-001  0.000000e+000
      vertex  1.702303e-001  7.500000e-001  0.000000e+000
    endloop
  endfacet
  facet normal  0.000000e+000  0.000000e+000 -1.000000e+000
    outer loop
      vertex  1.681438e-002  2.527057e-002  0.000000e+000
      vertex  1.592523e-002  2.820171e-002  0.000000e+000
      vertex  1.562500e-002  3.125000e-002  0.000000e+000
    endloop
  endfacet
  facet normal  0.000000e+000  0.000000e+000 -9.999999e-001
    outer loop
      vertex  2.820171e-002  1.592523e-002  0.000000e+000
      vertex  2.527057e-002  1.681438e-002  0.000000e+000
      vertex  2.256921e-002  1.825829e-002  0.000000e+000
    endloop
  endfacet
  facet normal  0.000000e+000  0.000000e+000 -9.999999e-001
    outer loop
      vertex  2.820171e-002  1.592523e-002  0.000000e+000
      vertex  2.256921e-002  1.825829e-002  0.000000e+000
      vertex  2.020146e-002  2.020146e-002  0.000000e+000
    endloop
  endfacet
  facet normal  0.000000e+000  0.000000e+000 -1.000000e+000
    outer loop
      vertex  2.820171e-002  1.592523e-002  0.000000e+000
      vertex  2.020146e-002  2.020146e-002  0.000000e+000
      vertex  1.825829e-002  2.256921e-002  0.000000e+000
    endloop
  endfacet
  facet normal  0.000000e+000  0.000000e+000 -1.000000e+000
    outer loop
      vertex  2.820171e-002  1.592523e-002  0.000000e+000
      vertex  1.825829e-002  2.256921e-002  0.000000e+000
      vertex  1.681438e-002  2.527057e-002  0.000000e+000
    endloop
  endfacet
  facet normal  0.000000e+000  0.000000e+000 -1.000000e+000
    outer loop
      vertex  2.820171e-002  1.592523e-002  0.000000e+000
      vertex  1.681438e-002  2.527057e-002  0.000000e+000
      vertex  3.125000e-002  1.562500e-002  0.000000e+000
    endloop
  endfacet
  facet normal  0.000000e+000  0.000000e+000 -1.000000e+000
    outer loop
      vertex  1.562500e-002  3.125000e-002  0.000000e+000
      vertex  1.702303e-001  7.500000e-001  0.000000e+000
      vertex  1.681438e-002  2.527057e-002  0.000000e+000
    endloop
  endfacet
  facet normal  0.000000e+000  0.000000e+000 -1.000000e+000
    outer loop
      vertex  1.681438e-002  2.527057e-002  0.000000e+000
      vertex  1.702303e-001  7.500000e-001  0.000000e+000
      vertex  1.702303e-001  1.562500e-002  0.000000e+000
    endloop
  endfacet
  facet normal  0.000000e+000  0.000000e+000 -1.000000e+000
    outer loop
      vertex  1.681438e-002  2.527057e-002  0.000000e+000
      vertex  1.702303e-001  1.562500e-002  0.000000e+000
      vertex  3.125000e-002  1.562500e-002  0.000000e+000
    endloop
  endfacet
  facet normal -1.000000e+000  0.000000e+000  0.000000e+000
    outer loop
      vertex  1.562500e-002  7.500000e-001  7.812500e-003
      vertex  1.562500e-002  7.500000e-001  0.000000e+000
      vertex  1.562500e-002  3.125000e-002  7.812500e-003
    endloop
  endfacet
  facet normal -1.000000e+000  0.000000e+000  0.000000e+000
    outer loop
      vertex  1.562500e-002  3.125000e-002  7.812500e-003
      vertex  1.562500e-002  7.500000e-001  0.000000e+000
      vertex  1.562500e-002  3.125000e-002  0.000000e+000
    endloop
  endfacet
  facet normal  0.000000e+000 -1.000000e+000  0.000000e+000
    outer loop
      vertex  3.125000e-002  1.562500e-002  7.812500e-003
      vertex  3.125000e-002  1.562500e-002  0.000000e+000
      vertex  1.702303e-001  1.562500e-002  7.812500e-003
    endloop
  endfacet
  facet normal  0.000000e+000 -1.000000e+000  -0.000000e+000
    outer loop
      vertex  1.702303e-001  1.562500e-002  7.812500e-003
      vertex  3.125000e-002  1.562500e-002  0.000000e+000
      vertex  1.702303e-001  1.562500e-002  0.000000e+000
    endloop
  endfacet
  facet normal -9.801731e-002 -9.951848e-001  -0.000000e+000
    outer loop
      vertex  3.125000e-002  1.562500e-002  0.000000e+000
      vertex  3.125000e-002  1.562500e-002  7.812500e-003
      vertex  2.820171e-002  1.592523e-002  0.000000e+000
    endloop
  endfacet
  facet normal -9.801731e-002 -9.951848e-001  0.000000e+000
    outer loop
      vertex  2.820171e-002  1.592523e-002  0.000000e+000
      vertex  3.125000e-002  1.562500e-002  7.812500e-003
      vertex  2.820171e-002  1.592523e-002  7.812500e-003
    endloop
  endfacet
  facet normal -2.902847e-001 -9.569404e-001  -0.000000e+000
    outer loop
      vertex  2.820171e-002  1.592523e-002  0.000000e+000
      vertex  2.820171e-002  1.592523e-002  7.812500e-003
      vertex  2.527057e-002  1.681438e-002  0.000000e+000
    endloop
  endfacet
  facet normal -2.902847e-001 -9.569404e-001  0.000000e+000
    outer loop
      vertex  2.527057e-002  1.681438e-002  0.000000e+000
      vertex  2.820171e-002  1.592523e-002  7.812500e-003
      vertex  2.527057e-002  1.681438e-002  7.812500e-003
    endloop
  endfacet
  facet normal -4.713964e-001 -8.819215e-001  -0.000000e+000
    outer loop
      vertex  2.527057e-002  1.681438e-002  0.000000e+000
      vertex  2.527057e-002  1.681438e-002  7.812500e-003
      vertex  2.256921e-002  1.825829e-002  0.000000e+000
    endloop
  endfacet
  facet normal -4.713964e-001 -8.819215e-001  0.000000e+000
    outer loop
      vertex  2.256921e-002  1.825829e-002  0.000000e+000
      vertex  2.527057e-002  1.681438e-002  7.812500e-003
      vertex  2.256921e-002  1.825829e-002  7.812500e-003
    endloop
  endfacet
  facet normal -6.343932e-001 -7.730105e-001  -0.000000e+000
    outer loop
      vertex  2.256921e-002  1.825829e-002  0.000000e+000
      vertex  2.256921e-002  1.825829e-002  7.812500e-003
      vertex  2.020146e-002  2.020146e-002  0.000000e+000
    endloop
  endfacet
  facet normal -6.343932e-001 -7.730105e-001  0.000000e+000
    outer loop
      vertex  2.020146e-002  2.020146e-002  0.000000e+000
      vertex  2.256921e-002  1.825829e-002  7.812500e-003
      vertex  2.020146e-002  2.020146e-002  7.812500e-003
    endloop
  endfacet
  facet normal -7.730105e-001 -6.343932e-001  -0.000000e+000
    outer loop
      vertex  2.020146e-002  2.020146e-002  0.000000e+000
      vertex  2.020146e-002  2.020146e-002  7.812500e-003
      vertex  1.825829e-002  2.256921e-002  0.000000e+000
    endloop
  endfacet
  facet normal -7.730105e-001 -6.343932e-001  0.000000e+000
    outer loop
      vertex  1.825829e-002  2.256921e-002  0.000000e+000
      vertex  2.020146e-002  2.020146e-002  7.812500e-003
      vertex  1.825829e-002  2.256921e-002  7.812500e-003
    endloop
  endfacet
  facet normal -8.819215e-001 -4.713964e-001  -0.000000e+000
    outer loop
      vertex  1.825829e-002  2.256921e-002  0.000000e+000
      vertex  1.825829e-002  2.256921e-002  7.812500e-003
      vertex  1.681438e-002  2.527057e-002  0.000000e+000
    endloop
  endfacet
  facet normal -8.819215e-001 -4.713964e-001  0.000000e+000
    outer loop
      vertex  1.681438e-002  2.527057e-002  0.000000e+000
      vertex  1.825829e-002  2.256921e-002  7.812500e-003
      vertex  1.681438e-002  2.527057e-002  7.812500e-003
    endloop
  endfacet
  facet normal -9.569404e-001 -2.902847e-001  -0.000000e+000
    outer loop
      vertex  1.681438e-002  2.527057e-002  0.000000e+000
      vertex  1.681438e-002  2.527057e-002  7.812500e-003
      vertex  1.592523e-002  2.820171e-002  0.000000e+000
    endloop
  endfacet
  facet normal -9.569404e-001 -2.902847e-001  0.000000e+000
    outer loop
      vertex  1.592523e-002  2.820171e-002  0.000000e+000
      vertex  1.681438e-002  2.527057e-002  7.812500e-003
      vertex  1.592523e-002  2.820171e-002  7.812500e-003
    endloop
  endfacet
  facet normal -9.951848e-001 -9.801731e-002  -0.000000e+000
    outer loop
      vertex  1.592523e-002  2.820171e-002  0.000000e+000
      vertex  1.592523e-002  2.820171e-002  7.812500e-003
      vertex  1.562500e-002  3.125000e-002  0.000000e+000
    endloop
  endfacet
  facet normal -9.951848e-001 -9.801731e-002  0.000000e+000
    outer loop
      vertex  1.562500e-002  3.125000e-002  0.000000e+000
      vertex  1.592523e-002  2.820171e-002  7.812500e-003
      vertex  1.562500e-002  3.125000e-002  7.812500e-003
    endloop
  endfacet
  facet normal  0.000000e+000  1.000000e+000  -0.000000e+000
    outer loop
      vertex  1.702303e-001  7.500000e-001  7.812500e-003
      vertex  1.702303e-001  7.500000e-001  0.000000e+000
      vertex  1.562500e-002  7.500000e-001  7.812500e-003
    endloop
  endfacet
  facet normal  0.000000e+000  1.000000e+000  0.000000e+000
    outer loop
      vertex  1.562500e-002  7.500000e-001  7.812500e-003
      vertex  1.702303e-001  7.500000e-001  0.000000e+000
      vertex  1.562500e-002  7.500000e-001  0.000000e+000
    endloop
  endfacet
  facet normal  9.999999e-001  0.000000e+000  0.000000e+000
    outer loop
      vertex  1.702303e-001  1.562500e-002  7.812500e-003
      vertex  1.702303e-001  1.562500e-002  0.000000e+000
      vertex  1.702303e-001  7.500000e-001  7.812500e-003
    endloop
  endfacet
  facet normal  9.999999e-001  0.000000e+000  0.000000e+000
    outer loop
      vertex  1.702303e-001  7.500000e-001  7.812500e-003
      vertex  1.702303e-001  1.562500e-002  0.000000e+000
      vertex  1.702303e-001  7.500000e-001  0.000000e+000
    endloop
  endfacet
endsolid CATIA STL
