solid CATIA STL
  facet normal  1.000000e+000  0.000000e+000  0.000000e+000
    outer loop
      vertex  3.125000e-002 -7.500000e-001  0.000000e+000
      vertex  3.125000e-002  6.509805e-017 -7.500000e-001
      vertex  3.125000e-002 -1.052431e-017 -1.718750e-001
    endloop
  endfacet
  facet normal  1.000000e+000  0.000000e+000  0.000000e+000
    outer loop
      vertex  3.125000e-002 -7.500000e-001  0.000000e+000
      vertex  3.125000e-002 -1.052431e-017 -1.718750e-001
      vertex  3.125000e-002 -3.302530e-003 -1.383439e-001
    endloop
  endfacet
  facet normal  1.000000e+000  0.000000e+000  0.000000e+000
    outer loop
      vertex  3.125000e-002 -7.500000e-001  0.000000e+000
      vertex  3.125000e-002 -3.302530e-003 -1.383439e-001
      vertex  3.125000e-002 -1.308321e-002 -1.061013e-001
    endloop
  endfacet
  facet normal  1.000000e+000  0.000000e+000  0.000000e+000
    outer loop
      vertex  3.125000e-002 -7.500000e-001  0.000000e+000
      vertex  3.125000e-002 -1.308321e-002 -1.061013e-001
      vertex  3.125000e-002 -2.896616e-002 -7.638637e-002
    endloop
  endfacet
  facet normal  1.000000e+000  0.000000e+000  0.000000e+000
    outer loop
      vertex  3.125000e-002 -7.500000e-001  0.000000e+000
      vertex  3.125000e-002 -2.896616e-002 -7.638637e-002
      vertex  3.125000e-002 -5.034102e-002 -5.034102e-002
    endloop
  endfacet
  facet normal  1.000000e+000  0.000000e+000  0.000000e+000
    outer loop
      vertex  3.125000e-002 -7.500000e-001  0.000000e+000
      vertex  3.125000e-002 -5.034102e-002 -5.034102e-002
      vertex  3.125000e-002 -7.638637e-002 -2.896616e-002
    endloop
  endfacet
  facet normal  1.000000e+000  0.000000e+000  0.000000e+000
    outer loop
      vertex  3.125000e-002 -7.500000e-001  0.000000e+000
      vertex  3.125000e-002 -7.638637e-002 -2.896616e-002
      vertex  3.125000e-002 -1.061013e-001 -1.308321e-002
    endloop
  endfacet
  facet normal  9.999999e-001  0.000000e+000  0.000000e+000
    outer loop
      vertex  3.125000e-002 -7.500000e-001  0.000000e+000
      vertex  3.125000e-002 -1.061013e-001 -1.308321e-002
      vertex  3.125000e-002 -1.383439e-001 -3.302530e-003
    endloop
  endfacet
  facet normal  9.999999e-001  0.000000e+000  0.000000e+000
    outer loop
      vertex  3.125000e-002 -7.500000e-001  0.000000e+000
      vertex  3.125000e-002 -1.383439e-001 -3.302530e-003
      vertex  3.125000e-002 -1.718750e-001 -3.539995e-017
    endloop
  endfacet
  facet normal -9.999999e-001  -0.000000e+000  -0.000000e+000
    outer loop
      vertex  0.000000e+000 -7.500000e-001  0.000000e+000
      vertex  0.000000e+000 -1.718750e-001 -3.539995e-017
      vertex  0.000000e+000 -1.383439e-001 -3.302530e-003
    endloop
  endfacet
  facet normal -9.999999e-001  -0.000000e+000  -0.000000e+000
    outer loop
      vertex  0.000000e+000 -7.500000e-001  0.000000e+000
      vertex  0.000000e+000 -1.383439e-001 -3.302530e-003
      vertex  0.000000e+000 -1.061013e-001 -1.308321e-002
    endloop
  endfacet
  facet normal -1.000000e+000  -0.000000e+000  -0.000000e+000
    outer loop
      vertex  0.000000e+000 -7.500000e-001  0.000000e+000
      vertex  0.000000e+000 -1.061013e-001 -1.308321e-002
      vertex  0.000000e+000 -7.638637e-002 -2.896616e-002
    endloop
  endfacet
  facet normal -1.000000e+000  -0.000000e+000  -0.000000e+000
    outer loop
      vertex  0.000000e+000 -7.500000e-001  0.000000e+000
      vertex  0.000000e+000 -7.638637e-002 -2.896616e-002
      vertex  0.000000e+000 -5.034102e-002 -5.034102e-002
    endloop
  endfacet
  facet normal -1.000000e+000  -0.000000e+000  -0.000000e+000
    outer loop
      vertex  0.000000e+000 -7.500000e-001  0.000000e+000
      vertex  0.000000e+000 -5.034102e-002 -5.034102e-002
      vertex  0.000000e+000 -2.896616e-002 -7.638637e-002
    endloop
  endfacet
  facet normal -1.000000e+000  -0.000000e+000  -0.000000e+000
    outer loop
      vertex  0.000000e+000 -7.500000e-001  0.000000e+000
      vertex  0.000000e+000 -2.896616e-002 -7.638637e-002
      vertex  0.000000e+000 -1.308321e-002 -1.061013e-001
    endloop
  endfacet
  facet normal -1.000000e+000  -0.000000e+000  -0.000000e+000
    outer loop
      vertex  0.000000e+000 -7.500000e-001  0.000000e+000
      vertex  0.000000e+000 -1.308321e-002 -1.061013e-001
      vertex  0.000000e+000 -3.302530e-003 -1.383439e-001
    endloop
  endfacet
  facet normal -1.000000e+000  -0.000000e+000  -0.000000e+000
    outer loop
      vertex  0.000000e+000 -7.500000e-001  0.000000e+000
      vertex  0.000000e+000 -3.302530e-003 -1.383439e-001
      vertex  0.000000e+000 -1.052431e-017 -1.718750e-001
    endloop
  endfacet
  facet normal -1.000000e+000  -0.000000e+000  -0.000000e+000
    outer loop
      vertex  0.000000e+000 -7.500000e-001  0.000000e+000
      vertex  0.000000e+000 -1.052431e-017 -1.718750e-001
      vertex  0.000000e+000  6.509805e-017 -7.500000e-001
    endloop
  endfacet
  facet normal  -0.000000e+000  6.123234e-017  1.000000e+000
    outer loop
      vertex  3.125000e-002 -1.718750e-001 -3.539995e-017
      vertex  0.000000e+000 -1.718750e-001 -3.539995e-017
      vertex  3.125000e-002 -7.500000e-001  0.000000e+000
    endloop
  endfacet
  facet normal  0.000000e+000  6.123234e-017  1.000000e+000
    outer loop
      vertex  3.125000e-002 -7.500000e-001  0.000000e+000
      vertex  0.000000e+000 -1.718750e-001 -3.539995e-017
      vertex  0.000000e+000 -7.500000e-001  0.000000e+000
    endloop
  endfacet
  facet normal  -0.000000e+000  1.000000e+000  1.308063e-016
    outer loop
      vertex  3.125000e-002  6.509805e-017 -7.500000e-001
      vertex  0.000000e+000  6.509805e-017 -7.500000e-001
      vertex  3.125000e-002 -1.052431e-017 -1.718750e-001
    endloop
  endfacet
  facet normal  0.000000e+000  1.000000e+000  1.308063e-016
    outer loop
      vertex  3.125000e-002 -1.052431e-017 -1.718750e-001
      vertex  0.000000e+000  6.509805e-017 -7.500000e-001
      vertex  0.000000e+000 -1.052431e-017 -1.718750e-001
    endloop
  endfacet
  facet normal  0.000000e+000  9.801715e-002  9.951847e-001
    outer loop
      vertex  0.000000e+000 -1.718750e-001 -3.539995e-017
      vertex  3.125000e-002 -1.718750e-001 -3.539995e-017
      vertex  0.000000e+000 -1.383439e-001 -3.302530e-003
    endloop
  endfacet
  facet normal  -0.000000e+000  9.801715e-002  9.951847e-001
    outer loop
      vertex  0.000000e+000 -1.383439e-001 -3.302530e-003
      vertex  3.125000e-002 -1.718750e-001 -3.539995e-017
      vertex  3.125000e-002 -1.383439e-001 -3.302530e-003
    endloop
  endfacet
  facet normal  0.000000e+000  2.902846e-001  9.569404e-001
    outer loop
      vertex  0.000000e+000 -1.383439e-001 -3.302530e-003
      vertex  3.125000e-002 -1.383439e-001 -3.302530e-003
      vertex  0.000000e+000 -1.061013e-001 -1.308321e-002
    endloop
  endfacet
  facet normal  -0.000000e+000  2.902846e-001  9.569404e-001
    outer loop
      vertex  0.000000e+000 -1.061013e-001 -1.308321e-002
      vertex  3.125000e-002 -1.383439e-001 -3.302530e-003
      vertex  3.125000e-002 -1.061013e-001 -1.308321e-002
    endloop
  endfacet
  facet normal  0.000000e+000  4.713968e-001  8.819212e-001
    outer loop
      vertex  0.000000e+000 -1.061013e-001 -1.308321e-002
      vertex  3.125000e-002 -1.061013e-001 -1.308321e-002
      vertex  0.000000e+000 -7.638637e-002 -2.896616e-002
    endloop
  endfacet
  facet normal  -0.000000e+000  4.713968e-001  8.819212e-001
    outer loop
      vertex  0.000000e+000 -7.638637e-002 -2.896616e-002
      vertex  3.125000e-002 -1.061013e-001 -1.308321e-002
      vertex  3.125000e-002 -7.638637e-002 -2.896616e-002
    endloop
  endfacet
  facet normal  0.000000e+000  6.343932e-001  7.730105e-001
    outer loop
      vertex  0.000000e+000 -7.638637e-002 -2.896616e-002
      vertex  3.125000e-002 -7.638637e-002 -2.896616e-002
      vertex  0.000000e+000 -5.034102e-002 -5.034102e-002
    endloop
  endfacet
  facet normal  -0.000000e+000  6.343932e-001  7.730105e-001
    outer loop
      vertex  0.000000e+000 -5.034102e-002 -5.034102e-002
      vertex  3.125000e-002 -7.638637e-002 -2.896616e-002
      vertex  3.125000e-002 -5.034102e-002 -5.034102e-002
    endloop
  endfacet
  facet normal  0.000000e+000  7.730105e-001  6.343932e-001
    outer loop
      vertex  0.000000e+000 -5.034102e-002 -5.034102e-002
      vertex  3.125000e-002 -5.034102e-002 -5.034102e-002
      vertex  0.000000e+000 -2.896616e-002 -7.638637e-002
    endloop
  endfacet
  facet normal  -0.000000e+000  7.730105e-001  6.343932e-001
    outer loop
      vertex  0.000000e+000 -2.896616e-002 -7.638637e-002
      vertex  3.125000e-002 -5.034102e-002 -5.034102e-002
      vertex  3.125000e-002 -2.896616e-002 -7.638637e-002
    endloop
  endfacet
  facet normal  0.000000e+000  8.819212e-001  4.713968e-001
    outer loop
      vertex  0.000000e+000 -2.896616e-002 -7.638637e-002
      vertex  3.125000e-002 -2.896616e-002 -7.638637e-002
      vertex  0.000000e+000 -1.308321e-002 -1.061013e-001
    endloop
  endfacet
  facet normal  -0.000000e+000  8.819212e-001  4.713968e-001
    outer loop
      vertex  0.000000e+000 -1.308321e-002 -1.061013e-001
      vertex  3.125000e-002 -2.896616e-002 -7.638637e-002
      vertex  3.125000e-002 -1.308321e-002 -1.061013e-001
    endloop
  endfacet
  facet normal  0.000000e+000  9.569404e-001  2.902846e-001
    outer loop
      vertex  0.000000e+000 -1.308321e-002 -1.061013e-001
      vertex  3.125000e-002 -1.308321e-002 -1.061013e-001
      vertex  0.000000e+000 -3.302530e-003 -1.383439e-001
    endloop
  endfacet
  facet normal  -0.000000e+000  9.569404e-001  2.902846e-001
    outer loop
      vertex  0.000000e+000 -3.302530e-003 -1.383439e-001
      vertex  3.125000e-002 -1.308321e-002 -1.061013e-001
      vertex  3.125000e-002 -3.302530e-003 -1.383439e-001
    endloop
  endfacet
  facet normal  0.000000e+000  9.951847e-001  9.801715e-002
    outer loop
      vertex  0.000000e+000 -3.302530e-003 -1.383439e-001
      vertex  3.125000e-002 -3.302530e-003 -1.383439e-001
      vertex  0.000000e+000 -1.052431e-017 -1.718750e-001
    endloop
  endfacet
  facet normal  -0.000000e+000  9.951847e-001  9.801715e-002
    outer loop
      vertex  0.000000e+000 -1.052431e-017 -1.718750e-001
      vertex  3.125000e-002 -3.302530e-003 -1.383439e-001
      vertex  3.125000e-002 -1.052431e-017 -1.718750e-001
    endloop
  endfacet
  facet normal  0.000000e+000 -7.071068e-001 -7.071068e-001
    outer loop
      vertex  3.125000e-002 -7.500000e-001  0.000000e+000
      vertex  0.000000e+000 -7.500000e-001  0.000000e+000
      vertex  3.125000e-002  6.509805e-017 -7.500000e-001
    endloop
  endfacet
  facet normal  -0.000000e+000 -7.071068e-001 -7.071068e-001
    outer loop
      vertex  3.125000e-002  6.509805e-017 -7.500000e-001
      vertex  0.000000e+000 -7.500000e-001  0.000000e+000
      vertex  0.000000e+000  6.509805e-017 -7.500000e-001
    endloop
  endfacet
endsolid CATIA STL
