solid CATIA STL
  facet normal  -0.000000e+000  -0.000000e+000  1.000000e+000
    outer loop
      vertex  0.000000e+000  2.031250e-001  1.562500e-002
      vertex  3.902990e-003  1.634973e-001  1.562500e-002
      vertex  1.546197e-002  1.253924e-001  1.562500e-002
    endloop
  endfacet
  facet normal  -0.000000e+000  -0.000000e+000  1.000000e+000
    outer loop
      vertex  0.000000e+000  2.031250e-001  1.562500e-002
      vertex  1.546197e-002  1.253924e-001  1.562500e-002
      vertex  3.423274e-002  9.027480e-002  1.562500e-002
    endloop
  endfacet
  facet normal  -0.000000e+000  -0.000000e+000  1.000000e+000
    outer loop
      vertex  0.000000e+000  2.031250e-001  1.562500e-002
      vertex  3.423274e-002  9.027480e-002  1.562500e-002
      vertex  5.949394e-002  5.949394e-002  1.562500e-002
    endloop
  endfacet
  facet normal  -0.000000e+000  -0.000000e+000  1.000000e+000
    outer loop
      vertex  0.000000e+000  2.031250e-001  1.562500e-002
      vertex  5.949394e-002  5.949394e-002  1.562500e-002
      vertex  9.027480e-002  3.423274e-002  1.562500e-002
    endloop
  endfacet
  facet normal  -0.000000e+000  -0.000000e+000  1.000000e+000
    outer loop
      vertex  0.000000e+000  2.031250e-001  1.562500e-002
      vertex  9.027480e-002  3.423274e-002  1.562500e-002
      vertex  1.253924e-001  1.546197e-002  1.562500e-002
    endloop
  endfacet
  facet normal  -0.000000e+000  -0.000000e+000  9.999999e-001
    outer loop
      vertex  0.000000e+000  2.031250e-001  1.562500e-002
      vertex  1.253924e-001  1.546197e-002  1.562500e-002
      vertex  1.634973e-001  3.902990e-003  1.562500e-002
    endloop
  endfacet
  facet normal  -0.000000e+000  -0.000000e+000  1.000000e+000
    outer loop
      vertex  0.000000e+000  2.031250e-001  1.562500e-002
      vertex  1.634973e-001  3.902990e-003  1.562500e-002
      vertex  2.031250e-001  0.000000e+000  1.562500e-002
    endloop
  endfacet
  facet normal  0.000000e+000  -0.000000e+000  1.000000e+000
    outer loop
      vertex  0.000000e+000  2.031250e-001  1.562500e-002
      vertex  2.031250e-001  0.000000e+000  1.562500e-002
      vertex  3.000000e-001  0.000000e+000  1.562500e-002
    endloop
  endfacet
  facet normal  0.000000e+000  -0.000000e+000  1.000000e+000
    outer loop
      vertex  0.000000e+000  2.031250e-001  1.562500e-002
      vertex  3.000000e-001  0.000000e+000  1.562500e-002
      vertex  3.000000e-001  7.500000e-001  1.562500e-002
    endloop
  endfacet
  facet normal  0.000000e+000  0.000000e+000  1.000000e+000
    outer loop
      vertex  0.000000e+000  2.031250e-001  1.562500e-002
      vertex  3.000000e-001  7.500000e-001  1.562500e-002
      vertex  0.000000e+000  7.500000e-001  1.562500e-002
    endloop
  endfacet
  facet normal  0.000000e+000  0.000000e+000 -1.000000e+000
    outer loop
      vertex  0.000000e+000  2.031250e-001  0.000000e+000
      vertex  0.000000e+000  7.500000e-001  0.000000e+000
      vertex  3.000000e-001  7.500000e-001  0.000000e+000
    endloop
  endfacet
  facet normal  0.000000e+000  -0.000000e+000 -1.000000e+000
    outer loop
      vertex  0.000000e+000  2.031250e-001  0.000000e+000
      vertex  3.000000e-001  7.500000e-001  0.000000e+000
      vertex  3.000000e-001  0.000000e+000  0.000000e+000
    endloop
  endfacet
  facet normal  0.000000e+000  0.000000e+000 -1.000000e+000
    outer loop
      vertex  0.000000e+000  2.031250e-001  0.000000e+000
      vertex  3.000000e-001  0.000000e+000  0.000000e+000
      vertex  2.031250e-001  0.000000e+000  0.000000e+000
    endloop
  endfacet
  facet normal  0.000000e+000  0.000000e+000 -1.000000e+000
    outer loop
      vertex  0.000000e+000  2.031250e-001  0.000000e+000
      vertex  2.031250e-001  0.000000e+000  0.000000e+000
      vertex  1.634973e-001  3.902990e-003  0.000000e+000
    endloop
  endfacet
  facet normal  0.000000e+000  0.000000e+000 -9.999999e-001
    outer loop
      vertex  0.000000e+000  2.031250e-001  0.000000e+000
      vertex  1.634973e-001  3.902990e-003  0.000000e+000
      vertex  1.253924e-001  1.546197e-002  0.000000e+000
    endloop
  endfacet
  facet normal  0.000000e+000  0.000000e+000 -9.999999e-001
    outer loop
      vertex  0.000000e+000  2.031250e-001  0.000000e+000
      vertex  1.253924e-001  1.546197e-002  0.000000e+000
      vertex  9.027480e-002  3.423274e-002  0.000000e+000
    endloop
  endfacet
  facet normal  0.000000e+000  0.000000e+000 -1.000000e+000
    outer loop
      vertex  0.000000e+000  2.031250e-001  0.000000e+000
      vertex  9.027480e-002  3.423274e-002  0.000000e+000
      vertex  5.949394e-002  5.949394e-002  0.000000e+000
    endloop
  endfacet
  facet normal  0.000000e+000  0.000000e+000 -1.000000e+000
    outer loop
      vertex  0.000000e+000  2.031250e-001  0.000000e+000
      vertex  5.949394e-002  5.949394e-002  0.000000e+000
      vertex  3.423274e-002  9.027480e-002  0.000000e+000
    endloop
  endfacet
  facet normal  0.000000e+000  0.000000e+000 -1.000000e+000
    outer loop
      vertex  0.000000e+000  2.031250e-001  0.000000e+000
      vertex  3.423274e-002  9.027480e-002  0.000000e+000
      vertex  1.546197e-002  1.253924e-001  0.000000e+000
    endloop
  endfacet
  facet normal  0.000000e+000  0.000000e+000 -1.000000e+000
    outer loop
      vertex  0.000000e+000  2.031250e-001  0.000000e+000
      vertex  1.546197e-002  1.253924e-001  0.000000e+000
      vertex  3.902990e-003  1.634973e-001  0.000000e+000
    endloop
  endfacet
  facet normal -1.000000e+000  0.000000e+000  0.000000e+000
    outer loop
      vertex  0.000000e+000  7.500000e-001  1.562500e-002
      vertex  0.000000e+000  7.500000e-001  0.000000e+000
      vertex  0.000000e+000  2.031250e-001  1.562500e-002
    endloop
  endfacet
  facet normal -1.000000e+000  0.000000e+000  0.000000e+000
    outer loop
      vertex  0.000000e+000  2.031250e-001  1.562500e-002
      vertex  0.000000e+000  7.500000e-001  0.000000e+000
      vertex  0.000000e+000  2.031250e-001  0.000000e+000
    endloop
  endfacet
  facet normal  0.000000e+000 -1.000000e+000  0.000000e+000
    outer loop
      vertex  2.031250e-001  0.000000e+000  1.562500e-002
      vertex  2.031250e-001  0.000000e+000  0.000000e+000
      vertex  3.000000e-001  0.000000e+000  1.562500e-002
    endloop
  endfacet
  facet normal  0.000000e+000 -1.000000e+000  -0.000000e+000
    outer loop
      vertex  3.000000e-001  0.000000e+000  1.562500e-002
      vertex  2.031250e-001  0.000000e+000  0.000000e+000
      vertex  3.000000e-001  0.000000e+000  0.000000e+000
    endloop
  endfacet
  facet normal -9.801716e-002 -9.951848e-001  -0.000000e+000
    outer loop
      vertex  2.031250e-001  0.000000e+000  0.000000e+000
      vertex  2.031250e-001  0.000000e+000  1.562500e-002
      vertex  1.634973e-001  3.902990e-003  0.000000e+000
    endloop
  endfacet
  facet normal -9.801716e-002 -9.951848e-001  0.000000e+000
    outer loop
      vertex  1.634973e-001  3.902990e-003  0.000000e+000
      vertex  2.031250e-001  0.000000e+000  1.562500e-002
      vertex  1.634973e-001  3.902990e-003  1.562500e-002
    endloop
  endfacet
  facet normal -2.902846e-001 -9.569404e-001  -0.000000e+000
    outer loop
      vertex  1.634973e-001  3.902990e-003  0.000000e+000
      vertex  1.634973e-001  3.902990e-003  1.562500e-002
      vertex  1.253924e-001  1.546197e-002  0.000000e+000
    endloop
  endfacet
  facet normal -2.902846e-001 -9.569404e-001  0.000000e+000
    outer loop
      vertex  1.253924e-001  1.546197e-002  0.000000e+000
      vertex  1.634973e-001  3.902990e-003  1.562500e-002
      vertex  1.253924e-001  1.546197e-002  1.562500e-002
    endloop
  endfacet
  facet normal -4.713968e-001 -8.819213e-001  -0.000000e+000
    outer loop
      vertex  1.253924e-001  1.546197e-002  0.000000e+000
      vertex  1.253924e-001  1.546197e-002  1.562500e-002
      vertex  9.027480e-002  3.423274e-002  0.000000e+000
    endloop
  endfacet
  facet normal -4.713968e-001 -8.819213e-001  0.000000e+000
    outer loop
      vertex  9.027480e-002  3.423274e-002  0.000000e+000
      vertex  1.253924e-001  1.546197e-002  1.562500e-002
      vertex  9.027480e-002  3.423274e-002  1.562500e-002
    endloop
  endfacet
  facet normal -6.343933e-001 -7.730104e-001  -0.000000e+000
    outer loop
      vertex  9.027480e-002  3.423274e-002  0.000000e+000
      vertex  9.027480e-002  3.423274e-002  1.562500e-002
      vertex  5.949394e-002  5.949394e-002  0.000000e+000
    endloop
  endfacet
  facet normal -6.343933e-001 -7.730104e-001  0.000000e+000
    outer loop
      vertex  5.949394e-002  5.949394e-002  0.000000e+000
      vertex  9.027480e-002  3.423274e-002  1.562500e-002
      vertex  5.949394e-002  5.949394e-002  1.562500e-002
    endloop
  endfacet
  facet normal -7.730104e-001 -6.343933e-001  -0.000000e+000
    outer loop
      vertex  5.949394e-002  5.949394e-002  0.000000e+000
      vertex  5.949394e-002  5.949394e-002  1.562500e-002
      vertex  3.423274e-002  9.027480e-002  0.000000e+000
    endloop
  endfacet
  facet normal -7.730104e-001 -6.343933e-001  0.000000e+000
    outer loop
      vertex  3.423274e-002  9.027480e-002  0.000000e+000
      vertex  5.949394e-002  5.949394e-002  1.562500e-002
      vertex  3.423274e-002  9.027480e-002  1.562500e-002
    endloop
  endfacet
  facet normal -8.819213e-001 -4.713968e-001  -0.000000e+000
    outer loop
      vertex  3.423274e-002  9.027480e-002  0.000000e+000
      vertex  3.423274e-002  9.027480e-002  1.562500e-002
      vertex  1.546197e-002  1.253924e-001  0.000000e+000
    endloop
  endfacet
  facet normal -8.819213e-001 -4.713968e-001  0.000000e+000
    outer loop
      vertex  1.546197e-002  1.253924e-001  0.000000e+000
      vertex  3.423274e-002  9.027480e-002  1.562500e-002
      vertex  1.546197e-002  1.253924e-001  1.562500e-002
    endloop
  endfacet
  facet normal -9.569404e-001 -2.902846e-001  -0.000000e+000
    outer loop
      vertex  1.546197e-002  1.253924e-001  0.000000e+000
      vertex  1.546197e-002  1.253924e-001  1.562500e-002
      vertex  3.902990e-003  1.634973e-001  0.000000e+000
    endloop
  endfacet
  facet normal -9.569404e-001 -2.902846e-001  0.000000e+000
    outer loop
      vertex  3.902990e-003  1.634973e-001  0.000000e+000
      vertex  1.546197e-002  1.253924e-001  1.562500e-002
      vertex  3.902990e-003  1.634973e-001  1.562500e-002
    endloop
  endfacet
  facet normal -9.951848e-001 -9.801716e-002  -0.000000e+000
    outer loop
      vertex  3.902990e-003  1.634973e-001  0.000000e+000
      vertex  3.902990e-003  1.634973e-001  1.562500e-002
      vertex  0.000000e+000  2.031250e-001  0.000000e+000
    endloop
  endfacet
  facet normal -9.951848e-001 -9.801716e-002  0.000000e+000
    outer loop
      vertex  0.000000e+000  2.031250e-001  0.000000e+000
      vertex  3.902990e-003  1.634973e-001  1.562500e-002
      vertex  0.000000e+000  2.031250e-001  1.562500e-002
    endloop
  endfacet
  facet normal  0.000000e+000  1.000000e+000  -0.000000e+000
    outer loop
      vertex  3.000000e-001  7.500000e-001  1.562500e-002
      vertex  3.000000e-001  7.500000e-001  0.000000e+000
      vertex  0.000000e+000  7.500000e-001  1.562500e-002
    endloop
  endfacet
  facet normal  0.000000e+000  1.000000e+000  0.000000e+000
    outer loop
      vertex  0.000000e+000  7.500000e-001  1.562500e-002
      vertex  3.000000e-001  7.500000e-001  0.000000e+000
      vertex  0.000000e+000  7.500000e-001  0.000000e+000
    endloop
  endfacet
  facet normal  1.000000e+000  0.000000e+000  0.000000e+000
    outer loop
      vertex  3.000000e-001  0.000000e+000  1.562500e-002
      vertex  3.000000e-001  0.000000e+000  0.000000e+000
      vertex  3.000000e-001  7.500000e-001  1.562500e-002
    endloop
  endfacet
  facet normal  1.000000e+000  0.000000e+000  0.000000e+000
    outer loop
      vertex  3.000000e-001  7.500000e-001  1.562500e-002
      vertex  3.000000e-001  0.000000e+000  0.000000e+000
      vertex  3.000000e-001  7.500000e-001  0.000000e+000
    endloop
  endfacet
endsolid CATIA STL
