solid CATIA STL
  facet normal  0.000000e+000  0.000000e+000  1.000000e+000
    outer loop
      vertex -3.750000e-001  3.750000e-001  7.500000e-001
      vertex -3.750000e-001 -3.750000e-001  7.500000e-001
      vertex  3.750000e-001 -3.750000e-001  7.500000e-001
    endloop
  endfacet
  facet normal  0.000000e+000  -0.000000e+000  1.000000e+000
    outer loop
      vertex -3.750000e-001  3.750000e-001  7.500000e-001
      vertex  3.750000e-001 -3.750000e-001  7.500000e-001
      vertex  3.750000e-001 -1.562500e-002  7.500000e-001
    endloop
  endfacet
  facet normal  0.000000e+000  0.000000e+000  1.000000e+000
    outer loop
      vertex -3.750000e-001  3.750000e-001  7.500000e-001
      vertex  3.750000e-001 -1.562500e-002  7.500000e-001
      vertex  3.674943e-001  6.058216e-002  7.500000e-001
    endloop
  endfacet
  facet normal  0.000000e+000  0.000000e+000  1.000000e+000
    outer loop
      vertex -3.750000e-001  3.750000e-001  7.500000e-001
      vertex  3.674943e-001  6.058216e-002  7.500000e-001
      vertex  3.452654e-001  1.338607e-001  7.500000e-001
    endloop
  endfacet
  facet normal  0.000000e+000  0.000000e+000  1.000000e+000
    outer loop
      vertex -3.750000e-001  3.750000e-001  7.500000e-001
      vertex  3.452654e-001  1.338607e-001  7.500000e-001
      vertex  3.091678e-001  2.013946e-001  7.500000e-001
    endloop
  endfacet
  facet normal  0.000000e+000  0.000000e+000  1.000000e+000
    outer loop
      vertex -3.750000e-001  3.750000e-001  7.500000e-001
      vertex  3.091678e-001  2.013946e-001  7.500000e-001
      vertex  2.605886e-001  2.605886e-001  7.500000e-001
    endloop
  endfacet
  facet normal  0.000000e+000  0.000000e+000  9.999999e-001
    outer loop
      vertex -3.750000e-001  3.750000e-001  7.500000e-001
      vertex  2.605886e-001  2.605886e-001  7.500000e-001
      vertex  2.013946e-001  3.091678e-001  7.500000e-001
    endloop
  endfacet
  facet normal  0.000000e+000  0.000000e+000  1.000000e+000
    outer loop
      vertex -3.750000e-001  3.750000e-001  7.500000e-001
      vertex  2.013946e-001  3.091678e-001  7.500000e-001
      vertex  1.338607e-001  3.452654e-001  7.500000e-001
    endloop
  endfacet
  facet normal  0.000000e+000  0.000000e+000  1.000000e+000
    outer loop
      vertex -3.750000e-001  3.750000e-001  7.500000e-001
      vertex  1.338607e-001  3.452654e-001  7.500000e-001
      vertex  6.058216e-002  3.674943e-001  7.500000e-001
    endloop
  endfacet
  facet normal  0.000000e+000  0.000000e+000  1.000000e+000
    outer loop
      vertex -3.750000e-001  3.750000e-001  7.500000e-001
      vertex  6.058216e-002  3.674943e-001  7.500000e-001
      vertex -1.562500e-002  3.750000e-001  7.500000e-001
    endloop
  endfacet
  facet normal  -0.000000e+000  -0.000000e+000 -1.000000e+000
    outer loop
      vertex -3.750000e-001  3.750000e-001  0.000000e+000
      vertex -1.562500e-002  3.750000e-001  0.000000e+000
      vertex  6.058216e-002  3.674943e-001  0.000000e+000
    endloop
  endfacet
  facet normal  -0.000000e+000  -0.000000e+000 -1.000000e+000
    outer loop
      vertex -3.750000e-001  3.750000e-001  0.000000e+000
      vertex  6.058216e-002  3.674943e-001  0.000000e+000
      vertex  1.338607e-001  3.452654e-001  0.000000e+000
    endloop
  endfacet
  facet normal  -0.000000e+000  -0.000000e+000 -1.000000e+000
    outer loop
      vertex -3.750000e-001  3.750000e-001  0.000000e+000
      vertex  1.338607e-001  3.452654e-001  0.000000e+000
      vertex  2.013946e-001  3.091678e-001  0.000000e+000
    endloop
  endfacet
  facet normal  -0.000000e+000  -0.000000e+000 -9.999999e-001
    outer loop
      vertex -3.750000e-001  3.750000e-001  0.000000e+000
      vertex  2.013946e-001  3.091678e-001  0.000000e+000
      vertex  2.605886e-001  2.605886e-001  0.000000e+000
    endloop
  endfacet
  facet normal  -0.000000e+000  -0.000000e+000 -1.000000e+000
    outer loop
      vertex -3.750000e-001  3.750000e-001  0.000000e+000
      vertex  2.605886e-001  2.605886e-001  0.000000e+000
      vertex  3.091678e-001  2.013946e-001  0.000000e+000
    endloop
  endfacet
  facet normal  -0.000000e+000  -0.000000e+000 -1.000000e+000
    outer loop
      vertex -3.750000e-001  3.750000e-001  0.000000e+000
      vertex  3.091678e-001  2.013946e-001  0.000000e+000
      vertex  3.452654e-001  1.338607e-001  0.000000e+000
    endloop
  endfacet
  facet normal  -0.000000e+000  -0.000000e+000 -1.000000e+000
    outer loop
      vertex -3.750000e-001  3.750000e-001  0.000000e+000
      vertex  3.452654e-001  1.338607e-001  0.000000e+000
      vertex  3.674943e-001  6.058216e-002  0.000000e+000
    endloop
  endfacet
  facet normal  -0.000000e+000  -0.000000e+000 -9.999999e-001
    outer loop
      vertex -3.750000e-001  3.750000e-001  0.000000e+000
      vertex  3.674943e-001  6.058216e-002  0.000000e+000
      vertex  3.750000e-001 -1.562500e-002  0.000000e+000
    endloop
  endfacet
  facet normal  -0.000000e+000  -0.000000e+000 -1.000000e+000
    outer loop
      vertex -3.750000e-001  3.750000e-001  0.000000e+000
      vertex  3.750000e-001 -1.562500e-002  0.000000e+000
      vertex  3.750000e-001 -3.750000e-001  0.000000e+000
    endloop
  endfacet
  facet normal  0.000000e+000  0.000000e+000 -1.000000e+000
    outer loop
      vertex -3.750000e-001  3.750000e-001  0.000000e+000
      vertex  3.750000e-001 -3.750000e-001  0.000000e+000
      vertex -3.750000e-001 -3.750000e-001  0.000000e+000
    endloop
  endfacet
  facet normal  0.000000e+000  1.000000e+000  0.000000e+000
    outer loop
      vertex -1.562500e-002  3.750000e-001  0.000000e+000
      vertex -3.750000e-001  3.750000e-001  0.000000e+000
      vertex -1.562500e-002  3.750000e-001  7.500000e-001
    endloop
  endfacet
  facet normal  0.000000e+000  1.000000e+000  0.000000e+000
    outer loop
      vertex -1.562500e-002  3.750000e-001  7.500000e-001
      vertex -3.750000e-001  3.750000e-001  0.000000e+000
      vertex -3.750000e-001  3.750000e-001  7.500000e-001
    endloop
  endfacet
  facet normal  1.000000e+000  0.000000e+000  0.000000e+000
    outer loop
      vertex  3.750000e-001 -3.750000e-001  0.000000e+000
      vertex  3.750000e-001 -1.562500e-002  0.000000e+000
      vertex  3.750000e-001 -3.750000e-001  7.500000e-001
    endloop
  endfacet
  facet normal  1.000000e+000  -0.000000e+000  0.000000e+000
    outer loop
      vertex  3.750000e-001 -3.750000e-001  7.500000e-001
      vertex  3.750000e-001 -1.562500e-002  0.000000e+000
      vertex  3.750000e-001 -1.562500e-002  7.500000e-001
    endloop
  endfacet
  facet normal  9.801707e-002  9.951848e-001  0.000000e+000
    outer loop
      vertex -1.562500e-002  3.750000e-001  0.000000e+000
      vertex -1.562500e-002  3.750000e-001  7.500000e-001
      vertex  6.058216e-002  3.674943e-001  0.000000e+000
    endloop
  endfacet
  facet normal  9.801707e-002  9.951848e-001  -0.000000e+000
    outer loop
      vertex  6.058216e-002  3.674943e-001  0.000000e+000
      vertex -1.562500e-002  3.750000e-001  7.500000e-001
      vertex  6.058216e-002  3.674943e-001  7.500000e-001
    endloop
  endfacet
  facet normal  2.902847e-001  9.569404e-001  0.000000e+000
    outer loop
      vertex  6.058216e-002  3.674943e-001  0.000000e+000
      vertex  6.058216e-002  3.674943e-001  7.500000e-001
      vertex  1.338607e-001  3.452654e-001  0.000000e+000
    endloop
  endfacet
  facet normal  2.902847e-001  9.569404e-001  -0.000000e+000
    outer loop
      vertex  1.338607e-001  3.452654e-001  0.000000e+000
      vertex  6.058216e-002  3.674943e-001  7.500000e-001
      vertex  1.338607e-001  3.452654e-001  7.500000e-001
    endloop
  endfacet
  facet normal  4.713967e-001  8.819213e-001  0.000000e+000
    outer loop
      vertex  1.338607e-001  3.452654e-001  0.000000e+000
      vertex  1.338607e-001  3.452654e-001  7.500000e-001
      vertex  2.013946e-001  3.091678e-001  0.000000e+000
    endloop
  endfacet
  facet normal  4.713967e-001  8.819213e-001  -0.000000e+000
    outer loop
      vertex  2.013946e-001  3.091678e-001  0.000000e+000
      vertex  1.338607e-001  3.452654e-001  7.500000e-001
      vertex  2.013946e-001  3.091678e-001  7.500000e-001
    endloop
  endfacet
  facet normal  6.343933e-001  7.730103e-001  0.000000e+000
    outer loop
      vertex  2.013946e-001  3.091678e-001  0.000000e+000
      vertex  2.013946e-001  3.091678e-001  7.500000e-001
      vertex  2.605886e-001  2.605886e-001  0.000000e+000
    endloop
  endfacet
  facet normal  6.343933e-001  7.730103e-001  -0.000000e+000
    outer loop
      vertex  2.605886e-001  2.605886e-001  0.000000e+000
      vertex  2.013946e-001  3.091678e-001  7.500000e-001
      vertex  2.605886e-001  2.605886e-001  7.500000e-001
    endloop
  endfacet
  facet normal  7.730103e-001  6.343933e-001  0.000000e+000
    outer loop
      vertex  2.605886e-001  2.605886e-001  0.000000e+000
      vertex  2.605886e-001  2.605886e-001  7.500000e-001
      vertex  3.091678e-001  2.013946e-001  0.000000e+000
    endloop
  endfacet
  facet normal  7.730103e-001  6.343933e-001  -0.000000e+000
    outer loop
      vertex  3.091678e-001  2.013946e-001  0.000000e+000
      vertex  2.605886e-001  2.605886e-001  7.500000e-001
      vertex  3.091678e-001  2.013946e-001  7.500000e-001
    endloop
  endfacet
  facet normal  8.819213e-001  4.713967e-001  0.000000e+000
    outer loop
      vertex  3.091678e-001  2.013946e-001  0.000000e+000
      vertex  3.091678e-001  2.013946e-001  7.500000e-001
      vertex  3.452654e-001  1.338607e-001  0.000000e+000
    endloop
  endfacet
  facet normal  8.819213e-001  4.713967e-001  -0.000000e+000
    outer loop
      vertex  3.452654e-001  1.338607e-001  0.000000e+000
      vertex  3.091678e-001  2.013946e-001  7.500000e-001
      vertex  3.452654e-001  1.338607e-001  7.500000e-001
    endloop
  endfacet
  facet normal  9.569404e-001  2.902847e-001  0.000000e+000
    outer loop
      vertex  3.452654e-001  1.338607e-001  0.000000e+000
      vertex  3.452654e-001  1.338607e-001  7.500000e-001
      vertex  3.674943e-001  6.058216e-002  0.000000e+000
    endloop
  endfacet
  facet normal  9.569404e-001  2.902847e-001  -0.000000e+000
    outer loop
      vertex  3.674943e-001  6.058216e-002  0.000000e+000
      vertex  3.452654e-001  1.338607e-001  7.500000e-001
      vertex  3.674943e-001  6.058216e-002  7.500000e-001
    endloop
  endfacet
  facet normal  9.951848e-001  9.801707e-002  0.000000e+000
    outer loop
      vertex  3.674943e-001  6.058216e-002  0.000000e+000
      vertex  3.674943e-001  6.058216e-002  7.500000e-001
      vertex  3.750000e-001 -1.562500e-002  0.000000e+000
    endloop
  endfacet
  facet normal  9.951848e-001  9.801707e-002  -0.000000e+000
    outer loop
      vertex  3.750000e-001 -1.562500e-002  0.000000e+000
      vertex  3.674943e-001  6.058216e-002  7.500000e-001
      vertex  3.750000e-001 -1.562500e-002  7.500000e-001
    endloop
  endfacet
  facet normal -1.000000e+000  0.000000e+000  0.000000e+000
    outer loop
      vertex -3.750000e-001  3.750000e-001  0.000000e+000
      vertex -3.750000e-001 -3.750000e-001  0.000000e+000
      vertex -3.750000e-001  3.750000e-001  7.500000e-001
    endloop
  endfacet
  facet normal -1.000000e+000  -0.000000e+000  0.000000e+000
    outer loop
      vertex -3.750000e-001  3.750000e-001  7.500000e-001
      vertex -3.750000e-001 -3.750000e-001  0.000000e+000
      vertex -3.750000e-001 -3.750000e-001  7.500000e-001
    endloop
  endfacet
  facet normal  0.000000e+000 -1.000000e+000  0.000000e+000
    outer loop
      vertex -3.750000e-001 -3.750000e-001  0.000000e+000
      vertex  3.750000e-001 -3.750000e-001  0.000000e+000
      vertex -3.750000e-001 -3.750000e-001  7.500000e-001
    endloop
  endfacet
  facet normal  0.000000e+000 -1.000000e+000  0.000000e+000
    outer loop
      vertex -3.750000e-001 -3.750000e-001  7.500000e-001
      vertex  3.750000e-001 -3.750000e-001  0.000000e+000
      vertex  3.750000e-001 -3.750000e-001  7.500000e-001
    endloop
  endfacet
endsolid CATIA STL
