solid CATIA STL
  facet normal  0.000000e+000  0.000000e+000  9.999999e-001
    outer loop
      vertex  7.109375e-001  7.500000e-001  1.562500e-002
      vertex  7.258860e-001  7.470266e-001  1.562500e-002
      vertex  7.185582e-001  7.492494e-001  1.562500e-002
    endloop
  endfacet
  facet normal  0.000000e+000  0.000000e+000  1.000000e+000
    outer loop
      vertex -7.500000e-001  7.500000e-001  1.562500e-002
      vertex -7.500000e-001 -7.500000e-001  1.562500e-002
      vertex  7.500000e-001 -7.500000e-001  1.562500e-002
    endloop
  endfacet
  facet normal  0.000000e+000  -0.000000e+000  1.000000e+000
    outer loop
      vertex -7.500000e-001  7.500000e-001  1.562500e-002
      vertex  7.500000e-001 -7.500000e-001  1.562500e-002
      vertex  7.500000e-001  7.109375e-001  1.562500e-002
    endloop
  endfacet
  facet normal  0.000000e+000  0.000000e+000  1.000000e+000
    outer loop
      vertex -7.500000e-001  7.500000e-001  1.562500e-002
      vertex  7.500000e-001  7.109375e-001  1.562500e-002
      vertex  7.492494e-001  7.185582e-001  1.562500e-002
    endloop
  endfacet
  facet normal  0.000000e+000  0.000000e+000  1.000000e+000
    outer loop
      vertex -7.500000e-001  7.500000e-001  1.562500e-002
      vertex  7.492494e-001  7.185582e-001  1.562500e-002
      vertex  7.470266e-001  7.258860e-001  1.562500e-002
    endloop
  endfacet
  facet normal  0.000000e+000  0.000000e+000  1.000000e+000
    outer loop
      vertex -7.500000e-001  7.500000e-001  1.562500e-002
      vertex  7.470266e-001  7.258860e-001  1.562500e-002
      vertex  7.434168e-001  7.326395e-001  1.562500e-002
    endloop
  endfacet
  facet normal  0.000000e+000  0.000000e+000  1.000000e+000
    outer loop
      vertex -7.500000e-001  7.500000e-001  1.562500e-002
      vertex  7.434168e-001  7.326395e-001  1.562500e-002
      vertex  7.385589e-001  7.385589e-001  1.562500e-002
    endloop
  endfacet
  facet normal  0.000000e+000  0.000000e+000  9.999999e-001
    outer loop
      vertex -7.500000e-001  7.500000e-001  1.562500e-002
      vertex  7.385589e-001  7.385589e-001  1.562500e-002
      vertex  7.326395e-001  7.434168e-001  1.562500e-002
    endloop
  endfacet
  facet normal  0.000000e+000  0.000000e+000  9.999999e-001
    outer loop
      vertex -7.500000e-001  7.500000e-001  1.562500e-002
      vertex  7.326395e-001  7.434168e-001  1.562500e-002
      vertex  7.258860e-001  7.470266e-001  1.562500e-002
    endloop
  endfacet
  facet normal  0.000000e+000  0.000000e+000  1.000000e+000
    outer loop
      vertex -7.500000e-001  7.500000e-001  1.562500e-002
      vertex  7.258860e-001  7.470266e-001  1.562500e-002
      vertex  7.109375e-001  7.500000e-001  1.562500e-002
    endloop
  endfacet
  facet normal  0.000000e+000  0.000000e+000 -9.999999e-001
    outer loop
      vertex  7.185582e-001  7.492494e-001  0.000000e+000
      vertex  7.258860e-001  7.470266e-001  0.000000e+000
      vertex  7.109375e-001  7.500000e-001  0.000000e+000
    endloop
  endfacet
  facet normal  -0.000000e+000  -0.000000e+000 -1.000000e+000
    outer loop
      vertex -7.500000e-001  7.500000e-001  0.000000e+000
      vertex  7.109375e-001  7.500000e-001  0.000000e+000
      vertex  7.258860e-001  7.470266e-001  0.000000e+000
    endloop
  endfacet
  facet normal  -0.000000e+000  -0.000000e+000 -9.999999e-001
    outer loop
      vertex -7.500000e-001  7.500000e-001  0.000000e+000
      vertex  7.258860e-001  7.470266e-001  0.000000e+000
      vertex  7.326395e-001  7.434168e-001  0.000000e+000
    endloop
  endfacet
  facet normal  -0.000000e+000  -0.000000e+000 -1.000000e+000
    outer loop
      vertex -7.500000e-001  7.500000e-001  0.000000e+000
      vertex  7.326395e-001  7.434168e-001  0.000000e+000
      vertex  7.385589e-001  7.385589e-001  0.000000e+000
    endloop
  endfacet
  facet normal  -0.000000e+000  -0.000000e+000 -1.000000e+000
    outer loop
      vertex -7.500000e-001  7.500000e-001  0.000000e+000
      vertex  7.385589e-001  7.385589e-001  0.000000e+000
      vertex  7.434168e-001  7.326395e-001  0.000000e+000
    endloop
  endfacet
  facet normal  -0.000000e+000  -0.000000e+000 -1.000000e+000
    outer loop
      vertex -7.500000e-001  7.500000e-001  0.000000e+000
      vertex  7.434168e-001  7.326395e-001  0.000000e+000
      vertex  7.470266e-001  7.258860e-001  0.000000e+000
    endloop
  endfacet
  facet normal  -0.000000e+000  -0.000000e+000 -1.000000e+000
    outer loop
      vertex -7.500000e-001  7.500000e-001  0.000000e+000
      vertex  7.470266e-001  7.258860e-001  0.000000e+000
      vertex  7.492494e-001  7.185582e-001  0.000000e+000
    endloop
  endfacet
  facet normal  -0.000000e+000  -0.000000e+000 -1.000000e+000
    outer loop
      vertex -7.500000e-001  7.500000e-001  0.000000e+000
      vertex  7.492494e-001  7.185582e-001  0.000000e+000
      vertex  7.500000e-001  7.109375e-001  0.000000e+000
    endloop
  endfacet
  facet normal  -0.000000e+000  -0.000000e+000 -1.000000e+000
    outer loop
      vertex -7.500000e-001  7.500000e-001  0.000000e+000
      vertex  7.500000e-001  7.109375e-001  0.000000e+000
      vertex  7.500000e-001 -7.500000e-001  0.000000e+000
    endloop
  endfacet
  facet normal  0.000000e+000  0.000000e+000 -1.000000e+000
    outer loop
      vertex -7.500000e-001  7.500000e-001  0.000000e+000
      vertex  7.500000e-001 -7.500000e-001  0.000000e+000
      vertex -7.500000e-001 -7.500000e-001  0.000000e+000
    endloop
  endfacet
  facet normal  0.000000e+000  1.000000e+000  -0.000000e+000
    outer loop
      vertex  7.109375e-001  7.500000e-001  1.562500e-002
      vertex  7.109375e-001  7.500000e-001  0.000000e+000
      vertex -7.500000e-001  7.500000e-001  1.562500e-002
    endloop
  endfacet
  facet normal  0.000000e+000  1.000000e+000  0.000000e+000
    outer loop
      vertex -7.500000e-001  7.500000e-001  1.562500e-002
      vertex  7.109375e-001  7.500000e-001  0.000000e+000
      vertex -7.500000e-001  7.500000e-001  0.000000e+000
    endloop
  endfacet
  facet normal  1.000000e+000  0.000000e+000  0.000000e+000
    outer loop
      vertex  7.500000e-001 -7.500000e-001  1.562500e-002
      vertex  7.500000e-001 -7.500000e-001  0.000000e+000
      vertex  7.500000e-001  7.109375e-001  1.562500e-002
    endloop
  endfacet
  facet normal  1.000000e+000  0.000000e+000  0.000000e+000
    outer loop
      vertex  7.500000e-001  7.109375e-001  1.562500e-002
      vertex  7.500000e-001 -7.500000e-001  0.000000e+000
      vertex  7.500000e-001  7.109375e-001  0.000000e+000
    endloop
  endfacet
  facet normal  9.802084e-002  9.951843e-001  0.000000e+000
    outer loop
      vertex  7.109375e-001  7.500000e-001  0.000000e+000
      vertex  7.109375e-001  7.500000e-001  1.562500e-002
      vertex  7.185582e-001  7.492494e-001  0.000000e+000
    endloop
  endfacet
  facet normal  9.802084e-002  9.951843e-001  -0.000000e+000
    outer loop
      vertex  7.185582e-001  7.492494e-001  0.000000e+000
      vertex  7.109375e-001  7.500000e-001  1.562500e-002
      vertex  7.185582e-001  7.492494e-001  1.562500e-002
    endloop
  endfacet
  facet normal  2.902794e-001  9.569420e-001  0.000000e+000
    outer loop
      vertex  7.185582e-001  7.492494e-001  0.000000e+000
      vertex  7.185582e-001  7.492494e-001  1.562500e-002
      vertex  7.258860e-001  7.470266e-001  0.000000e+000
    endloop
  endfacet
  facet normal  2.902794e-001  9.569420e-001  -0.000000e+000
    outer loop
      vertex  7.258860e-001  7.470266e-001  0.000000e+000
      vertex  7.185582e-001  7.492494e-001  1.562500e-002
      vertex  7.258860e-001  7.470266e-001  1.562500e-002
    endloop
  endfacet
  facet normal  4.713953e-001  8.819221e-001  0.000000e+000
    outer loop
      vertex  7.258860e-001  7.470266e-001  0.000000e+000
      vertex  7.258860e-001  7.470266e-001  1.562500e-002
      vertex  7.326395e-001  7.434168e-001  0.000000e+000
    endloop
  endfacet
  facet normal  4.713953e-001  8.819221e-001  -0.000000e+000
    outer loop
      vertex  7.326395e-001  7.434168e-001  0.000000e+000
      vertex  7.258860e-001  7.470266e-001  1.562500e-002
      vertex  7.326395e-001  7.434168e-001  1.562500e-002
    endloop
  endfacet
  facet normal  6.343913e-001  7.730121e-001  0.000000e+000
    outer loop
      vertex  7.326395e-001  7.434168e-001  0.000000e+000
      vertex  7.326395e-001  7.434168e-001  1.562500e-002
      vertex  7.385589e-001  7.385589e-001  0.000000e+000
    endloop
  endfacet
  facet normal  6.343913e-001  7.730121e-001  -0.000000e+000
    outer loop
      vertex  7.385589e-001  7.385589e-001  0.000000e+000
      vertex  7.326395e-001  7.434168e-001  1.562500e-002
      vertex  7.385589e-001  7.385589e-001  1.562500e-002
    endloop
  endfacet
  facet normal  7.730121e-001  6.343913e-001  0.000000e+000
    outer loop
      vertex  7.385589e-001  7.385589e-001  0.000000e+000
      vertex  7.385589e-001  7.385589e-001  1.562500e-002
      vertex  7.434168e-001  7.326395e-001  0.000000e+000
    endloop
  endfacet
  facet normal  7.730121e-001  6.343913e-001  -0.000000e+000
    outer loop
      vertex  7.434168e-001  7.326395e-001  0.000000e+000
      vertex  7.385589e-001  7.385589e-001  1.562500e-002
      vertex  7.434168e-001  7.326395e-001  1.562500e-002
    endloop
  endfacet
  facet normal  8.819221e-001  4.713953e-001  0.000000e+000
    outer loop
      vertex  7.434168e-001  7.326395e-001  0.000000e+000
      vertex  7.434168e-001  7.326395e-001  1.562500e-002
      vertex  7.470266e-001  7.258860e-001  0.000000e+000
    endloop
  endfacet
  facet normal  8.819221e-001  4.713953e-001  -0.000000e+000
    outer loop
      vertex  7.470266e-001  7.258860e-001  0.000000e+000
      vertex  7.434168e-001  7.326395e-001  1.562500e-002
      vertex  7.470266e-001  7.258860e-001  1.562500e-002
    endloop
  endfacet
  facet normal  9.569420e-001  2.902794e-001  0.000000e+000
    outer loop
      vertex  7.470266e-001  7.258860e-001  0.000000e+000
      vertex  7.470266e-001  7.258860e-001  1.562500e-002
      vertex  7.492494e-001  7.185582e-001  0.000000e+000
    endloop
  endfacet
  facet normal  9.569420e-001  2.902794e-001  -0.000000e+000
    outer loop
      vertex  7.492494e-001  7.185582e-001  0.000000e+000
      vertex  7.470266e-001  7.258860e-001  1.562500e-002
      vertex  7.492494e-001  7.185582e-001  1.562500e-002
    endloop
  endfacet
  facet normal  9.951843e-001  9.802084e-002  0.000000e+000
    outer loop
      vertex  7.492494e-001  7.185582e-001  0.000000e+000
      vertex  7.492494e-001  7.185582e-001  1.562500e-002
      vertex  7.500000e-001  7.109375e-001  0.000000e+000
    endloop
  endfacet
  facet normal  9.951843e-001  9.802084e-002  -0.000000e+000
    outer loop
      vertex  7.500000e-001  7.109375e-001  0.000000e+000
      vertex  7.492494e-001  7.185582e-001  1.562500e-002
      vertex  7.500000e-001  7.109375e-001  1.562500e-002
    endloop
  endfacet
  facet normal -1.000000e+000  0.000000e+000  0.000000e+000
    outer loop
      vertex -7.500000e-001  7.500000e-001  1.562500e-002
      vertex -7.500000e-001  7.500000e-001  0.000000e+000
      vertex -7.500000e-001 -7.500000e-001  1.562500e-002
    endloop
  endfacet
  facet normal -1.000000e+000  0.000000e+000  0.000000e+000
    outer loop
      vertex -7.500000e-001 -7.500000e-001  1.562500e-002
      vertex -7.500000e-001  7.500000e-001  0.000000e+000
      vertex -7.500000e-001 -7.500000e-001  0.000000e+000
    endloop
  endfacet
  facet normal  0.000000e+000 -1.000000e+000  0.000000e+000
    outer loop
      vertex -7.500000e-001 -7.500000e-001  1.562500e-002
      vertex -7.500000e-001 -7.500000e-001  0.000000e+000
      vertex  7.500000e-001 -7.500000e-001  1.562500e-002
    endloop
  endfacet
  facet normal  0.000000e+000 -1.000000e+000  -0.000000e+000
    outer loop
      vertex  7.500000e-001 -7.500000e-001  1.562500e-002
      vertex -7.500000e-001 -7.500000e-001  0.000000e+000
      vertex  7.500000e-001 -7.500000e-001  0.000000e+000
    endloop
  endfacet
endsolid CATIA STL
