solid CATIA STL
  facet normal -5.551115e-017  1.000000e+000 -3.399078e-033
    outer loop
      vertex -1.250000e-001  0.000000e+000  0.000000e+000
      vertex -1.250000e-001  4.248847e-034  1.250000e-001
      vertex -6.250000e-002  3.469447e-018 -3.827021e-018
    endloop
  endfacet
  facet normal -5.551115e-017  1.000000e+000  0.000000e+000
    outer loop
      vertex -6.250000e-002  3.469447e-018 -3.827021e-018
      vertex -1.250000e-001  4.248847e-034  1.250000e-001
      vertex -6.250000e-002  3.469447e-018  1.250000e-001
    endloop
  endfacet
  facet normal  0.000000e+000  0.000000e+000  1.000000e+000
    outer loop
      vertex  1.112349e-017 -6.250000e-002  1.250000e-001
      vertex -1.200920e-003 -5.030686e-002  1.250000e-001
      vertex -4.757529e-003 -3.858228e-002  1.250000e-001
    endloop
  endfacet
  facet normal  0.000000e+000  0.000000e+000  1.000000e+000
    outer loop
      vertex  1.112349e-017 -6.250000e-002  1.250000e-001
      vertex -4.757529e-003 -3.858228e-002  1.250000e-001
      vertex -1.053315e-002 -2.777686e-002  1.250000e-001
    endloop
  endfacet
  facet normal  0.000000e+000  0.000000e+000  1.000000e+000
    outer loop
      vertex  1.112349e-017 -6.250000e-002  1.250000e-001
      vertex -1.053315e-002 -2.777686e-002  1.250000e-001
      vertex -1.830583e-002 -1.830583e-002  1.250000e-001
    endloop
  endfacet
  facet normal  0.000000e+000  0.000000e+000  1.000000e+000
    outer loop
      vertex  1.112349e-017 -6.250000e-002  1.250000e-001
      vertex -1.830583e-002 -1.830583e-002  1.250000e-001
      vertex -2.777686e-002 -1.053315e-002  1.250000e-001
    endloop
  endfacet
  facet normal  0.000000e+000  0.000000e+000  1.000000e+000
    outer loop
      vertex  1.112349e-017 -6.250000e-002  1.250000e-001
      vertex -2.777686e-002 -1.053315e-002  1.250000e-001
      vertex -3.858228e-002 -4.757529e-003  1.250000e-001
    endloop
  endfacet
  facet normal  0.000000e+000  0.000000e+000  1.000000e+000
    outer loop
      vertex  1.112349e-017 -6.250000e-002  1.250000e-001
      vertex -3.858228e-002 -4.757529e-003  1.250000e-001
      vertex -5.030686e-002 -1.200920e-003  1.250000e-001
    endloop
  endfacet
  facet normal  0.000000e+000  0.000000e+000  1.000000e+000
    outer loop
      vertex  1.112349e-017 -6.250000e-002  1.250000e-001
      vertex -5.030686e-002 -1.200920e-003  1.250000e-001
      vertex -6.250000e-002  3.469447e-018  1.250000e-001
    endloop
  endfacet
  facet normal  0.000000e+000  0.000000e+000  1.000000e+000
    outer loop
      vertex  1.112349e-017 -6.250000e-002  1.250000e-001
      vertex -6.250000e-002  3.469447e-018  1.250000e-001
      vertex -1.250000e-001  4.248847e-034  1.250000e-001
    endloop
  endfacet
  facet normal  0.000000e+000  0.000000e+000  1.000000e+000
    outer loop
      vertex  1.112349e-017 -6.250000e-002  1.250000e-001
      vertex -1.250000e-001  4.248847e-034  1.250000e-001
      vertex -1.250000e-001 -7.500000e-001  1.250000e-001
    endloop
  endfacet
  facet normal  0.000000e+000  0.000000e+000  1.000000e+000
    outer loop
      vertex  1.112349e-017 -6.250000e-002  1.250000e-001
      vertex -1.250000e-001 -7.500000e-001  1.250000e-001
      vertex  4.928740e-017 -7.500000e-001  1.250000e-001
    endloop
  endfacet
  facet normal  1.000000e+000  5.551115e-017 -6.123234e-017
    outer loop
      vertex  3.469447e-018 -6.250000e-002 -7.654043e-018
      vertex  1.112349e-017 -6.250000e-002  1.250000e-001
      vertex  4.163336e-017 -7.500000e-001 -7.654043e-018
    endloop
  endfacet
  facet normal  1.000000e+000  5.551115e-017 -6.123233e-017
    outer loop
      vertex  4.163336e-017 -7.500000e-001 -7.654043e-018
      vertex  1.112349e-017 -6.250000e-002  1.250000e-001
      vertex  4.928740e-017 -7.500000e-001  1.250000e-001
    endloop
  endfacet
  facet normal -6.123234e-017 -2.254617e-022 -1.000000e+000
    outer loop
      vertex -6.250000e-002  3.469447e-018 -3.827021e-018
      vertex -5.030686e-002 -1.200920e-003 -4.573636e-018
      vertex -1.250000e-001  0.000000e+000  0.000000e+000
    endloop
  endfacet
  facet normal -6.123234e-017 -3.399078e-033 -1.000000e+000
    outer loop
      vertex  3.469447e-018 -6.250000e-002 -7.654043e-018
      vertex  4.163336e-017 -7.500000e-001 -7.654043e-018
      vertex -1.250000e-001 -7.500000e-001  0.000000e+000
    endloop
  endfacet
  facet normal -6.123234e-017  0.000000e+000 -1.000000e+000
    outer loop
      vertex  3.469447e-018 -6.250000e-002 -7.654043e-018
      vertex -1.250000e-001 -7.500000e-001  0.000000e+000
      vertex -1.250000e-001  0.000000e+000  0.000000e+000
    endloop
  endfacet
  facet normal -6.123234e-017  7.490846e-024 -1.000000e+000
    outer loop
      vertex  3.469447e-018 -6.250000e-002 -7.654043e-018
      vertex -1.250000e-001  0.000000e+000  0.000000e+000
      vertex -5.030686e-002 -1.200920e-003 -4.573636e-018
    endloop
  endfacet
  facet normal -6.123232e-017  2.204642e-023 -1.000000e+000
    outer loop
      vertex  3.469447e-018 -6.250000e-002 -7.654043e-018
      vertex -5.030686e-002 -1.200920e-003 -4.573636e-018
      vertex -3.858228e-002 -4.757529e-003 -5.291559e-018
    endloop
  endfacet
  facet normal -6.123235e-017  5.917284e-024 -1.000000e+000
    outer loop
      vertex  3.469447e-018 -6.250000e-002 -7.654043e-018
      vertex -3.858228e-002 -4.757529e-003 -5.291559e-018
      vertex -2.777686e-002 -1.053315e-002 -5.953200e-018
    endloop
  endfacet
  facet normal -6.123240e-017 -1.934050e-023 -1.000000e+000
    outer loop
      vertex  3.469447e-018 -6.250000e-002 -7.654043e-018
      vertex -2.777686e-002 -1.053315e-002 -5.953200e-018
      vertex -1.830583e-002 -1.830583e-002 -6.533134e-018
    endloop
  endfacet
  facet normal -6.123218e-017  6.996772e-023 -1.000000e+000
    outer loop
      vertex  3.469447e-018 -6.250000e-002 -7.654043e-018
      vertex -1.830583e-002 -1.830583e-002 -6.533134e-018
      vertex -1.053315e-002 -2.777686e-002 -7.009073e-018
    endloop
  endfacet
  facet normal -6.123247e-017 -1.805693e-023 -1.000000e+000
    outer loop
      vertex  3.469447e-018 -6.250000e-002 -7.654043e-018
      vertex -1.053315e-002 -2.777686e-002 -7.009073e-018
      vertex -4.757529e-003 -3.858228e-002 -7.362728e-018
    endloop
  endfacet
  facet normal -6.123210e-017  5.615514e-023 -1.000000e+000
    outer loop
      vertex  3.469447e-018 -6.250000e-002 -7.654043e-018
      vertex -4.757529e-003 -3.858228e-002 -7.362728e-018
      vertex -1.200920e-003 -5.030686e-002 -7.580507e-018
    endloop
  endfacet
  facet normal  9.801716e-002  9.951848e-001  0.000000e+000
    outer loop
      vertex -6.250000e-002  3.469447e-018 -3.827021e-018
      vertex -6.250000e-002  3.469447e-018  1.250000e-001
      vertex -5.030686e-002 -1.200920e-003 -4.573636e-018
    endloop
  endfacet
  facet normal  9.801716e-002  9.951848e-001  -0.000000e+000
    outer loop
      vertex -5.030686e-002 -1.200920e-003 -4.573636e-018
      vertex -6.250000e-002  3.469447e-018  1.250000e-001
      vertex -5.030686e-002 -1.200920e-003  1.250000e-001
    endloop
  endfacet
  facet normal  2.902846e-001  9.569404e-001  0.000000e+000
    outer loop
      vertex -5.030686e-002 -1.200920e-003 -4.573636e-018
      vertex -5.030686e-002 -1.200920e-003  1.250000e-001
      vertex -3.858228e-002 -4.757529e-003 -5.291559e-018
    endloop
  endfacet
  facet normal  2.902846e-001  9.569404e-001  -0.000000e+000
    outer loop
      vertex -3.858228e-002 -4.757529e-003 -5.291559e-018
      vertex -5.030686e-002 -1.200920e-003  1.250000e-001
      vertex -3.858228e-002 -4.757529e-003  1.250000e-001
    endloop
  endfacet
  facet normal  4.713968e-001  8.819213e-001  0.000000e+000
    outer loop
      vertex -3.858228e-002 -4.757529e-003 -5.291559e-018
      vertex -3.858228e-002 -4.757529e-003  1.250000e-001
      vertex -2.777686e-002 -1.053315e-002 -5.953200e-018
    endloop
  endfacet
  facet normal  4.713968e-001  8.819213e-001  -0.000000e+000
    outer loop
      vertex -2.777686e-002 -1.053315e-002 -5.953200e-018
      vertex -3.858228e-002 -4.757529e-003  1.250000e-001
      vertex -2.777686e-002 -1.053315e-002  1.250000e-001
    endloop
  endfacet
  facet normal  6.343934e-001  7.730104e-001  0.000000e+000
    outer loop
      vertex -2.777686e-002 -1.053315e-002 -5.953200e-018
      vertex -2.777686e-002 -1.053315e-002  1.250000e-001
      vertex -1.830583e-002 -1.830583e-002 -6.533134e-018
    endloop
  endfacet
  facet normal  6.343934e-001  7.730104e-001  -0.000000e+000
    outer loop
      vertex -1.830583e-002 -1.830583e-002 -6.533134e-018
      vertex -2.777686e-002 -1.053315e-002  1.250000e-001
      vertex -1.830583e-002 -1.830583e-002  1.250000e-001
    endloop
  endfacet
  facet normal  7.730104e-001  6.343934e-001  0.000000e+000
    outer loop
      vertex -1.830583e-002 -1.830583e-002 -6.533134e-018
      vertex -1.830583e-002 -1.830583e-002  1.250000e-001
      vertex -1.053315e-002 -2.777686e-002 -7.009073e-018
    endloop
  endfacet
  facet normal  7.730104e-001  6.343934e-001  -0.000000e+000
    outer loop
      vertex -1.053315e-002 -2.777686e-002 -7.009073e-018
      vertex -1.830583e-002 -1.830583e-002  1.250000e-001
      vertex -1.053315e-002 -2.777686e-002  1.250000e-001
    endloop
  endfacet
  facet normal  8.819213e-001  4.713968e-001  0.000000e+000
    outer loop
      vertex -1.053315e-002 -2.777686e-002 -7.009073e-018
      vertex -1.053315e-002 -2.777686e-002  1.250000e-001
      vertex -4.757529e-003 -3.858228e-002 -7.362728e-018
    endloop
  endfacet
  facet normal  8.819213e-001  4.713968e-001  -0.000000e+000
    outer loop
      vertex -4.757529e-003 -3.858228e-002 -7.362728e-018
      vertex -1.053315e-002 -2.777686e-002  1.250000e-001
      vertex -4.757529e-003 -3.858228e-002  1.250000e-001
    endloop
  endfacet
  facet normal  9.569404e-001  2.902846e-001  0.000000e+000
    outer loop
      vertex -4.757529e-003 -3.858228e-002 -7.362728e-018
      vertex -4.757529e-003 -3.858228e-002  1.250000e-001
      vertex -1.200920e-003 -5.030686e-002 -7.580507e-018
    endloop
  endfacet
  facet normal  9.569404e-001  2.902846e-001  -0.000000e+000
    outer loop
      vertex -1.200920e-003 -5.030686e-002 -7.580507e-018
      vertex -4.757529e-003 -3.858228e-002  1.250000e-001
      vertex -1.200920e-003 -5.030686e-002  1.250000e-001
    endloop
  endfacet
  facet normal  9.951848e-001  9.801716e-002  0.000000e+000
    outer loop
      vertex -1.200920e-003 -5.030686e-002 -7.580507e-018
      vertex -1.200920e-003 -5.030686e-002  1.250000e-001
      vertex  3.469447e-018 -6.250000e-002 -7.654043e-018
    endloop
  endfacet
  facet normal  9.951848e-001  9.801716e-002 -6.093750e-017
    outer loop
      vertex  3.469447e-018 -6.250000e-002 -7.654043e-018
      vertex -1.200920e-003 -5.030686e-002  1.250000e-001
      vertex  1.112349e-017 -6.250000e-002  1.250000e-001
    endloop
  endfacet
  facet normal  0.000000e+000 -1.000000e+000  0.000000e+000
    outer loop
      vertex -1.250000e-001 -7.500000e-001  0.000000e+000
      vertex  4.163336e-017 -7.500000e-001 -7.654043e-018
      vertex -1.250000e-001 -7.500000e-001  1.250000e-001
    endloop
  endfacet
  facet normal  0.000000e+000 -1.000000e+000  0.000000e+000
    outer loop
      vertex -1.250000e-001 -7.500000e-001  1.250000e-001
      vertex  4.163336e-017 -7.500000e-001 -7.654043e-018
      vertex  4.928740e-017 -7.500000e-001  1.250000e-001
    endloop
  endfacet
  facet normal -1.000000e+000  0.000000e+000  0.000000e+000
    outer loop
      vertex -1.250000e-001  4.248847e-034  1.250000e-001
      vertex -1.250000e-001  0.000000e+000  0.000000e+000
      vertex -1.250000e-001 -7.500000e-001  1.250000e-001
    endloop
  endfacet
  facet normal -1.000000e+000  0.000000e+000  0.000000e+000
    outer loop
      vertex -1.250000e-001 -7.500000e-001  1.250000e-001
      vertex -1.250000e-001  0.000000e+000  0.000000e+000
      vertex -1.250000e-001 -7.500000e-001  0.000000e+000
    endloop
  endfacet
endsolid CATIA STL
