solid CATIA STL
  facet normal  -0.000000e+000  0.000000e+000  1.000000e+000
    outer loop
      vertex -5.305921e-001  1.953125e-001  3.906250e-002
      vertex -7.500000e-001  1.953125e-001  3.906250e-002
      vertex -5.305921e-001 -2.421875e-001  3.906250e-002
    endloop
  endfacet
  facet normal  0.000000e+000  0.000000e+000  1.000000e+000
    outer loop
      vertex -5.305921e-001 -2.421875e-001  3.906250e-002
      vertex -7.500000e-001  1.953125e-001  3.906250e-002
      vertex -7.500000e-001 -2.578125e-001  3.906250e-002
    endloop
  endfacet
  facet normal  0.000000e+000  0.000000e+000  1.000000e+000
    outer loop
      vertex -5.305921e-001 -2.421875e-001  3.906250e-002
      vertex -7.500000e-001 -2.578125e-001  3.906250e-002
      vertex -6.009046e-001 -2.578125e-001  3.906250e-002
    endloop
  endfacet
  facet normal  0.000000e+000  0.000000e+000 -1.000000e+000
    outer loop
      vertex -6.009046e-001 -2.578125e-001  0.000000e+000
      vertex -7.500000e-001 -2.578125e-001  0.000000e+000
      vertex -5.305921e-001 -2.421875e-001  0.000000e+000
    endloop
  endfacet
  facet normal  -0.000000e+000  0.000000e+000 -1.000000e+000
    outer loop
      vertex -5.305921e-001 -2.421875e-001  0.000000e+000
      vertex -7.500000e-001 -2.578125e-001  0.000000e+000
      vertex -7.500000e-001  1.953125e-001  0.000000e+000
    endloop
  endfacet
  facet normal  0.000000e+000  0.000000e+000 -1.000000e+000
    outer loop
      vertex -5.305921e-001 -2.421875e-001  0.000000e+000
      vertex -7.500000e-001  1.953125e-001  0.000000e+000
      vertex -5.305921e-001  1.953125e-001  0.000000e+000
    endloop
  endfacet
  facet normal  1.000000e+000  0.000000e+000  0.000000e+000
    outer loop
      vertex -5.305921e-001 -2.421875e-001  3.906250e-002
      vertex -5.305921e-001 -2.421875e-001  0.000000e+000
      vertex -5.305921e-001  1.953125e-001  3.906250e-002
    endloop
  endfacet
  facet normal  1.000000e+000  0.000000e+000  0.000000e+000
    outer loop
      vertex -5.305921e-001  1.953125e-001  3.906250e-002
      vertex -5.305921e-001 -2.421875e-001  0.000000e+000
      vertex -5.305921e-001  1.953125e-001  0.000000e+000
    endloop
  endfacet
  facet normal  0.000000e+000 -1.000000e+000  0.000000e+000
    outer loop
      vertex -7.500000e-001 -2.578125e-001  3.906250e-002
      vertex -7.500000e-001 -2.578125e-001  0.000000e+000
      vertex -6.009046e-001 -2.578125e-001  3.906250e-002
    endloop
  endfacet
  facet normal  0.000000e+000 -1.000000e+000  -0.000000e+000
    outer loop
      vertex -6.009046e-001 -2.578125e-001  3.906250e-002
      vertex -7.500000e-001 -2.578125e-001  0.000000e+000
      vertex -6.009046e-001 -2.578125e-001  0.000000e+000
    endloop
  endfacet
  facet normal  2.169305e-001 -9.761871e-001  0.000000e+000
    outer loop
      vertex -5.305921e-001 -2.421875e-001  3.906250e-002
      vertex -6.009046e-001 -2.578125e-001  3.906250e-002
      vertex -5.305921e-001 -2.421875e-001  0.000000e+000
    endloop
  endfacet
  facet normal  2.169305e-001 -9.761871e-001  0.000000e+000
    outer loop
      vertex -5.305921e-001 -2.421875e-001  0.000000e+000
      vertex -6.009046e-001 -2.578125e-001  3.906250e-002
      vertex -6.009046e-001 -2.578125e-001  0.000000e+000
    endloop
  endfacet
  facet normal -1.000000e+000  0.000000e+000  0.000000e+000
    outer loop
      vertex -7.500000e-001  1.953125e-001  3.906250e-002
      vertex -7.500000e-001  1.953125e-001  0.000000e+000
      vertex -7.500000e-001 -2.578125e-001  3.906250e-002
    endloop
  endfacet
  facet normal -1.000000e+000  0.000000e+000  0.000000e+000
    outer loop
      vertex -7.500000e-001 -2.578125e-001  3.906250e-002
      vertex -7.500000e-001  1.953125e-001  0.000000e+000
      vertex -7.500000e-001 -2.578125e-001  0.000000e+000
    endloop
  endfacet
  facet normal  0.000000e+000  1.000000e+000  -0.000000e+000
    outer loop
      vertex -5.305921e-001  1.953125e-001  3.906250e-002
      vertex -5.305921e-001  1.953125e-001  0.000000e+000
      vertex -7.500000e-001  1.953125e-001  3.906250e-002
    endloop
  endfacet
  facet normal  0.000000e+000  1.000000e+000  0.000000e+000
    outer loop
      vertex -7.500000e-001  1.953125e-001  3.906250e-002
      vertex -5.305921e-001  1.953125e-001  0.000000e+000
      vertex -7.500000e-001  1.953125e-001  0.000000e+000
    endloop
  endfacet
  facet normal  -0.000000e+000  -0.000000e+000  1.000000e+000
    outer loop
      vertex  0.000000e+000  7.812500e-002  1.093750e-001
      vertex  1.501150e-003  6.288357e-002  1.093750e-001
      vertex  5.946911e-003  4.822786e-002  1.093750e-001
    endloop
  endfacet
  facet normal  -0.000000e+000  -0.000000e+000  1.000000e+000
    outer loop
      vertex  0.000000e+000  7.812500e-002  1.093750e-001
      vertex  5.946911e-003  4.822786e-002  1.093750e-001
      vertex  1.316644e-002  3.472108e-002  1.093750e-001
    endloop
  endfacet
  facet normal  -0.000000e+000  -0.000000e+000  1.000000e+000
    outer loop
      vertex  0.000000e+000  7.812500e-002  1.093750e-001
      vertex  1.316644e-002  3.472108e-002  1.093750e-001
      vertex  2.288228e-002  2.288228e-002  1.093750e-001
    endloop
  endfacet
  facet normal  -0.000000e+000  -0.000000e+000  1.000000e+000
    outer loop
      vertex  0.000000e+000  7.812500e-002  1.093750e-001
      vertex  2.288228e-002  2.288228e-002  1.093750e-001
      vertex  3.472108e-002  1.316644e-002  1.093750e-001
    endloop
  endfacet
  facet normal  -0.000000e+000  -0.000000e+000  1.000000e+000
    outer loop
      vertex  0.000000e+000  7.812500e-002  1.093750e-001
      vertex  3.472108e-002  1.316644e-002  1.093750e-001
      vertex  4.822786e-002  5.946911e-003  1.093750e-001
    endloop
  endfacet
  facet normal  -0.000000e+000  -0.000000e+000  1.000000e+000
    outer loop
      vertex  0.000000e+000  7.812500e-002  1.093750e-001
      vertex  4.822786e-002  5.946911e-003  1.093750e-001
      vertex  6.288357e-002  1.501150e-003  1.093750e-001
    endloop
  endfacet
  facet normal  -0.000000e+000  -0.000000e+000  1.000000e+000
    outer loop
      vertex  0.000000e+000  7.812500e-002  1.093750e-001
      vertex  6.288357e-002  1.501150e-003  1.093750e-001
      vertex  7.812500e-002  0.000000e+000  1.093750e-001
    endloop
  endfacet
  facet normal  0.000000e+000  -0.000000e+000  1.000000e+000
    outer loop
      vertex  0.000000e+000  7.812500e-002  1.093750e-001
      vertex  7.812500e-002  0.000000e+000  1.093750e-001
      vertex  2.194079e-001  0.000000e+000  1.093750e-001
    endloop
  endfacet
  facet normal  0.000000e+000  -0.000000e+000  9.999999e-001
    outer loop
      vertex  0.000000e+000  7.812500e-002  1.093750e-001
      vertex  2.194079e-001  0.000000e+000  1.093750e-001
      vertex  2.194079e-001  4.531250e-001  1.093750e-001
    endloop
  endfacet
  facet normal  0.000000e+000  0.000000e+000  1.000000e+000
    outer loop
      vertex  0.000000e+000  7.812500e-002  1.093750e-001
      vertex  2.194079e-001  4.531250e-001  1.093750e-001
      vertex  0.000000e+000  4.531250e-001  1.093750e-001
    endloop
  endfacet
  facet normal  0.000000e+000  0.000000e+000 -1.000000e+000
    outer loop
      vertex  0.000000e+000  7.812500e-002  0.000000e+000
      vertex  0.000000e+000  4.531250e-001  0.000000e+000
      vertex  2.194079e-001  4.531250e-001  0.000000e+000
    endloop
  endfacet
  facet normal  0.000000e+000  -0.000000e+000 -9.999999e-001
    outer loop
      vertex  0.000000e+000  7.812500e-002  0.000000e+000
      vertex  2.194079e-001  4.531250e-001  0.000000e+000
      vertex  2.194079e-001  0.000000e+000  0.000000e+000
    endloop
  endfacet
  facet normal  0.000000e+000  0.000000e+000 -1.000000e+000
    outer loop
      vertex  0.000000e+000  7.812500e-002  0.000000e+000
      vertex  2.194079e-001  0.000000e+000  0.000000e+000
      vertex  7.812500e-002  0.000000e+000  0.000000e+000
    endloop
  endfacet
  facet normal  0.000000e+000  0.000000e+000 -1.000000e+000
    outer loop
      vertex  0.000000e+000  7.812500e-002  0.000000e+000
      vertex  7.812500e-002  0.000000e+000  0.000000e+000
      vertex  6.288357e-002  1.501150e-003  0.000000e+000
    endloop
  endfacet
  facet normal  0.000000e+000  0.000000e+000 -1.000000e+000
    outer loop
      vertex  0.000000e+000  7.812500e-002  0.000000e+000
      vertex  6.288357e-002  1.501150e-003  0.000000e+000
      vertex  4.822786e-002  5.946911e-003  0.000000e+000
    endloop
  endfacet
  facet normal  0.000000e+000  0.000000e+000 -1.000000e+000
    outer loop
      vertex  0.000000e+000  7.812500e-002  0.000000e+000
      vertex  4.822786e-002  5.946911e-003  0.000000e+000
      vertex  3.472108e-002  1.316644e-002  0.000000e+000
    endloop
  endfacet
  facet normal  0.000000e+000  0.000000e+000 -1.000000e+000
    outer loop
      vertex  0.000000e+000  7.812500e-002  0.000000e+000
      vertex  3.472108e-002  1.316644e-002  0.000000e+000
      vertex  2.288228e-002  2.288228e-002  0.000000e+000
    endloop
  endfacet
  facet normal  0.000000e+000  0.000000e+000 -1.000000e+000
    outer loop
      vertex  0.000000e+000  7.812500e-002  0.000000e+000
      vertex  2.288228e-002  2.288228e-002  0.000000e+000
      vertex  1.316644e-002  3.472108e-002  0.000000e+000
    endloop
  endfacet
  facet normal  0.000000e+000  0.000000e+000 -1.000000e+000
    outer loop
      vertex  0.000000e+000  7.812500e-002  0.000000e+000
      vertex  1.316644e-002  3.472108e-002  0.000000e+000
      vertex  5.946911e-003  4.822786e-002  0.000000e+000
    endloop
  endfacet
  facet normal  0.000000e+000  0.000000e+000 -1.000000e+000
    outer loop
      vertex  0.000000e+000  7.812500e-002  0.000000e+000
      vertex  5.946911e-003  4.822786e-002  0.000000e+000
      vertex  1.501150e-003  6.288357e-002  0.000000e+000
    endloop
  endfacet
  facet normal -1.000000e+000  0.000000e+000  0.000000e+000
    outer loop
      vertex  0.000000e+000  4.531250e-001  1.093750e-001
      vertex  0.000000e+000  4.531250e-001  0.000000e+000
      vertex  0.000000e+000  7.812500e-002  1.093750e-001
    endloop
  endfacet
  facet normal -1.000000e+000  0.000000e+000  0.000000e+000
    outer loop
      vertex  0.000000e+000  7.812500e-002  1.093750e-001
      vertex  0.000000e+000  4.531250e-001  0.000000e+000
      vertex  0.000000e+000  7.812500e-002  0.000000e+000
    endloop
  endfacet
  facet normal  0.000000e+000 -1.000000e+000  0.000000e+000
    outer loop
      vertex  7.812500e-002  0.000000e+000  1.093750e-001
      vertex  7.812500e-002  0.000000e+000  0.000000e+000
      vertex  2.194079e-001  0.000000e+000  1.093750e-001
    endloop
  endfacet
  facet normal  0.000000e+000 -1.000000e+000  -0.000000e+000
    outer loop
      vertex  2.194079e-001  0.000000e+000  1.093750e-001
      vertex  7.812500e-002  0.000000e+000  0.000000e+000
      vertex  2.194079e-001  0.000000e+000  0.000000e+000
    endloop
  endfacet
  facet normal -9.801715e-002 -9.951847e-001  -0.000000e+000
    outer loop
      vertex  7.812500e-002  0.000000e+000  0.000000e+000
      vertex  7.812500e-002  0.000000e+000  1.093750e-001
      vertex  6.288357e-002  1.501150e-003  0.000000e+000
    endloop
  endfacet
  facet normal -9.801715e-002 -9.951847e-001  0.000000e+000
    outer loop
      vertex  6.288357e-002  1.501150e-003  0.000000e+000
      vertex  7.812500e-002  0.000000e+000  1.093750e-001
      vertex  6.288357e-002  1.501150e-003  1.093750e-001
    endloop
  endfacet
  facet normal -2.902847e-001 -9.569404e-001  -0.000000e+000
    outer loop
      vertex  6.288357e-002  1.501150e-003  0.000000e+000
      vertex  6.288357e-002  1.501150e-003  1.093750e-001
      vertex  4.822786e-002  5.946911e-003  0.000000e+000
    endloop
  endfacet
  facet normal -2.902847e-001 -9.569404e-001  0.000000e+000
    outer loop
      vertex  4.822786e-002  5.946911e-003  0.000000e+000
      vertex  6.288357e-002  1.501150e-003  1.093750e-001
      vertex  4.822786e-002  5.946911e-003  1.093750e-001
    endloop
  endfacet
  facet normal -4.713967e-001 -8.819212e-001  -0.000000e+000
    outer loop
      vertex  4.822786e-002  5.946911e-003  0.000000e+000
      vertex  4.822786e-002  5.946911e-003  1.093750e-001
      vertex  3.472108e-002  1.316644e-002  0.000000e+000
    endloop
  endfacet
  facet normal -4.713967e-001 -8.819212e-001  0.000000e+000
    outer loop
      vertex  3.472108e-002  1.316644e-002  0.000000e+000
      vertex  4.822786e-002  5.946911e-003  1.093750e-001
      vertex  3.472108e-002  1.316644e-002  1.093750e-001
    endloop
  endfacet
  facet normal -6.343932e-001 -7.730105e-001  -0.000000e+000
    outer loop
      vertex  3.472108e-002  1.316644e-002  0.000000e+000
      vertex  3.472108e-002  1.316644e-002  1.093750e-001
      vertex  2.288228e-002  2.288228e-002  0.000000e+000
    endloop
  endfacet
  facet normal -6.343932e-001 -7.730105e-001  0.000000e+000
    outer loop
      vertex  2.288228e-002  2.288228e-002  0.000000e+000
      vertex  3.472108e-002  1.316644e-002  1.093750e-001
      vertex  2.288228e-002  2.288228e-002  1.093750e-001
    endloop
  endfacet
  facet normal -7.730105e-001 -6.343932e-001  -0.000000e+000
    outer loop
      vertex  2.288228e-002  2.288228e-002  0.000000e+000
      vertex  2.288228e-002  2.288228e-002  1.093750e-001
      vertex  1.316644e-002  3.472108e-002  0.000000e+000
    endloop
  endfacet
  facet normal -7.730105e-001 -6.343932e-001  0.000000e+000
    outer loop
      vertex  1.316644e-002  3.472108e-002  0.000000e+000
      vertex  2.288228e-002  2.288228e-002  1.093750e-001
      vertex  1.316644e-002  3.472108e-002  1.093750e-001
    endloop
  endfacet
  facet normal -8.819212e-001 -4.713967e-001  -0.000000e+000
    outer loop
      vertex  1.316644e-002  3.472108e-002  0.000000e+000
      vertex  1.316644e-002  3.472108e-002  1.093750e-001
      vertex  5.946911e-003  4.822786e-002  0.000000e+000
    endloop
  endfacet
  facet normal -8.819212e-001 -4.713967e-001  0.000000e+000
    outer loop
      vertex  5.946911e-003  4.822786e-002  0.000000e+000
      vertex  1.316644e-002  3.472108e-002  1.093750e-001
      vertex  5.946911e-003  4.822786e-002  1.093750e-001
    endloop
  endfacet
  facet normal -9.569404e-001 -2.902847e-001  -0.000000e+000
    outer loop
      vertex  5.946911e-003  4.822786e-002  0.000000e+000
      vertex  5.946911e-003  4.822786e-002  1.093750e-001
      vertex  1.501150e-003  6.288357e-002  0.000000e+000
    endloop
  endfacet
  facet normal -9.569404e-001 -2.902847e-001  0.000000e+000
    outer loop
      vertex  1.501150e-003  6.288357e-002  0.000000e+000
      vertex  5.946911e-003  4.822786e-002  1.093750e-001
      vertex  1.501150e-003  6.288357e-002  1.093750e-001
    endloop
  endfacet
  facet normal -9.951847e-001 -9.801715e-002  -0.000000e+000
    outer loop
      vertex  1.501150e-003  6.288357e-002  0.000000e+000
      vertex  1.501150e-003  6.288357e-002  1.093750e-001
      vertex  0.000000e+000  7.812500e-002  0.000000e+000
    endloop
  endfacet
  facet normal -9.951847e-001 -9.801715e-002  0.000000e+000
    outer loop
      vertex  0.000000e+000  7.812500e-002  0.000000e+000
      vertex  1.501150e-003  6.288357e-002  1.093750e-001
      vertex  0.000000e+000  7.812500e-002  1.093750e-001
    endloop
  endfacet
  facet normal  0.000000e+000  1.000000e+000  -0.000000e+000
    outer loop
      vertex  2.194079e-001  4.531250e-001  1.093750e-001
      vertex  2.194079e-001  4.531250e-001  0.000000e+000
      vertex  0.000000e+000  4.531250e-001  1.093750e-001
    endloop
  endfacet
  facet normal  0.000000e+000  1.000000e+000  0.000000e+000
    outer loop
      vertex  0.000000e+000  4.531250e-001  1.093750e-001
      vertex  2.194079e-001  4.531250e-001  0.000000e+000
      vertex  0.000000e+000  4.531250e-001  0.000000e+000
    endloop
  endfacet
  facet normal  1.000000e+000  0.000000e+000  0.000000e+000
    outer loop
      vertex  2.194079e-001  0.000000e+000  1.093750e-001
      vertex  2.194079e-001  0.000000e+000  0.000000e+000
      vertex  2.194079e-001  4.531250e-001  1.093750e-001
    endloop
  endfacet
  facet normal  1.000000e+000  0.000000e+000  0.000000e+000
    outer loop
      vertex  2.194079e-001  4.531250e-001  1.093750e-001
      vertex  2.194079e-001  0.000000e+000  0.000000e+000
      vertex  2.194079e-001  4.531250e-001  0.000000e+000
    endloop
  endfacet
endsolid CATIA STL
