solid CATIA STL
  facet normal  0.000000e+000 -1.000000e+000  0.000000e+000
    outer loop
      vertex  5.000000e-001 -7.812500e-003  0.000000e+000
      vertex  7.527961e-001 -7.812500e-003 -1.547929e-017
      vertex  5.000000e-001 -7.812500e-003  3.984375e-001
    endloop
  endfacet
  facet normal  0.000000e+000 -1.000000e+000  0.000000e+000
    outer loop
      vertex  5.000000e-001 -7.812500e-003  3.984375e-001
      vertex  7.527961e-001 -7.812500e-003 -1.547929e-017
      vertex  7.527961e-001 -7.812500e-003  4.140625e-001
    endloop
  endfacet
  facet normal  -0.000000e+000 -1.000000e+000  0.000000e+000
    outer loop
      vertex  5.000000e-001 -7.812500e-003  3.984375e-001
      vertex  7.527961e-001 -7.812500e-003  4.140625e-001
      vertex  5.781250e-001 -7.812500e-003  4.140625e-001
    endloop
  endfacet
  facet normal -1.110223e-016  1.000000e+000  0.000000e+000
    outer loop
      vertex  5.781250e-001  8.673617e-018  4.140625e-001
      vertex  7.527961e-001  2.806600e-017  4.140625e-001
      vertex  5.000000e-001  2.708640e-033  3.984375e-001
    endloop
  endfacet
  facet normal -1.110223e-016  1.000000e+000  0.000000e+000
    outer loop
      vertex  5.000000e-001  2.708640e-033  3.984375e-001
      vertex  7.527961e-001  2.806600e-017  4.140625e-001
      vertex  7.527961e-001  2.806600e-017 -1.547929e-017
    endloop
  endfacet
  facet normal -1.110223e-016  1.000000e+000  0.000000e+000
    outer loop
      vertex  5.000000e-001  2.708640e-033  3.984375e-001
      vertex  7.527961e-001  2.806600e-017 -1.547929e-017
      vertex  5.000000e-001  0.000000e+000  0.000000e+000
    endloop
  endfacet
  facet normal -1.000000e+000  -0.000000e+000  0.000000e+000
    outer loop
      vertex  5.000000e-001 -7.812500e-003  3.984375e-001
      vertex  5.000000e-001  2.708640e-033  3.984375e-001
      vertex  5.000000e-001 -7.812500e-003  0.000000e+000
    endloop
  endfacet
  facet normal -1.000000e+000  0.000000e+000  0.000000e+000
    outer loop
      vertex  5.000000e-001 -7.812500e-003  0.000000e+000
      vertex  5.000000e-001  2.708640e-033  3.984375e-001
      vertex  5.000000e-001  0.000000e+000  0.000000e+000
    endloop
  endfacet
  facet normal  0.000000e+000  0.000000e+000  1.000000e+000
    outer loop
      vertex  7.527961e-001 -7.812500e-003  4.140625e-001
      vertex  7.527961e-001  2.806600e-017  4.140625e-001
      vertex  5.781250e-001 -7.812500e-003  4.140625e-001
    endloop
  endfacet
  facet normal  0.000000e+000  0.000000e+000  1.000000e+000
    outer loop
      vertex  5.781250e-001 -7.812500e-003  4.140625e-001
      vertex  7.527961e-001  2.806600e-017  4.140625e-001
      vertex  5.781250e-001  8.673617e-018  4.140625e-001
    endloop
  endfacet
  facet normal -1.961161e-001  0.000000e+000  9.805807e-001
    outer loop
      vertex  5.000000e-001 -7.812500e-003  3.984375e-001
      vertex  5.781250e-001 -7.812500e-003  4.140625e-001
      vertex  5.000000e-001  2.708640e-033  3.984375e-001
    endloop
  endfacet
  facet normal -1.961161e-001  0.000000e+000  9.805807e-001
    outer loop
      vertex  5.000000e-001  2.708640e-033  3.984375e-001
      vertex  5.781250e-001 -7.812500e-003  4.140625e-001
      vertex  5.781250e-001  8.673617e-018  4.140625e-001
    endloop
  endfacet
  facet normal  1.000000e+000  0.000000e+000  0.000000e+000
    outer loop
      vertex  7.527961e-001 -7.812500e-003 -1.547929e-017
      vertex  7.527961e-001  2.806600e-017 -1.547929e-017
      vertex  7.527961e-001 -7.812500e-003  4.140625e-001
    endloop
  endfacet
  facet normal  1.000000e+000  -0.000000e+000  0.000000e+000
    outer loop
      vertex  7.527961e-001 -7.812500e-003  4.140625e-001
      vertex  7.527961e-001  2.806600e-017 -1.547929e-017
      vertex  7.527961e-001  2.806600e-017  4.140625e-001
    endloop
  endfacet
  facet normal -6.123234e-017  -0.000000e+000 -1.000000e+000
    outer loop
      vertex  5.000000e-001 -7.812500e-003  0.000000e+000
      vertex  5.000000e-001  0.000000e+000  0.000000e+000
      vertex  7.527961e-001 -7.812500e-003 -1.547929e-017
    endloop
  endfacet
  facet normal -6.123234e-017  0.000000e+000 -1.000000e+000
    outer loop
      vertex  7.527961e-001 -7.812500e-003 -1.547929e-017
      vertex  5.000000e-001  0.000000e+000  0.000000e+000
      vertex  7.527961e-001  2.806600e-017 -1.547929e-017
    endloop
  endfacet
  facet normal  0.000000e+000 -9.999999e-001  0.000000e+000
    outer loop
      vertex  3.515625e-001 -7.812500e-003  0.000000e+000
      vertex  4.474507e-001 -7.812500e-003 -5.871456e-018
      vertex  3.515625e-001 -7.812500e-003  4.140625e-001
    endloop
  endfacet
  facet normal  0.000000e+000 -9.999999e-001  0.000000e+000
    outer loop
      vertex  3.515625e-001 -7.812500e-003  4.140625e-001
      vertex  4.474507e-001 -7.812500e-003 -5.871456e-018
      vertex  4.474507e-001 -7.812500e-003  4.140625e-001
    endloop
  endfacet
  facet normal -5.551114e-017  9.999999e-001 -3.399077e-033
    outer loop
      vertex  3.515625e-001  0.000000e+000  0.000000e+000
      vertex  3.515625e-001  1.407431e-033  4.140625e-001
      vertex  4.474507e-001  5.322862e-018 -5.871456e-018
    endloop
  endfacet
  facet normal -5.551114e-017  9.999999e-001  0.000000e+000
    outer loop
      vertex  4.474507e-001  5.322862e-018 -5.871456e-018
      vertex  3.515625e-001  1.407431e-033  4.140625e-001
      vertex  4.474507e-001  5.322862e-018  4.140625e-001
    endloop
  endfacet
  facet normal -1.000000e+000  -0.000000e+000  0.000000e+000
    outer loop
      vertex  3.515625e-001 -7.812500e-003  4.140625e-001
      vertex  3.515625e-001  1.407431e-033  4.140625e-001
      vertex  3.515625e-001 -7.812500e-003  0.000000e+000
    endloop
  endfacet
  facet normal -1.000000e+000  0.000000e+000  0.000000e+000
    outer loop
      vertex  3.515625e-001 -7.812500e-003  0.000000e+000
      vertex  3.515625e-001  1.407431e-033  4.140625e-001
      vertex  3.515625e-001  0.000000e+000  0.000000e+000
    endloop
  endfacet
  facet normal  0.000000e+000  0.000000e+000  1.000000e+000
    outer loop
      vertex  4.474507e-001 -7.812500e-003  4.140625e-001
      vertex  4.474507e-001  5.322862e-018  4.140625e-001
      vertex  3.515625e-001 -7.812500e-003  4.140625e-001
    endloop
  endfacet
  facet normal  0.000000e+000  0.000000e+000  1.000000e+000
    outer loop
      vertex  3.515625e-001 -7.812500e-003  4.140625e-001
      vertex  4.474507e-001  5.322862e-018  4.140625e-001
      vertex  3.515625e-001  1.407431e-033  4.140625e-001
    endloop
  endfacet
  facet normal  1.000000e+000  0.000000e+000  0.000000e+000
    outer loop
      vertex  4.474507e-001 -7.812500e-003 -5.871456e-018
      vertex  4.474507e-001  5.322862e-018 -5.871456e-018
      vertex  4.474507e-001 -7.812500e-003  4.140625e-001
    endloop
  endfacet
  facet normal  1.000000e+000  -0.000000e+000  0.000000e+000
    outer loop
      vertex  4.474507e-001 -7.812500e-003  4.140625e-001
      vertex  4.474507e-001  5.322862e-018 -5.871456e-018
      vertex  4.474507e-001  5.322862e-018  4.140625e-001
    endloop
  endfacet
  facet normal -6.123234e-017  -0.000000e+000 -1.000000e+000
    outer loop
      vertex  3.515625e-001 -7.812500e-003  0.000000e+000
      vertex  3.515625e-001  0.000000e+000  0.000000e+000
      vertex  4.474507e-001 -7.812500e-003 -5.871456e-018
    endloop
  endfacet
  facet normal -6.123234e-017  0.000000e+000 -1.000000e+000
    outer loop
      vertex  4.474507e-001 -7.812500e-003 -5.871456e-018
      vertex  3.515625e-001  0.000000e+000  0.000000e+000
      vertex  4.474507e-001  5.322862e-018 -5.871456e-018
    endloop
  endfacet
  facet normal  0.000000e+000 -1.000000e+000  0.000000e+000
    outer loop
      vertex  7.654043e-018 -7.812500e-003  1.250000e-001
      vertex  2.401840e-003 -7.812500e-003  1.006137e-001
      vertex  9.515058e-003 -7.812500e-003  7.716457e-002
    endloop
  endfacet
  facet normal  0.000000e+000 -1.000000e+000  0.000000e+000
    outer loop
      vertex  7.654043e-018 -7.812500e-003  1.250000e-001
      vertex  9.515058e-003 -7.812500e-003  7.716457e-002
      vertex  2.106630e-002 -7.812500e-003  5.555372e-002
    endloop
  endfacet
  facet normal  0.000000e+000 -1.000000e+000  0.000000e+000
    outer loop
      vertex  7.654043e-018 -7.812500e-003  1.250000e-001
      vertex  2.106630e-002 -7.812500e-003  5.555372e-002
      vertex  3.661165e-002 -7.812500e-003  3.661165e-002
    endloop
  endfacet
  facet normal  0.000000e+000 -1.000000e+000  0.000000e+000
    outer loop
      vertex  7.654043e-018 -7.812500e-003  1.250000e-001
      vertex  3.661165e-002 -7.812500e-003  3.661165e-002
      vertex  5.555372e-002 -7.812500e-003  2.106630e-002
    endloop
  endfacet
  facet normal  0.000000e+000 -1.000000e+000  0.000000e+000
    outer loop
      vertex  7.654043e-018 -7.812500e-003  1.250000e-001
      vertex  5.555372e-002 -7.812500e-003  2.106630e-002
      vertex  7.716457e-002 -7.812500e-003  9.515058e-003
    endloop
  endfacet
  facet normal  0.000000e+000 -1.000000e+000  0.000000e+000
    outer loop
      vertex  7.654043e-018 -7.812500e-003  1.250000e-001
      vertex  7.716457e-002 -7.812500e-003  9.515058e-003
      vertex  1.006137e-001 -7.812500e-003  2.401840e-003
    endloop
  endfacet
  facet normal  0.000000e+000 -1.000000e+000  0.000000e+000
    outer loop
      vertex  7.654043e-018 -7.812500e-003  1.250000e-001
      vertex  1.006137e-001 -7.812500e-003  2.401840e-003
      vertex  1.250000e-001 -7.812500e-003 -7.654043e-018
    endloop
  endfacet
  facet normal  0.000000e+000 -1.000000e+000  0.000000e+000
    outer loop
      vertex  7.654043e-018 -7.812500e-003  1.250000e-001
      vertex  1.250000e-001 -7.812500e-003 -7.654043e-018
      vertex  3.007401e-001 -7.812500e-003 -1.841502e-017
    endloop
  endfacet
  facet normal  0.000000e+000 -9.999999e-001  0.000000e+000
    outer loop
      vertex  7.654043e-018 -7.812500e-003  1.250000e-001
      vertex  3.007401e-001 -7.812500e-003 -1.841502e-017
      vertex  3.007401e-001 -7.812500e-003  4.140625e-001
    endloop
  endfacet
  facet normal  -0.000000e+000 -1.000000e+000  0.000000e+000
    outer loop
      vertex  7.654043e-018 -7.812500e-003  1.250000e-001
      vertex  3.007401e-001 -7.812500e-003  4.140625e-001
      vertex  2.535402e-017 -7.812500e-003  4.140625e-001
    endloop
  endfacet
  facet normal  -0.000000e+000  1.000000e+000  0.000000e+000
    outer loop
      vertex  7.654043e-018  0.000000e+000  1.250000e-001
      vertex  2.535402e-017  0.000000e+000  4.140625e-001
      vertex  3.007401e-001  0.000000e+000  4.140625e-001
    endloop
  endfacet
  facet normal  0.000000e+000  9.999999e-001  0.000000e+000
    outer loop
      vertex  7.654043e-018  0.000000e+000  1.250000e-001
      vertex  3.007401e-001  0.000000e+000  4.140625e-001
      vertex  3.007401e-001  0.000000e+000 -1.841502e-017
    endloop
  endfacet
  facet normal  0.000000e+000  1.000000e+000  0.000000e+000
    outer loop
      vertex  7.654043e-018  0.000000e+000  1.250000e-001
      vertex  3.007401e-001  0.000000e+000 -1.841502e-017
      vertex  1.250000e-001  0.000000e+000 -7.654043e-018
    endloop
  endfacet
  facet normal  0.000000e+000  1.000000e+000  0.000000e+000
    outer loop
      vertex  7.654043e-018  0.000000e+000  1.250000e-001
      vertex  1.250000e-001  0.000000e+000 -7.654043e-018
      vertex  1.006137e-001  0.000000e+000  2.401840e-003
    endloop
  endfacet
  facet normal  0.000000e+000  1.000000e+000  0.000000e+000
    outer loop
      vertex  7.654043e-018  0.000000e+000  1.250000e-001
      vertex  1.006137e-001  0.000000e+000  2.401840e-003
      vertex  7.716457e-002  0.000000e+000  9.515058e-003
    endloop
  endfacet
  facet normal  0.000000e+000  1.000000e+000  0.000000e+000
    outer loop
      vertex  7.654043e-018  0.000000e+000  1.250000e-001
      vertex  7.716457e-002  0.000000e+000  9.515058e-003
      vertex  5.555372e-002  0.000000e+000  2.106630e-002
    endloop
  endfacet
  facet normal  0.000000e+000  1.000000e+000  0.000000e+000
    outer loop
      vertex  7.654043e-018  0.000000e+000  1.250000e-001
      vertex  5.555372e-002  0.000000e+000  2.106630e-002
      vertex  3.661165e-002  0.000000e+000  3.661165e-002
    endloop
  endfacet
  facet normal  0.000000e+000  1.000000e+000  0.000000e+000
    outer loop
      vertex  7.654043e-018  0.000000e+000  1.250000e-001
      vertex  3.661165e-002  0.000000e+000  3.661165e-002
      vertex  2.106630e-002  0.000000e+000  5.555372e-002
    endloop
  endfacet
  facet normal  0.000000e+000  1.000000e+000  0.000000e+000
    outer loop
      vertex  7.654043e-018  0.000000e+000  1.250000e-001
      vertex  2.106630e-002  0.000000e+000  5.555372e-002
      vertex  9.515058e-003  0.000000e+000  7.716457e-002
    endloop
  endfacet
  facet normal  0.000000e+000  1.000000e+000  0.000000e+000
    outer loop
      vertex  7.654043e-018  0.000000e+000  1.250000e-001
      vertex  9.515058e-003  0.000000e+000  7.716457e-002
      vertex  2.401840e-003  0.000000e+000  1.006137e-001
    endloop
  endfacet
  facet normal -1.000000e+000  0.000000e+000  6.123234e-017
    outer loop
      vertex  2.535402e-017 -7.812500e-003  4.140625e-001
      vertex  2.535402e-017  0.000000e+000  4.140625e-001
      vertex  7.654043e-018 -7.812500e-003  1.250000e-001
    endloop
  endfacet
  facet normal -1.000000e+000  0.000000e+000  6.123234e-017
    outer loop
      vertex  7.654043e-018 -7.812500e-003  1.250000e-001
      vertex  2.535402e-017  0.000000e+000  4.140625e-001
      vertex  7.654043e-018  0.000000e+000  1.250000e-001
    endloop
  endfacet
  facet normal -6.123234e-017  -0.000000e+000 -1.000000e+000
    outer loop
      vertex  1.250000e-001 -7.812500e-003 -7.654043e-018
      vertex  1.250000e-001  0.000000e+000 -7.654043e-018
      vertex  3.007401e-001 -7.812500e-003 -1.841502e-017
    endloop
  endfacet
  facet normal -6.123234e-017  0.000000e+000 -1.000000e+000
    outer loop
      vertex  3.007401e-001 -7.812500e-003 -1.841502e-017
      vertex  1.250000e-001  0.000000e+000 -7.654043e-018
      vertex  3.007401e-001  0.000000e+000 -1.841502e-017
    endloop
  endfacet
  facet normal -9.801716e-002  0.000000e+000 -9.951848e-001
    outer loop
      vertex  1.250000e-001  0.000000e+000 -7.654043e-018
      vertex  1.250000e-001 -7.812500e-003 -7.654043e-018
      vertex  1.006137e-001  0.000000e+000  2.401840e-003
    endloop
  endfacet
  facet normal -9.801716e-002  -0.000000e+000 -9.951848e-001
    outer loop
      vertex  1.006137e-001  0.000000e+000  2.401840e-003
      vertex  1.250000e-001 -7.812500e-003 -7.654043e-018
      vertex  1.006137e-001 -7.812500e-003  2.401840e-003
    endloop
  endfacet
  facet normal -2.902846e-001  0.000000e+000 -9.569404e-001
    outer loop
      vertex  1.006137e-001  0.000000e+000  2.401840e-003
      vertex  1.006137e-001 -7.812500e-003  2.401840e-003
      vertex  7.716457e-002  0.000000e+000  9.515058e-003
    endloop
  endfacet
  facet normal -2.902846e-001  -0.000000e+000 -9.569404e-001
    outer loop
      vertex  7.716457e-002  0.000000e+000  9.515058e-003
      vertex  1.006137e-001 -7.812500e-003  2.401840e-003
      vertex  7.716457e-002 -7.812500e-003  9.515058e-003
    endloop
  endfacet
  facet normal -4.713968e-001  0.000000e+000 -8.819213e-001
    outer loop
      vertex  7.716457e-002  0.000000e+000  9.515058e-003
      vertex  7.716457e-002 -7.812500e-003  9.515058e-003
      vertex  5.555372e-002  0.000000e+000  2.106630e-002
    endloop
  endfacet
  facet normal -4.713968e-001  -0.000000e+000 -8.819213e-001
    outer loop
      vertex  5.555372e-002  0.000000e+000  2.106630e-002
      vertex  7.716457e-002 -7.812500e-003  9.515058e-003
      vertex  5.555372e-002 -7.812500e-003  2.106630e-002
    endloop
  endfacet
  facet normal -6.343934e-001  0.000000e+000 -7.730104e-001
    outer loop
      vertex  5.555372e-002  0.000000e+000  2.106630e-002
      vertex  5.555372e-002 -7.812500e-003  2.106630e-002
      vertex  3.661165e-002  0.000000e+000  3.661165e-002
    endloop
  endfacet
  facet normal -6.343934e-001  -0.000000e+000 -7.730104e-001
    outer loop
      vertex  3.661165e-002  0.000000e+000  3.661165e-002
      vertex  5.555372e-002 -7.812500e-003  2.106630e-002
      vertex  3.661165e-002 -7.812500e-003  3.661165e-002
    endloop
  endfacet
  facet normal -7.730104e-001  0.000000e+000 -6.343934e-001
    outer loop
      vertex  3.661165e-002  0.000000e+000  3.661165e-002
      vertex  3.661165e-002 -7.812500e-003  3.661165e-002
      vertex  2.106630e-002  0.000000e+000  5.555372e-002
    endloop
  endfacet
  facet normal -7.730104e-001  -0.000000e+000 -6.343934e-001
    outer loop
      vertex  2.106630e-002  0.000000e+000  5.555372e-002
      vertex  3.661165e-002 -7.812500e-003  3.661165e-002
      vertex  2.106630e-002 -7.812500e-003  5.555372e-002
    endloop
  endfacet
  facet normal -8.819213e-001  0.000000e+000 -4.713968e-001
    outer loop
      vertex  2.106630e-002  0.000000e+000  5.555372e-002
      vertex  2.106630e-002 -7.812500e-003  5.555372e-002
      vertex  9.515058e-003  0.000000e+000  7.716457e-002
    endloop
  endfacet
  facet normal -8.819213e-001  -0.000000e+000 -4.713968e-001
    outer loop
      vertex  9.515058e-003  0.000000e+000  7.716457e-002
      vertex  2.106630e-002 -7.812500e-003  5.555372e-002
      vertex  9.515058e-003 -7.812500e-003  7.716457e-002
    endloop
  endfacet
  facet normal -9.569404e-001  0.000000e+000 -2.902846e-001
    outer loop
      vertex  9.515058e-003  0.000000e+000  7.716457e-002
      vertex  9.515058e-003 -7.812500e-003  7.716457e-002
      vertex  2.401840e-003  0.000000e+000  1.006137e-001
    endloop
  endfacet
  facet normal -9.569404e-001  -0.000000e+000 -2.902846e-001
    outer loop
      vertex  2.401840e-003  0.000000e+000  1.006137e-001
      vertex  9.515058e-003 -7.812500e-003  7.716457e-002
      vertex  2.401840e-003 -7.812500e-003  1.006137e-001
    endloop
  endfacet
  facet normal -9.951848e-001  0.000000e+000 -9.801716e-002
    outer loop
      vertex  2.401840e-003  0.000000e+000  1.006137e-001
      vertex  2.401840e-003 -7.812500e-003  1.006137e-001
      vertex  7.654043e-018  0.000000e+000  1.250000e-001
    endloop
  endfacet
  facet normal -9.951848e-001  -0.000000e+000 -9.801716e-002
    outer loop
      vertex  7.654043e-018  0.000000e+000  1.250000e-001
      vertex  2.401840e-003 -7.812500e-003  1.006137e-001
      vertex  7.654043e-018 -7.812500e-003  1.250000e-001
    endloop
  endfacet
  facet normal  0.000000e+000  0.000000e+000  1.000000e+000
    outer loop
      vertex  3.007401e-001 -7.812500e-003  4.140625e-001
      vertex  3.007401e-001  0.000000e+000  4.140625e-001
      vertex  2.535402e-017 -7.812500e-003  4.140625e-001
    endloop
  endfacet
  facet normal  0.000000e+000  0.000000e+000  1.000000e+000
    outer loop
      vertex  2.535402e-017 -7.812500e-003  4.140625e-001
      vertex  3.007401e-001  0.000000e+000  4.140625e-001
      vertex  2.535402e-017  0.000000e+000  4.140625e-001
    endloop
  endfacet
  facet normal  1.000000e+000  0.000000e+000  0.000000e+000
    outer loop
      vertex  3.007401e-001 -7.812500e-003 -1.841502e-017
      vertex  3.007401e-001  0.000000e+000 -1.841502e-017
      vertex  3.007401e-001 -7.812500e-003  4.140625e-001
    endloop
  endfacet
  facet normal  1.000000e+000  -0.000000e+000  0.000000e+000
    outer loop
      vertex  3.007401e-001 -7.812500e-003  4.140625e-001
      vertex  3.007401e-001  0.000000e+000 -1.841502e-017
      vertex  3.007401e-001  0.000000e+000  4.140625e-001
    endloop
  endfacet
endsolid CATIA STL
