solid CATIA STL
  facet normal -5.551115e-017  1.000000e+000 -5.551115e-017
    outer loop
      vertex  7.812500e-002  1.431147e-017  2.343750e-002
      vertex  7.812500e-002  8.673617e-018 -7.812500e-002
      vertex  1.387779e-017  4.336809e-018 -7.812500e-002
    endloop
  endfacet
  facet normal -5.551114e-017  1.000000e+000 -5.551116e-017
    outer loop
      vertex  7.812500e-002  1.431147e-017  2.343750e-002
      vertex  1.387779e-017  4.336809e-018 -7.812500e-002
      vertex -1.524143e-002  3.574070e-018 -7.662385e-002
    endloop
  endfacet
  facet normal -5.551115e-017  1.000000e+000 -5.551115e-017
    outer loop
      vertex  7.812500e-002  1.431147e-017  2.343750e-002
      vertex -1.524143e-002  3.574070e-018 -7.662385e-002
      vertex -2.989714e-002  3.007304e-018 -7.217809e-002
    endloop
  endfacet
  facet normal -5.551116e-017  1.000000e+000 -5.551114e-017
    outer loop
      vertex  7.812500e-002  1.431147e-017  2.343750e-002
      vertex -2.989714e-002  3.007304e-018 -7.217809e-002
      vertex -4.340392e-002  2.658291e-018 -6.495856e-002
    endloop
  endfacet
  facet normal -5.551115e-017  1.000000e+000 -5.551115e-017
    outer loop
      vertex  7.812500e-002  1.431147e-017  2.343750e-002
      vertex -4.340392e-002  2.658291e-018 -6.495856e-002
      vertex -5.524272e-002  2.540444e-018 -5.524272e-002
    endloop
  endfacet
  facet normal -5.551115e-017  1.000000e+000 -5.551115e-017
    outer loop
      vertex  7.812500e-002  1.431147e-017  2.343750e-002
      vertex -5.524272e-002  2.540444e-018 -5.524272e-002
      vertex -6.495856e-002  2.658291e-018 -4.340392e-002
    endloop
  endfacet
  facet normal -5.551115e-017  1.000000e+000 -5.551116e-017
    outer loop
      vertex  7.812500e-002  1.431147e-017  2.343750e-002
      vertex -6.495856e-002  2.658291e-018 -4.340392e-002
      vertex -7.217809e-002  3.007304e-018 -2.989714e-002
    endloop
  endfacet
  facet normal -5.551115e-017  1.000000e+000 -5.551115e-017
    outer loop
      vertex  7.812500e-002  1.431147e-017  2.343750e-002
      vertex -7.217809e-002  3.007304e-018 -2.989714e-002
      vertex -7.662385e-002  3.574070e-018 -1.524143e-002
    endloop
  endfacet
  facet normal -5.551115e-017  1.000000e+000 -5.551115e-017
    outer loop
      vertex  7.812500e-002  1.431147e-017  2.343750e-002
      vertex -7.662385e-002  3.574070e-018 -1.524143e-002
      vertex -7.812500e-002  4.336809e-018  0.000000e+000
    endloop
  endfacet
  facet normal -5.551115e-017  1.000000e+000 -5.551115e-017
    outer loop
      vertex  7.812500e-002  1.431147e-017  2.343750e-002
      vertex -7.812500e-002  4.336809e-018  0.000000e+000
      vertex -7.812500e-002  5.637851e-018  2.343750e-002
    endloop
  endfacet
  facet normal -9.999999e-001  0.000000e+000  0.000000e+000
    outer loop
      vertex -7.812500e-002 -5.546875e-001  2.775558e-017
      vertex -7.812500e-002 -5.546875e-001  7.812500e-002
      vertex -7.812500e-002  4.336809e-018  0.000000e+000
    endloop
  endfacet
  facet normal -9.999999e-001  0.000000e+000  0.000000e+000
    outer loop
      vertex -7.812500e-002  4.336809e-018  0.000000e+000
      vertex -7.812500e-002 -5.546875e-001  7.812500e-002
      vertex -7.812500e-002 -1.718750e-001  7.812500e-002
    endloop
  endfacet
  facet normal -1.000000e+000  0.000000e+000  0.000000e+000
    outer loop
      vertex -7.812500e-002  4.336809e-018  0.000000e+000
      vertex -7.812500e-002 -1.718750e-001  7.812500e-002
      vertex -7.812500e-002  5.637851e-018  2.343750e-002
    endloop
  endfacet
  facet normal  0.000000e+000 -1.000000e+000  0.000000e+000
    outer loop
      vertex -7.812500e-002 -5.546875e-001  2.775558e-017
      vertex -7.662385e-002 -5.546875e-001 -1.524143e-002
      vertex -7.217809e-002 -5.546875e-001 -2.989714e-002
    endloop
  endfacet
  facet normal  0.000000e+000 -1.000000e+000  0.000000e+000
    outer loop
      vertex -7.812500e-002 -5.546875e-001  2.775558e-017
      vertex -7.217809e-002 -5.546875e-001 -2.989714e-002
      vertex -6.495856e-002 -5.546875e-001 -4.340392e-002
    endloop
  endfacet
  facet normal  0.000000e+000 -1.000000e+000  0.000000e+000
    outer loop
      vertex -7.812500e-002 -5.546875e-001  2.775558e-017
      vertex -6.495856e-002 -5.546875e-001 -4.340392e-002
      vertex -5.524272e-002 -5.546875e-001 -5.524272e-002
    endloop
  endfacet
  facet normal  0.000000e+000 -9.999999e-001  0.000000e+000
    outer loop
      vertex -7.812500e-002 -5.546875e-001  2.775558e-017
      vertex -5.524272e-002 -5.546875e-001 -5.524272e-002
      vertex -4.340392e-002 -5.546875e-001 -6.495856e-002
    endloop
  endfacet
  facet normal  0.000000e+000 -1.000000e+000  0.000000e+000
    outer loop
      vertex -7.812500e-002 -5.546875e-001  2.775558e-017
      vertex -4.340392e-002 -5.546875e-001 -6.495856e-002
      vertex -2.989714e-002 -5.546875e-001 -7.217809e-002
    endloop
  endfacet
  facet normal  0.000000e+000 -1.000000e+000  0.000000e+000
    outer loop
      vertex -7.812500e-002 -5.546875e-001  2.775558e-017
      vertex -2.989714e-002 -5.546875e-001 -7.217809e-002
      vertex -1.524143e-002 -5.546875e-001 -7.662385e-002
    endloop
  endfacet
  facet normal  0.000000e+000 -1.000000e+000  0.000000e+000
    outer loop
      vertex -7.812500e-002 -5.546875e-001  2.775558e-017
      vertex -1.524143e-002 -5.546875e-001 -7.662385e-002
      vertex  4.163336e-017 -5.546875e-001 -7.812500e-002
    endloop
  endfacet
  facet normal  0.000000e+000 -1.000000e+000  0.000000e+000
    outer loop
      vertex -7.812500e-002 -5.546875e-001  2.775558e-017
      vertex  4.163336e-017 -5.546875e-001 -7.812500e-002
      vertex  7.812500e-002 -5.546875e-001 -7.812500e-002
    endloop
  endfacet
  facet normal  0.000000e+000 -1.000000e+000  0.000000e+000
    outer loop
      vertex -7.812500e-002 -5.546875e-001  2.775558e-017
      vertex  7.812500e-002 -5.546875e-001 -7.812500e-002
      vertex  7.812500e-002 -5.546875e-001  7.812500e-002
    endloop
  endfacet
  facet normal  -0.000000e+000 -1.000000e+000  0.000000e+000
    outer loop
      vertex -7.812500e-002 -5.546875e-001  2.775558e-017
      vertex  7.812500e-002 -5.546875e-001  7.812500e-002
      vertex -7.812500e-002 -5.546875e-001  7.812500e-002
    endloop
  endfacet
  facet normal  0.000000e+000  0.000000e+000 -9.999999e-001
    outer loop
      vertex  1.387779e-017  4.336809e-018 -7.812500e-002
      vertex  7.812500e-002  8.673617e-018 -7.812500e-002
      vertex  4.163336e-017 -5.546875e-001 -7.812500e-002
    endloop
  endfacet
  facet normal  0.000000e+000  0.000000e+000 -9.999999e-001
    outer loop
      vertex  4.163336e-017 -5.546875e-001 -7.812500e-002
      vertex  7.812500e-002  8.673617e-018 -7.812500e-002
      vertex  7.812500e-002 -5.546875e-001 -7.812500e-002
    endloop
  endfacet
  facet normal -9.801717e-002 -4.904605e-018 -9.951847e-001
    outer loop
      vertex  1.387779e-017  4.336809e-018 -7.812500e-002
      vertex  4.163336e-017 -5.546875e-001 -7.812500e-002
      vertex -1.524143e-002  3.574070e-018 -7.662385e-002
    endloop
  endfacet
  facet normal -9.801717e-002  -0.000000e+000 -9.951847e-001
    outer loop
      vertex -1.524143e-002  3.574070e-018 -7.662385e-002
      vertex  4.163336e-017 -5.546875e-001 -7.812500e-002
      vertex -1.524143e-002 -5.546875e-001 -7.662385e-002
    endloop
  endfacet
  facet normal -2.902846e-001  0.000000e+000 -9.569403e-001
    outer loop
      vertex -1.524143e-002  3.574070e-018 -7.662385e-002
      vertex -1.524143e-002 -5.546875e-001 -7.662385e-002
      vertex -2.989714e-002  3.007304e-018 -7.217809e-002
    endloop
  endfacet
  facet normal -2.902846e-001  -0.000000e+000 -9.569403e-001
    outer loop
      vertex -2.989714e-002  3.007304e-018 -7.217809e-002
      vertex -1.524143e-002 -5.546875e-001 -7.662385e-002
      vertex -2.989714e-002 -5.546875e-001 -7.217809e-002
    endloop
  endfacet
  facet normal -4.713967e-001  0.000000e+000 -8.819213e-001
    outer loop
      vertex -2.989714e-002  3.007304e-018 -7.217809e-002
      vertex -2.989714e-002 -5.546875e-001 -7.217809e-002
      vertex -4.340392e-002  2.658291e-018 -6.495856e-002
    endloop
  endfacet
  facet normal -4.713967e-001  -0.000000e+000 -8.819213e-001
    outer loop
      vertex -4.340392e-002  2.658291e-018 -6.495856e-002
      vertex -2.989714e-002 -5.546875e-001 -7.217809e-002
      vertex -4.340392e-002 -5.546875e-001 -6.495856e-002
    endloop
  endfacet
  facet normal -6.343933e-001  0.000000e+000 -7.730104e-001
    outer loop
      vertex -4.340392e-002  2.658291e-018 -6.495856e-002
      vertex -4.340392e-002 -5.546875e-001 -6.495856e-002
      vertex -5.524272e-002  2.540444e-018 -5.524272e-002
    endloop
  endfacet
  facet normal -6.343933e-001  -0.000000e+000 -7.730104e-001
    outer loop
      vertex -5.524272e-002  2.540444e-018 -5.524272e-002
      vertex -4.340392e-002 -5.546875e-001 -6.495856e-002
      vertex -5.524272e-002 -5.546875e-001 -5.524272e-002
    endloop
  endfacet
  facet normal -7.730104e-001  0.000000e+000 -6.343933e-001
    outer loop
      vertex -5.524272e-002  2.540444e-018 -5.524272e-002
      vertex -5.524272e-002 -5.546875e-001 -5.524272e-002
      vertex -6.495856e-002  2.658291e-018 -4.340392e-002
    endloop
  endfacet
  facet normal -7.730104e-001  -0.000000e+000 -6.343933e-001
    outer loop
      vertex -6.495856e-002  2.658291e-018 -4.340392e-002
      vertex -5.524272e-002 -5.546875e-001 -5.524272e-002
      vertex -6.495856e-002 -5.546875e-001 -4.340392e-002
    endloop
  endfacet
  facet normal -8.819213e-001  0.000000e+000 -4.713967e-001
    outer loop
      vertex -6.495856e-002  2.658291e-018 -4.340392e-002
      vertex -6.495856e-002 -5.546875e-001 -4.340392e-002
      vertex -7.217809e-002  3.007304e-018 -2.989714e-002
    endloop
  endfacet
  facet normal -8.819213e-001  -0.000000e+000 -4.713967e-001
    outer loop
      vertex -7.217809e-002  3.007304e-018 -2.989714e-002
      vertex -6.495856e-002 -5.546875e-001 -4.340392e-002
      vertex -7.217809e-002 -5.546875e-001 -2.989714e-002
    endloop
  endfacet
  facet normal -9.569403e-001  0.000000e+000 -2.902846e-001
    outer loop
      vertex -7.217809e-002  3.007304e-018 -2.989714e-002
      vertex -7.217809e-002 -5.546875e-001 -2.989714e-002
      vertex -7.662385e-002  3.574070e-018 -1.524143e-002
    endloop
  endfacet
  facet normal -9.569403e-001  -0.000000e+000 -2.902846e-001
    outer loop
      vertex -7.662385e-002  3.574070e-018 -1.524143e-002
      vertex -7.217809e-002 -5.546875e-001 -2.989714e-002
      vertex -7.662385e-002 -5.546875e-001 -1.524143e-002
    endloop
  endfacet
  facet normal -9.951847e-001  0.000000e+000 -9.801717e-002
    outer loop
      vertex -7.662385e-002  3.574070e-018 -1.524143e-002
      vertex -7.662385e-002 -5.546875e-001 -1.524143e-002
      vertex -7.812500e-002  4.336809e-018  0.000000e+000
    endloop
  endfacet
  facet normal -9.951847e-001 -4.904605e-018 -9.801717e-002
    outer loop
      vertex -7.812500e-002  4.336809e-018  0.000000e+000
      vertex -7.662385e-002 -5.546875e-001 -1.524143e-002
      vertex -7.812500e-002 -5.546875e-001  2.775558e-017
    endloop
  endfacet
  facet normal  -0.000000e+000  0.000000e+000  9.999999e-001
    outer loop
      vertex  7.812500e-002 -1.718750e-001  7.812500e-002
      vertex -7.812500e-002 -1.718750e-001  7.812500e-002
      vertex  7.812500e-002 -5.546875e-001  7.812500e-002
    endloop
  endfacet
  facet normal  0.000000e+000  0.000000e+000  9.999999e-001
    outer loop
      vertex  7.812500e-002 -5.546875e-001  7.812500e-002
      vertex -7.812500e-002 -1.718750e-001  7.812500e-002
      vertex -7.812500e-002 -5.546875e-001  7.812500e-002
    endloop
  endfacet
  facet normal  9.999999e-001  0.000000e+000  0.000000e+000
    outer loop
      vertex  7.812500e-002 -5.546875e-001  7.812500e-002
      vertex  7.812500e-002 -5.546875e-001 -7.812500e-002
      vertex  7.812500e-002 -1.718750e-001  7.812500e-002
    endloop
  endfacet
  facet normal  9.999999e-001  0.000000e+000  0.000000e+000
    outer loop
      vertex  7.812500e-002 -1.718750e-001  7.812500e-002
      vertex  7.812500e-002 -5.546875e-001 -7.812500e-002
      vertex  7.812500e-002  8.673617e-018 -7.812500e-002
    endloop
  endfacet
  facet normal  1.000000e+000  0.000000e+000  -0.000000e+000
    outer loop
      vertex  7.812500e-002 -1.718750e-001  7.812500e-002
      vertex  7.812500e-002  8.673617e-018 -7.812500e-002
      vertex  7.812500e-002  1.431147e-017  2.343750e-002
    endloop
  endfacet
  facet normal  0.000000e+000  3.032036e-001  9.529257e-001
    outer loop
      vertex  7.812500e-002 -1.718750e-001  7.812500e-002
      vertex  7.812500e-002  1.431147e-017  2.343750e-002
      vertex -7.812500e-002 -1.718750e-001  7.812500e-002
    endloop
  endfacet
  facet normal  0.000000e+000  3.032036e-001  9.529257e-001
    outer loop
      vertex -7.812500e-002 -1.718750e-001  7.812500e-002
      vertex  7.812500e-002  1.431147e-017  2.343750e-002
      vertex -7.812500e-002  5.637851e-018  2.343750e-002
    endloop
  endfacet
endsolid CATIA STL
