solid CATIA STL
  facet normal  -0.000000e+000  -0.000000e+000  1.000000e+000
    outer loop
      vertex -2.500000e-001 -1.250000e-001  7.500000e-001
      vertex -2.475982e-001 -1.493863e-001  7.500000e-001
      vertex -2.404849e-001 -1.728354e-001  7.500000e-001
    endloop
  endfacet
  facet normal  -0.000000e+000  -0.000000e+000  1.000000e+000
    outer loop
      vertex -2.500000e-001 -1.250000e-001  7.500000e-001
      vertex -2.404849e-001 -1.728354e-001  7.500000e-001
      vertex -2.289337e-001 -1.944463e-001  7.500000e-001
    endloop
  endfacet
  facet normal  -0.000000e+000  -0.000000e+000  1.000000e+000
    outer loop
      vertex -2.500000e-001 -1.250000e-001  7.500000e-001
      vertex -2.289337e-001 -1.944463e-001  7.500000e-001
      vertex -2.133884e-001 -2.133884e-001  7.500000e-001
    endloop
  endfacet
  facet normal  -0.000000e+000  -0.000000e+000  1.000000e+000
    outer loop
      vertex -2.500000e-001 -1.250000e-001  7.500000e-001
      vertex -2.133884e-001 -2.133884e-001  7.500000e-001
      vertex -1.944463e-001 -2.289337e-001  7.500000e-001
    endloop
  endfacet
  facet normal  -0.000000e+000  -0.000000e+000  9.999999e-001
    outer loop
      vertex -2.500000e-001 -1.250000e-001  7.500000e-001
      vertex -1.944463e-001 -2.289337e-001  7.500000e-001
      vertex -1.728354e-001 -2.404849e-001  7.500000e-001
    endloop
  endfacet
  facet normal  -0.000000e+000  -0.000000e+000  1.000000e+000
    outer loop
      vertex -2.500000e-001 -1.250000e-001  7.500000e-001
      vertex -1.728354e-001 -2.404849e-001  7.500000e-001
      vertex -1.493863e-001 -2.475982e-001  7.500000e-001
    endloop
  endfacet
  facet normal  -0.000000e+000  -0.000000e+000  1.000000e+000
    outer loop
      vertex -2.500000e-001 -1.250000e-001  7.500000e-001
      vertex -1.493863e-001 -2.475982e-001  7.500000e-001
      vertex -1.250000e-001 -2.500000e-001  7.500000e-001
    endloop
  endfacet
  facet normal  0.000000e+000  -0.000000e+000  1.000000e+000
    outer loop
      vertex -2.500000e-001 -1.250000e-001  7.500000e-001
      vertex -1.250000e-001 -2.500000e-001  7.500000e-001
      vertex  2.500000e-001 -2.500000e-001  7.500000e-001
    endloop
  endfacet
  facet normal  0.000000e+000  -0.000000e+000  1.000000e+000
    outer loop
      vertex -2.500000e-001 -1.250000e-001  7.500000e-001
      vertex  2.500000e-001 -2.500000e-001  7.500000e-001
      vertex  2.500000e-001  2.500000e-001  7.500000e-001
    endloop
  endfacet
  facet normal  0.000000e+000  0.000000e+000  1.000000e+000
    outer loop
      vertex -2.500000e-001 -1.250000e-001  7.500000e-001
      vertex  2.500000e-001  2.500000e-001  7.500000e-001
      vertex -2.500000e-001  2.500000e-001  7.500000e-001
    endloop
  endfacet
  facet normal  0.000000e+000  0.000000e+000 -1.000000e+000
    outer loop
      vertex -2.500000e-001 -1.250000e-001  0.000000e+000
      vertex -2.500000e-001  2.500000e-001  0.000000e+000
      vertex  2.500000e-001  2.500000e-001  0.000000e+000
    endloop
  endfacet
  facet normal  0.000000e+000  -0.000000e+000 -1.000000e+000
    outer loop
      vertex -2.500000e-001 -1.250000e-001  0.000000e+000
      vertex  2.500000e-001  2.500000e-001  0.000000e+000
      vertex  2.500000e-001 -2.500000e-001  0.000000e+000
    endloop
  endfacet
  facet normal  0.000000e+000  0.000000e+000 -1.000000e+000
    outer loop
      vertex -2.500000e-001 -1.250000e-001  0.000000e+000
      vertex  2.500000e-001 -2.500000e-001  0.000000e+000
      vertex -1.250000e-001 -2.500000e-001  0.000000e+000
    endloop
  endfacet
  facet normal  0.000000e+000  0.000000e+000 -1.000000e+000
    outer loop
      vertex -2.500000e-001 -1.250000e-001  0.000000e+000
      vertex -1.250000e-001 -2.500000e-001  0.000000e+000
      vertex -1.493863e-001 -2.475982e-001  0.000000e+000
    endloop
  endfacet
  facet normal  0.000000e+000  0.000000e+000 -1.000000e+000
    outer loop
      vertex -2.500000e-001 -1.250000e-001  0.000000e+000
      vertex -1.493863e-001 -2.475982e-001  0.000000e+000
      vertex -1.728354e-001 -2.404849e-001  0.000000e+000
    endloop
  endfacet
  facet normal  0.000000e+000  0.000000e+000 -9.999999e-001
    outer loop
      vertex -2.500000e-001 -1.250000e-001  0.000000e+000
      vertex -1.728354e-001 -2.404849e-001  0.000000e+000
      vertex -1.944463e-001 -2.289337e-001  0.000000e+000
    endloop
  endfacet
  facet normal  0.000000e+000  0.000000e+000 -1.000000e+000
    outer loop
      vertex -2.500000e-001 -1.250000e-001  0.000000e+000
      vertex -1.944463e-001 -2.289337e-001  0.000000e+000
      vertex -2.133884e-001 -2.133884e-001  0.000000e+000
    endloop
  endfacet
  facet normal  0.000000e+000  0.000000e+000 -1.000000e+000
    outer loop
      vertex -2.500000e-001 -1.250000e-001  0.000000e+000
      vertex -2.133884e-001 -2.133884e-001  0.000000e+000
      vertex -2.289337e-001 -1.944463e-001  0.000000e+000
    endloop
  endfacet
  facet normal  0.000000e+000  0.000000e+000 -1.000000e+000
    outer loop
      vertex -2.500000e-001 -1.250000e-001  0.000000e+000
      vertex -2.289337e-001 -1.944463e-001  0.000000e+000
      vertex -2.404849e-001 -1.728354e-001  0.000000e+000
    endloop
  endfacet
  facet normal  0.000000e+000  0.000000e+000 -1.000000e+000
    outer loop
      vertex -2.500000e-001 -1.250000e-001  0.000000e+000
      vertex -2.404849e-001 -1.728354e-001  0.000000e+000
      vertex -2.475982e-001 -1.493863e-001  0.000000e+000
    endloop
  endfacet
  facet normal -1.000000e+000  0.000000e+000  0.000000e+000
    outer loop
      vertex -2.500000e-001  2.500000e-001  0.000000e+000
      vertex -2.500000e-001 -1.250000e-001  0.000000e+000
      vertex -2.500000e-001  2.500000e-001  7.500000e-001
    endloop
  endfacet
  facet normal -1.000000e+000  -0.000000e+000  0.000000e+000
    outer loop
      vertex -2.500000e-001  2.500000e-001  7.500000e-001
      vertex -2.500000e-001 -1.250000e-001  0.000000e+000
      vertex -2.500000e-001 -1.250000e-001  7.500000e-001
    endloop
  endfacet
  facet normal  0.000000e+000 -1.000000e+000  0.000000e+000
    outer loop
      vertex -1.250000e-001 -2.500000e-001  0.000000e+000
      vertex  2.500000e-001 -2.500000e-001  0.000000e+000
      vertex -1.250000e-001 -2.500000e-001  7.500000e-001
    endloop
  endfacet
  facet normal  0.000000e+000 -1.000000e+000  0.000000e+000
    outer loop
      vertex -1.250000e-001 -2.500000e-001  7.500000e-001
      vertex  2.500000e-001 -2.500000e-001  0.000000e+000
      vertex  2.500000e-001 -2.500000e-001  7.500000e-001
    endloop
  endfacet
  facet normal -9.801731e-002 -9.951847e-001  -0.000000e+000
    outer loop
      vertex -1.250000e-001 -2.500000e-001  0.000000e+000
      vertex -1.250000e-001 -2.500000e-001  7.500000e-001
      vertex -1.493863e-001 -2.475982e-001  0.000000e+000
    endloop
  endfacet
  facet normal -9.801731e-002 -9.951847e-001  0.000000e+000
    outer loop
      vertex -1.493863e-001 -2.475982e-001  0.000000e+000
      vertex -1.250000e-001 -2.500000e-001  7.500000e-001
      vertex -1.493863e-001 -2.475982e-001  7.500000e-001
    endloop
  endfacet
  facet normal -2.902847e-001 -9.569404e-001  -0.000000e+000
    outer loop
      vertex -1.493863e-001 -2.475982e-001  0.000000e+000
      vertex -1.493863e-001 -2.475982e-001  7.500000e-001
      vertex -1.728354e-001 -2.404849e-001  0.000000e+000
    endloop
  endfacet
  facet normal -2.902847e-001 -9.569404e-001  0.000000e+000
    outer loop
      vertex -1.728354e-001 -2.404849e-001  0.000000e+000
      vertex -1.493863e-001 -2.475982e-001  7.500000e-001
      vertex -1.728354e-001 -2.404849e-001  7.500000e-001
    endloop
  endfacet
  facet normal -4.713964e-001 -8.819215e-001  -0.000000e+000
    outer loop
      vertex -1.728354e-001 -2.404849e-001  0.000000e+000
      vertex -1.728354e-001 -2.404849e-001  7.500000e-001
      vertex -1.944463e-001 -2.289337e-001  0.000000e+000
    endloop
  endfacet
  facet normal -4.713964e-001 -8.819215e-001  0.000000e+000
    outer loop
      vertex -1.944463e-001 -2.289337e-001  0.000000e+000
      vertex -1.728354e-001 -2.404849e-001  7.500000e-001
      vertex -1.944463e-001 -2.289337e-001  7.500000e-001
    endloop
  endfacet
  facet normal -6.343932e-001 -7.730105e-001  -0.000000e+000
    outer loop
      vertex -1.944463e-001 -2.289337e-001  0.000000e+000
      vertex -1.944463e-001 -2.289337e-001  7.500000e-001
      vertex -2.133884e-001 -2.133884e-001  0.000000e+000
    endloop
  endfacet
  facet normal -6.343932e-001 -7.730105e-001  0.000000e+000
    outer loop
      vertex -2.133884e-001 -2.133884e-001  0.000000e+000
      vertex -1.944463e-001 -2.289337e-001  7.500000e-001
      vertex -2.133884e-001 -2.133884e-001  7.500000e-001
    endloop
  endfacet
  facet normal -7.730105e-001 -6.343932e-001  -0.000000e+000
    outer loop
      vertex -2.133884e-001 -2.133884e-001  0.000000e+000
      vertex -2.133884e-001 -2.133884e-001  7.500000e-001
      vertex -2.289337e-001 -1.944463e-001  0.000000e+000
    endloop
  endfacet
  facet normal -7.730105e-001 -6.343932e-001  0.000000e+000
    outer loop
      vertex -2.289337e-001 -1.944463e-001  0.000000e+000
      vertex -2.133884e-001 -2.133884e-001  7.500000e-001
      vertex -2.289337e-001 -1.944463e-001  7.500000e-001
    endloop
  endfacet
  facet normal -8.819215e-001 -4.713964e-001  -0.000000e+000
    outer loop
      vertex -2.289337e-001 -1.944463e-001  0.000000e+000
      vertex -2.289337e-001 -1.944463e-001  7.500000e-001
      vertex -2.404849e-001 -1.728354e-001  0.000000e+000
    endloop
  endfacet
  facet normal -8.819215e-001 -4.713964e-001  0.000000e+000
    outer loop
      vertex -2.404849e-001 -1.728354e-001  0.000000e+000
      vertex -2.289337e-001 -1.944463e-001  7.500000e-001
      vertex -2.404849e-001 -1.728354e-001  7.500000e-001
    endloop
  endfacet
  facet normal -9.569404e-001 -2.902847e-001  -0.000000e+000
    outer loop
      vertex -2.404849e-001 -1.728354e-001  0.000000e+000
      vertex -2.404849e-001 -1.728354e-001  7.500000e-001
      vertex -2.475982e-001 -1.493863e-001  0.000000e+000
    endloop
  endfacet
  facet normal -9.569404e-001 -2.902847e-001  0.000000e+000
    outer loop
      vertex -2.475982e-001 -1.493863e-001  0.000000e+000
      vertex -2.404849e-001 -1.728354e-001  7.500000e-001
      vertex -2.475982e-001 -1.493863e-001  7.500000e-001
    endloop
  endfacet
  facet normal -9.951847e-001 -9.801731e-002  -0.000000e+000
    outer loop
      vertex -2.475982e-001 -1.493863e-001  0.000000e+000
      vertex -2.475982e-001 -1.493863e-001  7.500000e-001
      vertex -2.500000e-001 -1.250000e-001  0.000000e+000
    endloop
  endfacet
  facet normal -9.951847e-001 -9.801731e-002  0.000000e+000
    outer loop
      vertex -2.500000e-001 -1.250000e-001  0.000000e+000
      vertex -2.475982e-001 -1.493863e-001  7.500000e-001
      vertex -2.500000e-001 -1.250000e-001  7.500000e-001
    endloop
  endfacet
  facet normal  0.000000e+000  1.000000e+000  0.000000e+000
    outer loop
      vertex  2.500000e-001  2.500000e-001  0.000000e+000
      vertex -2.500000e-001  2.500000e-001  0.000000e+000
      vertex  2.500000e-001  2.500000e-001  7.500000e-001
    endloop
  endfacet
  facet normal  0.000000e+000  1.000000e+000  0.000000e+000
    outer loop
      vertex  2.500000e-001  2.500000e-001  7.500000e-001
      vertex -2.500000e-001  2.500000e-001  0.000000e+000
      vertex -2.500000e-001  2.500000e-001  7.500000e-001
    endloop
  endfacet
  facet normal  1.000000e+000  0.000000e+000  0.000000e+000
    outer loop
      vertex  2.500000e-001 -2.500000e-001  0.000000e+000
      vertex  2.500000e-001  2.500000e-001  0.000000e+000
      vertex  2.500000e-001 -2.500000e-001  7.500000e-001
    endloop
  endfacet
  facet normal  1.000000e+000  -0.000000e+000  0.000000e+000
    outer loop
      vertex  2.500000e-001 -2.500000e-001  7.500000e-001
      vertex  2.500000e-001  2.500000e-001  0.000000e+000
      vertex  2.500000e-001  2.500000e-001  7.500000e-001
    endloop
  endfacet
endsolid CATIA STL
