solid CATIA STL
  facet normal  0.000000e+000  0.000000e+000  1.000000e+000
    outer loop
      vertex -2.968750e-001  2.890625e-001  7.500000e-001
      vertex -2.968750e-001 -2.734375e-001  7.500000e-001
      vertex  2.890625e-001 -2.734375e-001  7.500000e-001
    endloop
  endfacet
  facet normal  0.000000e+000  -0.000000e+000  9.999999e-001
    outer loop
      vertex -2.968750e-001  2.890625e-001  7.500000e-001
      vertex  2.890625e-001 -2.734375e-001  7.500000e-001
      vertex  2.890625e-001  1.328125e-001  7.500000e-001
    endloop
  endfacet
  facet normal  0.000000e+000  0.000000e+000  1.000000e+000
    outer loop
      vertex -2.968750e-001  2.890625e-001  7.500000e-001
      vertex  2.890625e-001  1.328125e-001  7.500000e-001
      vertex  2.860602e-001  1.632954e-001  7.500000e-001
    endloop
  endfacet
  facet normal  0.000000e+000  0.000000e+000  1.000000e+000
    outer loop
      vertex -2.968750e-001  2.890625e-001  7.500000e-001
      vertex  2.860602e-001  1.632954e-001  7.500000e-001
      vertex  2.771687e-001  1.926068e-001  7.500000e-001
    endloop
  endfacet
  facet normal  0.000000e+000  0.000000e+000  9.999999e-001
    outer loop
      vertex -2.968750e-001  2.890625e-001  7.500000e-001
      vertex  2.771687e-001  1.926068e-001  7.500000e-001
      vertex  2.627296e-001  2.196203e-001  7.500000e-001
    endloop
  endfacet
  facet normal  0.000000e+000  0.000000e+000  1.000000e+000
    outer loop
      vertex -2.968750e-001  2.890625e-001  7.500000e-001
      vertex  2.627296e-001  2.196203e-001  7.500000e-001
      vertex  2.432979e-001  2.432979e-001  7.500000e-001
    endloop
  endfacet
  facet normal  0.000000e+000  0.000000e+000  9.999999e-001
    outer loop
      vertex -2.968750e-001  2.890625e-001  7.500000e-001
      vertex  2.432979e-001  2.432979e-001  7.500000e-001
      vertex  2.196203e-001  2.627296e-001  7.500000e-001
    endloop
  endfacet
  facet normal  0.000000e+000  0.000000e+000  1.000000e+000
    outer loop
      vertex -2.968750e-001  2.890625e-001  7.500000e-001
      vertex  2.196203e-001  2.627296e-001  7.500000e-001
      vertex  1.926068e-001  2.771687e-001  7.500000e-001
    endloop
  endfacet
  facet normal  0.000000e+000  0.000000e+000  1.000000e+000
    outer loop
      vertex -2.968750e-001  2.890625e-001  7.500000e-001
      vertex  1.926068e-001  2.771687e-001  7.500000e-001
      vertex  1.632954e-001  2.860602e-001  7.500000e-001
    endloop
  endfacet
  facet normal  0.000000e+000  0.000000e+000  1.000000e+000
    outer loop
      vertex -2.968750e-001  2.890625e-001  7.500000e-001
      vertex  1.632954e-001  2.860602e-001  7.500000e-001
      vertex  1.328125e-001  2.890625e-001  7.500000e-001
    endloop
  endfacet
  facet normal  1.000000e+000  -0.000000e+000  0.000000e+000
    outer loop
      vertex  2.890625e-001 -2.734375e-001  7.500000e-001
      vertex  2.890625e-001 -2.780099e-001  7.495496e-001
      vertex  2.890625e-001 -2.824066e-001  7.482159e-001
    endloop
  endfacet
  facet normal  1.000000e+000  -0.000000e+000  0.000000e+000
    outer loop
      vertex  2.890625e-001  1.328125e-001  7.500000e-001
      vertex  2.890625e-001 -2.734375e-001  7.500000e-001
      vertex  2.890625e-001 -2.824066e-001  7.482159e-001
    endloop
  endfacet
  facet normal  1.000000e+000  -0.000000e+000  0.000000e+000
    outer loop
      vertex  2.890625e-001  1.328125e-001  7.500000e-001
      vertex  2.890625e-001 -2.824066e-001  7.482159e-001
      vertex  2.890625e-001 -2.864587e-001  7.460501e-001
    endloop
  endfacet
  facet normal  1.000000e+000  -0.000000e+000  0.000000e+000
    outer loop
      vertex  2.890625e-001  1.328125e-001  7.500000e-001
      vertex  2.890625e-001 -2.864587e-001  7.460501e-001
      vertex  2.890625e-001 -2.900103e-001  7.431353e-001
    endloop
  endfacet
  facet normal  1.000000e+000  -0.000000e+000  0.000000e+000
    outer loop
      vertex  2.890625e-001  1.328125e-001  7.500000e-001
      vertex  2.890625e-001 -2.900103e-001  7.431353e-001
      vertex  2.890625e-001 -2.929251e-001  7.395837e-001
    endloop
  endfacet
  facet normal  9.999999e-001  -0.000000e+000  0.000000e+000
    outer loop
      vertex  2.890625e-001  1.328125e-001  7.500000e-001
      vertex  2.890625e-001 -2.929251e-001  7.395837e-001
      vertex  2.890625e-001 -2.950909e-001  7.355316e-001
    endloop
  endfacet
  facet normal  1.000000e+000  -0.000000e+000  0.000000e+000
    outer loop
      vertex  2.890625e-001  1.328125e-001  7.500000e-001
      vertex  2.890625e-001 -2.950909e-001  7.355316e-001
      vertex  2.890625e-001 -2.964247e-001  7.311350e-001
    endloop
  endfacet
  facet normal  1.000000e+000  -0.000000e+000  0.000000e+000
    outer loop
      vertex  2.890625e-001  1.328125e-001  7.500000e-001
      vertex  2.890625e-001 -2.964247e-001  7.311350e-001
      vertex  2.890625e-001 -2.968750e-001  7.265625e-001
    endloop
  endfacet
  facet normal  1.000000e+000  -0.000000e+000  0.000000e+000
    outer loop
      vertex  2.890625e-001  1.328125e-001  7.500000e-001
      vertex  2.890625e-001 -2.968750e-001  7.265625e-001
      vertex  2.890625e-001 -2.968750e-001  0.000000e+000
    endloop
  endfacet
  facet normal  9.999999e-001  0.000000e+000  0.000000e+000
    outer loop
      vertex  2.890625e-001  1.328125e-001  7.500000e-001
      vertex  2.890625e-001 -2.968750e-001  0.000000e+000
      vertex  2.890625e-001  1.328125e-001  0.000000e+000
    endloop
  endfacet
  facet normal  -0.000000e+000  -0.000000e+000 -1.000000e+000
    outer loop
      vertex -2.968750e-001  2.890625e-001  0.000000e+000
      vertex  1.328125e-001  2.890625e-001  0.000000e+000
      vertex  1.632954e-001  2.860602e-001  0.000000e+000
    endloop
  endfacet
  facet normal  -0.000000e+000  -0.000000e+000 -1.000000e+000
    outer loop
      vertex -2.968750e-001  2.890625e-001  0.000000e+000
      vertex  1.632954e-001  2.860602e-001  0.000000e+000
      vertex  1.926068e-001  2.771687e-001  0.000000e+000
    endloop
  endfacet
  facet normal  -0.000000e+000  -0.000000e+000 -1.000000e+000
    outer loop
      vertex -2.968750e-001  2.890625e-001  0.000000e+000
      vertex  1.926068e-001  2.771687e-001  0.000000e+000
      vertex  2.196203e-001  2.627296e-001  0.000000e+000
    endloop
  endfacet
  facet normal  -0.000000e+000  -0.000000e+000 -9.999999e-001
    outer loop
      vertex -2.968750e-001  2.890625e-001  0.000000e+000
      vertex  2.196203e-001  2.627296e-001  0.000000e+000
      vertex  2.432979e-001  2.432979e-001  0.000000e+000
    endloop
  endfacet
  facet normal  -0.000000e+000  -0.000000e+000 -1.000000e+000
    outer loop
      vertex -2.968750e-001  2.890625e-001  0.000000e+000
      vertex  2.432979e-001  2.432979e-001  0.000000e+000
      vertex  2.627296e-001  2.196203e-001  0.000000e+000
    endloop
  endfacet
  facet normal  -0.000000e+000  -0.000000e+000 -1.000000e+000
    outer loop
      vertex -2.968750e-001  2.890625e-001  0.000000e+000
      vertex  2.627296e-001  2.196203e-001  0.000000e+000
      vertex  2.771687e-001  1.926068e-001  0.000000e+000
    endloop
  endfacet
  facet normal  -0.000000e+000  -0.000000e+000 -1.000000e+000
    outer loop
      vertex -2.968750e-001  2.890625e-001  0.000000e+000
      vertex  2.771687e-001  1.926068e-001  0.000000e+000
      vertex  2.860602e-001  1.632954e-001  0.000000e+000
    endloop
  endfacet
  facet normal  -0.000000e+000  -0.000000e+000 -1.000000e+000
    outer loop
      vertex -2.968750e-001  2.890625e-001  0.000000e+000
      vertex  2.860602e-001  1.632954e-001  0.000000e+000
      vertex  2.890625e-001  1.328125e-001  0.000000e+000
    endloop
  endfacet
  facet normal  -0.000000e+000  -0.000000e+000 -1.000000e+000
    outer loop
      vertex -2.968750e-001  2.890625e-001  0.000000e+000
      vertex  2.890625e-001  1.328125e-001  0.000000e+000
      vertex  2.890625e-001 -2.968750e-001  0.000000e+000
    endloop
  endfacet
  facet normal  0.000000e+000  0.000000e+000 -1.000000e+000
    outer loop
      vertex -2.968750e-001  2.890625e-001  0.000000e+000
      vertex  2.890625e-001 -2.968750e-001  0.000000e+000
      vertex -2.968750e-001 -2.968750e-001  0.000000e+000
    endloop
  endfacet
  facet normal  0.000000e+000  9.999999e-001  0.000000e+000
    outer loop
      vertex  1.328125e-001  2.890625e-001  0.000000e+000
      vertex -2.968750e-001  2.890625e-001  0.000000e+000
      vertex  1.328125e-001  2.890625e-001  7.500000e-001
    endloop
  endfacet
  facet normal  0.000000e+000  9.999999e-001  0.000000e+000
    outer loop
      vertex  1.328125e-001  2.890625e-001  7.500000e-001
      vertex -2.968750e-001  2.890625e-001  0.000000e+000
      vertex -2.968750e-001  2.890625e-001  7.500000e-001
    endloop
  endfacet
  facet normal  9.801671e-002  9.951848e-001  0.000000e+000
    outer loop
      vertex  1.328125e-001  2.890625e-001  0.000000e+000
      vertex  1.328125e-001  2.890625e-001  7.500000e-001
      vertex  1.632954e-001  2.860602e-001  0.000000e+000
    endloop
  endfacet
  facet normal  9.801671e-002  9.951848e-001  -0.000000e+000
    outer loop
      vertex  1.632954e-001  2.860602e-001  0.000000e+000
      vertex  1.328125e-001  2.890625e-001  7.500000e-001
      vertex  1.632954e-001  2.860602e-001  7.500000e-001
    endloop
  endfacet
  facet normal  2.902846e-001  9.569404e-001  0.000000e+000
    outer loop
      vertex  1.632954e-001  2.860602e-001  0.000000e+000
      vertex  1.632954e-001  2.860602e-001  7.500000e-001
      vertex  1.926068e-001  2.771687e-001  0.000000e+000
    endloop
  endfacet
  facet normal  2.902846e-001  9.569404e-001  -0.000000e+000
    outer loop
      vertex  1.926068e-001  2.771687e-001  0.000000e+000
      vertex  1.632954e-001  2.860602e-001  7.500000e-001
      vertex  1.926068e-001  2.771687e-001  7.500000e-001
    endloop
  endfacet
  facet normal  4.713975e-001  8.819208e-001  0.000000e+000
    outer loop
      vertex  1.926068e-001  2.771687e-001  0.000000e+000
      vertex  1.926068e-001  2.771687e-001  7.500000e-001
      vertex  2.196203e-001  2.627296e-001  0.000000e+000
    endloop
  endfacet
  facet normal  4.713975e-001  8.819208e-001  -0.000000e+000
    outer loop
      vertex  2.196203e-001  2.627296e-001  0.000000e+000
      vertex  1.926068e-001  2.771687e-001  7.500000e-001
      vertex  2.196203e-001  2.627296e-001  7.500000e-001
    endloop
  endfacet
  facet normal  6.343930e-001  7.730107e-001  0.000000e+000
    outer loop
      vertex  2.196203e-001  2.627296e-001  0.000000e+000
      vertex  2.196203e-001  2.627296e-001  7.500000e-001
      vertex  2.432979e-001  2.432979e-001  0.000000e+000
    endloop
  endfacet
  facet normal  6.343930e-001  7.730107e-001  -0.000000e+000
    outer loop
      vertex  2.432979e-001  2.432979e-001  0.000000e+000
      vertex  2.196203e-001  2.627296e-001  7.500000e-001
      vertex  2.432979e-001  2.432979e-001  7.500000e-001
    endloop
  endfacet
  facet normal  7.730107e-001  6.343930e-001  0.000000e+000
    outer loop
      vertex  2.432979e-001  2.432979e-001  0.000000e+000
      vertex  2.432979e-001  2.432979e-001  7.500000e-001
      vertex  2.627296e-001  2.196203e-001  0.000000e+000
    endloop
  endfacet
  facet normal  7.730107e-001  6.343930e-001  -0.000000e+000
    outer loop
      vertex  2.627296e-001  2.196203e-001  0.000000e+000
      vertex  2.432979e-001  2.432979e-001  7.500000e-001
      vertex  2.627296e-001  2.196203e-001  7.500000e-001
    endloop
  endfacet
  facet normal  8.819208e-001  4.713975e-001  0.000000e+000
    outer loop
      vertex  2.627296e-001  2.196203e-001  0.000000e+000
      vertex  2.627296e-001  2.196203e-001  7.500000e-001
      vertex  2.771687e-001  1.926068e-001  0.000000e+000
    endloop
  endfacet
  facet normal  8.819208e-001  4.713975e-001  -0.000000e+000
    outer loop
      vertex  2.771687e-001  1.926068e-001  0.000000e+000
      vertex  2.627296e-001  2.196203e-001  7.500000e-001
      vertex  2.771687e-001  1.926068e-001  7.500000e-001
    endloop
  endfacet
  facet normal  9.569404e-001  2.902846e-001  0.000000e+000
    outer loop
      vertex  2.771687e-001  1.926068e-001  0.000000e+000
      vertex  2.771687e-001  1.926068e-001  7.500000e-001
      vertex  2.860602e-001  1.632954e-001  0.000000e+000
    endloop
  endfacet
  facet normal  9.569404e-001  2.902846e-001  -0.000000e+000
    outer loop
      vertex  2.860602e-001  1.632954e-001  0.000000e+000
      vertex  2.771687e-001  1.926068e-001  7.500000e-001
      vertex  2.860602e-001  1.632954e-001  7.500000e-001
    endloop
  endfacet
  facet normal  9.951848e-001  9.801671e-002  0.000000e+000
    outer loop
      vertex  2.860602e-001  1.632954e-001  0.000000e+000
      vertex  2.860602e-001  1.632954e-001  7.500000e-001
      vertex  2.890625e-001  1.328125e-001  0.000000e+000
    endloop
  endfacet
  facet normal  9.951848e-001  9.801671e-002  -0.000000e+000
    outer loop
      vertex  2.890625e-001  1.328125e-001  0.000000e+000
      vertex  2.860602e-001  1.632954e-001  7.500000e-001
      vertex  2.890625e-001  1.328125e-001  7.500000e-001
    endloop
  endfacet
  facet normal -1.000000e+000  0.000000e+000  0.000000e+000
    outer loop
      vertex -2.968750e-001 -2.734375e-001  7.500000e-001
      vertex -2.968750e-001 -2.824066e-001  7.482159e-001
      vertex -2.968750e-001 -2.780099e-001  7.495496e-001
    endloop
  endfacet
  facet normal -1.000000e+000  0.000000e+000  0.000000e+000
    outer loop
      vertex -2.968750e-001  2.890625e-001  7.500000e-001
      vertex -2.968750e-001  2.890625e-001  0.000000e+000
      vertex -2.968750e-001 -2.968750e-001  0.000000e+000
    endloop
  endfacet
  facet normal -1.000000e+000  0.000000e+000  0.000000e+000
    outer loop
      vertex -2.968750e-001  2.890625e-001  7.500000e-001
      vertex -2.968750e-001 -2.968750e-001  0.000000e+000
      vertex -2.968750e-001 -2.968750e-001  7.265625e-001
    endloop
  endfacet
  facet normal -1.000000e+000  0.000000e+000  0.000000e+000
    outer loop
      vertex -2.968750e-001  2.890625e-001  7.500000e-001
      vertex -2.968750e-001 -2.968750e-001  7.265625e-001
      vertex -2.968750e-001 -2.964247e-001  7.311350e-001
    endloop
  endfacet
  facet normal -1.000000e+000  0.000000e+000  0.000000e+000
    outer loop
      vertex -2.968750e-001  2.890625e-001  7.500000e-001
      vertex -2.968750e-001 -2.964247e-001  7.311350e-001
      vertex -2.968750e-001 -2.950909e-001  7.355316e-001
    endloop
  endfacet
  facet normal -1.000000e+000  0.000000e+000  0.000000e+000
    outer loop
      vertex -2.968750e-001  2.890625e-001  7.500000e-001
      vertex -2.968750e-001 -2.950909e-001  7.355316e-001
      vertex -2.968750e-001 -2.929251e-001  7.395837e-001
    endloop
  endfacet
  facet normal -1.000000e+000  0.000000e+000  0.000000e+000
    outer loop
      vertex -2.968750e-001  2.890625e-001  7.500000e-001
      vertex -2.968750e-001 -2.929251e-001  7.395837e-001
      vertex -2.968750e-001 -2.900103e-001  7.431353e-001
    endloop
  endfacet
  facet normal -1.000000e+000  0.000000e+000  0.000000e+000
    outer loop
      vertex -2.968750e-001  2.890625e-001  7.500000e-001
      vertex -2.968750e-001 -2.900103e-001  7.431353e-001
      vertex -2.968750e-001 -2.864587e-001  7.460501e-001
    endloop
  endfacet
  facet normal -1.000000e+000  0.000000e+000  0.000000e+000
    outer loop
      vertex -2.968750e-001  2.890625e-001  7.500000e-001
      vertex -2.968750e-001 -2.864587e-001  7.460501e-001
      vertex -2.968750e-001 -2.824066e-001  7.482159e-001
    endloop
  endfacet
  facet normal -1.000000e+000  0.000000e+000  0.000000e+000
    outer loop
      vertex -2.968750e-001  2.890625e-001  7.500000e-001
      vertex -2.968750e-001 -2.824066e-001  7.482159e-001
      vertex -2.968750e-001 -2.734375e-001  7.500000e-001
    endloop
  endfacet
  facet normal  0.000000e+000 -1.000000e+000  0.000000e+000
    outer loop
      vertex -2.968750e-001 -2.968750e-001  0.000000e+000
      vertex  2.890625e-001 -2.968750e-001  0.000000e+000
      vertex -2.968750e-001 -2.968750e-001  7.265625e-001
    endloop
  endfacet
  facet normal  0.000000e+000 -1.000000e+000  0.000000e+000
    outer loop
      vertex -2.968750e-001 -2.968750e-001  7.265625e-001
      vertex  2.890625e-001 -2.968750e-001  0.000000e+000
      vertex  2.890625e-001 -2.968750e-001  7.265625e-001
    endloop
  endfacet
  facet normal  0.000000e+000 -9.951848e-001  9.801622e-002
    outer loop
      vertex -2.968750e-001 -2.968750e-001  7.265625e-001
      vertex  2.890625e-001 -2.968750e-001  7.265625e-001
      vertex -2.968750e-001 -2.964247e-001  7.311350e-001
    endloop
  endfacet
  facet normal  0.000000e+000 -9.951848e-001  9.801622e-002
    outer loop
      vertex -2.968750e-001 -2.964247e-001  7.311350e-001
      vertex  2.890625e-001 -2.968750e-001  7.265625e-001
      vertex  2.890625e-001 -2.964247e-001  7.311350e-001
    endloop
  endfacet
  facet normal  0.000000e+000 -9.569388e-001  2.902898e-001
    outer loop
      vertex -2.968750e-001 -2.964247e-001  7.311350e-001
      vertex  2.890625e-001 -2.964247e-001  7.311350e-001
      vertex -2.968750e-001 -2.950909e-001  7.355316e-001
    endloop
  endfacet
  facet normal  0.000000e+000 -9.569388e-001  2.902898e-001
    outer loop
      vertex -2.968750e-001 -2.950909e-001  7.355316e-001
      vertex  2.890625e-001 -2.964247e-001  7.311350e-001
      vertex  2.890625e-001 -2.950909e-001  7.355316e-001
    endloop
  endfacet
  facet normal  0.000000e+000 -8.819220e-001  4.713954e-001
    outer loop
      vertex -2.968750e-001 -2.950909e-001  7.355316e-001
      vertex  2.890625e-001 -2.950909e-001  7.355316e-001
      vertex -2.968750e-001 -2.929251e-001  7.395837e-001
    endloop
  endfacet
  facet normal  0.000000e+000 -8.819220e-001  4.713954e-001
    outer loop
      vertex -2.968750e-001 -2.929251e-001  7.395837e-001
      vertex  2.890625e-001 -2.950909e-001  7.355316e-001
      vertex  2.890625e-001 -2.929251e-001  7.395837e-001
    endloop
  endfacet
  facet normal  0.000000e+000 -7.730123e-001  6.343911e-001
    outer loop
      vertex -2.968750e-001 -2.929251e-001  7.395837e-001
      vertex  2.890625e-001 -2.929251e-001  7.395837e-001
      vertex -2.968750e-001 -2.900103e-001  7.431353e-001
    endloop
  endfacet
  facet normal  0.000000e+000 -7.730123e-001  6.343911e-001
    outer loop
      vertex -2.968750e-001 -2.900103e-001  7.431353e-001
      vertex  2.890625e-001 -2.929251e-001  7.395837e-001
      vertex  2.890625e-001 -2.900103e-001  7.431353e-001
    endloop
  endfacet
  facet normal  0.000000e+000 -6.343904e-001  7.730129e-001
    outer loop
      vertex -2.968750e-001 -2.900103e-001  7.431353e-001
      vertex  2.890625e-001 -2.900103e-001  7.431353e-001
      vertex -2.968750e-001 -2.864587e-001  7.460501e-001
    endloop
  endfacet
  facet normal  0.000000e+000 -6.343904e-001  7.730129e-001
    outer loop
      vertex -2.968750e-001 -2.864587e-001  7.460501e-001
      vertex  2.890625e-001 -2.900103e-001  7.431353e-001
      vertex  2.890625e-001 -2.864587e-001  7.460501e-001
    endloop
  endfacet
  facet normal  0.000000e+000 -4.713954e-001  8.819220e-001
    outer loop
      vertex -2.968750e-001 -2.864587e-001  7.460501e-001
      vertex  2.890625e-001 -2.864587e-001  7.460501e-001
      vertex -2.968750e-001 -2.824066e-001  7.482159e-001
    endloop
  endfacet
  facet normal  0.000000e+000 -4.713954e-001  8.819220e-001
    outer loop
      vertex -2.968750e-001 -2.824066e-001  7.482159e-001
      vertex  2.890625e-001 -2.864587e-001  7.460501e-001
      vertex  2.890625e-001 -2.824066e-001  7.482159e-001
    endloop
  endfacet
  facet normal  0.000000e+000 -2.902821e-001  9.569412e-001
    outer loop
      vertex -2.968750e-001 -2.824066e-001  7.482159e-001
      vertex  2.890625e-001 -2.824066e-001  7.482159e-001
      vertex -2.968750e-001 -2.780099e-001  7.495496e-001
    endloop
  endfacet
  facet normal  0.000000e+000 -2.902821e-001  9.569412e-001
    outer loop
      vertex -2.968750e-001 -2.780099e-001  7.495496e-001
      vertex  2.890625e-001 -2.824066e-001  7.482159e-001
      vertex  2.890625e-001 -2.780099e-001  7.495496e-001
    endloop
  endfacet
  facet normal  0.000000e+000 -9.802329e-002  9.951841e-001
    outer loop
      vertex -2.968750e-001 -2.780099e-001  7.495496e-001
      vertex  2.890625e-001 -2.780099e-001  7.495496e-001
      vertex -2.968750e-001 -2.734375e-001  7.500000e-001
    endloop
  endfacet
  facet normal  0.000000e+000 -9.802329e-002  9.951841e-001
    outer loop
      vertex -2.968750e-001 -2.734375e-001  7.500000e-001
      vertex  2.890625e-001 -2.780099e-001  7.495496e-001
      vertex  2.890625e-001 -2.734375e-001  7.500000e-001
    endloop
  endfacet
endsolid CATIA STL
