solid CATIA STL
  facet normal  -0.000000e+000 -1.000000e+000  0.000000e+000
    outer loop
      vertex  2.842105e-001 -2.343750e-002  3.789474e-001
      vertex  6.552632e-001 -2.343750e-002  6.078947e-001
      vertex  3.722282e-017 -2.343750e-002  6.078947e-001
    endloop
  endfacet
  facet normal  0.000000e+000 -1.000000e+000  -0.000000e+000
    outer loop
      vertex  2.842105e-001 -2.343750e-002  3.789474e-001
      vertex  3.722282e-017 -2.343750e-002  6.078947e-001
      vertex  2.870266e-018 -2.343750e-002  4.687500e-002
    endloop
  endfacet
  facet normal  0.000000e+000 -1.000000e+000  0.000000e+000
    outer loop
      vertex  2.842105e-001 -2.343750e-002  3.789474e-001
      vertex  2.870266e-018 -2.343750e-002  4.687500e-002
      vertex  9.006900e-004 -2.343750e-002  3.773014e-002
    endloop
  endfacet
  facet normal  0.000000e+000 -1.000000e+000  0.000000e+000
    outer loop
      vertex  2.842105e-001 -2.343750e-002  3.789474e-001
      vertex  9.006900e-004 -2.343750e-002  3.773014e-002
      vertex  3.568147e-003 -2.343750e-002  2.893671e-002
    endloop
  endfacet
  facet normal  0.000000e+000 -1.000000e+000  0.000000e+000
    outer loop
      vertex  2.842105e-001 -2.343750e-002  3.789474e-001
      vertex  3.568147e-003 -2.343750e-002  2.893671e-002
      vertex  7.899862e-003 -2.343750e-002  2.083264e-002
    endloop
  endfacet
  facet normal  0.000000e+000 -1.000000e+000  0.000000e+000
    outer loop
      vertex  2.842105e-001 -2.343750e-002  3.789474e-001
      vertex  7.899862e-003 -2.343750e-002  2.083264e-002
      vertex  1.372937e-002 -2.343750e-002  1.372937e-002
    endloop
  endfacet
  facet normal  0.000000e+000 -1.000000e+000  0.000000e+000
    outer loop
      vertex  2.842105e-001 -2.343750e-002  3.789474e-001
      vertex  1.372937e-002 -2.343750e-002  1.372937e-002
      vertex  2.083264e-002 -2.343750e-002  7.899862e-003
    endloop
  endfacet
  facet normal  0.000000e+000 -1.000000e+000  0.000000e+000
    outer loop
      vertex  2.842105e-001 -2.343750e-002  3.789474e-001
      vertex  2.083264e-002 -2.343750e-002  7.899862e-003
      vertex  2.893671e-002 -2.343750e-002  3.568147e-003
    endloop
  endfacet
  facet normal  0.000000e+000 -1.000000e+000  0.000000e+000
    outer loop
      vertex  2.842105e-001 -2.343750e-002  3.789474e-001
      vertex  2.893671e-002 -2.343750e-002  3.568147e-003
      vertex  3.773014e-002 -2.343750e-002  9.006900e-004
    endloop
  endfacet
  facet normal  0.000000e+000 -1.000000e+000  0.000000e+000
    outer loop
      vertex  2.842105e-001 -2.343750e-002  3.789474e-001
      vertex  3.773014e-002 -2.343750e-002  9.006900e-004
      vertex  4.687500e-002 -2.343750e-002 -2.870266e-018
    endloop
  endfacet
  facet normal  0.000000e+000 -1.000000e+000  0.000000e+000
    outer loop
      vertex  2.842105e-001 -2.343750e-002  3.789474e-001
      vertex  4.687500e-002 -2.343750e-002 -2.870266e-018
      vertex  7.500000e-001 -2.343750e-002 -4.592425e-017
    endloop
  endfacet
  facet normal  0.000000e+000  1.000000e+000  0.000000e+000
    outer loop
      vertex  2.842105e-001  0.000000e+000  3.789474e-001
      vertex  7.500000e-001  0.000000e+000 -4.592425e-017
      vertex  4.687500e-002  0.000000e+000 -2.870266e-018
    endloop
  endfacet
  facet normal  0.000000e+000  9.999999e-001  -0.000000e+000
    outer loop
      vertex  2.842105e-001  0.000000e+000  3.789474e-001
      vertex  4.687500e-002  0.000000e+000 -2.870266e-018
      vertex  3.773014e-002  0.000000e+000  9.006900e-004
    endloop
  endfacet
  facet normal  0.000000e+000  1.000000e+000  -0.000000e+000
    outer loop
      vertex  2.842105e-001  0.000000e+000  3.789474e-001
      vertex  3.773014e-002  0.000000e+000  9.006900e-004
      vertex  2.893671e-002  0.000000e+000  3.568147e-003
    endloop
  endfacet
  facet normal  0.000000e+000  1.000000e+000  -0.000000e+000
    outer loop
      vertex  2.842105e-001  0.000000e+000  3.789474e-001
      vertex  2.893671e-002  0.000000e+000  3.568147e-003
      vertex  2.083264e-002  0.000000e+000  7.899862e-003
    endloop
  endfacet
  facet normal  0.000000e+000  1.000000e+000  -0.000000e+000
    outer loop
      vertex  2.842105e-001  0.000000e+000  3.789474e-001
      vertex  2.083264e-002  0.000000e+000  7.899862e-003
      vertex  1.372937e-002  0.000000e+000  1.372937e-002
    endloop
  endfacet
  facet normal  0.000000e+000  1.000000e+000  -0.000000e+000
    outer loop
      vertex  2.842105e-001  0.000000e+000  3.789474e-001
      vertex  1.372937e-002  0.000000e+000  1.372937e-002
      vertex  7.899862e-003  0.000000e+000  2.083264e-002
    endloop
  endfacet
  facet normal  0.000000e+000  1.000000e+000  -0.000000e+000
    outer loop
      vertex  2.842105e-001  0.000000e+000  3.789474e-001
      vertex  7.899862e-003  0.000000e+000  2.083264e-002
      vertex  3.568147e-003  0.000000e+000  2.893671e-002
    endloop
  endfacet
  facet normal  0.000000e+000  1.000000e+000  -0.000000e+000
    outer loop
      vertex  2.842105e-001  0.000000e+000  3.789474e-001
      vertex  3.568147e-003  0.000000e+000  2.893671e-002
      vertex  9.006900e-004  0.000000e+000  3.773014e-002
    endloop
  endfacet
  facet normal  0.000000e+000  1.000000e+000  -0.000000e+000
    outer loop
      vertex  2.842105e-001  0.000000e+000  3.789474e-001
      vertex  9.006900e-004  0.000000e+000  3.773014e-002
      vertex  2.870266e-018  0.000000e+000  4.687500e-002
    endloop
  endfacet
  facet normal  0.000000e+000  1.000000e+000  0.000000e+000
    outer loop
      vertex  2.842105e-001  0.000000e+000  3.789474e-001
      vertex  2.870266e-018  0.000000e+000  4.687500e-002
      vertex  3.722282e-017  0.000000e+000  6.078947e-001
    endloop
  endfacet
  facet normal  -0.000000e+000  1.000000e+000  0.000000e+000
    outer loop
      vertex  2.842105e-001  0.000000e+000  3.789474e-001
      vertex  3.722282e-017  0.000000e+000  6.078947e-001
      vertex  6.552632e-001  0.000000e+000  6.078947e-001
    endloop
  endfacet
  facet normal -1.000000e+000  0.000000e+000  6.123234e-017
    outer loop
      vertex  3.722282e-017 -2.343750e-002  6.078947e-001
      vertex  3.722282e-017  0.000000e+000  6.078947e-001
      vertex  2.870266e-018 -2.343750e-002  4.687500e-002
    endloop
  endfacet
  facet normal -1.000000e+000  0.000000e+000  6.123234e-017
    outer loop
      vertex  2.870266e-018 -2.343750e-002  4.687500e-002
      vertex  3.722282e-017  0.000000e+000  6.078947e-001
      vertex  2.870266e-018  0.000000e+000  4.687500e-002
    endloop
  endfacet
  facet normal -6.123234e-017  -0.000000e+000 -1.000000e+000
    outer loop
      vertex  4.687500e-002 -2.343750e-002 -2.870266e-018
      vertex  4.687500e-002  0.000000e+000 -2.870266e-018
      vertex  7.500000e-001 -2.343750e-002 -4.592425e-017
    endloop
  endfacet
  facet normal -6.123234e-017  0.000000e+000 -1.000000e+000
    outer loop
      vertex  7.500000e-001 -2.343750e-002 -4.592425e-017
      vertex  4.687500e-002  0.000000e+000 -2.870266e-018
      vertex  7.500000e-001  0.000000e+000 -4.592425e-017
    endloop
  endfacet
  facet normal -9.801716e-002  0.000000e+000 -9.951848e-001
    outer loop
      vertex  4.687500e-002  0.000000e+000 -2.870266e-018
      vertex  4.687500e-002 -2.343750e-002 -2.870266e-018
      vertex  3.773014e-002  0.000000e+000  9.006900e-004
    endloop
  endfacet
  facet normal -9.801716e-002  -0.000000e+000 -9.951848e-001
    outer loop
      vertex  3.773014e-002  0.000000e+000  9.006900e-004
      vertex  4.687500e-002 -2.343750e-002 -2.870266e-018
      vertex  3.773014e-002 -2.343750e-002  9.006900e-004
    endloop
  endfacet
  facet normal -2.902846e-001  0.000000e+000 -9.569404e-001
    outer loop
      vertex  3.773014e-002  0.000000e+000  9.006900e-004
      vertex  3.773014e-002 -2.343750e-002  9.006900e-004
      vertex  2.893671e-002  0.000000e+000  3.568147e-003
    endloop
  endfacet
  facet normal -2.902846e-001  -0.000000e+000 -9.569404e-001
    outer loop
      vertex  2.893671e-002  0.000000e+000  3.568147e-003
      vertex  3.773014e-002 -2.343750e-002  9.006900e-004
      vertex  2.893671e-002 -2.343750e-002  3.568147e-003
    endloop
  endfacet
  facet normal -4.713967e-001  0.000000e+000 -8.819213e-001
    outer loop
      vertex  2.893671e-002  0.000000e+000  3.568147e-003
      vertex  2.893671e-002 -2.343750e-002  3.568147e-003
      vertex  2.083264e-002  0.000000e+000  7.899862e-003
    endloop
  endfacet
  facet normal -4.713967e-001  -0.000000e+000 -8.819213e-001
    outer loop
      vertex  2.083264e-002  0.000000e+000  7.899862e-003
      vertex  2.893671e-002 -2.343750e-002  3.568147e-003
      vertex  2.083264e-002 -2.343750e-002  7.899862e-003
    endloop
  endfacet
  facet normal -6.343933e-001  0.000000e+000 -7.730105e-001
    outer loop
      vertex  2.083264e-002  0.000000e+000  7.899862e-003
      vertex  2.083264e-002 -2.343750e-002  7.899862e-003
      vertex  1.372937e-002  0.000000e+000  1.372937e-002
    endloop
  endfacet
  facet normal -6.343933e-001  -0.000000e+000 -7.730105e-001
    outer loop
      vertex  1.372937e-002  0.000000e+000  1.372937e-002
      vertex  2.083264e-002 -2.343750e-002  7.899862e-003
      vertex  1.372937e-002 -2.343750e-002  1.372937e-002
    endloop
  endfacet
  facet normal -7.730105e-001  0.000000e+000 -6.343933e-001
    outer loop
      vertex  1.372937e-002  0.000000e+000  1.372937e-002
      vertex  1.372937e-002 -2.343750e-002  1.372937e-002
      vertex  7.899862e-003  0.000000e+000  2.083264e-002
    endloop
  endfacet
  facet normal -7.730105e-001  -0.000000e+000 -6.343933e-001
    outer loop
      vertex  7.899862e-003  0.000000e+000  2.083264e-002
      vertex  1.372937e-002 -2.343750e-002  1.372937e-002
      vertex  7.899862e-003 -2.343750e-002  2.083264e-002
    endloop
  endfacet
  facet normal -8.819213e-001  0.000000e+000 -4.713967e-001
    outer loop
      vertex  7.899862e-003  0.000000e+000  2.083264e-002
      vertex  7.899862e-003 -2.343750e-002  2.083264e-002
      vertex  3.568147e-003  0.000000e+000  2.893671e-002
    endloop
  endfacet
  facet normal -8.819213e-001  -0.000000e+000 -4.713967e-001
    outer loop
      vertex  3.568147e-003  0.000000e+000  2.893671e-002
      vertex  7.899862e-003 -2.343750e-002  2.083264e-002
      vertex  3.568147e-003 -2.343750e-002  2.893671e-002
    endloop
  endfacet
  facet normal -9.569404e-001  0.000000e+000 -2.902846e-001
    outer loop
      vertex  3.568147e-003  0.000000e+000  2.893671e-002
      vertex  3.568147e-003 -2.343750e-002  2.893671e-002
      vertex  9.006900e-004  0.000000e+000  3.773014e-002
    endloop
  endfacet
  facet normal -9.569404e-001  -0.000000e+000 -2.902846e-001
    outer loop
      vertex  9.006900e-004  0.000000e+000  3.773014e-002
      vertex  3.568147e-003 -2.343750e-002  2.893671e-002
      vertex  9.006900e-004 -2.343750e-002  3.773014e-002
    endloop
  endfacet
  facet normal -9.951848e-001  0.000000e+000 -9.801716e-002
    outer loop
      vertex  9.006900e-004  0.000000e+000  3.773014e-002
      vertex  9.006900e-004 -2.343750e-002  3.773014e-002
      vertex  2.870266e-018  0.000000e+000  4.687500e-002
    endloop
  endfacet
  facet normal -9.951848e-001  -0.000000e+000 -9.801716e-002
    outer loop
      vertex  2.870266e-018  0.000000e+000  4.687500e-002
      vertex  9.006900e-004 -2.343750e-002  3.773014e-002
      vertex  2.870266e-018 -2.343750e-002  4.687500e-002
    endloop
  endfacet
  facet normal  0.000000e+000  0.000000e+000  1.000000e+000
    outer loop
      vertex  6.552632e-001 -2.343750e-002  6.078947e-001
      vertex  6.552632e-001  0.000000e+000  6.078947e-001
      vertex  3.722282e-017 -2.343750e-002  6.078947e-001
    endloop
  endfacet
  facet normal  0.000000e+000  0.000000e+000  1.000000e+000
    outer loop
      vertex  3.722282e-017 -2.343750e-002  6.078947e-001
      vertex  6.552632e-001  0.000000e+000  6.078947e-001
      vertex  3.722282e-017  0.000000e+000  6.078947e-001
    endloop
  endfacet
  facet normal  5.251073e-001  0.000000e+000 -8.510361e-001
    outer loop
      vertex  2.842105e-001 -2.343750e-002  3.789474e-001
      vertex  2.842105e-001  0.000000e+000  3.789474e-001
      vertex  6.552632e-001 -2.343750e-002  6.078947e-001
    endloop
  endfacet
  facet normal  5.251073e-001  0.000000e+000 -8.510361e-001
    outer loop
      vertex  6.552632e-001 -2.343750e-002  6.078947e-001
      vertex  2.842105e-001  0.000000e+000  3.789474e-001
      vertex  6.552632e-001  0.000000e+000  6.078947e-001
    endloop
  endfacet
  facet normal  6.310875e-001  0.000000e+000  7.757117e-001
    outer loop
      vertex  7.500000e-001 -2.343750e-002 -4.592425e-017
      vertex  7.500000e-001  0.000000e+000 -4.592425e-017
      vertex  2.842105e-001 -2.343750e-002  3.789474e-001
    endloop
  endfacet
  facet normal  6.310875e-001  -0.000000e+000  7.757117e-001
    outer loop
      vertex  2.842105e-001 -2.343750e-002  3.789474e-001
      vertex  7.500000e-001  0.000000e+000 -4.592425e-017
      vertex  2.842105e-001  0.000000e+000  3.789474e-001
    endloop
  endfacet
endsolid CATIA STL
