solid CATIA STL
  facet normal  0.000000e+000  0.000000e+000  9.999999e-001
    outer loop
      vertex -5.763158e-001  5.763158e-001  3.125000e-002
      vertex -5.763158e-001 -5.763158e-001  3.125000e-002
      vertex  5.763158e-001 -5.763158e-001  3.125000e-002
    endloop
  endfacet
  facet normal  0.000000e+000  -0.000000e+000  1.000000e+000
    outer loop
      vertex -5.763158e-001  5.763158e-001  3.125000e-002
      vertex  5.763158e-001 -5.763158e-001  3.125000e-002
      vertex  5.763158e-001  4.825658e-001  3.125000e-002
    endloop
  endfacet
  facet normal  0.000000e+000  0.000000e+000  1.000000e+000
    outer loop
      vertex -5.763158e-001  5.763158e-001  3.125000e-002
      vertex  5.763158e-001  4.825658e-001  3.125000e-002
      vertex  5.745144e-001  5.008555e-001  3.125000e-002
    endloop
  endfacet
  facet normal  0.000000e+000  0.000000e+000  1.000000e+000
    outer loop
      vertex -5.763158e-001  5.763158e-001  3.125000e-002
      vertex  5.745144e-001  5.008555e-001  3.125000e-002
      vertex  5.691795e-001  5.184423e-001  3.125000e-002
    endloop
  endfacet
  facet normal  0.000000e+000  0.000000e+000  1.000000e+000
    outer loop
      vertex -5.763158e-001  5.763158e-001  3.125000e-002
      vertex  5.691795e-001  5.184423e-001  3.125000e-002
      vertex  5.605161e-001  5.346505e-001  3.125000e-002
    endloop
  endfacet
  facet normal  0.000000e+000  0.000000e+000  1.000000e+000
    outer loop
      vertex -5.763158e-001  5.763158e-001  3.125000e-002
      vertex  5.605161e-001  5.346505e-001  3.125000e-002
      vertex  5.488570e-001  5.488570e-001  3.125000e-002
    endloop
  endfacet
  facet normal  0.000000e+000  0.000000e+000  9.999999e-001
    outer loop
      vertex -5.763158e-001  5.763158e-001  3.125000e-002
      vertex  5.488570e-001  5.488570e-001  3.125000e-002
      vertex  5.346505e-001  5.605161e-001  3.125000e-002
    endloop
  endfacet
  facet normal  0.000000e+000  0.000000e+000  1.000000e+000
    outer loop
      vertex -5.763158e-001  5.763158e-001  3.125000e-002
      vertex  5.346505e-001  5.605161e-001  3.125000e-002
      vertex  5.184423e-001  5.691795e-001  3.125000e-002
    endloop
  endfacet
  facet normal  0.000000e+000  0.000000e+000  1.000000e+000
    outer loop
      vertex -5.763158e-001  5.763158e-001  3.125000e-002
      vertex  5.184423e-001  5.691795e-001  3.125000e-002
      vertex  5.008555e-001  5.745144e-001  3.125000e-002
    endloop
  endfacet
  facet normal  0.000000e+000  0.000000e+000  1.000000e+000
    outer loop
      vertex -5.763158e-001  5.763158e-001  3.125000e-002
      vertex  5.008555e-001  5.745144e-001  3.125000e-002
      vertex  4.825658e-001  5.763158e-001  3.125000e-002
    endloop
  endfacet
  facet normal  -0.000000e+000  -0.000000e+000 -1.000000e+000
    outer loop
      vertex -5.763158e-001  5.763158e-001  0.000000e+000
      vertex  4.825658e-001  5.763158e-001  0.000000e+000
      vertex  5.008555e-001  5.745144e-001  0.000000e+000
    endloop
  endfacet
  facet normal  -0.000000e+000  -0.000000e+000 -1.000000e+000
    outer loop
      vertex -5.763158e-001  5.763158e-001  0.000000e+000
      vertex  5.008555e-001  5.745144e-001  0.000000e+000
      vertex  5.184423e-001  5.691795e-001  0.000000e+000
    endloop
  endfacet
  facet normal  -0.000000e+000  -0.000000e+000 -1.000000e+000
    outer loop
      vertex -5.763158e-001  5.763158e-001  0.000000e+000
      vertex  5.184423e-001  5.691795e-001  0.000000e+000
      vertex  5.346505e-001  5.605161e-001  0.000000e+000
    endloop
  endfacet
  facet normal  -0.000000e+000  -0.000000e+000 -1.000000e+000
    outer loop
      vertex -5.763158e-001  5.763158e-001  0.000000e+000
      vertex  5.346505e-001  5.605161e-001  0.000000e+000
      vertex  5.488570e-001  5.488570e-001  0.000000e+000
    endloop
  endfacet
  facet normal  -0.000000e+000  -0.000000e+000 -1.000000e+000
    outer loop
      vertex -5.763158e-001  5.763158e-001  0.000000e+000
      vertex  5.488570e-001  5.488570e-001  0.000000e+000
      vertex  5.605161e-001  5.346505e-001  0.000000e+000
    endloop
  endfacet
  facet normal  -0.000000e+000  -0.000000e+000 -1.000000e+000
    outer loop
      vertex -5.763158e-001  5.763158e-001  0.000000e+000
      vertex  5.605161e-001  5.346505e-001  0.000000e+000
      vertex  5.691795e-001  5.184423e-001  0.000000e+000
    endloop
  endfacet
  facet normal  -0.000000e+000  -0.000000e+000 -1.000000e+000
    outer loop
      vertex -5.763158e-001  5.763158e-001  0.000000e+000
      vertex  5.691795e-001  5.184423e-001  0.000000e+000
      vertex  5.745144e-001  5.008555e-001  0.000000e+000
    endloop
  endfacet
  facet normal  -0.000000e+000  -0.000000e+000 -1.000000e+000
    outer loop
      vertex -5.763158e-001  5.763158e-001  0.000000e+000
      vertex  5.745144e-001  5.008555e-001  0.000000e+000
      vertex  5.763158e-001  4.825658e-001  0.000000e+000
    endloop
  endfacet
  facet normal  -0.000000e+000  -0.000000e+000 -1.000000e+000
    outer loop
      vertex -5.763158e-001  5.763158e-001  0.000000e+000
      vertex  5.763158e-001  4.825658e-001  0.000000e+000
      vertex  5.763158e-001 -5.763158e-001  0.000000e+000
    endloop
  endfacet
  facet normal  0.000000e+000  0.000000e+000 -9.999999e-001
    outer loop
      vertex -5.763158e-001  5.763158e-001  0.000000e+000
      vertex  5.763158e-001 -5.763158e-001  0.000000e+000
      vertex -5.763158e-001 -5.763158e-001  0.000000e+000
    endloop
  endfacet
  facet normal  0.000000e+000  1.000000e+000  -0.000000e+000
    outer loop
      vertex  4.825658e-001  5.763158e-001  3.125000e-002
      vertex  4.825658e-001  5.763158e-001  0.000000e+000
      vertex -5.763158e-001  5.763158e-001  3.125000e-002
    endloop
  endfacet
  facet normal  0.000000e+000  1.000000e+000  0.000000e+000
    outer loop
      vertex -5.763158e-001  5.763158e-001  3.125000e-002
      vertex  4.825658e-001  5.763158e-001  0.000000e+000
      vertex -5.763158e-001  5.763158e-001  0.000000e+000
    endloop
  endfacet
  facet normal  1.000000e+000  0.000000e+000  0.000000e+000
    outer loop
      vertex  5.763158e-001 -5.763158e-001  3.125000e-002
      vertex  5.763158e-001 -5.763158e-001  0.000000e+000
      vertex  5.763158e-001  4.825658e-001  3.125000e-002
    endloop
  endfacet
  facet normal  1.000000e+000  0.000000e+000  0.000000e+000
    outer loop
      vertex  5.763158e-001  4.825658e-001  3.125000e-002
      vertex  5.763158e-001 -5.763158e-001  0.000000e+000
      vertex  5.763158e-001  4.825658e-001  0.000000e+000
    endloop
  endfacet
  facet normal  9.801669e-002  9.951847e-001  0.000000e+000
    outer loop
      vertex  4.825658e-001  5.763158e-001  0.000000e+000
      vertex  4.825658e-001  5.763158e-001  3.125000e-002
      vertex  5.008555e-001  5.745144e-001  0.000000e+000
    endloop
  endfacet
  facet normal  9.801669e-002  9.951847e-001  -0.000000e+000
    outer loop
      vertex  5.008555e-001  5.745144e-001  0.000000e+000
      vertex  4.825658e-001  5.763158e-001  3.125000e-002
      vertex  5.008555e-001  5.745144e-001  3.125000e-002
    endloop
  endfacet
  facet normal  2.902851e-001  9.569402e-001  0.000000e+000
    outer loop
      vertex  5.008555e-001  5.745144e-001  0.000000e+000
      vertex  5.008555e-001  5.745144e-001  3.125000e-002
      vertex  5.184423e-001  5.691795e-001  0.000000e+000
    endloop
  endfacet
  facet normal  2.902851e-001  9.569402e-001  -0.000000e+000
    outer loop
      vertex  5.184423e-001  5.691795e-001  0.000000e+000
      vertex  5.008555e-001  5.745144e-001  3.125000e-002
      vertex  5.184423e-001  5.691795e-001  3.125000e-002
    endloop
  endfacet
  facet normal  4.713954e-001  8.819220e-001  0.000000e+000
    outer loop
      vertex  5.184423e-001  5.691795e-001  0.000000e+000
      vertex  5.184423e-001  5.691795e-001  3.125000e-002
      vertex  5.346505e-001  5.605161e-001  0.000000e+000
    endloop
  endfacet
  facet normal  4.713954e-001  8.819220e-001  -0.000000e+000
    outer loop
      vertex  5.346505e-001  5.605161e-001  0.000000e+000
      vertex  5.184423e-001  5.691795e-001  3.125000e-002
      vertex  5.346505e-001  5.605161e-001  3.125000e-002
    endloop
  endfacet
  facet normal  6.343943e-001  7.730097e-001  0.000000e+000
    outer loop
      vertex  5.346505e-001  5.605161e-001  0.000000e+000
      vertex  5.346505e-001  5.605161e-001  3.125000e-002
      vertex  5.488570e-001  5.488570e-001  0.000000e+000
    endloop
  endfacet
  facet normal  6.343943e-001  7.730097e-001  -0.000000e+000
    outer loop
      vertex  5.488570e-001  5.488570e-001  0.000000e+000
      vertex  5.346505e-001  5.605161e-001  3.125000e-002
      vertex  5.488570e-001  5.488570e-001  3.125000e-002
    endloop
  endfacet
  facet normal  7.730097e-001  6.343943e-001  0.000000e+000
    outer loop
      vertex  5.488570e-001  5.488570e-001  0.000000e+000
      vertex  5.488570e-001  5.488570e-001  3.125000e-002
      vertex  5.605161e-001  5.346505e-001  0.000000e+000
    endloop
  endfacet
  facet normal  7.730097e-001  6.343943e-001  -0.000000e+000
    outer loop
      vertex  5.605161e-001  5.346505e-001  0.000000e+000
      vertex  5.488570e-001  5.488570e-001  3.125000e-002
      vertex  5.605161e-001  5.346505e-001  3.125000e-002
    endloop
  endfacet
  facet normal  8.819220e-001  4.713954e-001  0.000000e+000
    outer loop
      vertex  5.605161e-001  5.346505e-001  0.000000e+000
      vertex  5.605161e-001  5.346505e-001  3.125000e-002
      vertex  5.691795e-001  5.184423e-001  0.000000e+000
    endloop
  endfacet
  facet normal  8.819220e-001  4.713954e-001  -0.000000e+000
    outer loop
      vertex  5.691795e-001  5.184423e-001  0.000000e+000
      vertex  5.605161e-001  5.346505e-001  3.125000e-002
      vertex  5.691795e-001  5.184423e-001  3.125000e-002
    endloop
  endfacet
  facet normal  9.569402e-001  2.902851e-001  0.000000e+000
    outer loop
      vertex  5.691795e-001  5.184423e-001  0.000000e+000
      vertex  5.691795e-001  5.184423e-001  3.125000e-002
      vertex  5.745144e-001  5.008555e-001  0.000000e+000
    endloop
  endfacet
  facet normal  9.569402e-001  2.902851e-001  -0.000000e+000
    outer loop
      vertex  5.745144e-001  5.008555e-001  0.000000e+000
      vertex  5.691795e-001  5.184423e-001  3.125000e-002
      vertex  5.745144e-001  5.008555e-001  3.125000e-002
    endloop
  endfacet
  facet normal  9.951847e-001  9.801669e-002  0.000000e+000
    outer loop
      vertex  5.745144e-001  5.008555e-001  0.000000e+000
      vertex  5.745144e-001  5.008555e-001  3.125000e-002
      vertex  5.763158e-001  4.825658e-001  0.000000e+000
    endloop
  endfacet
  facet normal  9.951847e-001  9.801669e-002  -0.000000e+000
    outer loop
      vertex  5.763158e-001  4.825658e-001  0.000000e+000
      vertex  5.745144e-001  5.008555e-001  3.125000e-002
      vertex  5.763158e-001  4.825658e-001  3.125000e-002
    endloop
  endfacet
  facet normal -1.000000e+000  0.000000e+000  0.000000e+000
    outer loop
      vertex -5.763158e-001  5.763158e-001  3.125000e-002
      vertex -5.763158e-001  5.763158e-001  0.000000e+000
      vertex -5.763158e-001 -5.763158e-001  3.125000e-002
    endloop
  endfacet
  facet normal -1.000000e+000  0.000000e+000  0.000000e+000
    outer loop
      vertex -5.763158e-001 -5.763158e-001  3.125000e-002
      vertex -5.763158e-001  5.763158e-001  0.000000e+000
      vertex -5.763158e-001 -5.763158e-001  0.000000e+000
    endloop
  endfacet
  facet normal  0.000000e+000 -1.000000e+000  0.000000e+000
    outer loop
      vertex -5.763158e-001 -5.763158e-001  3.125000e-002
      vertex -5.763158e-001 -5.763158e-001  0.000000e+000
      vertex  5.763158e-001 -5.763158e-001  3.125000e-002
    endloop
  endfacet
  facet normal  0.000000e+000 -1.000000e+000  -0.000000e+000
    outer loop
      vertex  5.763158e-001 -5.763158e-001  3.125000e-002
      vertex -5.763158e-001 -5.763158e-001  0.000000e+000
      vertex  5.763158e-001 -5.763158e-001  0.000000e+000
    endloop
  endfacet
endsolid CATIA STL
