solid CATIA STL
  facet normal  0.000000e+000 -1.000000e+000  0.000000e+000
    outer loop
      vertex  3.248355e-002 -7.500000e-001  3.248355e-002
      vertex -3.248355e-002 -7.500000e-001  3.248355e-002
      vertex -3.248355e-002 -7.500000e-001  1.439145e-002
    endloop
  endfacet
  facet normal  0.000000e+000 -1.000000e+000  0.000000e+000
    outer loop
      vertex  3.248355e-002 -7.500000e-001  3.248355e-002
      vertex -3.248355e-002 -7.500000e-001  1.439145e-002
      vertex -3.158286e-002 -7.500000e-001  5.246588e-003
    endloop
  endfacet
  facet normal  0.000000e+000 -1.000000e+000  0.000000e+000
    outer loop
      vertex  3.248355e-002 -7.500000e-001  3.248355e-002
      vertex -3.158286e-002 -7.500000e-001  5.246588e-003
      vertex -2.891541e-002 -7.500000e-001 -3.546838e-003
    endloop
  endfacet
  facet normal  0.000000e+000 -1.000000e+000  0.000000e+000
    outer loop
      vertex  3.248355e-002 -7.500000e-001  3.248355e-002
      vertex -2.891541e-002 -7.500000e-001 -3.546838e-003
      vertex -2.458369e-002 -7.500000e-001 -1.165091e-002
    endloop
  endfacet
  facet normal  0.000000e+000 -9.999999e-001  0.000000e+000
    outer loop
      vertex  3.248355e-002 -7.500000e-001  3.248355e-002
      vertex -2.458369e-002 -7.500000e-001 -1.165091e-002
      vertex -1.875418e-002 -7.500000e-001 -1.875418e-002
    endloop
  endfacet
  facet normal  0.000000e+000 -9.999999e-001  0.000000e+000
    outer loop
      vertex  3.248355e-002 -7.500000e-001  3.248355e-002
      vertex -1.875418e-002 -7.500000e-001 -1.875418e-002
      vertex -1.165091e-002 -7.500000e-001 -2.458369e-002
    endloop
  endfacet
  facet normal  0.000000e+000 -1.000000e+000  0.000000e+000
    outer loop
      vertex  3.248355e-002 -7.500000e-001  3.248355e-002
      vertex -1.165091e-002 -7.500000e-001 -2.458369e-002
      vertex -3.546838e-003 -7.500000e-001 -2.891541e-002
    endloop
  endfacet
  facet normal  0.000000e+000 -1.000000e+000  0.000000e+000
    outer loop
      vertex  3.248355e-002 -7.500000e-001  3.248355e-002
      vertex -3.546838e-003 -7.500000e-001 -2.891541e-002
      vertex  5.246588e-003 -7.500000e-001 -3.158286e-002
    endloop
  endfacet
  facet normal  0.000000e+000 -1.000000e+000  0.000000e+000
    outer loop
      vertex  3.248355e-002 -7.500000e-001  3.248355e-002
      vertex  5.246588e-003 -7.500000e-001 -3.158286e-002
      vertex  1.439145e-002 -7.500000e-001 -3.248355e-002
    endloop
  endfacet
  facet normal  0.000000e+000 -1.000000e+000  0.000000e+000
    outer loop
      vertex  3.248355e-002 -7.500000e-001  3.248355e-002
      vertex  1.439145e-002 -7.500000e-001 -3.248355e-002
      vertex  3.248355e-002 -7.500000e-001 -3.248355e-002
    endloop
  endfacet
  facet normal  0.000000e+000  1.000000e+000  -0.000000e+000
    outer loop
      vertex  3.248355e-002  7.500000e-001  3.248355e-002
      vertex  3.248355e-002  7.500000e-001 -3.248355e-002
      vertex  1.439145e-002  7.500000e-001 -3.248355e-002
    endloop
  endfacet
  facet normal  0.000000e+000  1.000000e+000  -0.000000e+000
    outer loop
      vertex  3.248355e-002  7.500000e-001  3.248355e-002
      vertex  1.439145e-002  7.500000e-001 -3.248355e-002
      vertex  5.246588e-003  7.500000e-001 -3.158286e-002
    endloop
  endfacet
  facet normal  0.000000e+000  1.000000e+000  -0.000000e+000
    outer loop
      vertex  3.248355e-002  7.500000e-001  3.248355e-002
      vertex  5.246588e-003  7.500000e-001 -3.158286e-002
      vertex -3.546838e-003  7.500000e-001 -2.891541e-002
    endloop
  endfacet
  facet normal  0.000000e+000  1.000000e+000  -0.000000e+000
    outer loop
      vertex  3.248355e-002  7.500000e-001  3.248355e-002
      vertex -3.546838e-003  7.500000e-001 -2.891541e-002
      vertex -1.165091e-002  7.500000e-001 -2.458369e-002
    endloop
  endfacet
  facet normal  0.000000e+000  9.999999e-001  -0.000000e+000
    outer loop
      vertex  3.248355e-002  7.500000e-001  3.248355e-002
      vertex -1.165091e-002  7.500000e-001 -2.458369e-002
      vertex -1.875418e-002  7.500000e-001 -1.875418e-002
    endloop
  endfacet
  facet normal  0.000000e+000  9.999999e-001  -0.000000e+000
    outer loop
      vertex  3.248355e-002  7.500000e-001  3.248355e-002
      vertex -1.875418e-002  7.500000e-001 -1.875418e-002
      vertex -2.458369e-002  7.500000e-001 -1.165091e-002
    endloop
  endfacet
  facet normal  0.000000e+000  1.000000e+000  -0.000000e+000
    outer loop
      vertex  3.248355e-002  7.500000e-001  3.248355e-002
      vertex -2.458369e-002  7.500000e-001 -1.165091e-002
      vertex -2.891541e-002  7.500000e-001 -3.546838e-003
    endloop
  endfacet
  facet normal  0.000000e+000  1.000000e+000  -0.000000e+000
    outer loop
      vertex  3.248355e-002  7.500000e-001  3.248355e-002
      vertex -2.891541e-002  7.500000e-001 -3.546838e-003
      vertex -3.158286e-002  7.500000e-001  5.246588e-003
    endloop
  endfacet
  facet normal  0.000000e+000  1.000000e+000  -0.000000e+000
    outer loop
      vertex  3.248355e-002  7.500000e-001  3.248355e-002
      vertex -3.158286e-002  7.500000e-001  5.246588e-003
      vertex -3.248355e-002  7.500000e-001  1.439145e-002
    endloop
  endfacet
  facet normal  0.000000e+000  1.000000e+000  0.000000e+000
    outer loop
      vertex  3.248355e-002  7.500000e-001  3.248355e-002
      vertex -3.248355e-002  7.500000e-001  1.439145e-002
      vertex -3.248355e-002  7.500000e-001  3.248355e-002
    endloop
  endfacet
  facet normal -1.000000e+000  0.000000e+000  0.000000e+000
    outer loop
      vertex -3.248355e-002  7.500000e-001  3.248355e-002
      vertex -3.248355e-002  7.500000e-001  1.439145e-002
      vertex -3.248355e-002 -7.500000e-001  3.248355e-002
    endloop
  endfacet
  facet normal -1.000000e+000  0.000000e+000  0.000000e+000
    outer loop
      vertex -3.248355e-002 -7.500000e-001  3.248355e-002
      vertex -3.248355e-002  7.500000e-001  1.439145e-002
      vertex -3.248355e-002 -7.500000e-001  1.439145e-002
    endloop
  endfacet
  facet normal  -0.000000e+000  0.000000e+000 -1.000000e+000
    outer loop
      vertex  1.439145e-002  7.500000e-001 -3.248355e-002
      vertex  3.248355e-002  7.500000e-001 -3.248355e-002
      vertex  1.439145e-002 -7.500000e-001 -3.248355e-002
    endloop
  endfacet
  facet normal  0.000000e+000  0.000000e+000 -1.000000e+000
    outer loop
      vertex  1.439145e-002 -7.500000e-001 -3.248355e-002
      vertex  3.248355e-002  7.500000e-001 -3.248355e-002
      vertex  3.248355e-002 -7.500000e-001 -3.248355e-002
    endloop
  endfacet
  facet normal -9.801709e-002  0.000000e+000 -9.951848e-001
    outer loop
      vertex  1.439145e-002  7.500000e-001 -3.248355e-002
      vertex  1.439145e-002 -7.500000e-001 -3.248355e-002
      vertex  5.246588e-003  7.500000e-001 -3.158286e-002
    endloop
  endfacet
  facet normal -9.801709e-002  -0.000000e+000 -9.951848e-001
    outer loop
      vertex  5.246588e-003  7.500000e-001 -3.158286e-002
      vertex  1.439145e-002 -7.500000e-001 -3.248355e-002
      vertex  5.246588e-003 -7.500000e-001 -3.158286e-002
    endloop
  endfacet
  facet normal -2.902847e-001  0.000000e+000 -9.569404e-001
    outer loop
      vertex  5.246588e-003  7.500000e-001 -3.158286e-002
      vertex  5.246588e-003 -7.500000e-001 -3.158286e-002
      vertex -3.546838e-003  7.500000e-001 -2.891541e-002
    endloop
  endfacet
  facet normal -2.902847e-001  -0.000000e+000 -9.569404e-001
    outer loop
      vertex -3.546838e-003  7.500000e-001 -2.891541e-002
      vertex  5.246588e-003 -7.500000e-001 -3.158286e-002
      vertex -3.546838e-003 -7.500000e-001 -2.891541e-002
    endloop
  endfacet
  facet normal -4.713968e-001  0.000000e+000 -8.819212e-001
    outer loop
      vertex -3.546838e-003  7.500000e-001 -2.891541e-002
      vertex -3.546838e-003 -7.500000e-001 -2.891541e-002
      vertex -1.165091e-002  7.500000e-001 -2.458369e-002
    endloop
  endfacet
  facet normal -4.713968e-001  -0.000000e+000 -8.819212e-001
    outer loop
      vertex -1.165091e-002  7.500000e-001 -2.458369e-002
      vertex -3.546838e-003 -7.500000e-001 -2.891541e-002
      vertex -1.165091e-002 -7.500000e-001 -2.458369e-002
    endloop
  endfacet
  facet normal -6.343933e-001  0.000000e+000 -7.730105e-001
    outer loop
      vertex -1.165091e-002  7.500000e-001 -2.458369e-002
      vertex -1.165091e-002 -7.500000e-001 -2.458369e-002
      vertex -1.875418e-002  7.500000e-001 -1.875418e-002
    endloop
  endfacet
  facet normal -6.343933e-001  -0.000000e+000 -7.730105e-001
    outer loop
      vertex -1.875418e-002  7.500000e-001 -1.875418e-002
      vertex -1.165091e-002 -7.500000e-001 -2.458369e-002
      vertex -1.875418e-002 -7.500000e-001 -1.875418e-002
    endloop
  endfacet
  facet normal -7.730105e-001  0.000000e+000 -6.343933e-001
    outer loop
      vertex -1.875418e-002  7.500000e-001 -1.875418e-002
      vertex -1.875418e-002 -7.500000e-001 -1.875418e-002
      vertex -2.458369e-002  7.500000e-001 -1.165091e-002
    endloop
  endfacet
  facet normal -7.730105e-001  -0.000000e+000 -6.343933e-001
    outer loop
      vertex -2.458369e-002  7.500000e-001 -1.165091e-002
      vertex -1.875418e-002 -7.500000e-001 -1.875418e-002
      vertex -2.458369e-002 -7.500000e-001 -1.165091e-002
    endloop
  endfacet
  facet normal -8.819212e-001  0.000000e+000 -4.713968e-001
    outer loop
      vertex -2.458369e-002  7.500000e-001 -1.165091e-002
      vertex -2.458369e-002 -7.500000e-001 -1.165091e-002
      vertex -2.891541e-002  7.500000e-001 -3.546838e-003
    endloop
  endfacet
  facet normal -8.819212e-001  -0.000000e+000 -4.713968e-001
    outer loop
      vertex -2.891541e-002  7.500000e-001 -3.546838e-003
      vertex -2.458369e-002 -7.500000e-001 -1.165091e-002
      vertex -2.891541e-002 -7.500000e-001 -3.546838e-003
    endloop
  endfacet
  facet normal -9.569404e-001  0.000000e+000 -2.902847e-001
    outer loop
      vertex -2.891541e-002  7.500000e-001 -3.546838e-003
      vertex -2.891541e-002 -7.500000e-001 -3.546838e-003
      vertex -3.158286e-002  7.500000e-001  5.246588e-003
    endloop
  endfacet
  facet normal -9.569404e-001  -0.000000e+000 -2.902847e-001
    outer loop
      vertex -3.158286e-002  7.500000e-001  5.246588e-003
      vertex -2.891541e-002 -7.500000e-001 -3.546838e-003
      vertex -3.158286e-002 -7.500000e-001  5.246588e-003
    endloop
  endfacet
  facet normal -9.951848e-001  0.000000e+000 -9.801709e-002
    outer loop
      vertex -3.158286e-002  7.500000e-001  5.246588e-003
      vertex -3.158286e-002 -7.500000e-001  5.246588e-003
      vertex -3.248355e-002  7.500000e-001  1.439145e-002
    endloop
  endfacet
  facet normal -9.951848e-001  -0.000000e+000 -9.801709e-002
    outer loop
      vertex -3.248355e-002  7.500000e-001  1.439145e-002
      vertex -3.158286e-002 -7.500000e-001  5.246588e-003
      vertex -3.248355e-002 -7.500000e-001  1.439145e-002
    endloop
  endfacet
  facet normal  -0.000000e+000  0.000000e+000  1.000000e+000
    outer loop
      vertex  3.248355e-002  7.500000e-001  3.248355e-002
      vertex -3.248355e-002  7.500000e-001  3.248355e-002
      vertex  3.248355e-002 -7.500000e-001  3.248355e-002
    endloop
  endfacet
  facet normal  0.000000e+000  0.000000e+000  1.000000e+000
    outer loop
      vertex  3.248355e-002 -7.500000e-001  3.248355e-002
      vertex -3.248355e-002  7.500000e-001  3.248355e-002
      vertex -3.248355e-002 -7.500000e-001  3.248355e-002
    endloop
  endfacet
  facet normal  1.000000e+000  0.000000e+000  0.000000e+000
    outer loop
      vertex  3.248355e-002  7.500000e-001 -3.248355e-002
      vertex  3.248355e-002  7.500000e-001  3.248355e-002
      vertex  3.248355e-002 -7.500000e-001 -3.248355e-002
    endloop
  endfacet
  facet normal  1.000000e+000  0.000000e+000  0.000000e+000
    outer loop
      vertex  3.248355e-002 -7.500000e-001 -3.248355e-002
      vertex  3.248355e-002  7.500000e-001  3.248355e-002
      vertex  3.248355e-002 -7.500000e-001  3.248355e-002
    endloop
  endfacet
endsolid CATIA STL
