solid CATIA STL
  facet normal -1.110223e-016  1.000000e+000 -6.798155e-033
    outer loop
      vertex -7.500000e-001  0.000000e+000  0.000000e+000
      vertex -7.500000e-001  5.098616e-033  7.500000e-001
      vertex -1.562500e-001  6.591949e-017 -3.635670e-017
    endloop
  endfacet
  facet normal -1.110223e-016  1.000000e+000  0.000000e+000
    outer loop
      vertex -1.562500e-001  6.591949e-017 -3.635670e-017
      vertex -7.500000e-001  5.098616e-033  7.500000e-001
      vertex -1.562500e-001  6.591949e-017  7.500000e-001
    endloop
  endfacet
  facet normal  0.000000e+000  0.000000e+000  1.000000e+000
    outer loop
      vertex  6.327149e-017 -1.562500e-001  7.500000e-001
      vertex -3.002300e-003 -1.257671e-001  7.500000e-001
      vertex -1.189382e-002 -9.645572e-002  7.500000e-001
    endloop
  endfacet
  facet normal  0.000000e+000  0.000000e+000  1.000000e+000
    outer loop
      vertex  6.327149e-017 -1.562500e-001  7.500000e-001
      vertex -1.189382e-002 -9.645572e-002  7.500000e-001
      vertex -2.633287e-002 -6.944215e-002  7.500000e-001
    endloop
  endfacet
  facet normal  0.000000e+000  0.000000e+000  1.000000e+000
    outer loop
      vertex  6.327149e-017 -1.562500e-001  7.500000e-001
      vertex -2.633287e-002 -6.944215e-002  7.500000e-001
      vertex -4.576457e-002 -4.576457e-002  7.500000e-001
    endloop
  endfacet
  facet normal  0.000000e+000  0.000000e+000  1.000000e+000
    outer loop
      vertex  6.327149e-017 -1.562500e-001  7.500000e-001
      vertex -4.576457e-002 -4.576457e-002  7.500000e-001
      vertex -6.944215e-002 -2.633287e-002  7.500000e-001
    endloop
  endfacet
  facet normal  0.000000e+000  0.000000e+000  1.000000e+000
    outer loop
      vertex  6.327149e-017 -1.562500e-001  7.500000e-001
      vertex -6.944215e-002 -2.633287e-002  7.500000e-001
      vertex -9.645572e-002 -1.189382e-002  7.500000e-001
    endloop
  endfacet
  facet normal  0.000000e+000  0.000000e+000  1.000000e+000
    outer loop
      vertex  6.327149e-017 -1.562500e-001  7.500000e-001
      vertex -9.645572e-002 -1.189382e-002  7.500000e-001
      vertex -1.257671e-001 -3.002300e-003  7.500000e-001
    endloop
  endfacet
  facet normal  0.000000e+000  0.000000e+000  1.000000e+000
    outer loop
      vertex  6.327149e-017 -1.562500e-001  7.500000e-001
      vertex -1.257671e-001 -3.002300e-003  7.500000e-001
      vertex -1.562500e-001  6.591949e-017  7.500000e-001
    endloop
  endfacet
  facet normal  0.000000e+000  0.000000e+000  1.000000e+000
    outer loop
      vertex  6.327149e-017 -1.562500e-001  7.500000e-001
      vertex -1.562500e-001  6.591949e-017  7.500000e-001
      vertex -7.500000e-001  5.098616e-033  7.500000e-001
    endloop
  endfacet
  facet normal  0.000000e+000  0.000000e+000  1.000000e+000
    outer loop
      vertex  6.327149e-017 -1.562500e-001  7.500000e-001
      vertex -7.500000e-001  5.098616e-033  7.500000e-001
      vertex -7.500000e-001 -7.500000e-001  7.500000e-001
    endloop
  endfacet
  facet normal  0.000000e+000  0.000000e+000  1.000000e+000
    outer loop
      vertex  6.327149e-017 -1.562500e-001  7.500000e-001
      vertex -7.500000e-001 -7.500000e-001  7.500000e-001
      vertex  1.569466e-016 -7.500000e-001  7.500000e-001
    endloop
  endfacet
  facet normal  1.000000e+000  1.577685e-016 -6.123234e-017
    outer loop
      vertex  1.734723e-017 -1.562500e-001 -4.592425e-017
      vertex  6.327149e-017 -1.562500e-001  7.500000e-001
      vertex  1.110223e-016 -7.500000e-001 -4.592425e-017
    endloop
  endfacet
  facet normal  1.000000e+000  1.577686e-016 -6.123235e-017
    outer loop
      vertex  1.110223e-016 -7.500000e-001 -4.592425e-017
      vertex  6.327149e-017 -1.562500e-001  7.500000e-001
      vertex  1.569466e-016 -7.500000e-001  7.500000e-001
    endloop
  endfacet
  facet normal -6.123233e-017 -1.041602e-022 -9.999999e-001
    outer loop
      vertex -1.562500e-001  6.591949e-017 -3.635670e-017
      vertex -1.257671e-001 -3.002300e-003 -3.822324e-017
      vertex -7.500000e-001  0.000000e+000  0.000000e+000
    endloop
  endfacet
  facet normal -6.123234e-017 -9.660536e-033 -1.000000e+000
    outer loop
      vertex  1.734723e-017 -1.562500e-001 -4.592425e-017
      vertex  1.110223e-016 -7.500000e-001 -4.592425e-017
      vertex -7.500000e-001 -7.500000e-001  0.000000e+000
    endloop
  endfacet
  facet normal -6.123234e-017  0.000000e+000 -1.000000e+000
    outer loop
      vertex  1.734723e-017 -1.562500e-001 -4.592425e-017
      vertex -7.500000e-001 -7.500000e-001  0.000000e+000
      vertex -7.500000e-001  0.000000e+000  0.000000e+000
    endloop
  endfacet
  facet normal -6.123234e-017  6.154147e-024 -1.000000e+000
    outer loop
      vertex  1.734723e-017 -1.562500e-001 -4.592425e-017
      vertex -7.500000e-001  0.000000e+000  0.000000e+000
      vertex -1.257671e-001 -3.002300e-003 -3.822324e-017
    endloop
  endfacet
  facet normal -6.123232e-017  1.265458e-023 -1.000000e+000
    outer loop
      vertex  1.734723e-017 -1.562500e-001 -4.592425e-017
      vertex -1.257671e-001 -3.002300e-003 -3.822324e-017
      vertex -9.645572e-002 -1.189382e-002 -4.001805e-017
    endloop
  endfacet
  facet normal -6.123231e-017  1.266189e-023 -1.000000e+000
    outer loop
      vertex  1.734723e-017 -1.562500e-001 -4.592425e-017
      vertex -9.645572e-002 -1.189382e-002 -4.001805e-017
      vertex -6.944215e-002 -2.633287e-002 -4.167215e-017
    endloop
  endfacet
  facet normal -6.123247e-017 -7.278462e-023 -1.000000e+000
    outer loop
      vertex  1.734723e-017 -1.562500e-001 -4.592425e-017
      vertex -6.944215e-002 -2.633287e-002 -4.167215e-017
      vertex -4.576457e-002 -4.576457e-002 -4.312198e-017
    endloop
  endfacet
  facet normal -6.123222e-017  3.324652e-023 -1.000000e+000
    outer loop
      vertex  1.734723e-017 -1.562500e-001 -4.592425e-017
      vertex -4.576457e-002 -4.576457e-002 -4.312198e-017
      vertex -2.633287e-002 -6.944215e-002 -4.431183e-017
    endloop
  endfacet
  facet normal -6.123236e-017 -1.224054e-023 -1.000000e+000
    outer loop
      vertex  1.734723e-017 -1.562500e-001 -4.592425e-017
      vertex -2.633287e-002 -6.944215e-002 -4.431183e-017
      vertex -1.189382e-002 -9.645572e-002 -4.519597e-017
    endloop
  endfacet
  facet normal -6.123291e-017 -1.184035e-022 -1.000000e+000
    outer loop
      vertex  1.734723e-017 -1.562500e-001 -4.592425e-017
      vertex -1.189382e-002 -9.645572e-002 -4.519597e-017
      vertex -3.002300e-003 -1.257671e-001 -4.574042e-017
    endloop
  endfacet
  facet normal  9.801716e-002  9.951847e-001  0.000000e+000
    outer loop
      vertex -1.562500e-001  6.591949e-017 -3.635670e-017
      vertex -1.562500e-001  6.591949e-017  7.500000e-001
      vertex -1.257671e-001 -3.002300e-003 -3.822324e-017
    endloop
  endfacet
  facet normal  9.801716e-002  9.951847e-001  -0.000000e+000
    outer loop
      vertex -1.257671e-001 -3.002300e-003 -3.822324e-017
      vertex -1.562500e-001  6.591949e-017  7.500000e-001
      vertex -1.257671e-001 -3.002300e-003  7.500000e-001
    endloop
  endfacet
  facet normal  2.902846e-001  9.569403e-001  0.000000e+000
    outer loop
      vertex -1.257671e-001 -3.002300e-003 -3.822324e-017
      vertex -1.257671e-001 -3.002300e-003  7.500000e-001
      vertex -9.645572e-002 -1.189382e-002 -4.001805e-017
    endloop
  endfacet
  facet normal  2.902846e-001  9.569403e-001  -0.000000e+000
    outer loop
      vertex -9.645572e-002 -1.189382e-002 -4.001805e-017
      vertex -1.257671e-001 -3.002300e-003  7.500000e-001
      vertex -9.645572e-002 -1.189382e-002  7.500000e-001
    endloop
  endfacet
  facet normal  4.713968e-001  8.819212e-001  0.000000e+000
    outer loop
      vertex -9.645572e-002 -1.189382e-002 -4.001805e-017
      vertex -9.645572e-002 -1.189382e-002  7.500000e-001
      vertex -6.944215e-002 -2.633287e-002 -4.167215e-017
    endloop
  endfacet
  facet normal  4.713968e-001  8.819212e-001  -0.000000e+000
    outer loop
      vertex -6.944215e-002 -2.633287e-002 -4.167215e-017
      vertex -9.645572e-002 -1.189382e-002  7.500000e-001
      vertex -6.944215e-002 -2.633287e-002  7.500000e-001
    endloop
  endfacet
  facet normal  6.343932e-001  7.730105e-001  0.000000e+000
    outer loop
      vertex -6.944215e-002 -2.633287e-002 -4.167215e-017
      vertex -6.944215e-002 -2.633287e-002  7.500000e-001
      vertex -4.576457e-002 -4.576457e-002 -4.312198e-017
    endloop
  endfacet
  facet normal  6.343932e-001  7.730105e-001  -0.000000e+000
    outer loop
      vertex -4.576457e-002 -4.576457e-002 -4.312198e-017
      vertex -6.944215e-002 -2.633287e-002  7.500000e-001
      vertex -4.576457e-002 -4.576457e-002  7.500000e-001
    endloop
  endfacet
  facet normal  7.730105e-001  6.343932e-001  0.000000e+000
    outer loop
      vertex -4.576457e-002 -4.576457e-002 -4.312198e-017
      vertex -4.576457e-002 -4.576457e-002  7.500000e-001
      vertex -2.633287e-002 -6.944215e-002 -4.431183e-017
    endloop
  endfacet
  facet normal  7.730105e-001  6.343932e-001  -0.000000e+000
    outer loop
      vertex -2.633287e-002 -6.944215e-002 -4.431183e-017
      vertex -4.576457e-002 -4.576457e-002  7.500000e-001
      vertex -2.633287e-002 -6.944215e-002  7.500000e-001
    endloop
  endfacet
  facet normal  8.819212e-001  4.713968e-001  0.000000e+000
    outer loop
      vertex -2.633287e-002 -6.944215e-002 -4.431183e-017
      vertex -2.633287e-002 -6.944215e-002  7.500000e-001
      vertex -1.189382e-002 -9.645572e-002 -4.519597e-017
    endloop
  endfacet
  facet normal  8.819212e-001  4.713968e-001  -0.000000e+000
    outer loop
      vertex -1.189382e-002 -9.645572e-002 -4.519597e-017
      vertex -2.633287e-002 -6.944215e-002  7.500000e-001
      vertex -1.189382e-002 -9.645572e-002  7.500000e-001
    endloop
  endfacet
  facet normal  9.569403e-001  2.902846e-001  0.000000e+000
    outer loop
      vertex -1.189382e-002 -9.645572e-002 -4.519597e-017
      vertex -1.189382e-002 -9.645572e-002  7.500000e-001
      vertex -3.002300e-003 -1.257671e-001 -4.574042e-017
    endloop
  endfacet
  facet normal  9.569403e-001  2.902846e-001  -0.000000e+000
    outer loop
      vertex -3.002300e-003 -1.257671e-001 -4.574042e-017
      vertex -1.189382e-002 -9.645572e-002  7.500000e-001
      vertex -3.002300e-003 -1.257671e-001  7.500000e-001
    endloop
  endfacet
  facet normal  9.951847e-001  9.801716e-002  0.000000e+000
    outer loop
      vertex -3.002300e-003 -1.257671e-001 -4.574042e-017
      vertex -3.002300e-003 -1.257671e-001  7.500000e-001
      vertex  1.734723e-017 -1.562500e-001 -4.592425e-017
    endloop
  endfacet
  facet normal  9.951847e-001  9.801716e-002 -6.093749e-017
    outer loop
      vertex  1.734723e-017 -1.562500e-001 -4.592425e-017
      vertex -3.002300e-003 -1.257671e-001  7.500000e-001
      vertex  6.327149e-017 -1.562500e-001  7.500000e-001
    endloop
  endfacet
  facet normal  0.000000e+000 -1.000000e+000  0.000000e+000
    outer loop
      vertex -7.500000e-001 -7.500000e-001  0.000000e+000
      vertex  1.110223e-016 -7.500000e-001 -4.592425e-017
      vertex -7.500000e-001 -7.500000e-001  7.500000e-001
    endloop
  endfacet
  facet normal  0.000000e+000 -1.000000e+000  0.000000e+000
    outer loop
      vertex -7.500000e-001 -7.500000e-001  7.500000e-001
      vertex  1.110223e-016 -7.500000e-001 -4.592425e-017
      vertex  1.569466e-016 -7.500000e-001  7.500000e-001
    endloop
  endfacet
  facet normal -1.000000e+000  0.000000e+000  0.000000e+000
    outer loop
      vertex -7.500000e-001  5.098616e-033  7.500000e-001
      vertex -7.500000e-001  0.000000e+000  0.000000e+000
      vertex -7.500000e-001 -7.500000e-001  7.500000e-001
    endloop
  endfacet
  facet normal -1.000000e+000  0.000000e+000  0.000000e+000
    outer loop
      vertex -7.500000e-001 -7.500000e-001  7.500000e-001
      vertex -7.500000e-001  0.000000e+000  0.000000e+000
      vertex -7.500000e-001 -7.500000e-001  0.000000e+000
    endloop
  endfacet
endsolid CATIA STL
