solid CATIA STL
  facet normal  0.000000e+000 -1.000000e+000  0.000000e+000
    outer loop
      vertex  4.657895e-001 -9.375000e-002  1.894737e-001
      vertex  7.500000e-001 -9.375000e-002  1.894737e-001
      vertex  5.921053e-001 -9.375000e-002  3.236842e-001
    endloop
  endfacet
  facet normal  0.000000e+000 -1.000000e+000  0.000000e+000
    outer loop
      vertex  5.262154e-018 -9.375000e-002  8.593750e-002
      vertex  1.651265e-003 -9.375000e-002  6.917193e-002
      vertex  7.500000e-001 -9.375000e-002  1.894737e-001
    endloop
  endfacet
  facet normal  -0.000000e+000 -9.999999e-001  0.000000e+000
    outer loop
      vertex  5.262154e-018 -9.375000e-002  8.593750e-002
      vertex  7.500000e-001 -9.375000e-002  1.894737e-001
      vertex  4.657895e-001 -9.375000e-002  1.894737e-001
    endloop
  endfacet
  facet normal  -0.000000e+000 -1.000000e+000  0.000000e+000
    outer loop
      vertex  5.262154e-018 -9.375000e-002  8.593750e-002
      vertex  4.657895e-001 -9.375000e-002  1.894737e-001
      vertex  3.552631e-001 -9.375000e-002  3.315789e-001
    endloop
  endfacet
  facet normal  -0.000000e+000 -1.000000e+000  0.000000e+000
    outer loop
      vertex  5.262154e-018 -9.375000e-002  8.593750e-002
      vertex  3.552631e-001 -9.375000e-002  3.315789e-001
      vertex  2.030335e-017 -9.375000e-002  3.315789e-001
    endloop
  endfacet
  facet normal  0.000000e+000 -1.000000e+000  0.000000e+000
    outer loop
      vertex  7.500000e-001 -9.375000e-002  1.894737e-001
      vertex  1.651265e-003 -9.375000e-002  6.917193e-002
      vertex  6.541603e-003 -9.375000e-002  5.305064e-002
    endloop
  endfacet
  facet normal  0.000000e+000 -9.999999e-001  0.000000e+000
    outer loop
      vertex  7.500000e-001 -9.375000e-002  1.894737e-001
      vertex  6.541603e-003 -9.375000e-002  5.305064e-002
      vertex  1.448308e-002 -9.375000e-002  3.819318e-002
    endloop
  endfacet
  facet normal  0.000000e+000 -1.000000e+000  0.000000e+000
    outer loop
      vertex  7.500000e-001 -9.375000e-002  1.894737e-001
      vertex  1.448308e-002 -9.375000e-002  3.819318e-002
      vertex  2.517051e-002 -9.375000e-002  2.517051e-002
    endloop
  endfacet
  facet normal  0.000000e+000 -1.000000e+000  0.000000e+000
    outer loop
      vertex  7.500000e-001 -9.375000e-002  1.894737e-001
      vertex  2.517051e-002 -9.375000e-002  2.517051e-002
      vertex  3.819318e-002 -9.375000e-002  1.448308e-002
    endloop
  endfacet
  facet normal  0.000000e+000 -9.999999e-001  0.000000e+000
    outer loop
      vertex  7.500000e-001 -9.375000e-002  1.894737e-001
      vertex  3.819318e-002 -9.375000e-002  1.448308e-002
      vertex  5.305064e-002 -9.375000e-002  6.541603e-003
    endloop
  endfacet
  facet normal  0.000000e+000 -1.000000e+000  0.000000e+000
    outer loop
      vertex  7.500000e-001 -9.375000e-002  1.894737e-001
      vertex  5.305064e-002 -9.375000e-002  6.541603e-003
      vertex  6.917193e-002 -9.375000e-002  1.651265e-003
    endloop
  endfacet
  facet normal  0.000000e+000 -1.000000e+000  0.000000e+000
    outer loop
      vertex  7.500000e-001 -9.375000e-002  1.894737e-001
      vertex  6.917193e-002 -9.375000e-002  1.651265e-003
      vertex  8.593750e-002 -9.375000e-002 -5.262154e-018
    endloop
  endfacet
  facet normal  0.000000e+000 -1.000000e+000  0.000000e+000
    outer loop
      vertex  7.500000e-001 -9.375000e-002  1.894737e-001
      vertex  8.593750e-002 -9.375000e-002 -5.262154e-018
      vertex  4.657895e-001 -9.375000e-002 -2.852138e-017
    endloop
  endfacet
  facet normal  0.000000e+000 -1.000000e+000  0.000000e+000
    outer loop
      vertex  7.500000e-001 -9.375000e-002  1.894737e-001
      vertex  4.657895e-001 -9.375000e-002 -2.852138e-017
      vertex  5.921053e-001 -9.375000e-002 -3.625599e-017
    endloop
  endfacet
  facet normal  0.000000e+000  1.000000e+000  0.000000e+000
    outer loop
      vertex  5.921053e-001  0.000000e+000  3.236842e-001
      vertex  7.500000e-001  0.000000e+000  1.894737e-001
      vertex  4.657895e-001  0.000000e+000  1.894737e-001
    endloop
  endfacet
  facet normal  -0.000000e+000  1.000000e+000  0.000000e+000
    outer loop
      vertex  5.262154e-018  0.000000e+000  8.593750e-002
      vertex  2.030335e-017  0.000000e+000  3.315789e-001
      vertex  3.552631e-001  0.000000e+000  3.315789e-001
    endloop
  endfacet
  facet normal  0.000000e+000  1.000000e+000  0.000000e+000
    outer loop
      vertex  5.262154e-018  0.000000e+000  8.593750e-002
      vertex  3.552631e-001  0.000000e+000  3.315789e-001
      vertex  4.657895e-001  0.000000e+000  1.894737e-001
    endloop
  endfacet
  facet normal  -0.000000e+000  9.999999e-001  0.000000e+000
    outer loop
      vertex  5.262154e-018  0.000000e+000  8.593750e-002
      vertex  4.657895e-001  0.000000e+000  1.894737e-001
      vertex  7.500000e-001  0.000000e+000  1.894737e-001
    endloop
  endfacet
  facet normal  0.000000e+000  1.000000e+000  0.000000e+000
    outer loop
      vertex  5.262154e-018  0.000000e+000  8.593750e-002
      vertex  7.500000e-001  0.000000e+000  1.894737e-001
      vertex  1.651265e-003  0.000000e+000  6.917193e-002
    endloop
  endfacet
  facet normal  0.000000e+000  1.000000e+000  -0.000000e+000
    outer loop
      vertex  7.500000e-001  0.000000e+000  1.894737e-001
      vertex  5.921053e-001  0.000000e+000 -3.625599e-017
      vertex  4.657895e-001  0.000000e+000 -2.852138e-017
    endloop
  endfacet
  facet normal  0.000000e+000  1.000000e+000  -0.000000e+000
    outer loop
      vertex  7.500000e-001  0.000000e+000  1.894737e-001
      vertex  4.657895e-001  0.000000e+000 -2.852138e-017
      vertex  8.593750e-002  0.000000e+000 -5.262154e-018
    endloop
  endfacet
  facet normal  0.000000e+000  1.000000e+000  -0.000000e+000
    outer loop
      vertex  7.500000e-001  0.000000e+000  1.894737e-001
      vertex  8.593750e-002  0.000000e+000 -5.262154e-018
      vertex  6.917193e-002  0.000000e+000  1.651265e-003
    endloop
  endfacet
  facet normal  0.000000e+000  1.000000e+000  -0.000000e+000
    outer loop
      vertex  7.500000e-001  0.000000e+000  1.894737e-001
      vertex  6.917193e-002  0.000000e+000  1.651265e-003
      vertex  5.305064e-002  0.000000e+000  6.541603e-003
    endloop
  endfacet
  facet normal  0.000000e+000  9.999999e-001  -0.000000e+000
    outer loop
      vertex  7.500000e-001  0.000000e+000  1.894737e-001
      vertex  5.305064e-002  0.000000e+000  6.541603e-003
      vertex  3.819318e-002  0.000000e+000  1.448308e-002
    endloop
  endfacet
  facet normal  0.000000e+000  1.000000e+000  -0.000000e+000
    outer loop
      vertex  7.500000e-001  0.000000e+000  1.894737e-001
      vertex  3.819318e-002  0.000000e+000  1.448308e-002
      vertex  2.517051e-002  0.000000e+000  2.517051e-002
    endloop
  endfacet
  facet normal  0.000000e+000  1.000000e+000  -0.000000e+000
    outer loop
      vertex  7.500000e-001  0.000000e+000  1.894737e-001
      vertex  2.517051e-002  0.000000e+000  2.517051e-002
      vertex  1.448308e-002  0.000000e+000  3.819318e-002
    endloop
  endfacet
  facet normal  0.000000e+000  9.999999e-001  -0.000000e+000
    outer loop
      vertex  7.500000e-001  0.000000e+000  1.894737e-001
      vertex  1.448308e-002  0.000000e+000  3.819318e-002
      vertex  6.541603e-003  0.000000e+000  5.305064e-002
    endloop
  endfacet
  facet normal  0.000000e+000  1.000000e+000  -0.000000e+000
    outer loop
      vertex  7.500000e-001  0.000000e+000  1.894737e-001
      vertex  6.541603e-003  0.000000e+000  5.305064e-002
      vertex  1.651265e-003  0.000000e+000  6.917193e-002
    endloop
  endfacet
  facet normal -1.000000e+000  0.000000e+000  6.123235e-017
    outer loop
      vertex  2.030335e-017 -9.375000e-002  3.315789e-001
      vertex  2.030335e-017  0.000000e+000  3.315789e-001
      vertex  5.262154e-018 -9.375000e-002  8.593750e-002
    endloop
  endfacet
  facet normal -1.000000e+000  0.000000e+000  6.123235e-017
    outer loop
      vertex  5.262154e-018 -9.375000e-002  8.593750e-002
      vertex  2.030335e-017  0.000000e+000  3.315789e-001
      vertex  5.262154e-018  0.000000e+000  8.593750e-002
    endloop
  endfacet
  facet normal -6.123234e-017  -0.000000e+000 -1.000000e+000
    outer loop
      vertex  8.593750e-002 -9.375000e-002 -5.262154e-018
      vertex  8.593750e-002  0.000000e+000 -5.262154e-018
      vertex  4.657895e-001 -9.375000e-002 -2.852138e-017
    endloop
  endfacet
  facet normal -6.123234e-017  0.000000e+000 -1.000000e+000
    outer loop
      vertex  4.657895e-001 -9.375000e-002 -2.852138e-017
      vertex  8.593750e-002  0.000000e+000 -5.262154e-018
      vertex  4.657895e-001  0.000000e+000 -2.852138e-017
    endloop
  endfacet
  facet normal -9.801716e-002  0.000000e+000 -9.951847e-001
    outer loop
      vertex  8.593750e-002  0.000000e+000 -5.262154e-018
      vertex  8.593750e-002 -9.375000e-002 -5.262154e-018
      vertex  6.917193e-002  0.000000e+000  1.651265e-003
    endloop
  endfacet
  facet normal -9.801716e-002  -0.000000e+000 -9.951847e-001
    outer loop
      vertex  6.917193e-002  0.000000e+000  1.651265e-003
      vertex  8.593750e-002 -9.375000e-002 -5.262154e-018
      vertex  6.917193e-002 -9.375000e-002  1.651265e-003
    endloop
  endfacet
  facet normal -2.902846e-001  0.000000e+000 -9.569403e-001
    outer loop
      vertex  6.917193e-002  0.000000e+000  1.651265e-003
      vertex  6.917193e-002 -9.375000e-002  1.651265e-003
      vertex  5.305064e-002  0.000000e+000  6.541603e-003
    endloop
  endfacet
  facet normal -2.902846e-001  -0.000000e+000 -9.569403e-001
    outer loop
      vertex  5.305064e-002  0.000000e+000  6.541603e-003
      vertex  6.917193e-002 -9.375000e-002  1.651265e-003
      vertex  5.305064e-002 -9.375000e-002  6.541603e-003
    endloop
  endfacet
  facet normal -4.713968e-001  0.000000e+000 -8.819212e-001
    outer loop
      vertex  5.305064e-002  0.000000e+000  6.541603e-003
      vertex  5.305064e-002 -9.375000e-002  6.541603e-003
      vertex  3.819318e-002  0.000000e+000  1.448308e-002
    endloop
  endfacet
  facet normal -4.713968e-001  -0.000000e+000 -8.819212e-001
    outer loop
      vertex  3.819318e-002  0.000000e+000  1.448308e-002
      vertex  5.305064e-002 -9.375000e-002  6.541603e-003
      vertex  3.819318e-002 -9.375000e-002  1.448308e-002
    endloop
  endfacet
  facet normal -6.343932e-001  0.000000e+000 -7.730105e-001
    outer loop
      vertex  3.819318e-002  0.000000e+000  1.448308e-002
      vertex  3.819318e-002 -9.375000e-002  1.448308e-002
      vertex  2.517051e-002  0.000000e+000  2.517051e-002
    endloop
  endfacet
  facet normal -6.343932e-001  -0.000000e+000 -7.730105e-001
    outer loop
      vertex  2.517051e-002  0.000000e+000  2.517051e-002
      vertex  3.819318e-002 -9.375000e-002  1.448308e-002
      vertex  2.517051e-002 -9.375000e-002  2.517051e-002
    endloop
  endfacet
  facet normal -7.730105e-001  0.000000e+000 -6.343932e-001
    outer loop
      vertex  2.517051e-002  0.000000e+000  2.517051e-002
      vertex  2.517051e-002 -9.375000e-002  2.517051e-002
      vertex  1.448308e-002  0.000000e+000  3.819318e-002
    endloop
  endfacet
  facet normal -7.730105e-001  -0.000000e+000 -6.343932e-001
    outer loop
      vertex  1.448308e-002  0.000000e+000  3.819318e-002
      vertex  2.517051e-002 -9.375000e-002  2.517051e-002
      vertex  1.448308e-002 -9.375000e-002  3.819318e-002
    endloop
  endfacet
  facet normal -8.819212e-001  0.000000e+000 -4.713968e-001
    outer loop
      vertex  1.448308e-002  0.000000e+000  3.819318e-002
      vertex  1.448308e-002 -9.375000e-002  3.819318e-002
      vertex  6.541603e-003  0.000000e+000  5.305064e-002
    endloop
  endfacet
  facet normal -8.819212e-001  -0.000000e+000 -4.713968e-001
    outer loop
      vertex  6.541603e-003  0.000000e+000  5.305064e-002
      vertex  1.448308e-002 -9.375000e-002  3.819318e-002
      vertex  6.541603e-003 -9.375000e-002  5.305064e-002
    endloop
  endfacet
  facet normal -9.569403e-001  0.000000e+000 -2.902846e-001
    outer loop
      vertex  6.541603e-003  0.000000e+000  5.305064e-002
      vertex  6.541603e-003 -9.375000e-002  5.305064e-002
      vertex  1.651265e-003  0.000000e+000  6.917193e-002
    endloop
  endfacet
  facet normal -9.569403e-001  -0.000000e+000 -2.902846e-001
    outer loop
      vertex  1.651265e-003  0.000000e+000  6.917193e-002
      vertex  6.541603e-003 -9.375000e-002  5.305064e-002
      vertex  1.651265e-003 -9.375000e-002  6.917193e-002
    endloop
  endfacet
  facet normal -9.951847e-001  0.000000e+000 -9.801716e-002
    outer loop
      vertex  1.651265e-003  0.000000e+000  6.917193e-002
      vertex  1.651265e-003 -9.375000e-002  6.917193e-002
      vertex  5.262154e-018  0.000000e+000  8.593750e-002
    endloop
  endfacet
  facet normal -9.951847e-001  -0.000000e+000 -9.801716e-002
    outer loop
      vertex  5.262154e-018  0.000000e+000  8.593750e-002
      vertex  1.651265e-003 -9.375000e-002  6.917193e-002
      vertex  5.262154e-018 -9.375000e-002  8.593750e-002
    endloop
  endfacet
  facet normal  0.000000e+000  0.000000e+000  1.000000e+000
    outer loop
      vertex  3.552631e-001 -9.375000e-002  3.315789e-001
      vertex  3.552631e-001  0.000000e+000  3.315789e-001
      vertex  2.030335e-017 -9.375000e-002  3.315789e-001
    endloop
  endfacet
  facet normal  0.000000e+000  0.000000e+000  1.000000e+000
    outer loop
      vertex  2.030335e-017 -9.375000e-002  3.315789e-001
      vertex  3.552631e-001  0.000000e+000  3.315789e-001
      vertex  2.030335e-017  0.000000e+000  3.315789e-001
    endloop
  endfacet
  facet normal  7.893522e-001  0.000000e+000  6.139407e-001
    outer loop
      vertex  4.657895e-001 -9.375000e-002  1.894737e-001
      vertex  4.657895e-001  0.000000e+000  1.894737e-001
      vertex  3.552631e-001 -9.375000e-002  3.315789e-001
    endloop
  endfacet
  facet normal  7.893522e-001  -0.000000e+000  6.139407e-001
    outer loop
      vertex  3.552631e-001 -9.375000e-002  3.315789e-001
      vertex  4.657895e-001  0.000000e+000  1.894737e-001
      vertex  3.552631e-001  0.000000e+000  3.315789e-001
    endloop
  endfacet
  facet normal -7.282000e-001  0.000000e+000  6.853648e-001
    outer loop
      vertex  5.921053e-001 -9.375000e-002  3.236842e-001
      vertex  5.921053e-001  0.000000e+000  3.236842e-001
      vertex  4.657895e-001 -9.375000e-002  1.894737e-001
    endloop
  endfacet
  facet normal -7.282000e-001  0.000000e+000  6.853648e-001
    outer loop
      vertex  4.657895e-001 -9.375000e-002  1.894737e-001
      vertex  5.921053e-001  0.000000e+000  3.236842e-001
      vertex  4.657895e-001  0.000000e+000  1.894737e-001
    endloop
  endfacet
  facet normal  6.476484e-001  0.000000e+000  7.619393e-001
    outer loop
      vertex  7.500000e-001 -9.375000e-002  1.894737e-001
      vertex  7.500000e-001  0.000000e+000  1.894737e-001
      vertex  5.921053e-001 -9.375000e-002  3.236842e-001
    endloop
  endfacet
  facet normal  6.476484e-001  -0.000000e+000  7.619393e-001
    outer loop
      vertex  5.921053e-001 -9.375000e-002  3.236842e-001
      vertex  7.500000e-001  0.000000e+000  1.894737e-001
      vertex  5.921053e-001  0.000000e+000  3.236842e-001
    endloop
  endfacet
  facet normal  7.682213e-001  0.000000e+000 -6.401843e-001
    outer loop
      vertex  5.921053e-001 -9.375000e-002 -3.625599e-017
      vertex  5.921053e-001  0.000000e+000 -3.625599e-017
      vertex  7.500000e-001 -9.375000e-002  1.894737e-001
    endloop
  endfacet
  facet normal  7.682213e-001  0.000000e+000 -6.401843e-001
    outer loop
      vertex  7.500000e-001 -9.375000e-002  1.894737e-001
      vertex  5.921053e-001  0.000000e+000 -3.625599e-017
      vertex  7.500000e-001  0.000000e+000  1.894737e-001
    endloop
  endfacet
  facet normal -6.123234e-017  -0.000000e+000 -1.000000e+000
    outer loop
      vertex  4.657895e-001 -9.375000e-002 -2.852138e-017
      vertex  4.657895e-001  0.000000e+000 -2.852138e-017
      vertex  5.921053e-001 -9.375000e-002 -3.625599e-017
    endloop
  endfacet
  facet normal -6.123234e-017  0.000000e+000 -1.000000e+000
    outer loop
      vertex  5.921053e-001 -9.375000e-002 -3.625599e-017
      vertex  4.657895e-001  0.000000e+000 -2.852138e-017
      vertex  5.921053e-001  0.000000e+000 -3.625599e-017
    endloop
  endfacet
endsolid CATIA STL
