solid CATIA STL
  facet normal  0.000000e+000 -1.000000e+000  0.000000e+000
    outer loop
      vertex  4.687500e-002 -7.500000e-001  7.812500e-002
      vertex  5.883386e-002 -7.500000e-001  7.574624e-002
      vertex  5.297157e-002 -7.500000e-001  7.752454e-002
    endloop
  endfacet
  facet normal  0.000000e+000 -1.000000e+000  0.000000e+000
    outer loop
      vertex -7.812500e-002 -7.500000e-001  7.812500e-002
      vertex -7.812500e-002 -7.500000e-001 -7.812500e-002
      vertex  7.812500e-002 -7.500000e-001 -7.812500e-002
    endloop
  endfacet
  facet normal  0.000000e+000 -1.000000e+000  0.000000e+000
    outer loop
      vertex -7.812500e-002 -7.500000e-001  7.812500e-002
      vertex  7.812500e-002 -7.500000e-001 -7.812500e-002
      vertex  7.812500e-002 -7.500000e-001  4.687500e-002
    endloop
  endfacet
  facet normal  0.000000e+000 -1.000000e+000  0.000000e+000
    outer loop
      vertex -7.812500e-002 -7.500000e-001  7.812500e-002
      vertex  7.812500e-002 -7.500000e-001  4.687500e-002
      vertex  7.752454e-002 -7.500000e-001  5.297157e-002
    endloop
  endfacet
  facet normal  0.000000e+000 -1.000000e+000  0.000000e+000
    outer loop
      vertex -7.812500e-002 -7.500000e-001  7.812500e-002
      vertex  7.752454e-002 -7.500000e-001  5.297157e-002
      vertex  7.574624e-002 -7.500000e-001  5.883386e-002
    endloop
  endfacet
  facet normal  0.000000e+000 -9.999999e-001  0.000000e+000
    outer loop
      vertex -7.812500e-002 -7.500000e-001  7.812500e-002
      vertex  7.574624e-002 -7.500000e-001  5.883386e-002
      vertex  7.285842e-002 -7.500000e-001  6.423657e-002
    endloop
  endfacet
  facet normal  0.000000e+000 -1.000000e+000  0.000000e+000
    outer loop
      vertex -7.812500e-002 -7.500000e-001  7.812500e-002
      vertex  7.285842e-002 -7.500000e-001  6.423657e-002
      vertex  6.897209e-002 -7.500000e-001  6.897209e-002
    endloop
  endfacet
  facet normal  0.000000e+000 -1.000000e+000  0.000000e+000
    outer loop
      vertex -7.812500e-002 -7.500000e-001  7.812500e-002
      vertex  6.897209e-002 -7.500000e-001  6.897209e-002
      vertex  6.423657e-002 -7.500000e-001  7.285842e-002
    endloop
  endfacet
  facet normal  0.000000e+000 -9.999999e-001  0.000000e+000
    outer loop
      vertex -7.812500e-002 -7.500000e-001  7.812500e-002
      vertex  6.423657e-002 -7.500000e-001  7.285842e-002
      vertex  5.883386e-002 -7.500000e-001  7.574624e-002
    endloop
  endfacet
  facet normal  0.000000e+000 -1.000000e+000  0.000000e+000
    outer loop
      vertex -7.812500e-002 -7.500000e-001  7.812500e-002
      vertex  5.883386e-002 -7.500000e-001  7.574624e-002
      vertex  4.687500e-002 -7.500000e-001  7.812500e-002
    endloop
  endfacet
  facet normal -5.551110e-017  1.000000e+000 -5.551064e-017
    outer loop
      vertex  5.297157e-002  1.591761e-017  7.752454e-002
      vertex  5.883386e-002  1.614431e-017  7.574624e-002
      vertex  4.687500e-002  1.561251e-017  7.812500e-002
    endloop
  endfacet
  facet normal -5.551115e-017  1.000000e+000 -5.551089e-017
    outer loop
      vertex -7.812500e-002  8.673617e-018  7.812500e-002
      vertex  4.687500e-002  1.561251e-017  7.812500e-002
      vertex  5.883386e-002  1.614431e-017  7.574624e-002
    endloop
  endfacet
  facet normal -5.551115e-017  9.999999e-001 -5.551109e-017
    outer loop
      vertex -7.812500e-002  8.673617e-018  7.812500e-002
      vertex  5.883386e-002  1.614431e-017  7.574624e-002
      vertex  6.423657e-002  1.628392e-017  7.285842e-002
    endloop
  endfacet
  facet normal -5.551118e-017  1.000000e+000 -5.551161e-017
    outer loop
      vertex -7.812500e-002  8.673617e-018  7.812500e-002
      vertex  6.423657e-002  1.628392e-017  7.285842e-002
      vertex  6.897209e-002  1.633106e-017  6.897209e-002
    endloop
  endfacet
  facet normal -5.551113e-017  1.000000e+000 -5.551078e-017
    outer loop
      vertex -7.812500e-002  8.673617e-018  7.812500e-002
      vertex  6.897209e-002  1.633106e-017  6.897209e-002
      vertex  7.285842e-002  1.628392e-017  6.423657e-002
    endloop
  endfacet
  facet normal -5.551116e-017  9.999999e-001 -5.551119e-017
    outer loop
      vertex -7.812500e-002  8.673617e-018  7.812500e-002
      vertex  7.285842e-002  1.628392e-017  6.423657e-002
      vertex  7.574624e-002  1.614431e-017  5.883386e-002
    endloop
  endfacet
  facet normal -5.551116e-017  1.000000e+000 -5.551126e-017
    outer loop
      vertex -7.812500e-002  8.673617e-018  7.812500e-002
      vertex  7.574624e-002  1.614431e-017  5.883386e-002
      vertex  7.752454e-002  1.591761e-017  5.297157e-002
    endloop
  endfacet
  facet normal -5.551115e-017  1.000000e+000 -5.551115e-017
    outer loop
      vertex -7.812500e-002  8.673617e-018  7.812500e-002
      vertex  7.752454e-002  1.591761e-017  5.297157e-002
      vertex  7.812500e-002  1.561251e-017  4.687500e-002
    endloop
  endfacet
  facet normal -5.551115e-017  1.000000e+000 -5.551115e-017
    outer loop
      vertex -7.812500e-002  8.673617e-018  7.812500e-002
      vertex  7.812500e-002  1.561251e-017  4.687500e-002
      vertex  7.812500e-002  8.673617e-018 -7.812500e-002
    endloop
  endfacet
  facet normal -5.551115e-017  1.000000e+000 -5.551115e-017
    outer loop
      vertex -7.812500e-002  8.673617e-018  7.812500e-002
      vertex  7.812500e-002  8.673617e-018 -7.812500e-002
      vertex -7.812500e-002  0.000000e+000 -7.812500e-002
    endloop
  endfacet
  facet normal  -0.000000e+000  0.000000e+000  1.000000e+000
    outer loop
      vertex  4.687500e-002  1.561251e-017  7.812500e-002
      vertex -7.812500e-002  8.673617e-018  7.812500e-002
      vertex  4.687500e-002 -7.500000e-001  7.812500e-002
    endloop
  endfacet
  facet normal  0.000000e+000  0.000000e+000  1.000000e+000
    outer loop
      vertex  4.687500e-002 -7.500000e-001  7.812500e-002
      vertex -7.812500e-002  8.673617e-018  7.812500e-002
      vertex -7.812500e-002 -7.500000e-001  7.812500e-002
    endloop
  endfacet
  facet normal  1.000000e+000  0.000000e+000  0.000000e+000
    outer loop
      vertex  7.812500e-002  8.673617e-018 -7.812500e-002
      vertex  7.812500e-002  1.561251e-017  4.687500e-002
      vertex  7.812500e-002 -7.500000e-001 -7.812500e-002
    endloop
  endfacet
  facet normal  1.000000e+000  0.000000e+000  0.000000e+000
    outer loop
      vertex  7.812500e-002 -7.500000e-001 -7.812500e-002
      vertex  7.812500e-002  1.561251e-017  4.687500e-002
      vertex  7.812500e-002 -7.500000e-001  4.687500e-002
    endloop
  endfacet
  facet normal  9.801669e-002  -0.000000e+000  9.951847e-001
    outer loop
      vertex  4.687500e-002  1.561251e-017  7.812500e-002
      vertex  4.687500e-002 -7.500000e-001  7.812500e-002
      vertex  5.297157e-002  1.591761e-017  7.752454e-002
    endloop
  endfacet
  facet normal  9.801669e-002  0.000000e+000  9.951847e-001
    outer loop
      vertex  5.297157e-002  1.591761e-017  7.752454e-002
      vertex  4.687500e-002 -7.500000e-001  7.812500e-002
      vertex  5.297157e-002 -7.500000e-001  7.752454e-002
    endloop
  endfacet
  facet normal  2.902847e-001  -0.000000e+000  9.569404e-001
    outer loop
      vertex  5.297157e-002  1.591761e-017  7.752454e-002
      vertex  5.297157e-002 -7.500000e-001  7.752454e-002
      vertex  5.883386e-002  1.614431e-017  7.574624e-002
    endloop
  endfacet
  facet normal  2.902847e-001  0.000000e+000  9.569404e-001
    outer loop
      vertex  5.883386e-002  1.614431e-017  7.574624e-002
      vertex  5.297157e-002 -7.500000e-001  7.752454e-002
      vertex  5.883386e-002 -7.500000e-001  7.574624e-002
    endloop
  endfacet
  facet normal  4.713976e-001  -0.000000e+000  8.819209e-001
    outer loop
      vertex  5.883386e-002  1.614431e-017  7.574624e-002
      vertex  5.883386e-002 -7.500000e-001  7.574624e-002
      vertex  6.423657e-002  1.628392e-017  7.285842e-002
    endloop
  endfacet
  facet normal  4.713976e-001  0.000000e+000  8.819209e-001
    outer loop
      vertex  6.423657e-002  1.628392e-017  7.285842e-002
      vertex  5.883386e-002 -7.500000e-001  7.574624e-002
      vertex  6.423657e-002 -7.500000e-001  7.285842e-002
    endloop
  endfacet
  facet normal  6.343925e-001  -0.000000e+000  7.730111e-001
    outer loop
      vertex  6.423657e-002  1.628392e-017  7.285842e-002
      vertex  6.423657e-002 -7.500000e-001  7.285842e-002
      vertex  6.897209e-002  1.633106e-017  6.897209e-002
    endloop
  endfacet
  facet normal  6.343925e-001  0.000000e+000  7.730111e-001
    outer loop
      vertex  6.897209e-002  1.633106e-017  6.897209e-002
      vertex  6.423657e-002 -7.500000e-001  7.285842e-002
      vertex  6.897209e-002 -7.500000e-001  6.897209e-002
    endloop
  endfacet
  facet normal  7.730111e-001  -0.000000e+000  6.343925e-001
    outer loop
      vertex  6.897209e-002  1.633106e-017  6.897209e-002
      vertex  6.897209e-002 -7.500000e-001  6.897209e-002
      vertex  7.285842e-002  1.628392e-017  6.423657e-002
    endloop
  endfacet
  facet normal  7.730111e-001  0.000000e+000  6.343925e-001
    outer loop
      vertex  7.285842e-002  1.628392e-017  6.423657e-002
      vertex  6.897209e-002 -7.500000e-001  6.897209e-002
      vertex  7.285842e-002 -7.500000e-001  6.423657e-002
    endloop
  endfacet
  facet normal  8.819209e-001  -0.000000e+000  4.713976e-001
    outer loop
      vertex  7.285842e-002  1.628392e-017  6.423657e-002
      vertex  7.285842e-002 -7.500000e-001  6.423657e-002
      vertex  7.574624e-002  1.614431e-017  5.883386e-002
    endloop
  endfacet
  facet normal  8.819209e-001  0.000000e+000  4.713976e-001
    outer loop
      vertex  7.574624e-002  1.614431e-017  5.883386e-002
      vertex  7.285842e-002 -7.500000e-001  6.423657e-002
      vertex  7.574624e-002 -7.500000e-001  5.883386e-002
    endloop
  endfacet
  facet normal  9.569404e-001  -0.000000e+000  2.902847e-001
    outer loop
      vertex  7.574624e-002  1.614431e-017  5.883386e-002
      vertex  7.574624e-002 -7.500000e-001  5.883386e-002
      vertex  7.752454e-002  1.591761e-017  5.297157e-002
    endloop
  endfacet
  facet normal  9.569404e-001  0.000000e+000  2.902847e-001
    outer loop
      vertex  7.752454e-002  1.591761e-017  5.297157e-002
      vertex  7.574624e-002 -7.500000e-001  5.883386e-002
      vertex  7.752454e-002 -7.500000e-001  5.297157e-002
    endloop
  endfacet
  facet normal  9.951847e-001  -0.000000e+000  9.801669e-002
    outer loop
      vertex  7.752454e-002  1.591761e-017  5.297157e-002
      vertex  7.752454e-002 -7.500000e-001  5.297157e-002
      vertex  7.812500e-002  1.561251e-017  4.687500e-002
    endloop
  endfacet
  facet normal  9.951847e-001  0.000000e+000  9.801669e-002
    outer loop
      vertex  7.812500e-002  1.561251e-017  4.687500e-002
      vertex  7.752454e-002 -7.500000e-001  5.297157e-002
      vertex  7.812500e-002 -7.500000e-001  4.687500e-002
    endloop
  endfacet
  facet normal -1.000000e+000  0.000000e+000  0.000000e+000
    outer loop
      vertex -7.812500e-002  8.673617e-018  7.812500e-002
      vertex -7.812500e-002  0.000000e+000 -7.812500e-002
      vertex -7.812500e-002 -7.500000e-001  7.812500e-002
    endloop
  endfacet
  facet normal -1.000000e+000  0.000000e+000  0.000000e+000
    outer loop
      vertex -7.812500e-002 -7.500000e-001  7.812500e-002
      vertex -7.812500e-002  0.000000e+000 -7.812500e-002
      vertex -7.812500e-002 -7.500000e-001 -7.812500e-002
    endloop
  endfacet
  facet normal  0.000000e+000  0.000000e+000 -1.000000e+000
    outer loop
      vertex -7.812500e-002  0.000000e+000 -7.812500e-002
      vertex  7.812500e-002  8.673617e-018 -7.812500e-002
      vertex -7.812500e-002 -7.500000e-001 -7.812500e-002
    endloop
  endfacet
  facet normal  0.000000e+000  0.000000e+000 -1.000000e+000
    outer loop
      vertex -7.812500e-002 -7.500000e-001 -7.812500e-002
      vertex  7.812500e-002  8.673617e-018 -7.812500e-002
      vertex  7.812500e-002 -7.500000e-001 -7.812500e-002
    endloop
  endfacet
endsolid CATIA STL
