solid CATIA STL
  facet normal -9.801713e-002  0.000000e+000 -9.951847e-001
    outer loop
      vertex  1.406250e-001 -4.029605e-003  0.000000e+000
      vertex  1.406250e-001 -3.671875e-001  0.000000e+000
      vertex  1.131904e-001 -4.029605e-003  2.702070e-003
    endloop
  endfacet
  facet normal -9.801713e-002  -0.000000e+000 -9.951847e-001
    outer loop
      vertex  1.131904e-001 -4.029605e-003  2.702070e-003
      vertex  1.406250e-001 -3.671875e-001  0.000000e+000
      vertex  1.131904e-001 -3.671875e-001  2.702070e-003
    endloop
  endfacet
  facet normal -2.902847e-001  0.000000e+000 -9.569404e-001
    outer loop
      vertex  1.131904e-001 -4.029605e-003  2.702070e-003
      vertex  1.131904e-001 -3.671875e-001  2.702070e-003
      vertex  8.681014e-002 -4.029605e-003  1.070444e-002
    endloop
  endfacet
  facet normal -2.902847e-001  -0.000000e+000 -9.569404e-001
    outer loop
      vertex  8.681014e-002 -4.029605e-003  1.070444e-002
      vertex  1.131904e-001 -3.671875e-001  2.702070e-003
      vertex  8.681014e-002 -3.671875e-001  1.070444e-002
    endloop
  endfacet
  facet normal -4.713967e-001  0.000000e+000 -8.819212e-001
    outer loop
      vertex  8.681014e-002 -4.029605e-003  1.070444e-002
      vertex  8.681014e-002 -3.671875e-001  1.070444e-002
      vertex  6.249794e-002 -4.029605e-003  2.369959e-002
    endloop
  endfacet
  facet normal -4.713967e-001  -0.000000e+000 -8.819212e-001
    outer loop
      vertex  6.249794e-002 -4.029605e-003  2.369959e-002
      vertex  8.681014e-002 -3.671875e-001  1.070444e-002
      vertex  6.249794e-002 -3.671875e-001  2.369959e-002
    endloop
  endfacet
  facet normal -6.343933e-001  0.000000e+000 -7.730104e-001
    outer loop
      vertex  6.249794e-002 -4.029605e-003  2.369959e-002
      vertex  6.249794e-002 -3.671875e-001  2.369959e-002
      vertex  4.118811e-002 -4.029605e-003  4.118811e-002
    endloop
  endfacet
  facet normal -6.343933e-001  -0.000000e+000 -7.730104e-001
    outer loop
      vertex  4.118811e-002 -4.029605e-003  4.118811e-002
      vertex  6.249794e-002 -3.671875e-001  2.369959e-002
      vertex  4.118811e-002 -3.671875e-001  4.118811e-002
    endloop
  endfacet
  facet normal -7.730104e-001  0.000000e+000 -6.343933e-001
    outer loop
      vertex  4.118811e-002 -4.029605e-003  4.118811e-002
      vertex  4.118811e-002 -3.671875e-001  4.118811e-002
      vertex  2.369959e-002 -4.029605e-003  6.249794e-002
    endloop
  endfacet
  facet normal -7.730104e-001  -0.000000e+000 -6.343933e-001
    outer loop
      vertex  2.369959e-002 -4.029605e-003  6.249794e-002
      vertex  4.118811e-002 -3.671875e-001  4.118811e-002
      vertex  2.369959e-002 -3.671875e-001  6.249794e-002
    endloop
  endfacet
  facet normal -8.819212e-001  0.000000e+000 -4.713967e-001
    outer loop
      vertex  2.369959e-002 -4.029605e-003  6.249794e-002
      vertex  2.369959e-002 -3.671875e-001  6.249794e-002
      vertex  1.070444e-002 -4.029605e-003  8.681014e-002
    endloop
  endfacet
  facet normal -8.819212e-001  -0.000000e+000 -4.713967e-001
    outer loop
      vertex  1.070444e-002 -4.029605e-003  8.681014e-002
      vertex  2.369959e-002 -3.671875e-001  6.249794e-002
      vertex  1.070444e-002 -3.671875e-001  8.681014e-002
    endloop
  endfacet
  facet normal -9.569404e-001  0.000000e+000 -2.902847e-001
    outer loop
      vertex  1.070444e-002 -4.029605e-003  8.681014e-002
      vertex  1.070444e-002 -3.671875e-001  8.681014e-002
      vertex  2.702070e-003 -4.029605e-003  1.131904e-001
    endloop
  endfacet
  facet normal -9.569404e-001  -0.000000e+000 -2.902847e-001
    outer loop
      vertex  2.702070e-003 -4.029605e-003  1.131904e-001
      vertex  1.070444e-002 -3.671875e-001  8.681014e-002
      vertex  2.702070e-003 -3.671875e-001  1.131904e-001
    endloop
  endfacet
  facet normal -9.951847e-001  0.000000e+000 -9.801713e-002
    outer loop
      vertex  2.702070e-003 -4.029605e-003  1.131904e-001
      vertex  2.702070e-003 -3.671875e-001  1.131904e-001
      vertex  0.000000e+000 -4.029605e-003  1.406250e-001
    endloop
  endfacet
  facet normal -9.951847e-001  -0.000000e+000 -9.801713e-002
    outer loop
      vertex  0.000000e+000 -4.029605e-003  1.406250e-001
      vertex  2.702070e-003 -3.671875e-001  1.131904e-001
      vertex  0.000000e+000 -3.671875e-001  1.406250e-001
    endloop
  endfacet
  facet normal  0.000000e+000 -1.000000e+000  0.000000e+000
    outer loop
      vertex  0.000000e+000 -3.671875e-001  1.406250e-001
      vertex  2.702070e-003 -3.671875e-001  1.131904e-001
      vertex  0.000000e+000 -3.671875e-001  3.437500e-001
    endloop
  endfacet
  facet normal  0.000000e+000 -1.000000e+000  0.000000e+000
    outer loop
      vertex  1.406250e-001 -3.671875e-001  0.000000e+000
      vertex  1.500000e+000 -3.671875e-001  0.000000e+000
      vertex  1.500000e+000 -3.671875e-001  1.718750e-001
    endloop
  endfacet
  facet normal  -0.000000e+000 -1.000000e+000  0.000000e+000
    outer loop
      vertex  1.406250e-001 -3.671875e-001  0.000000e+000
      vertex  1.500000e+000 -3.671875e-001  1.718750e-001
      vertex  3.671875e-001 -3.671875e-001  1.718750e-001
    endloop
  endfacet
  facet normal  -0.000000e+000 -1.000000e+000  0.000000e+000
    outer loop
      vertex  1.406250e-001 -3.671875e-001  0.000000e+000
      vertex  3.671875e-001 -3.671875e-001  1.718750e-001
      vertex  3.671875e-001 -3.671875e-001  3.437500e-001
    endloop
  endfacet
  facet normal  -0.000000e+000 -1.000000e+000  0.000000e+000
    outer loop
      vertex  1.406250e-001 -3.671875e-001  0.000000e+000
      vertex  3.671875e-001 -3.671875e-001  3.437500e-001
      vertex  0.000000e+000 -3.671875e-001  3.437500e-001
    endloop
  endfacet
  facet normal  0.000000e+000 -1.000000e+000  0.000000e+000
    outer loop
      vertex  1.406250e-001 -3.671875e-001  0.000000e+000
      vertex  0.000000e+000 -3.671875e-001  3.437500e-001
      vertex  2.702070e-003 -3.671875e-001  1.131904e-001
    endloop
  endfacet
  facet normal  0.000000e+000 -1.000000e+000  0.000000e+000
    outer loop
      vertex  1.406250e-001 -3.671875e-001  0.000000e+000
      vertex  2.702070e-003 -3.671875e-001  1.131904e-001
      vertex  1.070444e-002 -3.671875e-001  8.681014e-002
    endloop
  endfacet
  facet normal  0.000000e+000 -1.000000e+000  0.000000e+000
    outer loop
      vertex  1.406250e-001 -3.671875e-001  0.000000e+000
      vertex  1.070444e-002 -3.671875e-001  8.681014e-002
      vertex  2.369959e-002 -3.671875e-001  6.249794e-002
    endloop
  endfacet
  facet normal  0.000000e+000 -1.000000e+000  0.000000e+000
    outer loop
      vertex  1.406250e-001 -3.671875e-001  0.000000e+000
      vertex  2.369959e-002 -3.671875e-001  6.249794e-002
      vertex  4.118811e-002 -3.671875e-001  4.118811e-002
    endloop
  endfacet
  facet normal  0.000000e+000 -1.000000e+000  0.000000e+000
    outer loop
      vertex  1.406250e-001 -3.671875e-001  0.000000e+000
      vertex  4.118811e-002 -3.671875e-001  4.118811e-002
      vertex  6.249794e-002 -3.671875e-001  2.369959e-002
    endloop
  endfacet
  facet normal  0.000000e+000 -1.000000e+000  0.000000e+000
    outer loop
      vertex  1.406250e-001 -3.671875e-001  0.000000e+000
      vertex  6.249794e-002 -3.671875e-001  2.369959e-002
      vertex  8.681014e-002 -3.671875e-001  1.070444e-002
    endloop
  endfacet
  facet normal  0.000000e+000 -1.000000e+000  0.000000e+000
    outer loop
      vertex  1.406250e-001 -3.671875e-001  0.000000e+000
      vertex  8.681014e-002 -3.671875e-001  1.070444e-002
      vertex  1.131904e-001 -3.671875e-001  2.702070e-003
    endloop
  endfacet
  facet normal -1.000000e+000  0.000000e+000  0.000000e+000
    outer loop
      vertex  0.000000e+000  0.000000e+000  3.437500e-001
      vertex  0.000000e+000  0.000000e+000  1.718750e-001
      vertex  0.000000e+000 -4.029605e-003  1.718750e-001
    endloop
  endfacet
  facet normal -1.000000e+000  0.000000e+000  0.000000e+000
    outer loop
      vertex  0.000000e+000 -4.029605e-003  1.406250e-001
      vertex  0.000000e+000 -3.671875e-001  1.406250e-001
      vertex  0.000000e+000 -4.029605e-003  1.718750e-001
    endloop
  endfacet
  facet normal -9.999999e-001  -0.000000e+000  0.000000e+000
    outer loop
      vertex  0.000000e+000 -4.029605e-003  1.718750e-001
      vertex  0.000000e+000 -3.671875e-001  1.406250e-001
      vertex  0.000000e+000 -3.671875e-001  3.437500e-001
    endloop
  endfacet
  facet normal -1.000000e+000  0.000000e+000  0.000000e+000
    outer loop
      vertex  0.000000e+000 -4.029605e-003  1.718750e-001
      vertex  0.000000e+000 -3.671875e-001  3.437500e-001
      vertex  0.000000e+000  0.000000e+000  3.437500e-001
    endloop
  endfacet
  facet normal  0.000000e+000  1.000000e+000  -0.000000e+000
    outer loop
      vertex  3.671875e-001  0.000000e+000  3.437500e-001
      vertex  3.671875e-001  0.000000e+000  1.718750e-001
      vertex  0.000000e+000  0.000000e+000  3.437500e-001
    endloop
  endfacet
  facet normal  0.000000e+000  1.000000e+000  0.000000e+000
    outer loop
      vertex  0.000000e+000  0.000000e+000  3.437500e-001
      vertex  3.671875e-001  0.000000e+000  1.718750e-001
      vertex  0.000000e+000  0.000000e+000  1.718750e-001
    endloop
  endfacet
  facet normal  0.000000e+000  0.000000e+000  1.000000e+000
    outer loop
      vertex  0.000000e+000 -3.671875e-001  3.437500e-001
      vertex  3.671875e-001 -3.671875e-001  3.437500e-001
      vertex  0.000000e+000  0.000000e+000  3.437500e-001
    endloop
  endfacet
  facet normal  -0.000000e+000  0.000000e+000  1.000000e+000
    outer loop
      vertex  0.000000e+000  0.000000e+000  3.437500e-001
      vertex  3.671875e-001 -3.671875e-001  3.437500e-001
      vertex  3.671875e-001  0.000000e+000  3.437500e-001
    endloop
  endfacet
  facet normal  0.000000e+000  0.000000e+000 -1.000000e+000
    outer loop
      vertex  0.000000e+000 -4.029605e-003  1.718750e-001
      vertex  0.000000e+000  0.000000e+000  1.718750e-001
      vertex  3.671875e-001 -4.029605e-003  1.718750e-001
    endloop
  endfacet
  facet normal  0.000000e+000  0.000000e+000 -1.000000e+000
    outer loop
      vertex  3.671875e-001 -4.029605e-003  1.718750e-001
      vertex  0.000000e+000  0.000000e+000  1.718750e-001
      vertex  3.671875e-001  0.000000e+000  1.718750e-001
    endloop
  endfacet
  facet normal  0.000000e+000  0.000000e+000  1.000000e+000
    outer loop
      vertex  3.671875e-001 -3.671875e-001  1.718750e-001
      vertex  1.500000e+000 -3.671875e-001  1.718750e-001
      vertex  3.671875e-001 -4.029605e-003  1.718750e-001
    endloop
  endfacet
  facet normal  -0.000000e+000  0.000000e+000  1.000000e+000
    outer loop
      vertex  3.671875e-001 -4.029605e-003  1.718750e-001
      vertex  1.500000e+000 -3.671875e-001  1.718750e-001
      vertex  1.500000e+000 -4.029605e-003  1.718750e-001
    endloop
  endfacet
  facet normal  -0.000000e+000  1.000000e+000  0.000000e+000
    outer loop
      vertex  1.500000e+000 -4.029605e-003  0.000000e+000
      vertex  3.671875e-001 -4.029605e-003  1.718750e-001
      vertex  1.500000e+000 -4.029605e-003  1.718750e-001
    endloop
  endfacet
  facet normal  0.000000e+000  1.000000e+000  0.000000e+000
    outer loop
      vertex  0.000000e+000 -4.029605e-003  1.718750e-001
      vertex  3.671875e-001 -4.029605e-003  1.718750e-001
      vertex  1.500000e+000 -4.029605e-003  0.000000e+000
    endloop
  endfacet
  facet normal  0.000000e+000  1.000000e+000  0.000000e+000
    outer loop
      vertex  0.000000e+000 -4.029605e-003  1.718750e-001
      vertex  1.500000e+000 -4.029605e-003  0.000000e+000
      vertex  1.406250e-001 -4.029605e-003  0.000000e+000
    endloop
  endfacet
  facet normal  0.000000e+000  1.000000e+000  0.000000e+000
    outer loop
      vertex  0.000000e+000 -4.029605e-003  1.718750e-001
      vertex  1.406250e-001 -4.029605e-003  0.000000e+000
      vertex  1.131904e-001 -4.029605e-003  2.702070e-003
    endloop
  endfacet
  facet normal  0.000000e+000  9.999999e-001  0.000000e+000
    outer loop
      vertex  0.000000e+000 -4.029605e-003  1.718750e-001
      vertex  1.131904e-001 -4.029605e-003  2.702070e-003
      vertex  8.681014e-002 -4.029605e-003  1.070444e-002
    endloop
  endfacet
  facet normal  0.000000e+000  9.999999e-001  0.000000e+000
    outer loop
      vertex  0.000000e+000 -4.029605e-003  1.718750e-001
      vertex  8.681014e-002 -4.029605e-003  1.070444e-002
      vertex  6.249794e-002 -4.029605e-003  2.369959e-002
    endloop
  endfacet
  facet normal  0.000000e+000  1.000000e+000  0.000000e+000
    outer loop
      vertex  0.000000e+000 -4.029605e-003  1.718750e-001
      vertex  6.249794e-002 -4.029605e-003  2.369959e-002
      vertex  4.118811e-002 -4.029605e-003  4.118811e-002
    endloop
  endfacet
  facet normal  0.000000e+000  1.000000e+000  0.000000e+000
    outer loop
      vertex  0.000000e+000 -4.029605e-003  1.718750e-001
      vertex  4.118811e-002 -4.029605e-003  4.118811e-002
      vertex  2.369959e-002 -4.029605e-003  6.249794e-002
    endloop
  endfacet
  facet normal  0.000000e+000  9.999999e-001  0.000000e+000
    outer loop
      vertex  0.000000e+000 -4.029605e-003  1.718750e-001
      vertex  2.369959e-002 -4.029605e-003  6.249794e-002
      vertex  1.070444e-002 -4.029605e-003  8.681014e-002
    endloop
  endfacet
  facet normal  0.000000e+000  1.000000e+000  0.000000e+000
    outer loop
      vertex  0.000000e+000 -4.029605e-003  1.718750e-001
      vertex  1.070444e-002 -4.029605e-003  8.681014e-002
      vertex  2.702070e-003 -4.029605e-003  1.131904e-001
    endloop
  endfacet
  facet normal  0.000000e+000  1.000000e+000  0.000000e+000
    outer loop
      vertex  0.000000e+000 -4.029605e-003  1.718750e-001
      vertex  2.702070e-003 -4.029605e-003  1.131904e-001
      vertex  0.000000e+000 -4.029605e-003  1.406250e-001
    endloop
  endfacet
  facet normal  1.000000e+000  0.000000e+000  0.000000e+000
    outer loop
      vertex  3.671875e-001 -3.671875e-001  3.437500e-001
      vertex  3.671875e-001 -3.671875e-001  1.718750e-001
      vertex  3.671875e-001  0.000000e+000  3.437500e-001
    endloop
  endfacet
  facet normal  1.000000e+000  0.000000e+000  0.000000e+000
    outer loop
      vertex  3.671875e-001  0.000000e+000  3.437500e-001
      vertex  3.671875e-001 -3.671875e-001  1.718750e-001
      vertex  3.671875e-001 -4.029605e-003  1.718750e-001
    endloop
  endfacet
  facet normal  1.000000e+000  0.000000e+000  0.000000e+000
    outer loop
      vertex  3.671875e-001  0.000000e+000  3.437500e-001
      vertex  3.671875e-001 -4.029605e-003  1.718750e-001
      vertex  3.671875e-001  0.000000e+000  1.718750e-001
    endloop
  endfacet
  facet normal  0.000000e+000  0.000000e+000 -1.000000e+000
    outer loop
      vertex  1.406250e-001 -3.671875e-001  0.000000e+000
      vertex  1.406250e-001 -4.029605e-003  0.000000e+000
      vertex  1.500000e+000 -3.671875e-001  0.000000e+000
    endloop
  endfacet
  facet normal  0.000000e+000  0.000000e+000 -1.000000e+000
    outer loop
      vertex  1.500000e+000 -3.671875e-001  0.000000e+000
      vertex  1.406250e-001 -4.029605e-003  0.000000e+000
      vertex  1.500000e+000 -4.029605e-003  0.000000e+000
    endloop
  endfacet
  facet normal  1.000000e+000  -0.000000e+000  0.000000e+000
    outer loop
      vertex  1.500000e+000 -4.029605e-003  1.718750e-001
      vertex  1.500000e+000 -3.671875e-001  1.718750e-001
      vertex  1.500000e+000 -4.029605e-003  0.000000e+000
    endloop
  endfacet
  facet normal  1.000000e+000  0.000000e+000  0.000000e+000
    outer loop
      vertex  1.500000e+000 -4.029605e-003  0.000000e+000
      vertex  1.500000e+000 -3.671875e-001  1.718750e-001
      vertex  1.500000e+000 -3.671875e-001  0.000000e+000
    endloop
  endfacet
endsolid CATIA STL
