solid CATIA STL
  facet normal  1.000000e+000  -0.000000e+000  -0.000000e+000
    outer loop
      vertex  2.500000e-001 -4.973684e-001 -4.192434e-001
      vertex  2.500000e-001 -4.958673e-001 -4.344848e-001
      vertex  2.500000e-001 -4.914215e-001 -4.491406e-001
    endloop
  endfacet
  facet normal  1.000000e+000  -0.000000e+000  -0.000000e+000
    outer loop
      vertex  2.500000e-001 -4.973684e-001 -4.192434e-001
      vertex  2.500000e-001 -4.914215e-001 -4.491406e-001
      vertex  2.500000e-001 -4.842020e-001 -4.626473e-001
    endloop
  endfacet
  facet normal  1.000000e+000  -0.000000e+000  -0.000000e+000
    outer loop
      vertex  2.500000e-001 -4.973684e-001 -4.192434e-001
      vertex  2.500000e-001 -4.842020e-001 -4.626473e-001
      vertex  2.500000e-001 -4.744861e-001 -4.744861e-001
    endloop
  endfacet
  facet normal  1.000000e+000  -0.000000e+000  -0.000000e+000
    outer loop
      vertex  2.500000e-001 -4.973684e-001 -4.192434e-001
      vertex  2.500000e-001 -4.744861e-001 -4.744861e-001
      vertex  2.500000e-001 -4.626473e-001 -4.842020e-001
    endloop
  endfacet
  facet normal  1.000000e+000  -0.000000e+000  -0.000000e+000
    outer loop
      vertex  2.500000e-001 -4.973684e-001 -4.192434e-001
      vertex  2.500000e-001 -4.626473e-001 -4.842020e-001
      vertex  2.500000e-001 -4.491406e-001 -4.914215e-001
    endloop
  endfacet
  facet normal  1.000000e+000  -0.000000e+000  -0.000000e+000
    outer loop
      vertex  2.500000e-001 -4.973684e-001 -4.192434e-001
      vertex  2.500000e-001 -4.491406e-001 -4.914215e-001
      vertex  2.500000e-001 -4.344848e-001 -4.958673e-001
    endloop
  endfacet
  facet normal  1.000000e+000  -0.000000e+000  -0.000000e+000
    outer loop
      vertex  2.500000e-001 -4.973684e-001 -4.192434e-001
      vertex  2.500000e-001 -4.344848e-001 -4.958673e-001
      vertex  2.500000e-001 -4.192434e-001 -4.973684e-001
    endloop
  endfacet
  facet normal  1.000000e+000  0.000000e+000  -0.000000e+000
    outer loop
      vertex  2.500000e-001 -4.973684e-001 -4.192434e-001
      vertex  2.500000e-001 -4.192434e-001 -4.973684e-001
      vertex  2.500000e-001  4.973684e-001 -4.973684e-001
    endloop
  endfacet
  facet normal  1.000000e+000  0.000000e+000  -0.000000e+000
    outer loop
      vertex  2.500000e-001 -4.973684e-001 -4.192434e-001
      vertex  2.500000e-001  4.973684e-001 -4.973684e-001
      vertex  2.500000e-001  4.973684e-001  4.973684e-001
    endloop
  endfacet
  facet normal  1.000000e+000  0.000000e+000  0.000000e+000
    outer loop
      vertex  2.500000e-001 -4.973684e-001 -4.192434e-001
      vertex  2.500000e-001  4.973684e-001  4.973684e-001
      vertex  2.500000e-001 -4.973684e-001  4.973684e-001
    endloop
  endfacet
  facet normal -1.000000e+000  0.000000e+000  0.000000e+000
    outer loop
      vertex -2.500000e-001 -4.973684e-001 -4.192434e-001
      vertex -2.500000e-001 -4.973684e-001  4.973684e-001
      vertex -2.500000e-001  4.973684e-001  4.973684e-001
    endloop
  endfacet
  facet normal -1.000000e+000  0.000000e+000  -0.000000e+000
    outer loop
      vertex -2.500000e-001 -4.973684e-001 -4.192434e-001
      vertex -2.500000e-001  4.973684e-001  4.973684e-001
      vertex -2.500000e-001  4.973684e-001 -4.973684e-001
    endloop
  endfacet
  facet normal -1.000000e+000  0.000000e+000  0.000000e+000
    outer loop
      vertex -2.500000e-001 -4.973684e-001 -4.192434e-001
      vertex -2.500000e-001  4.973684e-001 -4.973684e-001
      vertex -2.500000e-001 -4.192434e-001 -4.973684e-001
    endloop
  endfacet
  facet normal -1.000000e+000  0.000000e+000  0.000000e+000
    outer loop
      vertex -2.500000e-001 -4.973684e-001 -4.192434e-001
      vertex -2.500000e-001 -4.192434e-001 -4.973684e-001
      vertex -2.500000e-001 -4.344848e-001 -4.958673e-001
    endloop
  endfacet
  facet normal -1.000000e+000  0.000000e+000  0.000000e+000
    outer loop
      vertex -2.500000e-001 -4.973684e-001 -4.192434e-001
      vertex -2.500000e-001 -4.344848e-001 -4.958673e-001
      vertex -2.500000e-001 -4.491406e-001 -4.914215e-001
    endloop
  endfacet
  facet normal -1.000000e+000  0.000000e+000  0.000000e+000
    outer loop
      vertex -2.500000e-001 -4.973684e-001 -4.192434e-001
      vertex -2.500000e-001 -4.491406e-001 -4.914215e-001
      vertex -2.500000e-001 -4.626473e-001 -4.842020e-001
    endloop
  endfacet
  facet normal -1.000000e+000  0.000000e+000  0.000000e+000
    outer loop
      vertex -2.500000e-001 -4.973684e-001 -4.192434e-001
      vertex -2.500000e-001 -4.626473e-001 -4.842020e-001
      vertex -2.500000e-001 -4.744861e-001 -4.744861e-001
    endloop
  endfacet
  facet normal -1.000000e+000  0.000000e+000  0.000000e+000
    outer loop
      vertex -2.500000e-001 -4.973684e-001 -4.192434e-001
      vertex -2.500000e-001 -4.744861e-001 -4.744861e-001
      vertex -2.500000e-001 -4.842020e-001 -4.626473e-001
    endloop
  endfacet
  facet normal -1.000000e+000  0.000000e+000  0.000000e+000
    outer loop
      vertex -2.500000e-001 -4.973684e-001 -4.192434e-001
      vertex -2.500000e-001 -4.842020e-001 -4.626473e-001
      vertex -2.500000e-001 -4.914215e-001 -4.491406e-001
    endloop
  endfacet
  facet normal -1.000000e+000  0.000000e+000  0.000000e+000
    outer loop
      vertex -2.500000e-001 -4.973684e-001 -4.192434e-001
      vertex -2.500000e-001 -4.914215e-001 -4.491406e-001
      vertex -2.500000e-001 -4.958673e-001 -4.344848e-001
    endloop
  endfacet
  facet normal  0.000000e+000 -1.000000e+000  0.000000e+000
    outer loop
      vertex  2.500000e-001 -4.973684e-001  4.973684e-001
      vertex -2.500000e-001 -4.973684e-001  4.973684e-001
      vertex  2.500000e-001 -4.973684e-001 -4.192434e-001
    endloop
  endfacet
  facet normal  0.000000e+000 -1.000000e+000  0.000000e+000
    outer loop
      vertex  2.500000e-001 -4.973684e-001 -4.192434e-001
      vertex -2.500000e-001 -4.973684e-001  4.973684e-001
      vertex -2.500000e-001 -4.973684e-001 -4.192434e-001
    endloop
  endfacet
  facet normal  0.000000e+000  0.000000e+000 -1.000000e+000
    outer loop
      vertex  2.500000e-001 -4.192434e-001 -4.973684e-001
      vertex -2.500000e-001 -4.192434e-001 -4.973684e-001
      vertex  2.500000e-001  4.973684e-001 -4.973684e-001
    endloop
  endfacet
  facet normal  -0.000000e+000  0.000000e+000 -1.000000e+000
    outer loop
      vertex  2.500000e-001  4.973684e-001 -4.973684e-001
      vertex -2.500000e-001 -4.192434e-001 -4.973684e-001
      vertex -2.500000e-001  4.973684e-001 -4.973684e-001
    endloop
  endfacet
  facet normal  -0.000000e+000 -9.801680e-002 -9.951847e-001
    outer loop
      vertex -2.500000e-001 -4.192434e-001 -4.973684e-001
      vertex  2.500000e-001 -4.192434e-001 -4.973684e-001
      vertex -2.500000e-001 -4.344848e-001 -4.958673e-001
    endloop
  endfacet
  facet normal  0.000000e+000 -9.801680e-002 -9.951847e-001
    outer loop
      vertex -2.500000e-001 -4.344848e-001 -4.958673e-001
      vertex  2.500000e-001 -4.192434e-001 -4.973684e-001
      vertex  2.500000e-001 -4.344848e-001 -4.958673e-001
    endloop
  endfacet
  facet normal  -0.000000e+000 -2.902842e-001 -9.569405e-001
    outer loop
      vertex -2.500000e-001 -4.344848e-001 -4.958673e-001
      vertex  2.500000e-001 -4.344848e-001 -4.958673e-001
      vertex -2.500000e-001 -4.491406e-001 -4.914215e-001
    endloop
  endfacet
  facet normal  0.000000e+000 -2.902842e-001 -9.569405e-001
    outer loop
      vertex -2.500000e-001 -4.491406e-001 -4.914215e-001
      vertex  2.500000e-001 -4.344848e-001 -4.958673e-001
      vertex  2.500000e-001 -4.491406e-001 -4.914215e-001
    endloop
  endfacet
  facet normal  -0.000000e+000 -4.713969e-001 -8.819211e-001
    outer loop
      vertex -2.500000e-001 -4.491406e-001 -4.914215e-001
      vertex  2.500000e-001 -4.491406e-001 -4.914215e-001
      vertex -2.500000e-001 -4.626473e-001 -4.842020e-001
    endloop
  endfacet
  facet normal  0.000000e+000 -4.713969e-001 -8.819211e-001
    outer loop
      vertex -2.500000e-001 -4.626473e-001 -4.842020e-001
      vertex  2.500000e-001 -4.491406e-001 -4.914215e-001
      vertex  2.500000e-001 -4.626473e-001 -4.842020e-001
    endloop
  endfacet
  facet normal  -0.000000e+000 -6.343936e-001 -7.730102e-001
    outer loop
      vertex -2.500000e-001 -4.626473e-001 -4.842020e-001
      vertex  2.500000e-001 -4.626473e-001 -4.842020e-001
      vertex -2.500000e-001 -4.744861e-001 -4.744861e-001
    endloop
  endfacet
  facet normal  0.000000e+000 -6.343936e-001 -7.730102e-001
    outer loop
      vertex -2.500000e-001 -4.744861e-001 -4.744861e-001
      vertex  2.500000e-001 -4.626473e-001 -4.842020e-001
      vertex  2.500000e-001 -4.744861e-001 -4.744861e-001
    endloop
  endfacet
  facet normal  -0.000000e+000 -7.730102e-001 -6.343936e-001
    outer loop
      vertex -2.500000e-001 -4.744861e-001 -4.744861e-001
      vertex  2.500000e-001 -4.744861e-001 -4.744861e-001
      vertex -2.500000e-001 -4.842020e-001 -4.626473e-001
    endloop
  endfacet
  facet normal  0.000000e+000 -7.730102e-001 -6.343936e-001
    outer loop
      vertex -2.500000e-001 -4.842020e-001 -4.626473e-001
      vertex  2.500000e-001 -4.744861e-001 -4.744861e-001
      vertex  2.500000e-001 -4.842020e-001 -4.626473e-001
    endloop
  endfacet
  facet normal  -0.000000e+000 -8.819211e-001 -4.713969e-001
    outer loop
      vertex -2.500000e-001 -4.842020e-001 -4.626473e-001
      vertex  2.500000e-001 -4.842020e-001 -4.626473e-001
      vertex -2.500000e-001 -4.914215e-001 -4.491406e-001
    endloop
  endfacet
  facet normal  0.000000e+000 -8.819211e-001 -4.713969e-001
    outer loop
      vertex -2.500000e-001 -4.914215e-001 -4.491406e-001
      vertex  2.500000e-001 -4.842020e-001 -4.626473e-001
      vertex  2.500000e-001 -4.914215e-001 -4.491406e-001
    endloop
  endfacet
  facet normal  -0.000000e+000 -9.569405e-001 -2.902842e-001
    outer loop
      vertex -2.500000e-001 -4.914215e-001 -4.491406e-001
      vertex  2.500000e-001 -4.914215e-001 -4.491406e-001
      vertex -2.500000e-001 -4.958673e-001 -4.344848e-001
    endloop
  endfacet
  facet normal  0.000000e+000 -9.569405e-001 -2.902842e-001
    outer loop
      vertex -2.500000e-001 -4.958673e-001 -4.344848e-001
      vertex  2.500000e-001 -4.914215e-001 -4.491406e-001
      vertex  2.500000e-001 -4.958673e-001 -4.344848e-001
    endloop
  endfacet
  facet normal  -0.000000e+000 -9.951847e-001 -9.801680e-002
    outer loop
      vertex -2.500000e-001 -4.958673e-001 -4.344848e-001
      vertex  2.500000e-001 -4.958673e-001 -4.344848e-001
      vertex -2.500000e-001 -4.973684e-001 -4.192434e-001
    endloop
  endfacet
  facet normal  0.000000e+000 -9.951847e-001 -9.801680e-002
    outer loop
      vertex -2.500000e-001 -4.973684e-001 -4.192434e-001
      vertex  2.500000e-001 -4.958673e-001 -4.344848e-001
      vertex  2.500000e-001 -4.973684e-001 -4.192434e-001
    endloop
  endfacet
  facet normal  -0.000000e+000  0.000000e+000  1.000000e+000
    outer loop
      vertex  2.500000e-001  4.973684e-001  4.973684e-001
      vertex -2.500000e-001  4.973684e-001  4.973684e-001
      vertex  2.500000e-001 -4.973684e-001  4.973684e-001
    endloop
  endfacet
  facet normal  0.000000e+000  0.000000e+000  1.000000e+000
    outer loop
      vertex  2.500000e-001 -4.973684e-001  4.973684e-001
      vertex -2.500000e-001  4.973684e-001  4.973684e-001
      vertex -2.500000e-001 -4.973684e-001  4.973684e-001
    endloop
  endfacet
  facet normal  0.000000e+000  1.000000e+000  0.000000e+000
    outer loop
      vertex  2.500000e-001  4.973684e-001 -4.973684e-001
      vertex -2.500000e-001  4.973684e-001 -4.973684e-001
      vertex  2.500000e-001  4.973684e-001  4.973684e-001
    endloop
  endfacet
  facet normal  0.000000e+000  1.000000e+000  0.000000e+000
    outer loop
      vertex  2.500000e-001  4.973684e-001  4.973684e-001
      vertex -2.500000e-001  4.973684e-001 -4.973684e-001
      vertex -2.500000e-001  4.973684e-001  4.973684e-001
    endloop
  endfacet
endsolid CATIA STL
