solid CATIA STL
  facet normal  0.000000e+000  0.000000e+000  1.000000e+000
    outer loop
      vertex  2.343750e-001  1.796875e-001  4.687500e-001
      vertex  2.333242e-001  1.903565e-001  4.687500e-001
      vertex  2.302122e-001  2.006155e-001  4.687500e-001
    endloop
  endfacet
  facet normal  0.000000e+000  0.000000e+000  1.000000e+000
    outer loop
      vertex  2.343750e-001  1.796875e-001  4.687500e-001
      vertex  2.302122e-001  2.006155e-001  4.687500e-001
      vertex  2.251585e-001  2.100703e-001  4.687500e-001
    endloop
  endfacet
  facet normal  0.000000e+000  0.000000e+000  1.000000e+000
    outer loop
      vertex  2.343750e-001  1.796875e-001  4.687500e-001
      vertex  2.251585e-001  2.100703e-001  4.687500e-001
      vertex  2.183574e-001  2.183574e-001  4.687500e-001
    endloop
  endfacet
  facet normal  0.000000e+000  0.000000e+000  1.000000e+000
    outer loop
      vertex  2.343750e-001  1.796875e-001  4.687500e-001
      vertex  2.183574e-001  2.183574e-001  4.687500e-001
      vertex  2.100703e-001  2.251585e-001  4.687500e-001
    endloop
  endfacet
  facet normal  0.000000e+000  0.000000e+000  1.000000e+000
    outer loop
      vertex  2.343750e-001  1.796875e-001  4.687500e-001
      vertex  2.100703e-001  2.251585e-001  4.687500e-001
      vertex  2.006155e-001  2.302122e-001  4.687500e-001
    endloop
  endfacet
  facet normal  0.000000e+000  0.000000e+000  1.000000e+000
    outer loop
      vertex  2.343750e-001  1.796875e-001  4.687500e-001
      vertex  2.006155e-001  2.302122e-001  4.687500e-001
      vertex  1.903565e-001  2.333242e-001  4.687500e-001
    endloop
  endfacet
  facet normal  0.000000e+000  0.000000e+000  1.000000e+000
    outer loop
      vertex  2.343750e-001  1.796875e-001  4.687500e-001
      vertex  1.903565e-001  2.333242e-001  4.687500e-001
      vertex  1.796875e-001  2.343750e-001  4.687500e-001
    endloop
  endfacet
  facet normal  0.000000e+000  0.000000e+000  1.000000e+000
    outer loop
      vertex  2.343750e-001  1.796875e-001  4.687500e-001
      vertex  1.796875e-001  2.343750e-001  4.687500e-001
      vertex  1.406250e-001  1.406250e-001  4.687500e-001
    endloop
  endfacet
  facet normal  -0.000000e+000  0.000000e+000  1.000000e+000
    outer loop
      vertex  2.343750e-001  1.796875e-001  4.687500e-001
      vertex  1.406250e-001  1.406250e-001  4.687500e-001
      vertex  1.406250e-001 -1.406250e-001  4.687500e-001
    endloop
  endfacet
  facet normal  -0.000000e+000  0.000000e+000  9.999999e-001
    outer loop
      vertex  2.343750e-001  1.796875e-001  4.687500e-001
      vertex  1.406250e-001 -1.406250e-001  4.687500e-001
      vertex  2.343750e-001 -2.343750e-001  4.687500e-001
    endloop
  endfacet
  facet normal  0.000000e+000  0.000000e+000  1.000000e+000
    outer loop
      vertex  2.343750e-001 -2.343750e-001  4.687500e-001
      vertex  1.406250e-001 -1.406250e-001  4.687500e-001
      vertex -2.343750e-001 -2.343750e-001  4.687500e-001
    endloop
  endfacet
  facet normal  0.000000e+000  0.000000e+000  1.000000e+000
    outer loop
      vertex -2.343750e-001 -2.343750e-001  4.687500e-001
      vertex  1.406250e-001 -1.406250e-001  4.687500e-001
      vertex -1.406250e-001 -1.406250e-001  4.687500e-001
    endloop
  endfacet
  facet normal  0.000000e+000  0.000000e+000  1.000000e+000
    outer loop
      vertex -2.343750e-001 -2.343750e-001  4.687500e-001
      vertex -1.406250e-001 -1.406250e-001  4.687500e-001
      vertex -2.343750e-001  2.343750e-001  4.687500e-001
    endloop
  endfacet
  facet normal  0.000000e+000  0.000000e+000  1.000000e+000
    outer loop
      vertex -2.343750e-001  2.343750e-001  4.687500e-001
      vertex -1.406250e-001 -1.406250e-001  4.687500e-001
      vertex -1.406250e-001  1.406250e-001  4.687500e-001
    endloop
  endfacet
  facet normal  0.000000e+000  -0.000000e+000  9.999999e-001
    outer loop
      vertex -2.343750e-001  2.343750e-001  4.687500e-001
      vertex -1.406250e-001  1.406250e-001  4.687500e-001
      vertex  1.796875e-001  2.343750e-001  4.687500e-001
    endloop
  endfacet
  facet normal  0.000000e+000  0.000000e+000  1.000000e+000
    outer loop
      vertex  1.796875e-001  2.343750e-001  4.687500e-001
      vertex -1.406250e-001  1.406250e-001  4.687500e-001
      vertex  1.406250e-001  1.406250e-001  4.687500e-001
    endloop
  endfacet
  facet normal -1.000000e+000  0.000000e+000  0.000000e+000
    outer loop
      vertex -1.406250e-001  1.406250e-001  4.687500e-001
      vertex -1.406250e-001 -1.406250e-001  4.687500e-001
      vertex -1.406250e-001  1.406250e-001  7.500000e-001
    endloop
  endfacet
  facet normal -1.000000e+000  -0.000000e+000  0.000000e+000
    outer loop
      vertex -1.406250e-001  1.406250e-001  7.500000e-001
      vertex -1.406250e-001 -1.406250e-001  4.687500e-001
      vertex -1.406250e-001 -1.406250e-001  7.500000e-001
    endloop
  endfacet
  facet normal  0.000000e+000  1.000000e+000  0.000000e+000
    outer loop
      vertex  1.406250e-001  1.406250e-001  4.687500e-001
      vertex -1.406250e-001  1.406250e-001  4.687500e-001
      vertex  1.406250e-001  1.406250e-001  7.500000e-001
    endloop
  endfacet
  facet normal  0.000000e+000  1.000000e+000  0.000000e+000
    outer loop
      vertex  1.406250e-001  1.406250e-001  7.500000e-001
      vertex -1.406250e-001  1.406250e-001  4.687500e-001
      vertex -1.406250e-001  1.406250e-001  7.500000e-001
    endloop
  endfacet
  facet normal  1.000000e+000  0.000000e+000  0.000000e+000
    outer loop
      vertex  1.406250e-001 -1.406250e-001  4.687500e-001
      vertex  1.406250e-001  1.406250e-001  4.687500e-001
      vertex  1.406250e-001 -1.406250e-001  7.500000e-001
    endloop
  endfacet
  facet normal  1.000000e+000  -0.000000e+000  0.000000e+000
    outer loop
      vertex  1.406250e-001 -1.406250e-001  7.500000e-001
      vertex  1.406250e-001  1.406250e-001  4.687500e-001
      vertex  1.406250e-001  1.406250e-001  7.500000e-001
    endloop
  endfacet
  facet normal  0.000000e+000 -1.000000e+000  0.000000e+000
    outer loop
      vertex -1.406250e-001 -1.406250e-001  4.687500e-001
      vertex  1.406250e-001 -1.406250e-001  4.687500e-001
      vertex -1.406250e-001 -1.406250e-001  7.500000e-001
    endloop
  endfacet
  facet normal  0.000000e+000 -1.000000e+000  0.000000e+000
    outer loop
      vertex -1.406250e-001 -1.406250e-001  7.500000e-001
      vertex  1.406250e-001 -1.406250e-001  4.687500e-001
      vertex  1.406250e-001 -1.406250e-001  7.500000e-001
    endloop
  endfacet
  facet normal  0.000000e+000  0.000000e+000  1.000000e+000
    outer loop
      vertex -1.406250e-001 -1.406250e-001  7.500000e-001
      vertex  1.406250e-001 -1.406250e-001  7.500000e-001
      vertex -1.406250e-001  1.406250e-001  7.500000e-001
    endloop
  endfacet
  facet normal  -0.000000e+000  0.000000e+000  1.000000e+000
    outer loop
      vertex -1.406250e-001  1.406250e-001  7.500000e-001
      vertex  1.406250e-001 -1.406250e-001  7.500000e-001
      vertex  1.406250e-001  1.406250e-001  7.500000e-001
    endloop
  endfacet
  facet normal  0.000000e+000  0.000000e+000 -1.000000e+000
    outer loop
      vertex  1.903565e-001  2.333242e-001  0.000000e+000
      vertex  2.006155e-001  2.302122e-001  0.000000e+000
      vertex  1.796875e-001  2.343750e-001  0.000000e+000
    endloop
  endfacet
  facet normal  -0.000000e+000  -0.000000e+000 -1.000000e+000
    outer loop
      vertex -2.343750e-001  2.343750e-001  0.000000e+000
      vertex  1.796875e-001  2.343750e-001  0.000000e+000
      vertex  2.006155e-001  2.302122e-001  0.000000e+000
    endloop
  endfacet
  facet normal  -0.000000e+000  -0.000000e+000 -1.000000e+000
    outer loop
      vertex -2.343750e-001  2.343750e-001  0.000000e+000
      vertex  2.006155e-001  2.302122e-001  0.000000e+000
      vertex  2.100703e-001  2.251585e-001  0.000000e+000
    endloop
  endfacet
  facet normal  -0.000000e+000  -0.000000e+000 -1.000000e+000
    outer loop
      vertex -2.343750e-001  2.343750e-001  0.000000e+000
      vertex  2.100703e-001  2.251585e-001  0.000000e+000
      vertex  2.183574e-001  2.183574e-001  0.000000e+000
    endloop
  endfacet
  facet normal  -0.000000e+000  -0.000000e+000 -1.000000e+000
    outer loop
      vertex -2.343750e-001  2.343750e-001  0.000000e+000
      vertex  2.183574e-001  2.183574e-001  0.000000e+000
      vertex  2.251585e-001  2.100703e-001  0.000000e+000
    endloop
  endfacet
  facet normal  -0.000000e+000  -0.000000e+000 -1.000000e+000
    outer loop
      vertex -2.343750e-001  2.343750e-001  0.000000e+000
      vertex  2.251585e-001  2.100703e-001  0.000000e+000
      vertex  2.302122e-001  2.006155e-001  0.000000e+000
    endloop
  endfacet
  facet normal  -0.000000e+000  -0.000000e+000 -1.000000e+000
    outer loop
      vertex -2.343750e-001  2.343750e-001  0.000000e+000
      vertex  2.302122e-001  2.006155e-001  0.000000e+000
      vertex  2.333242e-001  1.903565e-001  0.000000e+000
    endloop
  endfacet
  facet normal  -0.000000e+000  -0.000000e+000 -1.000000e+000
    outer loop
      vertex -2.343750e-001  2.343750e-001  0.000000e+000
      vertex  2.333242e-001  1.903565e-001  0.000000e+000
      vertex  2.343750e-001  1.796875e-001  0.000000e+000
    endloop
  endfacet
  facet normal  -0.000000e+000  -0.000000e+000 -1.000000e+000
    outer loop
      vertex -2.343750e-001  2.343750e-001  0.000000e+000
      vertex  2.343750e-001  1.796875e-001  0.000000e+000
      vertex  2.343750e-001 -2.343750e-001  0.000000e+000
    endloop
  endfacet
  facet normal  0.000000e+000  0.000000e+000 -1.000000e+000
    outer loop
      vertex -2.343750e-001  2.343750e-001  0.000000e+000
      vertex  2.343750e-001 -2.343750e-001  0.000000e+000
      vertex -2.343750e-001 -2.343750e-001  0.000000e+000
    endloop
  endfacet
  facet normal  0.000000e+000  1.000000e+000  0.000000e+000
    outer loop
      vertex  1.796875e-001  2.343750e-001  0.000000e+000
      vertex -2.343750e-001  2.343750e-001  0.000000e+000
      vertex  1.796875e-001  2.343750e-001  4.687500e-001
    endloop
  endfacet
  facet normal  0.000000e+000  1.000000e+000  0.000000e+000
    outer loop
      vertex  1.796875e-001  2.343750e-001  4.687500e-001
      vertex -2.343750e-001  2.343750e-001  0.000000e+000
      vertex -2.343750e-001  2.343750e-001  4.687500e-001
    endloop
  endfacet
  facet normal  1.000000e+000  0.000000e+000  0.000000e+000
    outer loop
      vertex  2.343750e-001 -2.343750e-001  0.000000e+000
      vertex  2.343750e-001  1.796875e-001  0.000000e+000
      vertex  2.343750e-001 -2.343750e-001  4.687500e-001
    endloop
  endfacet
  facet normal  1.000000e+000  -0.000000e+000  0.000000e+000
    outer loop
      vertex  2.343750e-001 -2.343750e-001  4.687500e-001
      vertex  2.343750e-001  1.796875e-001  0.000000e+000
      vertex  2.343750e-001  1.796875e-001  4.687500e-001
    endloop
  endfacet
  facet normal  9.801663e-002  9.951847e-001  0.000000e+000
    outer loop
      vertex  1.796875e-001  2.343750e-001  0.000000e+000
      vertex  1.796875e-001  2.343750e-001  4.687500e-001
      vertex  1.903565e-001  2.333242e-001  0.000000e+000
    endloop
  endfacet
  facet normal  9.801663e-002  9.951847e-001  -0.000000e+000
    outer loop
      vertex  1.903565e-001  2.333242e-001  0.000000e+000
      vertex  1.796875e-001  2.343750e-001  4.687500e-001
      vertex  1.903565e-001  2.333242e-001  4.687500e-001
    endloop
  endfacet
  facet normal  2.902849e-001  9.569402e-001  0.000000e+000
    outer loop
      vertex  1.903565e-001  2.333242e-001  0.000000e+000
      vertex  1.903565e-001  2.333242e-001  4.687500e-001
      vertex  2.006155e-001  2.302122e-001  0.000000e+000
    endloop
  endfacet
  facet normal  2.902849e-001  9.569402e-001  -0.000000e+000
    outer loop
      vertex  2.006155e-001  2.302122e-001  0.000000e+000
      vertex  1.903565e-001  2.333242e-001  4.687500e-001
      vertex  2.006155e-001  2.302122e-001  4.687500e-001
    endloop
  endfacet
  facet normal  4.713964e-001  8.819214e-001  0.000000e+000
    outer loop
      vertex  2.006155e-001  2.302122e-001  0.000000e+000
      vertex  2.006155e-001  2.302122e-001  4.687500e-001
      vertex  2.100703e-001  2.251585e-001  0.000000e+000
    endloop
  endfacet
  facet normal  4.713964e-001  8.819214e-001  -0.000000e+000
    outer loop
      vertex  2.100703e-001  2.251585e-001  0.000000e+000
      vertex  2.006155e-001  2.302122e-001  4.687500e-001
      vertex  2.100703e-001  2.251585e-001  4.687500e-001
    endloop
  endfacet
  facet normal  6.343940e-001  7.730098e-001  0.000000e+000
    outer loop
      vertex  2.100703e-001  2.251585e-001  0.000000e+000
      vertex  2.100703e-001  2.251585e-001  4.687500e-001
      vertex  2.183574e-001  2.183574e-001  0.000000e+000
    endloop
  endfacet
  facet normal  6.343940e-001  7.730098e-001  -0.000000e+000
    outer loop
      vertex  2.183574e-001  2.183574e-001  0.000000e+000
      vertex  2.100703e-001  2.251585e-001  4.687500e-001
      vertex  2.183574e-001  2.183574e-001  4.687500e-001
    endloop
  endfacet
  facet normal  7.730098e-001  6.343940e-001  0.000000e+000
    outer loop
      vertex  2.183574e-001  2.183574e-001  0.000000e+000
      vertex  2.183574e-001  2.183574e-001  4.687500e-001
      vertex  2.251585e-001  2.100703e-001  0.000000e+000
    endloop
  endfacet
  facet normal  7.730098e-001  6.343940e-001  -0.000000e+000
    outer loop
      vertex  2.251585e-001  2.100703e-001  0.000000e+000
      vertex  2.183574e-001  2.183574e-001  4.687500e-001
      vertex  2.251585e-001  2.100703e-001  4.687500e-001
    endloop
  endfacet
  facet normal  8.819214e-001  4.713964e-001  0.000000e+000
    outer loop
      vertex  2.251585e-001  2.100703e-001  0.000000e+000
      vertex  2.251585e-001  2.100703e-001  4.687500e-001
      vertex  2.302122e-001  2.006155e-001  0.000000e+000
    endloop
  endfacet
  facet normal  8.819214e-001  4.713964e-001  -0.000000e+000
    outer loop
      vertex  2.302122e-001  2.006155e-001  0.000000e+000
      vertex  2.251585e-001  2.100703e-001  4.687500e-001
      vertex  2.302122e-001  2.006155e-001  4.687500e-001
    endloop
  endfacet
  facet normal  9.569402e-001  2.902849e-001  0.000000e+000
    outer loop
      vertex  2.302122e-001  2.006155e-001  0.000000e+000
      vertex  2.302122e-001  2.006155e-001  4.687500e-001
      vertex  2.333242e-001  1.903565e-001  0.000000e+000
    endloop
  endfacet
  facet normal  9.569402e-001  2.902849e-001  -0.000000e+000
    outer loop
      vertex  2.333242e-001  1.903565e-001  0.000000e+000
      vertex  2.302122e-001  2.006155e-001  4.687500e-001
      vertex  2.333242e-001  1.903565e-001  4.687500e-001
    endloop
  endfacet
  facet normal  9.951847e-001  9.801663e-002  0.000000e+000
    outer loop
      vertex  2.333242e-001  1.903565e-001  0.000000e+000
      vertex  2.333242e-001  1.903565e-001  4.687500e-001
      vertex  2.343750e-001  1.796875e-001  0.000000e+000
    endloop
  endfacet
  facet normal  9.951847e-001  9.801663e-002  -0.000000e+000
    outer loop
      vertex  2.343750e-001  1.796875e-001  0.000000e+000
      vertex  2.333242e-001  1.903565e-001  4.687500e-001
      vertex  2.343750e-001  1.796875e-001  4.687500e-001
    endloop
  endfacet
  facet normal -1.000000e+000  0.000000e+000  0.000000e+000
    outer loop
      vertex -2.343750e-001  2.343750e-001  0.000000e+000
      vertex -2.343750e-001 -2.343750e-001  0.000000e+000
      vertex -2.343750e-001  2.343750e-001  4.687500e-001
    endloop
  endfacet
  facet normal -1.000000e+000  -0.000000e+000  0.000000e+000
    outer loop
      vertex -2.343750e-001  2.343750e-001  4.687500e-001
      vertex -2.343750e-001 -2.343750e-001  0.000000e+000
      vertex -2.343750e-001 -2.343750e-001  4.687500e-001
    endloop
  endfacet
  facet normal  0.000000e+000 -1.000000e+000  0.000000e+000
    outer loop
      vertex -2.343750e-001 -2.343750e-001  0.000000e+000
      vertex  2.343750e-001 -2.343750e-001  0.000000e+000
      vertex -2.343750e-001 -2.343750e-001  4.687500e-001
    endloop
  endfacet
  facet normal  0.000000e+000 -1.000000e+000  0.000000e+000
    outer loop
      vertex -2.343750e-001 -2.343750e-001  4.687500e-001
      vertex  2.343750e-001 -2.343750e-001  0.000000e+000
      vertex  2.343750e-001 -2.343750e-001  4.687500e-001
    endloop
  endfacet
endsolid CATIA STL
