solid CATIA STL
  facet normal  -0.000000e+000  -0.000000e+000  9.999999e-001
    outer loop
      vertex  0.000000e+000  7.031250e-002  7.812500e-003
      vertex  1.351035e-003  5.659521e-002  7.812500e-003
      vertex  5.352220e-003  4.340507e-002  7.812500e-003
    endloop
  endfacet
  facet normal  -0.000000e+000  -0.000000e+000  1.000000e+000
    outer loop
      vertex  0.000000e+000  7.031250e-002  7.812500e-003
      vertex  5.352220e-003  4.340507e-002  7.812500e-003
      vertex  1.184979e-002  3.124897e-002  7.812500e-003
    endloop
  endfacet
  facet normal  -0.000000e+000  -0.000000e+000  9.999999e-001
    outer loop
      vertex  0.000000e+000  7.031250e-002  7.812500e-003
      vertex  1.184979e-002  3.124897e-002  7.812500e-003
      vertex  2.059405e-002  2.059405e-002  7.812500e-003
    endloop
  endfacet
  facet normal  -0.000000e+000  -0.000000e+000  1.000000e+000
    outer loop
      vertex  0.000000e+000  7.031250e-002  7.812500e-003
      vertex  2.059405e-002  2.059405e-002  7.812500e-003
      vertex  3.124897e-002  1.184979e-002  7.812500e-003
    endloop
  endfacet
  facet normal  -0.000000e+000  -0.000000e+000  1.000000e+000
    outer loop
      vertex  0.000000e+000  7.031250e-002  7.812500e-003
      vertex  3.124897e-002  1.184979e-002  7.812500e-003
      vertex  4.340507e-002  5.352220e-003  7.812500e-003
    endloop
  endfacet
  facet normal  -0.000000e+000  -0.000000e+000  1.000000e+000
    outer loop
      vertex  0.000000e+000  7.031250e-002  7.812500e-003
      vertex  4.340507e-002  5.352220e-003  7.812500e-003
      vertex  5.659521e-002  1.351035e-003  7.812500e-003
    endloop
  endfacet
  facet normal  -0.000000e+000  -0.000000e+000  1.000000e+000
    outer loop
      vertex  0.000000e+000  7.031250e-002  7.812500e-003
      vertex  5.659521e-002  1.351035e-003  7.812500e-003
      vertex  7.031250e-002  0.000000e+000  7.812500e-003
    endloop
  endfacet
  facet normal  0.000000e+000  -0.000000e+000  1.000000e+000
    outer loop
      vertex  0.000000e+000  7.031250e-002  7.812500e-003
      vertex  7.031250e-002  0.000000e+000  7.812500e-003
      vertex  7.500000e-001  0.000000e+000  7.812500e-003
    endloop
  endfacet
  facet normal  0.000000e+000  -0.000000e+000  1.000000e+000
    outer loop
      vertex  0.000000e+000  7.031250e-002  7.812500e-003
      vertex  7.500000e-001  0.000000e+000  7.812500e-003
      vertex  7.500000e-001  4.815789e-001  7.812500e-003
    endloop
  endfacet
  facet normal  0.000000e+000  0.000000e+000  1.000000e+000
    outer loop
      vertex  0.000000e+000  7.031250e-002  7.812500e-003
      vertex  7.500000e-001  4.815789e-001  7.812500e-003
      vertex  0.000000e+000  4.815789e-001  7.812500e-003
    endloop
  endfacet
  facet normal  0.000000e+000  0.000000e+000 -1.000000e+000
    outer loop
      vertex  0.000000e+000  7.031250e-002  0.000000e+000
      vertex  0.000000e+000  4.815789e-001  0.000000e+000
      vertex  7.500000e-001  4.815789e-001  0.000000e+000
    endloop
  endfacet
  facet normal  0.000000e+000  -0.000000e+000 -1.000000e+000
    outer loop
      vertex  0.000000e+000  7.031250e-002  0.000000e+000
      vertex  7.500000e-001  4.815789e-001  0.000000e+000
      vertex  7.500000e-001  0.000000e+000  0.000000e+000
    endloop
  endfacet
  facet normal  0.000000e+000  0.000000e+000 -1.000000e+000
    outer loop
      vertex  0.000000e+000  7.031250e-002  0.000000e+000
      vertex  7.500000e-001  0.000000e+000  0.000000e+000
      vertex  7.031250e-002  0.000000e+000  0.000000e+000
    endloop
  endfacet
  facet normal  0.000000e+000  0.000000e+000 -1.000000e+000
    outer loop
      vertex  0.000000e+000  7.031250e-002  0.000000e+000
      vertex  7.031250e-002  0.000000e+000  0.000000e+000
      vertex  5.659521e-002  1.351035e-003  0.000000e+000
    endloop
  endfacet
  facet normal  0.000000e+000  0.000000e+000 -1.000000e+000
    outer loop
      vertex  0.000000e+000  7.031250e-002  0.000000e+000
      vertex  5.659521e-002  1.351035e-003  0.000000e+000
      vertex  4.340507e-002  5.352220e-003  0.000000e+000
    endloop
  endfacet
  facet normal  0.000000e+000  0.000000e+000 -1.000000e+000
    outer loop
      vertex  0.000000e+000  7.031250e-002  0.000000e+000
      vertex  4.340507e-002  5.352220e-003  0.000000e+000
      vertex  3.124897e-002  1.184979e-002  0.000000e+000
    endloop
  endfacet
  facet normal  0.000000e+000  0.000000e+000 -1.000000e+000
    outer loop
      vertex  0.000000e+000  7.031250e-002  0.000000e+000
      vertex  3.124897e-002  1.184979e-002  0.000000e+000
      vertex  2.059405e-002  2.059405e-002  0.000000e+000
    endloop
  endfacet
  facet normal  0.000000e+000  0.000000e+000 -1.000000e+000
    outer loop
      vertex  0.000000e+000  7.031250e-002  0.000000e+000
      vertex  2.059405e-002  2.059405e-002  0.000000e+000
      vertex  1.184979e-002  3.124897e-002  0.000000e+000
    endloop
  endfacet
  facet normal  0.000000e+000  0.000000e+000 -1.000000e+000
    outer loop
      vertex  0.000000e+000  7.031250e-002  0.000000e+000
      vertex  1.184979e-002  3.124897e-002  0.000000e+000
      vertex  5.352220e-003  4.340507e-002  0.000000e+000
    endloop
  endfacet
  facet normal  0.000000e+000  0.000000e+000 -1.000000e+000
    outer loop
      vertex  0.000000e+000  7.031250e-002  0.000000e+000
      vertex  5.352220e-003  4.340507e-002  0.000000e+000
      vertex  1.351035e-003  5.659521e-002  0.000000e+000
    endloop
  endfacet
  facet normal -1.000000e+000  0.000000e+000  0.000000e+000
    outer loop
      vertex  0.000000e+000  4.815789e-001  7.812500e-003
      vertex  0.000000e+000  4.815789e-001  0.000000e+000
      vertex  0.000000e+000  7.031250e-002  7.812500e-003
    endloop
  endfacet
  facet normal -1.000000e+000  0.000000e+000  0.000000e+000
    outer loop
      vertex  0.000000e+000  7.031250e-002  7.812500e-003
      vertex  0.000000e+000  4.815789e-001  0.000000e+000
      vertex  0.000000e+000  7.031250e-002  0.000000e+000
    endloop
  endfacet
  facet normal  0.000000e+000 -1.000000e+000  0.000000e+000
    outer loop
      vertex  7.031250e-002  0.000000e+000  7.812500e-003
      vertex  7.031250e-002  0.000000e+000  0.000000e+000
      vertex  7.500000e-001  0.000000e+000  7.812500e-003
    endloop
  endfacet
  facet normal  0.000000e+000 -1.000000e+000  -0.000000e+000
    outer loop
      vertex  7.500000e-001  0.000000e+000  7.812500e-003
      vertex  7.031250e-002  0.000000e+000  0.000000e+000
      vertex  7.500000e-001  0.000000e+000  0.000000e+000
    endloop
  endfacet
  facet normal -9.801713e-002 -9.951847e-001  -0.000000e+000
    outer loop
      vertex  7.031250e-002  0.000000e+000  0.000000e+000
      vertex  7.031250e-002  0.000000e+000  7.812500e-003
      vertex  5.659521e-002  1.351035e-003  0.000000e+000
    endloop
  endfacet
  facet normal -9.801713e-002 -9.951847e-001  0.000000e+000
    outer loop
      vertex  5.659521e-002  1.351035e-003  0.000000e+000
      vertex  7.031250e-002  0.000000e+000  7.812500e-003
      vertex  5.659521e-002  1.351035e-003  7.812500e-003
    endloop
  endfacet
  facet normal -2.902847e-001 -9.569403e-001  -0.000000e+000
    outer loop
      vertex  5.659521e-002  1.351035e-003  0.000000e+000
      vertex  5.659521e-002  1.351035e-003  7.812500e-003
      vertex  4.340507e-002  5.352220e-003  0.000000e+000
    endloop
  endfacet
  facet normal -2.902847e-001 -9.569403e-001  0.000000e+000
    outer loop
      vertex  4.340507e-002  5.352220e-003  0.000000e+000
      vertex  5.659521e-002  1.351035e-003  7.812500e-003
      vertex  4.340507e-002  5.352220e-003  7.812500e-003
    endloop
  endfacet
  facet normal -4.713967e-001 -8.819213e-001  -0.000000e+000
    outer loop
      vertex  4.340507e-002  5.352220e-003  0.000000e+000
      vertex  4.340507e-002  5.352220e-003  7.812500e-003
      vertex  3.124897e-002  1.184979e-002  0.000000e+000
    endloop
  endfacet
  facet normal -4.713967e-001 -8.819213e-001  0.000000e+000
    outer loop
      vertex  3.124897e-002  1.184979e-002  0.000000e+000
      vertex  4.340507e-002  5.352220e-003  7.812500e-003
      vertex  3.124897e-002  1.184979e-002  7.812500e-003
    endloop
  endfacet
  facet normal -6.343933e-001 -7.730104e-001  -0.000000e+000
    outer loop
      vertex  3.124897e-002  1.184979e-002  0.000000e+000
      vertex  3.124897e-002  1.184979e-002  7.812500e-003
      vertex  2.059405e-002  2.059405e-002  0.000000e+000
    endloop
  endfacet
  facet normal -6.343933e-001 -7.730104e-001  0.000000e+000
    outer loop
      vertex  2.059405e-002  2.059405e-002  0.000000e+000
      vertex  3.124897e-002  1.184979e-002  7.812500e-003
      vertex  2.059405e-002  2.059405e-002  7.812500e-003
    endloop
  endfacet
  facet normal -7.730104e-001 -6.343933e-001  -0.000000e+000
    outer loop
      vertex  2.059405e-002  2.059405e-002  0.000000e+000
      vertex  2.059405e-002  2.059405e-002  7.812500e-003
      vertex  1.184979e-002  3.124897e-002  0.000000e+000
    endloop
  endfacet
  facet normal -7.730104e-001 -6.343933e-001  0.000000e+000
    outer loop
      vertex  1.184979e-002  3.124897e-002  0.000000e+000
      vertex  2.059405e-002  2.059405e-002  7.812500e-003
      vertex  1.184979e-002  3.124897e-002  7.812500e-003
    endloop
  endfacet
  facet normal -8.819213e-001 -4.713967e-001  -0.000000e+000
    outer loop
      vertex  1.184979e-002  3.124897e-002  0.000000e+000
      vertex  1.184979e-002  3.124897e-002  7.812500e-003
      vertex  5.352220e-003  4.340507e-002  0.000000e+000
    endloop
  endfacet
  facet normal -8.819213e-001 -4.713967e-001  0.000000e+000
    outer loop
      vertex  5.352220e-003  4.340507e-002  0.000000e+000
      vertex  1.184979e-002  3.124897e-002  7.812500e-003
      vertex  5.352220e-003  4.340507e-002  7.812500e-003
    endloop
  endfacet
  facet normal -9.569403e-001 -2.902847e-001  -0.000000e+000
    outer loop
      vertex  5.352220e-003  4.340507e-002  0.000000e+000
      vertex  5.352220e-003  4.340507e-002  7.812500e-003
      vertex  1.351035e-003  5.659521e-002  0.000000e+000
    endloop
  endfacet
  facet normal -9.569403e-001 -2.902847e-001  0.000000e+000
    outer loop
      vertex  1.351035e-003  5.659521e-002  0.000000e+000
      vertex  5.352220e-003  4.340507e-002  7.812500e-003
      vertex  1.351035e-003  5.659521e-002  7.812500e-003
    endloop
  endfacet
  facet normal -9.951847e-001 -9.801713e-002  -0.000000e+000
    outer loop
      vertex  1.351035e-003  5.659521e-002  0.000000e+000
      vertex  1.351035e-003  5.659521e-002  7.812500e-003
      vertex  0.000000e+000  7.031250e-002  0.000000e+000
    endloop
  endfacet
  facet normal -9.951847e-001 -9.801713e-002  0.000000e+000
    outer loop
      vertex  0.000000e+000  7.031250e-002  0.000000e+000
      vertex  1.351035e-003  5.659521e-002  7.812500e-003
      vertex  0.000000e+000  7.031250e-002  7.812500e-003
    endloop
  endfacet
  facet normal  0.000000e+000  1.000000e+000  -0.000000e+000
    outer loop
      vertex  7.500000e-001  4.815789e-001  7.812500e-003
      vertex  7.500000e-001  4.815789e-001  0.000000e+000
      vertex  0.000000e+000  4.815789e-001  7.812500e-003
    endloop
  endfacet
  facet normal  0.000000e+000  1.000000e+000  0.000000e+000
    outer loop
      vertex  0.000000e+000  4.815789e-001  7.812500e-003
      vertex  7.500000e-001  4.815789e-001  0.000000e+000
      vertex  0.000000e+000  4.815789e-001  0.000000e+000
    endloop
  endfacet
  facet normal  1.000000e+000  0.000000e+000  0.000000e+000
    outer loop
      vertex  7.500000e-001  0.000000e+000  7.812500e-003
      vertex  7.500000e-001  0.000000e+000  0.000000e+000
      vertex  7.500000e-001  4.815789e-001  7.812500e-003
    endloop
  endfacet
  facet normal  1.000000e+000  0.000000e+000  0.000000e+000
    outer loop
      vertex  7.500000e-001  4.815789e-001  7.812500e-003
      vertex  7.500000e-001  0.000000e+000  0.000000e+000
      vertex  7.500000e-001  4.815789e-001  0.000000e+000
    endloop
  endfacet
endsolid CATIA STL
