solid CATIA STL
  facet normal  0.000000e+000  0.000000e+000  1.000000e+000
    outer loop
      vertex  0.000000e+000  7.500000e-001  1.562500e-002
      vertex  0.000000e+000  0.000000e+000  1.562500e-002
      vertex  7.500000e-001  0.000000e+000  1.562500e-002
    endloop
  endfacet
  facet normal  0.000000e+000  -0.000000e+000  1.000000e+000
    outer loop
      vertex  0.000000e+000  7.500000e-001  1.562500e-002
      vertex  7.500000e-001  0.000000e+000  1.562500e-002
      vertex  7.500000e-001  6.640625e-001  1.562500e-002
    endloop
  endfacet
  facet normal  0.000000e+000  0.000000e+000  1.000000e+000
    outer loop
      vertex  0.000000e+000  7.500000e-001  1.562500e-002
      vertex  7.500000e-001  6.640625e-001  1.562500e-002
      vertex  7.483487e-001  6.808281e-001  1.562500e-002
    endloop
  endfacet
  facet normal  0.000000e+000  0.000000e+000  1.000000e+000
    outer loop
      vertex  0.000000e+000  7.500000e-001  1.562500e-002
      vertex  7.483487e-001  6.808281e-001  1.562500e-002
      vertex  7.434584e-001  6.969494e-001  1.562500e-002
    endloop
  endfacet
  facet normal  0.000000e+000  0.000000e+000  1.000000e+000
    outer loop
      vertex  0.000000e+000  7.500000e-001  1.562500e-002
      vertex  7.434584e-001  6.969494e-001  1.562500e-002
      vertex  7.355169e-001  7.118068e-001  1.562500e-002
    endloop
  endfacet
  facet normal  0.000000e+000  0.000000e+000  1.000000e+000
    outer loop
      vertex  0.000000e+000  7.500000e-001  1.562500e-002
      vertex  7.355169e-001  7.118068e-001  1.562500e-002
      vertex  7.248295e-001  7.248295e-001  1.562500e-002
    endloop
  endfacet
  facet normal  0.000000e+000  0.000000e+000  1.000000e+000
    outer loop
      vertex  0.000000e+000  7.500000e-001  1.562500e-002
      vertex  7.248295e-001  7.248295e-001  1.562500e-002
      vertex  7.118068e-001  7.355169e-001  1.562500e-002
    endloop
  endfacet
  facet normal  0.000000e+000  0.000000e+000  1.000000e+000
    outer loop
      vertex  0.000000e+000  7.500000e-001  1.562500e-002
      vertex  7.118068e-001  7.355169e-001  1.562500e-002
      vertex  6.969494e-001  7.434584e-001  1.562500e-002
    endloop
  endfacet
  facet normal  0.000000e+000  0.000000e+000  1.000000e+000
    outer loop
      vertex  0.000000e+000  7.500000e-001  1.562500e-002
      vertex  6.969494e-001  7.434584e-001  1.562500e-002
      vertex  6.808281e-001  7.483487e-001  1.562500e-002
    endloop
  endfacet
  facet normal  0.000000e+000  0.000000e+000  1.000000e+000
    outer loop
      vertex  0.000000e+000  7.500000e-001  1.562500e-002
      vertex  6.808281e-001  7.483487e-001  1.562500e-002
      vertex  6.640625e-001  7.500000e-001  1.562500e-002
    endloop
  endfacet
  facet normal  -0.000000e+000  -0.000000e+000 -1.000000e+000
    outer loop
      vertex  0.000000e+000  7.500000e-001  0.000000e+000
      vertex  6.640625e-001  7.500000e-001  0.000000e+000
      vertex  6.808281e-001  7.483487e-001  0.000000e+000
    endloop
  endfacet
  facet normal  -0.000000e+000  -0.000000e+000 -1.000000e+000
    outer loop
      vertex  0.000000e+000  7.500000e-001  0.000000e+000
      vertex  6.808281e-001  7.483487e-001  0.000000e+000
      vertex  6.969494e-001  7.434584e-001  0.000000e+000
    endloop
  endfacet
  facet normal  -0.000000e+000  -0.000000e+000 -1.000000e+000
    outer loop
      vertex  0.000000e+000  7.500000e-001  0.000000e+000
      vertex  6.969494e-001  7.434584e-001  0.000000e+000
      vertex  7.118068e-001  7.355169e-001  0.000000e+000
    endloop
  endfacet
  facet normal  -0.000000e+000  -0.000000e+000 -1.000000e+000
    outer loop
      vertex  0.000000e+000  7.500000e-001  0.000000e+000
      vertex  7.118068e-001  7.355169e-001  0.000000e+000
      vertex  7.248295e-001  7.248295e-001  0.000000e+000
    endloop
  endfacet
  facet normal  -0.000000e+000  -0.000000e+000 -1.000000e+000
    outer loop
      vertex  0.000000e+000  7.500000e-001  0.000000e+000
      vertex  7.248295e-001  7.248295e-001  0.000000e+000
      vertex  7.355169e-001  7.118068e-001  0.000000e+000
    endloop
  endfacet
  facet normal  -0.000000e+000  -0.000000e+000 -1.000000e+000
    outer loop
      vertex  0.000000e+000  7.500000e-001  0.000000e+000
      vertex  7.355169e-001  7.118068e-001  0.000000e+000
      vertex  7.434584e-001  6.969494e-001  0.000000e+000
    endloop
  endfacet
  facet normal  -0.000000e+000  -0.000000e+000 -1.000000e+000
    outer loop
      vertex  0.000000e+000  7.500000e-001  0.000000e+000
      vertex  7.434584e-001  6.969494e-001  0.000000e+000
      vertex  7.483487e-001  6.808281e-001  0.000000e+000
    endloop
  endfacet
  facet normal  -0.000000e+000  -0.000000e+000 -1.000000e+000
    outer loop
      vertex  0.000000e+000  7.500000e-001  0.000000e+000
      vertex  7.483487e-001  6.808281e-001  0.000000e+000
      vertex  7.500000e-001  6.640625e-001  0.000000e+000
    endloop
  endfacet
  facet normal  -0.000000e+000  -0.000000e+000 -1.000000e+000
    outer loop
      vertex  0.000000e+000  7.500000e-001  0.000000e+000
      vertex  7.500000e-001  6.640625e-001  0.000000e+000
      vertex  7.500000e-001  0.000000e+000  0.000000e+000
    endloop
  endfacet
  facet normal  0.000000e+000  0.000000e+000 -1.000000e+000
    outer loop
      vertex  0.000000e+000  7.500000e-001  0.000000e+000
      vertex  7.500000e-001  0.000000e+000  0.000000e+000
      vertex  0.000000e+000  0.000000e+000  0.000000e+000
    endloop
  endfacet
  facet normal  0.000000e+000  1.000000e+000  -0.000000e+000
    outer loop
      vertex  6.640625e-001  7.500000e-001  1.562500e-002
      vertex  6.640625e-001  7.500000e-001  0.000000e+000
      vertex  0.000000e+000  7.500000e-001  1.562500e-002
    endloop
  endfacet
  facet normal  0.000000e+000  1.000000e+000  0.000000e+000
    outer loop
      vertex  0.000000e+000  7.500000e-001  1.562500e-002
      vertex  6.640625e-001  7.500000e-001  0.000000e+000
      vertex  0.000000e+000  7.500000e-001  0.000000e+000
    endloop
  endfacet
  facet normal  1.000000e+000  0.000000e+000  0.000000e+000
    outer loop
      vertex  7.500000e-001  0.000000e+000  1.562500e-002
      vertex  7.500000e-001  0.000000e+000  0.000000e+000
      vertex  7.500000e-001  6.640625e-001  1.562500e-002
    endloop
  endfacet
  facet normal  1.000000e+000  0.000000e+000  0.000000e+000
    outer loop
      vertex  7.500000e-001  6.640625e-001  1.562500e-002
      vertex  7.500000e-001  0.000000e+000  0.000000e+000
      vertex  7.500000e-001  6.640625e-001  0.000000e+000
    endloop
  endfacet
  facet normal  9.801833e-002  9.951846e-001  0.000000e+000
    outer loop
      vertex  6.640625e-001  7.500000e-001  0.000000e+000
      vertex  6.640625e-001  7.500000e-001  1.562500e-002
      vertex  6.808281e-001  7.483487e-001  0.000000e+000
    endloop
  endfacet
  facet normal  9.801833e-002  9.951846e-001  -0.000000e+000
    outer loop
      vertex  6.808281e-001  7.483487e-001  0.000000e+000
      vertex  6.640625e-001  7.500000e-001  1.562500e-002
      vertex  6.808281e-001  7.483487e-001  1.562500e-002
    endloop
  endfacet
  facet normal  2.902841e-001  9.569405e-001  0.000000e+000
    outer loop
      vertex  6.808281e-001  7.483487e-001  0.000000e+000
      vertex  6.808281e-001  7.483487e-001  1.562500e-002
      vertex  6.969494e-001  7.434584e-001  0.000000e+000
    endloop
  endfacet
  facet normal  2.902841e-001  9.569405e-001  -0.000000e+000
    outer loop
      vertex  6.969494e-001  7.434584e-001  0.000000e+000
      vertex  6.808281e-001  7.483487e-001  1.562500e-002
      vertex  6.969494e-001  7.434584e-001  1.562500e-002
    endloop
  endfacet
  facet normal  4.713968e-001  8.819213e-001  0.000000e+000
    outer loop
      vertex  6.969494e-001  7.434584e-001  0.000000e+000
      vertex  6.969494e-001  7.434584e-001  1.562500e-002
      vertex  7.118068e-001  7.355169e-001  0.000000e+000
    endloop
  endfacet
  facet normal  4.713968e-001  8.819213e-001  -0.000000e+000
    outer loop
      vertex  7.118068e-001  7.355169e-001  0.000000e+000
      vertex  6.969494e-001  7.434584e-001  1.562500e-002
      vertex  7.118068e-001  7.355169e-001  1.562500e-002
    endloop
  endfacet
  facet normal  6.343929e-001  7.730108e-001  0.000000e+000
    outer loop
      vertex  7.118068e-001  7.355169e-001  0.000000e+000
      vertex  7.118068e-001  7.355169e-001  1.562500e-002
      vertex  7.248295e-001  7.248295e-001  0.000000e+000
    endloop
  endfacet
  facet normal  6.343929e-001  7.730108e-001  -0.000000e+000
    outer loop
      vertex  7.248295e-001  7.248295e-001  0.000000e+000
      vertex  7.118068e-001  7.355169e-001  1.562500e-002
      vertex  7.248295e-001  7.248295e-001  1.562500e-002
    endloop
  endfacet
  facet normal  7.730108e-001  6.343929e-001  0.000000e+000
    outer loop
      vertex  7.248295e-001  7.248295e-001  0.000000e+000
      vertex  7.248295e-001  7.248295e-001  1.562500e-002
      vertex  7.355169e-001  7.118068e-001  0.000000e+000
    endloop
  endfacet
  facet normal  7.730108e-001  6.343929e-001  -0.000000e+000
    outer loop
      vertex  7.355169e-001  7.118068e-001  0.000000e+000
      vertex  7.248295e-001  7.248295e-001  1.562500e-002
      vertex  7.355169e-001  7.118068e-001  1.562500e-002
    endloop
  endfacet
  facet normal  8.819213e-001  4.713968e-001  0.000000e+000
    outer loop
      vertex  7.355169e-001  7.118068e-001  0.000000e+000
      vertex  7.355169e-001  7.118068e-001  1.562500e-002
      vertex  7.434584e-001  6.969494e-001  0.000000e+000
    endloop
  endfacet
  facet normal  8.819213e-001  4.713968e-001  -0.000000e+000
    outer loop
      vertex  7.434584e-001  6.969494e-001  0.000000e+000
      vertex  7.355169e-001  7.118068e-001  1.562500e-002
      vertex  7.434584e-001  6.969494e-001  1.562500e-002
    endloop
  endfacet
  facet normal  9.569405e-001  2.902841e-001  0.000000e+000
    outer loop
      vertex  7.434584e-001  6.969494e-001  0.000000e+000
      vertex  7.434584e-001  6.969494e-001  1.562500e-002
      vertex  7.483487e-001  6.808281e-001  0.000000e+000
    endloop
  endfacet
  facet normal  9.569405e-001  2.902841e-001  -0.000000e+000
    outer loop
      vertex  7.483487e-001  6.808281e-001  0.000000e+000
      vertex  7.434584e-001  6.969494e-001  1.562500e-002
      vertex  7.483487e-001  6.808281e-001  1.562500e-002
    endloop
  endfacet
  facet normal  9.951846e-001  9.801833e-002  0.000000e+000
    outer loop
      vertex  7.483487e-001  6.808281e-001  0.000000e+000
      vertex  7.483487e-001  6.808281e-001  1.562500e-002
      vertex  7.500000e-001  6.640625e-001  0.000000e+000
    endloop
  endfacet
  facet normal  9.951846e-001  9.801833e-002  -0.000000e+000
    outer loop
      vertex  7.500000e-001  6.640625e-001  0.000000e+000
      vertex  7.483487e-001  6.808281e-001  1.562500e-002
      vertex  7.500000e-001  6.640625e-001  1.562500e-002
    endloop
  endfacet
  facet normal -1.000000e+000  0.000000e+000  0.000000e+000
    outer loop
      vertex  0.000000e+000  7.500000e-001  1.562500e-002
      vertex  0.000000e+000  7.500000e-001  0.000000e+000
      vertex  0.000000e+000  0.000000e+000  1.562500e-002
    endloop
  endfacet
  facet normal -1.000000e+000  0.000000e+000  0.000000e+000
    outer loop
      vertex  0.000000e+000  0.000000e+000  1.562500e-002
      vertex  0.000000e+000  7.500000e-001  0.000000e+000
      vertex  0.000000e+000  0.000000e+000  0.000000e+000
    endloop
  endfacet
  facet normal  0.000000e+000 -1.000000e+000  0.000000e+000
    outer loop
      vertex  0.000000e+000  0.000000e+000  1.562500e-002
      vertex  0.000000e+000  0.000000e+000  0.000000e+000
      vertex  7.500000e-001  0.000000e+000  1.562500e-002
    endloop
  endfacet
  facet normal  0.000000e+000 -1.000000e+000  -0.000000e+000
    outer loop
      vertex  7.500000e-001  0.000000e+000  1.562500e-002
      vertex  0.000000e+000  0.000000e+000  0.000000e+000
      vertex  7.500000e-001  0.000000e+000  0.000000e+000
    endloop
  endfacet
endsolid CATIA STL
