solid CATIA STL
  facet normal  0.000000e+000 -1.000000e+000  0.000000e+000
    outer loop
      vertex -7.500000e-001 -7.812500e-002 -6.250000e-001
      vertex -7.475982e-001 -7.812500e-002 -6.493863e-001
      vertex -7.404850e-001 -7.812500e-002 -6.728354e-001
    endloop
  endfacet
  facet normal  0.000000e+000 -1.000000e+000  0.000000e+000
    outer loop
      vertex -7.500000e-001 -7.812500e-002 -6.250000e-001
      vertex -7.404850e-001 -7.812500e-002 -6.728354e-001
      vertex -7.289337e-001 -7.812500e-002 -6.944463e-001
    endloop
  endfacet
  facet normal  0.000000e+000 -1.000000e+000  0.000000e+000
    outer loop
      vertex -7.500000e-001 -7.812500e-002 -6.250000e-001
      vertex -7.289337e-001 -7.812500e-002 -6.944463e-001
      vertex -7.133883e-001 -7.812500e-002 -7.133883e-001
    endloop
  endfacet
  facet normal  0.000000e+000 -1.000000e+000  0.000000e+000
    outer loop
      vertex -7.500000e-001 -7.812500e-002 -6.250000e-001
      vertex -7.133883e-001 -7.812500e-002 -7.133883e-001
      vertex -6.944463e-001 -7.812500e-002 -7.289337e-001
    endloop
  endfacet
  facet normal  0.000000e+000 -9.999999e-001  0.000000e+000
    outer loop
      vertex -7.500000e-001 -7.812500e-002 -6.250000e-001
      vertex -6.944463e-001 -7.812500e-002 -7.289337e-001
      vertex -6.728354e-001 -7.812500e-002 -7.404850e-001
    endloop
  endfacet
  facet normal  0.000000e+000 -1.000000e+000  0.000000e+000
    outer loop
      vertex -7.500000e-001 -7.812500e-002 -6.250000e-001
      vertex -6.728354e-001 -7.812500e-002 -7.404850e-001
      vertex -6.493863e-001 -7.812500e-002 -7.475982e-001
    endloop
  endfacet
  facet normal  0.000000e+000 -1.000000e+000  0.000000e+000
    outer loop
      vertex -7.500000e-001 -7.812500e-002 -6.250000e-001
      vertex -6.493863e-001 -7.812500e-002 -7.475982e-001
      vertex -6.250000e-001 -7.812500e-002 -7.500000e-001
    endloop
  endfacet
  facet normal  0.000000e+000 -1.000000e+000  0.000000e+000
    outer loop
      vertex -7.500000e-001 -7.812500e-002 -6.250000e-001
      vertex -6.250000e-001 -7.812500e-002 -7.500000e-001
      vertex  7.500000e-001 -7.812500e-002 -7.500000e-001
    endloop
  endfacet
  facet normal  0.000000e+000 -1.000000e+000  0.000000e+000
    outer loop
      vertex -7.500000e-001 -7.812500e-002 -6.250000e-001
      vertex  7.500000e-001 -7.812500e-002 -7.500000e-001
      vertex  7.500000e-001 -7.812500e-002  7.500000e-001
    endloop
  endfacet
  facet normal  -0.000000e+000 -1.000000e+000  0.000000e+000
    outer loop
      vertex -7.500000e-001 -7.812500e-002 -6.250000e-001
      vertex  7.500000e-001 -7.812500e-002  7.500000e-001
      vertex -7.500000e-001 -7.812500e-002  7.500000e-001
    endloop
  endfacet
  facet normal -1.110223e-016  1.000000e+000 -1.110223e-016
    outer loop
      vertex -7.500000e-001  1.387779e-017 -6.250000e-001
      vertex -7.500000e-001  1.665335e-016  7.500000e-001
      vertex  7.500000e-001  3.330669e-016  7.500000e-001
    endloop
  endfacet
  facet normal -1.110223e-016  1.000000e+000 -1.110223e-016
    outer loop
      vertex -7.500000e-001  1.387779e-017 -6.250000e-001
      vertex  7.500000e-001  3.330669e-016  7.500000e-001
      vertex  7.500000e-001  1.665335e-016 -7.500000e-001
    endloop
  endfacet
  facet normal -1.110223e-016  1.000000e+000 -1.110223e-016
    outer loop
      vertex -7.500000e-001  1.387779e-017 -6.250000e-001
      vertex  7.500000e-001  1.665335e-016 -7.500000e-001
      vertex -6.250000e-001  1.387779e-017 -7.500000e-001
    endloop
  endfacet
  facet normal -1.110223e-016  1.000000e+000 -1.110223e-016
    outer loop
      vertex -7.500000e-001  1.387779e-017 -6.250000e-001
      vertex -6.250000e-001  1.387779e-017 -7.500000e-001
      vertex -6.493863e-001  1.143702e-017 -7.475982e-001
    endloop
  endfacet
  facet normal -1.110224e-016  1.000000e+000 -1.110224e-016
    outer loop
      vertex -7.500000e-001  1.387779e-017 -6.250000e-001
      vertex -6.493863e-001  1.143702e-017 -7.475982e-001
      vertex -6.728354e-001  9.623372e-018 -7.404850e-001
    endloop
  endfacet
  facet normal -1.110224e-016  9.999999e-001 -1.110224e-016
    outer loop
      vertex -7.500000e-001  1.387779e-017 -6.250000e-001
      vertex -6.728354e-001  9.623372e-018 -7.404850e-001
      vertex -6.944463e-001  8.506531e-018 -7.289337e-001
    endloop
  endfacet
  facet normal -1.110226e-016  1.000000e+000 -1.110225e-016
    outer loop
      vertex -7.500000e-001  1.387779e-017 -6.250000e-001
      vertex -6.944463e-001  8.506531e-018 -7.289337e-001
      vertex -7.133883e-001  8.129420e-018 -7.133883e-001
    endloop
  endfacet
  facet normal -1.110221e-016  1.000000e+000 -1.110223e-016
    outer loop
      vertex -7.500000e-001  1.387779e-017 -6.250000e-001
      vertex -7.133883e-001  8.129420e-018 -7.133883e-001
      vertex -7.289337e-001  8.506531e-018 -6.944463e-001
    endloop
  endfacet
  facet normal -1.110221e-016  1.000000e+000 -1.110223e-016
    outer loop
      vertex -7.500000e-001  1.387779e-017 -6.250000e-001
      vertex -7.289337e-001  8.506531e-018 -6.944463e-001
      vertex -7.404850e-001  9.623372e-018 -6.728354e-001
    endloop
  endfacet
  facet normal -1.110218e-016  1.000000e+000 -1.110222e-016
    outer loop
      vertex -7.500000e-001  1.387779e-017 -6.250000e-001
      vertex -7.404850e-001  9.623372e-018 -6.728354e-001
      vertex -7.475982e-001  1.143702e-017 -6.493863e-001
    endloop
  endfacet
  facet normal -9.999999e-001  -0.000000e+000  0.000000e+000
    outer loop
      vertex -7.500000e-001 -7.812500e-002  7.500000e-001
      vertex -7.500000e-001  1.665335e-016  7.500000e-001
      vertex -7.500000e-001 -7.812500e-002 -6.250000e-001
    endloop
  endfacet
  facet normal -9.999999e-001  0.000000e+000  0.000000e+000
    outer loop
      vertex -7.500000e-001 -7.812500e-002 -6.250000e-001
      vertex -7.500000e-001  1.665335e-016  7.500000e-001
      vertex -7.500000e-001  1.387779e-017 -6.250000e-001
    endloop
  endfacet
  facet normal  0.000000e+000  0.000000e+000 -9.999999e-001
    outer loop
      vertex -6.250000e-001 -7.812500e-002 -7.500000e-001
      vertex -6.250000e-001  1.387779e-017 -7.500000e-001
      vertex  7.500000e-001 -7.812500e-002 -7.500000e-001
    endloop
  endfacet
  facet normal  0.000000e+000  0.000000e+000 -9.999999e-001
    outer loop
      vertex  7.500000e-001 -7.812500e-002 -7.500000e-001
      vertex -6.250000e-001  1.387779e-017 -7.500000e-001
      vertex  7.500000e-001  1.665335e-016 -7.500000e-001
    endloop
  endfacet
  facet normal -9.801670e-002  0.000000e+000 -9.951848e-001
    outer loop
      vertex -6.250000e-001  1.387779e-017 -7.500000e-001
      vertex -6.250000e-001 -7.812500e-002 -7.500000e-001
      vertex -6.493863e-001  1.143702e-017 -7.475982e-001
    endloop
  endfacet
  facet normal -9.801670e-002  -0.000000e+000 -9.951848e-001
    outer loop
      vertex -6.493863e-001  1.143702e-017 -7.475982e-001
      vertex -6.250000e-001 -7.812500e-002 -7.500000e-001
      vertex -6.493863e-001 -7.812500e-002 -7.475982e-001
    endloop
  endfacet
  facet normal -2.902849e-001  0.000000e+000 -9.569404e-001
    outer loop
      vertex -6.493863e-001  1.143702e-017 -7.475982e-001
      vertex -6.493863e-001 -7.812500e-002 -7.475982e-001
      vertex -6.728354e-001  9.623372e-018 -7.404850e-001
    endloop
  endfacet
  facet normal -2.902849e-001  -0.000000e+000 -9.569404e-001
    outer loop
      vertex -6.728354e-001  9.623372e-018 -7.404850e-001
      vertex -6.493863e-001 -7.812500e-002 -7.475982e-001
      vertex -6.728354e-001 -7.812500e-002 -7.404850e-001
    endloop
  endfacet
  facet normal -4.713973e-001  0.000000e+000 -8.819210e-001
    outer loop
      vertex -6.728354e-001  9.623372e-018 -7.404850e-001
      vertex -6.728354e-001 -7.812500e-002 -7.404850e-001
      vertex -6.944463e-001  8.506531e-018 -7.289337e-001
    endloop
  endfacet
  facet normal -4.713973e-001  -0.000000e+000 -8.819210e-001
    outer loop
      vertex -6.944463e-001  8.506531e-018 -7.289337e-001
      vertex -6.728354e-001 -7.812500e-002 -7.404850e-001
      vertex -6.944463e-001 -7.812500e-002 -7.289337e-001
    endloop
  endfacet
  facet normal -6.343939e-001  0.000000e+000 -7.730100e-001
    outer loop
      vertex -6.944463e-001  8.506531e-018 -7.289337e-001
      vertex -6.944463e-001 -7.812500e-002 -7.289337e-001
      vertex -7.133883e-001  8.129420e-018 -7.133883e-001
    endloop
  endfacet
  facet normal -6.343939e-001  -0.000000e+000 -7.730100e-001
    outer loop
      vertex -7.133883e-001  8.129420e-018 -7.133883e-001
      vertex -6.944463e-001 -7.812500e-002 -7.289337e-001
      vertex -7.133883e-001 -7.812500e-002 -7.133883e-001
    endloop
  endfacet
  facet normal -7.730100e-001  0.000000e+000 -6.343939e-001
    outer loop
      vertex -7.133883e-001  8.129420e-018 -7.133883e-001
      vertex -7.133883e-001 -7.812500e-002 -7.133883e-001
      vertex -7.289337e-001  8.506531e-018 -6.944463e-001
    endloop
  endfacet
  facet normal -7.730100e-001  -0.000000e+000 -6.343939e-001
    outer loop
      vertex -7.289337e-001  8.506531e-018 -6.944463e-001
      vertex -7.133883e-001 -7.812500e-002 -7.133883e-001
      vertex -7.289337e-001 -7.812500e-002 -6.944463e-001
    endloop
  endfacet
  facet normal -8.819210e-001  0.000000e+000 -4.713973e-001
    outer loop
      vertex -7.289337e-001  8.506531e-018 -6.944463e-001
      vertex -7.289337e-001 -7.812500e-002 -6.944463e-001
      vertex -7.404850e-001  9.623372e-018 -6.728354e-001
    endloop
  endfacet
  facet normal -8.819210e-001  -0.000000e+000 -4.713973e-001
    outer loop
      vertex -7.404850e-001  9.623372e-018 -6.728354e-001
      vertex -7.289337e-001 -7.812500e-002 -6.944463e-001
      vertex -7.404850e-001 -7.812500e-002 -6.728354e-001
    endloop
  endfacet
  facet normal -9.569404e-001  0.000000e+000 -2.902849e-001
    outer loop
      vertex -7.404850e-001  9.623372e-018 -6.728354e-001
      vertex -7.404850e-001 -7.812500e-002 -6.728354e-001
      vertex -7.475982e-001  1.143702e-017 -6.493863e-001
    endloop
  endfacet
  facet normal -9.569404e-001  -0.000000e+000 -2.902849e-001
    outer loop
      vertex -7.475982e-001  1.143702e-017 -6.493863e-001
      vertex -7.404850e-001 -7.812500e-002 -6.728354e-001
      vertex -7.475982e-001 -7.812500e-002 -6.493863e-001
    endloop
  endfacet
  facet normal -9.951848e-001  0.000000e+000 -9.801670e-002
    outer loop
      vertex -7.475982e-001  1.143702e-017 -6.493863e-001
      vertex -7.475982e-001 -7.812500e-002 -6.493863e-001
      vertex -7.500000e-001  1.387779e-017 -6.250000e-001
    endloop
  endfacet
  facet normal -9.951848e-001  -0.000000e+000 -9.801670e-002
    outer loop
      vertex -7.500000e-001  1.387779e-017 -6.250000e-001
      vertex -7.475982e-001 -7.812500e-002 -6.493863e-001
      vertex -7.500000e-001 -7.812500e-002 -6.250000e-001
    endloop
  endfacet
  facet normal  0.000000e+000  0.000000e+000  1.000000e+000
    outer loop
      vertex  7.500000e-001 -7.812500e-002  7.500000e-001
      vertex  7.500000e-001  3.330669e-016  7.500000e-001
      vertex -7.500000e-001 -7.812500e-002  7.500000e-001
    endloop
  endfacet
  facet normal  0.000000e+000  0.000000e+000  1.000000e+000
    outer loop
      vertex -7.500000e-001 -7.812500e-002  7.500000e-001
      vertex  7.500000e-001  3.330669e-016  7.500000e-001
      vertex -7.500000e-001  1.665335e-016  7.500000e-001
    endloop
  endfacet
  facet normal  1.000000e+000  0.000000e+000  0.000000e+000
    outer loop
      vertex  7.500000e-001 -7.812500e-002 -7.500000e-001
      vertex  7.500000e-001  1.665335e-016 -7.500000e-001
      vertex  7.500000e-001 -7.812500e-002  7.500000e-001
    endloop
  endfacet
  facet normal  1.000000e+000  -0.000000e+000  0.000000e+000
    outer loop
      vertex  7.500000e-001 -7.812500e-002  7.500000e-001
      vertex  7.500000e-001  1.665335e-016 -7.500000e-001
      vertex  7.500000e-001  3.330669e-016  7.500000e-001
    endloop
  endfacet
endsolid CATIA STL
