solid CATIA STL
  facet normal  1.000000e+000  -0.000000e+000  -0.000000e+000
    outer loop
      vertex  2.343750e-002  6.218910e-018  1.015625e-001
      vertex  2.343750e-002  1.951495e-003  8.174864e-002
      vertex  2.343750e-002  7.730985e-003  6.269621e-002
    endloop
  endfacet
  facet normal  1.000000e+000  -0.000000e+000  -0.000000e+000
    outer loop
      vertex  2.343750e-002  6.218910e-018  1.015625e-001
      vertex  2.343750e-002  7.730985e-003  6.269621e-002
      vertex  2.343750e-002  1.711637e-002  4.513740e-002
    endloop
  endfacet
  facet normal  1.000000e+000  -0.000000e+000  -0.000000e+000
    outer loop
      vertex  2.343750e-002  6.218910e-018  1.015625e-001
      vertex  2.343750e-002  1.711637e-002  4.513740e-002
      vertex  2.343750e-002  2.974697e-002  2.974697e-002
    endloop
  endfacet
  facet normal  1.000000e+000  -0.000000e+000  -0.000000e+000
    outer loop
      vertex  2.343750e-002  6.218910e-018  1.015625e-001
      vertex  2.343750e-002  2.974697e-002  2.974697e-002
      vertex  2.343750e-002  4.513740e-002  1.711637e-002
    endloop
  endfacet
  facet normal  1.000000e+000  -0.000000e+000  -0.000000e+000
    outer loop
      vertex  2.343750e-002  6.218910e-018  1.015625e-001
      vertex  2.343750e-002  4.513740e-002  1.711637e-002
      vertex  2.343750e-002  6.269621e-002  7.730985e-003
    endloop
  endfacet
  facet normal  9.999999e-001  -0.000000e+000  -0.000000e+000
    outer loop
      vertex  2.343750e-002  6.218910e-018  1.015625e-001
      vertex  2.343750e-002  6.269621e-002  7.730985e-003
      vertex  2.343750e-002  8.174864e-002  1.951495e-003
    endloop
  endfacet
  facet normal  1.000000e+000  -0.000000e+000  -0.000000e+000
    outer loop
      vertex  2.343750e-002  6.218910e-018  1.015625e-001
      vertex  2.343750e-002  8.174864e-002  1.951495e-003
      vertex  2.343750e-002  1.015625e-001 -6.218910e-018
    endloop
  endfacet
  facet normal  1.000000e+000  -0.000000e+000  -0.000000e+000
    outer loop
      vertex  2.343750e-002  6.218910e-018  1.015625e-001
      vertex  2.343750e-002  1.015625e-001 -6.218910e-018
      vertex  2.343750e-002  4.342105e-001 -2.658773e-017
    endloop
  endfacet
  facet normal  1.000000e+000  0.000000e+000  -0.000000e+000
    outer loop
      vertex  2.343750e-002  6.218910e-018  1.015625e-001
      vertex  2.343750e-002  4.342105e-001 -2.658773e-017
      vertex  2.343750e-002  4.342105e-001  7.500000e-001
    endloop
  endfacet
  facet normal  1.000000e+000  0.000000e+000  0.000000e+000
    outer loop
      vertex  2.343750e-002  6.218910e-018  1.015625e-001
      vertex  2.343750e-002  4.342105e-001  7.500000e-001
      vertex  2.343750e-002  7.367983e-017  7.500000e-001
    endloop
  endfacet
  facet normal -1.000000e+000  0.000000e+000  -0.000000e+000
    outer loop
      vertex  0.000000e+000  6.218910e-018  1.015625e-001
      vertex  0.000000e+000  7.367983e-017  7.500000e-001
      vertex  0.000000e+000  4.342105e-001  7.500000e-001
    endloop
  endfacet
  facet normal -1.000000e+000  0.000000e+000  -0.000000e+000
    outer loop
      vertex  0.000000e+000  6.218910e-018  1.015625e-001
      vertex  0.000000e+000  4.342105e-001  7.500000e-001
      vertex  0.000000e+000  4.342105e-001 -2.658773e-017
    endloop
  endfacet
  facet normal -1.000000e+000  0.000000e+000  0.000000e+000
    outer loop
      vertex  0.000000e+000  6.218910e-018  1.015625e-001
      vertex  0.000000e+000  4.342105e-001 -2.658773e-017
      vertex  0.000000e+000  1.015625e-001 -6.218910e-018
    endloop
  endfacet
  facet normal -1.000000e+000  0.000000e+000  0.000000e+000
    outer loop
      vertex  0.000000e+000  6.218910e-018  1.015625e-001
      vertex  0.000000e+000  1.015625e-001 -6.218910e-018
      vertex  0.000000e+000  8.174864e-002  1.951495e-003
    endloop
  endfacet
  facet normal -9.999999e-001  0.000000e+000  0.000000e+000
    outer loop
      vertex  0.000000e+000  6.218910e-018  1.015625e-001
      vertex  0.000000e+000  8.174864e-002  1.951495e-003
      vertex  0.000000e+000  6.269621e-002  7.730985e-003
    endloop
  endfacet
  facet normal -9.999999e-001  0.000000e+000  0.000000e+000
    outer loop
      vertex  0.000000e+000  6.218910e-018  1.015625e-001
      vertex  0.000000e+000  6.269621e-002  7.730985e-003
      vertex  0.000000e+000  4.513740e-002  1.711637e-002
    endloop
  endfacet
  facet normal -1.000000e+000  0.000000e+000  0.000000e+000
    outer loop
      vertex  0.000000e+000  6.218910e-018  1.015625e-001
      vertex  0.000000e+000  4.513740e-002  1.711637e-002
      vertex  0.000000e+000  2.974697e-002  2.974697e-002
    endloop
  endfacet
  facet normal -1.000000e+000  0.000000e+000  0.000000e+000
    outer loop
      vertex  0.000000e+000  6.218910e-018  1.015625e-001
      vertex  0.000000e+000  2.974697e-002  2.974697e-002
      vertex  0.000000e+000  1.711637e-002  4.513740e-002
    endloop
  endfacet
  facet normal -1.000000e+000  0.000000e+000  0.000000e+000
    outer loop
      vertex  0.000000e+000  6.218910e-018  1.015625e-001
      vertex  0.000000e+000  1.711637e-002  4.513740e-002
      vertex  0.000000e+000  7.730985e-003  6.269621e-002
    endloop
  endfacet
  facet normal -1.000000e+000  0.000000e+000  0.000000e+000
    outer loop
      vertex  0.000000e+000  6.218910e-018  1.015625e-001
      vertex  0.000000e+000  7.730985e-003  6.269621e-002
      vertex  0.000000e+000  1.951495e-003  8.174864e-002
    endloop
  endfacet
  facet normal  0.000000e+000 -9.999999e-001  1.040361e-016
    outer loop
      vertex  2.343750e-002  7.367983e-017  7.500000e-001
      vertex  0.000000e+000  7.367983e-017  7.500000e-001
      vertex  2.343750e-002  6.218910e-018  1.015625e-001
    endloop
  endfacet
  facet normal  0.000000e+000 -9.999999e-001  1.040361e-016
    outer loop
      vertex  2.343750e-002  6.218910e-018  1.015625e-001
      vertex  0.000000e+000  7.367983e-017  7.500000e-001
      vertex  0.000000e+000  6.218910e-018  1.015625e-001
    endloop
  endfacet
  facet normal  0.000000e+000 -6.123234e-017 -1.000000e+000
    outer loop
      vertex  2.343750e-002  1.015625e-001 -6.218910e-018
      vertex  0.000000e+000  1.015625e-001 -6.218910e-018
      vertex  2.343750e-002  4.342105e-001 -2.658773e-017
    endloop
  endfacet
  facet normal  -0.000000e+000 -6.123234e-017 -1.000000e+000
    outer loop
      vertex  2.343750e-002  4.342105e-001 -2.658773e-017
      vertex  0.000000e+000  1.015625e-001 -6.218910e-018
      vertex  0.000000e+000  4.342105e-001 -2.658773e-017
    endloop
  endfacet
  facet normal  -0.000000e+000 -9.801715e-002 -9.951847e-001
    outer loop
      vertex  0.000000e+000  1.015625e-001 -6.218910e-018
      vertex  2.343750e-002  1.015625e-001 -6.218910e-018
      vertex  0.000000e+000  8.174864e-002  1.951495e-003
    endloop
  endfacet
  facet normal  0.000000e+000 -9.801715e-002 -9.951847e-001
    outer loop
      vertex  0.000000e+000  8.174864e-002  1.951495e-003
      vertex  2.343750e-002  1.015625e-001 -6.218910e-018
      vertex  2.343750e-002  8.174864e-002  1.951495e-003
    endloop
  endfacet
  facet normal  -0.000000e+000 -2.902846e-001 -9.569404e-001
    outer loop
      vertex  0.000000e+000  8.174864e-002  1.951495e-003
      vertex  2.343750e-002  8.174864e-002  1.951495e-003
      vertex  0.000000e+000  6.269621e-002  7.730985e-003
    endloop
  endfacet
  facet normal  0.000000e+000 -2.902846e-001 -9.569404e-001
    outer loop
      vertex  0.000000e+000  6.269621e-002  7.730985e-003
      vertex  2.343750e-002  8.174864e-002  1.951495e-003
      vertex  2.343750e-002  6.269621e-002  7.730985e-003
    endloop
  endfacet
  facet normal  -0.000000e+000 -4.713968e-001 -8.819212e-001
    outer loop
      vertex  0.000000e+000  6.269621e-002  7.730985e-003
      vertex  2.343750e-002  6.269621e-002  7.730985e-003
      vertex  0.000000e+000  4.513740e-002  1.711637e-002
    endloop
  endfacet
  facet normal  0.000000e+000 -4.713968e-001 -8.819212e-001
    outer loop
      vertex  0.000000e+000  4.513740e-002  1.711637e-002
      vertex  2.343750e-002  6.269621e-002  7.730985e-003
      vertex  2.343750e-002  4.513740e-002  1.711637e-002
    endloop
  endfacet
  facet normal  -0.000000e+000 -6.343933e-001 -7.730104e-001
    outer loop
      vertex  0.000000e+000  4.513740e-002  1.711637e-002
      vertex  2.343750e-002  4.513740e-002  1.711637e-002
      vertex  0.000000e+000  2.974697e-002  2.974697e-002
    endloop
  endfacet
  facet normal  0.000000e+000 -6.343933e-001 -7.730104e-001
    outer loop
      vertex  0.000000e+000  2.974697e-002  2.974697e-002
      vertex  2.343750e-002  4.513740e-002  1.711637e-002
      vertex  2.343750e-002  2.974697e-002  2.974697e-002
    endloop
  endfacet
  facet normal  -0.000000e+000 -7.730104e-001 -6.343933e-001
    outer loop
      vertex  0.000000e+000  2.974697e-002  2.974697e-002
      vertex  2.343750e-002  2.974697e-002  2.974697e-002
      vertex  0.000000e+000  1.711637e-002  4.513740e-002
    endloop
  endfacet
  facet normal  0.000000e+000 -7.730104e-001 -6.343933e-001
    outer loop
      vertex  0.000000e+000  1.711637e-002  4.513740e-002
      vertex  2.343750e-002  2.974697e-002  2.974697e-002
      vertex  2.343750e-002  1.711637e-002  4.513740e-002
    endloop
  endfacet
  facet normal  -0.000000e+000 -8.819212e-001 -4.713968e-001
    outer loop
      vertex  0.000000e+000  1.711637e-002  4.513740e-002
      vertex  2.343750e-002  1.711637e-002  4.513740e-002
      vertex  0.000000e+000  7.730985e-003  6.269621e-002
    endloop
  endfacet
  facet normal  0.000000e+000 -8.819212e-001 -4.713968e-001
    outer loop
      vertex  0.000000e+000  7.730985e-003  6.269621e-002
      vertex  2.343750e-002  1.711637e-002  4.513740e-002
      vertex  2.343750e-002  7.730985e-003  6.269621e-002
    endloop
  endfacet
  facet normal  -0.000000e+000 -9.569404e-001 -2.902846e-001
    outer loop
      vertex  0.000000e+000  7.730985e-003  6.269621e-002
      vertex  2.343750e-002  7.730985e-003  6.269621e-002
      vertex  0.000000e+000  1.951495e-003  8.174864e-002
    endloop
  endfacet
  facet normal  0.000000e+000 -9.569404e-001 -2.902846e-001
    outer loop
      vertex  0.000000e+000  1.951495e-003  8.174864e-002
      vertex  2.343750e-002  7.730985e-003  6.269621e-002
      vertex  2.343750e-002  1.951495e-003  8.174864e-002
    endloop
  endfacet
  facet normal  -0.000000e+000 -9.951847e-001 -9.801715e-002
    outer loop
      vertex  0.000000e+000  1.951495e-003  8.174864e-002
      vertex  2.343750e-002  1.951495e-003  8.174864e-002
      vertex  0.000000e+000  6.218910e-018  1.015625e-001
    endloop
  endfacet
  facet normal  0.000000e+000 -9.951847e-001 -9.801715e-002
    outer loop
      vertex  0.000000e+000  6.218910e-018  1.015625e-001
      vertex  2.343750e-002  1.951495e-003  8.174864e-002
      vertex  2.343750e-002  6.218910e-018  1.015625e-001
    endloop
  endfacet
  facet normal  -0.000000e+000  0.000000e+000  1.000000e+000
    outer loop
      vertex  2.343750e-002  4.342105e-001  7.500000e-001
      vertex  0.000000e+000  4.342105e-001  7.500000e-001
      vertex  2.343750e-002  7.367983e-017  7.500000e-001
    endloop
  endfacet
  facet normal  0.000000e+000  0.000000e+000  1.000000e+000
    outer loop
      vertex  2.343750e-002  7.367983e-017  7.500000e-001
      vertex  0.000000e+000  4.342105e-001  7.500000e-001
      vertex  0.000000e+000  7.367983e-017  7.500000e-001
    endloop
  endfacet
  facet normal  0.000000e+000  1.000000e+000  0.000000e+000
    outer loop
      vertex  2.343750e-002  4.342105e-001 -2.658773e-017
      vertex  0.000000e+000  4.342105e-001 -2.658773e-017
      vertex  2.343750e-002  4.342105e-001  7.500000e-001
    endloop
  endfacet
  facet normal  0.000000e+000  1.000000e+000  0.000000e+000
    outer loop
      vertex  2.343750e-002  4.342105e-001  7.500000e-001
      vertex  0.000000e+000  4.342105e-001 -2.658773e-017
      vertex  0.000000e+000  4.342105e-001  7.500000e-001
    endloop
  endfacet
endsolid CATIA STL
