solid CATIA STL
  facet normal  0.000000e+000 -1.000000e+000  0.000000e+000
    outer loop
      vertex  1.365132e-002 -7.500000e-001  1.365132e-002
      vertex -1.365132e-002 -7.500000e-001  1.365132e-002
      vertex -1.365132e-002 -7.500000e-001  9.786184e-003
    endloop
  endfacet
  facet normal  0.000000e+000 -1.000000e+000  0.000000e+000
    outer loop
      vertex  1.365132e-002 -7.500000e-001  1.365132e-002
      vertex -1.365132e-002 -7.500000e-001  9.786184e-003
      vertex -1.320097e-002 -7.500000e-001  5.213755e-003
    endloop
  endfacet
  facet normal  0.000000e+000 -1.000000e+000  0.000000e+000
    outer loop
      vertex  1.365132e-002 -7.500000e-001  1.365132e-002
      vertex -1.320097e-002 -7.500000e-001  5.213755e-003
      vertex -1.186724e-002 -7.500000e-001  8.170413e-004
    endloop
  endfacet
  facet normal  0.000000e+000 -1.000000e+000  0.000000e+000
    outer loop
      vertex  1.365132e-002 -7.500000e-001  1.365132e-002
      vertex -1.186724e-002 -7.500000e-001  8.170413e-004
      vertex -9.701385e-003 -7.500000e-001 -3.234993e-003
    endloop
  endfacet
  facet normal  0.000000e+000 -1.000000e+000  0.000000e+000
    outer loop
      vertex  1.365132e-002 -7.500000e-001  1.365132e-002
      vertex -9.701385e-003 -7.500000e-001 -3.234993e-003
      vertex -6.786631e-003 -7.500000e-001 -6.786631e-003
    endloop
  endfacet
  facet normal  0.000000e+000 -1.000000e+000  0.000000e+000
    outer loop
      vertex  1.365132e-002 -7.500000e-001  1.365132e-002
      vertex -6.786631e-003 -7.500000e-001 -6.786631e-003
      vertex -3.234993e-003 -7.500000e-001 -9.701385e-003
    endloop
  endfacet
  facet normal  0.000000e+000 -1.000000e+000  0.000000e+000
    outer loop
      vertex  1.365132e-002 -7.500000e-001  1.365132e-002
      vertex -3.234993e-003 -7.500000e-001 -9.701385e-003
      vertex  8.170413e-004 -7.500000e-001 -1.186724e-002
    endloop
  endfacet
  facet normal  0.000000e+000 -1.000000e+000  0.000000e+000
    outer loop
      vertex  1.365132e-002 -7.500000e-001  1.365132e-002
      vertex  8.170413e-004 -7.500000e-001 -1.186724e-002
      vertex  5.213755e-003 -7.500000e-001 -1.320097e-002
    endloop
  endfacet
  facet normal  0.000000e+000 -1.000000e+000  0.000000e+000
    outer loop
      vertex  1.365132e-002 -7.500000e-001  1.365132e-002
      vertex  5.213755e-003 -7.500000e-001 -1.320097e-002
      vertex  9.786184e-003 -7.500000e-001 -1.365132e-002
    endloop
  endfacet
  facet normal  0.000000e+000 -1.000000e+000  0.000000e+000
    outer loop
      vertex  1.365132e-002 -7.500000e-001  1.365132e-002
      vertex  9.786184e-003 -7.500000e-001 -1.365132e-002
      vertex  1.365132e-002 -7.500000e-001 -1.365132e-002
    endloop
  endfacet
  facet normal -6.071531e-017  1.000000e+000 -6.071532e-017
    outer loop
      vertex  1.365132e-002  3.555042e-018  1.365132e-002
      vertex  1.365132e-002  1.897354e-018 -1.365132e-002
      vertex  9.786184e-003  1.662681e-018 -1.365132e-002
    endloop
  endfacet
  facet normal -6.071535e-017  1.000000e+000 -6.071533e-017
    outer loop
      vertex  1.365132e-002  3.555042e-018  1.365132e-002
      vertex  9.786184e-003  1.662681e-018 -1.365132e-002
      vertex  5.213755e-003  1.412407e-018 -1.320097e-002
    endloop
  endfacet
  facet normal -6.071531e-017  1.000000e+000 -6.071533e-017
    outer loop
      vertex  1.365132e-002  3.555042e-018  1.365132e-002
      vertex  5.213755e-003  1.412407e-018 -1.320097e-002
      vertex  8.170413e-004  1.226437e-018 -1.186724e-002
    endloop
  endfacet
  facet normal -6.071532e-017  1.000000e+000 -6.071533e-017
    outer loop
      vertex  1.365132e-002  3.555042e-018  1.365132e-002
      vertex  8.170413e-004  1.226437e-018 -1.186724e-002
      vertex -3.234993e-003  1.111917e-018 -9.701385e-003
    endloop
  endfacet
  facet normal -6.071533e-017  1.000000e+000 -6.071532e-017
    outer loop
      vertex  1.365132e-002  3.555042e-018  1.365132e-002
      vertex -3.234993e-003  1.111917e-018 -9.701385e-003
      vertex -6.786631e-003  1.073249e-018 -6.786631e-003
    endloop
  endfacet
  facet normal -6.071532e-017  1.000000e+000 -6.071533e-017
    outer loop
      vertex  1.365132e-002  3.555042e-018  1.365132e-002
      vertex -6.786631e-003  1.073249e-018 -6.786631e-003
      vertex -9.701385e-003  1.111917e-018 -3.234993e-003
    endloop
  endfacet
  facet normal -6.071533e-017  1.000000e+000 -6.071532e-017
    outer loop
      vertex  1.365132e-002  3.555042e-018  1.365132e-002
      vertex -9.701385e-003  1.111917e-018 -3.234993e-003
      vertex -1.186724e-002  1.226437e-018  8.170413e-004
    endloop
  endfacet
  facet normal -6.071532e-017  1.000000e+000 -6.071531e-017
    outer loop
      vertex  1.365132e-002  3.555042e-018  1.365132e-002
      vertex -1.186724e-002  1.226437e-018  8.170413e-004
      vertex -1.320097e-002  1.412407e-018  5.213755e-003
    endloop
  endfacet
  facet normal -6.071532e-017  1.000000e+000 -6.071533e-017
    outer loop
      vertex  1.365132e-002  3.555042e-018  1.365132e-002
      vertex -1.320097e-002  1.412407e-018  5.213755e-003
      vertex -1.365132e-002  1.662681e-018  9.786184e-003
    endloop
  endfacet
  facet normal -6.071533e-017  1.000000e+000 -6.071531e-017
    outer loop
      vertex  1.365132e-002  3.555042e-018  1.365132e-002
      vertex -1.365132e-002  1.662681e-018  9.786184e-003
      vertex -1.365132e-002  1.897354e-018  1.365132e-002
    endloop
  endfacet
  facet normal -9.999999e-001  0.000000e+000  0.000000e+000
    outer loop
      vertex -1.365132e-002  1.897354e-018  1.365132e-002
      vertex -1.365132e-002  1.662681e-018  9.786184e-003
      vertex -1.365132e-002 -7.500000e-001  1.365132e-002
    endloop
  endfacet
  facet normal -9.999999e-001  0.000000e+000  0.000000e+000
    outer loop
      vertex -1.365132e-002 -7.500000e-001  1.365132e-002
      vertex -1.365132e-002  1.662681e-018  9.786184e-003
      vertex -1.365132e-002 -7.500000e-001  9.786184e-003
    endloop
  endfacet
  facet normal  0.000000e+000  0.000000e+000 -9.999999e-001
    outer loop
      vertex  9.786184e-003  1.662681e-018 -1.365132e-002
      vertex  1.365132e-002  1.897354e-018 -1.365132e-002
      vertex  9.786184e-003 -7.500000e-001 -1.365132e-002
    endloop
  endfacet
  facet normal  0.000000e+000  0.000000e+000 -9.999999e-001
    outer loop
      vertex  9.786184e-003 -7.500000e-001 -1.365132e-002
      vertex  1.365132e-002  1.897354e-018 -1.365132e-002
      vertex  1.365132e-002 -7.500000e-001 -1.365132e-002
    endloop
  endfacet
  facet normal -9.801729e-002  0.000000e+000 -9.951847e-001
    outer loop
      vertex  9.786184e-003  1.662681e-018 -1.365132e-002
      vertex  9.786184e-003 -7.500000e-001 -1.365132e-002
      vertex  5.213755e-003  1.412407e-018 -1.320097e-002
    endloop
  endfacet
  facet normal -9.801729e-002  -0.000000e+000 -9.951847e-001
    outer loop
      vertex  5.213755e-003  1.412407e-018 -1.320097e-002
      vertex  9.786184e-003 -7.500000e-001 -1.365132e-002
      vertex  5.213755e-003 -7.500000e-001 -1.320097e-002
    endloop
  endfacet
  facet normal -2.902847e-001  0.000000e+000 -9.569404e-001
    outer loop
      vertex  5.213755e-003  1.412407e-018 -1.320097e-002
      vertex  5.213755e-003 -7.500000e-001 -1.320097e-002
      vertex  8.170413e-004  1.226437e-018 -1.186724e-002
    endloop
  endfacet
  facet normal -2.902847e-001  -0.000000e+000 -9.569404e-001
    outer loop
      vertex  8.170413e-004  1.226437e-018 -1.186724e-002
      vertex  5.213755e-003 -7.500000e-001 -1.320097e-002
      vertex  8.170413e-004 -7.500000e-001 -1.186724e-002
    endloop
  endfacet
  facet normal -4.713966e-001  0.000000e+000 -8.819214e-001
    outer loop
      vertex  8.170413e-004  1.226437e-018 -1.186724e-002
      vertex  8.170413e-004 -7.500000e-001 -1.186724e-002
      vertex -3.234993e-003  1.111917e-018 -9.701385e-003
    endloop
  endfacet
  facet normal -4.713966e-001  -0.000000e+000 -8.819214e-001
    outer loop
      vertex -3.234993e-003  1.111917e-018 -9.701385e-003
      vertex  8.170413e-004 -7.500000e-001 -1.186724e-002
      vertex -3.234993e-003 -7.500000e-001 -9.701385e-003
    endloop
  endfacet
  facet normal -6.343933e-001  0.000000e+000 -7.730104e-001
    outer loop
      vertex -3.234993e-003  1.111917e-018 -9.701385e-003
      vertex -3.234993e-003 -7.500000e-001 -9.701385e-003
      vertex -6.786631e-003  1.073249e-018 -6.786631e-003
    endloop
  endfacet
  facet normal -6.343933e-001  -0.000000e+000 -7.730104e-001
    outer loop
      vertex -6.786631e-003  1.073249e-018 -6.786631e-003
      vertex -3.234993e-003 -7.500000e-001 -9.701385e-003
      vertex -6.786631e-003 -7.500000e-001 -6.786631e-003
    endloop
  endfacet
  facet normal -7.730104e-001  0.000000e+000 -6.343933e-001
    outer loop
      vertex -6.786631e-003  1.073249e-018 -6.786631e-003
      vertex -6.786631e-003 -7.500000e-001 -6.786631e-003
      vertex -9.701385e-003  1.111917e-018 -3.234993e-003
    endloop
  endfacet
  facet normal -7.730104e-001  -0.000000e+000 -6.343933e-001
    outer loop
      vertex -9.701385e-003  1.111917e-018 -3.234993e-003
      vertex -6.786631e-003 -7.500000e-001 -6.786631e-003
      vertex -9.701385e-003 -7.500000e-001 -3.234993e-003
    endloop
  endfacet
  facet normal -8.819214e-001  0.000000e+000 -4.713966e-001
    outer loop
      vertex -9.701385e-003  1.111917e-018 -3.234993e-003
      vertex -9.701385e-003 -7.500000e-001 -3.234993e-003
      vertex -1.186724e-002  1.226437e-018  8.170413e-004
    endloop
  endfacet
  facet normal -8.819214e-001  -0.000000e+000 -4.713966e-001
    outer loop
      vertex -1.186724e-002  1.226437e-018  8.170413e-004
      vertex -9.701385e-003 -7.500000e-001 -3.234993e-003
      vertex -1.186724e-002 -7.500000e-001  8.170413e-004
    endloop
  endfacet
  facet normal -9.569404e-001  0.000000e+000 -2.902847e-001
    outer loop
      vertex -1.186724e-002  1.226437e-018  8.170413e-004
      vertex -1.186724e-002 -7.500000e-001  8.170413e-004
      vertex -1.320097e-002  1.412407e-018  5.213755e-003
    endloop
  endfacet
  facet normal -9.569404e-001  -0.000000e+000 -2.902847e-001
    outer loop
      vertex -1.320097e-002  1.412407e-018  5.213755e-003
      vertex -1.186724e-002 -7.500000e-001  8.170413e-004
      vertex -1.320097e-002 -7.500000e-001  5.213755e-003
    endloop
  endfacet
  facet normal -9.951847e-001  0.000000e+000 -9.801729e-002
    outer loop
      vertex -1.320097e-002  1.412407e-018  5.213755e-003
      vertex -1.320097e-002 -7.500000e-001  5.213755e-003
      vertex -1.365132e-002  1.662681e-018  9.786184e-003
    endloop
  endfacet
  facet normal -9.951847e-001  -0.000000e+000 -9.801729e-002
    outer loop
      vertex -1.365132e-002  1.662681e-018  9.786184e-003
      vertex -1.320097e-002 -7.500000e-001  5.213755e-003
      vertex -1.365132e-002 -7.500000e-001  9.786184e-003
    endloop
  endfacet
  facet normal  -0.000000e+000  0.000000e+000  1.000000e+000
    outer loop
      vertex  1.365132e-002  3.555042e-018  1.365132e-002
      vertex -1.365132e-002  1.897354e-018  1.365132e-002
      vertex  1.365132e-002 -7.500000e-001  1.365132e-002
    endloop
  endfacet
  facet normal  0.000000e+000  0.000000e+000  1.000000e+000
    outer loop
      vertex  1.365132e-002 -7.500000e-001  1.365132e-002
      vertex -1.365132e-002  1.897354e-018  1.365132e-002
      vertex -1.365132e-002 -7.500000e-001  1.365132e-002
    endloop
  endfacet
  facet normal  1.000000e+000  0.000000e+000  0.000000e+000
    outer loop
      vertex  1.365132e-002  1.897354e-018 -1.365132e-002
      vertex  1.365132e-002  3.555042e-018  1.365132e-002
      vertex  1.365132e-002 -7.500000e-001 -1.365132e-002
    endloop
  endfacet
  facet normal  1.000000e+000  0.000000e+000  0.000000e+000
    outer loop
      vertex  1.365132e-002 -7.500000e-001 -1.365132e-002
      vertex  1.365132e-002  3.555042e-018  1.365132e-002
      vertex  1.365132e-002 -7.500000e-001  1.365132e-002
    endloop
  endfacet
endsolid CATIA STL
