solid CATIA STL
  facet normal  -0.000000e+000  1.000000e+000  0.000000e+000
    outer loop
      vertex  1.562500e-002  0.000000e+000 -9.567554e-019
      vertex  1.562500e-002  0.000000e+000  7.500000e-001
      vertex  3.789474e-001  0.000000e+000  7.500000e-001
    endloop
  endfacet
  facet normal  0.000000e+000  1.000000e+000  0.000000e+000
    outer loop
      vertex  1.562500e-002  0.000000e+000 -9.567554e-019
      vertex  3.789474e-001  0.000000e+000  7.500000e-001
      vertex  3.776930e-001  0.000000e+000  6.898822e-001
    endloop
  endfacet
  facet normal  0.000000e+000  1.000000e+000  0.000000e+000
    outer loop
      vertex  1.562500e-002  0.000000e+000 -9.567554e-019
      vertex  3.776930e-001  0.000000e+000  6.898822e-001
      vertex  3.871724e-001  0.000000e+000  6.305033e-001
    endloop
  endfacet
  facet normal  0.000000e+000  1.000000e+000  0.000000e+000
    outer loop
      vertex  1.562500e-002  0.000000e+000 -9.567554e-019
      vertex  3.871724e-001  0.000000e+000  6.305033e-001
      vertex  4.070821e-001  0.000000e+000  5.737642e-001
    endloop
  endfacet
  facet normal  0.000000e+000  1.000000e+000  0.000000e+000
    outer loop
      vertex  1.562500e-002  0.000000e+000 -9.567554e-019
      vertex  4.070821e-001  0.000000e+000  5.737642e-001
      vertex  4.367847e-001  0.000000e+000  5.214816e-001
    endloop
  endfacet
  facet normal  0.000000e+000  1.000000e+000  0.000000e+000
    outer loop
      vertex  1.562500e-002  0.000000e+000 -9.567554e-019
      vertex  4.367847e-001  0.000000e+000  5.214816e-001
      vertex  4.753292e-001  0.000000e+000  4.753292e-001
    endloop
  endfacet
  facet normal  0.000000e+000  9.999999e-001  0.000000e+000
    outer loop
      vertex  1.562500e-002  0.000000e+000 -9.567554e-019
      vertex  4.753292e-001  0.000000e+000  4.753292e-001
      vertex  5.214816e-001  0.000000e+000  4.367847e-001
    endloop
  endfacet
  facet normal  0.000000e+000  1.000000e+000  0.000000e+000
    outer loop
      vertex  1.562500e-002  0.000000e+000 -9.567554e-019
      vertex  5.214816e-001  0.000000e+000  4.367847e-001
      vertex  5.737642e-001  0.000000e+000  4.070821e-001
    endloop
  endfacet
  facet normal  0.000000e+000  1.000000e+000  0.000000e+000
    outer loop
      vertex  1.562500e-002  0.000000e+000 -9.567554e-019
      vertex  5.737642e-001  0.000000e+000  4.070821e-001
      vertex  6.305033e-001  0.000000e+000  3.871724e-001
    endloop
  endfacet
  facet normal  0.000000e+000  9.999999e-001  0.000000e+000
    outer loop
      vertex  1.562500e-002  0.000000e+000 -9.567554e-019
      vertex  6.305033e-001  0.000000e+000  3.871724e-001
      vertex  6.898822e-001  0.000000e+000  3.776930e-001
    endloop
  endfacet
  facet normal  -0.000000e+000  1.000000e+000  0.000000e+000
    outer loop
      vertex  1.562500e-002  0.000000e+000 -9.567554e-019
      vertex  6.898822e-001  0.000000e+000  3.776930e-001
      vertex  7.500000e-001  0.000000e+000  3.789474e-001
    endloop
  endfacet
  facet normal  0.000000e+000  1.000000e+000  0.000000e+000
    outer loop
      vertex  1.562500e-002  0.000000e+000 -9.567554e-019
      vertex  7.500000e-001  0.000000e+000  3.789474e-001
      vertex  7.500000e-001  0.000000e+000 -4.592425e-017
    endloop
  endfacet
  facet normal -1.000000e+000  3.408675e-017  6.123234e-017
    outer loop
      vertex  4.592425e-017 -3.750000e-001  7.500000e-001
      vertex  5.551115e-017 -9.375000e-002  7.500000e-001
      vertex  0.000000e+000 -3.750000e-001  0.000000e+000
    endloop
  endfacet
  facet normal -1.000000e+000  0.000000e+000  7.401487e-017
    outer loop
      vertex  0.000000e+000 -3.750000e-001  0.000000e+000
      vertex  5.551115e-017 -9.375000e-002  7.500000e-001
      vertex  0.000000e+000 -9.375000e-002  0.000000e+000
    endloop
  endfacet
  facet normal  0.000000e+000  0.000000e+000  1.000000e+000
    outer loop
      vertex  3.789474e-001 -3.750000e-001  7.500000e-001
      vertex  3.789474e-001  0.000000e+000  7.500000e-001
      vertex  4.592425e-017 -3.750000e-001  7.500000e-001
    endloop
  endfacet
  facet normal  0.000000e+000  0.000000e+000  1.000000e+000
    outer loop
      vertex  4.592425e-017 -3.750000e-001  7.500000e-001
      vertex  3.789474e-001  0.000000e+000  7.500000e-001
      vertex  1.562500e-002  0.000000e+000  7.500000e-001
    endloop
  endfacet
  facet normal  0.000000e+000  0.000000e+000  1.000000e+000
    outer loop
      vertex  4.592425e-017 -3.750000e-001  7.500000e-001
      vertex  1.562500e-002  0.000000e+000  7.500000e-001
      vertex  5.551115e-017 -9.375000e-002  7.500000e-001
    endloop
  endfacet
  facet normal -6.123234e-017  0.000000e+000 -9.999999e-001
    outer loop
      vertex  7.500000e-001  0.000000e+000 -4.592425e-017
      vertex  7.500000e-001 -3.750000e-001 -4.592425e-017
      vertex  1.562500e-002  0.000000e+000 -9.567554e-019
    endloop
  endfacet
  facet normal -6.123234e-017 -2.642383e-025 -1.000000e+000
    outer loop
      vertex  1.562500e-002  0.000000e+000 -9.567554e-019
      vertex  7.500000e-001 -3.750000e-001 -4.592425e-017
      vertex  0.000000e+000 -3.750000e-001  0.000000e+000
    endloop
  endfacet
  facet normal -6.123234e-017  0.000000e+000 -1.000000e+000
    outer loop
      vertex  1.562500e-002  0.000000e+000 -9.567554e-019
      vertex  0.000000e+000 -3.750000e-001  0.000000e+000
      vertex  0.000000e+000 -9.375000e-002  0.000000e+000
    endloop
  endfacet
  facet normal -9.863940e-001  1.643990e-001  0.000000e+000
    outer loop
      vertex  5.551115e-017 -9.375000e-002  7.500000e-001
      vertex  1.562500e-002  0.000000e+000  7.500000e-001
      vertex  0.000000e+000 -9.375000e-002  0.000000e+000
    endloop
  endfacet
  facet normal -9.863940e-001  1.643990e-001  0.000000e+000
    outer loop
      vertex  0.000000e+000 -9.375000e-002  0.000000e+000
      vertex  1.562500e-002  0.000000e+000  7.500000e-001
      vertex  1.562500e-002  0.000000e+000 -9.567554e-019
    endloop
  endfacet
  facet normal  0.000000e+000 -1.000000e+000  0.000000e+000
    outer loop
      vertex  0.000000e+000 -3.750000e-001  0.000000e+000
      vertex  7.500000e-001 -3.750000e-001 -4.592425e-017
      vertex  7.500000e-001 -3.750000e-001  3.789474e-001
    endloop
  endfacet
  facet normal  0.000000e+000 -1.000000e+000  0.000000e+000
    outer loop
      vertex  0.000000e+000 -3.750000e-001  0.000000e+000
      vertex  7.500000e-001 -3.750000e-001  3.789474e-001
      vertex  6.898822e-001 -3.750000e-001  3.776930e-001
    endloop
  endfacet
  facet normal  -0.000000e+000 -1.000000e+000  0.000000e+000
    outer loop
      vertex  0.000000e+000 -3.750000e-001  0.000000e+000
      vertex  6.898822e-001 -3.750000e-001  3.776930e-001
      vertex  6.305033e-001 -3.750000e-001  3.871724e-001
    endloop
  endfacet
  facet normal  -0.000000e+000 -1.000000e+000  0.000000e+000
    outer loop
      vertex  0.000000e+000 -3.750000e-001  0.000000e+000
      vertex  6.305033e-001 -3.750000e-001  3.871724e-001
      vertex  5.737642e-001 -3.750000e-001  4.070821e-001
    endloop
  endfacet
  facet normal  -0.000000e+000 -1.000000e+000  0.000000e+000
    outer loop
      vertex  0.000000e+000 -3.750000e-001  0.000000e+000
      vertex  5.737642e-001 -3.750000e-001  4.070821e-001
      vertex  5.214816e-001 -3.750000e-001  4.367847e-001
    endloop
  endfacet
  facet normal  -0.000000e+000 -9.999999e-001  0.000000e+000
    outer loop
      vertex  0.000000e+000 -3.750000e-001  0.000000e+000
      vertex  5.214816e-001 -3.750000e-001  4.367847e-001
      vertex  4.753292e-001 -3.750000e-001  4.753292e-001
    endloop
  endfacet
  facet normal  -0.000000e+000 -9.999999e-001  0.000000e+000
    outer loop
      vertex  0.000000e+000 -3.750000e-001  0.000000e+000
      vertex  4.753292e-001 -3.750000e-001  4.753292e-001
      vertex  4.367847e-001 -3.750000e-001  5.214816e-001
    endloop
  endfacet
  facet normal  -0.000000e+000 -1.000000e+000  0.000000e+000
    outer loop
      vertex  0.000000e+000 -3.750000e-001  0.000000e+000
      vertex  4.367847e-001 -3.750000e-001  5.214816e-001
      vertex  4.070821e-001 -3.750000e-001  5.737642e-001
    endloop
  endfacet
  facet normal  -0.000000e+000 -1.000000e+000  0.000000e+000
    outer loop
      vertex  0.000000e+000 -3.750000e-001  0.000000e+000
      vertex  4.070821e-001 -3.750000e-001  5.737642e-001
      vertex  3.871724e-001 -3.750000e-001  6.305033e-001
    endloop
  endfacet
  facet normal  -0.000000e+000 -1.000000e+000  0.000000e+000
    outer loop
      vertex  0.000000e+000 -3.750000e-001  0.000000e+000
      vertex  3.871724e-001 -3.750000e-001  6.305033e-001
      vertex  3.776930e-001 -3.750000e-001  6.898822e-001
    endloop
  endfacet
  facet normal  -0.000000e+000 -1.000000e+000  0.000000e+000
    outer loop
      vertex  0.000000e+000 -3.750000e-001  0.000000e+000
      vertex  3.776930e-001 -3.750000e-001  6.898822e-001
      vertex  3.789474e-001 -3.750000e-001  7.500000e-001
    endloop
  endfacet
  facet normal  -0.000000e+000 -1.000000e+000  0.000000e+000
    outer loop
      vertex  0.000000e+000 -3.750000e-001  0.000000e+000
      vertex  3.789474e-001 -3.750000e-001  7.500000e-001
      vertex  4.592425e-017 -3.750000e-001  7.500000e-001
    endloop
  endfacet
  facet normal  6.410097e-001  -0.000000e+000  7.675328e-001
    outer loop
      vertex  4.753292e-001  0.000000e+000  4.753292e-001
      vertex  5.214816e-001 -3.750000e-001  4.367847e-001
      vertex  5.214816e-001  0.000000e+000  4.367847e-001
    endloop
  endfacet
  facet normal  4.939658e-001  0.000000e+000  8.694814e-001
    outer loop
      vertex  5.214816e-001  0.000000e+000  4.367847e-001
      vertex  5.214816e-001 -3.750000e-001  4.367847e-001
      vertex  5.737642e-001 -3.750000e-001  4.070821e-001
    endloop
  endfacet
  facet normal  4.939658e-001  -0.000000e+000  8.694814e-001
    outer loop
      vertex  5.214816e-001  0.000000e+000  4.367847e-001
      vertex  5.737642e-001 -3.750000e-001  4.070821e-001
      vertex  5.737642e-001  0.000000e+000  4.070821e-001
    endloop
  endfacet
  facet normal  3.311063e-001  0.000000e+000  9.435934e-001
    outer loop
      vertex  5.737642e-001  0.000000e+000  4.070821e-001
      vertex  5.737642e-001 -3.750000e-001  4.070821e-001
      vertex  6.305033e-001 -3.750000e-001  3.871724e-001
    endloop
  endfacet
  facet normal  3.311063e-001  -0.000000e+000  9.435934e-001
    outer loop
      vertex  5.737642e-001  0.000000e+000  4.070821e-001
      vertex  6.305033e-001 -3.750000e-001  3.871724e-001
      vertex  6.305033e-001  0.000000e+000  3.871724e-001
    endloop
  endfacet
  facet normal  1.576463e-001  0.000000e+000  9.874957e-001
    outer loop
      vertex  6.305033e-001  0.000000e+000  3.871724e-001
      vertex  6.305033e-001 -3.750000e-001  3.871724e-001
      vertex  6.898822e-001 -3.750000e-001  3.776930e-001
    endloop
  endfacet
  facet normal  1.576463e-001  -0.000000e+000  9.874957e-001
    outer loop
      vertex  6.305033e-001  0.000000e+000  3.871724e-001
      vertex  6.898822e-001 -3.750000e-001  3.776930e-001
      vertex  6.898822e-001  0.000000e+000  3.776930e-001
    endloop
  endfacet
  facet normal -2.086083e-002  0.000000e+000  9.997823e-001
    outer loop
      vertex  6.898822e-001  0.000000e+000  3.776930e-001
      vertex  6.898822e-001 -3.750000e-001  3.776930e-001
      vertex  7.500000e-001 -3.750000e-001  3.789474e-001
    endloop
  endfacet
  facet normal -2.086083e-002  0.000000e+000  9.997823e-001
    outer loop
      vertex  6.898822e-001  0.000000e+000  3.776930e-001
      vertex  7.500000e-001 -3.750000e-001  3.789474e-001
      vertex  7.500000e-001  0.000000e+000  3.789474e-001
    endloop
  endfacet
  facet normal  6.410097e-001  0.000000e+000  7.675328e-001
    outer loop
      vertex  5.214816e-001 -3.750000e-001  4.367847e-001
      vertex  4.753292e-001  0.000000e+000  4.753292e-001
      vertex  4.753292e-001 -3.750000e-001  4.753292e-001
    endloop
  endfacet
  facet normal  7.675328e-001  -0.000000e+000  6.410097e-001
    outer loop
      vertex  4.753292e-001 -3.750000e-001  4.753292e-001
      vertex  4.753292e-001  0.000000e+000  4.753292e-001
      vertex  4.367847e-001  0.000000e+000  5.214816e-001
    endloop
  endfacet
  facet normal  7.675328e-001  0.000000e+000  6.410097e-001
    outer loop
      vertex  4.753292e-001 -3.750000e-001  4.753292e-001
      vertex  4.367847e-001  0.000000e+000  5.214816e-001
      vertex  4.367847e-001 -3.750000e-001  5.214816e-001
    endloop
  endfacet
  facet normal  8.694814e-001  -0.000000e+000  4.939658e-001
    outer loop
      vertex  4.367847e-001 -3.750000e-001  5.214816e-001
      vertex  4.367847e-001  0.000000e+000  5.214816e-001
      vertex  4.070821e-001  0.000000e+000  5.737642e-001
    endloop
  endfacet
  facet normal  8.694814e-001  0.000000e+000  4.939658e-001
    outer loop
      vertex  4.367847e-001 -3.750000e-001  5.214816e-001
      vertex  4.070821e-001  0.000000e+000  5.737642e-001
      vertex  4.070821e-001 -3.750000e-001  5.737642e-001
    endloop
  endfacet
  facet normal  9.435934e-001  -0.000000e+000  3.311063e-001
    outer loop
      vertex  4.070821e-001 -3.750000e-001  5.737642e-001
      vertex  4.070821e-001  0.000000e+000  5.737642e-001
      vertex  3.871724e-001  0.000000e+000  6.305033e-001
    endloop
  endfacet
  facet normal  9.435934e-001  0.000000e+000  3.311063e-001
    outer loop
      vertex  4.070821e-001 -3.750000e-001  5.737642e-001
      vertex  3.871724e-001  0.000000e+000  6.305033e-001
      vertex  3.871724e-001 -3.750000e-001  6.305033e-001
    endloop
  endfacet
  facet normal  9.874957e-001  -0.000000e+000  1.576463e-001
    outer loop
      vertex  3.871724e-001 -3.750000e-001  6.305033e-001
      vertex  3.871724e-001  0.000000e+000  6.305033e-001
      vertex  3.776930e-001  0.000000e+000  6.898822e-001
    endloop
  endfacet
  facet normal  9.874957e-001  0.000000e+000  1.576463e-001
    outer loop
      vertex  3.871724e-001 -3.750000e-001  6.305033e-001
      vertex  3.776930e-001  0.000000e+000  6.898822e-001
      vertex  3.776930e-001 -3.750000e-001  6.898822e-001
    endloop
  endfacet
  facet normal  9.997823e-001  0.000000e+000 -2.086083e-002
    outer loop
      vertex  3.776930e-001 -3.750000e-001  6.898822e-001
      vertex  3.776930e-001  0.000000e+000  6.898822e-001
      vertex  3.789474e-001  0.000000e+000  7.500000e-001
    endloop
  endfacet
  facet normal  9.997823e-001  0.000000e+000 -2.086083e-002
    outer loop
      vertex  3.776930e-001 -3.750000e-001  6.898822e-001
      vertex  3.789474e-001  0.000000e+000  7.500000e-001
      vertex  3.789474e-001 -3.750000e-001  7.500000e-001
    endloop
  endfacet
  facet normal  1.000000e+000  0.000000e+000  0.000000e+000
    outer loop
      vertex  7.500000e-001 -3.750000e-001 -4.592425e-017
      vertex  7.500000e-001  0.000000e+000 -4.592425e-017
      vertex  7.500000e-001 -3.750000e-001  3.789474e-001
    endloop
  endfacet
  facet normal  1.000000e+000  -0.000000e+000  0.000000e+000
    outer loop
      vertex  7.500000e-001 -3.750000e-001  3.789474e-001
      vertex  7.500000e-001  0.000000e+000 -4.592425e-017
      vertex  7.500000e-001  0.000000e+000  3.789474e-001
    endloop
  endfacet
endsolid CATIA STL
