solid CATIA STL
  facet normal  -0.000000e+000  -0.000000e+000  1.000000e+000
    outer loop
      vertex  0.000000e+000  1.484375e-001  1.328125e-001
      vertex  2.852185e-003  1.194788e-001  1.328125e-001
      vertex  1.129913e-002  9.163292e-002  1.328125e-001
    endloop
  endfacet
  facet normal  -0.000000e+000  -0.000000e+000  1.000000e+000
    outer loop
      vertex  0.000000e+000  1.484375e-001  1.328125e-001
      vertex  1.129913e-002  9.163292e-002  1.328125e-001
      vertex  2.501623e-002  6.597004e-002  1.328125e-001
    endloop
  endfacet
  facet normal  -0.000000e+000  -0.000000e+000  1.000000e+000
    outer loop
      vertex  0.000000e+000  1.484375e-001  1.328125e-001
      vertex  2.501623e-002  6.597004e-002  1.328125e-001
      vertex  4.347634e-002  4.347634e-002  1.328125e-001
    endloop
  endfacet
  facet normal  -0.000000e+000  -0.000000e+000  1.000000e+000
    outer loop
      vertex  0.000000e+000  1.484375e-001  1.328125e-001
      vertex  4.347634e-002  4.347634e-002  1.328125e-001
      vertex  6.597004e-002  2.501623e-002  1.328125e-001
    endloop
  endfacet
  facet normal  -0.000000e+000  -0.000000e+000  1.000000e+000
    outer loop
      vertex  0.000000e+000  1.484375e-001  1.328125e-001
      vertex  6.597004e-002  2.501623e-002  1.328125e-001
      vertex  9.163292e-002  1.129913e-002  1.328125e-001
    endloop
  endfacet
  facet normal  -0.000000e+000  -0.000000e+000  1.000000e+000
    outer loop
      vertex  0.000000e+000  1.484375e-001  1.328125e-001
      vertex  9.163292e-002  1.129913e-002  1.328125e-001
      vertex  1.194788e-001  2.852185e-003  1.328125e-001
    endloop
  endfacet
  facet normal  -0.000000e+000  -0.000000e+000  1.000000e+000
    outer loop
      vertex  0.000000e+000  1.484375e-001  1.328125e-001
      vertex  1.194788e-001  2.852185e-003  1.328125e-001
      vertex  1.484375e-001  0.000000e+000  1.328125e-001
    endloop
  endfacet
  facet normal  0.000000e+000  -0.000000e+000  9.999999e-001
    outer loop
      vertex  0.000000e+000  1.484375e-001  1.328125e-001
      vertex  1.484375e-001  0.000000e+000  1.328125e-001
      vertex  7.500000e-001  0.000000e+000  1.328125e-001
    endloop
  endfacet
  facet normal  0.000000e+000  -0.000000e+000  1.000000e+000
    outer loop
      vertex  0.000000e+000  1.484375e-001  1.328125e-001
      vertex  7.500000e-001  0.000000e+000  1.328125e-001
      vertex  7.500000e-001  6.631579e-001  1.328125e-001
    endloop
  endfacet
  facet normal  0.000000e+000  0.000000e+000  1.000000e+000
    outer loop
      vertex  0.000000e+000  1.484375e-001  1.328125e-001
      vertex  7.500000e-001  6.631579e-001  1.328125e-001
      vertex  0.000000e+000  6.631579e-001  1.328125e-001
    endloop
  endfacet
  facet normal  0.000000e+000  0.000000e+000 -1.000000e+000
    outer loop
      vertex  0.000000e+000  1.484375e-001  0.000000e+000
      vertex  0.000000e+000  6.631579e-001  0.000000e+000
      vertex  7.500000e-001  6.631579e-001  0.000000e+000
    endloop
  endfacet
  facet normal  0.000000e+000  -0.000000e+000 -1.000000e+000
    outer loop
      vertex  0.000000e+000  1.484375e-001  0.000000e+000
      vertex  7.500000e-001  6.631579e-001  0.000000e+000
      vertex  7.500000e-001  0.000000e+000  0.000000e+000
    endloop
  endfacet
  facet normal  0.000000e+000  0.000000e+000 -9.999999e-001
    outer loop
      vertex  0.000000e+000  1.484375e-001  0.000000e+000
      vertex  7.500000e-001  0.000000e+000  0.000000e+000
      vertex  1.484375e-001  0.000000e+000  0.000000e+000
    endloop
  endfacet
  facet normal  0.000000e+000  0.000000e+000 -1.000000e+000
    outer loop
      vertex  0.000000e+000  1.484375e-001  0.000000e+000
      vertex  1.484375e-001  0.000000e+000  0.000000e+000
      vertex  1.194788e-001  2.852185e-003  0.000000e+000
    endloop
  endfacet
  facet normal  0.000000e+000  0.000000e+000 -1.000000e+000
    outer loop
      vertex  0.000000e+000  1.484375e-001  0.000000e+000
      vertex  1.194788e-001  2.852185e-003  0.000000e+000
      vertex  9.163292e-002  1.129913e-002  0.000000e+000
    endloop
  endfacet
  facet normal  0.000000e+000  0.000000e+000 -1.000000e+000
    outer loop
      vertex  0.000000e+000  1.484375e-001  0.000000e+000
      vertex  9.163292e-002  1.129913e-002  0.000000e+000
      vertex  6.597004e-002  2.501623e-002  0.000000e+000
    endloop
  endfacet
  facet normal  0.000000e+000  0.000000e+000 -9.999999e-001
    outer loop
      vertex  0.000000e+000  1.484375e-001  0.000000e+000
      vertex  6.597004e-002  2.501623e-002  0.000000e+000
      vertex  4.347634e-002  4.347634e-002  0.000000e+000
    endloop
  endfacet
  facet normal  0.000000e+000  0.000000e+000 -1.000000e+000
    outer loop
      vertex  0.000000e+000  1.484375e-001  0.000000e+000
      vertex  4.347634e-002  4.347634e-002  0.000000e+000
      vertex  2.501623e-002  6.597004e-002  0.000000e+000
    endloop
  endfacet
  facet normal  0.000000e+000  0.000000e+000 -1.000000e+000
    outer loop
      vertex  0.000000e+000  1.484375e-001  0.000000e+000
      vertex  2.501623e-002  6.597004e-002  0.000000e+000
      vertex  1.129913e-002  9.163292e-002  0.000000e+000
    endloop
  endfacet
  facet normal  0.000000e+000  0.000000e+000 -1.000000e+000
    outer loop
      vertex  0.000000e+000  1.484375e-001  0.000000e+000
      vertex  1.129913e-002  9.163292e-002  0.000000e+000
      vertex  2.852185e-003  1.194788e-001  0.000000e+000
    endloop
  endfacet
  facet normal -1.000000e+000  0.000000e+000  0.000000e+000
    outer loop
      vertex  0.000000e+000  6.631579e-001  1.328125e-001
      vertex  0.000000e+000  6.631579e-001  0.000000e+000
      vertex  0.000000e+000  1.484375e-001  1.328125e-001
    endloop
  endfacet
  facet normal -1.000000e+000  0.000000e+000  0.000000e+000
    outer loop
      vertex  0.000000e+000  1.484375e-001  1.328125e-001
      vertex  0.000000e+000  6.631579e-001  0.000000e+000
      vertex  0.000000e+000  1.484375e-001  0.000000e+000
    endloop
  endfacet
  facet normal  0.000000e+000 -1.000000e+000  0.000000e+000
    outer loop
      vertex  1.484375e-001  0.000000e+000  1.328125e-001
      vertex  1.484375e-001  0.000000e+000  0.000000e+000
      vertex  7.500000e-001  0.000000e+000  1.328125e-001
    endloop
  endfacet
  facet normal  0.000000e+000 -1.000000e+000  -0.000000e+000
    outer loop
      vertex  7.500000e-001  0.000000e+000  1.328125e-001
      vertex  1.484375e-001  0.000000e+000  0.000000e+000
      vertex  7.500000e-001  0.000000e+000  0.000000e+000
    endloop
  endfacet
  facet normal -9.801713e-002 -9.951847e-001  -0.000000e+000
    outer loop
      vertex  1.484375e-001  0.000000e+000  0.000000e+000
      vertex  1.484375e-001  0.000000e+000  1.328125e-001
      vertex  1.194788e-001  2.852185e-003  0.000000e+000
    endloop
  endfacet
  facet normal -9.801713e-002 -9.951847e-001  0.000000e+000
    outer loop
      vertex  1.194788e-001  2.852185e-003  0.000000e+000
      vertex  1.484375e-001  0.000000e+000  1.328125e-001
      vertex  1.194788e-001  2.852185e-003  1.328125e-001
    endloop
  endfacet
  facet normal -2.902847e-001 -9.569403e-001  -0.000000e+000
    outer loop
      vertex  1.194788e-001  2.852185e-003  0.000000e+000
      vertex  1.194788e-001  2.852185e-003  1.328125e-001
      vertex  9.163292e-002  1.129913e-002  0.000000e+000
    endloop
  endfacet
  facet normal -2.902847e-001 -9.569403e-001  0.000000e+000
    outer loop
      vertex  9.163292e-002  1.129913e-002  0.000000e+000
      vertex  1.194788e-001  2.852185e-003  1.328125e-001
      vertex  9.163292e-002  1.129913e-002  1.328125e-001
    endloop
  endfacet
  facet normal -4.713967e-001 -8.819212e-001  -0.000000e+000
    outer loop
      vertex  9.163292e-002  1.129913e-002  0.000000e+000
      vertex  9.163292e-002  1.129913e-002  1.328125e-001
      vertex  6.597004e-002  2.501623e-002  0.000000e+000
    endloop
  endfacet
  facet normal -4.713967e-001 -8.819212e-001  0.000000e+000
    outer loop
      vertex  6.597004e-002  2.501623e-002  0.000000e+000
      vertex  9.163292e-002  1.129913e-002  1.328125e-001
      vertex  6.597004e-002  2.501623e-002  1.328125e-001
    endloop
  endfacet
  facet normal -6.343933e-001 -7.730105e-001  -0.000000e+000
    outer loop
      vertex  6.597004e-002  2.501623e-002  0.000000e+000
      vertex  6.597004e-002  2.501623e-002  1.328125e-001
      vertex  4.347634e-002  4.347634e-002  0.000000e+000
    endloop
  endfacet
  facet normal -6.343933e-001 -7.730105e-001  0.000000e+000
    outer loop
      vertex  4.347634e-002  4.347634e-002  0.000000e+000
      vertex  6.597004e-002  2.501623e-002  1.328125e-001
      vertex  4.347634e-002  4.347634e-002  1.328125e-001
    endloop
  endfacet
  facet normal -7.730105e-001 -6.343933e-001  -0.000000e+000
    outer loop
      vertex  4.347634e-002  4.347634e-002  0.000000e+000
      vertex  4.347634e-002  4.347634e-002  1.328125e-001
      vertex  2.501623e-002  6.597004e-002  0.000000e+000
    endloop
  endfacet
  facet normal -7.730105e-001 -6.343933e-001  0.000000e+000
    outer loop
      vertex  2.501623e-002  6.597004e-002  0.000000e+000
      vertex  4.347634e-002  4.347634e-002  1.328125e-001
      vertex  2.501623e-002  6.597004e-002  1.328125e-001
    endloop
  endfacet
  facet normal -8.819212e-001 -4.713967e-001  -0.000000e+000
    outer loop
      vertex  2.501623e-002  6.597004e-002  0.000000e+000
      vertex  2.501623e-002  6.597004e-002  1.328125e-001
      vertex  1.129913e-002  9.163292e-002  0.000000e+000
    endloop
  endfacet
  facet normal -8.819212e-001 -4.713967e-001  0.000000e+000
    outer loop
      vertex  1.129913e-002  9.163292e-002  0.000000e+000
      vertex  2.501623e-002  6.597004e-002  1.328125e-001
      vertex  1.129913e-002  9.163292e-002  1.328125e-001
    endloop
  endfacet
  facet normal -9.569403e-001 -2.902847e-001  -0.000000e+000
    outer loop
      vertex  1.129913e-002  9.163292e-002  0.000000e+000
      vertex  1.129913e-002  9.163292e-002  1.328125e-001
      vertex  2.852185e-003  1.194788e-001  0.000000e+000
    endloop
  endfacet
  facet normal -9.569403e-001 -2.902847e-001  0.000000e+000
    outer loop
      vertex  2.852185e-003  1.194788e-001  0.000000e+000
      vertex  1.129913e-002  9.163292e-002  1.328125e-001
      vertex  2.852185e-003  1.194788e-001  1.328125e-001
    endloop
  endfacet
  facet normal -9.951847e-001 -9.801713e-002  -0.000000e+000
    outer loop
      vertex  2.852185e-003  1.194788e-001  0.000000e+000
      vertex  2.852185e-003  1.194788e-001  1.328125e-001
      vertex  0.000000e+000  1.484375e-001  0.000000e+000
    endloop
  endfacet
  facet normal -9.951847e-001 -9.801713e-002  0.000000e+000
    outer loop
      vertex  0.000000e+000  1.484375e-001  0.000000e+000
      vertex  2.852185e-003  1.194788e-001  1.328125e-001
      vertex  0.000000e+000  1.484375e-001  1.328125e-001
    endloop
  endfacet
  facet normal  0.000000e+000  1.000000e+000  -0.000000e+000
    outer loop
      vertex  7.500000e-001  6.631579e-001  1.328125e-001
      vertex  7.500000e-001  6.631579e-001  0.000000e+000
      vertex  0.000000e+000  6.631579e-001  1.328125e-001
    endloop
  endfacet
  facet normal  0.000000e+000  1.000000e+000  0.000000e+000
    outer loop
      vertex  0.000000e+000  6.631579e-001  1.328125e-001
      vertex  7.500000e-001  6.631579e-001  0.000000e+000
      vertex  0.000000e+000  6.631579e-001  0.000000e+000
    endloop
  endfacet
  facet normal  9.999999e-001  0.000000e+000  0.000000e+000
    outer loop
      vertex  7.500000e-001  0.000000e+000  1.328125e-001
      vertex  7.500000e-001  0.000000e+000  0.000000e+000
      vertex  7.500000e-001  6.631579e-001  1.328125e-001
    endloop
  endfacet
  facet normal  9.999999e-001  0.000000e+000  0.000000e+000
    outer loop
      vertex  7.500000e-001  6.631579e-001  1.328125e-001
      vertex  7.500000e-001  0.000000e+000  0.000000e+000
      vertex  7.500000e-001  6.631579e-001  0.000000e+000
    endloop
  endfacet
endsolid CATIA STL
