solid CATIA STL
  facet normal  0.000000e+000 -1.000000e+000  0.000000e+000
    outer loop
      vertex  9.292763e-003 -7.500000e-001 -6.332237e-003
      vertex  1.414474e-002 -7.500000e-001 -6.332237e-003
      vertex -5.142855e-003 -7.500000e-001  3.313334e-003
    endloop
  endfacet
  facet normal  0.000000e+000 -1.000000e+000  0.000000e+000
    outer loop
      vertex  1.414474e-002 -7.500000e-001  1.414474e-002
      vertex -6.332237e-003 -7.500000e-001  1.414474e-002
      vertex -6.332237e-003 -7.500000e-001  9.292763e-003
    endloop
  endfacet
  facet normal  0.000000e+000 -9.999999e-001  0.000000e+000
    outer loop
      vertex  1.414474e-002 -7.500000e-001  1.414474e-002
      vertex -6.332237e-003 -7.500000e-001  9.292763e-003
      vertex -6.032007e-003 -7.500000e-001  6.244477e-003
    endloop
  endfacet
  facet normal  0.000000e+000 -1.000000e+000  0.000000e+000
    outer loop
      vertex  1.414474e-002 -7.500000e-001  1.414474e-002
      vertex -6.032007e-003 -7.500000e-001  6.244477e-003
      vertex -5.142855e-003 -7.500000e-001  3.313334e-003
    endloop
  endfacet
  facet normal  0.000000e+000 -1.000000e+000  0.000000e+000
    outer loop
      vertex  1.414474e-002 -7.500000e-001  1.414474e-002
      vertex -5.142855e-003 -7.500000e-001  3.313334e-003
      vertex  1.414474e-002 -7.500000e-001 -6.332237e-003
    endloop
  endfacet
  facet normal  0.000000e+000 -1.000000e+000  0.000000e+000
    outer loop
      vertex  6.244477e-003 -7.500000e-001 -6.032007e-003
      vertex  9.292763e-003 -7.500000e-001 -6.332237e-003
      vertex -5.142855e-003 -7.500000e-001  3.313334e-003
    endloop
  endfacet
  facet normal  0.000000e+000 -1.000000e+000  0.000000e+000
    outer loop
      vertex  6.244477e-003 -7.500000e-001 -6.032007e-003
      vertex -5.142855e-003 -7.500000e-001  3.313334e-003
      vertex -3.698949e-003 -7.500000e-001  6.119783e-004
    endloop
  endfacet
  facet normal  0.000000e+000 -1.000000e+000  0.000000e+000
    outer loop
      vertex  6.244477e-003 -7.500000e-001 -6.032007e-003
      vertex -3.698949e-003 -7.500000e-001  6.119783e-004
      vertex -1.755780e-003 -7.500000e-001 -1.755780e-003
    endloop
  endfacet
  facet normal  0.000000e+000 -1.000000e+000  0.000000e+000
    outer loop
      vertex  6.244477e-003 -7.500000e-001 -6.032007e-003
      vertex -1.755780e-003 -7.500000e-001 -1.755780e-003
      vertex  6.119783e-004 -7.500000e-001 -3.698949e-003
    endloop
  endfacet
  facet normal  0.000000e+000 -1.000000e+000  0.000000e+000
    outer loop
      vertex  6.244477e-003 -7.500000e-001 -6.032007e-003
      vertex  6.119783e-004 -7.500000e-001 -3.698949e-003
      vertex  3.313334e-003 -7.500000e-001 -5.142855e-003
    endloop
  endfacet
  facet normal -6.158268e-017  1.000000e+000 -6.158268e-017
    outer loop
      vertex -5.142855e-003  8.495627e-019  3.313334e-003
      vertex  1.414474e-002  1.443344e-018 -6.332237e-003
      vertex  9.292763e-003  1.144547e-018 -6.332237e-003
    endloop
  endfacet
  facet normal -6.158268e-017  1.000000e+000 -6.158268e-017
    outer loop
      vertex  1.414474e-002  2.704371e-018  1.414474e-002
      vertex  1.414474e-002  1.443344e-018 -6.332237e-003
      vertex -5.142855e-003  8.495627e-019  3.313334e-003
    endloop
  endfacet
  facet normal -6.158268e-017  1.000000e+000 -6.158266e-017
    outer loop
      vertex  1.414474e-002  2.704371e-018  1.414474e-002
      vertex -5.142855e-003  8.495627e-019  3.313334e-003
      vertex -6.032007e-003  9.753139e-019  6.244477e-003
    endloop
  endfacet
  facet normal -6.158267e-017  9.999999e-001 -6.158268e-017
    outer loop
      vertex  1.414474e-002  2.704371e-018  1.414474e-002
      vertex -6.032007e-003  9.753139e-019  6.244477e-003
      vertex -6.332237e-003  1.144547e-018  9.292763e-003
    endloop
  endfacet
  facet normal -6.158268e-017  1.000000e+000 -6.158268e-017
    outer loop
      vertex  1.414474e-002  2.704371e-018  1.414474e-002
      vertex -6.332237e-003  1.144547e-018  9.292763e-003
      vertex -6.332237e-003  1.443344e-018  1.414474e-002
    endloop
  endfacet
  facet normal -6.158264e-017  1.000000e+000 -6.158259e-017
    outer loop
      vertex  6.244477e-003  9.753139e-019 -6.032007e-003
      vertex  3.313334e-003  8.495627e-019 -5.142855e-003
      vertex  6.119783e-004  7.721254e-019 -3.698949e-003
    endloop
  endfacet
  facet normal -6.158268e-017  1.000000e+000 -6.158270e-017
    outer loop
      vertex  6.244477e-003  9.753139e-019 -6.032007e-003
      vertex  6.119783e-004  7.721254e-019 -3.698949e-003
      vertex -1.755780e-003  7.459781e-019 -1.755780e-003
    endloop
  endfacet
  facet normal -6.158266e-017  1.000000e+000 -6.158265e-017
    outer loop
      vertex  6.244477e-003  9.753139e-019 -6.032007e-003
      vertex -1.755780e-003  7.459781e-019 -1.755780e-003
      vertex -3.698949e-003  7.721254e-019  6.119783e-004
    endloop
  endfacet
  facet normal -6.158269e-017  1.000000e+000 -6.158270e-017
    outer loop
      vertex  6.244477e-003  9.753139e-019 -6.032007e-003
      vertex -3.698949e-003  7.721254e-019  6.119783e-004
      vertex -5.142855e-003  8.495627e-019  3.313334e-003
    endloop
  endfacet
  facet normal -6.158268e-017  1.000000e+000 -6.158268e-017
    outer loop
      vertex  6.244477e-003  9.753139e-019 -6.032007e-003
      vertex -5.142855e-003  8.495627e-019  3.313334e-003
      vertex  9.292763e-003  1.144547e-018 -6.332237e-003
    endloop
  endfacet
  facet normal -1.000000e+000  0.000000e+000  0.000000e+000
    outer loop
      vertex -6.332237e-003  1.443344e-018  1.414474e-002
      vertex -6.332237e-003  1.144547e-018  9.292763e-003
      vertex -6.332237e-003 -7.500000e-001  1.414474e-002
    endloop
  endfacet
  facet normal -1.000000e+000  0.000000e+000  0.000000e+000
    outer loop
      vertex -6.332237e-003 -7.500000e-001  1.414474e-002
      vertex -6.332237e-003  1.144547e-018  9.292763e-003
      vertex -6.332237e-003 -7.500000e-001  9.292763e-003
    endloop
  endfacet
  facet normal  0.000000e+000  0.000000e+000 -1.000000e+000
    outer loop
      vertex  9.292763e-003  1.144547e-018 -6.332237e-003
      vertex  1.414474e-002  1.443344e-018 -6.332237e-003
      vertex  9.292763e-003 -7.500000e-001 -6.332237e-003
    endloop
  endfacet
  facet normal  0.000000e+000  0.000000e+000 -1.000000e+000
    outer loop
      vertex  9.292763e-003 -7.500000e-001 -6.332237e-003
      vertex  1.414474e-002  1.443344e-018 -6.332237e-003
      vertex  1.414474e-002 -7.500000e-001 -6.332237e-003
    endloop
  endfacet
  facet normal -9.801715e-002  0.000000e+000 -9.951847e-001
    outer loop
      vertex  9.292763e-003  1.144547e-018 -6.332237e-003
      vertex  9.292763e-003 -7.500000e-001 -6.332237e-003
      vertex  6.244477e-003  9.753139e-019 -6.032007e-003
    endloop
  endfacet
  facet normal -9.801715e-002  -0.000000e+000 -9.951847e-001
    outer loop
      vertex  6.244477e-003  9.753139e-019 -6.032007e-003
      vertex  9.292763e-003 -7.500000e-001 -6.332237e-003
      vertex  6.244477e-003 -7.500000e-001 -6.032007e-003
    endloop
  endfacet
  facet normal -2.902847e-001  0.000000e+000 -9.569404e-001
    outer loop
      vertex  6.244477e-003  9.753139e-019 -6.032007e-003
      vertex  6.244477e-003 -7.500000e-001 -6.032007e-003
      vertex  3.313334e-003  8.495627e-019 -5.142855e-003
    endloop
  endfacet
  facet normal -2.902847e-001  -0.000000e+000 -9.569404e-001
    outer loop
      vertex  3.313334e-003  8.495627e-019 -5.142855e-003
      vertex  6.244477e-003 -7.500000e-001 -6.032007e-003
      vertex  3.313334e-003 -7.500000e-001 -5.142855e-003
    endloop
  endfacet
  facet normal -4.713968e-001  0.000000e+000 -8.819212e-001
    outer loop
      vertex  3.313334e-003  8.495627e-019 -5.142855e-003
      vertex  3.313334e-003 -7.500000e-001 -5.142855e-003
      vertex  6.119783e-004  7.721254e-019 -3.698949e-003
    endloop
  endfacet
  facet normal -4.713968e-001  -0.000000e+000 -8.819212e-001
    outer loop
      vertex  6.119783e-004  7.721254e-019 -3.698949e-003
      vertex  3.313334e-003 -7.500000e-001 -5.142855e-003
      vertex  6.119783e-004 -7.500000e-001 -3.698949e-003
    endloop
  endfacet
  facet normal -6.343933e-001  0.000000e+000 -7.730105e-001
    outer loop
      vertex  6.119783e-004  7.721254e-019 -3.698949e-003
      vertex  6.119783e-004 -7.500000e-001 -3.698949e-003
      vertex -1.755780e-003  7.459781e-019 -1.755780e-003
    endloop
  endfacet
  facet normal -6.343933e-001  -0.000000e+000 -7.730105e-001
    outer loop
      vertex -1.755780e-003  7.459781e-019 -1.755780e-003
      vertex  6.119783e-004 -7.500000e-001 -3.698949e-003
      vertex -1.755780e-003 -7.500000e-001 -1.755780e-003
    endloop
  endfacet
  facet normal -7.730105e-001  0.000000e+000 -6.343933e-001
    outer loop
      vertex -1.755780e-003  7.459781e-019 -1.755780e-003
      vertex -1.755780e-003 -7.500000e-001 -1.755780e-003
      vertex -3.698949e-003  7.721254e-019  6.119783e-004
    endloop
  endfacet
  facet normal -7.730105e-001  -0.000000e+000 -6.343933e-001
    outer loop
      vertex -3.698949e-003  7.721254e-019  6.119783e-004
      vertex -1.755780e-003 -7.500000e-001 -1.755780e-003
      vertex -3.698949e-003 -7.500000e-001  6.119783e-004
    endloop
  endfacet
  facet normal -8.819212e-001  0.000000e+000 -4.713968e-001
    outer loop
      vertex -3.698949e-003  7.721254e-019  6.119783e-004
      vertex -3.698949e-003 -7.500000e-001  6.119783e-004
      vertex -5.142855e-003  8.495627e-019  3.313334e-003
    endloop
  endfacet
  facet normal -8.819212e-001  -0.000000e+000 -4.713968e-001
    outer loop
      vertex -5.142855e-003  8.495627e-019  3.313334e-003
      vertex -3.698949e-003 -7.500000e-001  6.119783e-004
      vertex -5.142855e-003 -7.500000e-001  3.313334e-003
    endloop
  endfacet
  facet normal -9.569404e-001  0.000000e+000 -2.902847e-001
    outer loop
      vertex -5.142855e-003  8.495627e-019  3.313334e-003
      vertex -5.142855e-003 -7.500000e-001  3.313334e-003
      vertex -6.032007e-003  9.753139e-019  6.244477e-003
    endloop
  endfacet
  facet normal -9.569404e-001  -0.000000e+000 -2.902847e-001
    outer loop
      vertex -6.032007e-003  9.753139e-019  6.244477e-003
      vertex -5.142855e-003 -7.500000e-001  3.313334e-003
      vertex -6.032007e-003 -7.500000e-001  6.244477e-003
    endloop
  endfacet
  facet normal -9.951847e-001  0.000000e+000 -9.801715e-002
    outer loop
      vertex -6.032007e-003  9.753139e-019  6.244477e-003
      vertex -6.032007e-003 -7.500000e-001  6.244477e-003
      vertex -6.332237e-003  1.144547e-018  9.292763e-003
    endloop
  endfacet
  facet normal -9.951847e-001  -0.000000e+000 -9.801715e-002
    outer loop
      vertex -6.332237e-003  1.144547e-018  9.292763e-003
      vertex -6.032007e-003 -7.500000e-001  6.244477e-003
      vertex -6.332237e-003 -7.500000e-001  9.292763e-003
    endloop
  endfacet
  facet normal  -0.000000e+000  0.000000e+000  1.000000e+000
    outer loop
      vertex  1.414474e-002  2.704371e-018  1.414474e-002
      vertex -6.332237e-003  1.443344e-018  1.414474e-002
      vertex  1.414474e-002 -7.500000e-001  1.414474e-002
    endloop
  endfacet
  facet normal  0.000000e+000  0.000000e+000  1.000000e+000
    outer loop
      vertex  1.414474e-002 -7.500000e-001  1.414474e-002
      vertex -6.332237e-003  1.443344e-018  1.414474e-002
      vertex -6.332237e-003 -7.500000e-001  1.414474e-002
    endloop
  endfacet
  facet normal  1.000000e+000  0.000000e+000  0.000000e+000
    outer loop
      vertex  1.414474e-002  1.443344e-018 -6.332237e-003
      vertex  1.414474e-002  2.704371e-018  1.414474e-002
      vertex  1.414474e-002 -7.500000e-001 -6.332237e-003
    endloop
  endfacet
  facet normal  1.000000e+000  0.000000e+000  0.000000e+000
    outer loop
      vertex  1.414474e-002 -7.500000e-001 -6.332237e-003
      vertex  1.414474e-002  2.704371e-018  1.414474e-002
      vertex  1.414474e-002 -7.500000e-001  1.414474e-002
    endloop
  endfacet
endsolid CATIA STL
