solid CATIA STL
  facet normal  0.000000e+000 -1.000000e+000  0.000000e+000
    outer loop
      vertex -7.500000e-001 -1.562500e-002  0.000000e+000
      vertex -7.500000e-001 -1.562500e-002 -7.500000e-001
      vertex  0.000000e+000 -1.562500e-002 -7.500000e-001
    endloop
  endfacet
  facet normal  0.000000e+000 -1.000000e+000  0.000000e+000
    outer loop
      vertex -7.500000e-001 -1.562500e-002  0.000000e+000
      vertex  0.000000e+000 -1.562500e-002 -7.500000e-001
      vertex  3.827021e-017 -1.562500e-002 -1.250000e-001
    endloop
  endfacet
  facet normal  0.000000e+000 -1.000000e+000  0.000000e+000
    outer loop
      vertex -7.500000e-001 -1.562500e-002  0.000000e+000
      vertex  3.827021e-017 -1.562500e-002 -1.250000e-001
      vertex -2.401840e-003 -1.562500e-002 -1.006137e-001
    endloop
  endfacet
  facet normal  0.000000e+000 -1.000000e+000  0.000000e+000
    outer loop
      vertex -7.500000e-001 -1.562500e-002  0.000000e+000
      vertex -2.401840e-003 -1.562500e-002 -1.006137e-001
      vertex -9.515058e-003 -1.562500e-002 -7.716457e-002
    endloop
  endfacet
  facet normal  0.000000e+000 -9.999999e-001  0.000000e+000
    outer loop
      vertex -7.500000e-001 -1.562500e-002  0.000000e+000
      vertex -9.515058e-003 -1.562500e-002 -7.716457e-002
      vertex -2.106630e-002 -1.562500e-002 -5.555372e-002
    endloop
  endfacet
  facet normal  0.000000e+000 -1.000000e+000  0.000000e+000
    outer loop
      vertex -7.500000e-001 -1.562500e-002  0.000000e+000
      vertex -2.106630e-002 -1.562500e-002 -5.555372e-002
      vertex -3.661165e-002 -1.562500e-002 -3.661165e-002
    endloop
  endfacet
  facet normal  0.000000e+000 -1.000000e+000  0.000000e+000
    outer loop
      vertex -7.500000e-001 -1.562500e-002  0.000000e+000
      vertex -3.661165e-002 -1.562500e-002 -3.661165e-002
      vertex -5.555372e-002 -1.562500e-002 -2.106630e-002
    endloop
  endfacet
  facet normal  0.000000e+000 -9.999999e-001  0.000000e+000
    outer loop
      vertex -7.500000e-001 -1.562500e-002  0.000000e+000
      vertex -5.555372e-002 -1.562500e-002 -2.106630e-002
      vertex -7.716457e-002 -1.562500e-002 -9.515058e-003
    endloop
  endfacet
  facet normal  0.000000e+000 -1.000000e+000  0.000000e+000
    outer loop
      vertex -7.500000e-001 -1.562500e-002  0.000000e+000
      vertex -7.716457e-002 -1.562500e-002 -9.515058e-003
      vertex -1.006137e-001 -1.562500e-002 -2.401840e-003
    endloop
  endfacet
  facet normal  0.000000e+000 -1.000000e+000  0.000000e+000
    outer loop
      vertex -7.500000e-001 -1.562500e-002  0.000000e+000
      vertex -1.006137e-001 -1.562500e-002 -2.401840e-003
      vertex -1.250000e-001 -1.562500e-002  0.000000e+000
    endloop
  endfacet
  facet normal -1.110223e-016  1.000000e+000 -1.110218e-016
    outer loop
      vertex -7.500000e-001  8.326673e-017  0.000000e+000
      vertex -1.250000e-001  1.526557e-016  0.000000e+000
      vertex -1.006137e-001  1.550964e-016 -2.401840e-003
    endloop
  endfacet
  facet normal -1.110223e-016  1.000000e+000 -1.110217e-016
    outer loop
      vertex -7.500000e-001  8.326673e-017  0.000000e+000
      vertex -1.006137e-001  1.550964e-016 -2.401840e-003
      vertex -7.716457e-002  1.569101e-016 -9.515058e-003
    endloop
  endfacet
  facet normal -1.110223e-016  9.999999e-001 -1.110224e-016
    outer loop
      vertex -7.500000e-001  8.326673e-017  0.000000e+000
      vertex -7.716457e-002  1.569101e-016 -9.515058e-003
      vertex -5.555372e-002  1.580269e-016 -2.106630e-002
    endloop
  endfacet
  facet normal -1.110223e-016  1.000000e+000 -1.110229e-016
    outer loop
      vertex -7.500000e-001  8.326673e-017  0.000000e+000
      vertex -5.555372e-002  1.580269e-016 -2.106630e-002
      vertex -3.661165e-002  1.584040e-016 -3.661165e-002
    endloop
  endfacet
  facet normal -1.110223e-016  1.000000e+000 -1.110218e-016
    outer loop
      vertex -7.500000e-001  8.326673e-017  0.000000e+000
      vertex -3.661165e-002  1.584040e-016 -3.661165e-002
      vertex -2.106630e-002  1.580269e-016 -5.555372e-002
    endloop
  endfacet
  facet normal -1.110223e-016  9.999999e-001 -1.110222e-016
    outer loop
      vertex -7.500000e-001  8.326673e-017  0.000000e+000
      vertex -2.106630e-002  1.580269e-016 -5.555372e-002
      vertex -9.515058e-003  1.569101e-016 -7.716457e-002
    endloop
  endfacet
  facet normal -1.110223e-016  1.000000e+000 -1.110225e-016
    outer loop
      vertex -7.500000e-001  8.326673e-017  0.000000e+000
      vertex -9.515058e-003  1.569101e-016 -7.716457e-002
      vertex -2.401840e-003  1.550964e-016 -1.006137e-001
    endloop
  endfacet
  facet normal -1.110223e-016  1.000000e+000 -1.110224e-016
    outer loop
      vertex -7.500000e-001  8.326673e-017  0.000000e+000
      vertex -2.401840e-003  1.550964e-016 -1.006137e-001
      vertex  3.827021e-017  1.526557e-016 -1.250000e-001
    endloop
  endfacet
  facet normal -1.110223e-016  1.000000e+000 -1.110223e-016
    outer loop
      vertex -7.500000e-001  8.326673e-017  0.000000e+000
      vertex  3.827021e-017  1.526557e-016 -1.250000e-001
      vertex  0.000000e+000  8.326673e-017 -7.500000e-001
    endloop
  endfacet
  facet normal -1.110223e-016  1.000000e+000 -1.110223e-016
    outer loop
      vertex -7.500000e-001  8.326673e-017  0.000000e+000
      vertex  0.000000e+000  8.326673e-017 -7.500000e-001
      vertex -7.500000e-001  0.000000e+000 -7.500000e-001
    endloop
  endfacet
  facet normal  0.000000e+000  0.000000e+000  1.000000e+000
    outer loop
      vertex -1.250000e-001 -1.562500e-002  0.000000e+000
      vertex -1.250000e-001  1.526557e-016  0.000000e+000
      vertex -7.500000e-001 -1.562500e-002  0.000000e+000
    endloop
  endfacet
  facet normal  0.000000e+000  0.000000e+000  1.000000e+000
    outer loop
      vertex -7.500000e-001 -1.562500e-002  0.000000e+000
      vertex -1.250000e-001  1.526557e-016  0.000000e+000
      vertex -7.500000e-001  8.326673e-017  0.000000e+000
    endloop
  endfacet
  facet normal  1.000000e+000  0.000000e+000 -6.123234e-017
    outer loop
      vertex  0.000000e+000 -1.562500e-002 -7.500000e-001
      vertex  0.000000e+000  8.326673e-017 -7.500000e-001
      vertex  3.827021e-017 -1.562500e-002 -1.250000e-001
    endloop
  endfacet
  facet normal  1.000000e+000  0.000000e+000 -6.123234e-017
    outer loop
      vertex  3.827021e-017 -1.562500e-002 -1.250000e-001
      vertex  0.000000e+000  8.326673e-017 -7.500000e-001
      vertex  3.827021e-017  1.526557e-016 -1.250000e-001
    endloop
  endfacet
  facet normal  9.801716e-002  -0.000000e+000  9.951848e-001
    outer loop
      vertex -1.250000e-001  1.526557e-016  0.000000e+000
      vertex -1.250000e-001 -1.562500e-002  0.000000e+000
      vertex -1.006137e-001  1.550964e-016 -2.401840e-003
    endloop
  endfacet
  facet normal  9.801716e-002  0.000000e+000  9.951848e-001
    outer loop
      vertex -1.006137e-001  1.550964e-016 -2.401840e-003
      vertex -1.250000e-001 -1.562500e-002  0.000000e+000
      vertex -1.006137e-001 -1.562500e-002 -2.401840e-003
    endloop
  endfacet
  facet normal  2.902846e-001  -0.000000e+000  9.569404e-001
    outer loop
      vertex -1.006137e-001  1.550964e-016 -2.401840e-003
      vertex -1.006137e-001 -1.562500e-002 -2.401840e-003
      vertex -7.716457e-002  1.569101e-016 -9.515058e-003
    endloop
  endfacet
  facet normal  2.902846e-001  0.000000e+000  9.569404e-001
    outer loop
      vertex -7.716457e-002  1.569101e-016 -9.515058e-003
      vertex -1.006137e-001 -1.562500e-002 -2.401840e-003
      vertex -7.716457e-002 -1.562500e-002 -9.515058e-003
    endloop
  endfacet
  facet normal  4.713968e-001  -0.000000e+000  8.819213e-001
    outer loop
      vertex -7.716457e-002  1.569101e-016 -9.515058e-003
      vertex -7.716457e-002 -1.562500e-002 -9.515058e-003
      vertex -5.555372e-002  1.580269e-016 -2.106630e-002
    endloop
  endfacet
  facet normal  4.713968e-001  0.000000e+000  8.819213e-001
    outer loop
      vertex -5.555372e-002  1.580269e-016 -2.106630e-002
      vertex -7.716457e-002 -1.562500e-002 -9.515058e-003
      vertex -5.555372e-002 -1.562500e-002 -2.106630e-002
    endloop
  endfacet
  facet normal  6.343934e-001  -0.000000e+000  7.730104e-001
    outer loop
      vertex -5.555372e-002  1.580269e-016 -2.106630e-002
      vertex -5.555372e-002 -1.562500e-002 -2.106630e-002
      vertex -3.661165e-002  1.584040e-016 -3.661165e-002
    endloop
  endfacet
  facet normal  6.343934e-001  0.000000e+000  7.730104e-001
    outer loop
      vertex -3.661165e-002  1.584040e-016 -3.661165e-002
      vertex -5.555372e-002 -1.562500e-002 -2.106630e-002
      vertex -3.661165e-002 -1.562500e-002 -3.661165e-002
    endloop
  endfacet
  facet normal  7.730104e-001  -0.000000e+000  6.343934e-001
    outer loop
      vertex -3.661165e-002  1.584040e-016 -3.661165e-002
      vertex -3.661165e-002 -1.562500e-002 -3.661165e-002
      vertex -2.106630e-002  1.580269e-016 -5.555372e-002
    endloop
  endfacet
  facet normal  7.730104e-001  0.000000e+000  6.343934e-001
    outer loop
      vertex -2.106630e-002  1.580269e-016 -5.555372e-002
      vertex -3.661165e-002 -1.562500e-002 -3.661165e-002
      vertex -2.106630e-002 -1.562500e-002 -5.555372e-002
    endloop
  endfacet
  facet normal  8.819213e-001  -0.000000e+000  4.713968e-001
    outer loop
      vertex -2.106630e-002  1.580269e-016 -5.555372e-002
      vertex -2.106630e-002 -1.562500e-002 -5.555372e-002
      vertex -9.515058e-003  1.569101e-016 -7.716457e-002
    endloop
  endfacet
  facet normal  8.819213e-001  0.000000e+000  4.713968e-001
    outer loop
      vertex -9.515058e-003  1.569101e-016 -7.716457e-002
      vertex -2.106630e-002 -1.562500e-002 -5.555372e-002
      vertex -9.515058e-003 -1.562500e-002 -7.716457e-002
    endloop
  endfacet
  facet normal  9.569404e-001  -0.000000e+000  2.902846e-001
    outer loop
      vertex -9.515058e-003  1.569101e-016 -7.716457e-002
      vertex -9.515058e-003 -1.562500e-002 -7.716457e-002
      vertex -2.401840e-003  1.550964e-016 -1.006137e-001
    endloop
  endfacet
  facet normal  9.569404e-001  0.000000e+000  2.902846e-001
    outer loop
      vertex -2.401840e-003  1.550964e-016 -1.006137e-001
      vertex -9.515058e-003 -1.562500e-002 -7.716457e-002
      vertex -2.401840e-003 -1.562500e-002 -1.006137e-001
    endloop
  endfacet
  facet normal  9.951848e-001  -0.000000e+000  9.801716e-002
    outer loop
      vertex -2.401840e-003  1.550964e-016 -1.006137e-001
      vertex -2.401840e-003 -1.562500e-002 -1.006137e-001
      vertex  3.827021e-017  1.526557e-016 -1.250000e-001
    endloop
  endfacet
  facet normal  9.951848e-001  0.000000e+000  9.801716e-002
    outer loop
      vertex  3.827021e-017  1.526557e-016 -1.250000e-001
      vertex -2.401840e-003 -1.562500e-002 -1.006137e-001
      vertex  3.827021e-017 -1.562500e-002 -1.250000e-001
    endloop
  endfacet
  facet normal -1.000000e+000  -0.000000e+000  0.000000e+000
    outer loop
      vertex -7.500000e-001 -1.562500e-002  0.000000e+000
      vertex -7.500000e-001  8.326673e-017  0.000000e+000
      vertex -7.500000e-001 -1.562500e-002 -7.500000e-001
    endloop
  endfacet
  facet normal -1.000000e+000  0.000000e+000  0.000000e+000
    outer loop
      vertex -7.500000e-001 -1.562500e-002 -7.500000e-001
      vertex -7.500000e-001  8.326673e-017  0.000000e+000
      vertex -7.500000e-001  0.000000e+000 -7.500000e-001
    endloop
  endfacet
  facet normal  0.000000e+000  0.000000e+000 -1.000000e+000
    outer loop
      vertex -7.500000e-001 -1.562500e-002 -7.500000e-001
      vertex -7.500000e-001  0.000000e+000 -7.500000e-001
      vertex  0.000000e+000 -1.562500e-002 -7.500000e-001
    endloop
  endfacet
  facet normal  0.000000e+000  0.000000e+000 -1.000000e+000
    outer loop
      vertex  0.000000e+000 -1.562500e-002 -7.500000e-001
      vertex -7.500000e-001  0.000000e+000 -7.500000e-001
      vertex  0.000000e+000  8.326673e-017 -7.500000e-001
    endloop
  endfacet
endsolid CATIA STL
