solid CATIA STL
  facet normal  0.000000e+000  1.000000e+000  0.000000e+000
    outer loop
      vertex -7.500000e-001  3.125000e-002  7.500000e-001
      vertex  6.718750e-001  3.125000e-002  7.500000e-001
      vertex  6.871164e-001  3.125000e-002  7.484989e-001
    endloop
  endfacet
  facet normal  0.000000e+000  1.000000e+000  0.000000e+000
    outer loop
      vertex -7.500000e-001  3.125000e-002  7.500000e-001
      vertex  6.871164e-001  3.125000e-002  7.484989e-001
      vertex  7.017722e-001  3.125000e-002  7.440531e-001
    endloop
  endfacet
  facet normal  0.000000e+000  1.000000e+000  0.000000e+000
    outer loop
      vertex -7.500000e-001  3.125000e-002  7.500000e-001
      vertex  7.017722e-001  3.125000e-002  7.440531e-001
      vertex  7.152789e-001  3.125000e-002  7.368336e-001
    endloop
  endfacet
  facet normal  0.000000e+000  1.000000e+000  0.000000e+000
    outer loop
      vertex -7.500000e-001  3.125000e-002  7.500000e-001
      vertex  7.152789e-001  3.125000e-002  7.368336e-001
      vertex  7.271177e-001  3.125000e-002  7.271177e-001
    endloop
  endfacet
  facet normal  0.000000e+000  1.000000e+000  0.000000e+000
    outer loop
      vertex -7.500000e-001  3.125000e-002  7.500000e-001
      vertex  7.271177e-001  3.125000e-002  7.271177e-001
      vertex  7.368336e-001  3.125000e-002  7.152789e-001
    endloop
  endfacet
  facet normal  0.000000e+000  9.999999e-001  0.000000e+000
    outer loop
      vertex -7.500000e-001  3.125000e-002  7.500000e-001
      vertex  7.368336e-001  3.125000e-002  7.152789e-001
      vertex  7.440531e-001  3.125000e-002  7.017722e-001
    endloop
  endfacet
  facet normal  0.000000e+000  1.000000e+000  0.000000e+000
    outer loop
      vertex -7.500000e-001  3.125000e-002  7.500000e-001
      vertex  7.440531e-001  3.125000e-002  7.017722e-001
      vertex  7.484989e-001  3.125000e-002  6.871164e-001
    endloop
  endfacet
  facet normal  0.000000e+000  1.000000e+000  0.000000e+000
    outer loop
      vertex -7.500000e-001  3.125000e-002  7.500000e-001
      vertex  7.484989e-001  3.125000e-002  6.871164e-001
      vertex  7.500000e-001  3.125000e-002  6.718750e-001
    endloop
  endfacet
  facet normal  0.000000e+000  1.000000e+000  0.000000e+000
    outer loop
      vertex -7.500000e-001  3.125000e-002  7.500000e-001
      vertex  7.500000e-001  3.125000e-002  6.718750e-001
      vertex  7.500000e-001  3.125000e-002 -7.500000e-001
    endloop
  endfacet
  facet normal  0.000000e+000  1.000000e+000  0.000000e+000
    outer loop
      vertex -7.500000e-001  3.125000e-002  7.500000e-001
      vertex  7.500000e-001  3.125000e-002 -7.500000e-001
      vertex -7.500000e-001  3.125000e-002 -7.500000e-001
    endloop
  endfacet
  facet normal  1.110223e-016 -1.000000e+000  1.110223e-016
    outer loop
      vertex -7.500000e-001  1.665335e-016  7.500000e-001
      vertex -7.500000e-001  0.000000e+000 -7.500000e-001
      vertex  7.500000e-001  1.665335e-016 -7.500000e-001
    endloop
  endfacet
  facet normal  1.110223e-016 -1.000000e+000  1.110223e-016
    outer loop
      vertex -7.500000e-001  1.665335e-016  7.500000e-001
      vertex  7.500000e-001  1.665335e-016 -7.500000e-001
      vertex  7.500000e-001  3.243933e-016  6.718750e-001
    endloop
  endfacet
  facet normal  1.110223e-016 -1.000000e+000  1.110223e-016
    outer loop
      vertex -7.500000e-001  1.665335e-016  7.500000e-001
      vertex  7.500000e-001  3.243933e-016  6.718750e-001
      vertex  7.484989e-001  3.259188e-016  6.871164e-001
    endloop
  endfacet
  facet normal  1.110223e-016 -1.000000e+000  1.110232e-016
    outer loop
      vertex -7.500000e-001  1.665335e-016  7.500000e-001
      vertex  7.484989e-001  3.259188e-016  6.871164e-001
      vertex  7.440531e-001  3.270523e-016  7.017722e-001
    endloop
  endfacet
  facet normal  1.110223e-016 -1.000000e+000  1.110208e-016
    outer loop
      vertex -7.500000e-001  1.665335e-016  7.500000e-001
      vertex  7.440531e-001  3.270523e-016  7.017722e-001
      vertex  7.368336e-001  3.277503e-016  7.152789e-001
    endloop
  endfacet
  facet normal  1.110223e-016 -1.000000e+000  1.110240e-016
    outer loop
      vertex -7.500000e-001  1.665335e-016  7.500000e-001
      vertex  7.368336e-001  3.277503e-016  7.152789e-001
      vertex  7.271177e-001  3.279860e-016  7.271177e-001
    endloop
  endfacet
  facet normal  1.110223e-016 -9.999999e-001  1.110202e-016
    outer loop
      vertex -7.500000e-001  1.665335e-016  7.500000e-001
      vertex  7.271177e-001  3.279860e-016  7.271177e-001
      vertex  7.152789e-001  3.277503e-016  7.368336e-001
    endloop
  endfacet
  facet normal  1.110223e-016 -9.999999e-001  1.110251e-016
    outer loop
      vertex -7.500000e-001  1.665335e-016  7.500000e-001
      vertex  7.152789e-001  3.277503e-016  7.368336e-001
      vertex  7.017722e-001  3.270523e-016  7.440531e-001
    endloop
  endfacet
  facet normal  1.110223e-016 -9.999999e-001  1.110193e-016
    outer loop
      vertex -7.500000e-001  1.665335e-016  7.500000e-001
      vertex  7.017722e-001  3.270523e-016  7.440531e-001
      vertex  6.871164e-001  3.259188e-016  7.484989e-001
    endloop
  endfacet
  facet normal  1.110223e-016 -1.000000e+000  1.110224e-016
    outer loop
      vertex -7.500000e-001  1.665335e-016  7.500000e-001
      vertex  6.871164e-001  3.259188e-016  7.484989e-001
      vertex  6.718750e-001  3.243933e-016  7.500000e-001
    endloop
  endfacet
  facet normal  -0.000000e+000  0.000000e+000  1.000000e+000
    outer loop
      vertex  6.718750e-001  3.125000e-002  7.500000e-001
      vertex -7.500000e-001  3.125000e-002  7.500000e-001
      vertex  6.718750e-001  3.243933e-016  7.500000e-001
    endloop
  endfacet
  facet normal  0.000000e+000  0.000000e+000  1.000000e+000
    outer loop
      vertex  6.718750e-001  3.243933e-016  7.500000e-001
      vertex -7.500000e-001  3.125000e-002  7.500000e-001
      vertex -7.500000e-001  1.665335e-016  7.500000e-001
    endloop
  endfacet
  facet normal  1.000000e+000  0.000000e+000  0.000000e+000
    outer loop
      vertex  7.500000e-001  3.125000e-002 -7.500000e-001
      vertex  7.500000e-001  3.125000e-002  6.718750e-001
      vertex  7.500000e-001  1.665335e-016 -7.500000e-001
    endloop
  endfacet
  facet normal  1.000000e+000  0.000000e+000  0.000000e+000
    outer loop
      vertex  7.500000e-001  1.665335e-016 -7.500000e-001
      vertex  7.500000e-001  3.125000e-002  6.718750e-001
      vertex  7.500000e-001  3.243933e-016  6.718750e-001
    endloop
  endfacet
  facet normal  9.951848e-001  0.000000e+000  9.801661e-002
    outer loop
      vertex  7.500000e-001  3.243933e-016  6.718750e-001
      vertex  7.500000e-001  3.125000e-002  6.718750e-001
      vertex  7.484989e-001  3.259188e-016  6.871164e-001
    endloop
  endfacet
  facet normal  9.951848e-001  -0.000000e+000  9.801661e-002
    outer loop
      vertex  7.484989e-001  3.259188e-016  6.871164e-001
      vertex  7.500000e-001  3.125000e-002  6.718750e-001
      vertex  7.484989e-001  3.125000e-002  6.871164e-001
    endloop
  endfacet
  facet normal  9.569398e-001  0.000000e+000  2.902865e-001
    outer loop
      vertex  7.484989e-001  3.259188e-016  6.871164e-001
      vertex  7.484989e-001  3.125000e-002  6.871164e-001
      vertex  7.440531e-001  3.270523e-016  7.017722e-001
    endloop
  endfacet
  facet normal  9.569398e-001  -0.000000e+000  2.902865e-001
    outer loop
      vertex  7.440531e-001  3.270523e-016  7.017722e-001
      vertex  7.484989e-001  3.125000e-002  6.871164e-001
      vertex  7.440531e-001  3.125000e-002  7.017722e-001
    endloop
  endfacet
  facet normal  8.819219e-001  0.000000e+000  4.713954e-001
    outer loop
      vertex  7.440531e-001  3.270523e-016  7.017722e-001
      vertex  7.440531e-001  3.125000e-002  7.017722e-001
      vertex  7.368336e-001  3.277503e-016  7.152789e-001
    endloop
  endfacet
  facet normal  8.819219e-001  -0.000000e+000  4.713954e-001
    outer loop
      vertex  7.368336e-001  3.277503e-016  7.152789e-001
      vertex  7.440531e-001  3.125000e-002  7.017722e-001
      vertex  7.368336e-001  3.125000e-002  7.152789e-001
    endloop
  endfacet
  facet normal  7.730102e-001  0.000000e+000  6.343936e-001
    outer loop
      vertex  7.368336e-001  3.277503e-016  7.152789e-001
      vertex  7.368336e-001  3.125000e-002  7.152789e-001
      vertex  7.271177e-001  3.279860e-016  7.271177e-001
    endloop
  endfacet
  facet normal  7.730102e-001  -0.000000e+000  6.343936e-001
    outer loop
      vertex  7.271177e-001  3.279860e-016  7.271177e-001
      vertex  7.368336e-001  3.125000e-002  7.152789e-001
      vertex  7.271177e-001  3.125000e-002  7.271177e-001
    endloop
  endfacet
  facet normal  6.343936e-001  0.000000e+000  7.730102e-001
    outer loop
      vertex  7.271177e-001  3.279860e-016  7.271177e-001
      vertex  7.271177e-001  3.125000e-002  7.271177e-001
      vertex  7.152789e-001  3.277503e-016  7.368336e-001
    endloop
  endfacet
  facet normal  6.343936e-001  -0.000000e+000  7.730102e-001
    outer loop
      vertex  7.152789e-001  3.277503e-016  7.368336e-001
      vertex  7.271177e-001  3.125000e-002  7.271177e-001
      vertex  7.152789e-001  3.125000e-002  7.368336e-001
    endloop
  endfacet
  facet normal  4.713954e-001  0.000000e+000  8.819219e-001
    outer loop
      vertex  7.152789e-001  3.277503e-016  7.368336e-001
      vertex  7.152789e-001  3.125000e-002  7.368336e-001
      vertex  7.017722e-001  3.270523e-016  7.440531e-001
    endloop
  endfacet
  facet normal  4.713954e-001  -0.000000e+000  8.819219e-001
    outer loop
      vertex  7.017722e-001  3.270523e-016  7.440531e-001
      vertex  7.152789e-001  3.125000e-002  7.368336e-001
      vertex  7.017722e-001  3.125000e-002  7.440531e-001
    endloop
  endfacet
  facet normal  2.902865e-001  0.000000e+000  9.569398e-001
    outer loop
      vertex  7.017722e-001  3.270523e-016  7.440531e-001
      vertex  7.017722e-001  3.125000e-002  7.440531e-001
      vertex  6.871164e-001  3.259188e-016  7.484989e-001
    endloop
  endfacet
  facet normal  2.902865e-001  -0.000000e+000  9.569398e-001
    outer loop
      vertex  6.871164e-001  3.259188e-016  7.484989e-001
      vertex  7.017722e-001  3.125000e-002  7.440531e-001
      vertex  6.871164e-001  3.125000e-002  7.484989e-001
    endloop
  endfacet
  facet normal  9.801661e-002  0.000000e+000  9.951848e-001
    outer loop
      vertex  6.871164e-001  3.259188e-016  7.484989e-001
      vertex  6.871164e-001  3.125000e-002  7.484989e-001
      vertex  6.718750e-001  3.243933e-016  7.500000e-001
    endloop
  endfacet
  facet normal  9.801661e-002  -0.000000e+000  9.951848e-001
    outer loop
      vertex  6.718750e-001  3.243933e-016  7.500000e-001
      vertex  6.871164e-001  3.125000e-002  7.484989e-001
      vertex  6.718750e-001  3.125000e-002  7.500000e-001
    endloop
  endfacet
  facet normal -1.000000e+000  0.000000e+000  0.000000e+000
    outer loop
      vertex -7.500000e-001  3.125000e-002  7.500000e-001
      vertex -7.500000e-001  3.125000e-002 -7.500000e-001
      vertex -7.500000e-001  1.665335e-016  7.500000e-001
    endloop
  endfacet
  facet normal -1.000000e+000  0.000000e+000  -0.000000e+000
    outer loop
      vertex -7.500000e-001  1.665335e-016  7.500000e-001
      vertex -7.500000e-001  3.125000e-002 -7.500000e-001
      vertex -7.500000e-001  0.000000e+000 -7.500000e-001
    endloop
  endfacet
  facet normal  -0.000000e+000  0.000000e+000 -1.000000e+000
    outer loop
      vertex -7.500000e-001  3.125000e-002 -7.500000e-001
      vertex  7.500000e-001  3.125000e-002 -7.500000e-001
      vertex -7.500000e-001  0.000000e+000 -7.500000e-001
    endloop
  endfacet
  facet normal  0.000000e+000  0.000000e+000 -1.000000e+000
    outer loop
      vertex -7.500000e-001  0.000000e+000 -7.500000e-001
      vertex  7.500000e-001  3.125000e-002 -7.500000e-001
      vertex  7.500000e-001  1.665335e-016 -7.500000e-001
    endloop
  endfacet
endsolid CATIA STL
