solid CATIA STL
  facet normal  0.000000e+000  0.000000e+000 -1.000000e+000
    outer loop
      vertex  7.812500e-003 -5.390625e-001  0.000000e+000
      vertex  6.556746e-001 -5.368108e-001  0.000000e+000
      vertex  6.328125e-001 -5.390625e-001  0.000000e+000
    endloop
  endfacet
  facet normal  -0.000000e+000  0.000000e+000 -1.000000e+000
    outer loop
      vertex  7.500000e-001 -4.218750e-001  0.000000e+000
      vertex  7.477483e-001 -4.447371e-001  0.000000e+000
      vertex  7.410796e-001 -4.667207e-001  0.000000e+000
    endloop
  endfacet
  facet normal  -0.000000e+000  0.000000e+000 -1.000000e+000
    outer loop
      vertex  7.500000e-001 -4.218750e-001  0.000000e+000
      vertex  7.410796e-001 -4.667207e-001  0.000000e+000
      vertex  7.302504e-001 -4.869809e-001  0.000000e+000
    endloop
  endfacet
  facet normal  -0.000000e+000  0.000000e+000 -1.000000e+000
    outer loop
      vertex  7.500000e-001 -4.218750e-001  0.000000e+000
      vertex  7.302504e-001 -4.869809e-001  0.000000e+000
      vertex  7.156766e-001 -5.047391e-001  0.000000e+000
    endloop
  endfacet
  facet normal  -0.000000e+000  0.000000e+000 -1.000000e+000
    outer loop
      vertex  7.500000e-001 -4.218750e-001  0.000000e+000
      vertex  7.156766e-001 -5.047391e-001  0.000000e+000
      vertex  6.979184e-001 -5.193129e-001  0.000000e+000
    endloop
  endfacet
  facet normal  -0.000000e+000  0.000000e+000 -1.000000e+000
    outer loop
      vertex  7.500000e-001 -4.218750e-001  0.000000e+000
      vertex  6.979184e-001 -5.193129e-001  0.000000e+000
      vertex  6.776582e-001 -5.301421e-001  0.000000e+000
    endloop
  endfacet
  facet normal  -0.000000e+000  0.000000e+000 -9.999999e-001
    outer loop
      vertex  7.500000e-001 -4.218750e-001  0.000000e+000
      vertex  6.776582e-001 -5.301421e-001  0.000000e+000
      vertex  6.556746e-001 -5.368108e-001  0.000000e+000
    endloop
  endfacet
  facet normal  -0.000000e+000  0.000000e+000 -1.000000e+000
    outer loop
      vertex  7.500000e-001 -4.218750e-001  0.000000e+000
      vertex  6.556746e-001 -5.368108e-001  0.000000e+000
      vertex  7.812500e-003 -5.390625e-001  0.000000e+000
    endloop
  endfacet
  facet normal  0.000000e+000  0.000000e+000 -1.000000e+000
    outer loop
      vertex  7.500000e-001 -4.218750e-001  0.000000e+000
      vertex  7.812500e-003 -5.390625e-001  0.000000e+000
      vertex  7.812500e-003  5.674342e-003  0.000000e+000
    endloop
  endfacet
  facet normal  0.000000e+000  0.000000e+000 -1.000000e+000
    outer loop
      vertex  7.500000e-001 -4.218750e-001  0.000000e+000
      vertex  7.812500e-003  5.674342e-003  0.000000e+000
      vertex  7.500000e-001  5.674342e-003  0.000000e+000
    endloop
  endfacet
  facet normal  0.000000e+000 -1.000000e+000  0.000000e+000
    outer loop
      vertex  7.812500e-003 -5.390625e-001  0.000000e+000
      vertex  3.472107e-003 -5.390625e-001  1.316644e-003
      vertex  6.288357e-003 -5.390625e-001  1.501150e-004
    endloop
  endfacet
  facet normal  0.000000e+000 -1.000000e+000  0.000000e+000
    outer loop
      vertex  3.472107e-003 -5.390625e-001  1.316644e-003
      vertex  4.822786e-003 -5.390625e-001  5.946911e-004
      vertex  6.288357e-003 -5.390625e-001  1.501150e-004
    endloop
  endfacet
  facet normal  0.000000e+000 -1.000000e+000  0.000000e+000
    outer loop
      vertex  1.316644e-003 -5.390625e-001  3.472107e-003
      vertex  0.000000e+000 -5.390625e-001  2.343750e-002
      vertex  0.000000e+000 -5.390625e-001  7.812500e-003
    endloop
  endfacet
  facet normal  0.000000e+000 -1.000000e+000  0.000000e+000
    outer loop
      vertex  1.316644e-003 -5.390625e-001  3.472107e-003
      vertex  0.000000e+000 -5.390625e-001  7.812500e-003
      vertex  1.501150e-004 -5.390625e-001  6.288357e-003
    endloop
  endfacet
  facet normal  0.000000e+000 -1.000000e+000  0.000000e+000
    outer loop
      vertex  1.316644e-003 -5.390625e-001  3.472107e-003
      vertex  1.501150e-004 -5.390625e-001  6.288357e-003
      vertex  5.946911e-004 -5.390625e-001  4.822786e-003
    endloop
  endfacet
  facet normal  0.000000e+000 -1.000000e+000  0.000000e+000
    outer loop
      vertex  6.328125e-001 -5.390625e-001  2.343750e-002
      vertex  0.000000e+000 -5.390625e-001  2.343750e-002
      vertex  1.316644e-003 -5.390625e-001  3.472107e-003
    endloop
  endfacet
  facet normal  0.000000e+000 -1.000000e+000  0.000000e+000
    outer loop
      vertex  6.328125e-001 -5.390625e-001  2.343750e-002
      vertex  1.316644e-003 -5.390625e-001  3.472107e-003
      vertex  2.288228e-003 -5.390625e-001  2.288228e-003
    endloop
  endfacet
  facet normal  0.000000e+000 -1.000000e+000  0.000000e+000
    outer loop
      vertex  6.328125e-001 -5.390625e-001  2.343750e-002
      vertex  2.288228e-003 -5.390625e-001  2.288228e-003
      vertex  3.472107e-003 -5.390625e-001  1.316644e-003
    endloop
  endfacet
  facet normal  0.000000e+000 -1.000000e+000  0.000000e+000
    outer loop
      vertex  6.328125e-001 -5.390625e-001  2.343750e-002
      vertex  3.472107e-003 -5.390625e-001  1.316644e-003
      vertex  7.812500e-003 -5.390625e-001  0.000000e+000
    endloop
  endfacet
  facet normal  0.000000e+000 -1.000000e+000  0.000000e+000
    outer loop
      vertex  6.328125e-001 -5.390625e-001  2.343750e-002
      vertex  7.812500e-003 -5.390625e-001  0.000000e+000
      vertex  6.328125e-001 -5.390625e-001  0.000000e+000
    endloop
  endfacet
  facet normal  0.000000e+000  0.000000e+000  1.000000e+000
    outer loop
      vertex  6.328125e-001 -5.390625e-001  2.343750e-002
      vertex  6.556746e-001 -5.368108e-001  2.343750e-002
      vertex  0.000000e+000 -5.390625e-001  2.343750e-002
    endloop
  endfacet
  facet normal  0.000000e+000  0.000000e+000  1.000000e+000
    outer loop
      vertex  7.500000e-001 -4.218750e-001  2.343750e-002
      vertex  7.500000e-001  5.674342e-003  2.343750e-002
      vertex  0.000000e+000  5.674342e-003  2.343750e-002
    endloop
  endfacet
  facet normal  0.000000e+000  0.000000e+000  1.000000e+000
    outer loop
      vertex  7.500000e-001 -4.218750e-001  2.343750e-002
      vertex  0.000000e+000  5.674342e-003  2.343750e-002
      vertex  0.000000e+000 -5.390625e-001  2.343750e-002
    endloop
  endfacet
  facet normal  0.000000e+000  0.000000e+000  1.000000e+000
    outer loop
      vertex  7.500000e-001 -4.218750e-001  2.343750e-002
      vertex  0.000000e+000 -5.390625e-001  2.343750e-002
      vertex  6.556746e-001 -5.368108e-001  2.343750e-002
    endloop
  endfacet
  facet normal  0.000000e+000  0.000000e+000  9.999999e-001
    outer loop
      vertex  7.500000e-001 -4.218750e-001  2.343750e-002
      vertex  6.556746e-001 -5.368108e-001  2.343750e-002
      vertex  6.776582e-001 -5.301421e-001  2.343750e-002
    endloop
  endfacet
  facet normal  0.000000e+000  0.000000e+000  1.000000e+000
    outer loop
      vertex  7.500000e-001 -4.218750e-001  2.343750e-002
      vertex  6.776582e-001 -5.301421e-001  2.343750e-002
      vertex  6.979184e-001 -5.193129e-001  2.343750e-002
    endloop
  endfacet
  facet normal  0.000000e+000  0.000000e+000  1.000000e+000
    outer loop
      vertex  7.500000e-001 -4.218750e-001  2.343750e-002
      vertex  6.979184e-001 -5.193129e-001  2.343750e-002
      vertex  7.156766e-001 -5.047391e-001  2.343750e-002
    endloop
  endfacet
  facet normal  0.000000e+000  0.000000e+000  1.000000e+000
    outer loop
      vertex  7.500000e-001 -4.218750e-001  2.343750e-002
      vertex  7.156766e-001 -5.047391e-001  2.343750e-002
      vertex  7.302504e-001 -4.869809e-001  2.343750e-002
    endloop
  endfacet
  facet normal  0.000000e+000  0.000000e+000  1.000000e+000
    outer loop
      vertex  7.500000e-001 -4.218750e-001  2.343750e-002
      vertex  7.302504e-001 -4.869809e-001  2.343750e-002
      vertex  7.410796e-001 -4.667207e-001  2.343750e-002
    endloop
  endfacet
  facet normal  0.000000e+000  0.000000e+000  1.000000e+000
    outer loop
      vertex  7.500000e-001 -4.218750e-001  2.343750e-002
      vertex  7.410796e-001 -4.667207e-001  2.343750e-002
      vertex  7.477483e-001 -4.447371e-001  2.343750e-002
    endloop
  endfacet
  facet normal  1.000000e+000  0.000000e+000  0.000000e+000
    outer loop
      vertex  7.500000e-001 -4.218750e-001  2.343750e-002
      vertex  7.500000e-001 -4.218750e-001  0.000000e+000
      vertex  7.500000e-001  5.674342e-003  2.343750e-002
    endloop
  endfacet
  facet normal  1.000000e+000  0.000000e+000  0.000000e+000
    outer loop
      vertex  7.500000e-001  5.674342e-003  2.343750e-002
      vertex  7.500000e-001 -4.218750e-001  0.000000e+000
      vertex  7.500000e-001  5.674342e-003  0.000000e+000
    endloop
  endfacet
  facet normal  9.951847e-001 -9.801802e-002  0.000000e+000
    outer loop
      vertex  7.500000e-001 -4.218750e-001  0.000000e+000
      vertex  7.500000e-001 -4.218750e-001  2.343750e-002
      vertex  7.477483e-001 -4.447371e-001  0.000000e+000
    endloop
  endfacet
  facet normal  9.951847e-001 -9.801802e-002  0.000000e+000
    outer loop
      vertex  7.477483e-001 -4.447371e-001  0.000000e+000
      vertex  7.500000e-001 -4.218750e-001  2.343750e-002
      vertex  7.477483e-001 -4.447371e-001  2.343750e-002
    endloop
  endfacet
  facet normal  9.569406e-001 -2.902842e-001  0.000000e+000
    outer loop
      vertex  7.477483e-001 -4.447371e-001  0.000000e+000
      vertex  7.477483e-001 -4.447371e-001  2.343750e-002
      vertex  7.410796e-001 -4.667207e-001  0.000000e+000
    endloop
  endfacet
  facet normal  9.569406e-001 -2.902842e-001  0.000000e+000
    outer loop
      vertex  7.410796e-001 -4.667207e-001  0.000000e+000
      vertex  7.477483e-001 -4.447371e-001  2.343750e-002
      vertex  7.410796e-001 -4.667207e-001  2.343750e-002
    endloop
  endfacet
  facet normal  8.819218e-001 -4.713959e-001  0.000000e+000
    outer loop
      vertex  7.410796e-001 -4.667207e-001  0.000000e+000
      vertex  7.410796e-001 -4.667207e-001  2.343750e-002
      vertex  7.302504e-001 -4.869809e-001  0.000000e+000
    endloop
  endfacet
  facet normal  8.819218e-001 -4.713959e-001  0.000000e+000
    outer loop
      vertex  7.302504e-001 -4.869809e-001  0.000000e+000
      vertex  7.410796e-001 -4.667207e-001  2.343750e-002
      vertex  7.302504e-001 -4.869809e-001  2.343750e-002
    endloop
  endfacet
  facet normal  7.730113e-001 -6.343921e-001  0.000000e+000
    outer loop
      vertex  7.302504e-001 -4.869809e-001  0.000000e+000
      vertex  7.302504e-001 -4.869809e-001  2.343750e-002
      vertex  7.156766e-001 -5.047391e-001  0.000000e+000
    endloop
  endfacet
  facet normal  7.730113e-001 -6.343921e-001  0.000000e+000
    outer loop
      vertex  7.156766e-001 -5.047391e-001  0.000000e+000
      vertex  7.302504e-001 -4.869809e-001  2.343750e-002
      vertex  7.156766e-001 -5.047391e-001  2.343750e-002
    endloop
  endfacet
  facet normal  6.343929e-001 -7.730108e-001  0.000000e+000
    outer loop
      vertex  7.156766e-001 -5.047391e-001  0.000000e+000
      vertex  7.156766e-001 -5.047391e-001  2.343750e-002
      vertex  6.979184e-001 -5.193129e-001  0.000000e+000
    endloop
  endfacet
  facet normal  6.343929e-001 -7.730108e-001  0.000000e+000
    outer loop
      vertex  6.979184e-001 -5.193129e-001  0.000000e+000
      vertex  7.156766e-001 -5.047391e-001  2.343750e-002
      vertex  6.979184e-001 -5.193129e-001  2.343750e-002
    endloop
  endfacet
  facet normal  4.713953e-001 -8.819219e-001  0.000000e+000
    outer loop
      vertex  6.979184e-001 -5.193129e-001  0.000000e+000
      vertex  6.979184e-001 -5.193129e-001  2.343750e-002
      vertex  6.776582e-001 -5.301421e-001  0.000000e+000
    endloop
  endfacet
  facet normal  4.713953e-001 -8.819219e-001  0.000000e+000
    outer loop
      vertex  6.776582e-001 -5.301421e-001  0.000000e+000
      vertex  6.979184e-001 -5.193129e-001  2.343750e-002
      vertex  6.776582e-001 -5.301421e-001  2.343750e-002
    endloop
  endfacet
  facet normal  2.902842e-001 -9.569406e-001  0.000000e+000
    outer loop
      vertex  6.776582e-001 -5.301421e-001  0.000000e+000
      vertex  6.776582e-001 -5.301421e-001  2.343750e-002
      vertex  6.556746e-001 -5.368108e-001  0.000000e+000
    endloop
  endfacet
  facet normal  2.902842e-001 -9.569406e-001  0.000000e+000
    outer loop
      vertex  6.556746e-001 -5.368108e-001  0.000000e+000
      vertex  6.776582e-001 -5.301421e-001  2.343750e-002
      vertex  6.556746e-001 -5.368108e-001  2.343750e-002
    endloop
  endfacet
  facet normal  9.801802e-002 -9.951847e-001  0.000000e+000
    outer loop
      vertex  6.556746e-001 -5.368108e-001  0.000000e+000
      vertex  6.556746e-001 -5.368108e-001  2.343750e-002
      vertex  6.328125e-001 -5.390625e-001  0.000000e+000
    endloop
  endfacet
  facet normal  9.801802e-002 -9.951847e-001  0.000000e+000
    outer loop
      vertex  6.328125e-001 -5.390625e-001  0.000000e+000
      vertex  6.556746e-001 -5.368108e-001  2.343750e-002
      vertex  6.328125e-001 -5.390625e-001  2.343750e-002
    endloop
  endfacet
  facet normal -1.000000e+000  0.000000e+000  0.000000e+000
    outer loop
      vertex  0.000000e+000  5.674342e-003  2.343750e-002
      vertex  0.000000e+000  5.674342e-003  7.812500e-003
      vertex  0.000000e+000 -5.390625e-001  2.343750e-002
    endloop
  endfacet
  facet normal -1.000000e+000  0.000000e+000  0.000000e+000
    outer loop
      vertex  0.000000e+000 -5.390625e-001  2.343750e-002
      vertex  0.000000e+000  5.674342e-003  7.812500e-003
      vertex  0.000000e+000 -5.390625e-001  7.812500e-003
    endloop
  endfacet
  facet normal  0.000000e+000  1.000000e+000  0.000000e+000
    outer loop
      vertex  7.812500e-003  5.674342e-003  0.000000e+000
      vertex  7.500000e-001  5.674342e-003  2.343750e-002
      vertex  7.500000e-001  5.674342e-003  0.000000e+000
    endloop
  endfacet
  facet normal  -0.000000e+000  1.000000e+000  -0.000000e+000
    outer loop
      vertex  6.288357e-003  5.674342e-003  1.501150e-004
      vertex  4.822786e-003  5.674342e-003  5.946911e-004
      vertex  3.472107e-003  5.674342e-003  1.316644e-003
    endloop
  endfacet
  facet normal  -0.000000e+000  9.999999e-001  -0.000000e+000
    outer loop
      vertex  6.288357e-003  5.674342e-003  1.501150e-004
      vertex  3.472107e-003  5.674342e-003  1.316644e-003
      vertex  2.288228e-003  5.674342e-003  2.288228e-003
    endloop
  endfacet
  facet normal  -0.000000e+000  1.000000e+000  -0.000000e+000
    outer loop
      vertex  6.288357e-003  5.674342e-003  1.501150e-004
      vertex  2.288228e-003  5.674342e-003  2.288228e-003
      vertex  1.316644e-003  5.674342e-003  3.472107e-003
    endloop
  endfacet
  facet normal  -0.000000e+000  1.000000e+000  -0.000000e+000
    outer loop
      vertex  6.288357e-003  5.674342e-003  1.501150e-004
      vertex  1.316644e-003  5.674342e-003  3.472107e-003
      vertex  5.946911e-004  5.674342e-003  4.822786e-003
    endloop
  endfacet
  facet normal  -0.000000e+000  1.000000e+000  -0.000000e+000
    outer loop
      vertex  6.288357e-003  5.674342e-003  1.501150e-004
      vertex  5.946911e-004  5.674342e-003  4.822786e-003
      vertex  1.501150e-004  5.674342e-003  6.288357e-003
    endloop
  endfacet
  facet normal  -0.000000e+000  1.000000e+000  -0.000000e+000
    outer loop
      vertex  6.288357e-003  5.674342e-003  1.501150e-004
      vertex  1.501150e-004  5.674342e-003  6.288357e-003
      vertex  0.000000e+000  5.674342e-003  7.812500e-003
    endloop
  endfacet
  facet normal  0.000000e+000  1.000000e+000  0.000000e+000
    outer loop
      vertex  0.000000e+000  5.674342e-003  2.343750e-002
      vertex  7.500000e-001  5.674342e-003  2.343750e-002
      vertex  7.812500e-003  5.674342e-003  0.000000e+000
    endloop
  endfacet
  facet normal  0.000000e+000  9.999999e-001  0.000000e+000
    outer loop
      vertex  0.000000e+000  5.674342e-003  2.343750e-002
      vertex  7.812500e-003  5.674342e-003  0.000000e+000
      vertex  6.288357e-003  5.674342e-003  1.501150e-004
    endloop
  endfacet
  facet normal  0.000000e+000  1.000000e+000  0.000000e+000
    outer loop
      vertex  0.000000e+000  5.674342e-003  2.343750e-002
      vertex  6.288357e-003  5.674342e-003  1.501150e-004
      vertex  0.000000e+000  5.674342e-003  7.812500e-003
    endloop
  endfacet
  facet normal -9.801716e-002  0.000000e+000 -9.951848e-001
    outer loop
      vertex  7.812500e-003  5.674342e-003  0.000000e+000
      vertex  7.812500e-003 -5.390625e-001  0.000000e+000
      vertex  6.288357e-003  5.674342e-003  1.501150e-004
    endloop
  endfacet
  facet normal -9.801716e-002  -0.000000e+000 -9.951848e-001
    outer loop
      vertex  6.288357e-003  5.674342e-003  1.501150e-004
      vertex  7.812500e-003 -5.390625e-001  0.000000e+000
      vertex  6.288357e-003 -5.390625e-001  1.501150e-004
    endloop
  endfacet
  facet normal -2.902846e-001  0.000000e+000 -9.569404e-001
    outer loop
      vertex  6.288357e-003  5.674342e-003  1.501150e-004
      vertex  6.288357e-003 -5.390625e-001  1.501150e-004
      vertex  4.822786e-003  5.674342e-003  5.946911e-004
    endloop
  endfacet
  facet normal -2.902846e-001  -0.000000e+000 -9.569404e-001
    outer loop
      vertex  4.822786e-003  5.674342e-003  5.946911e-004
      vertex  6.288357e-003 -5.390625e-001  1.501150e-004
      vertex  4.822786e-003 -5.390625e-001  5.946911e-004
    endloop
  endfacet
  facet normal -4.713968e-001  0.000000e+000 -8.819212e-001
    outer loop
      vertex  4.822786e-003  5.674342e-003  5.946911e-004
      vertex  4.822786e-003 -5.390625e-001  5.946911e-004
      vertex  3.472107e-003  5.674342e-003  1.316644e-003
    endloop
  endfacet
  facet normal -4.713968e-001  -0.000000e+000 -8.819212e-001
    outer loop
      vertex  3.472107e-003  5.674342e-003  1.316644e-003
      vertex  4.822786e-003 -5.390625e-001  5.946911e-004
      vertex  3.472107e-003 -5.390625e-001  1.316644e-003
    endloop
  endfacet
  facet normal -6.343934e-001  0.000000e+000 -7.730104e-001
    outer loop
      vertex  3.472107e-003  5.674342e-003  1.316644e-003
      vertex  3.472107e-003 -5.390625e-001  1.316644e-003
      vertex  2.288228e-003  5.674342e-003  2.288228e-003
    endloop
  endfacet
  facet normal -6.343934e-001  -0.000000e+000 -7.730104e-001
    outer loop
      vertex  2.288228e-003  5.674342e-003  2.288228e-003
      vertex  3.472107e-003 -5.390625e-001  1.316644e-003
      vertex  2.288228e-003 -5.390625e-001  2.288228e-003
    endloop
  endfacet
  facet normal -7.730104e-001  0.000000e+000 -6.343934e-001
    outer loop
      vertex  2.288228e-003  5.674342e-003  2.288228e-003
      vertex  2.288228e-003 -5.390625e-001  2.288228e-003
      vertex  1.316644e-003  5.674342e-003  3.472107e-003
    endloop
  endfacet
  facet normal -7.730104e-001  -0.000000e+000 -6.343934e-001
    outer loop
      vertex  1.316644e-003  5.674342e-003  3.472107e-003
      vertex  2.288228e-003 -5.390625e-001  2.288228e-003
      vertex  1.316644e-003 -5.390625e-001  3.472107e-003
    endloop
  endfacet
  facet normal -8.819212e-001  0.000000e+000 -4.713968e-001
    outer loop
      vertex  1.316644e-003  5.674342e-003  3.472107e-003
      vertex  1.316644e-003 -5.390625e-001  3.472107e-003
      vertex  5.946911e-004  5.674342e-003  4.822786e-003
    endloop
  endfacet
  facet normal -8.819212e-001  -0.000000e+000 -4.713968e-001
    outer loop
      vertex  5.946911e-004  5.674342e-003  4.822786e-003
      vertex  1.316644e-003 -5.390625e-001  3.472107e-003
      vertex  5.946911e-004 -5.390625e-001  4.822786e-003
    endloop
  endfacet
  facet normal -9.569404e-001  0.000000e+000 -2.902846e-001
    outer loop
      vertex  5.946911e-004  5.674342e-003  4.822786e-003
      vertex  5.946911e-004 -5.390625e-001  4.822786e-003
      vertex  1.501150e-004  5.674342e-003  6.288357e-003
    endloop
  endfacet
  facet normal -9.569404e-001  -0.000000e+000 -2.902846e-001
    outer loop
      vertex  1.501150e-004  5.674342e-003  6.288357e-003
      vertex  5.946911e-004 -5.390625e-001  4.822786e-003
      vertex  1.501150e-004 -5.390625e-001  6.288357e-003
    endloop
  endfacet
  facet normal -9.951848e-001  0.000000e+000 -9.801716e-002
    outer loop
      vertex  1.501150e-004  5.674342e-003  6.288357e-003
      vertex  1.501150e-004 -5.390625e-001  6.288357e-003
      vertex  0.000000e+000  5.674342e-003  7.812500e-003
    endloop
  endfacet
  facet normal -9.951848e-001  -0.000000e+000 -9.801716e-002
    outer loop
      vertex  0.000000e+000  5.674342e-003  7.812500e-003
      vertex  1.501150e-004 -5.390625e-001  6.288357e-003
      vertex  0.000000e+000 -5.390625e-001  7.812500e-003
    endloop
  endfacet
endsolid CATIA STL
