solid CATIA STL
  facet normal  0.000000e+000 -1.000000e+000  0.000000e+000
    outer loop
      vertex  5.294408e-001 -1.640625e-001  5.763158e-001
      vertex  5.473791e-001 -1.640625e-001  5.727476e-001
      vertex  5.385857e-001 -1.640625e-001  5.754151e-001
    endloop
  endfacet
  facet normal  0.000000e+000 -9.999999e-001  0.000000e+000
    outer loop
      vertex -5.763158e-001 -1.640625e-001  5.763158e-001
      vertex -5.763158e-001 -1.640625e-001 -5.763158e-001
      vertex  5.763158e-001 -1.640625e-001 -5.763158e-001
    endloop
  endfacet
  facet normal  0.000000e+000 -1.000000e+000  0.000000e+000
    outer loop
      vertex -5.763158e-001 -1.640625e-001  5.763158e-001
      vertex  5.763158e-001 -1.640625e-001 -5.763158e-001
      vertex  5.763158e-001 -1.640625e-001  5.294408e-001
    endloop
  endfacet
  facet normal  0.000000e+000 -1.000000e+000  0.000000e+000
    outer loop
      vertex -5.763158e-001 -1.640625e-001  5.763158e-001
      vertex  5.763158e-001 -1.640625e-001  5.294408e-001
      vertex  5.754151e-001 -1.640625e-001  5.385857e-001
    endloop
  endfacet
  facet normal  0.000000e+000 -1.000000e+000  0.000000e+000
    outer loop
      vertex -5.763158e-001 -1.640625e-001  5.763158e-001
      vertex  5.754151e-001 -1.640625e-001  5.385857e-001
      vertex  5.727476e-001 -1.640625e-001  5.473791e-001
    endloop
  endfacet
  facet normal  0.000000e+000 -1.000000e+000  0.000000e+000
    outer loop
      vertex -5.763158e-001 -1.640625e-001  5.763158e-001
      vertex  5.727476e-001 -1.640625e-001  5.473791e-001
      vertex  5.684159e-001 -1.640625e-001  5.554832e-001
    endloop
  endfacet
  facet normal  0.000000e+000 -1.000000e+000  0.000000e+000
    outer loop
      vertex -5.763158e-001 -1.640625e-001  5.763158e-001
      vertex  5.684159e-001 -1.640625e-001  5.554832e-001
      vertex  5.625864e-001 -1.640625e-001  5.625864e-001
    endloop
  endfacet
  facet normal  0.000000e+000 -9.999999e-001  0.000000e+000
    outer loop
      vertex -5.763158e-001 -1.640625e-001  5.763158e-001
      vertex  5.625864e-001 -1.640625e-001  5.625864e-001
      vertex  5.554832e-001 -1.640625e-001  5.684159e-001
    endloop
  endfacet
  facet normal  0.000000e+000 -1.000000e+000  0.000000e+000
    outer loop
      vertex -5.763158e-001 -1.640625e-001  5.763158e-001
      vertex  5.554832e-001 -1.640625e-001  5.684159e-001
      vertex  5.473791e-001 -1.640625e-001  5.727476e-001
    endloop
  endfacet
  facet normal  0.000000e+000 -1.000000e+000  0.000000e+000
    outer loop
      vertex -5.763158e-001 -1.640625e-001  5.763158e-001
      vertex  5.473791e-001 -1.640625e-001  5.727476e-001
      vertex  5.294408e-001 -1.640625e-001  5.763158e-001
    endloop
  endfacet
  facet normal -1.110237e-016  1.000000e+000 -1.110295e-016
    outer loop
      vertex  5.385857e-001  2.902124e-016  5.754151e-001
      vertex  5.473791e-001  2.908925e-016  5.727476e-001
      vertex  5.294408e-001  2.892971e-016  5.763158e-001
    endloop
  endfacet
  facet normal -1.110223e-016  1.000000e+000 -1.110223e-016
    outer loop
      vertex -5.763158e-001  1.665335e-016  5.763158e-001
      vertex  5.294408e-001  2.892971e-016  5.763158e-001
      vertex  5.473791e-001  2.908925e-016  5.727476e-001
    endloop
  endfacet
  facet normal -1.110223e-016  1.000000e+000 -1.110254e-016
    outer loop
      vertex -5.763158e-001  1.665335e-016  5.763158e-001
      vertex  5.473791e-001  2.908925e-016  5.727476e-001
      vertex  5.554832e-001  2.913113e-016  5.684159e-001
    endloop
  endfacet
  facet normal -1.110223e-016  1.000000e+000 -1.110200e-016
    outer loop
      vertex -5.763158e-001  1.665335e-016  5.763158e-001
      vertex  5.554832e-001  2.913113e-016  5.684159e-001
      vertex  5.625864e-001  2.914527e-016  5.625864e-001
    endloop
  endfacet
  facet normal -1.110223e-016  1.000000e+000 -1.110242e-016
    outer loop
      vertex -5.763158e-001  1.665335e-016  5.763158e-001
      vertex  5.625864e-001  2.914527e-016  5.625864e-001
      vertex  5.684159e-001  2.913113e-016  5.554832e-001
    endloop
  endfacet
  facet normal -1.110222e-016  1.000000e+000 -1.110206e-016
    outer loop
      vertex -5.763158e-001  1.665335e-016  5.763158e-001
      vertex  5.684159e-001  2.913113e-016  5.554832e-001
      vertex  5.727476e-001  2.908925e-016  5.473791e-001
    endloop
  endfacet
  facet normal -1.110223e-016  1.000000e+000 -1.110216e-016
    outer loop
      vertex -5.763158e-001  1.665335e-016  5.763158e-001
      vertex  5.727476e-001  2.908925e-016  5.473791e-001
      vertex  5.754151e-001  2.902124e-016  5.385857e-001
    endloop
  endfacet
  facet normal -1.110223e-016  1.000000e+000 -1.110230e-016
    outer loop
      vertex -5.763158e-001  1.665335e-016  5.763158e-001
      vertex  5.754151e-001  2.902124e-016  5.385857e-001
      vertex  5.763158e-001  2.892971e-016  5.294408e-001
    endloop
  endfacet
  facet normal -1.110223e-016  1.000000e+000 -1.110223e-016
    outer loop
      vertex -5.763158e-001  1.665335e-016  5.763158e-001
      vertex  5.763158e-001  2.892971e-016  5.294408e-001
      vertex  5.763158e-001  1.665335e-016 -5.763158e-001
    endloop
  endfacet
  facet normal -1.110223e-016  9.999999e-001 -1.110223e-016
    outer loop
      vertex -5.763158e-001  1.665335e-016  5.763158e-001
      vertex  5.763158e-001  1.665335e-016 -5.763158e-001
      vertex -5.763158e-001  3.856564e-017 -5.763158e-001
    endloop
  endfacet
  facet normal  0.000000e+000  0.000000e+000  1.000000e+000
    outer loop
      vertex  5.294408e-001 -1.640625e-001  5.763158e-001
      vertex  5.294408e-001  2.892971e-016  5.763158e-001
      vertex -5.763158e-001 -1.640625e-001  5.763158e-001
    endloop
  endfacet
  facet normal  0.000000e+000  0.000000e+000  1.000000e+000
    outer loop
      vertex -5.763158e-001 -1.640625e-001  5.763158e-001
      vertex  5.294408e-001  2.892971e-016  5.763158e-001
      vertex -5.763158e-001  1.665335e-016  5.763158e-001
    endloop
  endfacet
  facet normal  1.000000e+000  0.000000e+000  0.000000e+000
    outer loop
      vertex  5.763158e-001 -1.640625e-001 -5.763158e-001
      vertex  5.763158e-001  1.665335e-016 -5.763158e-001
      vertex  5.763158e-001 -1.640625e-001  5.294408e-001
    endloop
  endfacet
  facet normal  1.000000e+000  -0.000000e+000  0.000000e+000
    outer loop
      vertex  5.763158e-001 -1.640625e-001  5.294408e-001
      vertex  5.763158e-001  1.665335e-016 -5.763158e-001
      vertex  5.763158e-001  2.892971e-016  5.294408e-001
    endloop
  endfacet
  facet normal  9.801622e-002  -0.000000e+000  9.951848e-001
    outer loop
      vertex  5.294408e-001  2.892971e-016  5.763158e-001
      vertex  5.294408e-001 -1.640625e-001  5.763158e-001
      vertex  5.385857e-001  2.902124e-016  5.754151e-001
    endloop
  endfacet
  facet normal  9.801622e-002  0.000000e+000  9.951848e-001
    outer loop
      vertex  5.385857e-001  2.902124e-016  5.754151e-001
      vertex  5.294408e-001 -1.640625e-001  5.763158e-001
      vertex  5.385857e-001 -1.640625e-001  5.754151e-001
    endloop
  endfacet
  facet normal  2.902821e-001  -0.000000e+000  9.569411e-001
    outer loop
      vertex  5.385857e-001  2.902124e-016  5.754151e-001
      vertex  5.385857e-001 -1.640625e-001  5.754151e-001
      vertex  5.473791e-001  2.908925e-016  5.727476e-001
    endloop
  endfacet
  facet normal  2.902821e-001  0.000000e+000  9.569411e-001
    outer loop
      vertex  5.473791e-001  2.908925e-016  5.727476e-001
      vertex  5.385857e-001 -1.640625e-001  5.754151e-001
      vertex  5.473791e-001 -1.640625e-001  5.727476e-001
    endloop
  endfacet
  facet normal  4.713953e-001  -0.000000e+000  8.819219e-001
    outer loop
      vertex  5.473791e-001  2.908925e-016  5.727476e-001
      vertex  5.473791e-001 -1.640625e-001  5.727476e-001
      vertex  5.554832e-001  2.913113e-016  5.684159e-001
    endloop
  endfacet
  facet normal  4.713953e-001  0.000000e+000  8.819219e-001
    outer loop
      vertex  5.554832e-001  2.913113e-016  5.684159e-001
      vertex  5.473791e-001 -1.640625e-001  5.727476e-001
      vertex  5.554832e-001 -1.640625e-001  5.684159e-001
    endloop
  endfacet
  facet normal  6.343942e-001  -0.000000e+000  7.730097e-001
    outer loop
      vertex  5.554832e-001  2.913113e-016  5.684159e-001
      vertex  5.554832e-001 -1.640625e-001  5.684159e-001
      vertex  5.625864e-001  2.914527e-016  5.625864e-001
    endloop
  endfacet
  facet normal  6.343942e-001  0.000000e+000  7.730097e-001
    outer loop
      vertex  5.625864e-001  2.914527e-016  5.625864e-001
      vertex  5.554832e-001 -1.640625e-001  5.684159e-001
      vertex  5.625864e-001 -1.640625e-001  5.625864e-001
    endloop
  endfacet
  facet normal  7.730097e-001  -0.000000e+000  6.343942e-001
    outer loop
      vertex  5.625864e-001  2.914527e-016  5.625864e-001
      vertex  5.625864e-001 -1.640625e-001  5.625864e-001
      vertex  5.684159e-001  2.913113e-016  5.554832e-001
    endloop
  endfacet
  facet normal  7.730097e-001  0.000000e+000  6.343942e-001
    outer loop
      vertex  5.684159e-001  2.913113e-016  5.554832e-001
      vertex  5.625864e-001 -1.640625e-001  5.625864e-001
      vertex  5.684159e-001 -1.640625e-001  5.554832e-001
    endloop
  endfacet
  facet normal  8.819219e-001  -0.000000e+000  4.713953e-001
    outer loop
      vertex  5.684159e-001  2.913113e-016  5.554832e-001
      vertex  5.684159e-001 -1.640625e-001  5.554832e-001
      vertex  5.727476e-001  2.908925e-016  5.473791e-001
    endloop
  endfacet
  facet normal  8.819219e-001  0.000000e+000  4.713953e-001
    outer loop
      vertex  5.727476e-001  2.908925e-016  5.473791e-001
      vertex  5.684159e-001 -1.640625e-001  5.554832e-001
      vertex  5.727476e-001 -1.640625e-001  5.473791e-001
    endloop
  endfacet
  facet normal  9.569411e-001  -0.000000e+000  2.902821e-001
    outer loop
      vertex  5.727476e-001  2.908925e-016  5.473791e-001
      vertex  5.727476e-001 -1.640625e-001  5.473791e-001
      vertex  5.754151e-001  2.902124e-016  5.385857e-001
    endloop
  endfacet
  facet normal  9.569411e-001  0.000000e+000  2.902821e-001
    outer loop
      vertex  5.754151e-001  2.902124e-016  5.385857e-001
      vertex  5.727476e-001 -1.640625e-001  5.473791e-001
      vertex  5.754151e-001 -1.640625e-001  5.385857e-001
    endloop
  endfacet
  facet normal  9.951848e-001  -0.000000e+000  9.801622e-002
    outer loop
      vertex  5.754151e-001  2.902124e-016  5.385857e-001
      vertex  5.754151e-001 -1.640625e-001  5.385857e-001
      vertex  5.763158e-001  2.892971e-016  5.294408e-001
    endloop
  endfacet
  facet normal  9.951848e-001  0.000000e+000  9.801622e-002
    outer loop
      vertex  5.763158e-001  2.892971e-016  5.294408e-001
      vertex  5.754151e-001 -1.640625e-001  5.385857e-001
      vertex  5.763158e-001 -1.640625e-001  5.294408e-001
    endloop
  endfacet
  facet normal -1.000000e+000  -0.000000e+000  0.000000e+000
    outer loop
      vertex -5.763158e-001 -1.640625e-001  5.763158e-001
      vertex -5.763158e-001  1.665335e-016  5.763158e-001
      vertex -5.763158e-001 -1.640625e-001 -5.763158e-001
    endloop
  endfacet
  facet normal -1.000000e+000  0.000000e+000  0.000000e+000
    outer loop
      vertex -5.763158e-001 -1.640625e-001 -5.763158e-001
      vertex -5.763158e-001  1.665335e-016  5.763158e-001
      vertex -5.763158e-001  3.856564e-017 -5.763158e-001
    endloop
  endfacet
  facet normal  0.000000e+000  0.000000e+000 -1.000000e+000
    outer loop
      vertex -5.763158e-001 -1.640625e-001 -5.763158e-001
      vertex -5.763158e-001  3.856564e-017 -5.763158e-001
      vertex  5.763158e-001 -1.640625e-001 -5.763158e-001
    endloop
  endfacet
  facet normal  0.000000e+000  0.000000e+000 -1.000000e+000
    outer loop
      vertex  5.763158e-001 -1.640625e-001 -5.763158e-001
      vertex -5.763158e-001  3.856564e-017 -5.763158e-001
      vertex  5.763158e-001  1.665335e-016 -5.763158e-001
    endloop
  endfacet
endsolid CATIA STL
