solid CATIA STL
  facet normal  -0.000000e+000  -0.000000e+000  1.000000e+000
    outer loop
      vertex -1.640625e-001 -7.812500e-002  3.281250e-001
      vertex -1.624112e-001 -9.489057e-002  3.281250e-001
      vertex -1.575209e-001 -1.110119e-001  3.281250e-001
    endloop
  endfacet
  facet normal  -0.000000e+000  -0.000000e+000  1.000000e+000
    outer loop
      vertex -1.640625e-001 -7.812500e-002  3.281250e-001
      vertex -1.575209e-001 -1.110119e-001  3.281250e-001
      vertex -1.495794e-001 -1.258693e-001  3.281250e-001
    endloop
  endfacet
  facet normal  -0.000000e+000  -0.000000e+000  1.000000e+000
    outer loop
      vertex -1.640625e-001 -7.812500e-002  3.281250e-001
      vertex -1.495794e-001 -1.258693e-001  3.281250e-001
      vertex -1.388920e-001 -1.388920e-001  3.281250e-001
    endloop
  endfacet
  facet normal  -0.000000e+000  -0.000000e+000  9.999999e-001
    outer loop
      vertex -1.640625e-001 -7.812500e-002  3.281250e-001
      vertex -1.388920e-001 -1.388920e-001  3.281250e-001
      vertex -1.258693e-001 -1.495794e-001  3.281250e-001
    endloop
  endfacet
  facet normal  -0.000000e+000  -0.000000e+000  1.000000e+000
    outer loop
      vertex -1.640625e-001 -7.812500e-002  3.281250e-001
      vertex -1.258693e-001 -1.495794e-001  3.281250e-001
      vertex -1.110119e-001 -1.575209e-001  3.281250e-001
    endloop
  endfacet
  facet normal  -0.000000e+000  -0.000000e+000  1.000000e+000
    outer loop
      vertex -1.640625e-001 -7.812500e-002  3.281250e-001
      vertex -1.110119e-001 -1.575209e-001  3.281250e-001
      vertex -9.489057e-002 -1.624112e-001  3.281250e-001
    endloop
  endfacet
  facet normal  -0.000000e+000  -0.000000e+000  1.000000e+000
    outer loop
      vertex -1.640625e-001 -7.812500e-002  3.281250e-001
      vertex -9.489057e-002 -1.624112e-001  3.281250e-001
      vertex -7.812500e-002 -1.640625e-001  3.281250e-001
    endloop
  endfacet
  facet normal  0.000000e+000  -0.000000e+000  1.000000e+000
    outer loop
      vertex -1.640625e-001 -7.812500e-002  3.281250e-001
      vertex -7.812500e-002 -1.640625e-001  3.281250e-001
      vertex  1.640625e-001 -1.640625e-001  3.281250e-001
    endloop
  endfacet
  facet normal  0.000000e+000  -0.000000e+000  1.000000e+000
    outer loop
      vertex -1.640625e-001 -7.812500e-002  3.281250e-001
      vertex  1.640625e-001 -1.640625e-001  3.281250e-001
      vertex  1.640625e-001  1.640625e-001  3.281250e-001
    endloop
  endfacet
  facet normal  0.000000e+000  0.000000e+000  1.000000e+000
    outer loop
      vertex -1.640625e-001 -7.812500e-002  3.281250e-001
      vertex  1.640625e-001  1.640625e-001  3.281250e-001
      vertex -1.640625e-001  1.640625e-001  3.281250e-001
    endloop
  endfacet
  facet normal -1.000000e+000  0.000000e+000  0.000000e+000
    outer loop
      vertex -1.640625e-001  1.640625e-001  3.281250e-001
      vertex -1.640625e-001  1.640625e-001  1.328125e-001
      vertex -1.640625e-001 -7.812500e-002  3.281250e-001
    endloop
  endfacet
  facet normal -1.000000e+000  0.000000e+000  0.000000e+000
    outer loop
      vertex -1.640625e-001 -7.812500e-002  3.281250e-001
      vertex -1.640625e-001  1.640625e-001  1.328125e-001
      vertex -1.640625e-001 -7.812500e-002  1.328125e-001
    endloop
  endfacet
  facet normal  0.000000e+000 -1.000000e+000  0.000000e+000
    outer loop
      vertex -7.812500e-002 -1.640625e-001  3.281250e-001
      vertex -7.812500e-002 -1.640625e-001  1.328125e-001
      vertex  1.640625e-001 -1.640625e-001  3.281250e-001
    endloop
  endfacet
  facet normal  0.000000e+000 -1.000000e+000  -0.000000e+000
    outer loop
      vertex  1.640625e-001 -1.640625e-001  3.281250e-001
      vertex -7.812500e-002 -1.640625e-001  1.328125e-001
      vertex  1.640625e-001 -1.640625e-001  1.328125e-001
    endloop
  endfacet
  facet normal  0.000000e+000  -0.000000e+000  1.000000e+000
    outer loop
      vertex -7.500000e-001  0.000000e+000  1.328125e-001
      vertex -3.710526e-001 -6.473684e-001  1.328125e-001
      vertex -1.624112e-001 -9.489057e-002  1.328125e-001
    endloop
  endfacet
  facet normal  0.000000e+000  0.000000e+000  1.000000e+000
    outer loop
      vertex -7.500000e-001  0.000000e+000  1.328125e-001
      vertex -1.624112e-001 -9.489057e-002  1.328125e-001
      vertex -1.640625e-001 -7.812500e-002  1.328125e-001
    endloop
  endfacet
  facet normal  0.000000e+000  -0.000000e+000  1.000000e+000
    outer loop
      vertex -7.500000e-001  0.000000e+000  1.328125e-001
      vertex -1.640625e-001 -7.812500e-002  1.328125e-001
      vertex -1.640625e-001  1.640625e-001  1.328125e-001
    endloop
  endfacet
  facet normal  0.000000e+000  0.000000e+000  1.000000e+000
    outer loop
      vertex -7.500000e-001  0.000000e+000  1.328125e-001
      vertex -1.640625e-001  1.640625e-001  1.328125e-001
      vertex -3.710526e-001  6.473684e-001  1.328125e-001
    endloop
  endfacet
  facet normal  0.000000e+000  0.000000e+000  1.000000e+000
    outer loop
      vertex -3.710526e-001 -6.473684e-001  1.328125e-001
      vertex  3.710526e-001 -6.473684e-001  1.328125e-001
      vertex  1.640625e-001 -1.640625e-001  1.328125e-001
    endloop
  endfacet
  facet normal  0.000000e+000  0.000000e+000  1.000000e+000
    outer loop
      vertex -3.710526e-001 -6.473684e-001  1.328125e-001
      vertex  1.640625e-001 -1.640625e-001  1.328125e-001
      vertex -7.812500e-002 -1.640625e-001  1.328125e-001
    endloop
  endfacet
  facet normal  0.000000e+000  0.000000e+000  1.000000e+000
    outer loop
      vertex -3.710526e-001 -6.473684e-001  1.328125e-001
      vertex -7.812500e-002 -1.640625e-001  1.328125e-001
      vertex -9.489057e-002 -1.624112e-001  1.328125e-001
    endloop
  endfacet
  facet normal  0.000000e+000  0.000000e+000  9.999999e-001
    outer loop
      vertex -3.710526e-001 -6.473684e-001  1.328125e-001
      vertex -9.489057e-002 -1.624112e-001  1.328125e-001
      vertex -1.110119e-001 -1.575209e-001  1.328125e-001
    endloop
  endfacet
  facet normal  0.000000e+000  0.000000e+000  1.000000e+000
    outer loop
      vertex -3.710526e-001 -6.473684e-001  1.328125e-001
      vertex -1.110119e-001 -1.575209e-001  1.328125e-001
      vertex -1.258693e-001 -1.495794e-001  1.328125e-001
    endloop
  endfacet
  facet normal  0.000000e+000  0.000000e+000  1.000000e+000
    outer loop
      vertex -3.710526e-001 -6.473684e-001  1.328125e-001
      vertex -1.258693e-001 -1.495794e-001  1.328125e-001
      vertex -1.388920e-001 -1.388920e-001  1.328125e-001
    endloop
  endfacet
  facet normal  0.000000e+000  0.000000e+000  1.000000e+000
    outer loop
      vertex -3.710526e-001 -6.473684e-001  1.328125e-001
      vertex -1.388920e-001 -1.388920e-001  1.328125e-001
      vertex -1.495794e-001 -1.258693e-001  1.328125e-001
    endloop
  endfacet
  facet normal  0.000000e+000  0.000000e+000  1.000000e+000
    outer loop
      vertex -3.710526e-001 -6.473684e-001  1.328125e-001
      vertex -1.495794e-001 -1.258693e-001  1.328125e-001
      vertex -1.575209e-001 -1.110119e-001  1.328125e-001
    endloop
  endfacet
  facet normal  0.000000e+000  0.000000e+000  1.000000e+000
    outer loop
      vertex -3.710526e-001 -6.473684e-001  1.328125e-001
      vertex -1.575209e-001 -1.110119e-001  1.328125e-001
      vertex -1.624112e-001 -9.489057e-002  1.328125e-001
    endloop
  endfacet
  facet normal  0.000000e+000  -0.000000e+000  9.999999e-001
    outer loop
      vertex -3.710526e-001  6.473684e-001  1.328125e-001
      vertex -1.640625e-001  1.640625e-001  1.328125e-001
      vertex  3.167372e-001  6.473684e-001  1.328125e-001
    endloop
  endfacet
  facet normal  0.000000e+000  0.000000e+000  1.000000e+000
    outer loop
      vertex  3.167372e-001  6.473684e-001  1.328125e-001
      vertex -1.640625e-001  1.640625e-001  1.328125e-001
      vertex  1.640625e-001  1.640625e-001  1.328125e-001
    endloop
  endfacet
  facet normal  -0.000000e+000  0.000000e+000  1.000000e+000
    outer loop
      vertex  3.167372e-001  6.473684e-001  1.328125e-001
      vertex  1.640625e-001  1.640625e-001  1.328125e-001
      vertex  7.228423e-001 -4.639443e-002  1.328125e-001
    endloop
  endfacet
  facet normal  0.000000e+000  0.000000e+000  9.999999e-001
    outer loop
      vertex  7.228423e-001 -4.639443e-002  1.328125e-001
      vertex  1.640625e-001  1.640625e-001  1.328125e-001
      vertex  1.640625e-001 -1.640625e-001  1.328125e-001
    endloop
  endfacet
  facet normal  -0.000000e+000  0.000000e+000  1.000000e+000
    outer loop
      vertex  7.228423e-001 -4.639443e-002  1.328125e-001
      vertex  1.640625e-001 -1.640625e-001  1.328125e-001
      vertex  3.710526e-001 -6.473684e-001  1.328125e-001
    endloop
  endfacet
  facet normal -9.801758e-002 -9.951847e-001  -0.000000e+000
    outer loop
      vertex -7.812500e-002 -1.640625e-001  1.328125e-001
      vertex -7.812500e-002 -1.640625e-001  3.281250e-001
      vertex -9.489057e-002 -1.624112e-001  1.328125e-001
    endloop
  endfacet
  facet normal -9.801758e-002 -9.951847e-001  0.000000e+000
    outer loop
      vertex -9.489057e-002 -1.624112e-001  1.328125e-001
      vertex -7.812500e-002 -1.640625e-001  3.281250e-001
      vertex -9.489057e-002 -1.624112e-001  3.281250e-001
    endloop
  endfacet
  facet normal -2.902847e-001 -9.569403e-001  -0.000000e+000
    outer loop
      vertex -9.489057e-002 -1.624112e-001  1.328125e-001
      vertex -9.489057e-002 -1.624112e-001  3.281250e-001
      vertex -1.110119e-001 -1.575209e-001  1.328125e-001
    endloop
  endfacet
  facet normal -2.902847e-001 -9.569403e-001  0.000000e+000
    outer loop
      vertex -1.110119e-001 -1.575209e-001  1.328125e-001
      vertex -9.489057e-002 -1.624112e-001  3.281250e-001
      vertex -1.110119e-001 -1.575209e-001  3.281250e-001
    endloop
  endfacet
  facet normal -4.713962e-001 -8.819215e-001  -0.000000e+000
    outer loop
      vertex -1.110119e-001 -1.575209e-001  1.328125e-001
      vertex -1.110119e-001 -1.575209e-001  3.281250e-001
      vertex -1.258693e-001 -1.495794e-001  1.328125e-001
    endloop
  endfacet
  facet normal -4.713962e-001 -8.819215e-001  0.000000e+000
    outer loop
      vertex -1.258693e-001 -1.495794e-001  1.328125e-001
      vertex -1.110119e-001 -1.575209e-001  3.281250e-001
      vertex -1.258693e-001 -1.495794e-001  3.281250e-001
    endloop
  endfacet
  facet normal -6.343930e-001 -7.730107e-001  -0.000000e+000
    outer loop
      vertex -1.258693e-001 -1.495794e-001  1.328125e-001
      vertex -1.258693e-001 -1.495794e-001  3.281250e-001
      vertex -1.388920e-001 -1.388920e-001  1.328125e-001
    endloop
  endfacet
  facet normal -6.343930e-001 -7.730107e-001  0.000000e+000
    outer loop
      vertex -1.388920e-001 -1.388920e-001  1.328125e-001
      vertex -1.258693e-001 -1.495794e-001  3.281250e-001
      vertex -1.388920e-001 -1.388920e-001  3.281250e-001
    endloop
  endfacet
  facet normal -7.730107e-001 -6.343930e-001  -0.000000e+000
    outer loop
      vertex -1.388920e-001 -1.388920e-001  1.328125e-001
      vertex -1.388920e-001 -1.388920e-001  3.281250e-001
      vertex -1.495794e-001 -1.258693e-001  1.328125e-001
    endloop
  endfacet
  facet normal -7.730107e-001 -6.343930e-001  0.000000e+000
    outer loop
      vertex -1.495794e-001 -1.258693e-001  1.328125e-001
      vertex -1.388920e-001 -1.388920e-001  3.281250e-001
      vertex -1.495794e-001 -1.258693e-001  3.281250e-001
    endloop
  endfacet
  facet normal -8.819215e-001 -4.713962e-001  -0.000000e+000
    outer loop
      vertex -1.495794e-001 -1.258693e-001  1.328125e-001
      vertex -1.495794e-001 -1.258693e-001  3.281250e-001
      vertex -1.575209e-001 -1.110119e-001  1.328125e-001
    endloop
  endfacet
  facet normal -8.819215e-001 -4.713962e-001  0.000000e+000
    outer loop
      vertex -1.575209e-001 -1.110119e-001  1.328125e-001
      vertex -1.495794e-001 -1.258693e-001  3.281250e-001
      vertex -1.575209e-001 -1.110119e-001  3.281250e-001
    endloop
  endfacet
  facet normal -9.569403e-001 -2.902847e-001  -0.000000e+000
    outer loop
      vertex -1.575209e-001 -1.110119e-001  1.328125e-001
      vertex -1.575209e-001 -1.110119e-001  3.281250e-001
      vertex -1.624112e-001 -9.489057e-002  1.328125e-001
    endloop
  endfacet
  facet normal -9.569403e-001 -2.902847e-001  0.000000e+000
    outer loop
      vertex -1.624112e-001 -9.489057e-002  1.328125e-001
      vertex -1.575209e-001 -1.110119e-001  3.281250e-001
      vertex -1.624112e-001 -9.489057e-002  3.281250e-001
    endloop
  endfacet
  facet normal -9.951847e-001 -9.801758e-002  -0.000000e+000
    outer loop
      vertex -1.624112e-001 -9.489057e-002  1.328125e-001
      vertex -1.624112e-001 -9.489057e-002  3.281250e-001
      vertex -1.640625e-001 -7.812500e-002  1.328125e-001
    endloop
  endfacet
  facet normal -9.951847e-001 -9.801758e-002  0.000000e+000
    outer loop
      vertex -1.640625e-001 -7.812500e-002  1.328125e-001
      vertex -1.624112e-001 -9.489057e-002  3.281250e-001
      vertex -1.640625e-001 -7.812500e-002  3.281250e-001
    endloop
  endfacet
  facet normal  0.000000e+000  1.000000e+000  -0.000000e+000
    outer loop
      vertex  1.640625e-001  1.640625e-001  3.281250e-001
      vertex  1.640625e-001  1.640625e-001  1.328125e-001
      vertex -1.640625e-001  1.640625e-001  3.281250e-001
    endloop
  endfacet
  facet normal  0.000000e+000  1.000000e+000  0.000000e+000
    outer loop
      vertex -1.640625e-001  1.640625e-001  3.281250e-001
      vertex  1.640625e-001  1.640625e-001  1.328125e-001
      vertex -1.640625e-001  1.640625e-001  1.328125e-001
    endloop
  endfacet
  facet normal  1.000000e+000  0.000000e+000  0.000000e+000
    outer loop
      vertex  1.640625e-001 -1.640625e-001  3.281250e-001
      vertex  1.640625e-001 -1.640625e-001  1.328125e-001
      vertex  1.640625e-001  1.640625e-001  3.281250e-001
    endloop
  endfacet
  facet normal  1.000000e+000  0.000000e+000  0.000000e+000
    outer loop
      vertex  1.640625e-001  1.640625e-001  3.281250e-001
      vertex  1.640625e-001 -1.640625e-001  1.328125e-001
      vertex  1.640625e-001  1.640625e-001  1.328125e-001
    endloop
  endfacet
  facet normal  0.000000e+000  1.000000e+000  0.000000e+000
    outer loop
      vertex -3.710526e-001  6.473684e-001  0.000000e+000
      vertex -3.710526e-001  6.473684e-001  1.328125e-001
      vertex  3.710526e-001  6.473684e-001  0.000000e+000
    endloop
  endfacet
  facet normal  0.000000e+000  1.000000e+000  0.000000e+000
    outer loop
      vertex  3.710526e-001  6.473684e-001  0.000000e+000
      vertex -3.710526e-001  6.473684e-001  1.328125e-001
      vertex  3.167372e-001  6.473684e-001  1.328125e-001
    endloop
  endfacet
  facet normal  0.000000e+000  1.000000e+000  0.000000e+000
    outer loop
      vertex  3.710526e-001  6.473684e-001  0.000000e+000
      vertex  3.167372e-001  6.473684e-001  1.328125e-001
      vertex  3.710526e-001  6.473684e-001  5.468750e-002
    endloop
  endfacet
  facet normal  8.630145e-001  5.051792e-001 -5.127877e-016
    outer loop
      vertex  7.500000e-001  0.000000e+000  5.468750e-002
      vertex  7.500000e-001 -5.551115e-017  0.000000e+000
      vertex  3.710526e-001  6.473684e-001  5.468750e-002
    endloop
  endfacet
  facet normal  8.630145e-001  5.051792e-001  0.000000e+000
    outer loop
      vertex  3.710526e-001  6.473684e-001  5.468750e-002
      vertex  7.500000e-001 -5.551115e-017  0.000000e+000
      vertex  3.710526e-001  6.473684e-001  0.000000e+000
    endloop
  endfacet
  facet normal  8.630145e-001 -5.051792e-001  0.000000e+000
    outer loop
      vertex  3.710526e-001 -6.473684e-001  1.328125e-001
      vertex  3.710526e-001 -6.473684e-001  0.000000e+000
      vertex  7.228423e-001 -4.639443e-002  1.328125e-001
    endloop
  endfacet
  facet normal  8.630145e-001 -5.051792e-001  7.457298e-008
    outer loop
      vertex  7.228423e-001 -4.639443e-002  1.328125e-001
      vertex  3.710526e-001 -6.473684e-001  0.000000e+000
      vertex  7.500000e-001 -5.551115e-017  0.000000e+000
    endloop
  endfacet
  facet normal  8.630143e-001 -5.051793e-001  5.127879e-016
    outer loop
      vertex  7.228423e-001 -4.639443e-002  1.328125e-001
      vertex  7.500000e-001 -5.551115e-017  0.000000e+000
      vertex  7.500000e-001  0.000000e+000  5.468750e-002
    endloop
  endfacet
  facet normal  7.400288e-001  4.331876e-001  5.144957e-001
    outer loop
      vertex  3.167372e-001  6.473684e-001  1.328125e-001
      vertex  7.228423e-001 -4.639443e-002  1.328125e-001
      vertex  3.710526e-001  6.473684e-001  5.468750e-002
    endloop
  endfacet
  facet normal  7.400289e-001  4.331876e-001  5.144958e-001
    outer loop
      vertex  3.710526e-001  6.473684e-001  5.468750e-002
      vertex  7.228423e-001 -4.639443e-002  1.328125e-001
      vertex  7.500000e-001  0.000000e+000  5.468750e-002
    endloop
  endfacet
  facet normal  0.000000e+000  0.000000e+000 -1.000000e+000
    outer loop
      vertex  3.710526e-001  6.473684e-001  0.000000e+000
      vertex  7.500000e-001 -5.551115e-017  0.000000e+000
      vertex -3.710526e-001  6.473684e-001  0.000000e+000
    endloop
  endfacet
  facet normal  0.000000e+000  -0.000000e+000 -1.000000e+000
    outer loop
      vertex -3.710526e-001  6.473684e-001  0.000000e+000
      vertex  7.500000e-001 -5.551115e-017  0.000000e+000
      vertex -7.500000e-001  0.000000e+000  0.000000e+000
    endloop
  endfacet
  facet normal  0.000000e+000  0.000000e+000 -1.000000e+000
    outer loop
      vertex  7.500000e-001 -5.551115e-017  0.000000e+000
      vertex  3.710526e-001 -6.473684e-001  0.000000e+000
      vertex -7.500000e-001  0.000000e+000  0.000000e+000
    endloop
  endfacet
  facet normal  0.000000e+000  0.000000e+000 -1.000000e+000
    outer loop
      vertex -7.500000e-001  0.000000e+000  0.000000e+000
      vertex  3.710526e-001 -6.473684e-001  0.000000e+000
      vertex -3.710526e-001 -6.473684e-001  0.000000e+000
    endloop
  endfacet
  facet normal -8.630145e-001  5.051792e-001  0.000000e+000
    outer loop
      vertex -3.710526e-001  6.473684e-001  1.328125e-001
      vertex -3.710526e-001  6.473684e-001  0.000000e+000
      vertex -7.500000e-001  0.000000e+000  1.328125e-001
    endloop
  endfacet
  facet normal -8.630145e-001  5.051792e-001  0.000000e+000
    outer loop
      vertex -7.500000e-001  0.000000e+000  1.328125e-001
      vertex -3.710526e-001  6.473684e-001  0.000000e+000
      vertex -7.500000e-001  0.000000e+000  0.000000e+000
    endloop
  endfacet
  facet normal  0.000000e+000 -1.000000e+000  0.000000e+000
    outer loop
      vertex -3.710526e-001 -6.473684e-001  1.328125e-001
      vertex -3.710526e-001 -6.473684e-001  0.000000e+000
      vertex  3.710526e-001 -6.473684e-001  1.328125e-001
    endloop
  endfacet
  facet normal  0.000000e+000 -1.000000e+000  -0.000000e+000
    outer loop
      vertex  3.710526e-001 -6.473684e-001  1.328125e-001
      vertex -3.710526e-001 -6.473684e-001  0.000000e+000
      vertex  3.710526e-001 -6.473684e-001  0.000000e+000
    endloop
  endfacet
  facet normal -8.630145e-001 -5.051792e-001  0.000000e+000
    outer loop
      vertex -7.500000e-001  0.000000e+000  1.328125e-001
      vertex -7.500000e-001  0.000000e+000  0.000000e+000
      vertex -3.710526e-001 -6.473684e-001  1.328125e-001
    endloop
  endfacet
  facet normal -8.630145e-001 -5.051792e-001  -0.000000e+000
    outer loop
      vertex -3.710526e-001 -6.473684e-001  1.328125e-001
      vertex -7.500000e-001  0.000000e+000  0.000000e+000
      vertex -3.710526e-001 -6.473684e-001  0.000000e+000
    endloop
  endfacet
endsolid CATIA STL
