solid CATIA STL
  facet normal  -0.000000e+000  0.000000e+000  1.000000e+000
    outer loop
      vertex  2.097039e-002  2.097039e-002  7.500000e-001
      vertex -1.315789e-002  2.097039e-002  7.500000e-001
      vertex -1.315789e-002 -5.345395e-003  7.500000e-001
    endloop
  endfacet
  facet normal  -0.000000e+000  0.000000e+000  1.000000e+000
    outer loop
      vertex  2.097039e-002  2.097039e-002  7.500000e-001
      vertex -1.315789e-002 -5.345395e-003  7.500000e-001
      vertex -1.300778e-002 -6.869538e-003  7.500000e-001
    endloop
  endfacet
  facet normal  -0.000000e+000  0.000000e+000  1.000000e+000
    outer loop
      vertex  2.097039e-002  2.097039e-002  7.500000e-001
      vertex -1.300778e-002 -6.869538e-003  7.500000e-001
      vertex -1.256320e-002 -8.335109e-003  7.500000e-001
    endloop
  endfacet
  facet normal  -0.000000e+000  0.000000e+000  1.000000e+000
    outer loop
      vertex  2.097039e-002  2.097039e-002  7.500000e-001
      vertex -1.256320e-002 -8.335109e-003  7.500000e-001
      vertex -1.184125e-002 -9.685787e-003  7.500000e-001
    endloop
  endfacet
  facet normal  -0.000000e+000  0.000000e+000  1.000000e+000
    outer loop
      vertex  2.097039e-002  2.097039e-002  7.500000e-001
      vertex -1.184125e-002 -9.685787e-003  7.500000e-001
      vertex -1.086967e-002 -1.086967e-002  7.500000e-001
    endloop
  endfacet
  facet normal  -0.000000e+000  0.000000e+000  1.000000e+000
    outer loop
      vertex  2.097039e-002  2.097039e-002  7.500000e-001
      vertex -1.086967e-002 -1.086967e-002  7.500000e-001
      vertex -9.685787e-003 -1.184125e-002  7.500000e-001
    endloop
  endfacet
  facet normal  -0.000000e+000  0.000000e+000  1.000000e+000
    outer loop
      vertex  2.097039e-002  2.097039e-002  7.500000e-001
      vertex -9.685787e-003 -1.184125e-002  7.500000e-001
      vertex -8.335109e-003 -1.256320e-002  7.500000e-001
    endloop
  endfacet
  facet normal  -0.000000e+000  0.000000e+000  1.000000e+000
    outer loop
      vertex  2.097039e-002  2.097039e-002  7.500000e-001
      vertex -8.335109e-003 -1.256320e-002  7.500000e-001
      vertex -6.869538e-003 -1.300778e-002  7.500000e-001
    endloop
  endfacet
  facet normal  -0.000000e+000  0.000000e+000  1.000000e+000
    outer loop
      vertex  2.097039e-002  2.097039e-002  7.500000e-001
      vertex -6.869538e-003 -1.300778e-002  7.500000e-001
      vertex -5.345395e-003 -1.315789e-002  7.500000e-001
    endloop
  endfacet
  facet normal  0.000000e+000  0.000000e+000  1.000000e+000
    outer loop
      vertex  2.097039e-002  2.097039e-002  7.500000e-001
      vertex -5.345395e-003 -1.315789e-002  7.500000e-001
      vertex  2.097039e-002 -1.315789e-002  7.500000e-001
    endloop
  endfacet
  facet normal  0.000000e+000  0.000000e+000 -1.000000e+000
    outer loop
      vertex  2.097039e-002  2.097039e-002  0.000000e+000
      vertex  2.097039e-002 -1.315789e-002  0.000000e+000
      vertex -5.345395e-003 -1.315789e-002  0.000000e+000
    endloop
  endfacet
  facet normal  0.000000e+000  0.000000e+000 -1.000000e+000
    outer loop
      vertex  2.097039e-002  2.097039e-002  0.000000e+000
      vertex -5.345395e-003 -1.315789e-002  0.000000e+000
      vertex -6.869538e-003 -1.300778e-002  0.000000e+000
    endloop
  endfacet
  facet normal  0.000000e+000  0.000000e+000 -1.000000e+000
    outer loop
      vertex  2.097039e-002  2.097039e-002  0.000000e+000
      vertex -6.869538e-003 -1.300778e-002  0.000000e+000
      vertex -8.335109e-003 -1.256320e-002  0.000000e+000
    endloop
  endfacet
  facet normal  0.000000e+000  0.000000e+000 -1.000000e+000
    outer loop
      vertex  2.097039e-002  2.097039e-002  0.000000e+000
      vertex -8.335109e-003 -1.256320e-002  0.000000e+000
      vertex -9.685787e-003 -1.184125e-002  0.000000e+000
    endloop
  endfacet
  facet normal  0.000000e+000  0.000000e+000 -1.000000e+000
    outer loop
      vertex  2.097039e-002  2.097039e-002  0.000000e+000
      vertex -9.685787e-003 -1.184125e-002  0.000000e+000
      vertex -1.086967e-002 -1.086967e-002  0.000000e+000
    endloop
  endfacet
  facet normal  0.000000e+000  0.000000e+000 -1.000000e+000
    outer loop
      vertex  2.097039e-002  2.097039e-002  0.000000e+000
      vertex -1.086967e-002 -1.086967e-002  0.000000e+000
      vertex -1.184125e-002 -9.685787e-003  0.000000e+000
    endloop
  endfacet
  facet normal  0.000000e+000  0.000000e+000 -1.000000e+000
    outer loop
      vertex  2.097039e-002  2.097039e-002  0.000000e+000
      vertex -1.184125e-002 -9.685787e-003  0.000000e+000
      vertex -1.256320e-002 -8.335109e-003  0.000000e+000
    endloop
  endfacet
  facet normal  0.000000e+000  0.000000e+000 -1.000000e+000
    outer loop
      vertex  2.097039e-002  2.097039e-002  0.000000e+000
      vertex -1.256320e-002 -8.335109e-003  0.000000e+000
      vertex -1.300778e-002 -6.869538e-003  0.000000e+000
    endloop
  endfacet
  facet normal  0.000000e+000  0.000000e+000 -1.000000e+000
    outer loop
      vertex  2.097039e-002  2.097039e-002  0.000000e+000
      vertex -1.300778e-002 -6.869538e-003  0.000000e+000
      vertex -1.315789e-002 -5.345395e-003  0.000000e+000
    endloop
  endfacet
  facet normal  0.000000e+000  0.000000e+000 -1.000000e+000
    outer loop
      vertex  2.097039e-002  2.097039e-002  0.000000e+000
      vertex -1.315789e-002 -5.345395e-003  0.000000e+000
      vertex -1.315789e-002  2.097039e-002  0.000000e+000
    endloop
  endfacet
  facet normal -1.000000e+000  0.000000e+000  0.000000e+000
    outer loop
      vertex -1.315789e-002  2.097039e-002  0.000000e+000
      vertex -1.315789e-002 -5.345395e-003  0.000000e+000
      vertex -1.315789e-002  2.097039e-002  7.500000e-001
    endloop
  endfacet
  facet normal -1.000000e+000  -0.000000e+000  0.000000e+000
    outer loop
      vertex -1.315789e-002  2.097039e-002  7.500000e-001
      vertex -1.315789e-002 -5.345395e-003  0.000000e+000
      vertex -1.315789e-002 -5.345395e-003  7.500000e-001
    endloop
  endfacet
  facet normal  0.000000e+000 -1.000000e+000  0.000000e+000
    outer loop
      vertex -5.345395e-003 -1.315789e-002  0.000000e+000
      vertex  2.097039e-002 -1.315789e-002  0.000000e+000
      vertex -5.345395e-003 -1.315789e-002  7.500000e-001
    endloop
  endfacet
  facet normal  0.000000e+000 -1.000000e+000  0.000000e+000
    outer loop
      vertex -5.345395e-003 -1.315789e-002  7.500000e-001
      vertex  2.097039e-002 -1.315789e-002  0.000000e+000
      vertex  2.097039e-002 -1.315789e-002  7.500000e-001
    endloop
  endfacet
  facet normal -9.801731e-002 -9.951847e-001  -0.000000e+000
    outer loop
      vertex -5.345395e-003 -1.315789e-002  0.000000e+000
      vertex -5.345395e-003 -1.315789e-002  7.500000e-001
      vertex -6.869538e-003 -1.300778e-002  0.000000e+000
    endloop
  endfacet
  facet normal -9.801731e-002 -9.951847e-001  0.000000e+000
    outer loop
      vertex -6.869538e-003 -1.300778e-002  0.000000e+000
      vertex -5.345395e-003 -1.315789e-002  7.500000e-001
      vertex -6.869538e-003 -1.300778e-002  7.500000e-001
    endloop
  endfacet
  facet normal -2.902847e-001 -9.569404e-001  -0.000000e+000
    outer loop
      vertex -6.869538e-003 -1.300778e-002  0.000000e+000
      vertex -6.869538e-003 -1.300778e-002  7.500000e-001
      vertex -8.335109e-003 -1.256320e-002  0.000000e+000
    endloop
  endfacet
  facet normal -2.902847e-001 -9.569404e-001  0.000000e+000
    outer loop
      vertex -8.335109e-003 -1.256320e-002  0.000000e+000
      vertex -6.869538e-003 -1.300778e-002  7.500000e-001
      vertex -8.335109e-003 -1.256320e-002  7.500000e-001
    endloop
  endfacet
  facet normal -4.713964e-001 -8.819215e-001  -0.000000e+000
    outer loop
      vertex -8.335109e-003 -1.256320e-002  0.000000e+000
      vertex -8.335109e-003 -1.256320e-002  7.500000e-001
      vertex -9.685787e-003 -1.184125e-002  0.000000e+000
    endloop
  endfacet
  facet normal -4.713964e-001 -8.819215e-001  0.000000e+000
    outer loop
      vertex -9.685787e-003 -1.184125e-002  0.000000e+000
      vertex -8.335109e-003 -1.256320e-002  7.500000e-001
      vertex -9.685787e-003 -1.184125e-002  7.500000e-001
    endloop
  endfacet
  facet normal -6.343939e-001 -7.730100e-001  -0.000000e+000
    outer loop
      vertex -9.685787e-003 -1.184125e-002  0.000000e+000
      vertex -9.685787e-003 -1.184125e-002  7.500000e-001
      vertex -1.086967e-002 -1.086967e-002  0.000000e+000
    endloop
  endfacet
  facet normal -6.343939e-001 -7.730100e-001  0.000000e+000
    outer loop
      vertex -1.086967e-002 -1.086967e-002  0.000000e+000
      vertex -9.685787e-003 -1.184125e-002  7.500000e-001
      vertex -1.086967e-002 -1.086967e-002  7.500000e-001
    endloop
  endfacet
  facet normal -7.730100e-001 -6.343939e-001  -0.000000e+000
    outer loop
      vertex -1.086967e-002 -1.086967e-002  0.000000e+000
      vertex -1.086967e-002 -1.086967e-002  7.500000e-001
      vertex -1.184125e-002 -9.685787e-003  0.000000e+000
    endloop
  endfacet
  facet normal -7.730100e-001 -6.343939e-001  0.000000e+000
    outer loop
      vertex -1.184125e-002 -9.685787e-003  0.000000e+000
      vertex -1.086967e-002 -1.086967e-002  7.500000e-001
      vertex -1.184125e-002 -9.685787e-003  7.500000e-001
    endloop
  endfacet
  facet normal -8.819215e-001 -4.713964e-001  -0.000000e+000
    outer loop
      vertex -1.184125e-002 -9.685787e-003  0.000000e+000
      vertex -1.184125e-002 -9.685787e-003  7.500000e-001
      vertex -1.256320e-002 -8.335109e-003  0.000000e+000
    endloop
  endfacet
  facet normal -8.819215e-001 -4.713964e-001  0.000000e+000
    outer loop
      vertex -1.256320e-002 -8.335109e-003  0.000000e+000
      vertex -1.184125e-002 -9.685787e-003  7.500000e-001
      vertex -1.256320e-002 -8.335109e-003  7.500000e-001
    endloop
  endfacet
  facet normal -9.569404e-001 -2.902847e-001  -0.000000e+000
    outer loop
      vertex -1.256320e-002 -8.335109e-003  0.000000e+000
      vertex -1.256320e-002 -8.335109e-003  7.500000e-001
      vertex -1.300778e-002 -6.869538e-003  0.000000e+000
    endloop
  endfacet
  facet normal -9.569404e-001 -2.902847e-001  0.000000e+000
    outer loop
      vertex -1.300778e-002 -6.869538e-003  0.000000e+000
      vertex -1.256320e-002 -8.335109e-003  7.500000e-001
      vertex -1.300778e-002 -6.869538e-003  7.500000e-001
    endloop
  endfacet
  facet normal -9.951847e-001 -9.801731e-002  -0.000000e+000
    outer loop
      vertex -1.300778e-002 -6.869538e-003  0.000000e+000
      vertex -1.300778e-002 -6.869538e-003  7.500000e-001
      vertex -1.315789e-002 -5.345395e-003  0.000000e+000
    endloop
  endfacet
  facet normal -9.951847e-001 -9.801731e-002  0.000000e+000
    outer loop
      vertex -1.315789e-002 -5.345395e-003  0.000000e+000
      vertex -1.300778e-002 -6.869538e-003  7.500000e-001
      vertex -1.315789e-002 -5.345395e-003  7.500000e-001
    endloop
  endfacet
  facet normal  0.000000e+000  1.000000e+000  0.000000e+000
    outer loop
      vertex  2.097039e-002  2.097039e-002  0.000000e+000
      vertex -1.315789e-002  2.097039e-002  0.000000e+000
      vertex  2.097039e-002  2.097039e-002  7.500000e-001
    endloop
  endfacet
  facet normal  0.000000e+000  1.000000e+000  0.000000e+000
    outer loop
      vertex  2.097039e-002  2.097039e-002  7.500000e-001
      vertex -1.315789e-002  2.097039e-002  0.000000e+000
      vertex -1.315789e-002  2.097039e-002  7.500000e-001
    endloop
  endfacet
  facet normal  1.000000e+000  0.000000e+000  0.000000e+000
    outer loop
      vertex  2.097039e-002 -1.315789e-002  0.000000e+000
      vertex  2.097039e-002  2.097039e-002  0.000000e+000
      vertex  2.097039e-002 -1.315789e-002  7.500000e-001
    endloop
  endfacet
  facet normal  1.000000e+000  -0.000000e+000  0.000000e+000
    outer loop
      vertex  2.097039e-002 -1.315789e-002  7.500000e-001
      vertex  2.097039e-002  2.097039e-002  0.000000e+000
      vertex  2.097039e-002  2.097039e-002  7.500000e-001
    endloop
  endfacet
endsolid CATIA STL
