solid CATIA STL
  facet normal  0.000000e+000  0.000000e+000  1.000000e+000
    outer loop
      vertex -5.078125e-001  5.078125e-001  9.921875e-001
      vertex -5.078125e-001 -5.078125e-001  9.921875e-001
      vertex  5.078125e-001 -5.078125e-001  9.921875e-001
    endloop
  endfacet
  facet normal  0.000000e+000  -0.000000e+000  1.000000e+000
    outer loop
      vertex -5.078125e-001  5.078125e-001  9.921875e-001
      vertex  5.078125e-001 -5.078125e-001  9.921875e-001
      vertex  5.078125e-001  3.671875e-001  9.921875e-001
    endloop
  endfacet
  facet normal  0.000000e+000  0.000000e+000  9.999999e-001
    outer loop
      vertex -5.078125e-001  5.078125e-001  9.921875e-001
      vertex  5.078125e-001  3.671875e-001  9.921875e-001
      vertex  5.051104e-001  3.946221e-001  9.921875e-001
    endloop
  endfacet
  facet normal  0.000000e+000  0.000000e+000  1.000000e+000
    outer loop
      vertex -5.078125e-001  5.078125e-001  9.921875e-001
      vertex  5.051104e-001  3.946221e-001  9.921875e-001
      vertex  4.971081e-001  4.210024e-001  9.921875e-001
    endloop
  endfacet
  facet normal  0.000000e+000  0.000000e+000  1.000000e+000
    outer loop
      vertex -5.078125e-001  5.078125e-001  9.921875e-001
      vertex  4.971081e-001  4.210024e-001  9.921875e-001
      vertex  4.841129e-001  4.453146e-001  9.921875e-001
    endloop
  endfacet
  facet normal  0.000000e+000  0.000000e+000  1.000000e+000
    outer loop
      vertex -5.078125e-001  5.078125e-001  9.921875e-001
      vertex  4.841129e-001  4.453146e-001  9.921875e-001
      vertex  4.666244e-001  4.666244e-001  9.921875e-001
    endloop
  endfacet
  facet normal  0.000000e+000  0.000000e+000  1.000000e+000
    outer loop
      vertex -5.078125e-001  5.078125e-001  9.921875e-001
      vertex  4.666244e-001  4.666244e-001  9.921875e-001
      vertex  4.453146e-001  4.841129e-001  9.921875e-001
    endloop
  endfacet
  facet normal  0.000000e+000  0.000000e+000  1.000000e+000
    outer loop
      vertex -5.078125e-001  5.078125e-001  9.921875e-001
      vertex  4.453146e-001  4.841129e-001  9.921875e-001
      vertex  4.210024e-001  4.971081e-001  9.921875e-001
    endloop
  endfacet
  facet normal  0.000000e+000  0.000000e+000  9.999999e-001
    outer loop
      vertex -5.078125e-001  5.078125e-001  9.921875e-001
      vertex  4.210024e-001  4.971081e-001  9.921875e-001
      vertex  3.946221e-001  5.051104e-001  9.921875e-001
    endloop
  endfacet
  facet normal  0.000000e+000  0.000000e+000  1.000000e+000
    outer loop
      vertex -5.078125e-001  5.078125e-001  9.921875e-001
      vertex  3.946221e-001  5.051104e-001  9.921875e-001
      vertex  3.671875e-001  5.078125e-001  9.921875e-001
    endloop
  endfacet
  facet normal  -0.000000e+000  -0.000000e+000 -1.000000e+000
    outer loop
      vertex -5.078125e-001  5.078125e-001  0.000000e+000
      vertex  3.671875e-001  5.078125e-001  0.000000e+000
      vertex  3.946221e-001  5.051104e-001  0.000000e+000
    endloop
  endfacet
  facet normal  -0.000000e+000  -0.000000e+000 -1.000000e+000
    outer loop
      vertex -5.078125e-001  5.078125e-001  0.000000e+000
      vertex  3.946221e-001  5.051104e-001  0.000000e+000
      vertex  4.210024e-001  4.971081e-001  0.000000e+000
    endloop
  endfacet
  facet normal  -0.000000e+000  -0.000000e+000 -1.000000e+000
    outer loop
      vertex -5.078125e-001  5.078125e-001  0.000000e+000
      vertex  4.210024e-001  4.971081e-001  0.000000e+000
      vertex  4.453146e-001  4.841129e-001  0.000000e+000
    endloop
  endfacet
  facet normal  -0.000000e+000  -0.000000e+000 -1.000000e+000
    outer loop
      vertex -5.078125e-001  5.078125e-001  0.000000e+000
      vertex  4.453146e-001  4.841129e-001  0.000000e+000
      vertex  4.666244e-001  4.666244e-001  0.000000e+000
    endloop
  endfacet
  facet normal  -0.000000e+000  -0.000000e+000 -1.000000e+000
    outer loop
      vertex -5.078125e-001  5.078125e-001  0.000000e+000
      vertex  4.666244e-001  4.666244e-001  0.000000e+000
      vertex  4.841129e-001  4.453146e-001  0.000000e+000
    endloop
  endfacet
  facet normal  -0.000000e+000  -0.000000e+000 -1.000000e+000
    outer loop
      vertex -5.078125e-001  5.078125e-001  0.000000e+000
      vertex  4.841129e-001  4.453146e-001  0.000000e+000
      vertex  4.971081e-001  4.210024e-001  0.000000e+000
    endloop
  endfacet
  facet normal  -0.000000e+000  -0.000000e+000 -1.000000e+000
    outer loop
      vertex -5.078125e-001  5.078125e-001  0.000000e+000
      vertex  4.971081e-001  4.210024e-001  0.000000e+000
      vertex  5.051104e-001  3.946221e-001  0.000000e+000
    endloop
  endfacet
  facet normal  -0.000000e+000  -0.000000e+000 -9.999999e-001
    outer loop
      vertex -5.078125e-001  5.078125e-001  0.000000e+000
      vertex  5.051104e-001  3.946221e-001  0.000000e+000
      vertex  5.078125e-001  3.671875e-001  0.000000e+000
    endloop
  endfacet
  facet normal  -0.000000e+000  -0.000000e+000 -1.000000e+000
    outer loop
      vertex -5.078125e-001  5.078125e-001  0.000000e+000
      vertex  5.078125e-001  3.671875e-001  0.000000e+000
      vertex  5.078125e-001 -5.078125e-001  0.000000e+000
    endloop
  endfacet
  facet normal  0.000000e+000  0.000000e+000 -1.000000e+000
    outer loop
      vertex -5.078125e-001  5.078125e-001  0.000000e+000
      vertex  5.078125e-001 -5.078125e-001  0.000000e+000
      vertex -5.078125e-001 -5.078125e-001  0.000000e+000
    endloop
  endfacet
  facet normal  0.000000e+000  1.000000e+000  -0.000000e+000
    outer loop
      vertex  3.671875e-001  5.078125e-001  9.921875e-001
      vertex  3.671875e-001  5.078125e-001  0.000000e+000
      vertex -5.078125e-001  5.078125e-001  9.921875e-001
    endloop
  endfacet
  facet normal  0.000000e+000  1.000000e+000  0.000000e+000
    outer loop
      vertex -5.078125e-001  5.078125e-001  9.921875e-001
      vertex  3.671875e-001  5.078125e-001  0.000000e+000
      vertex -5.078125e-001  5.078125e-001  0.000000e+000
    endloop
  endfacet
  facet normal  1.000000e+000  0.000000e+000  0.000000e+000
    outer loop
      vertex  5.078125e-001 -5.078125e-001  9.921875e-001
      vertex  5.078125e-001 -5.078125e-001  0.000000e+000
      vertex  5.078125e-001  3.671875e-001  9.921875e-001
    endloop
  endfacet
  facet normal  1.000000e+000  0.000000e+000  0.000000e+000
    outer loop
      vertex  5.078125e-001  3.671875e-001  9.921875e-001
      vertex  5.078125e-001 -5.078125e-001  0.000000e+000
      vertex  5.078125e-001  3.671875e-001  0.000000e+000
    endloop
  endfacet
  facet normal  9.801665e-002  9.951848e-001  0.000000e+000
    outer loop
      vertex  3.671875e-001  5.078125e-001  0.000000e+000
      vertex  3.671875e-001  5.078125e-001  9.921875e-001
      vertex  3.946221e-001  5.051104e-001  0.000000e+000
    endloop
  endfacet
  facet normal  9.801665e-002  9.951848e-001  -0.000000e+000
    outer loop
      vertex  3.946221e-001  5.051104e-001  0.000000e+000
      vertex  3.671875e-001  5.078125e-001  9.921875e-001
      vertex  3.946221e-001  5.051104e-001  9.921875e-001
    endloop
  endfacet
  facet normal  2.902848e-001  9.569402e-001  0.000000e+000
    outer loop
      vertex  3.946221e-001  5.051104e-001  0.000000e+000
      vertex  3.946221e-001  5.051104e-001  9.921875e-001
      vertex  4.210024e-001  4.971081e-001  0.000000e+000
    endloop
  endfacet
  facet normal  2.902848e-001  9.569402e-001  -0.000000e+000
    outer loop
      vertex  4.210024e-001  4.971081e-001  0.000000e+000
      vertex  3.946221e-001  5.051104e-001  9.921875e-001
      vertex  4.210024e-001  4.971081e-001  9.921875e-001
    endloop
  endfacet
  facet normal  4.713971e-001  8.819211e-001  0.000000e+000
    outer loop
      vertex  4.210024e-001  4.971081e-001  0.000000e+000
      vertex  4.210024e-001  4.971081e-001  9.921875e-001
      vertex  4.453146e-001  4.841129e-001  0.000000e+000
    endloop
  endfacet
  facet normal  4.713971e-001  8.819211e-001  -0.000000e+000
    outer loop
      vertex  4.453146e-001  4.841129e-001  0.000000e+000
      vertex  4.210024e-001  4.971081e-001  9.921875e-001
      vertex  4.453146e-001  4.841129e-001  9.921875e-001
    endloop
  endfacet
  facet normal  6.343937e-001  7.730100e-001  0.000000e+000
    outer loop
      vertex  4.453146e-001  4.841129e-001  0.000000e+000
      vertex  4.453146e-001  4.841129e-001  9.921875e-001
      vertex  4.666244e-001  4.666244e-001  0.000000e+000
    endloop
  endfacet
  facet normal  6.343937e-001  7.730100e-001  -0.000000e+000
    outer loop
      vertex  4.666244e-001  4.666244e-001  0.000000e+000
      vertex  4.453146e-001  4.841129e-001  9.921875e-001
      vertex  4.666244e-001  4.666244e-001  9.921875e-001
    endloop
  endfacet
  facet normal  7.730100e-001  6.343937e-001  0.000000e+000
    outer loop
      vertex  4.666244e-001  4.666244e-001  0.000000e+000
      vertex  4.666244e-001  4.666244e-001  9.921875e-001
      vertex  4.841129e-001  4.453146e-001  0.000000e+000
    endloop
  endfacet
  facet normal  7.730100e-001  6.343937e-001  -0.000000e+000
    outer loop
      vertex  4.841129e-001  4.453146e-001  0.000000e+000
      vertex  4.666244e-001  4.666244e-001  9.921875e-001
      vertex  4.841129e-001  4.453146e-001  9.921875e-001
    endloop
  endfacet
  facet normal  8.819211e-001  4.713971e-001  0.000000e+000
    outer loop
      vertex  4.841129e-001  4.453146e-001  0.000000e+000
      vertex  4.841129e-001  4.453146e-001  9.921875e-001
      vertex  4.971081e-001  4.210024e-001  0.000000e+000
    endloop
  endfacet
  facet normal  8.819211e-001  4.713971e-001  -0.000000e+000
    outer loop
      vertex  4.971081e-001  4.210024e-001  0.000000e+000
      vertex  4.841129e-001  4.453146e-001  9.921875e-001
      vertex  4.971081e-001  4.210024e-001  9.921875e-001
    endloop
  endfacet
  facet normal  9.569402e-001  2.902848e-001  0.000000e+000
    outer loop
      vertex  4.971081e-001  4.210024e-001  0.000000e+000
      vertex  4.971081e-001  4.210024e-001  9.921875e-001
      vertex  5.051104e-001  3.946221e-001  0.000000e+000
    endloop
  endfacet
  facet normal  9.569402e-001  2.902848e-001  -0.000000e+000
    outer loop
      vertex  5.051104e-001  3.946221e-001  0.000000e+000
      vertex  4.971081e-001  4.210024e-001  9.921875e-001
      vertex  5.051104e-001  3.946221e-001  9.921875e-001
    endloop
  endfacet
  facet normal  9.951848e-001  9.801665e-002  0.000000e+000
    outer loop
      vertex  5.051104e-001  3.946221e-001  0.000000e+000
      vertex  5.051104e-001  3.946221e-001  9.921875e-001
      vertex  5.078125e-001  3.671875e-001  0.000000e+000
    endloop
  endfacet
  facet normal  9.951848e-001  9.801665e-002  -0.000000e+000
    outer loop
      vertex  5.078125e-001  3.671875e-001  0.000000e+000
      vertex  5.051104e-001  3.946221e-001  9.921875e-001
      vertex  5.078125e-001  3.671875e-001  9.921875e-001
    endloop
  endfacet
  facet normal -1.000000e+000  0.000000e+000  0.000000e+000
    outer loop
      vertex -5.078125e-001  5.078125e-001  9.921875e-001
      vertex -5.078125e-001  5.078125e-001  0.000000e+000
      vertex -5.078125e-001 -5.078125e-001  9.921875e-001
    endloop
  endfacet
  facet normal -1.000000e+000  0.000000e+000  0.000000e+000
    outer loop
      vertex -5.078125e-001 -5.078125e-001  9.921875e-001
      vertex -5.078125e-001  5.078125e-001  0.000000e+000
      vertex -5.078125e-001 -5.078125e-001  0.000000e+000
    endloop
  endfacet
  facet normal  0.000000e+000 -1.000000e+000  0.000000e+000
    outer loop
      vertex -5.078125e-001 -5.078125e-001  9.921875e-001
      vertex -5.078125e-001 -5.078125e-001  0.000000e+000
      vertex  5.078125e-001 -5.078125e-001  9.921875e-001
    endloop
  endfacet
  facet normal  0.000000e+000 -1.000000e+000  -0.000000e+000
    outer loop
      vertex  5.078125e-001 -5.078125e-001  9.921875e-001
      vertex -5.078125e-001 -5.078125e-001  0.000000e+000
      vertex  5.078125e-001 -5.078125e-001  0.000000e+000
    endloop
  endfacet
endsolid CATIA STL
