solid CATIA STL
  facet normal -1.000000e+000  0.000000e+000  0.000000e+000
    outer loop
      vertex -7.500000e-001 -5.000000e-001 -7.500000e-001
      vertex -7.500000e-001 -7.500000e-001 -3.281250e-001
      vertex -7.500000e-001 -7.500000e-001  5.390625e-001
    endloop
  endfacet
  facet normal -1.000000e+000  0.000000e+000  0.000000e+000
    outer loop
      vertex -7.500000e-001 -5.000000e-001 -7.500000e-001
      vertex -7.500000e-001 -7.500000e-001  5.390625e-001
      vertex -7.500000e-001 -7.459469e-001  5.802144e-001
    endloop
  endfacet
  facet normal -1.000000e+000  0.000000e+000  0.000000e+000
    outer loop
      vertex -7.500000e-001 -5.000000e-001 -7.500000e-001
      vertex -7.500000e-001 -7.459469e-001  5.802144e-001
      vertex -7.500000e-001 -7.339433e-001  6.197848e-001
    endloop
  endfacet
  facet normal -1.000000e+000  0.000000e+000  0.000000e+000
    outer loop
      vertex -7.500000e-001 -5.000000e-001 -7.500000e-001
      vertex -7.500000e-001 -7.339433e-001  6.197848e-001
      vertex -7.500000e-001 -7.144506e-001  6.562531e-001
    endloop
  endfacet
  facet normal -1.000000e+000  0.000000e+000  0.000000e+000
    outer loop
      vertex -7.500000e-001 -5.000000e-001 -7.500000e-001
      vertex -7.500000e-001 -7.144506e-001  6.562531e-001
      vertex -7.500000e-001 -6.882178e-001  6.882178e-001
    endloop
  endfacet
  facet normal -1.000000e+000  0.000000e+000  0.000000e+000
    outer loop
      vertex -7.500000e-001 -5.000000e-001 -7.500000e-001
      vertex -7.500000e-001 -6.882178e-001  6.882178e-001
      vertex -7.500000e-001 -6.562531e-001  7.144506e-001
    endloop
  endfacet
  facet normal -1.000000e+000  0.000000e+000  0.000000e+000
    outer loop
      vertex -7.500000e-001 -5.000000e-001 -7.500000e-001
      vertex -7.500000e-001 -6.562531e-001  7.144506e-001
      vertex -7.500000e-001 -6.197848e-001  7.339433e-001
    endloop
  endfacet
  facet normal -1.000000e+000  0.000000e+000  0.000000e+000
    outer loop
      vertex -7.500000e-001 -5.000000e-001 -7.500000e-001
      vertex -7.500000e-001 -6.197848e-001  7.339433e-001
      vertex -7.500000e-001 -5.802144e-001  7.459469e-001
    endloop
  endfacet
  facet normal -1.000000e+000  0.000000e+000  0.000000e+000
    outer loop
      vertex -7.500000e-001 -5.000000e-001 -7.500000e-001
      vertex -7.500000e-001 -5.802144e-001  7.459469e-001
      vertex -7.500000e-001 -5.390625e-001  7.500000e-001
    endloop
  endfacet
  facet normal -1.000000e+000  0.000000e+000  0.000000e+000
    outer loop
      vertex -7.500000e-001 -5.000000e-001 -7.500000e-001
      vertex -7.500000e-001 -5.390625e-001  7.500000e-001
      vertex -7.500000e-001  5.468750e-002  7.500000e-001
    endloop
  endfacet
  facet normal -1.000000e+000  0.000000e+000  -0.000000e+000
    outer loop
      vertex -7.500000e-001 -5.000000e-001 -7.500000e-001
      vertex -7.500000e-001  5.468750e-002  7.500000e-001
      vertex -7.500000e-001  7.500000e-001 -7.500000e-001
    endloop
  endfacet
  facet normal -1.000000e+000  0.000000e+000  0.000000e+000
    outer loop
      vertex -7.500000e-001  7.500000e-001 -7.500000e-001
      vertex -7.500000e-001  5.468750e-002  7.500000e-001
      vertex -7.500000e-001  1.903362e-001  7.366397e-001
    endloop
  endfacet
  facet normal -1.000000e+000  0.000000e+000  0.000000e+000
    outer loop
      vertex -7.500000e-001  7.500000e-001 -7.500000e-001
      vertex -7.500000e-001  1.903362e-001  7.366397e-001
      vertex -7.500000e-001  3.207721e-001  6.970725e-001
    endloop
  endfacet
  facet normal -1.000000e+000  0.000000e+000  0.000000e+000
    outer loop
      vertex -7.500000e-001  7.500000e-001 -7.500000e-001
      vertex -7.500000e-001  3.207721e-001  6.970725e-001
      vertex -7.500000e-001  4.409824e-001  6.328187e-001
    endloop
  endfacet
  facet normal -1.000000e+000  0.000000e+000  0.000000e+000
    outer loop
      vertex -7.500000e-001  7.500000e-001 -7.500000e-001
      vertex -7.500000e-001  4.409824e-001  6.328187e-001
      vertex -7.500000e-001  5.463477e-001  5.463477e-001
    endloop
  endfacet
  facet normal -1.000000e+000  0.000000e+000  0.000000e+000
    outer loop
      vertex -7.500000e-001  7.500000e-001 -7.500000e-001
      vertex -7.500000e-001  5.463477e-001  5.463477e-001
      vertex -7.500000e-001  6.328187e-001  4.409824e-001
    endloop
  endfacet
  facet normal -1.000000e+000  0.000000e+000  0.000000e+000
    outer loop
      vertex -7.500000e-001  7.500000e-001 -7.500000e-001
      vertex -7.500000e-001  6.328187e-001  4.409824e-001
      vertex -7.500000e-001  6.970725e-001  3.207721e-001
    endloop
  endfacet
  facet normal -1.000000e+000  0.000000e+000  0.000000e+000
    outer loop
      vertex -7.500000e-001  7.500000e-001 -7.500000e-001
      vertex -7.500000e-001  6.970725e-001  3.207721e-001
      vertex -7.500000e-001  7.366397e-001  1.903362e-001
    endloop
  endfacet
  facet normal -1.000000e+000  0.000000e+000  0.000000e+000
    outer loop
      vertex -7.500000e-001  7.500000e-001 -7.500000e-001
      vertex -7.500000e-001  7.366397e-001  1.903362e-001
      vertex -7.500000e-001  7.500000e-001  5.468750e-002
    endloop
  endfacet
  facet normal  1.000000e+000  0.000000e+000  0.000000e+000
    outer loop
      vertex  7.500000e-001 -5.000000e-001 -7.500000e-001
      vertex  7.500000e-001  7.500000e-001 -7.500000e-001
      vertex  7.500000e-001  5.468750e-002  7.500000e-001
    endloop
  endfacet
  facet normal  1.000000e+000  0.000000e+000  0.000000e+000
    outer loop
      vertex  7.500000e-001 -5.000000e-001 -7.500000e-001
      vertex  7.500000e-001  5.468750e-002  7.500000e-001
      vertex  7.500000e-001 -5.390625e-001  7.500000e-001
    endloop
  endfacet
  facet normal  1.000000e+000  0.000000e+000  0.000000e+000
    outer loop
      vertex  7.500000e-001 -5.000000e-001 -7.500000e-001
      vertex  7.500000e-001 -5.390625e-001  7.500000e-001
      vertex  7.500000e-001 -5.802144e-001  7.459469e-001
    endloop
  endfacet
  facet normal  1.000000e+000  0.000000e+000  0.000000e+000
    outer loop
      vertex  7.500000e-001 -5.000000e-001 -7.500000e-001
      vertex  7.500000e-001 -5.802144e-001  7.459469e-001
      vertex  7.500000e-001 -6.197848e-001  7.339433e-001
    endloop
  endfacet
  facet normal  1.000000e+000  0.000000e+000  0.000000e+000
    outer loop
      vertex  7.500000e-001 -5.000000e-001 -7.500000e-001
      vertex  7.500000e-001 -6.197848e-001  7.339433e-001
      vertex  7.500000e-001 -6.562531e-001  7.144506e-001
    endloop
  endfacet
  facet normal  1.000000e+000  0.000000e+000  0.000000e+000
    outer loop
      vertex  7.500000e-001 -5.000000e-001 -7.500000e-001
      vertex  7.500000e-001 -6.562531e-001  7.144506e-001
      vertex  7.500000e-001 -6.882178e-001  6.882178e-001
    endloop
  endfacet
  facet normal  1.000000e+000  0.000000e+000  0.000000e+000
    outer loop
      vertex  7.500000e-001 -5.000000e-001 -7.500000e-001
      vertex  7.500000e-001 -6.882178e-001  6.882178e-001
      vertex  7.500000e-001 -7.144506e-001  6.562531e-001
    endloop
  endfacet
  facet normal  1.000000e+000  0.000000e+000  0.000000e+000
    outer loop
      vertex  7.500000e-001 -5.000000e-001 -7.500000e-001
      vertex  7.500000e-001 -7.144506e-001  6.562531e-001
      vertex  7.500000e-001 -7.339433e-001  6.197848e-001
    endloop
  endfacet
  facet normal  1.000000e+000  0.000000e+000  0.000000e+000
    outer loop
      vertex  7.500000e-001 -5.000000e-001 -7.500000e-001
      vertex  7.500000e-001 -7.339433e-001  6.197848e-001
      vertex  7.500000e-001 -7.459469e-001  5.802144e-001
    endloop
  endfacet
  facet normal  1.000000e+000  0.000000e+000  0.000000e+000
    outer loop
      vertex  7.500000e-001 -5.000000e-001 -7.500000e-001
      vertex  7.500000e-001 -7.459469e-001  5.802144e-001
      vertex  7.500000e-001 -7.500000e-001  5.390625e-001
    endloop
  endfacet
  facet normal  1.000000e+000  0.000000e+000  0.000000e+000
    outer loop
      vertex  7.500000e-001 -5.000000e-001 -7.500000e-001
      vertex  7.500000e-001 -7.500000e-001  5.390625e-001
      vertex  7.500000e-001 -7.500000e-001 -3.281250e-001
    endloop
  endfacet
  facet normal  1.000000e+000  0.000000e+000  0.000000e+000
    outer loop
      vertex  7.500000e-001  7.500000e-001 -7.500000e-001
      vertex  7.500000e-001  7.500000e-001  5.468750e-002
      vertex  7.500000e-001  7.366397e-001  1.903362e-001
    endloop
  endfacet
  facet normal  1.000000e+000  0.000000e+000  0.000000e+000
    outer loop
      vertex  7.500000e-001  7.500000e-001 -7.500000e-001
      vertex  7.500000e-001  7.366397e-001  1.903362e-001
      vertex  7.500000e-001  6.970725e-001  3.207721e-001
    endloop
  endfacet
  facet normal  1.000000e+000  0.000000e+000  0.000000e+000
    outer loop
      vertex  7.500000e-001  7.500000e-001 -7.500000e-001
      vertex  7.500000e-001  6.970725e-001  3.207721e-001
      vertex  7.500000e-001  6.328187e-001  4.409824e-001
    endloop
  endfacet
  facet normal  1.000000e+000  0.000000e+000  0.000000e+000
    outer loop
      vertex  7.500000e-001  7.500000e-001 -7.500000e-001
      vertex  7.500000e-001  6.328187e-001  4.409824e-001
      vertex  7.500000e-001  5.463477e-001  5.463477e-001
    endloop
  endfacet
  facet normal  1.000000e+000  0.000000e+000  0.000000e+000
    outer loop
      vertex  7.500000e-001  7.500000e-001 -7.500000e-001
      vertex  7.500000e-001  5.463477e-001  5.463477e-001
      vertex  7.500000e-001  4.409824e-001  6.328187e-001
    endloop
  endfacet
  facet normal  1.000000e+000  0.000000e+000  0.000000e+000
    outer loop
      vertex  7.500000e-001  7.500000e-001 -7.500000e-001
      vertex  7.500000e-001  4.409824e-001  6.328187e-001
      vertex  7.500000e-001  3.207721e-001  6.970725e-001
    endloop
  endfacet
  facet normal  1.000000e+000  0.000000e+000  0.000000e+000
    outer loop
      vertex  7.500000e-001  7.500000e-001 -7.500000e-001
      vertex  7.500000e-001  3.207721e-001  6.970725e-001
      vertex  7.500000e-001  1.903362e-001  7.366397e-001
    endloop
  endfacet
  facet normal  1.000000e+000  0.000000e+000  0.000000e+000
    outer loop
      vertex  7.500000e-001  7.500000e-001 -7.500000e-001
      vertex  7.500000e-001  1.903362e-001  7.366397e-001
      vertex  7.500000e-001  5.468750e-002  7.500000e-001
    endloop
  endfacet
  facet normal  -0.000000e+000  0.000000e+000  1.000000e+000
    outer loop
      vertex  7.500000e-001  5.468750e-002  7.500000e-001
      vertex -7.500000e-001  5.468750e-002  7.500000e-001
      vertex  7.500000e-001 -5.390625e-001  7.500000e-001
    endloop
  endfacet
  facet normal  0.000000e+000  0.000000e+000  1.000000e+000
    outer loop
      vertex  7.500000e-001 -5.390625e-001  7.500000e-001
      vertex -7.500000e-001  5.468750e-002  7.500000e-001
      vertex -7.500000e-001 -5.390625e-001  7.500000e-001
    endloop
  endfacet
  facet normal  0.000000e+000 -1.000000e+000  0.000000e+000
    outer loop
      vertex -7.500000e-001 -7.500000e-001 -3.281250e-001
      vertex  7.500000e-001 -7.500000e-001 -3.281250e-001
      vertex -7.500000e-001 -7.500000e-001  5.390625e-001
    endloop
  endfacet
  facet normal  0.000000e+000 -1.000000e+000  0.000000e+000
    outer loop
      vertex -7.500000e-001 -7.500000e-001  5.390625e-001
      vertex  7.500000e-001 -7.500000e-001 -3.281250e-001
      vertex  7.500000e-001 -7.500000e-001  5.390625e-001
    endloop
  endfacet
  facet normal  0.000000e+000 -9.801737e-002  9.951848e-001
    outer loop
      vertex  7.500000e-001 -5.390625e-001  7.500000e-001
      vertex -7.500000e-001 -5.390625e-001  7.500000e-001
      vertex  7.500000e-001 -5.802144e-001  7.459469e-001
    endloop
  endfacet
  facet normal  0.000000e+000 -9.801737e-002  9.951848e-001
    outer loop
      vertex  7.500000e-001 -5.802144e-001  7.459469e-001
      vertex -7.500000e-001 -5.390625e-001  7.500000e-001
      vertex -7.500000e-001 -5.802144e-001  7.459469e-001
    endloop
  endfacet
  facet normal  0.000000e+000 -2.902845e-001  9.569404e-001
    outer loop
      vertex  7.500000e-001 -5.802144e-001  7.459469e-001
      vertex -7.500000e-001 -5.802144e-001  7.459469e-001
      vertex  7.500000e-001 -6.197848e-001  7.339433e-001
    endloop
  endfacet
  facet normal  0.000000e+000 -2.902845e-001  9.569404e-001
    outer loop
      vertex  7.500000e-001 -6.197848e-001  7.339433e-001
      vertex -7.500000e-001 -5.802144e-001  7.459469e-001
      vertex -7.500000e-001 -6.197848e-001  7.339433e-001
    endloop
  endfacet
  facet normal  0.000000e+000 -4.713971e-001  8.819211e-001
    outer loop
      vertex  7.500000e-001 -6.197848e-001  7.339433e-001
      vertex -7.500000e-001 -6.197848e-001  7.339433e-001
      vertex  7.500000e-001 -6.562531e-001  7.144506e-001
    endloop
  endfacet
  facet normal  0.000000e+000 -4.713971e-001  8.819211e-001
    outer loop
      vertex  7.500000e-001 -6.562531e-001  7.144506e-001
      vertex -7.500000e-001 -6.197848e-001  7.339433e-001
      vertex -7.500000e-001 -6.562531e-001  7.144506e-001
    endloop
  endfacet
  facet normal  0.000000e+000 -6.343935e-001  7.730103e-001
    outer loop
      vertex  7.500000e-001 -6.562531e-001  7.144506e-001
      vertex -7.500000e-001 -6.562531e-001  7.144506e-001
      vertex  7.500000e-001 -6.882178e-001  6.882178e-001
    endloop
  endfacet
  facet normal  0.000000e+000 -6.343935e-001  7.730103e-001
    outer loop
      vertex  7.500000e-001 -6.882178e-001  6.882178e-001
      vertex -7.500000e-001 -6.562531e-001  7.144506e-001
      vertex -7.500000e-001 -6.882178e-001  6.882178e-001
    endloop
  endfacet
  facet normal  0.000000e+000 -7.730103e-001  6.343935e-001
    outer loop
      vertex  7.500000e-001 -6.882178e-001  6.882178e-001
      vertex -7.500000e-001 -6.882178e-001  6.882178e-001
      vertex  7.500000e-001 -7.144506e-001  6.562531e-001
    endloop
  endfacet
  facet normal  0.000000e+000 -7.730103e-001  6.343935e-001
    outer loop
      vertex  7.500000e-001 -7.144506e-001  6.562531e-001
      vertex -7.500000e-001 -6.882178e-001  6.882178e-001
      vertex -7.500000e-001 -7.144506e-001  6.562531e-001
    endloop
  endfacet
  facet normal  0.000000e+000 -8.819211e-001  4.713971e-001
    outer loop
      vertex  7.500000e-001 -7.144506e-001  6.562531e-001
      vertex -7.500000e-001 -7.144506e-001  6.562531e-001
      vertex  7.500000e-001 -7.339433e-001  6.197848e-001
    endloop
  endfacet
  facet normal  0.000000e+000 -8.819211e-001  4.713971e-001
    outer loop
      vertex  7.500000e-001 -7.339433e-001  6.197848e-001
      vertex -7.500000e-001 -7.144506e-001  6.562531e-001
      vertex -7.500000e-001 -7.339433e-001  6.197848e-001
    endloop
  endfacet
  facet normal  0.000000e+000 -9.569404e-001  2.902845e-001
    outer loop
      vertex  7.500000e-001 -7.339433e-001  6.197848e-001
      vertex -7.500000e-001 -7.339433e-001  6.197848e-001
      vertex  7.500000e-001 -7.459469e-001  5.802144e-001
    endloop
  endfacet
  facet normal  0.000000e+000 -9.569404e-001  2.902845e-001
    outer loop
      vertex  7.500000e-001 -7.459469e-001  5.802144e-001
      vertex -7.500000e-001 -7.339433e-001  6.197848e-001
      vertex -7.500000e-001 -7.459469e-001  5.802144e-001
    endloop
  endfacet
  facet normal  0.000000e+000 -9.951848e-001  9.801737e-002
    outer loop
      vertex  7.500000e-001 -7.459469e-001  5.802144e-001
      vertex -7.500000e-001 -7.459469e-001  5.802144e-001
      vertex  7.500000e-001 -7.500000e-001  5.390625e-001
    endloop
  endfacet
  facet normal  0.000000e+000 -9.951848e-001  9.801737e-002
    outer loop
      vertex  7.500000e-001 -7.500000e-001  5.390625e-001
      vertex -7.500000e-001 -7.459469e-001  5.802144e-001
      vertex -7.500000e-001 -7.500000e-001  5.390625e-001
    endloop
  endfacet
  facet normal  0.000000e+000  1.000000e+000  0.000000e+000
    outer loop
      vertex -7.500000e-001  7.500000e-001 -7.500000e-001
      vertex -7.500000e-001  7.500000e-001  5.468750e-002
      vertex  7.500000e-001  7.500000e-001 -7.500000e-001
    endloop
  endfacet
  facet normal  0.000000e+000  1.000000e+000  -0.000000e+000
    outer loop
      vertex  7.500000e-001  7.500000e-001 -7.500000e-001
      vertex -7.500000e-001  7.500000e-001  5.468750e-002
      vertex  7.500000e-001  7.500000e-001  5.468750e-002
    endloop
  endfacet
  facet normal  -0.000000e+000  9.951848e-001  9.801733e-002
    outer loop
      vertex  7.500000e-001  7.500000e-001  5.468750e-002
      vertex -7.500000e-001  7.500000e-001  5.468750e-002
      vertex  7.500000e-001  7.366397e-001  1.903362e-001
    endloop
  endfacet
  facet normal  0.000000e+000  9.951848e-001  9.801733e-002
    outer loop
      vertex  7.500000e-001  7.366397e-001  1.903362e-001
      vertex -7.500000e-001  7.500000e-001  5.468750e-002
      vertex -7.500000e-001  7.366397e-001  1.903362e-001
    endloop
  endfacet
  facet normal  -0.000000e+000  9.569404e-001  2.902843e-001
    outer loop
      vertex  7.500000e-001  7.366397e-001  1.903362e-001
      vertex -7.500000e-001  7.366397e-001  1.903362e-001
      vertex  7.500000e-001  6.970725e-001  3.207721e-001
    endloop
  endfacet
  facet normal  0.000000e+000  9.569404e-001  2.902843e-001
    outer loop
      vertex  7.500000e-001  6.970725e-001  3.207721e-001
      vertex -7.500000e-001  7.366397e-001  1.903362e-001
      vertex -7.500000e-001  6.970725e-001  3.207721e-001
    endloop
  endfacet
  facet normal  -0.000000e+000  8.819212e-001  4.713970e-001
    outer loop
      vertex  7.500000e-001  6.970725e-001  3.207721e-001
      vertex -7.500000e-001  6.970725e-001  3.207721e-001
      vertex  7.500000e-001  6.328187e-001  4.409824e-001
    endloop
  endfacet
  facet normal  0.000000e+000  8.819212e-001  4.713970e-001
    outer loop
      vertex  7.500000e-001  6.328187e-001  4.409824e-001
      vertex -7.500000e-001  6.970725e-001  3.207721e-001
      vertex -7.500000e-001  6.328187e-001  4.409824e-001
    endloop
  endfacet
  facet normal  -0.000000e+000  7.730104e-001  6.343933e-001
    outer loop
      vertex  7.500000e-001  6.328187e-001  4.409824e-001
      vertex -7.500000e-001  6.328187e-001  4.409824e-001
      vertex  7.500000e-001  5.463477e-001  5.463477e-001
    endloop
  endfacet
  facet normal  0.000000e+000  7.730104e-001  6.343933e-001
    outer loop
      vertex  7.500000e-001  5.463477e-001  5.463477e-001
      vertex -7.500000e-001  6.328187e-001  4.409824e-001
      vertex -7.500000e-001  5.463477e-001  5.463477e-001
    endloop
  endfacet
  facet normal  -0.000000e+000  6.343933e-001  7.730104e-001
    outer loop
      vertex  7.500000e-001  5.463477e-001  5.463477e-001
      vertex -7.500000e-001  5.463477e-001  5.463477e-001
      vertex  7.500000e-001  4.409824e-001  6.328187e-001
    endloop
  endfacet
  facet normal  0.000000e+000  6.343933e-001  7.730104e-001
    outer loop
      vertex  7.500000e-001  4.409824e-001  6.328187e-001
      vertex -7.500000e-001  5.463477e-001  5.463477e-001
      vertex -7.500000e-001  4.409824e-001  6.328187e-001
    endloop
  endfacet
  facet normal  -0.000000e+000  4.713970e-001  8.819212e-001
    outer loop
      vertex  7.500000e-001  4.409824e-001  6.328187e-001
      vertex -7.500000e-001  4.409824e-001  6.328187e-001
      vertex  7.500000e-001  3.207721e-001  6.970725e-001
    endloop
  endfacet
  facet normal  0.000000e+000  4.713970e-001  8.819212e-001
    outer loop
      vertex  7.500000e-001  3.207721e-001  6.970725e-001
      vertex -7.500000e-001  4.409824e-001  6.328187e-001
      vertex -7.500000e-001  3.207721e-001  6.970725e-001
    endloop
  endfacet
  facet normal  -0.000000e+000  2.902843e-001  9.569404e-001
    outer loop
      vertex  7.500000e-001  3.207721e-001  6.970725e-001
      vertex -7.500000e-001  3.207721e-001  6.970725e-001
      vertex  7.500000e-001  1.903362e-001  7.366397e-001
    endloop
  endfacet
  facet normal  0.000000e+000  2.902843e-001  9.569404e-001
    outer loop
      vertex  7.500000e-001  1.903362e-001  7.366397e-001
      vertex -7.500000e-001  3.207721e-001  6.970725e-001
      vertex -7.500000e-001  1.903362e-001  7.366397e-001
    endloop
  endfacet
  facet normal  -0.000000e+000  9.801733e-002  9.951848e-001
    outer loop
      vertex  7.500000e-001  1.903362e-001  7.366397e-001
      vertex -7.500000e-001  1.903362e-001  7.366397e-001
      vertex  7.500000e-001  5.468750e-002  7.500000e-001
    endloop
  endfacet
  facet normal  0.000000e+000  9.801733e-002  9.951848e-001
    outer loop
      vertex  7.500000e-001  5.468750e-002  7.500000e-001
      vertex -7.500000e-001  1.903362e-001  7.366397e-001
      vertex -7.500000e-001  5.468750e-002  7.500000e-001
    endloop
  endfacet
  facet normal  -0.000000e+000  0.000000e+000 -1.000000e+000
    outer loop
      vertex -7.500000e-001  7.500000e-001 -7.500000e-001
      vertex  7.500000e-001  7.500000e-001 -7.500000e-001
      vertex -7.500000e-001 -5.000000e-001 -7.500000e-001
    endloop
  endfacet
  facet normal  0.000000e+000  0.000000e+000 -1.000000e+000
    outer loop
      vertex -7.500000e-001 -5.000000e-001 -7.500000e-001
      vertex  7.500000e-001  7.500000e-001 -7.500000e-001
      vertex  7.500000e-001 -5.000000e-001 -7.500000e-001
    endloop
  endfacet
  facet normal  0.000000e+000 -8.602915e-001 -5.098023e-001
    outer loop
      vertex  7.500000e-001 -7.500000e-001 -3.281250e-001
      vertex -7.500000e-001 -7.500000e-001 -3.281250e-001
      vertex  7.500000e-001 -5.000000e-001 -7.500000e-001
    endloop
  endfacet
  facet normal  -0.000000e+000 -8.602915e-001 -5.098023e-001
    outer loop
      vertex  7.500000e-001 -5.000000e-001 -7.500000e-001
      vertex -7.500000e-001 -7.500000e-001 -3.281250e-001
      vertex -7.500000e-001 -5.000000e-001 -7.500000e-001
    endloop
  endfacet
endsolid CATIA STL
