solid CATIA STL
  facet normal  0.000000e+000  0.000000e+000  1.000000e+000
    outer loop
      vertex -3.359375e-001 -3.515625e-001  7.500000e-001
      vertex  3.437500e-001 -3.515625e-001  7.500000e-001
      vertex -3.503731e-001 -3.419169e-001  7.500000e-001
    endloop
  endfacet
  facet normal  -0.000000e+000  0.000000e+000  9.999999e-001
    outer loop
      vertex  3.437500e-001  3.437500e-001  7.500000e-001
      vertex -3.515625e-001  3.437500e-001  7.500000e-001
      vertex -3.515625e-001 -3.359375e-001  7.500000e-001
    endloop
  endfacet
  facet normal  -0.000000e+000  0.000000e+000  1.000000e+000
    outer loop
      vertex  3.437500e-001  3.437500e-001  7.500000e-001
      vertex -3.515625e-001 -3.359375e-001  7.500000e-001
      vertex -3.512623e-001 -3.389858e-001  7.500000e-001
    endloop
  endfacet
  facet normal  -0.000000e+000  0.000000e+000  1.000000e+000
    outer loop
      vertex  3.437500e-001  3.437500e-001  7.500000e-001
      vertex -3.512623e-001 -3.389858e-001  7.500000e-001
      vertex -3.503731e-001 -3.419169e-001  7.500000e-001
    endloop
  endfacet
  facet normal  -0.000000e+000  0.000000e+000  1.000000e+000
    outer loop
      vertex  3.437500e-001  3.437500e-001  7.500000e-001
      vertex -3.503731e-001 -3.419169e-001  7.500000e-001
      vertex  3.437500e-001 -3.515625e-001  7.500000e-001
    endloop
  endfacet
  facet normal  0.000000e+000  0.000000e+000  1.000000e+000
    outer loop
      vertex -3.389858e-001 -3.512623e-001  7.500000e-001
      vertex -3.359375e-001 -3.515625e-001  7.500000e-001
      vertex -3.503731e-001 -3.419169e-001  7.500000e-001
    endloop
  endfacet
  facet normal  0.000000e+000  0.000000e+000  9.999999e-001
    outer loop
      vertex -3.389858e-001 -3.512623e-001  7.500000e-001
      vertex -3.503731e-001 -3.419169e-001  7.500000e-001
      vertex -3.489292e-001 -3.446183e-001  7.500000e-001
    endloop
  endfacet
  facet normal  0.000000e+000  0.000000e+000  1.000000e+000
    outer loop
      vertex -3.389858e-001 -3.512623e-001  7.500000e-001
      vertex -3.489292e-001 -3.446183e-001  7.500000e-001
      vertex -3.469861e-001 -3.469861e-001  7.500000e-001
    endloop
  endfacet
  facet normal  0.000000e+000  0.000000e+000  9.999999e-001
    outer loop
      vertex -3.389858e-001 -3.512623e-001  7.500000e-001
      vertex -3.469861e-001 -3.469861e-001  7.500000e-001
      vertex -3.446183e-001 -3.489292e-001  7.500000e-001
    endloop
  endfacet
  facet normal  0.000000e+000  0.000000e+000  1.000000e+000
    outer loop
      vertex -3.389858e-001 -3.512623e-001  7.500000e-001
      vertex -3.446183e-001 -3.489292e-001  7.500000e-001
      vertex -3.419169e-001 -3.503731e-001  7.500000e-001
    endloop
  endfacet
  facet normal  0.000000e+000  0.000000e+000 -1.000000e+000
    outer loop
      vertex -3.503731e-001 -3.419169e-001  0.000000e+000
      vertex  3.437500e-001 -3.515625e-001  0.000000e+000
      vertex -3.359375e-001 -3.515625e-001  0.000000e+000
    endloop
  endfacet
  facet normal  0.000000e+000  0.000000e+000 -1.000000e+000
    outer loop
      vertex  3.437500e-001  3.437500e-001  0.000000e+000
      vertex  3.437500e-001 -3.515625e-001  0.000000e+000
      vertex -3.503731e-001 -3.419169e-001  0.000000e+000
    endloop
  endfacet
  facet normal  0.000000e+000  0.000000e+000 -1.000000e+000
    outer loop
      vertex  3.437500e-001  3.437500e-001  0.000000e+000
      vertex -3.503731e-001 -3.419169e-001  0.000000e+000
      vertex -3.512623e-001 -3.389858e-001  0.000000e+000
    endloop
  endfacet
  facet normal  0.000000e+000  0.000000e+000 -1.000000e+000
    outer loop
      vertex  3.437500e-001  3.437500e-001  0.000000e+000
      vertex -3.512623e-001 -3.389858e-001  0.000000e+000
      vertex -3.515625e-001 -3.359375e-001  0.000000e+000
    endloop
  endfacet
  facet normal  0.000000e+000  0.000000e+000 -9.999999e-001
    outer loop
      vertex  3.437500e-001  3.437500e-001  0.000000e+000
      vertex -3.515625e-001 -3.359375e-001  0.000000e+000
      vertex -3.515625e-001  3.437500e-001  0.000000e+000
    endloop
  endfacet
  facet normal  0.000000e+000  0.000000e+000 -1.000000e+000
    outer loop
      vertex -3.389858e-001 -3.512623e-001  0.000000e+000
      vertex -3.419169e-001 -3.503731e-001  0.000000e+000
      vertex -3.446183e-001 -3.489292e-001  0.000000e+000
    endloop
  endfacet
  facet normal  0.000000e+000  0.000000e+000 -9.999999e-001
    outer loop
      vertex -3.389858e-001 -3.512623e-001  0.000000e+000
      vertex -3.446183e-001 -3.489292e-001  0.000000e+000
      vertex -3.469861e-001 -3.469861e-001  0.000000e+000
    endloop
  endfacet
  facet normal  0.000000e+000  0.000000e+000 -1.000000e+000
    outer loop
      vertex -3.389858e-001 -3.512623e-001  0.000000e+000
      vertex -3.469861e-001 -3.469861e-001  0.000000e+000
      vertex -3.489292e-001 -3.446183e-001  0.000000e+000
    endloop
  endfacet
  facet normal  0.000000e+000  0.000000e+000 -9.999999e-001
    outer loop
      vertex -3.389858e-001 -3.512623e-001  0.000000e+000
      vertex -3.489292e-001 -3.446183e-001  0.000000e+000
      vertex -3.503731e-001 -3.419169e-001  0.000000e+000
    endloop
  endfacet
  facet normal  0.000000e+000  0.000000e+000 -1.000000e+000
    outer loop
      vertex -3.389858e-001 -3.512623e-001  0.000000e+000
      vertex -3.503731e-001 -3.419169e-001  0.000000e+000
      vertex -3.359375e-001 -3.515625e-001  0.000000e+000
    endloop
  endfacet
  facet normal -1.000000e+000  0.000000e+000  0.000000e+000
    outer loop
      vertex -3.515625e-001  3.437500e-001  0.000000e+000
      vertex -3.515625e-001 -3.359375e-001  0.000000e+000
      vertex -3.515625e-001  3.437500e-001  7.500000e-001
    endloop
  endfacet
  facet normal -1.000000e+000  -0.000000e+000  0.000000e+000
    outer loop
      vertex -3.515625e-001  3.437500e-001  7.500000e-001
      vertex -3.515625e-001 -3.359375e-001  0.000000e+000
      vertex -3.515625e-001 -3.359375e-001  7.500000e-001
    endloop
  endfacet
  facet normal  0.000000e+000 -1.000000e+000  0.000000e+000
    outer loop
      vertex -3.359375e-001 -3.515625e-001  0.000000e+000
      vertex  3.437500e-001 -3.515625e-001  0.000000e+000
      vertex -3.359375e-001 -3.515625e-001  7.500000e-001
    endloop
  endfacet
  facet normal  0.000000e+000 -1.000000e+000  0.000000e+000
    outer loop
      vertex -3.359375e-001 -3.515625e-001  7.500000e-001
      vertex  3.437500e-001 -3.515625e-001  0.000000e+000
      vertex  3.437500e-001 -3.515625e-001  7.500000e-001
    endloop
  endfacet
  facet normal -9.801622e-002 -9.951848e-001  -0.000000e+000
    outer loop
      vertex -3.359375e-001 -3.515625e-001  0.000000e+000
      vertex -3.359375e-001 -3.515625e-001  7.500000e-001
      vertex -3.389858e-001 -3.512623e-001  0.000000e+000
    endloop
  endfacet
  facet normal -9.801622e-002 -9.951848e-001  0.000000e+000
    outer loop
      vertex -3.389858e-001 -3.512623e-001  0.000000e+000
      vertex -3.359375e-001 -3.515625e-001  7.500000e-001
      vertex -3.389858e-001 -3.512623e-001  7.500000e-001
    endloop
  endfacet
  facet normal -2.902869e-001 -9.569396e-001  -0.000000e+000
    outer loop
      vertex -3.389858e-001 -3.512623e-001  0.000000e+000
      vertex -3.389858e-001 -3.512623e-001  7.500000e-001
      vertex -3.419169e-001 -3.503731e-001  0.000000e+000
    endloop
  endfacet
  facet normal -2.902869e-001 -9.569396e-001  0.000000e+000
    outer loop
      vertex -3.419169e-001 -3.503731e-001  0.000000e+000
      vertex -3.389858e-001 -3.512623e-001  7.500000e-001
      vertex -3.419169e-001 -3.503731e-001  7.500000e-001
    endloop
  endfacet
  facet normal -4.713915e-001 -8.819240e-001  -0.000000e+000
    outer loop
      vertex -3.419169e-001 -3.503731e-001  0.000000e+000
      vertex -3.419169e-001 -3.503731e-001  7.500000e-001
      vertex -3.446183e-001 -3.489292e-001  0.000000e+000
    endloop
  endfacet
  facet normal -4.713915e-001 -8.819240e-001  0.000000e+000
    outer loop
      vertex -3.446183e-001 -3.489292e-001  0.000000e+000
      vertex -3.419169e-001 -3.503731e-001  7.500000e-001
      vertex -3.446183e-001 -3.489292e-001  7.500000e-001
    endloop
  endfacet
  facet normal -6.343926e-001 -7.730109e-001  -0.000000e+000
    outer loop
      vertex -3.446183e-001 -3.489292e-001  0.000000e+000
      vertex -3.446183e-001 -3.489292e-001  7.500000e-001
      vertex -3.469861e-001 -3.469861e-001  0.000000e+000
    endloop
  endfacet
  facet normal -6.343926e-001 -7.730109e-001  0.000000e+000
    outer loop
      vertex -3.469861e-001 -3.469861e-001  0.000000e+000
      vertex -3.446183e-001 -3.489292e-001  7.500000e-001
      vertex -3.469861e-001 -3.469861e-001  7.500000e-001
    endloop
  endfacet
  facet normal -7.730109e-001 -6.343926e-001  -0.000000e+000
    outer loop
      vertex -3.469861e-001 -3.469861e-001  0.000000e+000
      vertex -3.469861e-001 -3.469861e-001  7.500000e-001
      vertex -3.489292e-001 -3.446183e-001  0.000000e+000
    endloop
  endfacet
  facet normal -7.730109e-001 -6.343926e-001  0.000000e+000
    outer loop
      vertex -3.489292e-001 -3.446183e-001  0.000000e+000
      vertex -3.469861e-001 -3.469861e-001  7.500000e-001
      vertex -3.489292e-001 -3.446183e-001  7.500000e-001
    endloop
  endfacet
  facet normal -8.819240e-001 -4.713915e-001  -0.000000e+000
    outer loop
      vertex -3.489292e-001 -3.446183e-001  0.000000e+000
      vertex -3.489292e-001 -3.446183e-001  7.500000e-001
      vertex -3.503731e-001 -3.419169e-001  0.000000e+000
    endloop
  endfacet
  facet normal -8.819240e-001 -4.713915e-001  0.000000e+000
    outer loop
      vertex -3.503731e-001 -3.419169e-001  0.000000e+000
      vertex -3.489292e-001 -3.446183e-001  7.500000e-001
      vertex -3.503731e-001 -3.419169e-001  7.500000e-001
    endloop
  endfacet
  facet normal -9.569396e-001 -2.902869e-001  -0.000000e+000
    outer loop
      vertex -3.503731e-001 -3.419169e-001  0.000000e+000
      vertex -3.503731e-001 -3.419169e-001  7.500000e-001
      vertex -3.512623e-001 -3.389858e-001  0.000000e+000
    endloop
  endfacet
  facet normal -9.569396e-001 -2.902869e-001  0.000000e+000
    outer loop
      vertex -3.512623e-001 -3.389858e-001  0.000000e+000
      vertex -3.503731e-001 -3.419169e-001  7.500000e-001
      vertex -3.512623e-001 -3.389858e-001  7.500000e-001
    endloop
  endfacet
  facet normal -9.951848e-001 -9.801622e-002  -0.000000e+000
    outer loop
      vertex -3.512623e-001 -3.389858e-001  0.000000e+000
      vertex -3.512623e-001 -3.389858e-001  7.500000e-001
      vertex -3.515625e-001 -3.359375e-001  0.000000e+000
    endloop
  endfacet
  facet normal -9.951848e-001 -9.801622e-002  0.000000e+000
    outer loop
      vertex -3.515625e-001 -3.359375e-001  0.000000e+000
      vertex -3.512623e-001 -3.389858e-001  7.500000e-001
      vertex -3.515625e-001 -3.359375e-001  7.500000e-001
    endloop
  endfacet
  facet normal  0.000000e+000  1.000000e+000  0.000000e+000
    outer loop
      vertex  3.437500e-001  3.437500e-001  0.000000e+000
      vertex -3.515625e-001  3.437500e-001  0.000000e+000
      vertex  3.437500e-001  3.437500e-001  7.500000e-001
    endloop
  endfacet
  facet normal  0.000000e+000  1.000000e+000  0.000000e+000
    outer loop
      vertex  3.437500e-001  3.437500e-001  7.500000e-001
      vertex -3.515625e-001  3.437500e-001  0.000000e+000
      vertex -3.515625e-001  3.437500e-001  7.500000e-001
    endloop
  endfacet
  facet normal  1.000000e+000  0.000000e+000  0.000000e+000
    outer loop
      vertex  3.437500e-001 -3.515625e-001  0.000000e+000
      vertex  3.437500e-001  3.437500e-001  0.000000e+000
      vertex  3.437500e-001 -3.515625e-001  7.500000e-001
    endloop
  endfacet
  facet normal  1.000000e+000  -0.000000e+000  0.000000e+000
    outer loop
      vertex  3.437500e-001 -3.515625e-001  7.500000e-001
      vertex  3.437500e-001  3.437500e-001  0.000000e+000
      vertex  3.437500e-001  3.437500e-001  7.500000e-001
    endloop
  endfacet
endsolid CATIA STL
