solid CATIA STL
  facet normal  0.000000e+000  0.000000e+000  1.000000e+000
    outer loop
      vertex -5.345395e-003 -2.097039e-002  7.500000e-001
      vertex  2.097039e-002 -2.097039e-002  7.500000e-001
      vertex -1.978101e-002 -1.132482e-002  7.500000e-001
    endloop
  endfacet
  facet normal  -0.000000e+000  0.000000e+000  1.000000e+000
    outer loop
      vertex  2.097039e-002  2.097039e-002  7.500000e-001
      vertex -2.097039e-002  2.097039e-002  7.500000e-001
      vertex -2.097039e-002 -5.345395e-003  7.500000e-001
    endloop
  endfacet
  facet normal  -0.000000e+000  0.000000e+000  1.000000e+000
    outer loop
      vertex  2.097039e-002  2.097039e-002  7.500000e-001
      vertex -2.097039e-002 -5.345395e-003  7.500000e-001
      vertex -2.067016e-002 -8.393681e-003  7.500000e-001
    endloop
  endfacet
  facet normal  -0.000000e+000  0.000000e+000  1.000000e+000
    outer loop
      vertex  2.097039e-002  2.097039e-002  7.500000e-001
      vertex -2.067016e-002 -8.393681e-003  7.500000e-001
      vertex -1.978101e-002 -1.132482e-002  7.500000e-001
    endloop
  endfacet
  facet normal  -0.000000e+000  0.000000e+000  1.000000e+000
    outer loop
      vertex  2.097039e-002  2.097039e-002  7.500000e-001
      vertex -1.978101e-002 -1.132482e-002  7.500000e-001
      vertex  2.097039e-002 -2.097039e-002  7.500000e-001
    endloop
  endfacet
  facet normal  0.000000e+000  0.000000e+000  1.000000e+000
    outer loop
      vertex -8.393681e-003 -2.067016e-002  7.500000e-001
      vertex -5.345395e-003 -2.097039e-002  7.500000e-001
      vertex -1.978101e-002 -1.132482e-002  7.500000e-001
    endloop
  endfacet
  facet normal  0.000000e+000  0.000000e+000  1.000000e+000
    outer loop
      vertex -8.393681e-003 -2.067016e-002  7.500000e-001
      vertex -1.978101e-002 -1.132482e-002  7.500000e-001
      vertex -1.833711e-002 -1.402618e-002  7.500000e-001
    endloop
  endfacet
  facet normal  0.000000e+000  0.000000e+000  1.000000e+000
    outer loop
      vertex -8.393681e-003 -2.067016e-002  7.500000e-001
      vertex -1.833711e-002 -1.402618e-002  7.500000e-001
      vertex -1.639394e-002 -1.639394e-002  7.500000e-001
    endloop
  endfacet
  facet normal  0.000000e+000  0.000000e+000  9.999999e-001
    outer loop
      vertex -8.393681e-003 -2.067016e-002  7.500000e-001
      vertex -1.639394e-002 -1.639394e-002  7.500000e-001
      vertex -1.402618e-002 -1.833711e-002  7.500000e-001
    endloop
  endfacet
  facet normal  0.000000e+000  0.000000e+000  9.999999e-001
    outer loop
      vertex -8.393681e-003 -2.067016e-002  7.500000e-001
      vertex -1.402618e-002 -1.833711e-002  7.500000e-001
      vertex -1.132482e-002 -1.978101e-002  7.500000e-001
    endloop
  endfacet
  facet normal  0.000000e+000  0.000000e+000 -1.000000e+000
    outer loop
      vertex -1.978101e-002 -1.132482e-002  0.000000e+000
      vertex  2.097039e-002 -2.097039e-002  0.000000e+000
      vertex -5.345395e-003 -2.097039e-002  0.000000e+000
    endloop
  endfacet
  facet normal  0.000000e+000  0.000000e+000 -1.000000e+000
    outer loop
      vertex  2.097039e-002  2.097039e-002  0.000000e+000
      vertex  2.097039e-002 -2.097039e-002  0.000000e+000
      vertex -1.978101e-002 -1.132482e-002  0.000000e+000
    endloop
  endfacet
  facet normal  0.000000e+000  0.000000e+000 -1.000000e+000
    outer loop
      vertex  2.097039e-002  2.097039e-002  0.000000e+000
      vertex -1.978101e-002 -1.132482e-002  0.000000e+000
      vertex -2.067016e-002 -8.393681e-003  0.000000e+000
    endloop
  endfacet
  facet normal  0.000000e+000  0.000000e+000 -1.000000e+000
    outer loop
      vertex  2.097039e-002  2.097039e-002  0.000000e+000
      vertex -2.067016e-002 -8.393681e-003  0.000000e+000
      vertex -2.097039e-002 -5.345395e-003  0.000000e+000
    endloop
  endfacet
  facet normal  0.000000e+000  0.000000e+000 -1.000000e+000
    outer loop
      vertex  2.097039e-002  2.097039e-002  0.000000e+000
      vertex -2.097039e-002 -5.345395e-003  0.000000e+000
      vertex -2.097039e-002  2.097039e-002  0.000000e+000
    endloop
  endfacet
  facet normal  0.000000e+000  0.000000e+000 -9.999999e-001
    outer loop
      vertex -8.393681e-003 -2.067016e-002  0.000000e+000
      vertex -1.132482e-002 -1.978101e-002  0.000000e+000
      vertex -1.402618e-002 -1.833711e-002  0.000000e+000
    endloop
  endfacet
  facet normal  0.000000e+000  0.000000e+000 -9.999999e-001
    outer loop
      vertex -8.393681e-003 -2.067016e-002  0.000000e+000
      vertex -1.402618e-002 -1.833711e-002  0.000000e+000
      vertex -1.639394e-002 -1.639394e-002  0.000000e+000
    endloop
  endfacet
  facet normal  0.000000e+000  0.000000e+000 -1.000000e+000
    outer loop
      vertex -8.393681e-003 -2.067016e-002  0.000000e+000
      vertex -1.639394e-002 -1.639394e-002  0.000000e+000
      vertex -1.833711e-002 -1.402618e-002  0.000000e+000
    endloop
  endfacet
  facet normal  0.000000e+000  0.000000e+000 -1.000000e+000
    outer loop
      vertex -8.393681e-003 -2.067016e-002  0.000000e+000
      vertex -1.833711e-002 -1.402618e-002  0.000000e+000
      vertex -1.978101e-002 -1.132482e-002  0.000000e+000
    endloop
  endfacet
  facet normal  0.000000e+000  0.000000e+000 -1.000000e+000
    outer loop
      vertex -8.393681e-003 -2.067016e-002  0.000000e+000
      vertex -1.978101e-002 -1.132482e-002  0.000000e+000
      vertex -5.345395e-003 -2.097039e-002  0.000000e+000
    endloop
  endfacet
  facet normal -1.000000e+000  0.000000e+000  0.000000e+000
    outer loop
      vertex -2.097039e-002  2.097039e-002  0.000000e+000
      vertex -2.097039e-002 -5.345395e-003  0.000000e+000
      vertex -2.097039e-002  2.097039e-002  7.500000e-001
    endloop
  endfacet
  facet normal -1.000000e+000  -0.000000e+000  0.000000e+000
    outer loop
      vertex -2.097039e-002  2.097039e-002  7.500000e-001
      vertex -2.097039e-002 -5.345395e-003  0.000000e+000
      vertex -2.097039e-002 -5.345395e-003  7.500000e-001
    endloop
  endfacet
  facet normal  0.000000e+000 -1.000000e+000  0.000000e+000
    outer loop
      vertex -5.345395e-003 -2.097039e-002  0.000000e+000
      vertex  2.097039e-002 -2.097039e-002  0.000000e+000
      vertex -5.345395e-003 -2.097039e-002  7.500000e-001
    endloop
  endfacet
  facet normal  0.000000e+000 -1.000000e+000  0.000000e+000
    outer loop
      vertex -5.345395e-003 -2.097039e-002  7.500000e-001
      vertex  2.097039e-002 -2.097039e-002  0.000000e+000
      vertex  2.097039e-002 -2.097039e-002  7.500000e-001
    endloop
  endfacet
  facet normal -9.801731e-002 -9.951847e-001  -0.000000e+000
    outer loop
      vertex -5.345395e-003 -2.097039e-002  0.000000e+000
      vertex -5.345395e-003 -2.097039e-002  7.500000e-001
      vertex -8.393681e-003 -2.067016e-002  0.000000e+000
    endloop
  endfacet
  facet normal -9.801731e-002 -9.951847e-001  0.000000e+000
    outer loop
      vertex -8.393681e-003 -2.067016e-002  0.000000e+000
      vertex -5.345395e-003 -2.097039e-002  7.500000e-001
      vertex -8.393681e-003 -2.067016e-002  7.500000e-001
    endloop
  endfacet
  facet normal -2.902847e-001 -9.569404e-001  -0.000000e+000
    outer loop
      vertex -8.393681e-003 -2.067016e-002  0.000000e+000
      vertex -8.393681e-003 -2.067016e-002  7.500000e-001
      vertex -1.132482e-002 -1.978101e-002  0.000000e+000
    endloop
  endfacet
  facet normal -2.902847e-001 -9.569404e-001  0.000000e+000
    outer loop
      vertex -1.132482e-002 -1.978101e-002  0.000000e+000
      vertex -8.393681e-003 -2.067016e-002  7.500000e-001
      vertex -1.132482e-002 -1.978101e-002  7.500000e-001
    endloop
  endfacet
  facet normal -4.713964e-001 -8.819215e-001  -0.000000e+000
    outer loop
      vertex -1.132482e-002 -1.978101e-002  0.000000e+000
      vertex -1.132482e-002 -1.978101e-002  7.500000e-001
      vertex -1.402618e-002 -1.833711e-002  0.000000e+000
    endloop
  endfacet
  facet normal -4.713964e-001 -8.819215e-001  0.000000e+000
    outer loop
      vertex -1.402618e-002 -1.833711e-002  0.000000e+000
      vertex -1.132482e-002 -1.978101e-002  7.500000e-001
      vertex -1.402618e-002 -1.833711e-002  7.500000e-001
    endloop
  endfacet
  facet normal -6.343932e-001 -7.730105e-001  -0.000000e+000
    outer loop
      vertex -1.402618e-002 -1.833711e-002  0.000000e+000
      vertex -1.402618e-002 -1.833711e-002  7.500000e-001
      vertex -1.639394e-002 -1.639394e-002  0.000000e+000
    endloop
  endfacet
  facet normal -6.343932e-001 -7.730105e-001  0.000000e+000
    outer loop
      vertex -1.639394e-002 -1.639394e-002  0.000000e+000
      vertex -1.402618e-002 -1.833711e-002  7.500000e-001
      vertex -1.639394e-002 -1.639394e-002  7.500000e-001
    endloop
  endfacet
  facet normal -7.730105e-001 -6.343932e-001  -0.000000e+000
    outer loop
      vertex -1.639394e-002 -1.639394e-002  0.000000e+000
      vertex -1.639394e-002 -1.639394e-002  7.500000e-001
      vertex -1.833711e-002 -1.402618e-002  0.000000e+000
    endloop
  endfacet
  facet normal -7.730105e-001 -6.343932e-001  0.000000e+000
    outer loop
      vertex -1.833711e-002 -1.402618e-002  0.000000e+000
      vertex -1.639394e-002 -1.639394e-002  7.500000e-001
      vertex -1.833711e-002 -1.402618e-002  7.500000e-001
    endloop
  endfacet
  facet normal -8.819215e-001 -4.713964e-001  -0.000000e+000
    outer loop
      vertex -1.833711e-002 -1.402618e-002  0.000000e+000
      vertex -1.833711e-002 -1.402618e-002  7.500000e-001
      vertex -1.978101e-002 -1.132482e-002  0.000000e+000
    endloop
  endfacet
  facet normal -8.819215e-001 -4.713964e-001  0.000000e+000
    outer loop
      vertex -1.978101e-002 -1.132482e-002  0.000000e+000
      vertex -1.833711e-002 -1.402618e-002  7.500000e-001
      vertex -1.978101e-002 -1.132482e-002  7.500000e-001
    endloop
  endfacet
  facet normal -9.569404e-001 -2.902847e-001  -0.000000e+000
    outer loop
      vertex -1.978101e-002 -1.132482e-002  0.000000e+000
      vertex -1.978101e-002 -1.132482e-002  7.500000e-001
      vertex -2.067016e-002 -8.393681e-003  0.000000e+000
    endloop
  endfacet
  facet normal -9.569404e-001 -2.902847e-001  0.000000e+000
    outer loop
      vertex -2.067016e-002 -8.393681e-003  0.000000e+000
      vertex -1.978101e-002 -1.132482e-002  7.500000e-001
      vertex -2.067016e-002 -8.393681e-003  7.500000e-001
    endloop
  endfacet
  facet normal -9.951847e-001 -9.801731e-002  -0.000000e+000
    outer loop
      vertex -2.067016e-002 -8.393681e-003  0.000000e+000
      vertex -2.067016e-002 -8.393681e-003  7.500000e-001
      vertex -2.097039e-002 -5.345395e-003  0.000000e+000
    endloop
  endfacet
  facet normal -9.951847e-001 -9.801731e-002  0.000000e+000
    outer loop
      vertex -2.097039e-002 -5.345395e-003  0.000000e+000
      vertex -2.067016e-002 -8.393681e-003  7.500000e-001
      vertex -2.097039e-002 -5.345395e-003  7.500000e-001
    endloop
  endfacet
  facet normal  0.000000e+000  1.000000e+000  0.000000e+000
    outer loop
      vertex  2.097039e-002  2.097039e-002  0.000000e+000
      vertex -2.097039e-002  2.097039e-002  0.000000e+000
      vertex  2.097039e-002  2.097039e-002  7.500000e-001
    endloop
  endfacet
  facet normal  0.000000e+000  1.000000e+000  0.000000e+000
    outer loop
      vertex  2.097039e-002  2.097039e-002  7.500000e-001
      vertex -2.097039e-002  2.097039e-002  0.000000e+000
      vertex -2.097039e-002  2.097039e-002  7.500000e-001
    endloop
  endfacet
  facet normal  1.000000e+000  0.000000e+000  0.000000e+000
    outer loop
      vertex  2.097039e-002 -2.097039e-002  0.000000e+000
      vertex  2.097039e-002  2.097039e-002  0.000000e+000
      vertex  2.097039e-002 -2.097039e-002  7.500000e-001
    endloop
  endfacet
  facet normal  1.000000e+000  -0.000000e+000  0.000000e+000
    outer loop
      vertex  2.097039e-002 -2.097039e-002  7.500000e-001
      vertex  2.097039e-002  2.097039e-002  0.000000e+000
      vertex  2.097039e-002  2.097039e-002  7.500000e-001
    endloop
  endfacet
endsolid CATIA STL
