solid CATIA STL
  facet normal  0.000000e+000 -1.000000e+000  0.000000e+000
    outer loop
      vertex  5.740532e-018 -3.750000e-001  9.375000e-002
      vertex  1.801380e-003 -3.750000e-001  7.546028e-002
      vertex  7.136294e-003 -3.750000e-001  5.787343e-002
    endloop
  endfacet
  facet normal  0.000000e+000 -9.999999e-001  0.000000e+000
    outer loop
      vertex  5.740532e-018 -3.750000e-001  9.375000e-002
      vertex  7.136294e-003 -3.750000e-001  5.787343e-002
      vertex  1.579972e-002 -3.750000e-001  4.166529e-002
    endloop
  endfacet
  facet normal  0.000000e+000 -1.000000e+000  0.000000e+000
    outer loop
      vertex  5.740532e-018 -3.750000e-001  9.375000e-002
      vertex  1.579972e-002 -3.750000e-001  4.166529e-002
      vertex  2.745874e-002 -3.750000e-001  2.745874e-002
    endloop
  endfacet
  facet normal  0.000000e+000 -1.000000e+000  0.000000e+000
    outer loop
      vertex  5.740532e-018 -3.750000e-001  9.375000e-002
      vertex  2.745874e-002 -3.750000e-001  2.745874e-002
      vertex  4.166529e-002 -3.750000e-001  1.579972e-002
    endloop
  endfacet
  facet normal  0.000000e+000 -1.000000e+000  0.000000e+000
    outer loop
      vertex  5.740532e-018 -3.750000e-001  9.375000e-002
      vertex  4.166529e-002 -3.750000e-001  1.579972e-002
      vertex  5.787343e-002 -3.750000e-001  7.136294e-003
    endloop
  endfacet
  facet normal  0.000000e+000 -1.000000e+000  0.000000e+000
    outer loop
      vertex  5.740532e-018 -3.750000e-001  9.375000e-002
      vertex  5.787343e-002 -3.750000e-001  7.136294e-003
      vertex  7.546028e-002 -3.750000e-001  1.801380e-003
    endloop
  endfacet
  facet normal  0.000000e+000 -1.000000e+000  0.000000e+000
    outer loop
      vertex  5.740532e-018 -3.750000e-001  9.375000e-002
      vertex  7.546028e-002 -3.750000e-001  1.801380e-003
      vertex  9.375000e-002 -3.750000e-001 -5.740532e-018
    endloop
  endfacet
  facet normal  0.000000e+000 -1.000000e+000  0.000000e+000
    outer loop
      vertex  5.740532e-018 -3.750000e-001  9.375000e-002
      vertex  9.375000e-002 -3.750000e-001 -5.740532e-018
      vertex  7.500000e-001 -3.750000e-001 -4.592425e-017
    endloop
  endfacet
  facet normal  0.000000e+000 -1.000000e+000  0.000000e+000
    outer loop
      vertex  5.740532e-018 -3.750000e-001  9.375000e-002
      vertex  7.500000e-001 -3.750000e-001 -4.592425e-017
      vertex  7.500000e-001 -3.750000e-001  4.424342e-001
    endloop
  endfacet
  facet normal  -0.000000e+000 -1.000000e+000  0.000000e+000
    outer loop
      vertex  5.740532e-018 -3.750000e-001  9.375000e-002
      vertex  7.500000e-001 -3.750000e-001  4.424342e-001
      vertex  2.709128e-017 -3.750000e-001  4.424342e-001
    endloop
  endfacet
  facet normal -1.000000e+000  0.000000e+000  6.123233e-017
    outer loop
      vertex  2.709128e-017 -3.750000e-001  4.424342e-001
      vertex  5.740532e-018  0.000000e+000  9.375000e-002
      vertex  5.740532e-018 -3.750000e-001  9.375000e-002
    endloop
  endfacet
  facet normal -1.000000e+000 -9.420784e-022  6.123318e-017
    outer loop
      vertex  2.868231e-017 -3.611116e-001  4.684176e-001
      vertex  2.782355e-017 -3.726212e-001  4.543931e-001
      vertex  2.815437e-017 -3.697334e-001  4.597958e-001
    endloop
  endfacet
  facet normal -1.000000e+000  6.277319e-022  6.123161e-017
    outer loop
      vertex  2.868231e-017 -3.611116e-001  4.684176e-001
      vertex  2.815437e-017 -3.697334e-001  4.597958e-001
      vertex  2.844434e-017 -3.658471e-001  4.645313e-001
    endloop
  endfacet
  facet normal -9.999999e-001  2.074431e-022  6.123223e-017
    outer loop
      vertex  2.746459e-017 -3.743995e-001  4.485308e-001
      vertex  2.782355e-017 -3.726212e-001  4.543931e-001
      vertex  2.868231e-017 -3.611116e-001  4.684176e-001
    endloop
  endfacet
  facet normal -1.000000e+000 -8.717285e-022  6.123295e-017
    outer loop
      vertex  2.746459e-017 -3.743995e-001  4.485308e-001
      vertex  2.868231e-017 -3.611116e-001  4.684176e-001
      vertex  2.885913e-017 -3.557089e-001  4.713055e-001
    endloop
  endfacet
  facet normal -1.000000e+000  1.106893e-022  6.123215e-017
    outer loop
      vertex  2.746459e-017 -3.743995e-001  4.485308e-001
      vertex  2.885913e-017 -3.557089e-001  4.713055e-001
      vertex  2.896802e-017 -3.498466e-001  4.730838e-001
    endloop
  endfacet
  facet normal -1.000000e+000 -5.277327e-015  5.338559e-015
    outer loop
      vertex  2.746459e-017 -3.743995e-001  4.485308e-001
      vertex  2.896802e-017 -3.498466e-001  4.730838e-001
      vertex  0.000000e+000 -3.437500e-001  4.736842e-001
    endloop
  endfacet
  facet normal -1.000000e+000  8.437758e-017 -1.194697e-015
    outer loop
      vertex  2.746459e-017 -3.743995e-001  4.485308e-001
      vertex  0.000000e+000 -3.437500e-001  4.736842e-001
      vertex  2.900479e-017  0.000000e+000  4.736842e-001
    endloop
  endfacet
  facet normal -1.000000e+000  8.442073e-025  6.123234e-017
    outer loop
      vertex  2.746459e-017 -3.743995e-001  4.485308e-001
      vertex  2.900479e-017  0.000000e+000  4.736842e-001
      vertex  5.740532e-018  0.000000e+000  9.375000e-002
    endloop
  endfacet
  facet normal -1.000000e+000  3.628096e-022  6.123273e-017
    outer loop
      vertex  2.746459e-017 -3.743995e-001  4.485308e-001
      vertex  5.740532e-018  0.000000e+000  9.375000e-002
      vertex  2.709128e-017 -3.750000e-001  4.424342e-001
    endloop
  endfacet
  facet normal  -0.000000e+000  1.000000e+000  0.000000e+000
    outer loop
      vertex  5.740532e-018  0.000000e+000  9.375000e-002
      vertex  2.900479e-017  0.000000e+000  4.736842e-001
      vertex  7.500000e-001  0.000000e+000  4.736842e-001
    endloop
  endfacet
  facet normal  0.000000e+000  1.000000e+000  0.000000e+000
    outer loop
      vertex  5.740532e-018  0.000000e+000  9.375000e-002
      vertex  7.500000e-001  0.000000e+000  4.736842e-001
      vertex  7.500000e-001  0.000000e+000 -4.592425e-017
    endloop
  endfacet
  facet normal  0.000000e+000  1.000000e+000  0.000000e+000
    outer loop
      vertex  5.740532e-018  0.000000e+000  9.375000e-002
      vertex  7.500000e-001  0.000000e+000 -4.592425e-017
      vertex  9.375000e-002  0.000000e+000 -5.740532e-018
    endloop
  endfacet
  facet normal  0.000000e+000  1.000000e+000  0.000000e+000
    outer loop
      vertex  5.740532e-018  0.000000e+000  9.375000e-002
      vertex  9.375000e-002  0.000000e+000 -5.740532e-018
      vertex  7.546028e-002  0.000000e+000  1.801380e-003
    endloop
  endfacet
  facet normal  0.000000e+000  1.000000e+000  0.000000e+000
    outer loop
      vertex  5.740532e-018  0.000000e+000  9.375000e-002
      vertex  7.546028e-002  0.000000e+000  1.801380e-003
      vertex  5.787343e-002  0.000000e+000  7.136294e-003
    endloop
  endfacet
  facet normal  0.000000e+000  1.000000e+000  0.000000e+000
    outer loop
      vertex  5.740532e-018  0.000000e+000  9.375000e-002
      vertex  5.787343e-002  0.000000e+000  7.136294e-003
      vertex  4.166529e-002  0.000000e+000  1.579972e-002
    endloop
  endfacet
  facet normal  0.000000e+000  1.000000e+000  0.000000e+000
    outer loop
      vertex  5.740532e-018  0.000000e+000  9.375000e-002
      vertex  4.166529e-002  0.000000e+000  1.579972e-002
      vertex  2.745874e-002  0.000000e+000  2.745874e-002
    endloop
  endfacet
  facet normal  0.000000e+000  1.000000e+000  0.000000e+000
    outer loop
      vertex  5.740532e-018  0.000000e+000  9.375000e-002
      vertex  2.745874e-002  0.000000e+000  2.745874e-002
      vertex  1.579972e-002  0.000000e+000  4.166529e-002
    endloop
  endfacet
  facet normal  0.000000e+000  9.999999e-001  0.000000e+000
    outer loop
      vertex  5.740532e-018  0.000000e+000  9.375000e-002
      vertex  1.579972e-002  0.000000e+000  4.166529e-002
      vertex  7.136294e-003  0.000000e+000  5.787343e-002
    endloop
  endfacet
  facet normal  0.000000e+000  1.000000e+000  0.000000e+000
    outer loop
      vertex  5.740532e-018  0.000000e+000  9.375000e-002
      vertex  7.136294e-003  0.000000e+000  5.787343e-002
      vertex  1.801380e-003  0.000000e+000  7.546028e-002
    endloop
  endfacet
  facet normal -6.123234e-017  -0.000000e+000 -1.000000e+000
    outer loop
      vertex  9.375000e-002 -3.750000e-001 -5.740532e-018
      vertex  9.375000e-002  0.000000e+000 -5.740532e-018
      vertex  7.500000e-001 -3.750000e-001 -4.592425e-017
    endloop
  endfacet
  facet normal -6.123234e-017  0.000000e+000 -1.000000e+000
    outer loop
      vertex  7.500000e-001 -3.750000e-001 -4.592425e-017
      vertex  9.375000e-002  0.000000e+000 -5.740532e-018
      vertex  7.500000e-001  0.000000e+000 -4.592425e-017
    endloop
  endfacet
  facet normal -9.801716e-002  0.000000e+000 -9.951848e-001
    outer loop
      vertex  9.375000e-002  0.000000e+000 -5.740532e-018
      vertex  9.375000e-002 -3.750000e-001 -5.740532e-018
      vertex  7.546028e-002  0.000000e+000  1.801380e-003
    endloop
  endfacet
  facet normal -9.801716e-002  -0.000000e+000 -9.951848e-001
    outer loop
      vertex  7.546028e-002  0.000000e+000  1.801380e-003
      vertex  9.375000e-002 -3.750000e-001 -5.740532e-018
      vertex  7.546028e-002 -3.750000e-001  1.801380e-003
    endloop
  endfacet
  facet normal -2.902846e-001  0.000000e+000 -9.569404e-001
    outer loop
      vertex  7.546028e-002  0.000000e+000  1.801380e-003
      vertex  7.546028e-002 -3.750000e-001  1.801380e-003
      vertex  5.787343e-002  0.000000e+000  7.136294e-003
    endloop
  endfacet
  facet normal -2.902846e-001  -0.000000e+000 -9.569404e-001
    outer loop
      vertex  5.787343e-002  0.000000e+000  7.136294e-003
      vertex  7.546028e-002 -3.750000e-001  1.801380e-003
      vertex  5.787343e-002 -3.750000e-001  7.136294e-003
    endloop
  endfacet
  facet normal -4.713967e-001  0.000000e+000 -8.819213e-001
    outer loop
      vertex  5.787343e-002  0.000000e+000  7.136294e-003
      vertex  5.787343e-002 -3.750000e-001  7.136294e-003
      vertex  4.166529e-002  0.000000e+000  1.579972e-002
    endloop
  endfacet
  facet normal -4.713967e-001  -0.000000e+000 -8.819213e-001
    outer loop
      vertex  4.166529e-002  0.000000e+000  1.579972e-002
      vertex  5.787343e-002 -3.750000e-001  7.136294e-003
      vertex  4.166529e-002 -3.750000e-001  1.579972e-002
    endloop
  endfacet
  facet normal -6.343933e-001  0.000000e+000 -7.730105e-001
    outer loop
      vertex  4.166529e-002  0.000000e+000  1.579972e-002
      vertex  4.166529e-002 -3.750000e-001  1.579972e-002
      vertex  2.745874e-002  0.000000e+000  2.745874e-002
    endloop
  endfacet
  facet normal -6.343933e-001  -0.000000e+000 -7.730105e-001
    outer loop
      vertex  2.745874e-002  0.000000e+000  2.745874e-002
      vertex  4.166529e-002 -3.750000e-001  1.579972e-002
      vertex  2.745874e-002 -3.750000e-001  2.745874e-002
    endloop
  endfacet
  facet normal -7.730105e-001  0.000000e+000 -6.343933e-001
    outer loop
      vertex  2.745874e-002  0.000000e+000  2.745874e-002
      vertex  2.745874e-002 -3.750000e-001  2.745874e-002
      vertex  1.579972e-002  0.000000e+000  4.166529e-002
    endloop
  endfacet
  facet normal -7.730105e-001  -0.000000e+000 -6.343933e-001
    outer loop
      vertex  1.579972e-002  0.000000e+000  4.166529e-002
      vertex  2.745874e-002 -3.750000e-001  2.745874e-002
      vertex  1.579972e-002 -3.750000e-001  4.166529e-002
    endloop
  endfacet
  facet normal -8.819213e-001  0.000000e+000 -4.713967e-001
    outer loop
      vertex  1.579972e-002  0.000000e+000  4.166529e-002
      vertex  1.579972e-002 -3.750000e-001  4.166529e-002
      vertex  7.136294e-003  0.000000e+000  5.787343e-002
    endloop
  endfacet
  facet normal -8.819213e-001  -0.000000e+000 -4.713967e-001
    outer loop
      vertex  7.136294e-003  0.000000e+000  5.787343e-002
      vertex  1.579972e-002 -3.750000e-001  4.166529e-002
      vertex  7.136294e-003 -3.750000e-001  5.787343e-002
    endloop
  endfacet
  facet normal -9.569404e-001  0.000000e+000 -2.902846e-001
    outer loop
      vertex  7.136294e-003  0.000000e+000  5.787343e-002
      vertex  7.136294e-003 -3.750000e-001  5.787343e-002
      vertex  1.801380e-003  0.000000e+000  7.546028e-002
    endloop
  endfacet
  facet normal -9.569404e-001  -0.000000e+000 -2.902846e-001
    outer loop
      vertex  1.801380e-003  0.000000e+000  7.546028e-002
      vertex  7.136294e-003 -3.750000e-001  5.787343e-002
      vertex  1.801380e-003 -3.750000e-001  7.546028e-002
    endloop
  endfacet
  facet normal -9.951848e-001  0.000000e+000 -9.801716e-002
    outer loop
      vertex  1.801380e-003  0.000000e+000  7.546028e-002
      vertex  1.801380e-003 -3.750000e-001  7.546028e-002
      vertex  5.740532e-018  0.000000e+000  9.375000e-002
    endloop
  endfacet
  facet normal -9.951848e-001  -0.000000e+000 -9.801716e-002
    outer loop
      vertex  5.740532e-018  0.000000e+000  9.375000e-002
      vertex  1.801380e-003 -3.750000e-001  7.546028e-002
      vertex  5.740532e-018 -3.750000e-001  9.375000e-002
    endloop
  endfacet
  facet normal  0.000000e+000  0.000000e+000  1.000000e+000
    outer loop
      vertex  7.500000e-001 -3.437500e-001  4.736842e-001
      vertex  7.500000e-001  0.000000e+000  4.736842e-001
      vertex  0.000000e+000 -3.437500e-001  4.736842e-001
    endloop
  endfacet
  facet normal  0.000000e+000  0.000000e+000  1.000000e+000
    outer loop
      vertex  0.000000e+000 -3.437500e-001  4.736842e-001
      vertex  7.500000e-001  0.000000e+000  4.736842e-001
      vertex  2.900479e-017  0.000000e+000  4.736842e-001
    endloop
  endfacet
  facet normal  1.000000e+000  -0.000000e+000  0.000000e+000
    outer loop
      vertex  7.500000e-001 -3.437500e-001  4.736842e-001
      vertex  7.500000e-001 -3.498466e-001  4.730838e-001
      vertex  7.500000e-001 -3.557089e-001  4.713055e-001
    endloop
  endfacet
  facet normal  1.000000e+000  -0.000000e+000  0.000000e+000
    outer loop
      vertex  7.500000e-001  0.000000e+000  4.736842e-001
      vertex  7.500000e-001 -3.437500e-001  4.736842e-001
      vertex  7.500000e-001 -3.557089e-001  4.713055e-001
    endloop
  endfacet
  facet normal  1.000000e+000  -0.000000e+000  0.000000e+000
    outer loop
      vertex  7.500000e-001  0.000000e+000  4.736842e-001
      vertex  7.500000e-001 -3.557089e-001  4.713055e-001
      vertex  7.500000e-001 -3.611116e-001  4.684176e-001
    endloop
  endfacet
  facet normal  1.000000e+000  -0.000000e+000  0.000000e+000
    outer loop
      vertex  7.500000e-001  0.000000e+000  4.736842e-001
      vertex  7.500000e-001 -3.611116e-001  4.684176e-001
      vertex  7.500000e-001 -3.658471e-001  4.645313e-001
    endloop
  endfacet
  facet normal  1.000000e+000  -0.000000e+000  0.000000e+000
    outer loop
      vertex  7.500000e-001  0.000000e+000  4.736842e-001
      vertex  7.500000e-001 -3.658471e-001  4.645313e-001
      vertex  7.500000e-001 -3.697334e-001  4.597958e-001
    endloop
  endfacet
  facet normal  1.000000e+000  -0.000000e+000  0.000000e+000
    outer loop
      vertex  7.500000e-001  0.000000e+000  4.736842e-001
      vertex  7.500000e-001 -3.697334e-001  4.597958e-001
      vertex  7.500000e-001 -3.726212e-001  4.543931e-001
    endloop
  endfacet
  facet normal  1.000000e+000  -0.000000e+000  0.000000e+000
    outer loop
      vertex  7.500000e-001  0.000000e+000  4.736842e-001
      vertex  7.500000e-001 -3.726212e-001  4.543931e-001
      vertex  7.500000e-001 -3.743995e-001  4.485308e-001
    endloop
  endfacet
  facet normal  1.000000e+000  -0.000000e+000  0.000000e+000
    outer loop
      vertex  7.500000e-001  0.000000e+000  4.736842e-001
      vertex  7.500000e-001 -3.743995e-001  4.485308e-001
      vertex  7.500000e-001 -3.750000e-001  4.424342e-001
    endloop
  endfacet
  facet normal  1.000000e+000  -0.000000e+000  0.000000e+000
    outer loop
      vertex  7.500000e-001  0.000000e+000  4.736842e-001
      vertex  7.500000e-001 -3.750000e-001  4.424342e-001
      vertex  7.500000e-001 -3.750000e-001 -4.592425e-017
    endloop
  endfacet
  facet normal  1.000000e+000  0.000000e+000  0.000000e+000
    outer loop
      vertex  7.500000e-001  0.000000e+000  4.736842e-001
      vertex  7.500000e-001 -3.750000e-001 -4.592425e-017
      vertex  7.500000e-001  0.000000e+000 -4.592425e-017
    endloop
  endfacet
  facet normal  0.000000e+000 -9.801669e-002  9.951847e-001
    outer loop
      vertex  7.500000e-001 -3.437500e-001  4.736842e-001
      vertex  0.000000e+000 -3.437500e-001  4.736842e-001
      vertex  7.500000e-001 -3.498466e-001  4.730838e-001
    endloop
  endfacet
  facet normal  0.000000e+000 -9.801669e-002  9.951847e-001
    outer loop
      vertex  7.500000e-001 -3.498466e-001  4.730838e-001
      vertex  0.000000e+000 -3.437500e-001  4.736842e-001
      vertex  2.896802e-017 -3.498466e-001  4.730838e-001
    endloop
  endfacet
  facet normal  0.000000e+000 -2.902842e-001  9.569405e-001
    outer loop
      vertex  7.500000e-001 -3.498466e-001  4.730838e-001
      vertex  2.896802e-017 -3.498466e-001  4.730838e-001
      vertex  7.500000e-001 -3.557089e-001  4.713055e-001
    endloop
  endfacet
  facet normal  0.000000e+000 -2.902842e-001  9.569405e-001
    outer loop
      vertex  7.500000e-001 -3.557089e-001  4.713055e-001
      vertex  2.896802e-017 -3.498466e-001  4.730838e-001
      vertex  2.885913e-017 -3.557089e-001  4.713055e-001
    endloop
  endfacet
  facet normal  0.000000e+000 -4.713973e-001  8.819210e-001
    outer loop
      vertex  7.500000e-001 -3.557089e-001  4.713055e-001
      vertex  2.885913e-017 -3.557089e-001  4.713055e-001
      vertex  7.500000e-001 -3.611116e-001  4.684176e-001
    endloop
  endfacet
  facet normal  0.000000e+000 -4.713973e-001  8.819210e-001
    outer loop
      vertex  7.500000e-001 -3.611116e-001  4.684176e-001
      vertex  2.885913e-017 -3.557089e-001  4.713055e-001
      vertex  2.868231e-017 -3.611116e-001  4.684176e-001
    endloop
  endfacet
  facet normal  0.000000e+000 -6.343951e-001  7.730091e-001
    outer loop
      vertex  7.500000e-001 -3.611116e-001  4.684176e-001
      vertex  2.868231e-017 -3.611116e-001  4.684176e-001
      vertex  7.500000e-001 -3.658471e-001  4.645313e-001
    endloop
  endfacet
  facet normal  0.000000e+000 -6.343951e-001  7.730091e-001
    outer loop
      vertex  7.500000e-001 -3.658471e-001  4.645313e-001
      vertex  2.868231e-017 -3.611116e-001  4.684176e-001
      vertex  2.844434e-017 -3.658471e-001  4.645313e-001
    endloop
  endfacet
  facet normal  0.000000e+000 -7.730109e-001  6.343926e-001
    outer loop
      vertex  7.500000e-001 -3.658471e-001  4.645313e-001
      vertex  2.844434e-017 -3.658471e-001  4.645313e-001
      vertex  7.500000e-001 -3.697334e-001  4.597958e-001
    endloop
  endfacet
  facet normal  0.000000e+000 -7.730109e-001  6.343926e-001
    outer loop
      vertex  7.500000e-001 -3.697334e-001  4.597958e-001
      vertex  2.844434e-017 -3.658471e-001  4.645313e-001
      vertex  2.815437e-017 -3.697334e-001  4.597958e-001
    endloop
  endfacet
  facet normal  0.000000e+000 -8.819210e-001  4.713973e-001
    outer loop
      vertex  7.500000e-001 -3.697334e-001  4.597958e-001
      vertex  2.815437e-017 -3.697334e-001  4.597958e-001
      vertex  7.500000e-001 -3.726212e-001  4.543931e-001
    endloop
  endfacet
  facet normal  0.000000e+000 -8.819210e-001  4.713973e-001
    outer loop
      vertex  7.500000e-001 -3.726212e-001  4.543931e-001
      vertex  2.815437e-017 -3.697334e-001  4.597958e-001
      vertex  2.782355e-017 -3.726212e-001  4.543931e-001
    endloop
  endfacet
  facet normal  0.000000e+000 -9.569401e-001  2.902855e-001
    outer loop
      vertex  7.500000e-001 -3.726212e-001  4.543931e-001
      vertex  2.782355e-017 -3.726212e-001  4.543931e-001
      vertex  7.500000e-001 -3.743995e-001  4.485308e-001
    endloop
  endfacet
  facet normal  0.000000e+000 -9.569401e-001  2.902855e-001
    outer loop
      vertex  7.500000e-001 -3.743995e-001  4.485308e-001
      vertex  2.782355e-017 -3.726212e-001  4.543931e-001
      vertex  2.746459e-017 -3.743995e-001  4.485308e-001
    endloop
  endfacet
  facet normal  0.000000e+000 -9.951847e-001  9.801669e-002
    outer loop
      vertex  7.500000e-001 -3.743995e-001  4.485308e-001
      vertex  2.746459e-017 -3.743995e-001  4.485308e-001
      vertex  7.500000e-001 -3.750000e-001  4.424342e-001
    endloop
  endfacet
  facet normal  0.000000e+000 -9.951847e-001  9.801669e-002
    outer loop
      vertex  7.500000e-001 -3.750000e-001  4.424342e-001
      vertex  2.746459e-017 -3.743995e-001  4.485308e-001
      vertex  2.709128e-017 -3.750000e-001  4.424342e-001
    endloop
  endfacet
endsolid CATIA STL
