solid CATIA STL
  facet normal  0.000000e+000  1.000000e+000  0.000000e+000
    outer loop
      vertex  7.812500e-003  7.894737e-003  0.000000e+000
      vertex  7.421875e-001  7.894737e-003  1.093750e-001
      vertex  7.422698e-001  7.894737e-003  0.000000e+000
    endloop
  endfacet
  facet normal  -0.000000e+000  1.000000e+000  -0.000000e+000
    outer loop
      vertex  6.288357e-003  7.894737e-003  1.501150e-004
      vertex  4.822786e-003  7.894737e-003  5.946911e-004
      vertex  3.472107e-003  7.894737e-003  1.316644e-003
    endloop
  endfacet
  facet normal  -0.000000e+000  9.999999e-001  -0.000000e+000
    outer loop
      vertex  6.288357e-003  7.894737e-003  1.501150e-004
      vertex  3.472107e-003  7.894737e-003  1.316644e-003
      vertex  2.288228e-003  7.894737e-003  2.288228e-003
    endloop
  endfacet
  facet normal  -0.000000e+000  1.000000e+000  -0.000000e+000
    outer loop
      vertex  6.288357e-003  7.894737e-003  1.501150e-004
      vertex  2.288228e-003  7.894737e-003  2.288228e-003
      vertex  1.316644e-003  7.894737e-003  3.472107e-003
    endloop
  endfacet
  facet normal  -0.000000e+000  1.000000e+000  -0.000000e+000
    outer loop
      vertex  6.288357e-003  7.894737e-003  1.501150e-004
      vertex  1.316644e-003  7.894737e-003  3.472107e-003
      vertex  5.946911e-004  7.894737e-003  4.822786e-003
    endloop
  endfacet
  facet normal  -0.000000e+000  1.000000e+000  -0.000000e+000
    outer loop
      vertex  6.288357e-003  7.894737e-003  1.501150e-004
      vertex  5.946911e-004  7.894737e-003  4.822786e-003
      vertex  1.501150e-004  7.894737e-003  6.288357e-003
    endloop
  endfacet
  facet normal  -0.000000e+000  1.000000e+000  -0.000000e+000
    outer loop
      vertex  6.288357e-003  7.894737e-003  1.501150e-004
      vertex  1.501150e-004  7.894737e-003  6.288357e-003
      vertex  0.000000e+000  7.894737e-003  7.812500e-003
    endloop
  endfacet
  facet normal  0.000000e+000  1.000000e+000  0.000000e+000
    outer loop
      vertex  0.000000e+000  7.894737e-003  1.093750e-001
      vertex  7.421875e-001  7.894737e-003  1.093750e-001
      vertex  7.812500e-003  7.894737e-003  0.000000e+000
    endloop
  endfacet
  facet normal  0.000000e+000  9.999999e-001  0.000000e+000
    outer loop
      vertex  0.000000e+000  7.894737e-003  1.093750e-001
      vertex  7.812500e-003  7.894737e-003  0.000000e+000
      vertex  6.288357e-003  7.894737e-003  1.501150e-004
    endloop
  endfacet
  facet normal  0.000000e+000  1.000000e+000  0.000000e+000
    outer loop
      vertex  0.000000e+000  7.894737e-003  1.093750e-001
      vertex  6.288357e-003  7.894737e-003  1.501150e-004
      vertex  0.000000e+000  7.894737e-003  7.812500e-003
    endloop
  endfacet
  facet normal  0.000000e+000 -1.000000e+000  0.000000e+000
    outer loop
      vertex  7.812500e-003  0.000000e+000  0.000000e+000
      vertex  3.472107e-003  0.000000e+000  1.316644e-003
      vertex  6.288357e-003  0.000000e+000  1.501150e-004
    endloop
  endfacet
  facet normal  0.000000e+000 -1.000000e+000  0.000000e+000
    outer loop
      vertex  3.472107e-003  0.000000e+000  1.316644e-003
      vertex  4.822786e-003  0.000000e+000  5.946911e-004
      vertex  6.288357e-003  0.000000e+000  1.501150e-004
    endloop
  endfacet
  facet normal  0.000000e+000 -1.000000e+000  0.000000e+000
    outer loop
      vertex  1.316644e-003  0.000000e+000  3.472107e-003
      vertex  0.000000e+000  0.000000e+000  1.093750e-001
      vertex  0.000000e+000  0.000000e+000  7.812500e-003
    endloop
  endfacet
  facet normal  0.000000e+000 -1.000000e+000  0.000000e+000
    outer loop
      vertex  1.316644e-003  0.000000e+000  3.472107e-003
      vertex  0.000000e+000  0.000000e+000  7.812500e-003
      vertex  1.501150e-004  0.000000e+000  6.288357e-003
    endloop
  endfacet
  facet normal  0.000000e+000 -1.000000e+000  0.000000e+000
    outer loop
      vertex  1.316644e-003  0.000000e+000  3.472107e-003
      vertex  1.501150e-004  0.000000e+000  6.288357e-003
      vertex  5.946911e-004  0.000000e+000  4.822786e-003
    endloop
  endfacet
  facet normal  0.000000e+000 -1.000000e+000  0.000000e+000
    outer loop
      vertex  7.421875e-001  0.000000e+000  1.093750e-001
      vertex  0.000000e+000  0.000000e+000  1.093750e-001
      vertex  1.316644e-003  0.000000e+000  3.472107e-003
    endloop
  endfacet
  facet normal  0.000000e+000 -1.000000e+000  0.000000e+000
    outer loop
      vertex  7.421875e-001  0.000000e+000  1.093750e-001
      vertex  1.316644e-003  0.000000e+000  3.472107e-003
      vertex  2.288228e-003  0.000000e+000  2.288228e-003
    endloop
  endfacet
  facet normal  0.000000e+000 -1.000000e+000  0.000000e+000
    outer loop
      vertex  7.421875e-001  0.000000e+000  1.093750e-001
      vertex  2.288228e-003  0.000000e+000  2.288228e-003
      vertex  3.472107e-003  0.000000e+000  1.316644e-003
    endloop
  endfacet
  facet normal  0.000000e+000 -1.000000e+000  0.000000e+000
    outer loop
      vertex  7.421875e-001  0.000000e+000  1.093750e-001
      vertex  3.472107e-003  0.000000e+000  1.316644e-003
      vertex  7.812500e-003  0.000000e+000  0.000000e+000
    endloop
  endfacet
  facet normal  0.000000e+000 -1.000000e+000  0.000000e+000
    outer loop
      vertex  7.421875e-001  0.000000e+000  1.093750e-001
      vertex  7.812500e-003  0.000000e+000  0.000000e+000
      vertex  7.421875e-001  0.000000e+000  0.000000e+000
    endloop
  endfacet
  facet normal  0.000000e+000  0.000000e+000 -1.000000e+000
    outer loop
      vertex  7.812500e-003  0.000000e+000  0.000000e+000
      vertex  7.812500e-003  7.894737e-003  0.000000e+000
      vertex  7.421875e-001  0.000000e+000  0.000000e+000
    endloop
  endfacet
  facet normal  0.000000e+000  0.000000e+000 -1.000000e+000
    outer loop
      vertex  7.421875e-001  0.000000e+000  0.000000e+000
      vertex  7.812500e-003  7.894737e-003  0.000000e+000
      vertex  7.422698e-001  7.894737e-003  0.000000e+000
    endloop
  endfacet
  facet normal -1.000000e+000  0.000000e+000  0.000000e+000
    outer loop
      vertex  0.000000e+000  7.894737e-003  7.812500e-003
      vertex  0.000000e+000  0.000000e+000  7.812500e-003
      vertex  0.000000e+000  7.894737e-003  1.093750e-001
    endloop
  endfacet
  facet normal -1.000000e+000  -0.000000e+000  0.000000e+000
    outer loop
      vertex  0.000000e+000  7.894737e-003  1.093750e-001
      vertex  0.000000e+000  0.000000e+000  7.812500e-003
      vertex  0.000000e+000  0.000000e+000  1.093750e-001
    endloop
  endfacet
  facet normal -9.801716e-002  0.000000e+000 -9.951848e-001
    outer loop
      vertex  7.812500e-003  7.894737e-003  0.000000e+000
      vertex  7.812500e-003  0.000000e+000  0.000000e+000
      vertex  6.288357e-003  7.894737e-003  1.501150e-004
    endloop
  endfacet
  facet normal -9.801716e-002  -0.000000e+000 -9.951848e-001
    outer loop
      vertex  6.288357e-003  7.894737e-003  1.501150e-004
      vertex  7.812500e-003  0.000000e+000  0.000000e+000
      vertex  6.288357e-003  0.000000e+000  1.501150e-004
    endloop
  endfacet
  facet normal -2.902846e-001  0.000000e+000 -9.569404e-001
    outer loop
      vertex  6.288357e-003  7.894737e-003  1.501150e-004
      vertex  6.288357e-003  0.000000e+000  1.501150e-004
      vertex  4.822786e-003  7.894737e-003  5.946911e-004
    endloop
  endfacet
  facet normal -2.902846e-001  -0.000000e+000 -9.569404e-001
    outer loop
      vertex  4.822786e-003  7.894737e-003  5.946911e-004
      vertex  6.288357e-003  0.000000e+000  1.501150e-004
      vertex  4.822786e-003  0.000000e+000  5.946911e-004
    endloop
  endfacet
  facet normal -4.713968e-001  0.000000e+000 -8.819214e-001
    outer loop
      vertex  4.822786e-003  7.894737e-003  5.946911e-004
      vertex  4.822786e-003  0.000000e+000  5.946911e-004
      vertex  3.472107e-003  7.894737e-003  1.316644e-003
    endloop
  endfacet
  facet normal -4.713968e-001  -0.000000e+000 -8.819214e-001
    outer loop
      vertex  3.472107e-003  7.894737e-003  1.316644e-003
      vertex  4.822786e-003  0.000000e+000  5.946911e-004
      vertex  3.472107e-003  0.000000e+000  1.316644e-003
    endloop
  endfacet
  facet normal -6.343934e-001  0.000000e+000 -7.730104e-001
    outer loop
      vertex  3.472107e-003  7.894737e-003  1.316644e-003
      vertex  3.472107e-003  0.000000e+000  1.316644e-003
      vertex  2.288228e-003  7.894737e-003  2.288228e-003
    endloop
  endfacet
  facet normal -6.343934e-001  -0.000000e+000 -7.730104e-001
    outer loop
      vertex  2.288228e-003  7.894737e-003  2.288228e-003
      vertex  3.472107e-003  0.000000e+000  1.316644e-003
      vertex  2.288228e-003  0.000000e+000  2.288228e-003
    endloop
  endfacet
  facet normal -7.730104e-001  0.000000e+000 -6.343934e-001
    outer loop
      vertex  2.288228e-003  7.894737e-003  2.288228e-003
      vertex  2.288228e-003  0.000000e+000  2.288228e-003
      vertex  1.316644e-003  7.894737e-003  3.472107e-003
    endloop
  endfacet
  facet normal -7.730104e-001  -0.000000e+000 -6.343934e-001
    outer loop
      vertex  1.316644e-003  7.894737e-003  3.472107e-003
      vertex  2.288228e-003  0.000000e+000  2.288228e-003
      vertex  1.316644e-003  0.000000e+000  3.472107e-003
    endloop
  endfacet
  facet normal -8.819214e-001  0.000000e+000 -4.713968e-001
    outer loop
      vertex  1.316644e-003  7.894737e-003  3.472107e-003
      vertex  1.316644e-003  0.000000e+000  3.472107e-003
      vertex  5.946911e-004  7.894737e-003  4.822786e-003
    endloop
  endfacet
  facet normal -8.819214e-001  -0.000000e+000 -4.713968e-001
    outer loop
      vertex  5.946911e-004  7.894737e-003  4.822786e-003
      vertex  1.316644e-003  0.000000e+000  3.472107e-003
      vertex  5.946911e-004  0.000000e+000  4.822786e-003
    endloop
  endfacet
  facet normal -9.569404e-001  0.000000e+000 -2.902846e-001
    outer loop
      vertex  5.946911e-004  7.894737e-003  4.822786e-003
      vertex  5.946911e-004  0.000000e+000  4.822786e-003
      vertex  1.501150e-004  7.894737e-003  6.288357e-003
    endloop
  endfacet
  facet normal -9.569404e-001  -0.000000e+000 -2.902846e-001
    outer loop
      vertex  1.501150e-004  7.894737e-003  6.288357e-003
      vertex  5.946911e-004  0.000000e+000  4.822786e-003
      vertex  1.501150e-004  0.000000e+000  6.288357e-003
    endloop
  endfacet
  facet normal -9.951848e-001  0.000000e+000 -9.801716e-002
    outer loop
      vertex  1.501150e-004  7.894737e-003  6.288357e-003
      vertex  1.501150e-004  0.000000e+000  6.288357e-003
      vertex  0.000000e+000  7.894737e-003  7.812500e-003
    endloop
  endfacet
  facet normal -9.951848e-001  -0.000000e+000 -9.801716e-002
    outer loop
      vertex  0.000000e+000  7.894737e-003  7.812500e-003
      vertex  1.501150e-004  0.000000e+000  6.288357e-003
      vertex  0.000000e+000  0.000000e+000  7.812500e-003
    endloop
  endfacet
  facet normal  7.107975e-001 -7.033968e-001  0.000000e+000
    outer loop
      vertex  7.421875e-001  0.000000e+000  0.000000e+000
      vertex  7.445580e-001  2.395417e-003  2.370465e-003
      vertex  7.421875e-001  0.000000e+000  1.093750e-001
    endloop
  endfacet
  facet normal  7.107974e-001 -7.033968e-001  0.000000e+000
    outer loop
      vertex  7.421875e-001  0.000000e+000  1.093750e-001
      vertex  7.445580e-001  2.395417e-003  2.370465e-003
      vertex  7.445580e-001  2.395417e-003  1.070045e-001
    endloop
  endfacet
  facet normal  7.071046e-001  -0.000000e+000  7.071090e-001
    outer loop
      vertex  7.421875e-001  7.894737e-003  1.093750e-001
      vertex  7.421875e-001  0.000000e+000  1.093750e-001
      vertex  7.445580e-001  2.395417e-003  1.070045e-001
    endloop
  endfacet
  facet normal  7.108177e-001 -7.405933e-003 -7.033373e-001
    outer loop
      vertex  7.445580e-001  2.395417e-003  2.370465e-003
      vertex  7.421875e-001  0.000000e+000  0.000000e+000
      vertex  7.422698e-001  7.894737e-003  0.000000e+000
    endloop
  endfacet
  facet normal  9.231588e-001  3.844182e-001  6.942526e-004
    outer loop
      vertex  7.422698e-001  7.894737e-003  0.000000e+000
      vertex  7.421875e-001  7.894737e-003  1.093750e-001
      vertex  7.445580e-001  2.395417e-003  2.370465e-003
    endloop
  endfacet
  facet normal  9.183192e-001  3.958407e-001  -0.000000e+000
    outer loop
      vertex  7.445580e-001  2.395417e-003  2.370465e-003
      vertex  7.421875e-001  7.894737e-003  1.093750e-001
      vertex  7.445580e-001  2.395417e-003  1.070045e-001
    endloop
  endfacet
  facet normal  0.000000e+000  0.000000e+000  1.000000e+000
    outer loop
      vertex  0.000000e+000  0.000000e+000  1.093750e-001
      vertex  7.421875e-001  0.000000e+000  1.093750e-001
      vertex  0.000000e+000  7.894737e-003  1.093750e-001
    endloop
  endfacet
  facet normal  -0.000000e+000  0.000000e+000  1.000000e+000
    outer loop
      vertex  0.000000e+000  7.894737e-003  1.093750e-001
      vertex  7.421875e-001  0.000000e+000  1.093750e-001
      vertex  7.421875e-001  7.894737e-003  1.093750e-001
    endloop
  endfacet
endsolid CATIA STL
