solid CATIA STL
  facet normal  0.000000e+000  0.000000e+000  1.000000e+000
    outer loop
      vertex -7.500000e-001 -7.500000e-001  7.500000e-001
      vertex  5.859375e-001 -7.500000e-001  7.500000e-001
      vertex -7.500000e-001  7.500000e-001  7.500000e-001
    endloop
  endfacet
  facet normal  -0.000000e+000  0.000000e+000  1.000000e+000
    outer loop
      vertex -7.500000e-001  7.500000e-001  7.500000e-001
      vertex  5.859375e-001 -7.500000e-001  7.500000e-001
      vertex  5.859375e-001  7.500000e-001  7.500000e-001
    endloop
  endfacet
  facet normal  0.000000e+000  0.000000e+000 -1.000000e+000
    outer loop
      vertex -7.500000e-001 -7.500000e-001 -7.500000e-001
      vertex -7.500000e-001  7.500000e-001 -7.500000e-001
      vertex  5.859375e-001 -7.500000e-001 -7.500000e-001
    endloop
  endfacet
  facet normal  0.000000e+000  0.000000e+000 -1.000000e+000
    outer loop
      vertex  5.859375e-001 -7.500000e-001 -7.500000e-001
      vertex -7.500000e-001  7.500000e-001 -7.500000e-001
      vertex  5.859375e-001  7.500000e-001 -7.500000e-001
    endloop
  endfacet
  facet normal  0.000000e+000  1.000000e+000  0.000000e+000
    outer loop
      vertex  5.859375e-001  7.500000e-001 -7.500000e-001
      vertex -7.500000e-001  7.500000e-001 -7.500000e-001
      vertex  5.859375e-001  7.500000e-001  7.500000e-001
    endloop
  endfacet
  facet normal  0.000000e+000  1.000000e+000  0.000000e+000
    outer loop
      vertex  5.859375e-001  7.500000e-001  7.500000e-001
      vertex -7.500000e-001  7.500000e-001 -7.500000e-001
      vertex -7.500000e-001  7.500000e-001  7.500000e-001
    endloop
  endfacet
  facet normal  1.000000e+000  0.000000e+000  0.000000e+000
    outer loop
      vertex  7.500000e-001 -6.250000e-001 -6.250000e-001
      vertex  7.500000e-001  6.250000e-001 -6.250000e-001
      vertex  7.500000e-001 -6.250000e-001  6.250000e-001
    endloop
  endfacet
  facet normal  1.000000e+000  -0.000000e+000  0.000000e+000
    outer loop
      vertex  7.500000e-001 -6.250000e-001  6.250000e-001
      vertex  7.500000e-001  6.250000e-001 -6.250000e-001
      vertex  7.500000e-001  6.250000e-001  6.250000e-001
    endloop
  endfacet
  facet normal  0.000000e+000 -1.000000e+000  0.000000e+000
    outer loop
      vertex -7.500000e-001 -7.500000e-001 -7.500000e-001
      vertex  5.859375e-001 -7.500000e-001 -7.500000e-001
      vertex -7.500000e-001 -7.500000e-001  7.500000e-001
    endloop
  endfacet
  facet normal  0.000000e+000 -1.000000e+000  0.000000e+000
    outer loop
      vertex -7.500000e-001 -7.500000e-001  7.500000e-001
      vertex  5.859375e-001 -7.500000e-001 -7.500000e-001
      vertex  5.859375e-001 -7.500000e-001  7.500000e-001
    endloop
  endfacet
  facet normal  6.060432e-001 -7.954318e-001  0.000000e+000
    outer loop
      vertex  5.859375e-001 -7.500000e-001  7.500000e-001
      vertex  5.859375e-001 -7.500000e-001 -7.500000e-001
      vertex  7.500000e-001 -6.250000e-001  6.250000e-001
    endloop
  endfacet
  facet normal  6.060432e-001 -7.954317e-001  0.000000e+000
    outer loop
      vertex  7.500000e-001 -6.250000e-001  6.250000e-001
      vertex  5.859375e-001 -7.500000e-001 -7.500000e-001
      vertex  7.500000e-001 -6.250000e-001 -6.250000e-001
    endloop
  endfacet
  facet normal  6.060432e-001  0.000000e+000 -7.954318e-001
    outer loop
      vertex  5.859375e-001  7.500000e-001 -7.500000e-001
      vertex  7.500000e-001  6.250000e-001 -6.250000e-001
      vertex  5.859375e-001 -7.500000e-001 -7.500000e-001
    endloop
  endfacet
  facet normal  6.060432e-001  0.000000e+000 -7.954317e-001
    outer loop
      vertex  5.859375e-001 -7.500000e-001 -7.500000e-001
      vertex  7.500000e-001  6.250000e-001 -6.250000e-001
      vertex  7.500000e-001 -6.250000e-001 -6.250000e-001
    endloop
  endfacet
  facet normal  6.060432e-001  7.954318e-001  0.000000e+000
    outer loop
      vertex  5.859375e-001  7.500000e-001 -7.500000e-001
      vertex  5.859375e-001  7.500000e-001  7.500000e-001
      vertex  7.500000e-001  6.250000e-001 -6.250000e-001
    endloop
  endfacet
  facet normal  6.060432e-001  7.954317e-001  -0.000000e+000
    outer loop
      vertex  7.500000e-001  6.250000e-001 -6.250000e-001
      vertex  5.859375e-001  7.500000e-001  7.500000e-001
      vertex  7.500000e-001  6.250000e-001  6.250000e-001
    endloop
  endfacet
  facet normal  6.060432e-001  -0.000000e+000  7.954318e-001
    outer loop
      vertex  5.859375e-001  7.500000e-001  7.500000e-001
      vertex  5.859375e-001 -7.500000e-001  7.500000e-001
      vertex  7.500000e-001  6.250000e-001  6.250000e-001
    endloop
  endfacet
  facet normal  6.060432e-001  0.000000e+000  7.954317e-001
    outer loop
      vertex  7.500000e-001  6.250000e-001  6.250000e-001
      vertex  5.859375e-001 -7.500000e-001  7.500000e-001
      vertex  7.500000e-001 -6.250000e-001  6.250000e-001
    endloop
  endfacet
  facet normal -1.000000e+000  0.000000e+000  0.000000e+000
    outer loop
      vertex -7.500000e-001  7.500000e-001 -7.500000e-001
      vertex -7.500000e-001 -7.500000e-001 -7.500000e-001
      vertex -7.500000e-001  7.500000e-001  7.500000e-001
    endloop
  endfacet
  facet normal -1.000000e+000  -0.000000e+000  0.000000e+000
    outer loop
      vertex -7.500000e-001  7.500000e-001  7.500000e-001
      vertex -7.500000e-001 -7.500000e-001 -7.500000e-001
      vertex -7.500000e-001 -7.500000e-001  7.500000e-001
    endloop
  endfacet
endsolid CATIA STL
