solid CATIA STL
  facet normal  0.000000e+000  0.000000e+000 -1.000000e+000
    outer loop
      vertex  7.031250e-002  0.000000e+000  0.000000e+000
      vertex  7.031250e-002  7.500000e-001  0.000000e+000
      vertex  3.789474e-001  0.000000e+000  0.000000e+000
    endloop
  endfacet
  facet normal  0.000000e+000  0.000000e+000 -1.000000e+000
    outer loop
      vertex  3.789474e-001  0.000000e+000  0.000000e+000
      vertex  7.031250e-002  7.500000e-001  0.000000e+000
      vertex  3.789474e-001  7.500000e-001  0.000000e+000
    endloop
  endfacet
  facet normal -1.000000e+000  0.000000e+000  0.000000e+000
    outer loop
      vertex  0.000000e+000  7.500000e-001  1.875000e-001
      vertex  0.000000e+000  7.500000e-001  7.031250e-002
      vertex  0.000000e+000  0.000000e+000  1.875000e-001
    endloop
  endfacet
  facet normal -1.000000e+000  0.000000e+000  0.000000e+000
    outer loop
      vertex  0.000000e+000  0.000000e+000  1.875000e-001
      vertex  0.000000e+000  7.500000e-001  7.031250e-002
      vertex  0.000000e+000  0.000000e+000  7.031250e-002
    endloop
  endfacet
  facet normal  0.000000e+000  1.000000e+000  0.000000e+000
    outer loop
      vertex  0.000000e+000  7.500000e-001  1.875000e-001
      vertex  3.789474e-001  7.500000e-001  1.875000e-001
      vertex  3.789474e-001  7.500000e-001  0.000000e+000
    endloop
  endfacet
  facet normal  0.000000e+000  1.000000e+000  0.000000e+000
    outer loop
      vertex  0.000000e+000  7.500000e-001  1.875000e-001
      vertex  3.789474e-001  7.500000e-001  0.000000e+000
      vertex  7.031250e-002  7.500000e-001  0.000000e+000
    endloop
  endfacet
  facet normal  0.000000e+000  1.000000e+000  0.000000e+000
    outer loop
      vertex  0.000000e+000  7.500000e-001  1.875000e-001
      vertex  7.031250e-002  7.500000e-001  0.000000e+000
      vertex  5.659521e-002  7.500000e-001  1.351035e-003
    endloop
  endfacet
  facet normal  0.000000e+000  1.000000e+000  0.000000e+000
    outer loop
      vertex  0.000000e+000  7.500000e-001  1.875000e-001
      vertex  5.659521e-002  7.500000e-001  1.351035e-003
      vertex  4.340507e-002  7.500000e-001  5.352220e-003
    endloop
  endfacet
  facet normal  0.000000e+000  1.000000e+000  0.000000e+000
    outer loop
      vertex  0.000000e+000  7.500000e-001  1.875000e-001
      vertex  4.340507e-002  7.500000e-001  5.352220e-003
      vertex  3.124897e-002  7.500000e-001  1.184979e-002
    endloop
  endfacet
  facet normal  0.000000e+000  1.000000e+000  0.000000e+000
    outer loop
      vertex  0.000000e+000  7.500000e-001  1.875000e-001
      vertex  3.124897e-002  7.500000e-001  1.184979e-002
      vertex  2.059405e-002  7.500000e-001  2.059405e-002
    endloop
  endfacet
  facet normal  0.000000e+000  1.000000e+000  0.000000e+000
    outer loop
      vertex  0.000000e+000  7.500000e-001  1.875000e-001
      vertex  2.059405e-002  7.500000e-001  2.059405e-002
      vertex  1.184979e-002  7.500000e-001  3.124897e-002
    endloop
  endfacet
  facet normal  0.000000e+000  9.999999e-001  0.000000e+000
    outer loop
      vertex  0.000000e+000  7.500000e-001  1.875000e-001
      vertex  1.184979e-002  7.500000e-001  3.124897e-002
      vertex  5.352220e-003  7.500000e-001  4.340507e-002
    endloop
  endfacet
  facet normal  0.000000e+000  1.000000e+000  0.000000e+000
    outer loop
      vertex  0.000000e+000  7.500000e-001  1.875000e-001
      vertex  5.352220e-003  7.500000e-001  4.340507e-002
      vertex  1.351035e-003  7.500000e-001  5.659521e-002
    endloop
  endfacet
  facet normal  0.000000e+000  9.999999e-001  0.000000e+000
    outer loop
      vertex  0.000000e+000  7.500000e-001  1.875000e-001
      vertex  1.351035e-003  7.500000e-001  5.659521e-002
      vertex  0.000000e+000  7.500000e-001  7.031250e-002
    endloop
  endfacet
  facet normal  0.000000e+000 -9.999999e-001  0.000000e+000
    outer loop
      vertex  0.000000e+000  0.000000e+000  7.031250e-002
      vertex  1.351035e-003  0.000000e+000  5.659521e-002
      vertex  0.000000e+000  0.000000e+000  1.875000e-001
    endloop
  endfacet
  facet normal  0.000000e+000 -1.000000e+000  0.000000e+000
    outer loop
      vertex  7.031250e-002  0.000000e+000  0.000000e+000
      vertex  3.789474e-001  0.000000e+000  0.000000e+000
      vertex  3.789474e-001  0.000000e+000  1.875000e-001
    endloop
  endfacet
  facet normal  -0.000000e+000 -1.000000e+000  0.000000e+000
    outer loop
      vertex  7.031250e-002  0.000000e+000  0.000000e+000
      vertex  3.789474e-001  0.000000e+000  1.875000e-001
      vertex  0.000000e+000  0.000000e+000  1.875000e-001
    endloop
  endfacet
  facet normal  0.000000e+000 -1.000000e+000  0.000000e+000
    outer loop
      vertex  7.031250e-002  0.000000e+000  0.000000e+000
      vertex  0.000000e+000  0.000000e+000  1.875000e-001
      vertex  1.351035e-003  0.000000e+000  5.659521e-002
    endloop
  endfacet
  facet normal  0.000000e+000 -1.000000e+000  0.000000e+000
    outer loop
      vertex  7.031250e-002  0.000000e+000  0.000000e+000
      vertex  1.351035e-003  0.000000e+000  5.659521e-002
      vertex  5.352220e-003  0.000000e+000  4.340507e-002
    endloop
  endfacet
  facet normal  0.000000e+000 -1.000000e+000  0.000000e+000
    outer loop
      vertex  7.031250e-002  0.000000e+000  0.000000e+000
      vertex  5.352220e-003  0.000000e+000  4.340507e-002
      vertex  1.184979e-002  0.000000e+000  3.124897e-002
    endloop
  endfacet
  facet normal  0.000000e+000 -1.000000e+000  0.000000e+000
    outer loop
      vertex  7.031250e-002  0.000000e+000  0.000000e+000
      vertex  1.184979e-002  0.000000e+000  3.124897e-002
      vertex  2.059405e-002  0.000000e+000  2.059405e-002
    endloop
  endfacet
  facet normal  0.000000e+000 -1.000000e+000  0.000000e+000
    outer loop
      vertex  7.031250e-002  0.000000e+000  0.000000e+000
      vertex  2.059405e-002  0.000000e+000  2.059405e-002
      vertex  3.124897e-002  0.000000e+000  1.184979e-002
    endloop
  endfacet
  facet normal  0.000000e+000 -1.000000e+000  0.000000e+000
    outer loop
      vertex  7.031250e-002  0.000000e+000  0.000000e+000
      vertex  3.124897e-002  0.000000e+000  1.184979e-002
      vertex  4.340507e-002  0.000000e+000  5.352220e-003
    endloop
  endfacet
  facet normal  0.000000e+000 -1.000000e+000  0.000000e+000
    outer loop
      vertex  7.031250e-002  0.000000e+000  0.000000e+000
      vertex  4.340507e-002  0.000000e+000  5.352220e-003
      vertex  5.659521e-002  0.000000e+000  1.351035e-003
    endloop
  endfacet
  facet normal -9.801712e-002  0.000000e+000 -9.951847e-001
    outer loop
      vertex  7.031250e-002  7.500000e-001  0.000000e+000
      vertex  7.031250e-002  0.000000e+000  0.000000e+000
      vertex  5.659521e-002  7.500000e-001  1.351035e-003
    endloop
  endfacet
  facet normal -9.801712e-002  -0.000000e+000 -9.951847e-001
    outer loop
      vertex  5.659521e-002  7.500000e-001  1.351035e-003
      vertex  7.031250e-002  0.000000e+000  0.000000e+000
      vertex  5.659521e-002  0.000000e+000  1.351035e-003
    endloop
  endfacet
  facet normal -2.902847e-001  0.000000e+000 -9.569404e-001
    outer loop
      vertex  5.659521e-002  7.500000e-001  1.351035e-003
      vertex  5.659521e-002  0.000000e+000  1.351035e-003
      vertex  4.340507e-002  7.500000e-001  5.352220e-003
    endloop
  endfacet
  facet normal -2.902847e-001  -0.000000e+000 -9.569404e-001
    outer loop
      vertex  4.340507e-002  7.500000e-001  5.352220e-003
      vertex  5.659521e-002  0.000000e+000  1.351035e-003
      vertex  4.340507e-002  0.000000e+000  5.352220e-003
    endloop
  endfacet
  facet normal -4.713967e-001  0.000000e+000 -8.819212e-001
    outer loop
      vertex  4.340507e-002  7.500000e-001  5.352220e-003
      vertex  4.340507e-002  0.000000e+000  5.352220e-003
      vertex  3.124897e-002  7.500000e-001  1.184979e-002
    endloop
  endfacet
  facet normal -4.713967e-001  -0.000000e+000 -8.819212e-001
    outer loop
      vertex  3.124897e-002  7.500000e-001  1.184979e-002
      vertex  4.340507e-002  0.000000e+000  5.352220e-003
      vertex  3.124897e-002  0.000000e+000  1.184979e-002
    endloop
  endfacet
  facet normal -6.343933e-001  0.000000e+000 -7.730104e-001
    outer loop
      vertex  3.124897e-002  7.500000e-001  1.184979e-002
      vertex  3.124897e-002  0.000000e+000  1.184979e-002
      vertex  2.059405e-002  7.500000e-001  2.059405e-002
    endloop
  endfacet
  facet normal -6.343933e-001  -0.000000e+000 -7.730104e-001
    outer loop
      vertex  2.059405e-002  7.500000e-001  2.059405e-002
      vertex  3.124897e-002  0.000000e+000  1.184979e-002
      vertex  2.059405e-002  0.000000e+000  2.059405e-002
    endloop
  endfacet
  facet normal -7.730104e-001  0.000000e+000 -6.343933e-001
    outer loop
      vertex  2.059405e-002  7.500000e-001  2.059405e-002
      vertex  2.059405e-002  0.000000e+000  2.059405e-002
      vertex  1.184979e-002  7.500000e-001  3.124897e-002
    endloop
  endfacet
  facet normal -7.730104e-001  -0.000000e+000 -6.343933e-001
    outer loop
      vertex  1.184979e-002  7.500000e-001  3.124897e-002
      vertex  2.059405e-002  0.000000e+000  2.059405e-002
      vertex  1.184979e-002  0.000000e+000  3.124897e-002
    endloop
  endfacet
  facet normal -8.819212e-001  0.000000e+000 -4.713967e-001
    outer loop
      vertex  1.184979e-002  7.500000e-001  3.124897e-002
      vertex  1.184979e-002  0.000000e+000  3.124897e-002
      vertex  5.352220e-003  7.500000e-001  4.340507e-002
    endloop
  endfacet
  facet normal -8.819212e-001  -0.000000e+000 -4.713967e-001
    outer loop
      vertex  5.352220e-003  7.500000e-001  4.340507e-002
      vertex  1.184979e-002  0.000000e+000  3.124897e-002
      vertex  5.352220e-003  0.000000e+000  4.340507e-002
    endloop
  endfacet
  facet normal -9.569404e-001  0.000000e+000 -2.902847e-001
    outer loop
      vertex  5.352220e-003  7.500000e-001  4.340507e-002
      vertex  5.352220e-003  0.000000e+000  4.340507e-002
      vertex  1.351035e-003  7.500000e-001  5.659521e-002
    endloop
  endfacet
  facet normal -9.569404e-001  -0.000000e+000 -2.902847e-001
    outer loop
      vertex  1.351035e-003  7.500000e-001  5.659521e-002
      vertex  5.352220e-003  0.000000e+000  4.340507e-002
      vertex  1.351035e-003  0.000000e+000  5.659521e-002
    endloop
  endfacet
  facet normal -9.951847e-001  0.000000e+000 -9.801712e-002
    outer loop
      vertex  1.351035e-003  7.500000e-001  5.659521e-002
      vertex  1.351035e-003  0.000000e+000  5.659521e-002
      vertex  0.000000e+000  7.500000e-001  7.031250e-002
    endloop
  endfacet
  facet normal -9.951847e-001  -0.000000e+000 -9.801712e-002
    outer loop
      vertex  0.000000e+000  7.500000e-001  7.031250e-002
      vertex  1.351035e-003  0.000000e+000  5.659521e-002
      vertex  0.000000e+000  0.000000e+000  7.031250e-002
    endloop
  endfacet
  facet normal  0.000000e+000  0.000000e+000  1.000000e+000
    outer loop
      vertex  0.000000e+000  0.000000e+000  1.875000e-001
      vertex  3.789474e-001  0.000000e+000  1.875000e-001
      vertex  0.000000e+000  7.500000e-001  1.875000e-001
    endloop
  endfacet
  facet normal  -0.000000e+000  0.000000e+000  1.000000e+000
    outer loop
      vertex  0.000000e+000  7.500000e-001  1.875000e-001
      vertex  3.789474e-001  0.000000e+000  1.875000e-001
      vertex  3.789474e-001  7.500000e-001  1.875000e-001
    endloop
  endfacet
  facet normal  1.000000e+000  0.000000e+000  0.000000e+000
    outer loop
      vertex  3.789474e-001  0.000000e+000  1.875000e-001
      vertex  3.789474e-001  0.000000e+000  0.000000e+000
      vertex  3.789474e-001  7.500000e-001  1.875000e-001
    endloop
  endfacet
  facet normal  1.000000e+000  0.000000e+000  0.000000e+000
    outer loop
      vertex  3.789474e-001  7.500000e-001  1.875000e-001
      vertex  3.789474e-001  0.000000e+000  0.000000e+000
      vertex  3.789474e-001  7.500000e-001  0.000000e+000
    endloop
  endfacet
endsolid CATIA STL
