solid CATIA STL
  facet normal  -0.000000e+000  -0.000000e+000  1.000000e+000
    outer loop
      vertex -7.500000e-001 -5.703125e-001  3.125000e-002
      vertex -7.465473e-001 -6.053678e-001  3.125000e-002
      vertex -7.363221e-001 -6.390759e-001  3.125000e-002
    endloop
  endfacet
  facet normal  -0.000000e+000  -0.000000e+000  1.000000e+000
    outer loop
      vertex -7.500000e-001 -5.703125e-001  3.125000e-002
      vertex -7.363221e-001 -6.390759e-001  3.125000e-002
      vertex -7.197172e-001 -6.701415e-001  3.125000e-002
    endloop
  endfacet
  facet normal  -0.000000e+000  -0.000000e+000  9.999999e-001
    outer loop
      vertex -7.500000e-001 -5.703125e-001  3.125000e-002
      vertex -7.197172e-001 -6.701415e-001  3.125000e-002
      vertex -6.973708e-001 -6.973708e-001  3.125000e-002
    endloop
  endfacet
  facet normal  -0.000000e+000  -0.000000e+000  1.000000e+000
    outer loop
      vertex -7.500000e-001 -5.703125e-001  3.125000e-002
      vertex -6.973708e-001 -6.973708e-001  3.125000e-002
      vertex -6.701415e-001 -7.197172e-001  3.125000e-002
    endloop
  endfacet
  facet normal  -0.000000e+000  -0.000000e+000  1.000000e+000
    outer loop
      vertex -7.500000e-001 -5.703125e-001  3.125000e-002
      vertex -6.701415e-001 -7.197172e-001  3.125000e-002
      vertex -6.390759e-001 -7.363221e-001  3.125000e-002
    endloop
  endfacet
  facet normal  -0.000000e+000  -0.000000e+000  1.000000e+000
    outer loop
      vertex -7.500000e-001 -5.703125e-001  3.125000e-002
      vertex -6.390759e-001 -7.363221e-001  3.125000e-002
      vertex -6.053678e-001 -7.465473e-001  3.125000e-002
    endloop
  endfacet
  facet normal  -0.000000e+000  -0.000000e+000  1.000000e+000
    outer loop
      vertex -7.500000e-001 -5.703125e-001  3.125000e-002
      vertex -6.053678e-001 -7.465473e-001  3.125000e-002
      vertex -5.703125e-001 -7.500000e-001  3.125000e-002
    endloop
  endfacet
  facet normal  0.000000e+000  -0.000000e+000  1.000000e+000
    outer loop
      vertex -7.500000e-001 -5.703125e-001  3.125000e-002
      vertex -5.703125e-001 -7.500000e-001  3.125000e-002
      vertex  7.500000e-001 -7.500000e-001  3.125000e-002
    endloop
  endfacet
  facet normal  0.000000e+000  -0.000000e+000  1.000000e+000
    outer loop
      vertex -7.500000e-001 -5.703125e-001  3.125000e-002
      vertex  7.500000e-001 -7.500000e-001  3.125000e-002
      vertex  7.500000e-001  7.500000e-001  3.125000e-002
    endloop
  endfacet
  facet normal  0.000000e+000  0.000000e+000  1.000000e+000
    outer loop
      vertex -7.500000e-001 -5.703125e-001  3.125000e-002
      vertex  7.500000e-001  7.500000e-001  3.125000e-002
      vertex -7.500000e-001  7.500000e-001  3.125000e-002
    endloop
  endfacet
  facet normal  0.000000e+000  0.000000e+000 -1.000000e+000
    outer loop
      vertex -7.500000e-001 -5.703125e-001  0.000000e+000
      vertex -7.500000e-001  7.500000e-001  0.000000e+000
      vertex  7.500000e-001  7.500000e-001  0.000000e+000
    endloop
  endfacet
  facet normal  0.000000e+000  -0.000000e+000 -1.000000e+000
    outer loop
      vertex -7.500000e-001 -5.703125e-001  0.000000e+000
      vertex  7.500000e-001  7.500000e-001  0.000000e+000
      vertex  7.500000e-001 -7.500000e-001  0.000000e+000
    endloop
  endfacet
  facet normal  0.000000e+000  0.000000e+000 -1.000000e+000
    outer loop
      vertex -7.500000e-001 -5.703125e-001  0.000000e+000
      vertex  7.500000e-001 -7.500000e-001  0.000000e+000
      vertex -5.703125e-001 -7.500000e-001  0.000000e+000
    endloop
  endfacet
  facet normal  0.000000e+000  0.000000e+000 -1.000000e+000
    outer loop
      vertex -7.500000e-001 -5.703125e-001  0.000000e+000
      vertex -5.703125e-001 -7.500000e-001  0.000000e+000
      vertex -6.053678e-001 -7.465473e-001  0.000000e+000
    endloop
  endfacet
  facet normal  0.000000e+000  0.000000e+000 -1.000000e+000
    outer loop
      vertex -7.500000e-001 -5.703125e-001  0.000000e+000
      vertex -6.053678e-001 -7.465473e-001  0.000000e+000
      vertex -6.390759e-001 -7.363221e-001  0.000000e+000
    endloop
  endfacet
  facet normal  0.000000e+000  0.000000e+000 -1.000000e+000
    outer loop
      vertex -7.500000e-001 -5.703125e-001  0.000000e+000
      vertex -6.390759e-001 -7.363221e-001  0.000000e+000
      vertex -6.701415e-001 -7.197172e-001  0.000000e+000
    endloop
  endfacet
  facet normal  0.000000e+000  0.000000e+000 -1.000000e+000
    outer loop
      vertex -7.500000e-001 -5.703125e-001  0.000000e+000
      vertex -6.701415e-001 -7.197172e-001  0.000000e+000
      vertex -6.973708e-001 -6.973708e-001  0.000000e+000
    endloop
  endfacet
  facet normal  0.000000e+000  0.000000e+000 -9.999999e-001
    outer loop
      vertex -7.500000e-001 -5.703125e-001  0.000000e+000
      vertex -6.973708e-001 -6.973708e-001  0.000000e+000
      vertex -7.197172e-001 -6.701415e-001  0.000000e+000
    endloop
  endfacet
  facet normal  0.000000e+000  0.000000e+000 -1.000000e+000
    outer loop
      vertex -7.500000e-001 -5.703125e-001  0.000000e+000
      vertex -7.197172e-001 -6.701415e-001  0.000000e+000
      vertex -7.363221e-001 -6.390759e-001  0.000000e+000
    endloop
  endfacet
  facet normal  0.000000e+000  0.000000e+000 -1.000000e+000
    outer loop
      vertex -7.500000e-001 -5.703125e-001  0.000000e+000
      vertex -7.363221e-001 -6.390759e-001  0.000000e+000
      vertex -7.465473e-001 -6.053678e-001  0.000000e+000
    endloop
  endfacet
  facet normal -1.000000e+000  0.000000e+000  0.000000e+000
    outer loop
      vertex -7.500000e-001  7.500000e-001  3.125000e-002
      vertex -7.500000e-001  7.500000e-001  0.000000e+000
      vertex -7.500000e-001 -5.703125e-001  3.125000e-002
    endloop
  endfacet
  facet normal -1.000000e+000  0.000000e+000  0.000000e+000
    outer loop
      vertex -7.500000e-001 -5.703125e-001  3.125000e-002
      vertex -7.500000e-001  7.500000e-001  0.000000e+000
      vertex -7.500000e-001 -5.703125e-001  0.000000e+000
    endloop
  endfacet
  facet normal  0.000000e+000 -1.000000e+000  0.000000e+000
    outer loop
      vertex -5.703125e-001 -7.500000e-001  3.125000e-002
      vertex -5.703125e-001 -7.500000e-001  0.000000e+000
      vertex  7.500000e-001 -7.500000e-001  3.125000e-002
    endloop
  endfacet
  facet normal  0.000000e+000 -1.000000e+000  -0.000000e+000
    outer loop
      vertex  7.500000e-001 -7.500000e-001  3.125000e-002
      vertex -5.703125e-001 -7.500000e-001  0.000000e+000
      vertex  7.500000e-001 -7.500000e-001  0.000000e+000
    endloop
  endfacet
  facet normal -9.801756e-002 -9.951847e-001  -0.000000e+000
    outer loop
      vertex -5.703125e-001 -7.500000e-001  0.000000e+000
      vertex -5.703125e-001 -7.500000e-001  3.125000e-002
      vertex -6.053678e-001 -7.465473e-001  0.000000e+000
    endloop
  endfacet
  facet normal -9.801756e-002 -9.951847e-001  0.000000e+000
    outer loop
      vertex -6.053678e-001 -7.465473e-001  0.000000e+000
      vertex -5.703125e-001 -7.500000e-001  3.125000e-002
      vertex -6.053678e-001 -7.465473e-001  3.125000e-002
    endloop
  endfacet
  facet normal -2.902841e-001 -9.569405e-001  -0.000000e+000
    outer loop
      vertex -6.053678e-001 -7.465473e-001  0.000000e+000
      vertex -6.053678e-001 -7.465473e-001  3.125000e-002
      vertex -6.390759e-001 -7.363221e-001  0.000000e+000
    endloop
  endfacet
  facet normal -2.902841e-001 -9.569405e-001  0.000000e+000
    outer loop
      vertex -6.390759e-001 -7.363221e-001  0.000000e+000
      vertex -6.053678e-001 -7.465473e-001  3.125000e-002
      vertex -6.390759e-001 -7.363221e-001  3.125000e-002
    endloop
  endfacet
  facet normal -4.713968e-001 -8.819213e-001  -0.000000e+000
    outer loop
      vertex -6.390759e-001 -7.363221e-001  0.000000e+000
      vertex -6.390759e-001 -7.363221e-001  3.125000e-002
      vertex -6.701415e-001 -7.197172e-001  0.000000e+000
    endloop
  endfacet
  facet normal -4.713968e-001 -8.819213e-001  0.000000e+000
    outer loop
      vertex -6.701415e-001 -7.197172e-001  0.000000e+000
      vertex -6.390759e-001 -7.363221e-001  3.125000e-002
      vertex -6.701415e-001 -7.197172e-001  3.125000e-002
    endloop
  endfacet
  facet normal -6.343928e-001 -7.730109e-001  -0.000000e+000
    outer loop
      vertex -6.701415e-001 -7.197172e-001  0.000000e+000
      vertex -6.701415e-001 -7.197172e-001  3.125000e-002
      vertex -6.973708e-001 -6.973708e-001  0.000000e+000
    endloop
  endfacet
  facet normal -6.343928e-001 -7.730109e-001  0.000000e+000
    outer loop
      vertex -6.973708e-001 -6.973708e-001  0.000000e+000
      vertex -6.701415e-001 -7.197172e-001  3.125000e-002
      vertex -6.973708e-001 -6.973708e-001  3.125000e-002
    endloop
  endfacet
  facet normal -7.730109e-001 -6.343928e-001  -0.000000e+000
    outer loop
      vertex -6.973708e-001 -6.973708e-001  0.000000e+000
      vertex -6.973708e-001 -6.973708e-001  3.125000e-002
      vertex -7.197172e-001 -6.701415e-001  0.000000e+000
    endloop
  endfacet
  facet normal -7.730109e-001 -6.343928e-001  0.000000e+000
    outer loop
      vertex -7.197172e-001 -6.701415e-001  0.000000e+000
      vertex -6.973708e-001 -6.973708e-001  3.125000e-002
      vertex -7.197172e-001 -6.701415e-001  3.125000e-002
    endloop
  endfacet
  facet normal -8.819213e-001 -4.713968e-001  -0.000000e+000
    outer loop
      vertex -7.197172e-001 -6.701415e-001  0.000000e+000
      vertex -7.197172e-001 -6.701415e-001  3.125000e-002
      vertex -7.363221e-001 -6.390759e-001  0.000000e+000
    endloop
  endfacet
  facet normal -8.819213e-001 -4.713968e-001  0.000000e+000
    outer loop
      vertex -7.363221e-001 -6.390759e-001  0.000000e+000
      vertex -7.197172e-001 -6.701415e-001  3.125000e-002
      vertex -7.363221e-001 -6.390759e-001  3.125000e-002
    endloop
  endfacet
  facet normal -9.569405e-001 -2.902841e-001  -0.000000e+000
    outer loop
      vertex -7.363221e-001 -6.390759e-001  0.000000e+000
      vertex -7.363221e-001 -6.390759e-001  3.125000e-002
      vertex -7.465473e-001 -6.053678e-001  0.000000e+000
    endloop
  endfacet
  facet normal -9.569405e-001 -2.902841e-001  0.000000e+000
    outer loop
      vertex -7.465473e-001 -6.053678e-001  0.000000e+000
      vertex -7.363221e-001 -6.390759e-001  3.125000e-002
      vertex -7.465473e-001 -6.053678e-001  3.125000e-002
    endloop
  endfacet
  facet normal -9.951847e-001 -9.801756e-002  -0.000000e+000
    outer loop
      vertex -7.465473e-001 -6.053678e-001  0.000000e+000
      vertex -7.465473e-001 -6.053678e-001  3.125000e-002
      vertex -7.500000e-001 -5.703125e-001  0.000000e+000
    endloop
  endfacet
  facet normal -9.951847e-001 -9.801756e-002  0.000000e+000
    outer loop
      vertex -7.500000e-001 -5.703125e-001  0.000000e+000
      vertex -7.465473e-001 -6.053678e-001  3.125000e-002
      vertex -7.500000e-001 -5.703125e-001  3.125000e-002
    endloop
  endfacet
  facet normal  0.000000e+000  1.000000e+000  -0.000000e+000
    outer loop
      vertex  7.500000e-001  7.500000e-001  3.125000e-002
      vertex  7.500000e-001  7.500000e-001  0.000000e+000
      vertex -7.500000e-001  7.500000e-001  3.125000e-002
    endloop
  endfacet
  facet normal  0.000000e+000  1.000000e+000  0.000000e+000
    outer loop
      vertex -7.500000e-001  7.500000e-001  3.125000e-002
      vertex  7.500000e-001  7.500000e-001  0.000000e+000
      vertex -7.500000e-001  7.500000e-001  0.000000e+000
    endloop
  endfacet
  facet normal  1.000000e+000  0.000000e+000  0.000000e+000
    outer loop
      vertex  7.500000e-001 -7.500000e-001  3.125000e-002
      vertex  7.500000e-001 -7.500000e-001  0.000000e+000
      vertex  7.500000e-001  7.500000e-001  3.125000e-002
    endloop
  endfacet
  facet normal  1.000000e+000  0.000000e+000  0.000000e+000
    outer loop
      vertex  7.500000e-001  7.500000e-001  3.125000e-002
      vertex  7.500000e-001 -7.500000e-001  0.000000e+000
      vertex  7.500000e-001  7.500000e-001  0.000000e+000
    endloop
  endfacet
endsolid CATIA STL
