solid CATIA STL
  facet normal  0.000000e+000  0.000000e+000  1.000000e+000
    outer loop
      vertex  4.531250e-001 -4.687500e-002  7.500000e-001
      vertex  4.531250e-001  2.265625e-001  7.500000e-001
      vertex  0.000000e+000  2.265625e-001  7.500000e-001
    endloop
  endfacet
  facet normal  0.000000e+000  0.000000e+000  9.999999e-001
    outer loop
      vertex  4.531250e-001 -4.687500e-002  7.500000e-001
      vertex  0.000000e+000  2.265625e-001  7.500000e-001
      vertex -4.420015e-002  2.222092e-001  7.500000e-001
    endloop
  endfacet
  facet normal  0.000000e+000  0.000000e+000  1.000000e+000
    outer loop
      vertex  4.531250e-001 -4.687500e-002  7.500000e-001
      vertex -4.420015e-002  2.222092e-001  7.500000e-001
      vertex -8.670171e-002  2.093165e-001  7.500000e-001
    endloop
  endfacet
  facet normal  0.000000e+000  0.000000e+000  1.000000e+000
    outer loop
      vertex  4.531250e-001 -4.687500e-002  7.500000e-001
      vertex -8.670171e-002  2.093165e-001  7.500000e-001
      vertex -1.258714e-001  1.883798e-001  7.500000e-001
    endloop
  endfacet
  facet normal  0.000000e+000  0.000000e+000  1.000000e+000
    outer loop
      vertex  4.531250e-001 -4.687500e-002  7.500000e-001
      vertex -1.258714e-001  1.883798e-001  7.500000e-001
      vertex -1.602039e-001  1.602039e-001  7.500000e-001
    endloop
  endfacet
  facet normal  0.000000e+000  0.000000e+000  1.000000e+000
    outer loop
      vertex  4.531250e-001 -4.687500e-002  7.500000e-001
      vertex -1.602039e-001  1.602039e-001  7.500000e-001
      vertex -1.883798e-001  1.258714e-001  7.500000e-001
    endloop
  endfacet
  facet normal  0.000000e+000  0.000000e+000  9.999999e-001
    outer loop
      vertex  4.531250e-001 -4.687500e-002  7.500000e-001
      vertex -1.883798e-001  1.258714e-001  7.500000e-001
      vertex -2.093165e-001  8.670171e-002  7.500000e-001
    endloop
  endfacet
  facet normal  0.000000e+000  0.000000e+000  1.000000e+000
    outer loop
      vertex  4.531250e-001 -4.687500e-002  7.500000e-001
      vertex -2.093165e-001  8.670171e-002  7.500000e-001
      vertex -2.222092e-001  4.420015e-002  7.500000e-001
    endloop
  endfacet
  facet normal  0.000000e+000  0.000000e+000  9.999999e-001
    outer loop
      vertex  4.531250e-001 -4.687500e-002  7.500000e-001
      vertex -2.222092e-001  4.420015e-002  7.500000e-001
      vertex -2.265625e-001  2.774499e-017  7.500000e-001
    endloop
  endfacet
  facet normal  0.000000e+000  0.000000e+000  1.000000e+000
    outer loop
      vertex  4.531250e-001 -4.687500e-002  7.500000e-001
      vertex -2.265625e-001  2.774499e-017  7.500000e-001
      vertex -2.222092e-001 -4.420015e-002  7.500000e-001
    endloop
  endfacet
  facet normal  0.000000e+000  0.000000e+000  1.000000e+000
    outer loop
      vertex  4.531250e-001 -4.687500e-002  7.500000e-001
      vertex -2.222092e-001 -4.420015e-002  7.500000e-001
      vertex -2.093165e-001 -8.670171e-002  7.500000e-001
    endloop
  endfacet
  facet normal  -0.000000e+000  0.000000e+000  9.999999e-001
    outer loop
      vertex  4.531250e-001 -4.687500e-002  7.500000e-001
      vertex -2.093165e-001 -8.670171e-002  7.500000e-001
      vertex -1.883798e-001 -1.258714e-001  7.500000e-001
    endloop
  endfacet
  facet normal  -0.000000e+000  0.000000e+000  9.999999e-001
    outer loop
      vertex  4.531250e-001 -4.687500e-002  7.500000e-001
      vertex -1.883798e-001 -1.258714e-001  7.500000e-001
      vertex -1.602039e-001 -1.602039e-001  7.500000e-001
    endloop
  endfacet
  facet normal  -0.000000e+000  0.000000e+000  1.000000e+000
    outer loop
      vertex  4.531250e-001 -4.687500e-002  7.500000e-001
      vertex -1.602039e-001 -1.602039e-001  7.500000e-001
      vertex -1.258714e-001 -1.883798e-001  7.500000e-001
    endloop
  endfacet
  facet normal  -0.000000e+000  0.000000e+000  1.000000e+000
    outer loop
      vertex  4.531250e-001 -4.687500e-002  7.500000e-001
      vertex -1.258714e-001 -1.883798e-001  7.500000e-001
      vertex -8.670171e-002 -2.093165e-001  7.500000e-001
    endloop
  endfacet
  facet normal  -0.000000e+000  0.000000e+000  1.000000e+000
    outer loop
      vertex  4.531250e-001 -4.687500e-002  7.500000e-001
      vertex -8.670171e-002 -2.093165e-001  7.500000e-001
      vertex -4.420015e-002 -2.222092e-001  7.500000e-001
    endloop
  endfacet
  facet normal  -0.000000e+000  0.000000e+000  1.000000e+000
    outer loop
      vertex  4.531250e-001 -4.687500e-002  7.500000e-001
      vertex -4.420015e-002 -2.222092e-001  7.500000e-001
      vertex  0.000000e+000 -2.265625e-001  7.500000e-001
    endloop
  endfacet
  facet normal  0.000000e+000  0.000000e+000  1.000000e+000
    outer loop
      vertex  4.531250e-001 -4.687500e-002  7.500000e-001
      vertex  0.000000e+000 -2.265625e-001  7.500000e-001
      vertex  3.203125e-001 -2.265625e-001  7.500000e-001
    endloop
  endfacet
  facet normal  0.000000e+000  0.000000e+000 -1.000000e+000
    outer loop
      vertex  4.531250e-001 -4.687500e-002  0.000000e+000
      vertex  3.203125e-001 -2.265625e-001  0.000000e+000
      vertex  0.000000e+000 -2.265625e-001  0.000000e+000
    endloop
  endfacet
  facet normal  0.000000e+000  0.000000e+000 -1.000000e+000
    outer loop
      vertex  4.531250e-001 -4.687500e-002  0.000000e+000
      vertex  0.000000e+000 -2.265625e-001  0.000000e+000
      vertex -4.420015e-002 -2.222092e-001  0.000000e+000
    endloop
  endfacet
  facet normal  0.000000e+000  0.000000e+000 -1.000000e+000
    outer loop
      vertex  4.531250e-001 -4.687500e-002  0.000000e+000
      vertex -4.420015e-002 -2.222092e-001  0.000000e+000
      vertex -8.670171e-002 -2.093165e-001  0.000000e+000
    endloop
  endfacet
  facet normal  0.000000e+000  0.000000e+000 -1.000000e+000
    outer loop
      vertex  4.531250e-001 -4.687500e-002  0.000000e+000
      vertex -8.670171e-002 -2.093165e-001  0.000000e+000
      vertex -1.258714e-001 -1.883798e-001  0.000000e+000
    endloop
  endfacet
  facet normal  0.000000e+000  0.000000e+000 -1.000000e+000
    outer loop
      vertex  4.531250e-001 -4.687500e-002  0.000000e+000
      vertex -1.258714e-001 -1.883798e-001  0.000000e+000
      vertex -1.602039e-001 -1.602039e-001  0.000000e+000
    endloop
  endfacet
  facet normal  0.000000e+000  0.000000e+000 -9.999999e-001
    outer loop
      vertex  4.531250e-001 -4.687500e-002  0.000000e+000
      vertex -1.602039e-001 -1.602039e-001  0.000000e+000
      vertex -1.883798e-001 -1.258714e-001  0.000000e+000
    endloop
  endfacet
  facet normal  0.000000e+000  0.000000e+000 -1.000000e+000
    outer loop
      vertex  4.531250e-001 -4.687500e-002  0.000000e+000
      vertex -1.883798e-001 -1.258714e-001  0.000000e+000
      vertex -2.093165e-001 -8.670171e-002  0.000000e+000
    endloop
  endfacet
  facet normal  0.000000e+000  0.000000e+000 -1.000000e+000
    outer loop
      vertex  4.531250e-001 -4.687500e-002  0.000000e+000
      vertex -2.093165e-001 -8.670171e-002  0.000000e+000
      vertex -2.222092e-001 -4.420015e-002  0.000000e+000
    endloop
  endfacet
  facet normal  0.000000e+000  0.000000e+000 -1.000000e+000
    outer loop
      vertex  4.531250e-001 -4.687500e-002  0.000000e+000
      vertex -2.222092e-001 -4.420015e-002  0.000000e+000
      vertex -2.265625e-001  2.774499e-017  0.000000e+000
    endloop
  endfacet
  facet normal  0.000000e+000  0.000000e+000 -9.999999e-001
    outer loop
      vertex  4.531250e-001 -4.687500e-002  0.000000e+000
      vertex -2.265625e-001  2.774499e-017  0.000000e+000
      vertex -2.222092e-001  4.420015e-002  0.000000e+000
    endloop
  endfacet
  facet normal  0.000000e+000  0.000000e+000 -1.000000e+000
    outer loop
      vertex  4.531250e-001 -4.687500e-002  0.000000e+000
      vertex -2.222092e-001  4.420015e-002  0.000000e+000
      vertex -2.093165e-001  8.670171e-002  0.000000e+000
    endloop
  endfacet
  facet normal  0.000000e+000  0.000000e+000 -1.000000e+000
    outer loop
      vertex  4.531250e-001 -4.687500e-002  0.000000e+000
      vertex -2.093165e-001  8.670171e-002  0.000000e+000
      vertex -1.883798e-001  1.258714e-001  0.000000e+000
    endloop
  endfacet
  facet normal  0.000000e+000  0.000000e+000 -1.000000e+000
    outer loop
      vertex  4.531250e-001 -4.687500e-002  0.000000e+000
      vertex -1.883798e-001  1.258714e-001  0.000000e+000
      vertex -1.602039e-001  1.602039e-001  0.000000e+000
    endloop
  endfacet
  facet normal  0.000000e+000  0.000000e+000 -1.000000e+000
    outer loop
      vertex  4.531250e-001 -4.687500e-002  0.000000e+000
      vertex -1.602039e-001  1.602039e-001  0.000000e+000
      vertex -1.258714e-001  1.883798e-001  0.000000e+000
    endloop
  endfacet
  facet normal  0.000000e+000  0.000000e+000 -1.000000e+000
    outer loop
      vertex  4.531250e-001 -4.687500e-002  0.000000e+000
      vertex -1.258714e-001  1.883798e-001  0.000000e+000
      vertex -8.670171e-002  2.093165e-001  0.000000e+000
    endloop
  endfacet
  facet normal  0.000000e+000  0.000000e+000 -1.000000e+000
    outer loop
      vertex  4.531250e-001 -4.687500e-002  0.000000e+000
      vertex -8.670171e-002  2.093165e-001  0.000000e+000
      vertex -4.420015e-002  2.222092e-001  0.000000e+000
    endloop
  endfacet
  facet normal  0.000000e+000  0.000000e+000 -1.000000e+000
    outer loop
      vertex  4.531250e-001 -4.687500e-002  0.000000e+000
      vertex -4.420015e-002  2.222092e-001  0.000000e+000
      vertex  0.000000e+000  2.265625e-001  0.000000e+000
    endloop
  endfacet
  facet normal  0.000000e+000  0.000000e+000 -1.000000e+000
    outer loop
      vertex  4.531250e-001 -4.687500e-002  0.000000e+000
      vertex  0.000000e+000  2.265625e-001  0.000000e+000
      vertex  4.531250e-001  2.265625e-001  0.000000e+000
    endloop
  endfacet
  facet normal  1.000000e+000  0.000000e+000  0.000000e+000
    outer loop
      vertex  4.531250e-001 -4.687500e-002  0.000000e+000
      vertex  4.531250e-001  2.265625e-001  0.000000e+000
      vertex  4.531250e-001 -4.687500e-002  7.500000e-001
    endloop
  endfacet
  facet normal  1.000000e+000  -0.000000e+000  0.000000e+000
    outer loop
      vertex  4.531250e-001 -4.687500e-002  7.500000e-001
      vertex  4.531250e-001  2.265625e-001  0.000000e+000
      vertex  4.531250e-001  2.265625e-001  7.500000e-001
    endloop
  endfacet
  facet normal  0.000000e+000 -9.999999e-001  0.000000e+000
    outer loop
      vertex  0.000000e+000 -2.265625e-001  0.000000e+000
      vertex  3.203125e-001 -2.265625e-001  0.000000e+000
      vertex  0.000000e+000 -2.265625e-001  7.500000e-001
    endloop
  endfacet
  facet normal  0.000000e+000 -9.999999e-001  0.000000e+000
    outer loop
      vertex  0.000000e+000 -2.265625e-001  7.500000e-001
      vertex  3.203125e-001 -2.265625e-001  0.000000e+000
      vertex  3.203125e-001 -2.265625e-001  7.500000e-001
    endloop
  endfacet
  facet normal  8.041761e-001 -5.943910e-001  0.000000e+000
    outer loop
      vertex  3.203125e-001 -2.265625e-001  7.500000e-001
      vertex  3.203125e-001 -2.265625e-001  0.000000e+000
      vertex  4.531250e-001 -4.687500e-002  7.500000e-001
    endloop
  endfacet
  facet normal  8.041761e-001 -5.943910e-001  0.000000e+000
    outer loop
      vertex  4.531250e-001 -4.687500e-002  7.500000e-001
      vertex  3.203125e-001 -2.265625e-001  0.000000e+000
      vertex  4.531250e-001 -4.687500e-002  0.000000e+000
    endloop
  endfacet
  facet normal -9.801701e-002 -9.951847e-001  -0.000000e+000
    outer loop
      vertex  0.000000e+000 -2.265625e-001  0.000000e+000
      vertex  0.000000e+000 -2.265625e-001  7.500000e-001
      vertex -4.420015e-002 -2.222092e-001  0.000000e+000
    endloop
  endfacet
  facet normal -9.801701e-002 -9.951847e-001  0.000000e+000
    outer loop
      vertex -4.420015e-002 -2.222092e-001  0.000000e+000
      vertex  0.000000e+000 -2.265625e-001  7.500000e-001
      vertex -4.420015e-002 -2.222092e-001  7.500000e-001
    endloop
  endfacet
  facet normal -2.902847e-001 -9.569404e-001  -0.000000e+000
    outer loop
      vertex -4.420015e-002 -2.222092e-001  0.000000e+000
      vertex -4.420015e-002 -2.222092e-001  7.500000e-001
      vertex -8.670171e-002 -2.093165e-001  0.000000e+000
    endloop
  endfacet
  facet normal -2.902847e-001 -9.569404e-001  0.000000e+000
    outer loop
      vertex -8.670171e-002 -2.093165e-001  0.000000e+000
      vertex -4.420015e-002 -2.222092e-001  7.500000e-001
      vertex -8.670171e-002 -2.093165e-001  7.500000e-001
    endloop
  endfacet
  facet normal -4.713968e-001 -8.819212e-001  -0.000000e+000
    outer loop
      vertex -8.670171e-002 -2.093165e-001  0.000000e+000
      vertex -8.670171e-002 -2.093165e-001  7.500000e-001
      vertex -1.258714e-001 -1.883798e-001  0.000000e+000
    endloop
  endfacet
  facet normal -4.713968e-001 -8.819212e-001  0.000000e+000
    outer loop
      vertex -1.258714e-001 -1.883798e-001  0.000000e+000
      vertex -8.670171e-002 -2.093165e-001  7.500000e-001
      vertex -1.258714e-001 -1.883798e-001  7.500000e-001
    endloop
  endfacet
  facet normal -6.343935e-001 -7.730103e-001  -0.000000e+000
    outer loop
      vertex -1.258714e-001 -1.883798e-001  0.000000e+000
      vertex -1.258714e-001 -1.883798e-001  7.500000e-001
      vertex -1.602039e-001 -1.602039e-001  0.000000e+000
    endloop
  endfacet
  facet normal -6.343935e-001 -7.730103e-001  0.000000e+000
    outer loop
      vertex -1.602039e-001 -1.602039e-001  0.000000e+000
      vertex -1.258714e-001 -1.883798e-001  7.500000e-001
      vertex -1.602039e-001 -1.602039e-001  7.500000e-001
    endloop
  endfacet
  facet normal -7.730103e-001 -6.343935e-001  -0.000000e+000
    outer loop
      vertex -1.602039e-001 -1.602039e-001  0.000000e+000
      vertex -1.602039e-001 -1.602039e-001  7.500000e-001
      vertex -1.883798e-001 -1.258714e-001  0.000000e+000
    endloop
  endfacet
  facet normal -7.730103e-001 -6.343935e-001  0.000000e+000
    outer loop
      vertex -1.883798e-001 -1.258714e-001  0.000000e+000
      vertex -1.602039e-001 -1.602039e-001  7.500000e-001
      vertex -1.883798e-001 -1.258714e-001  7.500000e-001
    endloop
  endfacet
  facet normal -8.819212e-001 -4.713968e-001  -0.000000e+000
    outer loop
      vertex -1.883798e-001 -1.258714e-001  0.000000e+000
      vertex -1.883798e-001 -1.258714e-001  7.500000e-001
      vertex -2.093165e-001 -8.670171e-002  0.000000e+000
    endloop
  endfacet
  facet normal -8.819212e-001 -4.713968e-001  0.000000e+000
    outer loop
      vertex -2.093165e-001 -8.670171e-002  0.000000e+000
      vertex -1.883798e-001 -1.258714e-001  7.500000e-001
      vertex -2.093165e-001 -8.670171e-002  7.500000e-001
    endloop
  endfacet
  facet normal -9.569404e-001 -2.902847e-001  -0.000000e+000
    outer loop
      vertex -2.093165e-001 -8.670171e-002  0.000000e+000
      vertex -2.093165e-001 -8.670171e-002  7.500000e-001
      vertex -2.222092e-001 -4.420015e-002  0.000000e+000
    endloop
  endfacet
  facet normal -9.569404e-001 -2.902847e-001  0.000000e+000
    outer loop
      vertex -2.222092e-001 -4.420015e-002  0.000000e+000
      vertex -2.093165e-001 -8.670171e-002  7.500000e-001
      vertex -2.222092e-001 -4.420015e-002  7.500000e-001
    endloop
  endfacet
  facet normal -9.951847e-001 -9.801701e-002  -0.000000e+000
    outer loop
      vertex -2.222092e-001 -4.420015e-002  0.000000e+000
      vertex -2.222092e-001 -4.420015e-002  7.500000e-001
      vertex -2.265625e-001  2.774499e-017  0.000000e+000
    endloop
  endfacet
  facet normal -9.951847e-001 -9.801701e-002  0.000000e+000
    outer loop
      vertex -2.265625e-001  2.774499e-017  0.000000e+000
      vertex -2.222092e-001 -4.420015e-002  7.500000e-001
      vertex -2.265625e-001  2.774499e-017  7.500000e-001
    endloop
  endfacet
  facet normal -9.951847e-001  9.801701e-002  0.000000e+000
    outer loop
      vertex -2.265625e-001  2.774499e-017  0.000000e+000
      vertex -2.265625e-001  2.774499e-017  7.500000e-001
      vertex -2.222092e-001  4.420015e-002  0.000000e+000
    endloop
  endfacet
  facet normal -9.951847e-001  9.801701e-002  0.000000e+000
    outer loop
      vertex -2.222092e-001  4.420015e-002  0.000000e+000
      vertex -2.265625e-001  2.774499e-017  7.500000e-001
      vertex -2.222092e-001  4.420015e-002  7.500000e-001
    endloop
  endfacet
  facet normal -9.569404e-001  2.902847e-001  0.000000e+000
    outer loop
      vertex -2.222092e-001  4.420015e-002  0.000000e+000
      vertex -2.222092e-001  4.420015e-002  7.500000e-001
      vertex -2.093165e-001  8.670171e-002  0.000000e+000
    endloop
  endfacet
  facet normal -9.569404e-001  2.902847e-001  0.000000e+000
    outer loop
      vertex -2.093165e-001  8.670171e-002  0.000000e+000
      vertex -2.222092e-001  4.420015e-002  7.500000e-001
      vertex -2.093165e-001  8.670171e-002  7.500000e-001
    endloop
  endfacet
  facet normal -8.819212e-001  4.713968e-001  0.000000e+000
    outer loop
      vertex -2.093165e-001  8.670171e-002  0.000000e+000
      vertex -2.093165e-001  8.670171e-002  7.500000e-001
      vertex -1.883798e-001  1.258714e-001  0.000000e+000
    endloop
  endfacet
  facet normal -8.819212e-001  4.713968e-001  0.000000e+000
    outer loop
      vertex -1.883798e-001  1.258714e-001  0.000000e+000
      vertex -2.093165e-001  8.670171e-002  7.500000e-001
      vertex -1.883798e-001  1.258714e-001  7.500000e-001
    endloop
  endfacet
  facet normal -7.730103e-001  6.343935e-001  0.000000e+000
    outer loop
      vertex -1.883798e-001  1.258714e-001  0.000000e+000
      vertex -1.883798e-001  1.258714e-001  7.500000e-001
      vertex -1.602039e-001  1.602039e-001  0.000000e+000
    endloop
  endfacet
  facet normal -7.730103e-001  6.343935e-001  0.000000e+000
    outer loop
      vertex -1.602039e-001  1.602039e-001  0.000000e+000
      vertex -1.883798e-001  1.258714e-001  7.500000e-001
      vertex -1.602039e-001  1.602039e-001  7.500000e-001
    endloop
  endfacet
  facet normal -6.343935e-001  7.730103e-001  0.000000e+000
    outer loop
      vertex -1.602039e-001  1.602039e-001  0.000000e+000
      vertex -1.602039e-001  1.602039e-001  7.500000e-001
      vertex -1.258714e-001  1.883798e-001  0.000000e+000
    endloop
  endfacet
  facet normal -6.343935e-001  7.730103e-001  0.000000e+000
    outer loop
      vertex -1.258714e-001  1.883798e-001  0.000000e+000
      vertex -1.602039e-001  1.602039e-001  7.500000e-001
      vertex -1.258714e-001  1.883798e-001  7.500000e-001
    endloop
  endfacet
  facet normal -4.713968e-001  8.819212e-001  0.000000e+000
    outer loop
      vertex -1.258714e-001  1.883798e-001  0.000000e+000
      vertex -1.258714e-001  1.883798e-001  7.500000e-001
      vertex -8.670171e-002  2.093165e-001  0.000000e+000
    endloop
  endfacet
  facet normal -4.713968e-001  8.819212e-001  0.000000e+000
    outer loop
      vertex -8.670171e-002  2.093165e-001  0.000000e+000
      vertex -1.258714e-001  1.883798e-001  7.500000e-001
      vertex -8.670171e-002  2.093165e-001  7.500000e-001
    endloop
  endfacet
  facet normal -2.902847e-001  9.569404e-001  0.000000e+000
    outer loop
      vertex -8.670171e-002  2.093165e-001  0.000000e+000
      vertex -8.670171e-002  2.093165e-001  7.500000e-001
      vertex -4.420015e-002  2.222092e-001  0.000000e+000
    endloop
  endfacet
  facet normal -2.902847e-001  9.569404e-001  0.000000e+000
    outer loop
      vertex -4.420015e-002  2.222092e-001  0.000000e+000
      vertex -8.670171e-002  2.093165e-001  7.500000e-001
      vertex -4.420015e-002  2.222092e-001  7.500000e-001
    endloop
  endfacet
  facet normal -9.801701e-002  9.951847e-001  0.000000e+000
    outer loop
      vertex -4.420015e-002  2.222092e-001  0.000000e+000
      vertex -4.420015e-002  2.222092e-001  7.500000e-001
      vertex  0.000000e+000  2.265625e-001  0.000000e+000
    endloop
  endfacet
  facet normal -9.801701e-002  9.951847e-001  0.000000e+000
    outer loop
      vertex  0.000000e+000  2.265625e-001  0.000000e+000
      vertex -4.420015e-002  2.222092e-001  7.500000e-001
      vertex  0.000000e+000  2.265625e-001  7.500000e-001
    endloop
  endfacet
  facet normal  0.000000e+000  1.000000e+000  0.000000e+000
    outer loop
      vertex  4.531250e-001  2.265625e-001  0.000000e+000
      vertex  0.000000e+000  2.265625e-001  0.000000e+000
      vertex  4.531250e-001  2.265625e-001  7.500000e-001
    endloop
  endfacet
  facet normal  0.000000e+000  1.000000e+000  0.000000e+000
    outer loop
      vertex  4.531250e-001  2.265625e-001  7.500000e-001
      vertex  0.000000e+000  2.265625e-001  0.000000e+000
      vertex  0.000000e+000  2.265625e-001  7.500000e-001
    endloop
  endfacet
endsolid CATIA STL
