solid CATIA STL
  facet normal  0.000000e+000 -1.000000e+000  0.000000e+000
    outer loop
      vertex  2.746711e-002 -7.500000e-001  1.184211e-002
      vertex  8.190790e-002 -7.500000e-001  1.184211e-002
      vertex  1.303149e-002 -7.500000e-001  2.148768e-002
    endloop
  endfacet
  facet normal  0.000000e+000 -1.000000e+000  0.000000e+000
    outer loop
      vertex  8.190790e-002 -7.500000e-001  8.190790e-002
      vertex  1.184211e-002 -7.500000e-001  8.190790e-002
      vertex  1.184211e-002 -7.500000e-001  2.746711e-002
    endloop
  endfacet
  facet normal  0.000000e+000 -9.999999e-001  0.000000e+000
    outer loop
      vertex  8.190790e-002 -7.500000e-001  8.190790e-002
      vertex  1.184211e-002 -7.500000e-001  2.746711e-002
      vertex  1.214234e-002 -7.500000e-001  2.441882e-002
    endloop
  endfacet
  facet normal  0.000000e+000 -1.000000e+000  0.000000e+000
    outer loop
      vertex  8.190790e-002 -7.500000e-001  8.190790e-002
      vertex  1.214234e-002 -7.500000e-001  2.441882e-002
      vertex  1.303149e-002 -7.500000e-001  2.148768e-002
    endloop
  endfacet
  facet normal  0.000000e+000 -1.000000e+000  0.000000e+000
    outer loop
      vertex  8.190790e-002 -7.500000e-001  8.190790e-002
      vertex  1.303149e-002 -7.500000e-001  2.148768e-002
      vertex  8.190790e-002 -7.500000e-001  1.184211e-002
    endloop
  endfacet
  facet normal  0.000000e+000 -1.000000e+000  0.000000e+000
    outer loop
      vertex  2.441882e-002 -7.500000e-001  1.214234e-002
      vertex  2.746711e-002 -7.500000e-001  1.184211e-002
      vertex  1.303149e-002 -7.500000e-001  2.148768e-002
    endloop
  endfacet
  facet normal  0.000000e+000 -1.000000e+000  0.000000e+000
    outer loop
      vertex  2.441882e-002 -7.500000e-001  1.214234e-002
      vertex  1.303149e-002 -7.500000e-001  2.148768e-002
      vertex  1.447539e-002 -7.500000e-001  1.878632e-002
    endloop
  endfacet
  facet normal  0.000000e+000 -1.000000e+000  0.000000e+000
    outer loop
      vertex  2.441882e-002 -7.500000e-001  1.214234e-002
      vertex  1.447539e-002 -7.500000e-001  1.878632e-002
      vertex  1.641856e-002 -7.500000e-001  1.641856e-002
    endloop
  endfacet
  facet normal  0.000000e+000 -1.000000e+000  0.000000e+000
    outer loop
      vertex  2.441882e-002 -7.500000e-001  1.214234e-002
      vertex  1.641856e-002 -7.500000e-001  1.641856e-002
      vertex  1.878632e-002 -7.500000e-001  1.447539e-002
    endloop
  endfacet
  facet normal  0.000000e+000 -9.999999e-001  0.000000e+000
    outer loop
      vertex  2.441882e-002 -7.500000e-001  1.214234e-002
      vertex  1.878632e-002 -7.500000e-001  1.447539e-002
      vertex  2.148768e-002 -7.500000e-001  1.303149e-002
    endloop
  endfacet
  facet normal  0.000000e+000  1.000000e+000  0.000000e+000
    outer loop
      vertex  1.303149e-002  0.000000e+000  2.148768e-002
      vertex  8.190790e-002  0.000000e+000  1.184211e-002
      vertex  2.746711e-002  0.000000e+000  1.184211e-002
    endloop
  endfacet
  facet normal  0.000000e+000  1.000000e+000  -0.000000e+000
    outer loop
      vertex  8.190790e-002  0.000000e+000  8.190790e-002
      vertex  8.190790e-002  0.000000e+000  1.184211e-002
      vertex  1.303149e-002  0.000000e+000  2.148768e-002
    endloop
  endfacet
  facet normal  0.000000e+000  1.000000e+000  -0.000000e+000
    outer loop
      vertex  8.190790e-002  0.000000e+000  8.190790e-002
      vertex  1.303149e-002  0.000000e+000  2.148768e-002
      vertex  1.214234e-002  0.000000e+000  2.441882e-002
    endloop
  endfacet
  facet normal  0.000000e+000  1.000000e+000  -0.000000e+000
    outer loop
      vertex  8.190790e-002  0.000000e+000  8.190790e-002
      vertex  1.214234e-002  0.000000e+000  2.441882e-002
      vertex  1.184211e-002  0.000000e+000  2.746711e-002
    endloop
  endfacet
  facet normal  0.000000e+000  1.000000e+000  0.000000e+000
    outer loop
      vertex  8.190790e-002  0.000000e+000  8.190790e-002
      vertex  1.184211e-002  0.000000e+000  2.746711e-002
      vertex  1.184211e-002  0.000000e+000  8.190790e-002
    endloop
  endfacet
  facet normal  -0.000000e+000  9.999999e-001  -0.000000e+000
    outer loop
      vertex  2.441882e-002  0.000000e+000  1.214234e-002
      vertex  2.148768e-002  0.000000e+000  1.303149e-002
      vertex  1.878632e-002  0.000000e+000  1.447539e-002
    endloop
  endfacet
  facet normal  -0.000000e+000  1.000000e+000  -0.000000e+000
    outer loop
      vertex  2.441882e-002  0.000000e+000  1.214234e-002
      vertex  1.878632e-002  0.000000e+000  1.447539e-002
      vertex  1.641856e-002  0.000000e+000  1.641856e-002
    endloop
  endfacet
  facet normal  -0.000000e+000  1.000000e+000  -0.000000e+000
    outer loop
      vertex  2.441882e-002  0.000000e+000  1.214234e-002
      vertex  1.641856e-002  0.000000e+000  1.641856e-002
      vertex  1.447539e-002  0.000000e+000  1.878632e-002
    endloop
  endfacet
  facet normal  -0.000000e+000  1.000000e+000  -0.000000e+000
    outer loop
      vertex  2.441882e-002  0.000000e+000  1.214234e-002
      vertex  1.447539e-002  0.000000e+000  1.878632e-002
      vertex  1.303149e-002  0.000000e+000  2.148768e-002
    endloop
  endfacet
  facet normal  0.000000e+000  1.000000e+000  0.000000e+000
    outer loop
      vertex  2.441882e-002  0.000000e+000  1.214234e-002
      vertex  1.303149e-002  0.000000e+000  2.148768e-002
      vertex  2.746711e-002  0.000000e+000  1.184211e-002
    endloop
  endfacet
  facet normal -1.000000e+000  0.000000e+000  0.000000e+000
    outer loop
      vertex  1.184211e-002  0.000000e+000  8.190790e-002
      vertex  1.184211e-002  0.000000e+000  2.746711e-002
      vertex  1.184211e-002 -7.500000e-001  8.190790e-002
    endloop
  endfacet
  facet normal -1.000000e+000  0.000000e+000  0.000000e+000
    outer loop
      vertex  1.184211e-002 -7.500000e-001  8.190790e-002
      vertex  1.184211e-002  0.000000e+000  2.746711e-002
      vertex  1.184211e-002 -7.500000e-001  2.746711e-002
    endloop
  endfacet
  facet normal  -0.000000e+000  0.000000e+000 -1.000000e+000
    outer loop
      vertex  2.746711e-002  0.000000e+000  1.184211e-002
      vertex  8.190790e-002  0.000000e+000  1.184211e-002
      vertex  2.746711e-002 -7.500000e-001  1.184211e-002
    endloop
  endfacet
  facet normal  0.000000e+000  0.000000e+000 -1.000000e+000
    outer loop
      vertex  2.746711e-002 -7.500000e-001  1.184211e-002
      vertex  8.190790e-002  0.000000e+000  1.184211e-002
      vertex  8.190790e-002 -7.500000e-001  1.184211e-002
    endloop
  endfacet
  facet normal -9.801700e-002  0.000000e+000 -9.951847e-001
    outer loop
      vertex  2.746711e-002  0.000000e+000  1.184211e-002
      vertex  2.746711e-002 -7.500000e-001  1.184211e-002
      vertex  2.441882e-002  0.000000e+000  1.214234e-002
    endloop
  endfacet
  facet normal -9.801700e-002  -0.000000e+000 -9.951847e-001
    outer loop
      vertex  2.441882e-002  0.000000e+000  1.214234e-002
      vertex  2.746711e-002 -7.500000e-001  1.184211e-002
      vertex  2.441882e-002 -7.500000e-001  1.214234e-002
    endloop
  endfacet
  facet normal -2.902847e-001  0.000000e+000 -9.569404e-001
    outer loop
      vertex  2.441882e-002  0.000000e+000  1.214234e-002
      vertex  2.441882e-002 -7.500000e-001  1.214234e-002
      vertex  2.148768e-002  0.000000e+000  1.303149e-002
    endloop
  endfacet
  facet normal -2.902847e-001  -0.000000e+000 -9.569404e-001
    outer loop
      vertex  2.148768e-002  0.000000e+000  1.303149e-002
      vertex  2.441882e-002 -7.500000e-001  1.214234e-002
      vertex  2.148768e-002 -7.500000e-001  1.303149e-002
    endloop
  endfacet
  facet normal -4.713966e-001  0.000000e+000 -8.819214e-001
    outer loop
      vertex  2.148768e-002  0.000000e+000  1.303149e-002
      vertex  2.148768e-002 -7.500000e-001  1.303149e-002
      vertex  1.878632e-002  0.000000e+000  1.447539e-002
    endloop
  endfacet
  facet normal -4.713966e-001  -0.000000e+000 -8.819214e-001
    outer loop
      vertex  1.878632e-002  0.000000e+000  1.447539e-002
      vertex  2.148768e-002 -7.500000e-001  1.303149e-002
      vertex  1.878632e-002 -7.500000e-001  1.447539e-002
    endloop
  endfacet
  facet normal -6.343932e-001  0.000000e+000 -7.730105e-001
    outer loop
      vertex  1.878632e-002  0.000000e+000  1.447539e-002
      vertex  1.878632e-002 -7.500000e-001  1.447539e-002
      vertex  1.641856e-002  0.000000e+000  1.641856e-002
    endloop
  endfacet
  facet normal -6.343932e-001  -0.000000e+000 -7.730105e-001
    outer loop
      vertex  1.641856e-002  0.000000e+000  1.641856e-002
      vertex  1.878632e-002 -7.500000e-001  1.447539e-002
      vertex  1.641856e-002 -7.500000e-001  1.641856e-002
    endloop
  endfacet
  facet normal -7.730105e-001  0.000000e+000 -6.343932e-001
    outer loop
      vertex  1.641856e-002  0.000000e+000  1.641856e-002
      vertex  1.641856e-002 -7.500000e-001  1.641856e-002
      vertex  1.447539e-002  0.000000e+000  1.878632e-002
    endloop
  endfacet
  facet normal -7.730105e-001  -0.000000e+000 -6.343932e-001
    outer loop
      vertex  1.447539e-002  0.000000e+000  1.878632e-002
      vertex  1.641856e-002 -7.500000e-001  1.641856e-002
      vertex  1.447539e-002 -7.500000e-001  1.878632e-002
    endloop
  endfacet
  facet normal -8.819214e-001  0.000000e+000 -4.713966e-001
    outer loop
      vertex  1.447539e-002  0.000000e+000  1.878632e-002
      vertex  1.447539e-002 -7.500000e-001  1.878632e-002
      vertex  1.303149e-002  0.000000e+000  2.148768e-002
    endloop
  endfacet
  facet normal -8.819214e-001  -0.000000e+000 -4.713966e-001
    outer loop
      vertex  1.303149e-002  0.000000e+000  2.148768e-002
      vertex  1.447539e-002 -7.500000e-001  1.878632e-002
      vertex  1.303149e-002 -7.500000e-001  2.148768e-002
    endloop
  endfacet
  facet normal -9.569404e-001  0.000000e+000 -2.902847e-001
    outer loop
      vertex  1.303149e-002  0.000000e+000  2.148768e-002
      vertex  1.303149e-002 -7.500000e-001  2.148768e-002
      vertex  1.214234e-002  0.000000e+000  2.441882e-002
    endloop
  endfacet
  facet normal -9.569404e-001  -0.000000e+000 -2.902847e-001
    outer loop
      vertex  1.214234e-002  0.000000e+000  2.441882e-002
      vertex  1.303149e-002 -7.500000e-001  2.148768e-002
      vertex  1.214234e-002 -7.500000e-001  2.441882e-002
    endloop
  endfacet
  facet normal -9.951847e-001  0.000000e+000 -9.801700e-002
    outer loop
      vertex  1.214234e-002  0.000000e+000  2.441882e-002
      vertex  1.214234e-002 -7.500000e-001  2.441882e-002
      vertex  1.184211e-002  0.000000e+000  2.746711e-002
    endloop
  endfacet
  facet normal -9.951847e-001  -0.000000e+000 -9.801700e-002
    outer loop
      vertex  1.184211e-002  0.000000e+000  2.746711e-002
      vertex  1.214234e-002 -7.500000e-001  2.441882e-002
      vertex  1.184211e-002 -7.500000e-001  2.746711e-002
    endloop
  endfacet
  facet normal  -0.000000e+000  0.000000e+000  1.000000e+000
    outer loop
      vertex  8.190790e-002  0.000000e+000  8.190790e-002
      vertex  1.184211e-002  0.000000e+000  8.190790e-002
      vertex  8.190790e-002 -7.500000e-001  8.190790e-002
    endloop
  endfacet
  facet normal  0.000000e+000  0.000000e+000  1.000000e+000
    outer loop
      vertex  8.190790e-002 -7.500000e-001  8.190790e-002
      vertex  1.184211e-002  0.000000e+000  8.190790e-002
      vertex  1.184211e-002 -7.500000e-001  8.190790e-002
    endloop
  endfacet
  facet normal  1.000000e+000  0.000000e+000  0.000000e+000
    outer loop
      vertex  8.190790e-002  0.000000e+000  1.184211e-002
      vertex  8.190790e-002  0.000000e+000  8.190790e-002
      vertex  8.190790e-002 -7.500000e-001  1.184211e-002
    endloop
  endfacet
  facet normal  1.000000e+000  0.000000e+000  0.000000e+000
    outer loop
      vertex  8.190790e-002 -7.500000e-001  1.184211e-002
      vertex  8.190790e-002  0.000000e+000  8.190790e-002
      vertex  8.190790e-002 -7.500000e-001  8.190790e-002
    endloop
  endfacet
endsolid CATIA STL
