solid CATIA STL
  facet normal -7.071071e-001 -7.071065e-001  0.000000e+000
    outer loop
      vertex -1.463816e-002 -7.812500e-003  7.500000e-001
      vertex -1.463816e-002 -7.812500e-003  7.421875e-001
      vertex -1.365132e-002 -8.799342e-003  7.500000e-001
    endloop
  endfacet
  facet normal -7.071071e-001 -7.071065e-001  -0.000000e+000
    outer loop
      vertex -1.365132e-002 -8.799342e-003  7.500000e-001
      vertex -1.463816e-002 -7.812500e-003  7.421875e-001
      vertex -1.365132e-002 -8.799342e-003  7.421875e-001
    endloop
  endfacet
  facet normal -7.071071e-001 -7.071065e-001  0.000000e+000
    outer loop
      vertex -1.463816e-002 -7.812500e-003  7.812500e-003
      vertex -1.463816e-002 -7.812500e-003  0.000000e+000
      vertex -1.365132e-002 -8.799342e-003  7.812500e-003
    endloop
  endfacet
  facet normal -7.071071e-001 -7.071065e-001  -0.000000e+000
    outer loop
      vertex -1.365132e-002 -8.799342e-003  7.812500e-003
      vertex -1.463816e-002 -7.812500e-003  0.000000e+000
      vertex -1.365132e-002 -8.799342e-003  0.000000e+000
    endloop
  endfacet
  facet normal -7.071068e-001  7.071068e-001  0.000000e+000
    outer loop
      vertex  5.838816e-003 -8.799342e-003  7.500000e-001
      vertex  6.825658e-003 -7.812500e-003  7.421875e-001
      vertex  5.838816e-003 -8.799342e-003  7.421875e-001
    endloop
  endfacet
  facet normal  7.071071e-001  7.071065e-001  0.000000e+000
    outer loop
      vertex -1.463816e-002 -7.812500e-003  7.421875e-001
      vertex -1.365132e-002 -8.799342e-003  7.500000e-001
      vertex -1.365132e-002 -8.799342e-003  7.421875e-001
    endloop
  endfacet
  facet normal  0.000000e+000 -9.921165e-001 -1.253200e-001
    outer loop
      vertex -1.365132e-002 -8.799342e-003  7.500000e-001
      vertex -1.463816e-002 -7.812500e-003  7.421875e-001
      vertex  5.838816e-003 -8.799342e-003  7.500000e-001
    endloop
  endfacet
  facet normal  0.000000e+000 -9.921165e-001 -1.253200e-001
    outer loop
      vertex  6.825658e-003 -7.812500e-003  7.421875e-001
      vertex  5.838816e-003 -8.799342e-003  7.500000e-001
      vertex -1.463816e-002 -7.812500e-003  7.421875e-001
    endloop
  endfacet
  facet normal  0.000000e+000 -9.921165e-001  1.253200e-001
    outer loop
      vertex  5.838816e-003 -8.799342e-003  0.000000e+000
      vertex  6.825658e-003 -7.812500e-003  7.812500e-003
      vertex -1.463816e-002 -7.812500e-003  7.812500e-003
    endloop
  endfacet
  facet normal -7.071068e-001  7.071068e-001  0.000000e+000
    outer loop
      vertex  6.825658e-003 -7.812500e-003  7.812500e-003
      vertex  5.838816e-003 -8.799342e-003  0.000000e+000
      vertex  5.838816e-003 -8.799342e-003  7.812500e-003
    endloop
  endfacet
  facet normal  0.000000e+000 -9.921165e-001  1.253200e-001
    outer loop
      vertex  5.838816e-003 -8.799342e-003  0.000000e+000
      vertex -1.463816e-002 -7.812500e-003  7.812500e-003
      vertex -1.365132e-002 -8.799342e-003  0.000000e+000
    endloop
  endfacet
  facet normal  7.071071e-001  7.071065e-001  0.000000e+000
    outer loop
      vertex -1.365132e-002 -8.799342e-003  0.000000e+000
      vertex -1.463816e-002 -7.812500e-003  7.812500e-003
      vertex -1.365132e-002 -8.799342e-003  7.812500e-003
    endloop
  endfacet
  facet normal  7.071068e-001 -7.071068e-001  0.000000e+000
    outer loop
      vertex  5.838816e-003 -8.799342e-003  7.500000e-001
      vertex  5.838816e-003 -8.799342e-003  7.421875e-001
      vertex  6.825658e-003 -7.812500e-003  7.500000e-001
    endloop
  endfacet
  facet normal  7.071068e-001 -7.071068e-001  0.000000e+000
    outer loop
      vertex  6.825658e-003 -7.812500e-003  7.500000e-001
      vertex  5.838816e-003 -8.799342e-003  7.421875e-001
      vertex  6.825658e-003 -7.812500e-003  7.421875e-001
    endloop
  endfacet
  facet normal  7.071068e-001 -7.071068e-001  0.000000e+000
    outer loop
      vertex  5.838816e-003 -8.799342e-003  7.812500e-003
      vertex  5.838816e-003 -8.799342e-003  0.000000e+000
      vertex  6.825658e-003 -7.812500e-003  7.812500e-003
    endloop
  endfacet
  facet normal  7.071068e-001 -7.071068e-001  0.000000e+000
    outer loop
      vertex  6.825658e-003 -7.812500e-003  7.812500e-003
      vertex  5.838816e-003 -8.799342e-003  0.000000e+000
      vertex  6.825658e-003 -7.812500e-003  0.000000e+000
    endloop
  endfacet
  facet normal  1.000000e+000  0.000000e+000  0.000000e+000
    outer loop
      vertex  6.825658e-003 -7.812500e-003  7.421875e-001
      vertex  6.825658e-003  1.192434e-002  7.421875e-001
      vertex  6.825658e-003 -7.812500e-003  7.500000e-001
    endloop
  endfacet
  facet normal  1.000000e+000  -0.000000e+000  0.000000e+000
    outer loop
      vertex  6.825658e-003 -7.812500e-003  7.500000e-001
      vertex  6.825658e-003  1.192434e-002  7.421875e-001
      vertex  6.825658e-003  1.192434e-002  7.500000e-001
    endloop
  endfacet
  facet normal  1.000000e+000  0.000000e+000  0.000000e+000
    outer loop
      vertex  6.825658e-003 -7.812500e-003  0.000000e+000
      vertex  6.825658e-003  1.192434e-002  0.000000e+000
      vertex  6.825658e-003 -7.812500e-003  7.812500e-003
    endloop
  endfacet
  facet normal  1.000000e+000  -0.000000e+000  0.000000e+000
    outer loop
      vertex  6.825658e-003 -7.812500e-003  7.812500e-003
      vertex  6.825658e-003  1.192434e-002  0.000000e+000
      vertex  6.825658e-003  1.192434e-002  7.812500e-003
    endloop
  endfacet
  facet normal  7.071065e-001  7.071071e-001  -0.000000e+000
    outer loop
      vertex  6.825658e-003  1.192434e-002  7.500000e-001
      vertex  6.825658e-003  1.192434e-002  7.421875e-001
      vertex  5.838816e-003  1.291118e-002  7.500000e-001
    endloop
  endfacet
  facet normal  7.071065e-001  7.071071e-001  0.000000e+000
    outer loop
      vertex  5.838816e-003  1.291118e-002  7.500000e-001
      vertex  6.825658e-003  1.192434e-002  7.421875e-001
      vertex  5.838816e-003  1.291118e-002  7.421875e-001
    endloop
  endfacet
  facet normal  7.071065e-001  7.071071e-001  -0.000000e+000
    outer loop
      vertex  6.825658e-003  1.192434e-002  7.812500e-003
      vertex  6.825658e-003  1.192434e-002  0.000000e+000
      vertex  5.838816e-003  1.291118e-002  7.812500e-003
    endloop
  endfacet
  facet normal  7.071065e-001  7.071071e-001  0.000000e+000
    outer loop
      vertex  5.838816e-003  1.291118e-002  7.812500e-003
      vertex  6.825658e-003  1.192434e-002  0.000000e+000
      vertex  5.838816e-003  1.291118e-002  0.000000e+000
    endloop
  endfacet
  facet normal  0.000000e+000  9.921165e-001 -1.253199e-001
    outer loop
      vertex  5.838816e-003  1.291118e-002  7.500000e-001
      vertex  6.825658e-003  1.192434e-002  7.421875e-001
      vertex -1.463816e-002  1.192434e-002  7.421875e-001
    endloop
  endfacet
  facet normal -7.071065e-001 -7.071071e-001  -0.000000e+000
    outer loop
      vertex  6.825658e-003  1.192434e-002  7.421875e-001
      vertex  5.838816e-003  1.291118e-002  7.500000e-001
      vertex  5.838816e-003  1.291118e-002  7.421875e-001
    endloop
  endfacet
  facet normal  0.000000e+000  9.921165e-001 -1.253199e-001
    outer loop
      vertex  5.838816e-003  1.291118e-002  7.500000e-001
      vertex -1.463816e-002  1.192434e-002  7.421875e-001
      vertex -1.365132e-002  1.291118e-002  7.500000e-001
    endloop
  endfacet
  facet normal  7.071068e-001 -7.071068e-001  0.000000e+000
    outer loop
      vertex -1.365132e-002  1.291118e-002  7.500000e-001
      vertex -1.463816e-002  1.192434e-002  7.421875e-001
      vertex -1.365132e-002  1.291118e-002  7.421875e-001
    endloop
  endfacet
  facet normal  -0.000000e+000  9.921165e-001  1.253199e-001
    outer loop
      vertex -1.365132e-002  1.291118e-002  0.000000e+000
      vertex -1.463816e-002  1.192434e-002  7.812500e-003
      vertex  6.825658e-003  1.192434e-002  7.812500e-003
    endloop
  endfacet
  facet normal  7.071068e-001 -7.071068e-001  0.000000e+000
    outer loop
      vertex -1.463816e-002  1.192434e-002  7.812500e-003
      vertex -1.365132e-002  1.291118e-002  0.000000e+000
      vertex -1.365132e-002  1.291118e-002  7.812500e-003
    endloop
  endfacet
  facet normal  0.000000e+000  9.921164e-001  1.253199e-001
    outer loop
      vertex -1.365132e-002  1.291118e-002  0.000000e+000
      vertex  6.825658e-003  1.192434e-002  7.812500e-003
      vertex  5.838816e-003  1.291118e-002  0.000000e+000
    endloop
  endfacet
  facet normal -7.071065e-001 -7.071071e-001  0.000000e+000
    outer loop
      vertex  5.838816e-003  1.291118e-002  0.000000e+000
      vertex  6.825658e-003  1.192434e-002  7.812500e-003
      vertex  5.838816e-003  1.291118e-002  7.812500e-003
    endloop
  endfacet
  facet normal -7.071068e-001  7.071068e-001  0.000000e+000
    outer loop
      vertex -1.365132e-002  1.291118e-002  7.500000e-001
      vertex -1.365132e-002  1.291118e-002  7.421875e-001
      vertex -1.463816e-002  1.192434e-002  7.500000e-001
    endloop
  endfacet
  facet normal -7.071068e-001  7.071068e-001  0.000000e+000
    outer loop
      vertex -1.463816e-002  1.192434e-002  7.500000e-001
      vertex -1.365132e-002  1.291118e-002  7.421875e-001
      vertex -1.463816e-002  1.192434e-002  7.421875e-001
    endloop
  endfacet
  facet normal -7.071068e-001  7.071068e-001  0.000000e+000
    outer loop
      vertex -1.365132e-002  1.291118e-002  7.812500e-003
      vertex -1.365132e-002  1.291118e-002  0.000000e+000
      vertex -1.463816e-002  1.192434e-002  7.812500e-003
    endloop
  endfacet
  facet normal -7.071068e-001  7.071068e-001  0.000000e+000
    outer loop
      vertex -1.463816e-002  1.192434e-002  7.812500e-003
      vertex -1.365132e-002  1.291118e-002  0.000000e+000
      vertex -1.463816e-002  1.192434e-002  0.000000e+000
    endloop
  endfacet
  facet normal -1.000000e+000  0.000000e+000  0.000000e+000
    outer loop
      vertex -1.463816e-002  1.192434e-002  7.421875e-001
      vertex -1.463816e-002 -7.812500e-003  7.421875e-001
      vertex -1.463816e-002  1.192434e-002  7.500000e-001
    endloop
  endfacet
  facet normal -1.000000e+000  -0.000000e+000  0.000000e+000
    outer loop
      vertex -1.463816e-002  1.192434e-002  7.500000e-001
      vertex -1.463816e-002 -7.812500e-003  7.421875e-001
      vertex -1.463816e-002 -7.812500e-003  7.500000e-001
    endloop
  endfacet
  facet normal -1.000000e+000  0.000000e+000  0.000000e+000
    outer loop
      vertex -1.463816e-002  1.192434e-002  0.000000e+000
      vertex -1.463816e-002 -7.812500e-003  0.000000e+000
      vertex -1.463816e-002  1.192434e-002  7.812500e-003
    endloop
  endfacet
  facet normal -1.000000e+000  -0.000000e+000  0.000000e+000
    outer loop
      vertex -1.463816e-002  1.192434e-002  7.812500e-003
      vertex -1.463816e-002 -7.812500e-003  0.000000e+000
      vertex -1.463816e-002 -7.812500e-003  7.812500e-003
    endloop
  endfacet
  facet normal  0.000000e+000  0.000000e+000  1.000000e+000
    outer loop
      vertex -1.463816e-002 -7.812500e-003  7.812500e-003
      vertex  6.825658e-003 -7.812500e-003  7.812500e-003
      vertex -1.463816e-002  1.192434e-002  7.812500e-003
    endloop
  endfacet
  facet normal  -0.000000e+000  0.000000e+000  1.000000e+000
    outer loop
      vertex -1.463816e-002  1.192434e-002  7.812500e-003
      vertex  6.825658e-003 -7.812500e-003  7.812500e-003
      vertex  6.825658e-003  1.192434e-002  7.812500e-003
    endloop
  endfacet
  facet normal  0.000000e+000  0.000000e+000 -1.000000e+000
    outer loop
      vertex -1.463816e-002 -7.812500e-003  7.421875e-001
      vertex -1.463816e-002  1.192434e-002  7.421875e-001
      vertex  6.825658e-003 -7.812500e-003  7.421875e-001
    endloop
  endfacet
  facet normal  0.000000e+000  0.000000e+000 -1.000000e+000
    outer loop
      vertex  6.825658e-003 -7.812500e-003  7.421875e-001
      vertex -1.463816e-002  1.192434e-002  7.421875e-001
      vertex  6.825658e-003  1.192434e-002  7.421875e-001
    endloop
  endfacet
  facet normal  0.000000e+000  0.000000e+000  1.000000e+000
    outer loop
      vertex -1.463816e-002 -7.812500e-003  7.500000e-001
      vertex  6.825658e-003 -7.812500e-003  7.500000e-001
      vertex -1.463816e-002  1.192434e-002  7.500000e-001
    endloop
  endfacet
  facet normal  -0.000000e+000  0.000000e+000  1.000000e+000
    outer loop
      vertex -1.463816e-002  1.192434e-002  7.500000e-001
      vertex  6.825658e-003 -7.812500e-003  7.500000e-001
      vertex  6.825658e-003  1.192434e-002  7.500000e-001
    endloop
  endfacet
  facet normal  0.000000e+000  0.000000e+000 -1.000000e+000
    outer loop
      vertex -1.463816e-002 -7.812500e-003  0.000000e+000
      vertex -1.463816e-002  1.192434e-002  0.000000e+000
      vertex  6.825658e-003 -7.812500e-003  0.000000e+000
    endloop
  endfacet
  facet normal  0.000000e+000  0.000000e+000 -1.000000e+000
    outer loop
      vertex  6.825658e-003 -7.812500e-003  0.000000e+000
      vertex -1.463816e-002  1.192434e-002  0.000000e+000
      vertex  6.825658e-003  1.192434e-002  0.000000e+000
    endloop
  endfacet
endsolid CATIA STL
