solid CATIA STL
  facet normal  -0.000000e+000  -0.000000e+000  1.000000e+000
    outer loop
      vertex -2.656250e-001 -1.718750e-001  3.593750e-001
      vertex -2.638236e-001 -1.901647e-001  3.593750e-001
      vertex -2.584887e-001 -2.077516e-001  3.593750e-001
    endloop
  endfacet
  facet normal  -0.000000e+000  -0.000000e+000  9.999999e-001
    outer loop
      vertex -2.656250e-001 -1.718750e-001  3.593750e-001
      vertex -2.584887e-001 -2.077516e-001  3.593750e-001
      vertex -2.498253e-001 -2.239597e-001  3.593750e-001
    endloop
  endfacet
  facet normal  -0.000000e+000  -0.000000e+000  1.000000e+000
    outer loop
      vertex -2.656250e-001 -1.718750e-001  3.593750e-001
      vertex -2.498253e-001 -2.239597e-001  3.593750e-001
      vertex -2.381663e-001 -2.381663e-001  3.593750e-001
    endloop
  endfacet
  facet normal  -0.000000e+000  -0.000000e+000  1.000000e+000
    outer loop
      vertex -2.656250e-001 -1.718750e-001  3.593750e-001
      vertex -2.381663e-001 -2.381663e-001  3.593750e-001
      vertex -2.239597e-001 -2.498253e-001  3.593750e-001
    endloop
  endfacet
  facet normal  -0.000000e+000  -0.000000e+000  9.999999e-001
    outer loop
      vertex -2.656250e-001 -1.718750e-001  3.593750e-001
      vertex -2.239597e-001 -2.498253e-001  3.593750e-001
      vertex -2.077516e-001 -2.584887e-001  3.593750e-001
    endloop
  endfacet
  facet normal  -0.000000e+000  -0.000000e+000  1.000000e+000
    outer loop
      vertex -2.656250e-001 -1.718750e-001  3.593750e-001
      vertex -2.077516e-001 -2.584887e-001  3.593750e-001
      vertex -1.901647e-001 -2.638236e-001  3.593750e-001
    endloop
  endfacet
  facet normal  -0.000000e+000  -0.000000e+000  1.000000e+000
    outer loop
      vertex -2.656250e-001 -1.718750e-001  3.593750e-001
      vertex -1.901647e-001 -2.638236e-001  3.593750e-001
      vertex -1.718750e-001 -2.656250e-001  3.593750e-001
    endloop
  endfacet
  facet normal  0.000000e+000  -0.000000e+000  1.000000e+000
    outer loop
      vertex -2.656250e-001 -1.718750e-001  3.593750e-001
      vertex -1.718750e-001 -2.656250e-001  3.593750e-001
      vertex  2.343750e-001 -2.656250e-001  3.593750e-001
    endloop
  endfacet
  facet normal  0.000000e+000  -0.000000e+000  1.000000e+000
    outer loop
      vertex -2.656250e-001 -1.718750e-001  3.593750e-001
      vertex  2.343750e-001 -2.656250e-001  3.593750e-001
      vertex  2.343750e-001  2.578125e-001  3.593750e-001
    endloop
  endfacet
  facet normal  0.000000e+000  0.000000e+000  9.999999e-001
    outer loop
      vertex -2.656250e-001 -1.718750e-001  3.593750e-001
      vertex  2.343750e-001  2.578125e-001  3.593750e-001
      vertex -2.656250e-001  2.578125e-001  3.593750e-001
    endloop
  endfacet
  facet normal  -0.000000e+000 -1.000000e+000  -0.000000e+000
    outer loop
      vertex  2.578125e-001 -2.656250e-001  3.359375e-001
      vertex  2.573622e-001 -2.656250e-001  3.405099e-001
      vertex  2.560284e-001 -2.656250e-001  3.449066e-001
    endloop
  endfacet
  facet normal  -0.000000e+000 -1.000000e+000  -0.000000e+000
    outer loop
      vertex  2.578125e-001 -2.656250e-001  0.000000e+000
      vertex  2.578125e-001 -2.656250e-001  3.359375e-001
      vertex  2.560284e-001 -2.656250e-001  3.449066e-001
    endloop
  endfacet
  facet normal  -0.000000e+000 -1.000000e+000  -0.000000e+000
    outer loop
      vertex  2.578125e-001 -2.656250e-001  0.000000e+000
      vertex  2.560284e-001 -2.656250e-001  3.449066e-001
      vertex  2.538626e-001 -2.656250e-001  3.489587e-001
    endloop
  endfacet
  facet normal  -0.000000e+000 -1.000000e+000  -0.000000e+000
    outer loop
      vertex  2.578125e-001 -2.656250e-001  0.000000e+000
      vertex  2.538626e-001 -2.656250e-001  3.489587e-001
      vertex  2.509478e-001 -2.656250e-001  3.525103e-001
    endloop
  endfacet
  facet normal  -0.000000e+000 -1.000000e+000  -0.000000e+000
    outer loop
      vertex  2.578125e-001 -2.656250e-001  0.000000e+000
      vertex  2.509478e-001 -2.656250e-001  3.525103e-001
      vertex  2.473962e-001 -2.656250e-001  3.554251e-001
    endloop
  endfacet
  facet normal  -0.000000e+000 -9.999999e-001  -0.000000e+000
    outer loop
      vertex  2.578125e-001 -2.656250e-001  0.000000e+000
      vertex  2.473962e-001 -2.656250e-001  3.554251e-001
      vertex  2.433441e-001 -2.656250e-001  3.575909e-001
    endloop
  endfacet
  facet normal  -0.000000e+000 -1.000000e+000  -0.000000e+000
    outer loop
      vertex  2.578125e-001 -2.656250e-001  0.000000e+000
      vertex  2.433441e-001 -2.656250e-001  3.575909e-001
      vertex  2.389474e-001 -2.656250e-001  3.589247e-001
    endloop
  endfacet
  facet normal  -0.000000e+000 -1.000000e+000  -0.000000e+000
    outer loop
      vertex  2.578125e-001 -2.656250e-001  0.000000e+000
      vertex  2.389474e-001 -2.656250e-001  3.589247e-001
      vertex  2.343750e-001 -2.656250e-001  3.593750e-001
    endloop
  endfacet
  facet normal  -0.000000e+000 -1.000000e+000  -0.000000e+000
    outer loop
      vertex  2.578125e-001 -2.656250e-001  0.000000e+000
      vertex  2.343750e-001 -2.656250e-001  3.593750e-001
      vertex -1.718750e-001 -2.656250e-001  3.593750e-001
    endloop
  endfacet
  facet normal  0.000000e+000 -1.000000e+000  0.000000e+000
    outer loop
      vertex  2.578125e-001 -2.656250e-001  0.000000e+000
      vertex -1.718750e-001 -2.656250e-001  3.593750e-001
      vertex -1.718750e-001 -2.656250e-001  0.000000e+000
    endloop
  endfacet
  facet normal  0.000000e+000  0.000000e+000 -1.000000e+000
    outer loop
      vertex -2.656250e-001 -1.718750e-001  0.000000e+000
      vertex -2.656250e-001  2.578125e-001  0.000000e+000
      vertex  2.578125e-001  2.578125e-001  0.000000e+000
    endloop
  endfacet
  facet normal  0.000000e+000  -0.000000e+000 -1.000000e+000
    outer loop
      vertex -2.656250e-001 -1.718750e-001  0.000000e+000
      vertex  2.578125e-001  2.578125e-001  0.000000e+000
      vertex  2.578125e-001 -2.656250e-001  0.000000e+000
    endloop
  endfacet
  facet normal  0.000000e+000  0.000000e+000 -9.999999e-001
    outer loop
      vertex -2.656250e-001 -1.718750e-001  0.000000e+000
      vertex  2.578125e-001 -2.656250e-001  0.000000e+000
      vertex -1.718750e-001 -2.656250e-001  0.000000e+000
    endloop
  endfacet
  facet normal  0.000000e+000  0.000000e+000 -1.000000e+000
    outer loop
      vertex -2.656250e-001 -1.718750e-001  0.000000e+000
      vertex -1.718750e-001 -2.656250e-001  0.000000e+000
      vertex -1.901647e-001 -2.638236e-001  0.000000e+000
    endloop
  endfacet
  facet normal  0.000000e+000  0.000000e+000 -1.000000e+000
    outer loop
      vertex -2.656250e-001 -1.718750e-001  0.000000e+000
      vertex -1.901647e-001 -2.638236e-001  0.000000e+000
      vertex -2.077516e-001 -2.584887e-001  0.000000e+000
    endloop
  endfacet
  facet normal  0.000000e+000  0.000000e+000 -9.999999e-001
    outer loop
      vertex -2.656250e-001 -1.718750e-001  0.000000e+000
      vertex -2.077516e-001 -2.584887e-001  0.000000e+000
      vertex -2.239597e-001 -2.498253e-001  0.000000e+000
    endloop
  endfacet
  facet normal  0.000000e+000  0.000000e+000 -1.000000e+000
    outer loop
      vertex -2.656250e-001 -1.718750e-001  0.000000e+000
      vertex -2.239597e-001 -2.498253e-001  0.000000e+000
      vertex -2.381663e-001 -2.381663e-001  0.000000e+000
    endloop
  endfacet
  facet normal  0.000000e+000  0.000000e+000 -1.000000e+000
    outer loop
      vertex -2.656250e-001 -1.718750e-001  0.000000e+000
      vertex -2.381663e-001 -2.381663e-001  0.000000e+000
      vertex -2.498253e-001 -2.239597e-001  0.000000e+000
    endloop
  endfacet
  facet normal  0.000000e+000  0.000000e+000 -9.999999e-001
    outer loop
      vertex -2.656250e-001 -1.718750e-001  0.000000e+000
      vertex -2.498253e-001 -2.239597e-001  0.000000e+000
      vertex -2.584887e-001 -2.077516e-001  0.000000e+000
    endloop
  endfacet
  facet normal  0.000000e+000  0.000000e+000 -1.000000e+000
    outer loop
      vertex -2.656250e-001 -1.718750e-001  0.000000e+000
      vertex -2.584887e-001 -2.077516e-001  0.000000e+000
      vertex -2.638236e-001 -1.901647e-001  0.000000e+000
    endloop
  endfacet
  facet normal -1.000000e+000  0.000000e+000  0.000000e+000
    outer loop
      vertex -2.656250e-001  2.578125e-001  3.593750e-001
      vertex -2.656250e-001  2.578125e-001  0.000000e+000
      vertex -2.656250e-001 -1.718750e-001  3.593750e-001
    endloop
  endfacet
  facet normal -1.000000e+000  0.000000e+000  0.000000e+000
    outer loop
      vertex -2.656250e-001 -1.718750e-001  3.593750e-001
      vertex -2.656250e-001  2.578125e-001  0.000000e+000
      vertex -2.656250e-001 -1.718750e-001  0.000000e+000
    endloop
  endfacet
  facet normal -9.801670e-002 -9.951848e-001  -0.000000e+000
    outer loop
      vertex -1.718750e-001 -2.656250e-001  0.000000e+000
      vertex -1.718750e-001 -2.656250e-001  3.593750e-001
      vertex -1.901647e-001 -2.638236e-001  0.000000e+000
    endloop
  endfacet
  facet normal -9.801670e-002 -9.951848e-001  0.000000e+000
    outer loop
      vertex -1.901647e-001 -2.638236e-001  0.000000e+000
      vertex -1.718750e-001 -2.656250e-001  3.593750e-001
      vertex -1.901647e-001 -2.638236e-001  3.593750e-001
    endloop
  endfacet
  facet normal -2.902846e-001 -9.569404e-001  -0.000000e+000
    outer loop
      vertex -1.901647e-001 -2.638236e-001  0.000000e+000
      vertex -1.901647e-001 -2.638236e-001  3.593750e-001
      vertex -2.077516e-001 -2.584887e-001  0.000000e+000
    endloop
  endfacet
  facet normal -2.902846e-001 -9.569404e-001  0.000000e+000
    outer loop
      vertex -2.077516e-001 -2.584887e-001  0.000000e+000
      vertex -1.901647e-001 -2.638236e-001  3.593750e-001
      vertex -2.077516e-001 -2.584887e-001  3.593750e-001
    endloop
  endfacet
  facet normal -4.713973e-001 -8.819210e-001  -0.000000e+000
    outer loop
      vertex -2.077516e-001 -2.584887e-001  0.000000e+000
      vertex -2.077516e-001 -2.584887e-001  3.593750e-001
      vertex -2.239597e-001 -2.498253e-001  0.000000e+000
    endloop
  endfacet
  facet normal -4.713973e-001 -8.819210e-001  0.000000e+000
    outer loop
      vertex -2.239597e-001 -2.498253e-001  0.000000e+000
      vertex -2.077516e-001 -2.584887e-001  3.593750e-001
      vertex -2.239597e-001 -2.498253e-001  3.593750e-001
    endloop
  endfacet
  facet normal -6.343933e-001 -7.730104e-001  -0.000000e+000
    outer loop
      vertex -2.239597e-001 -2.498253e-001  0.000000e+000
      vertex -2.239597e-001 -2.498253e-001  3.593750e-001
      vertex -2.381663e-001 -2.381663e-001  0.000000e+000
    endloop
  endfacet
  facet normal -6.343933e-001 -7.730104e-001  0.000000e+000
    outer loop
      vertex -2.381663e-001 -2.381663e-001  0.000000e+000
      vertex -2.239597e-001 -2.498253e-001  3.593750e-001
      vertex -2.381663e-001 -2.381663e-001  3.593750e-001
    endloop
  endfacet
  facet normal -7.730104e-001 -6.343933e-001  -0.000000e+000
    outer loop
      vertex -2.381663e-001 -2.381663e-001  0.000000e+000
      vertex -2.381663e-001 -2.381663e-001  3.593750e-001
      vertex -2.498253e-001 -2.239597e-001  0.000000e+000
    endloop
  endfacet
  facet normal -7.730104e-001 -6.343933e-001  0.000000e+000
    outer loop
      vertex -2.498253e-001 -2.239597e-001  0.000000e+000
      vertex -2.381663e-001 -2.381663e-001  3.593750e-001
      vertex -2.498253e-001 -2.239597e-001  3.593750e-001
    endloop
  endfacet
  facet normal -8.819210e-001 -4.713973e-001  -0.000000e+000
    outer loop
      vertex -2.498253e-001 -2.239597e-001  0.000000e+000
      vertex -2.498253e-001 -2.239597e-001  3.593750e-001
      vertex -2.584887e-001 -2.077516e-001  0.000000e+000
    endloop
  endfacet
  facet normal -8.819210e-001 -4.713973e-001  0.000000e+000
    outer loop
      vertex -2.584887e-001 -2.077516e-001  0.000000e+000
      vertex -2.498253e-001 -2.239597e-001  3.593750e-001
      vertex -2.584887e-001 -2.077516e-001  3.593750e-001
    endloop
  endfacet
  facet normal -9.569404e-001 -2.902846e-001  -0.000000e+000
    outer loop
      vertex -2.584887e-001 -2.077516e-001  0.000000e+000
      vertex -2.584887e-001 -2.077516e-001  3.593750e-001
      vertex -2.638236e-001 -1.901647e-001  0.000000e+000
    endloop
  endfacet
  facet normal -9.569404e-001 -2.902846e-001  0.000000e+000
    outer loop
      vertex -2.638236e-001 -1.901647e-001  0.000000e+000
      vertex -2.584887e-001 -2.077516e-001  3.593750e-001
      vertex -2.638236e-001 -1.901647e-001  3.593750e-001
    endloop
  endfacet
  facet normal -9.951848e-001 -9.801670e-002  -0.000000e+000
    outer loop
      vertex -2.638236e-001 -1.901647e-001  0.000000e+000
      vertex -2.638236e-001 -1.901647e-001  3.593750e-001
      vertex -2.656250e-001 -1.718750e-001  0.000000e+000
    endloop
  endfacet
  facet normal -9.951848e-001 -9.801670e-002  0.000000e+000
    outer loop
      vertex -2.656250e-001 -1.718750e-001  0.000000e+000
      vertex -2.638236e-001 -1.901647e-001  3.593750e-001
      vertex -2.656250e-001 -1.718750e-001  3.593750e-001
    endloop
  endfacet
  facet normal  0.000000e+000  1.000000e+000  0.000000e+000
    outer loop
      vertex  2.538626e-001  2.578125e-001  3.489587e-001
      vertex  2.433441e-001  2.578125e-001  3.575909e-001
      vertex  2.473962e-001  2.578125e-001  3.554251e-001
    endloop
  endfacet
  facet normal  0.000000e+000  1.000000e+000  0.000000e+000
    outer loop
      vertex  2.538626e-001  2.578125e-001  3.489587e-001
      vertex  2.473962e-001  2.578125e-001  3.554251e-001
      vertex  2.509478e-001  2.578125e-001  3.525103e-001
    endloop
  endfacet
  facet normal  -0.000000e+000  1.000000e+000  0.000000e+000
    outer loop
      vertex -2.656250e-001  2.578125e-001  0.000000e+000
      vertex -2.656250e-001  2.578125e-001  3.593750e-001
      vertex  2.343750e-001  2.578125e-001  3.593750e-001
    endloop
  endfacet
  facet normal  0.000000e+000  1.000000e+000  0.000000e+000
    outer loop
      vertex -2.656250e-001  2.578125e-001  0.000000e+000
      vertex  2.343750e-001  2.578125e-001  3.593750e-001
      vertex  2.389474e-001  2.578125e-001  3.589247e-001
    endloop
  endfacet
  facet normal  0.000000e+000  1.000000e+000  0.000000e+000
    outer loop
      vertex -2.656250e-001  2.578125e-001  0.000000e+000
      vertex  2.389474e-001  2.578125e-001  3.589247e-001
      vertex  2.578125e-001  2.578125e-001  0.000000e+000
    endloop
  endfacet
  facet normal  0.000000e+000  1.000000e+000  0.000000e+000
    outer loop
      vertex  2.389474e-001  2.578125e-001  3.589247e-001
      vertex  2.433441e-001  2.578125e-001  3.575909e-001
      vertex  2.538626e-001  2.578125e-001  3.489587e-001
    endloop
  endfacet
  facet normal  0.000000e+000  1.000000e+000  0.000000e+000
    outer loop
      vertex  2.389474e-001  2.578125e-001  3.589247e-001
      vertex  2.538626e-001  2.578125e-001  3.489587e-001
      vertex  2.560284e-001  2.578125e-001  3.449066e-001
    endloop
  endfacet
  facet normal  0.000000e+000  1.000000e+000  0.000000e+000
    outer loop
      vertex  2.389474e-001  2.578125e-001  3.589247e-001
      vertex  2.560284e-001  2.578125e-001  3.449066e-001
      vertex  2.573622e-001  2.578125e-001  3.405099e-001
    endloop
  endfacet
  facet normal  0.000000e+000  1.000000e+000  0.000000e+000
    outer loop
      vertex  2.389474e-001  2.578125e-001  3.589247e-001
      vertex  2.573622e-001  2.578125e-001  3.405099e-001
      vertex  2.578125e-001  2.578125e-001  3.359375e-001
    endloop
  endfacet
  facet normal  0.000000e+000  1.000000e+000  0.000000e+000
    outer loop
      vertex  2.389474e-001  2.578125e-001  3.589247e-001
      vertex  2.578125e-001  2.578125e-001  3.359375e-001
      vertex  2.578125e-001  2.578125e-001  0.000000e+000
    endloop
  endfacet
  facet normal  1.000000e+000  0.000000e+000  0.000000e+000
    outer loop
      vertex  2.578125e-001 -2.656250e-001  3.359375e-001
      vertex  2.578125e-001 -2.656250e-001  0.000000e+000
      vertex  2.578125e-001  2.578125e-001  3.359375e-001
    endloop
  endfacet
  facet normal  1.000000e+000  0.000000e+000  0.000000e+000
    outer loop
      vertex  2.578125e-001  2.578125e-001  3.359375e-001
      vertex  2.578125e-001 -2.656250e-001  0.000000e+000
      vertex  2.578125e-001  2.578125e-001  0.000000e+000
    endloop
  endfacet
  facet normal  9.951847e-001  0.000000e+000  9.801686e-002
    outer loop
      vertex  2.578125e-001 -2.656250e-001  3.359375e-001
      vertex  2.578125e-001  2.578125e-001  3.359375e-001
      vertex  2.573622e-001 -2.656250e-001  3.405099e-001
    endloop
  endfacet
  facet normal  9.951847e-001  -0.000000e+000  9.801686e-002
    outer loop
      vertex  2.573622e-001 -2.656250e-001  3.405099e-001
      vertex  2.578125e-001  2.578125e-001  3.359375e-001
      vertex  2.573622e-001  2.578125e-001  3.405099e-001
    endloop
  endfacet
  facet normal  9.569394e-001  0.000000e+000  2.902881e-001
    outer loop
      vertex  2.573622e-001 -2.656250e-001  3.405099e-001
      vertex  2.573622e-001  2.578125e-001  3.405099e-001
      vertex  2.560284e-001 -2.656250e-001  3.449066e-001
    endloop
  endfacet
  facet normal  9.569394e-001  -0.000000e+000  2.902881e-001
    outer loop
      vertex  2.560284e-001 -2.656250e-001  3.449066e-001
      vertex  2.573622e-001  2.578125e-001  3.405099e-001
      vertex  2.560284e-001  2.578125e-001  3.449066e-001
    endloop
  endfacet
  facet normal  8.819220e-001  0.000000e+000  4.713953e-001
    outer loop
      vertex  2.560284e-001 -2.656250e-001  3.449066e-001
      vertex  2.560284e-001  2.578125e-001  3.449066e-001
      vertex  2.538626e-001 -2.656250e-001  3.489587e-001
    endloop
  endfacet
  facet normal  8.819220e-001  -0.000000e+000  4.713953e-001
    outer loop
      vertex  2.538626e-001 -2.656250e-001  3.489587e-001
      vertex  2.560284e-001  2.578125e-001  3.449066e-001
      vertex  2.538626e-001  2.578125e-001  3.489587e-001
    endloop
  endfacet
  facet normal  7.730097e-001  0.000000e+000  6.343942e-001
    outer loop
      vertex  2.538626e-001 -2.656250e-001  3.489587e-001
      vertex  2.538626e-001  2.578125e-001  3.489587e-001
      vertex  2.509478e-001 -2.656250e-001  3.525103e-001
    endloop
  endfacet
  facet normal  7.730097e-001  -0.000000e+000  6.343942e-001
    outer loop
      vertex  2.509478e-001 -2.656250e-001  3.525103e-001
      vertex  2.538626e-001  2.578125e-001  3.489587e-001
      vertex  2.509478e-001  2.578125e-001  3.525103e-001
    endloop
  endfacet
  facet normal  6.343942e-001  0.000000e+000  7.730097e-001
    outer loop
      vertex  2.509478e-001 -2.656250e-001  3.525103e-001
      vertex  2.509478e-001  2.578125e-001  3.525103e-001
      vertex  2.473962e-001 -2.656250e-001  3.554251e-001
    endloop
  endfacet
  facet normal  6.343942e-001  -0.000000e+000  7.730097e-001
    outer loop
      vertex  2.473962e-001 -2.656250e-001  3.554251e-001
      vertex  2.509478e-001  2.578125e-001  3.525103e-001
      vertex  2.473962e-001  2.578125e-001  3.554251e-001
    endloop
  endfacet
  facet normal  4.713967e-001  0.000000e+000  8.819212e-001
    outer loop
      vertex  2.473962e-001 -2.656250e-001  3.554251e-001
      vertex  2.473962e-001  2.578125e-001  3.554251e-001
      vertex  2.433441e-001 -2.656250e-001  3.575909e-001
    endloop
  endfacet
  facet normal  4.713967e-001  -0.000000e+000  8.819212e-001
    outer loop
      vertex  2.433441e-001 -2.656250e-001  3.575909e-001
      vertex  2.473962e-001  2.578125e-001  3.554251e-001
      vertex  2.433441e-001  2.578125e-001  3.575909e-001
    endloop
  endfacet
  facet normal  2.902881e-001  0.000000e+000  9.569394e-001
    outer loop
      vertex  2.433441e-001 -2.656250e-001  3.575909e-001
      vertex  2.433441e-001  2.578125e-001  3.575909e-001
      vertex  2.389474e-001 -2.656250e-001  3.589247e-001
    endloop
  endfacet
  facet normal  2.902881e-001  -0.000000e+000  9.569394e-001
    outer loop
      vertex  2.389474e-001 -2.656250e-001  3.589247e-001
      vertex  2.433441e-001  2.578125e-001  3.575909e-001
      vertex  2.389474e-001  2.578125e-001  3.589247e-001
    endloop
  endfacet
  facet normal  9.801655e-002  0.000000e+000  9.951847e-001
    outer loop
      vertex  2.389474e-001 -2.656250e-001  3.589247e-001
      vertex  2.389474e-001  2.578125e-001  3.589247e-001
      vertex  2.343750e-001 -2.656250e-001  3.593750e-001
    endloop
  endfacet
  facet normal  9.801655e-002  -0.000000e+000  9.951847e-001
    outer loop
      vertex  2.343750e-001 -2.656250e-001  3.593750e-001
      vertex  2.389474e-001  2.578125e-001  3.589247e-001
      vertex  2.343750e-001  2.578125e-001  3.593750e-001
    endloop
  endfacet
endsolid CATIA STL
