solid CATIA STL
  facet normal  0.000000e+000 -1.000000e+000  0.000000e+000
    outer loop
      vertex  4.592425e-017 -2.343750e-002  7.500000e-001
      vertex  0.000000e+000 -2.343750e-002  0.000000e+000
      vertex  7.500000e-001 -2.343750e-002 -4.592425e-017
    endloop
  endfacet
  facet normal  0.000000e+000 -1.000000e+000  0.000000e+000
    outer loop
      vertex  4.592425e-017 -2.343750e-002  7.500000e-001
      vertex  7.500000e-001 -2.343750e-002 -4.592425e-017
      vertex  7.500000e-001 -2.343750e-002  6.015625e-001
    endloop
  endfacet
  facet normal  0.000000e+000 -1.000000e+000  0.000000e+000
    outer loop
      vertex  4.592425e-017 -2.343750e-002  7.500000e-001
      vertex  7.500000e-001 -2.343750e-002  6.015625e-001
      vertex  7.471478e-001 -2.343750e-002  6.305212e-001
    endloop
  endfacet
  facet normal  0.000000e+000 -1.000000e+000  0.000000e+000
    outer loop
      vertex  4.592425e-017 -2.343750e-002  7.500000e-001
      vertex  7.471478e-001 -2.343750e-002  6.305212e-001
      vertex  7.387009e-001 -2.343750e-002  6.583671e-001
    endloop
  endfacet
  facet normal  0.000000e+000 -1.000000e+000  0.000000e+000
    outer loop
      vertex  4.592425e-017 -2.343750e-002  7.500000e-001
      vertex  7.387009e-001 -2.343750e-002  6.583671e-001
      vertex  7.249838e-001 -2.343750e-002  6.840299e-001
    endloop
  endfacet
  facet normal  0.000000e+000 -1.000000e+000  0.000000e+000
    outer loop
      vertex  4.592425e-017 -2.343750e-002  7.500000e-001
      vertex  7.249838e-001 -2.343750e-002  6.840299e-001
      vertex  7.065237e-001 -2.343750e-002  7.065237e-001
    endloop
  endfacet
  facet normal  0.000000e+000 -1.000000e+000  0.000000e+000
    outer loop
      vertex  4.592425e-017 -2.343750e-002  7.500000e-001
      vertex  7.065237e-001 -2.343750e-002  7.065237e-001
      vertex  6.840299e-001 -2.343750e-002  7.249838e-001
    endloop
  endfacet
  facet normal  0.000000e+000 -1.000000e+000  0.000000e+000
    outer loop
      vertex  4.592425e-017 -2.343750e-002  7.500000e-001
      vertex  6.840299e-001 -2.343750e-002  7.249838e-001
      vertex  6.583671e-001 -2.343750e-002  7.387009e-001
    endloop
  endfacet
  facet normal  0.000000e+000 -1.000000e+000  0.000000e+000
    outer loop
      vertex  4.592425e-017 -2.343750e-002  7.500000e-001
      vertex  6.583671e-001 -2.343750e-002  7.387009e-001
      vertex  6.305212e-001 -2.343750e-002  7.471478e-001
    endloop
  endfacet
  facet normal  0.000000e+000 -1.000000e+000  0.000000e+000
    outer loop
      vertex  4.592425e-017 -2.343750e-002  7.500000e-001
      vertex  6.305212e-001 -2.343750e-002  7.471478e-001
      vertex  6.015625e-001 -2.343750e-002  7.500000e-001
    endloop
  endfacet
  facet normal  0.000000e+000  1.000000e+000  0.000000e+000
    outer loop
      vertex  4.592425e-017  0.000000e+000  7.500000e-001
      vertex  6.015625e-001  0.000000e+000  7.500000e-001
      vertex  6.305212e-001  0.000000e+000  7.471478e-001
    endloop
  endfacet
  facet normal  0.000000e+000  1.000000e+000  0.000000e+000
    outer loop
      vertex  4.592425e-017  0.000000e+000  7.500000e-001
      vertex  6.305212e-001  0.000000e+000  7.471478e-001
      vertex  6.583671e-001  0.000000e+000  7.387009e-001
    endloop
  endfacet
  facet normal  0.000000e+000  1.000000e+000  0.000000e+000
    outer loop
      vertex  4.592425e-017  0.000000e+000  7.500000e-001
      vertex  6.583671e-001  0.000000e+000  7.387009e-001
      vertex  6.840299e-001  0.000000e+000  7.249838e-001
    endloop
  endfacet
  facet normal  0.000000e+000  1.000000e+000  0.000000e+000
    outer loop
      vertex  4.592425e-017  0.000000e+000  7.500000e-001
      vertex  6.840299e-001  0.000000e+000  7.249838e-001
      vertex  7.065237e-001  0.000000e+000  7.065237e-001
    endloop
  endfacet
  facet normal  0.000000e+000  1.000000e+000  0.000000e+000
    outer loop
      vertex  4.592425e-017  0.000000e+000  7.500000e-001
      vertex  7.065237e-001  0.000000e+000  7.065237e-001
      vertex  7.249838e-001  0.000000e+000  6.840299e-001
    endloop
  endfacet
  facet normal  0.000000e+000  1.000000e+000  0.000000e+000
    outer loop
      vertex  4.592425e-017  0.000000e+000  7.500000e-001
      vertex  7.249838e-001  0.000000e+000  6.840299e-001
      vertex  7.387009e-001  0.000000e+000  6.583671e-001
    endloop
  endfacet
  facet normal  0.000000e+000  1.000000e+000  0.000000e+000
    outer loop
      vertex  4.592425e-017  0.000000e+000  7.500000e-001
      vertex  7.387009e-001  0.000000e+000  6.583671e-001
      vertex  7.471478e-001  0.000000e+000  6.305212e-001
    endloop
  endfacet
  facet normal  0.000000e+000  1.000000e+000  0.000000e+000
    outer loop
      vertex  4.592425e-017  0.000000e+000  7.500000e-001
      vertex  7.471478e-001  0.000000e+000  6.305212e-001
      vertex  7.500000e-001  0.000000e+000  6.015625e-001
    endloop
  endfacet
  facet normal  0.000000e+000  1.000000e+000  0.000000e+000
    outer loop
      vertex  4.592425e-017  0.000000e+000  7.500000e-001
      vertex  7.500000e-001  0.000000e+000  6.015625e-001
      vertex  7.500000e-001  0.000000e+000 -4.592425e-017
    endloop
  endfacet
  facet normal  0.000000e+000  1.000000e+000  0.000000e+000
    outer loop
      vertex  4.592425e-017  0.000000e+000  7.500000e-001
      vertex  7.500000e-001  0.000000e+000 -4.592425e-017
      vertex  0.000000e+000  0.000000e+000  0.000000e+000
    endloop
  endfacet
  facet normal  0.000000e+000  0.000000e+000  1.000000e+000
    outer loop
      vertex  6.015625e-001 -2.343750e-002  7.500000e-001
      vertex  6.015625e-001  0.000000e+000  7.500000e-001
      vertex  4.592425e-017 -2.343750e-002  7.500000e-001
    endloop
  endfacet
  facet normal  0.000000e+000  0.000000e+000  1.000000e+000
    outer loop
      vertex  4.592425e-017 -2.343750e-002  7.500000e-001
      vertex  6.015625e-001  0.000000e+000  7.500000e-001
      vertex  4.592425e-017  0.000000e+000  7.500000e-001
    endloop
  endfacet
  facet normal  1.000000e+000  0.000000e+000  0.000000e+000
    outer loop
      vertex  7.500000e-001 -2.343750e-002 -4.592425e-017
      vertex  7.500000e-001  0.000000e+000 -4.592425e-017
      vertex  7.500000e-001 -2.343750e-002  6.015625e-001
    endloop
  endfacet
  facet normal  1.000000e+000  -0.000000e+000  0.000000e+000
    outer loop
      vertex  7.500000e-001 -2.343750e-002  6.015625e-001
      vertex  7.500000e-001  0.000000e+000 -4.592425e-017
      vertex  7.500000e-001  0.000000e+000  6.015625e-001
    endloop
  endfacet
  facet normal  9.801764e-002  -0.000000e+000  9.951847e-001
    outer loop
      vertex  6.015625e-001  0.000000e+000  7.500000e-001
      vertex  6.015625e-001 -2.343750e-002  7.500000e-001
      vertex  6.305212e-001  0.000000e+000  7.471478e-001
    endloop
  endfacet
  facet normal  9.801764e-002  0.000000e+000  9.951847e-001
    outer loop
      vertex  6.305212e-001  0.000000e+000  7.471478e-001
      vertex  6.015625e-001 -2.343750e-002  7.500000e-001
      vertex  6.305212e-001 -2.343750e-002  7.471478e-001
    endloop
  endfacet
  facet normal  2.902841e-001  -0.000000e+000  9.569405e-001
    outer loop
      vertex  6.305212e-001  0.000000e+000  7.471478e-001
      vertex  6.305212e-001 -2.343750e-002  7.471478e-001
      vertex  6.583671e-001  0.000000e+000  7.387009e-001
    endloop
  endfacet
  facet normal  2.902841e-001  0.000000e+000  9.569405e-001
    outer loop
      vertex  6.583671e-001  0.000000e+000  7.387009e-001
      vertex  6.305212e-001 -2.343750e-002  7.471478e-001
      vertex  6.583671e-001 -2.343750e-002  7.387009e-001
    endloop
  endfacet
  facet normal  4.713979e-001  -0.000000e+000  8.819207e-001
    outer loop
      vertex  6.583671e-001  0.000000e+000  7.387009e-001
      vertex  6.583671e-001 -2.343750e-002  7.387009e-001
      vertex  6.840299e-001  0.000000e+000  7.249838e-001
    endloop
  endfacet
  facet normal  4.713979e-001  0.000000e+000  8.819207e-001
    outer loop
      vertex  6.840299e-001  0.000000e+000  7.249838e-001
      vertex  6.583671e-001 -2.343750e-002  7.387009e-001
      vertex  6.840299e-001 -2.343750e-002  7.249838e-001
    endloop
  endfacet
  facet normal  6.343928e-001  -0.000000e+000  7.730108e-001
    outer loop
      vertex  6.840299e-001  0.000000e+000  7.249838e-001
      vertex  6.840299e-001 -2.343750e-002  7.249838e-001
      vertex  7.065237e-001  0.000000e+000  7.065237e-001
    endloop
  endfacet
  facet normal  6.343928e-001  0.000000e+000  7.730108e-001
    outer loop
      vertex  7.065237e-001  0.000000e+000  7.065237e-001
      vertex  6.840299e-001 -2.343750e-002  7.249838e-001
      vertex  7.065237e-001 -2.343750e-002  7.065237e-001
    endloop
  endfacet
  facet normal  7.730108e-001  -0.000000e+000  6.343928e-001
    outer loop
      vertex  7.065237e-001  0.000000e+000  7.065237e-001
      vertex  7.065237e-001 -2.343750e-002  7.065237e-001
      vertex  7.249838e-001  0.000000e+000  6.840299e-001
    endloop
  endfacet
  facet normal  7.730108e-001  0.000000e+000  6.343928e-001
    outer loop
      vertex  7.249838e-001  0.000000e+000  6.840299e-001
      vertex  7.065237e-001 -2.343750e-002  7.065237e-001
      vertex  7.249838e-001 -2.343750e-002  6.840299e-001
    endloop
  endfacet
  facet normal  8.819207e-001  -0.000000e+000  4.713979e-001
    outer loop
      vertex  7.249838e-001  0.000000e+000  6.840299e-001
      vertex  7.249838e-001 -2.343750e-002  6.840299e-001
      vertex  7.387009e-001  0.000000e+000  6.583671e-001
    endloop
  endfacet
  facet normal  8.819207e-001  0.000000e+000  4.713979e-001
    outer loop
      vertex  7.387009e-001  0.000000e+000  6.583671e-001
      vertex  7.249838e-001 -2.343750e-002  6.840299e-001
      vertex  7.387009e-001 -2.343750e-002  6.583671e-001
    endloop
  endfacet
  facet normal  9.569405e-001  -0.000000e+000  2.902841e-001
    outer loop
      vertex  7.387009e-001  0.000000e+000  6.583671e-001
      vertex  7.387009e-001 -2.343750e-002  6.583671e-001
      vertex  7.471478e-001  0.000000e+000  6.305212e-001
    endloop
  endfacet
  facet normal  9.569405e-001  0.000000e+000  2.902841e-001
    outer loop
      vertex  7.471478e-001  0.000000e+000  6.305212e-001
      vertex  7.387009e-001 -2.343750e-002  6.583671e-001
      vertex  7.471478e-001 -2.343750e-002  6.305212e-001
    endloop
  endfacet
  facet normal  9.951847e-001  -0.000000e+000  9.801764e-002
    outer loop
      vertex  7.471478e-001  0.000000e+000  6.305212e-001
      vertex  7.471478e-001 -2.343750e-002  6.305212e-001
      vertex  7.500000e-001  0.000000e+000  6.015625e-001
    endloop
  endfacet
  facet normal  9.951847e-001  0.000000e+000  9.801764e-002
    outer loop
      vertex  7.500000e-001  0.000000e+000  6.015625e-001
      vertex  7.471478e-001 -2.343750e-002  6.305212e-001
      vertex  7.500000e-001 -2.343750e-002  6.015625e-001
    endloop
  endfacet
  facet normal -1.000000e+000  0.000000e+000  6.123234e-017
    outer loop
      vertex  4.592425e-017 -2.343750e-002  7.500000e-001
      vertex  4.592425e-017  0.000000e+000  7.500000e-001
      vertex  0.000000e+000 -2.343750e-002  0.000000e+000
    endloop
  endfacet
  facet normal -1.000000e+000  0.000000e+000  6.123234e-017
    outer loop
      vertex  0.000000e+000 -2.343750e-002  0.000000e+000
      vertex  4.592425e-017  0.000000e+000  7.500000e-001
      vertex  0.000000e+000  0.000000e+000  0.000000e+000
    endloop
  endfacet
  facet normal -6.123234e-017  -0.000000e+000 -1.000000e+000
    outer loop
      vertex  0.000000e+000 -2.343750e-002  0.000000e+000
      vertex  0.000000e+000  0.000000e+000  0.000000e+000
      vertex  7.500000e-001 -2.343750e-002 -4.592425e-017
    endloop
  endfacet
  facet normal -6.123234e-017  0.000000e+000 -1.000000e+000
    outer loop
      vertex  7.500000e-001 -2.343750e-002 -4.592425e-017
      vertex  0.000000e+000  0.000000e+000  0.000000e+000
      vertex  7.500000e-001  0.000000e+000 -4.592425e-017
    endloop
  endfacet
endsolid CATIA STL
