solid CATIA STL
  facet normal  0.000000e+000 -1.000000e+000  0.000000e+000
    outer loop
      vertex  1.817835e-017  0.000000e+000  2.968750e-001
      vertex  2.640625e-001  0.000000e+000  2.105469e-001
      vertex  1.312500e-001  0.000000e+000  2.968750e-001
    endloop
  endfacet
  facet normal  0.000000e+000 -1.000000e+000  0.000000e+000
    outer loop
      vertex  5.262154e-018  0.000000e+000  8.593750e-002
      vertex  1.651265e-003  0.000000e+000  6.917193e-002
      vertex  6.541603e-003  0.000000e+000  5.305064e-002
    endloop
  endfacet
  facet normal  0.000000e+000 -1.000000e+000  0.000000e+000
    outer loop
      vertex  5.262154e-018  0.000000e+000  8.593750e-002
      vertex  6.541603e-003  0.000000e+000  5.305064e-002
      vertex  1.448308e-002  0.000000e+000  3.819318e-002
    endloop
  endfacet
  facet normal  0.000000e+000 -1.000000e+000  0.000000e+000
    outer loop
      vertex  5.262154e-018  0.000000e+000  8.593750e-002
      vertex  1.448308e-002  0.000000e+000  3.819318e-002
      vertex  2.517051e-002  0.000000e+000  2.517051e-002
    endloop
  endfacet
  facet normal  0.000000e+000 -1.000000e+000  0.000000e+000
    outer loop
      vertex  5.262154e-018  0.000000e+000  8.593750e-002
      vertex  2.517051e-002  0.000000e+000  2.517051e-002
      vertex  3.819318e-002  0.000000e+000  1.448308e-002
    endloop
  endfacet
  facet normal  0.000000e+000 -1.000000e+000  0.000000e+000
    outer loop
      vertex  5.262154e-018  0.000000e+000  8.593750e-002
      vertex  3.819318e-002  0.000000e+000  1.448308e-002
      vertex  5.305064e-002  0.000000e+000  6.541603e-003
    endloop
  endfacet
  facet normal  0.000000e+000 -1.000000e+000  0.000000e+000
    outer loop
      vertex  5.262154e-018  0.000000e+000  8.593750e-002
      vertex  5.305064e-002  0.000000e+000  6.541603e-003
      vertex  6.917193e-002  0.000000e+000  1.651265e-003
    endloop
  endfacet
  facet normal  0.000000e+000 -1.000000e+000  0.000000e+000
    outer loop
      vertex  5.262154e-018  0.000000e+000  8.593750e-002
      vertex  6.917193e-002  0.000000e+000  1.651265e-003
      vertex  8.593750e-002  0.000000e+000 -5.262154e-018
    endloop
  endfacet
  facet normal  0.000000e+000 -1.000000e+000  0.000000e+000
    outer loop
      vertex  5.262154e-018  0.000000e+000  8.593750e-002
      vertex  8.593750e-002  0.000000e+000 -5.262154e-018
      vertex  2.640625e-001  0.000000e+000 -1.616916e-017
    endloop
  endfacet
  facet normal  0.000000e+000 -1.000000e+000  0.000000e+000
    outer loop
      vertex  5.262154e-018  0.000000e+000  8.593750e-002
      vertex  2.640625e-001  0.000000e+000 -1.616916e-017
      vertex  2.640625e-001  0.000000e+000  2.105469e-001
    endloop
  endfacet
  facet normal  -0.000000e+000 -1.000000e+000  0.000000e+000
    outer loop
      vertex  5.262154e-018  0.000000e+000  8.593750e-002
      vertex  2.640625e-001  0.000000e+000  2.105469e-001
      vertex  1.817835e-017  0.000000e+000  2.968750e-001
    endloop
  endfacet
  facet normal  0.000000e+000  1.000000e+000  0.000000e+000
    outer loop
      vertex  1.312500e-001  7.500000e-001  2.968750e-001
      vertex  2.875000e-001  7.500000e-001  1.953125e-001
      vertex  1.817835e-017  7.500000e-001  2.968750e-001
    endloop
  endfacet
  facet normal  0.000000e+000  9.999999e-001  0.000000e+000
    outer loop
      vertex  5.262154e-018  7.500000e-001  8.593750e-002
      vertex  1.817835e-017  7.500000e-001  2.968750e-001
      vertex  2.875000e-001  7.500000e-001  1.953125e-001
    endloop
  endfacet
  facet normal  0.000000e+000  9.999999e-001  0.000000e+000
    outer loop
      vertex  5.262154e-018  7.500000e-001  8.593750e-002
      vertex  2.875000e-001  7.500000e-001  1.953125e-001
      vertex  2.875000e-001  7.500000e-001 -1.760430e-017
    endloop
  endfacet
  facet normal  0.000000e+000  1.000000e+000  0.000000e+000
    outer loop
      vertex  5.262154e-018  7.500000e-001  8.593750e-002
      vertex  2.875000e-001  7.500000e-001 -1.760430e-017
      vertex  8.593750e-002  7.500000e-001 -5.262154e-018
    endloop
  endfacet
  facet normal  0.000000e+000  1.000000e+000  0.000000e+000
    outer loop
      vertex  5.262154e-018  7.500000e-001  8.593750e-002
      vertex  8.593750e-002  7.500000e-001 -5.262154e-018
      vertex  6.917193e-002  7.500000e-001  1.651265e-003
    endloop
  endfacet
  facet normal  0.000000e+000  1.000000e+000  0.000000e+000
    outer loop
      vertex  5.262154e-018  7.500000e-001  8.593750e-002
      vertex  6.917193e-002  7.500000e-001  1.651265e-003
      vertex  5.305064e-002  7.500000e-001  6.541603e-003
    endloop
  endfacet
  facet normal  0.000000e+000  1.000000e+000  0.000000e+000
    outer loop
      vertex  5.262154e-018  7.500000e-001  8.593750e-002
      vertex  5.305064e-002  7.500000e-001  6.541603e-003
      vertex  3.819318e-002  7.500000e-001  1.448308e-002
    endloop
  endfacet
  facet normal  0.000000e+000  1.000000e+000  0.000000e+000
    outer loop
      vertex  5.262154e-018  7.500000e-001  8.593750e-002
      vertex  3.819318e-002  7.500000e-001  1.448308e-002
      vertex  2.517051e-002  7.500000e-001  2.517051e-002
    endloop
  endfacet
  facet normal  0.000000e+000  1.000000e+000  0.000000e+000
    outer loop
      vertex  5.262154e-018  7.500000e-001  8.593750e-002
      vertex  2.517051e-002  7.500000e-001  2.517051e-002
      vertex  1.448308e-002  7.500000e-001  3.819318e-002
    endloop
  endfacet
  facet normal  0.000000e+000  1.000000e+000  0.000000e+000
    outer loop
      vertex  5.262154e-018  7.500000e-001  8.593750e-002
      vertex  1.448308e-002  7.500000e-001  3.819318e-002
      vertex  6.541603e-003  7.500000e-001  5.305064e-002
    endloop
  endfacet
  facet normal  0.000000e+000  9.999999e-001  0.000000e+000
    outer loop
      vertex  5.262154e-018  7.500000e-001  8.593750e-002
      vertex  6.541603e-003  7.500000e-001  5.305064e-002
      vertex  1.651265e-003  7.500000e-001  6.917193e-002
    endloop
  endfacet
  facet normal -6.123234e-017 -3.687707e-024 -9.999999e-001
    outer loop
      vertex  2.640625e-001  0.000000e+000 -1.616916e-017
      vertex  8.593750e-002  0.000000e+000 -5.262154e-018
      vertex  2.875000e-001  1.640625e-001 -1.760430e-017
    endloop
  endfacet
  facet normal -6.123234e-017  0.000000e+000 -9.999999e-001
    outer loop
      vertex  2.875000e-001  1.640625e-001 -1.760430e-017
      vertex  8.593750e-002  0.000000e+000 -5.262154e-018
      vertex  8.593750e-002  7.500000e-001 -5.262154e-018
    endloop
  endfacet
  facet normal -6.123234e-017  0.000000e+000 -9.999999e-001
    outer loop
      vertex  2.875000e-001  1.640625e-001 -1.760430e-017
      vertex  8.593750e-002  7.500000e-001 -5.262154e-018
      vertex  2.875000e-001  7.500000e-001 -1.760430e-017
    endloop
  endfacet
  facet normal -1.000000e+000  0.000000e+000  6.123234e-017
    outer loop
      vertex  1.817835e-017  0.000000e+000  2.968750e-001
      vertex  1.817835e-017  7.500000e-001  2.968750e-001
      vertex  5.262154e-018  0.000000e+000  8.593750e-002
    endloop
  endfacet
  facet normal -1.000000e+000  0.000000e+000  6.123234e-017
    outer loop
      vertex  5.262154e-018  0.000000e+000  8.593750e-002
      vertex  1.817835e-017  7.500000e-001  2.968750e-001
      vertex  5.262154e-018  7.500000e-001  8.593750e-002
    endloop
  endfacet
  facet normal -9.951847e-001  -0.000000e+000 -9.801716e-002
    outer loop
      vertex  5.262154e-018  0.000000e+000  8.593750e-002
      vertex  5.262154e-018  7.500000e-001  8.593750e-002
      vertex  1.651265e-003  0.000000e+000  6.917193e-002
    endloop
  endfacet
  facet normal -9.951847e-001  0.000000e+000 -9.801716e-002
    outer loop
      vertex  1.651265e-003  0.000000e+000  6.917193e-002
      vertex  5.262154e-018  7.500000e-001  8.593750e-002
      vertex  1.651265e-003  7.500000e-001  6.917193e-002
    endloop
  endfacet
  facet normal -9.569403e-001  -0.000000e+000 -2.902846e-001
    outer loop
      vertex  1.651265e-003  0.000000e+000  6.917193e-002
      vertex  1.651265e-003  7.500000e-001  6.917193e-002
      vertex  6.541603e-003  0.000000e+000  5.305064e-002
    endloop
  endfacet
  facet normal -9.569403e-001  0.000000e+000 -2.902846e-001
    outer loop
      vertex  6.541603e-003  0.000000e+000  5.305064e-002
      vertex  1.651265e-003  7.500000e-001  6.917193e-002
      vertex  6.541603e-003  7.500000e-001  5.305064e-002
    endloop
  endfacet
  facet normal -8.819212e-001  -0.000000e+000 -4.713968e-001
    outer loop
      vertex  6.541603e-003  0.000000e+000  5.305064e-002
      vertex  6.541603e-003  7.500000e-001  5.305064e-002
      vertex  1.448308e-002  0.000000e+000  3.819318e-002
    endloop
  endfacet
  facet normal -8.819212e-001  0.000000e+000 -4.713968e-001
    outer loop
      vertex  1.448308e-002  0.000000e+000  3.819318e-002
      vertex  6.541603e-003  7.500000e-001  5.305064e-002
      vertex  1.448308e-002  7.500000e-001  3.819318e-002
    endloop
  endfacet
  facet normal -7.730105e-001  -0.000000e+000 -6.343932e-001
    outer loop
      vertex  1.448308e-002  0.000000e+000  3.819318e-002
      vertex  1.448308e-002  7.500000e-001  3.819318e-002
      vertex  2.517051e-002  0.000000e+000  2.517051e-002
    endloop
  endfacet
  facet normal -7.730105e-001  0.000000e+000 -6.343932e-001
    outer loop
      vertex  2.517051e-002  0.000000e+000  2.517051e-002
      vertex  1.448308e-002  7.500000e-001  3.819318e-002
      vertex  2.517051e-002  7.500000e-001  2.517051e-002
    endloop
  endfacet
  facet normal -6.343932e-001  -0.000000e+000 -7.730105e-001
    outer loop
      vertex  2.517051e-002  0.000000e+000  2.517051e-002
      vertex  2.517051e-002  7.500000e-001  2.517051e-002
      vertex  3.819318e-002  0.000000e+000  1.448308e-002
    endloop
  endfacet
  facet normal -6.343932e-001  0.000000e+000 -7.730105e-001
    outer loop
      vertex  3.819318e-002  0.000000e+000  1.448308e-002
      vertex  2.517051e-002  7.500000e-001  2.517051e-002
      vertex  3.819318e-002  7.500000e-001  1.448308e-002
    endloop
  endfacet
  facet normal -4.713968e-001  -0.000000e+000 -8.819212e-001
    outer loop
      vertex  3.819318e-002  0.000000e+000  1.448308e-002
      vertex  3.819318e-002  7.500000e-001  1.448308e-002
      vertex  5.305064e-002  0.000000e+000  6.541603e-003
    endloop
  endfacet
  facet normal -4.713968e-001  0.000000e+000 -8.819212e-001
    outer loop
      vertex  5.305064e-002  0.000000e+000  6.541603e-003
      vertex  3.819318e-002  7.500000e-001  1.448308e-002
      vertex  5.305064e-002  7.500000e-001  6.541603e-003
    endloop
  endfacet
  facet normal -2.902846e-001  -0.000000e+000 -9.569403e-001
    outer loop
      vertex  5.305064e-002  0.000000e+000  6.541603e-003
      vertex  5.305064e-002  7.500000e-001  6.541603e-003
      vertex  6.917193e-002  0.000000e+000  1.651265e-003
    endloop
  endfacet
  facet normal -2.902846e-001  0.000000e+000 -9.569403e-001
    outer loop
      vertex  6.917193e-002  0.000000e+000  1.651265e-003
      vertex  5.305064e-002  7.500000e-001  6.541603e-003
      vertex  6.917193e-002  7.500000e-001  1.651265e-003
    endloop
  endfacet
  facet normal -9.801716e-002  -0.000000e+000 -9.951847e-001
    outer loop
      vertex  6.917193e-002  0.000000e+000  1.651265e-003
      vertex  6.917193e-002  7.500000e-001  1.651265e-003
      vertex  8.593750e-002  0.000000e+000 -5.262154e-018
    endloop
  endfacet
  facet normal -9.801716e-002  0.000000e+000 -9.951847e-001
    outer loop
      vertex  8.593750e-002  0.000000e+000 -5.262154e-018
      vertex  6.917193e-002  7.500000e-001  1.651265e-003
      vertex  8.593750e-002  7.500000e-001 -5.262154e-018
    endloop
  endfacet
  facet normal  9.899495e-001 -1.414214e-001  0.000000e+000
    outer loop
      vertex  2.875000e-001  1.640625e-001  1.953125e-001
      vertex  2.640625e-001  0.000000e+000  2.105469e-001
      vertex  2.875000e-001  1.640625e-001 -1.760430e-017
    endloop
  endfacet
  facet normal  9.899495e-001 -1.414214e-001  0.000000e+000
    outer loop
      vertex  2.875000e-001  1.640625e-001 -1.760430e-017
      vertex  2.640625e-001  0.000000e+000  2.105469e-001
      vertex  2.640625e-001  0.000000e+000 -1.616916e-017
    endloop
  endfacet
  facet normal  0.000000e+000  0.000000e+000  1.000000e+000
    outer loop
      vertex  1.312500e-001  0.000000e+000  2.968750e-001
      vertex  1.312500e-001  7.500000e-001  2.968750e-001
      vertex  1.817835e-017  0.000000e+000  2.968750e-001
    endloop
  endfacet
  facet normal  0.000000e+000  0.000000e+000  1.000000e+000
    outer loop
      vertex  1.817835e-017  0.000000e+000  2.968750e-001
      vertex  1.312500e-001  7.500000e-001  2.968750e-001
      vertex  1.817835e-017  7.500000e-001  2.968750e-001
    endloop
  endfacet
  facet normal  1.000000e+000  0.000000e+000  0.000000e+000
    outer loop
      vertex  2.875000e-001  1.640625e-001 -1.760430e-017
      vertex  2.875000e-001  7.500000e-001 -1.760430e-017
      vertex  2.875000e-001  1.640625e-001  1.953125e-001
    endloop
  endfacet
  facet normal  1.000000e+000  -0.000000e+000  0.000000e+000
    outer loop
      vertex  2.875000e-001  1.640625e-001  1.953125e-001
      vertex  2.875000e-001  7.500000e-001 -1.760430e-017
      vertex  2.875000e-001  7.500000e-001  1.953125e-001
    endloop
  endfacet
  facet normal  5.449883e-001  3.583651e-008  8.384436e-001
    outer loop
      vertex  2.640625e-001  0.000000e+000  2.105469e-001
      vertex  2.875000e-001  1.640625e-001  1.953125e-001
      vertex  1.312500e-001  0.000000e+000  2.968750e-001
    endloop
  endfacet
  facet normal  5.449883e-001  0.000000e+000  8.384436e-001
    outer loop
      vertex  1.312500e-001  0.000000e+000  2.968750e-001
      vertex  2.875000e-001  1.640625e-001  1.953125e-001
      vertex  2.875000e-001  7.500000e-001  1.953125e-001
    endloop
  endfacet
  facet normal  5.449883e-001  0.000000e+000  8.384436e-001
    outer loop
      vertex  1.312500e-001  0.000000e+000  2.968750e-001
      vertex  2.875000e-001  7.500000e-001  1.953125e-001
      vertex  1.312500e-001  7.500000e-001  2.968750e-001
    endloop
  endfacet
endsolid CATIA STL
