solid CATIA STL
  facet normal  0.000000e+000  0.000000e+000  1.000000e+000
    outer loop
      vertex  2.890625e-001 -3.750000e-001  7.500000e-001
      vertex  3.493678e-002 -3.244512e-001  7.500000e-001
      vertex  1.595103e-001 -3.622402e-001  7.500000e-001
    endloop
  endfacet
  facet normal  0.000000e+000  0.000000e+000  1.000000e+000
    outer loop
      vertex  3.750000e-001 -3.750000e-001  7.500000e-001
      vertex  3.750000e-001  3.750000e-001  7.500000e-001
      vertex -3.750000e-001  3.750000e-001  7.500000e-001
    endloop
  endfacet
  facet normal  0.000000e+000  0.000000e+000  1.000000e+000
    outer loop
      vertex  3.750000e-001 -3.750000e-001  7.500000e-001
      vertex -3.750000e-001  3.750000e-001  7.500000e-001
      vertex -3.750000e-001  2.890625e-001  7.500000e-001
    endloop
  endfacet
  facet normal  0.000000e+000  0.000000e+000  1.000000e+000
    outer loop
      vertex  3.750000e-001 -3.750000e-001  7.500000e-001
      vertex -3.750000e-001  2.890625e-001  7.500000e-001
      vertex -3.622402e-001  1.595103e-001  7.500000e-001
    endloop
  endfacet
  facet normal  0.000000e+000  0.000000e+000  1.000000e+000
    outer loop
      vertex  3.750000e-001 -3.750000e-001  7.500000e-001
      vertex -3.622402e-001  1.595103e-001  7.500000e-001
      vertex -3.244512e-001  3.493678e-002  7.500000e-001
    endloop
  endfacet
  facet normal  0.000000e+000  0.000000e+000  1.000000e+000
    outer loop
      vertex  3.750000e-001 -3.750000e-001  7.500000e-001
      vertex -3.244512e-001  3.493678e-002  7.500000e-001
      vertex -2.630853e-001 -7.987086e-002  7.500000e-001
    endloop
  endfacet
  facet normal  0.000000e+000  0.000000e+000  1.000000e+000
    outer loop
      vertex  3.750000e-001 -3.750000e-001  7.500000e-001
      vertex -2.630853e-001 -7.987086e-002  7.500000e-001
      vertex -1.805006e-001 -1.805006e-001  7.500000e-001
    endloop
  endfacet
  facet normal  0.000000e+000  0.000000e+000  1.000000e+000
    outer loop
      vertex  3.750000e-001 -3.750000e-001  7.500000e-001
      vertex -1.805006e-001 -1.805006e-001  7.500000e-001
      vertex -7.987086e-002 -2.630853e-001  7.500000e-001
    endloop
  endfacet
  facet normal  0.000000e+000  0.000000e+000  9.999999e-001
    outer loop
      vertex  3.750000e-001 -3.750000e-001  7.500000e-001
      vertex -7.987086e-002 -2.630853e-001  7.500000e-001
      vertex  3.493678e-002 -3.244512e-001  7.500000e-001
    endloop
  endfacet
  facet normal  0.000000e+000  0.000000e+000  1.000000e+000
    outer loop
      vertex  3.750000e-001 -3.750000e-001  7.500000e-001
      vertex  3.493678e-002 -3.244512e-001  7.500000e-001
      vertex  2.890625e-001 -3.750000e-001  7.500000e-001
    endloop
  endfacet
  facet normal  0.000000e+000  0.000000e+000 -1.000000e+000
    outer loop
      vertex  1.595103e-001 -3.622402e-001  0.000000e+000
      vertex  3.493678e-002 -3.244512e-001  0.000000e+000
      vertex  2.890625e-001 -3.750000e-001  0.000000e+000
    endloop
  endfacet
  facet normal  0.000000e+000  0.000000e+000 -1.000000e+000
    outer loop
      vertex  3.750000e-001 -3.750000e-001  0.000000e+000
      vertex  2.890625e-001 -3.750000e-001  0.000000e+000
      vertex  3.493678e-002 -3.244512e-001  0.000000e+000
    endloop
  endfacet
  facet normal  0.000000e+000  0.000000e+000 -9.999999e-001
    outer loop
      vertex  3.750000e-001 -3.750000e-001  0.000000e+000
      vertex  3.493678e-002 -3.244512e-001  0.000000e+000
      vertex -7.987086e-002 -2.630853e-001  0.000000e+000
    endloop
  endfacet
  facet normal  0.000000e+000  0.000000e+000 -1.000000e+000
    outer loop
      vertex  3.750000e-001 -3.750000e-001  0.000000e+000
      vertex -7.987086e-002 -2.630853e-001  0.000000e+000
      vertex -1.805006e-001 -1.805006e-001  0.000000e+000
    endloop
  endfacet
  facet normal  0.000000e+000  0.000000e+000 -1.000000e+000
    outer loop
      vertex  3.750000e-001 -3.750000e-001  0.000000e+000
      vertex -1.805006e-001 -1.805006e-001  0.000000e+000
      vertex -2.630853e-001 -7.987086e-002  0.000000e+000
    endloop
  endfacet
  facet normal  0.000000e+000  0.000000e+000 -1.000000e+000
    outer loop
      vertex  3.750000e-001 -3.750000e-001  0.000000e+000
      vertex -2.630853e-001 -7.987086e-002  0.000000e+000
      vertex -3.244512e-001  3.493678e-002  0.000000e+000
    endloop
  endfacet
  facet normal  0.000000e+000  0.000000e+000 -1.000000e+000
    outer loop
      vertex  3.750000e-001 -3.750000e-001  0.000000e+000
      vertex -3.244512e-001  3.493678e-002  0.000000e+000
      vertex -3.622402e-001  1.595103e-001  0.000000e+000
    endloop
  endfacet
  facet normal  0.000000e+000  0.000000e+000 -1.000000e+000
    outer loop
      vertex  3.750000e-001 -3.750000e-001  0.000000e+000
      vertex -3.622402e-001  1.595103e-001  0.000000e+000
      vertex -3.750000e-001  2.890625e-001  0.000000e+000
    endloop
  endfacet
  facet normal  0.000000e+000  0.000000e+000 -1.000000e+000
    outer loop
      vertex  3.750000e-001 -3.750000e-001  0.000000e+000
      vertex -3.750000e-001  2.890625e-001  0.000000e+000
      vertex -3.750000e-001  3.750000e-001  0.000000e+000
    endloop
  endfacet
  facet normal  0.000000e+000  0.000000e+000 -1.000000e+000
    outer loop
      vertex  3.750000e-001 -3.750000e-001  0.000000e+000
      vertex -3.750000e-001  3.750000e-001  0.000000e+000
      vertex  3.750000e-001  3.750000e-001  0.000000e+000
    endloop
  endfacet
  facet normal -1.000000e+000  0.000000e+000  0.000000e+000
    outer loop
      vertex -3.750000e-001  3.750000e-001  0.000000e+000
      vertex -3.750000e-001  2.890625e-001  0.000000e+000
      vertex -3.750000e-001  3.750000e-001  7.500000e-001
    endloop
  endfacet
  facet normal -1.000000e+000  -0.000000e+000  0.000000e+000
    outer loop
      vertex -3.750000e-001  3.750000e-001  7.500000e-001
      vertex -3.750000e-001  2.890625e-001  0.000000e+000
      vertex -3.750000e-001  2.890625e-001  7.500000e-001
    endloop
  endfacet
  facet normal  0.000000e+000 -1.000000e+000  0.000000e+000
    outer loop
      vertex  2.890625e-001 -3.750000e-001  0.000000e+000
      vertex  3.750000e-001 -3.750000e-001  0.000000e+000
      vertex  2.890625e-001 -3.750000e-001  7.500000e-001
    endloop
  endfacet
  facet normal  0.000000e+000 -1.000000e+000  0.000000e+000
    outer loop
      vertex  2.890625e-001 -3.750000e-001  7.500000e-001
      vertex  3.750000e-001 -3.750000e-001  0.000000e+000
      vertex  3.750000e-001 -3.750000e-001  7.500000e-001
    endloop
  endfacet
  facet normal -9.801713e-002 -9.951847e-001  -0.000000e+000
    outer loop
      vertex  2.890625e-001 -3.750000e-001  0.000000e+000
      vertex  2.890625e-001 -3.750000e-001  7.500000e-001
      vertex  1.595103e-001 -3.622402e-001  0.000000e+000
    endloop
  endfacet
  facet normal -9.801713e-002 -9.951847e-001  0.000000e+000
    outer loop
      vertex  1.595103e-001 -3.622402e-001  0.000000e+000
      vertex  2.890625e-001 -3.750000e-001  7.500000e-001
      vertex  1.595103e-001 -3.622402e-001  7.500000e-001
    endloop
  endfacet
  facet normal -2.902848e-001 -9.569403e-001  -0.000000e+000
    outer loop
      vertex  1.595103e-001 -3.622402e-001  0.000000e+000
      vertex  1.595103e-001 -3.622402e-001  7.500000e-001
      vertex  3.493678e-002 -3.244512e-001  0.000000e+000
    endloop
  endfacet
  facet normal -2.902848e-001 -9.569403e-001  0.000000e+000
    outer loop
      vertex  3.493678e-002 -3.244512e-001  0.000000e+000
      vertex  1.595103e-001 -3.622402e-001  7.500000e-001
      vertex  3.493678e-002 -3.244512e-001  7.500000e-001
    endloop
  endfacet
  facet normal -4.713967e-001 -8.819213e-001  -0.000000e+000
    outer loop
      vertex  3.493678e-002 -3.244512e-001  0.000000e+000
      vertex  3.493678e-002 -3.244512e-001  7.500000e-001
      vertex -7.987086e-002 -2.630853e-001  0.000000e+000
    endloop
  endfacet
  facet normal -4.713967e-001 -8.819213e-001  0.000000e+000
    outer loop
      vertex -7.987086e-002 -2.630853e-001  0.000000e+000
      vertex  3.493678e-002 -3.244512e-001  7.500000e-001
      vertex -7.987086e-002 -2.630853e-001  7.500000e-001
    endloop
  endfacet
  facet normal -6.343933e-001 -7.730106e-001  -0.000000e+000
    outer loop
      vertex -7.987086e-002 -2.630853e-001  0.000000e+000
      vertex -7.987086e-002 -2.630853e-001  7.500000e-001
      vertex -1.805006e-001 -1.805006e-001  0.000000e+000
    endloop
  endfacet
  facet normal -6.343933e-001 -7.730106e-001  0.000000e+000
    outer loop
      vertex -1.805006e-001 -1.805006e-001  0.000000e+000
      vertex -7.987086e-002 -2.630853e-001  7.500000e-001
      vertex -1.805006e-001 -1.805006e-001  7.500000e-001
    endloop
  endfacet
  facet normal -7.730106e-001 -6.343933e-001  -0.000000e+000
    outer loop
      vertex -1.805006e-001 -1.805006e-001  0.000000e+000
      vertex -1.805006e-001 -1.805006e-001  7.500000e-001
      vertex -2.630853e-001 -7.987086e-002  0.000000e+000
    endloop
  endfacet
  facet normal -7.730106e-001 -6.343933e-001  0.000000e+000
    outer loop
      vertex -2.630853e-001 -7.987086e-002  0.000000e+000
      vertex -1.805006e-001 -1.805006e-001  7.500000e-001
      vertex -2.630853e-001 -7.987086e-002  7.500000e-001
    endloop
  endfacet
  facet normal -8.819213e-001 -4.713967e-001  -0.000000e+000
    outer loop
      vertex -2.630853e-001 -7.987086e-002  0.000000e+000
      vertex -2.630853e-001 -7.987086e-002  7.500000e-001
      vertex -3.244512e-001  3.493678e-002  0.000000e+000
    endloop
  endfacet
  facet normal -8.819213e-001 -4.713967e-001  0.000000e+000
    outer loop
      vertex -3.244512e-001  3.493678e-002  0.000000e+000
      vertex -2.630853e-001 -7.987086e-002  7.500000e-001
      vertex -3.244512e-001  3.493678e-002  7.500000e-001
    endloop
  endfacet
  facet normal -9.569403e-001 -2.902848e-001  -0.000000e+000
    outer loop
      vertex -3.244512e-001  3.493678e-002  0.000000e+000
      vertex -3.244512e-001  3.493678e-002  7.500000e-001
      vertex -3.622402e-001  1.595103e-001  0.000000e+000
    endloop
  endfacet
  facet normal -9.569403e-001 -2.902848e-001  0.000000e+000
    outer loop
      vertex -3.622402e-001  1.595103e-001  0.000000e+000
      vertex -3.244512e-001  3.493678e-002  7.500000e-001
      vertex -3.622402e-001  1.595103e-001  7.500000e-001
    endloop
  endfacet
  facet normal -9.951847e-001 -9.801713e-002  -0.000000e+000
    outer loop
      vertex -3.622402e-001  1.595103e-001  0.000000e+000
      vertex -3.622402e-001  1.595103e-001  7.500000e-001
      vertex -3.750000e-001  2.890625e-001  0.000000e+000
    endloop
  endfacet
  facet normal -9.951847e-001 -9.801713e-002  0.000000e+000
    outer loop
      vertex -3.750000e-001  2.890625e-001  0.000000e+000
      vertex -3.622402e-001  1.595103e-001  7.500000e-001
      vertex -3.750000e-001  2.890625e-001  7.500000e-001
    endloop
  endfacet
  facet normal  0.000000e+000  1.000000e+000  0.000000e+000
    outer loop
      vertex  3.750000e-001  3.750000e-001  0.000000e+000
      vertex -3.750000e-001  3.750000e-001  0.000000e+000
      vertex  3.750000e-001  3.750000e-001  7.500000e-001
    endloop
  endfacet
  facet normal  0.000000e+000  1.000000e+000  0.000000e+000
    outer loop
      vertex  3.750000e-001  3.750000e-001  7.500000e-001
      vertex -3.750000e-001  3.750000e-001  0.000000e+000
      vertex -3.750000e-001  3.750000e-001  7.500000e-001
    endloop
  endfacet
  facet normal  1.000000e+000  0.000000e+000  0.000000e+000
    outer loop
      vertex  3.750000e-001 -3.750000e-001  0.000000e+000
      vertex  3.750000e-001  3.750000e-001  0.000000e+000
      vertex  3.750000e-001 -3.750000e-001  7.500000e-001
    endloop
  endfacet
  facet normal  1.000000e+000  -0.000000e+000  0.000000e+000
    outer loop
      vertex  3.750000e-001 -3.750000e-001  7.500000e-001
      vertex  3.750000e-001  3.750000e-001  0.000000e+000
      vertex  3.750000e-001  3.750000e-001  7.500000e-001
    endloop
  endfacet
endsolid CATIA STL
