solid CATIA STL
  facet normal -1.000000e+000  0.000000e+000  -0.000000e+000
    outer loop
      vertex  0.000000e+000  0.000000e+000  2.031250e-001
      vertex  0.000000e+000  1.050805e-002  3.098150e-001
      vertex  0.000000e+000  4.162838e-002  4.124050e-001
    endloop
  endfacet
  facet normal -1.000000e+000  0.000000e+000  -0.000000e+000
    outer loop
      vertex  0.000000e+000  0.000000e+000  2.031250e-001
      vertex  0.000000e+000  4.162838e-002  4.124050e-001
      vertex  0.000000e+000  9.216505e-002  5.069525e-001
    endloop
  endfacet
  facet normal -9.999999e-001  0.000000e+000  -0.000000e+000
    outer loop
      vertex  0.000000e+000  0.000000e+000  2.031250e-001
      vertex  0.000000e+000  9.216505e-002  5.069525e-001
      vertex  0.000000e+000  1.601760e-001  5.898240e-001
    endloop
  endfacet
  facet normal -1.000000e+000  0.000000e+000  -0.000000e+000
    outer loop
      vertex  0.000000e+000  0.000000e+000  2.031250e-001
      vertex  0.000000e+000  1.601760e-001  5.898240e-001
      vertex  0.000000e+000  2.430475e-001  6.578349e-001
    endloop
  endfacet
  facet normal -9.999999e-001  0.000000e+000  -0.000000e+000
    outer loop
      vertex  0.000000e+000  0.000000e+000  2.031250e-001
      vertex  0.000000e+000  2.430475e-001  6.578349e-001
      vertex  0.000000e+000  3.375950e-001  7.083716e-001
    endloop
  endfacet
  facet normal -1.000000e+000  0.000000e+000  -0.000000e+000
    outer loop
      vertex  0.000000e+000  0.000000e+000  2.031250e-001
      vertex  0.000000e+000  3.375950e-001  7.083716e-001
      vertex  0.000000e+000  4.401850e-001  7.394919e-001
    endloop
  endfacet
  facet normal -1.000000e+000  0.000000e+000  -0.000000e+000
    outer loop
      vertex  0.000000e+000  0.000000e+000  2.031250e-001
      vertex  0.000000e+000  4.401850e-001  7.394919e-001
      vertex  0.000000e+000  5.468750e-001  7.500000e-001
    endloop
  endfacet
  facet normal -1.000000e+000  0.000000e+000  -0.000000e+000
    outer loop
      vertex  0.000000e+000  0.000000e+000  2.031250e-001
      vertex  0.000000e+000  5.468750e-001  7.500000e-001
      vertex  0.000000e+000  7.500000e-001  7.500000e-001
    endloop
  endfacet
  facet normal -1.000000e+000  0.000000e+000  -0.000000e+000
    outer loop
      vertex  0.000000e+000  0.000000e+000  2.031250e-001
      vertex  0.000000e+000  7.500000e-001  7.500000e-001
      vertex  0.000000e+000  7.500000e-001  1.562500e-001
    endloop
  endfacet
  facet normal -1.000000e+000  0.000000e+000  0.000000e+000
    outer loop
      vertex  0.000000e+000  0.000000e+000  2.031250e-001
      vertex  0.000000e+000  7.500000e-001  1.562500e-001
      vertex  0.000000e+000  0.000000e+000  1.562500e-001
    endloop
  endfacet
  facet normal  0.000000e+000 -1.000000e+000  0.000000e+000
    outer loop
      vertex  7.500000e-001  0.000000e+000  2.031250e-001
      vertex  0.000000e+000  0.000000e+000  2.031250e-001
      vertex  0.000000e+000  0.000000e+000  1.562500e-001
    endloop
  endfacet
  facet normal  0.000000e+000 -1.000000e+000  0.000000e+000
    outer loop
      vertex  7.500000e-001  0.000000e+000  2.031250e-001
      vertex  0.000000e+000  0.000000e+000  1.562500e-001
      vertex  3.002300e-003  0.000000e+000  1.257671e-001
    endloop
  endfacet
  facet normal  0.000000e+000 -1.000000e+000  0.000000e+000
    outer loop
      vertex  7.500000e-001  0.000000e+000  2.031250e-001
      vertex  3.002300e-003  0.000000e+000  1.257671e-001
      vertex  1.189382e-002  0.000000e+000  9.645572e-002
    endloop
  endfacet
  facet normal  0.000000e+000 -1.000000e+000  0.000000e+000
    outer loop
      vertex  7.500000e-001  0.000000e+000  2.031250e-001
      vertex  1.189382e-002  0.000000e+000  9.645572e-002
      vertex  2.633287e-002  0.000000e+000  6.944215e-002
    endloop
  endfacet
  facet normal  0.000000e+000 -9.999999e-001  0.000000e+000
    outer loop
      vertex  7.500000e-001  0.000000e+000  2.031250e-001
      vertex  2.633287e-002  0.000000e+000  6.944215e-002
      vertex  4.576457e-002  0.000000e+000  4.576457e-002
    endloop
  endfacet
  facet normal  0.000000e+000 -1.000000e+000  0.000000e+000
    outer loop
      vertex  7.500000e-001  0.000000e+000  2.031250e-001
      vertex  4.576457e-002  0.000000e+000  4.576457e-002
      vertex  6.944215e-002  0.000000e+000  2.633287e-002
    endloop
  endfacet
  facet normal  0.000000e+000 -1.000000e+000  0.000000e+000
    outer loop
      vertex  7.500000e-001  0.000000e+000  2.031250e-001
      vertex  6.944215e-002  0.000000e+000  2.633287e-002
      vertex  9.645572e-002  0.000000e+000  1.189382e-002
    endloop
  endfacet
  facet normal  0.000000e+000 -1.000000e+000  0.000000e+000
    outer loop
      vertex  7.500000e-001  0.000000e+000  2.031250e-001
      vertex  9.645572e-002  0.000000e+000  1.189382e-002
      vertex  1.257671e-001  0.000000e+000  3.002300e-003
    endloop
  endfacet
  facet normal  0.000000e+000 -1.000000e+000  0.000000e+000
    outer loop
      vertex  7.500000e-001  0.000000e+000  2.031250e-001
      vertex  1.257671e-001  0.000000e+000  3.002300e-003
      vertex  1.562500e-001  0.000000e+000  0.000000e+000
    endloop
  endfacet
  facet normal  0.000000e+000 -1.000000e+000  0.000000e+000
    outer loop
      vertex  7.500000e-001  0.000000e+000  2.031250e-001
      vertex  1.562500e-001  0.000000e+000  0.000000e+000
      vertex  7.500000e-001  0.000000e+000  0.000000e+000
    endloop
  endfacet
  facet normal  0.000000e+000  0.000000e+000 -1.000000e+000
    outer loop
      vertex  1.562500e-001  0.000000e+000  0.000000e+000
      vertex  1.562500e-001  7.500000e-001  0.000000e+000
      vertex  7.500000e-001  0.000000e+000  0.000000e+000
    endloop
  endfacet
  facet normal  0.000000e+000  0.000000e+000 -1.000000e+000
    outer loop
      vertex  7.500000e-001  0.000000e+000  0.000000e+000
      vertex  1.562500e-001  7.500000e-001  0.000000e+000
      vertex  7.500000e-001  7.500000e-001  0.000000e+000
    endloop
  endfacet
  facet normal  0.000000e+000  9.999999e-001  0.000000e+000
    outer loop
      vertex  1.562500e-001  7.500000e-001  0.000000e+000
      vertex  1.257671e-001  7.500000e-001  3.002300e-003
      vertex  7.500000e-001  7.500000e-001  0.000000e+000
    endloop
  endfacet
  facet normal  -0.000000e+000  1.000000e+000  0.000000e+000
    outer loop
      vertex  0.000000e+000  7.500000e-001  1.562500e-001
      vertex  0.000000e+000  7.500000e-001  7.500000e-001
      vertex  7.500000e-001  7.500000e-001  7.500000e-001
    endloop
  endfacet
  facet normal  0.000000e+000  1.000000e+000  0.000000e+000
    outer loop
      vertex  0.000000e+000  7.500000e-001  1.562500e-001
      vertex  7.500000e-001  7.500000e-001  7.500000e-001
      vertex  7.500000e-001  7.500000e-001  0.000000e+000
    endloop
  endfacet
  facet normal  0.000000e+000  1.000000e+000  0.000000e+000
    outer loop
      vertex  0.000000e+000  7.500000e-001  1.562500e-001
      vertex  7.500000e-001  7.500000e-001  0.000000e+000
      vertex  1.257671e-001  7.500000e-001  3.002300e-003
    endloop
  endfacet
  facet normal  0.000000e+000  1.000000e+000  0.000000e+000
    outer loop
      vertex  0.000000e+000  7.500000e-001  1.562500e-001
      vertex  1.257671e-001  7.500000e-001  3.002300e-003
      vertex  9.645572e-002  7.500000e-001  1.189382e-002
    endloop
  endfacet
  facet normal  0.000000e+000  1.000000e+000  0.000000e+000
    outer loop
      vertex  0.000000e+000  7.500000e-001  1.562500e-001
      vertex  9.645572e-002  7.500000e-001  1.189382e-002
      vertex  6.944215e-002  7.500000e-001  2.633287e-002
    endloop
  endfacet
  facet normal  0.000000e+000  1.000000e+000  0.000000e+000
    outer loop
      vertex  0.000000e+000  7.500000e-001  1.562500e-001
      vertex  6.944215e-002  7.500000e-001  2.633287e-002
      vertex  4.576457e-002  7.500000e-001  4.576457e-002
    endloop
  endfacet
  facet normal  0.000000e+000  1.000000e+000  0.000000e+000
    outer loop
      vertex  0.000000e+000  7.500000e-001  1.562500e-001
      vertex  4.576457e-002  7.500000e-001  4.576457e-002
      vertex  2.633287e-002  7.500000e-001  6.944215e-002
    endloop
  endfacet
  facet normal  0.000000e+000  1.000000e+000  0.000000e+000
    outer loop
      vertex  0.000000e+000  7.500000e-001  1.562500e-001
      vertex  2.633287e-002  7.500000e-001  6.944215e-002
      vertex  1.189382e-002  7.500000e-001  9.645572e-002
    endloop
  endfacet
  facet normal  0.000000e+000  1.000000e+000  0.000000e+000
    outer loop
      vertex  0.000000e+000  7.500000e-001  1.562500e-001
      vertex  1.189382e-002  7.500000e-001  9.645572e-002
      vertex  3.002300e-003  7.500000e-001  1.257671e-001
    endloop
  endfacet
  facet normal -9.801716e-002  0.000000e+000 -9.951847e-001
    outer loop
      vertex  1.562500e-001  7.500000e-001  0.000000e+000
      vertex  1.562500e-001  0.000000e+000  0.000000e+000
      vertex  1.257671e-001  7.500000e-001  3.002300e-003
    endloop
  endfacet
  facet normal -9.801716e-002  -0.000000e+000 -9.951847e-001
    outer loop
      vertex  1.257671e-001  7.500000e-001  3.002300e-003
      vertex  1.562500e-001  0.000000e+000  0.000000e+000
      vertex  1.257671e-001  0.000000e+000  3.002300e-003
    endloop
  endfacet
  facet normal -2.902846e-001  0.000000e+000 -9.569403e-001
    outer loop
      vertex  1.257671e-001  7.500000e-001  3.002300e-003
      vertex  1.257671e-001  0.000000e+000  3.002300e-003
      vertex  9.645572e-002  7.500000e-001  1.189382e-002
    endloop
  endfacet
  facet normal -2.902846e-001  -0.000000e+000 -9.569403e-001
    outer loop
      vertex  9.645572e-002  7.500000e-001  1.189382e-002
      vertex  1.257671e-001  0.000000e+000  3.002300e-003
      vertex  9.645572e-002  0.000000e+000  1.189382e-002
    endloop
  endfacet
  facet normal -4.713968e-001  0.000000e+000 -8.819212e-001
    outer loop
      vertex  9.645572e-002  7.500000e-001  1.189382e-002
      vertex  9.645572e-002  0.000000e+000  1.189382e-002
      vertex  6.944215e-002  7.500000e-001  2.633287e-002
    endloop
  endfacet
  facet normal -4.713968e-001  -0.000000e+000 -8.819212e-001
    outer loop
      vertex  6.944215e-002  7.500000e-001  2.633287e-002
      vertex  9.645572e-002  0.000000e+000  1.189382e-002
      vertex  6.944215e-002  0.000000e+000  2.633287e-002
    endloop
  endfacet
  facet normal -6.343932e-001  0.000000e+000 -7.730105e-001
    outer loop
      vertex  6.944215e-002  7.500000e-001  2.633287e-002
      vertex  6.944215e-002  0.000000e+000  2.633287e-002
      vertex  4.576457e-002  7.500000e-001  4.576457e-002
    endloop
  endfacet
  facet normal -6.343932e-001  -0.000000e+000 -7.730105e-001
    outer loop
      vertex  4.576457e-002  7.500000e-001  4.576457e-002
      vertex  6.944215e-002  0.000000e+000  2.633287e-002
      vertex  4.576457e-002  0.000000e+000  4.576457e-002
    endloop
  endfacet
  facet normal -7.730105e-001  0.000000e+000 -6.343932e-001
    outer loop
      vertex  4.576457e-002  7.500000e-001  4.576457e-002
      vertex  4.576457e-002  0.000000e+000  4.576457e-002
      vertex  2.633287e-002  7.500000e-001  6.944215e-002
    endloop
  endfacet
  facet normal -7.730105e-001  -0.000000e+000 -6.343932e-001
    outer loop
      vertex  2.633287e-002  7.500000e-001  6.944215e-002
      vertex  4.576457e-002  0.000000e+000  4.576457e-002
      vertex  2.633287e-002  0.000000e+000  6.944215e-002
    endloop
  endfacet
  facet normal -8.819212e-001  0.000000e+000 -4.713968e-001
    outer loop
      vertex  2.633287e-002  7.500000e-001  6.944215e-002
      vertex  2.633287e-002  0.000000e+000  6.944215e-002
      vertex  1.189382e-002  7.500000e-001  9.645572e-002
    endloop
  endfacet
  facet normal -8.819212e-001  -0.000000e+000 -4.713968e-001
    outer loop
      vertex  1.189382e-002  7.500000e-001  9.645572e-002
      vertex  2.633287e-002  0.000000e+000  6.944215e-002
      vertex  1.189382e-002  0.000000e+000  9.645572e-002
    endloop
  endfacet
  facet normal -9.569403e-001  0.000000e+000 -2.902846e-001
    outer loop
      vertex  1.189382e-002  7.500000e-001  9.645572e-002
      vertex  1.189382e-002  0.000000e+000  9.645572e-002
      vertex  3.002300e-003  7.500000e-001  1.257671e-001
    endloop
  endfacet
  facet normal -9.569403e-001  -0.000000e+000 -2.902846e-001
    outer loop
      vertex  3.002300e-003  7.500000e-001  1.257671e-001
      vertex  1.189382e-002  0.000000e+000  9.645572e-002
      vertex  3.002300e-003  0.000000e+000  1.257671e-001
    endloop
  endfacet
  facet normal -9.951847e-001  0.000000e+000 -9.801716e-002
    outer loop
      vertex  3.002300e-003  7.500000e-001  1.257671e-001
      vertex  3.002300e-003  0.000000e+000  1.257671e-001
      vertex  0.000000e+000  7.500000e-001  1.562500e-001
    endloop
  endfacet
  facet normal -9.951847e-001  -0.000000e+000 -9.801716e-002
    outer loop
      vertex  0.000000e+000  7.500000e-001  1.562500e-001
      vertex  3.002300e-003  0.000000e+000  1.257671e-001
      vertex  0.000000e+000  0.000000e+000  1.562500e-001
    endloop
  endfacet
  facet normal  0.000000e+000  0.000000e+000  1.000000e+000
    outer loop
      vertex  0.000000e+000  5.468750e-001  7.500000e-001
      vertex  7.500000e-001  5.468750e-001  7.500000e-001
      vertex  0.000000e+000  7.500000e-001  7.500000e-001
    endloop
  endfacet
  facet normal  -0.000000e+000  0.000000e+000  1.000000e+000
    outer loop
      vertex  0.000000e+000  7.500000e-001  7.500000e-001
      vertex  7.500000e-001  5.468750e-001  7.500000e-001
      vertex  7.500000e-001  7.500000e-001  7.500000e-001
    endloop
  endfacet
  facet normal  1.000000e+000  -0.000000e+000  0.000000e+000
    outer loop
      vertex  7.500000e-001  7.500000e-001  7.500000e-001
      vertex  7.500000e-001  5.468750e-001  7.500000e-001
      vertex  7.500000e-001  4.401850e-001  7.394919e-001
    endloop
  endfacet
  facet normal  1.000000e+000  -0.000000e+000  0.000000e+000
    outer loop
      vertex  7.500000e-001  7.500000e-001  7.500000e-001
      vertex  7.500000e-001  4.401850e-001  7.394919e-001
      vertex  7.500000e-001  0.000000e+000  2.031250e-001
    endloop
  endfacet
  facet normal  1.000000e+000  -0.000000e+000  0.000000e+000
    outer loop
      vertex  7.500000e-001  7.500000e-001  7.500000e-001
      vertex  7.500000e-001  0.000000e+000  2.031250e-001
      vertex  7.500000e-001  0.000000e+000  0.000000e+000
    endloop
  endfacet
  facet normal  1.000000e+000  0.000000e+000  0.000000e+000
    outer loop
      vertex  7.500000e-001  7.500000e-001  7.500000e-001
      vertex  7.500000e-001  0.000000e+000  0.000000e+000
      vertex  7.500000e-001  7.500000e-001  0.000000e+000
    endloop
  endfacet
  facet normal  1.000000e+000  0.000000e+000  0.000000e+000
    outer loop
      vertex  7.500000e-001  0.000000e+000  2.031250e-001
      vertex  7.500000e-001  4.401850e-001  7.394919e-001
      vertex  7.500000e-001  3.375950e-001  7.083716e-001
    endloop
  endfacet
  facet normal  9.999999e-001  0.000000e+000  0.000000e+000
    outer loop
      vertex  7.500000e-001  0.000000e+000  2.031250e-001
      vertex  7.500000e-001  3.375950e-001  7.083716e-001
      vertex  7.500000e-001  2.430475e-001  6.578349e-001
    endloop
  endfacet
  facet normal  1.000000e+000  0.000000e+000  0.000000e+000
    outer loop
      vertex  7.500000e-001  0.000000e+000  2.031250e-001
      vertex  7.500000e-001  2.430475e-001  6.578349e-001
      vertex  7.500000e-001  1.601760e-001  5.898240e-001
    endloop
  endfacet
  facet normal  9.999999e-001  0.000000e+000  0.000000e+000
    outer loop
      vertex  7.500000e-001  0.000000e+000  2.031250e-001
      vertex  7.500000e-001  1.601760e-001  5.898240e-001
      vertex  7.500000e-001  9.216505e-002  5.069525e-001
    endloop
  endfacet
  facet normal  1.000000e+000  0.000000e+000  0.000000e+000
    outer loop
      vertex  7.500000e-001  0.000000e+000  2.031250e-001
      vertex  7.500000e-001  9.216505e-002  5.069525e-001
      vertex  7.500000e-001  4.162838e-002  4.124050e-001
    endloop
  endfacet
  facet normal  1.000000e+000  0.000000e+000  0.000000e+000
    outer loop
      vertex  7.500000e-001  0.000000e+000  2.031250e-001
      vertex  7.500000e-001  4.162838e-002  4.124050e-001
      vertex  7.500000e-001  1.050805e-002  3.098150e-001
    endloop
  endfacet
  facet normal  0.000000e+000 -9.951847e-001  9.801715e-002
    outer loop
      vertex  0.000000e+000  0.000000e+000  2.031250e-001
      vertex  7.500000e-001  0.000000e+000  2.031250e-001
      vertex  0.000000e+000  1.050805e-002  3.098150e-001
    endloop
  endfacet
  facet normal  0.000000e+000 -9.951847e-001  9.801715e-002
    outer loop
      vertex  0.000000e+000  1.050805e-002  3.098150e-001
      vertex  7.500000e-001  0.000000e+000  2.031250e-001
      vertex  7.500000e-001  1.050805e-002  3.098150e-001
    endloop
  endfacet
  facet normal  0.000000e+000 -9.569404e-001  2.902846e-001
    outer loop
      vertex  0.000000e+000  1.050805e-002  3.098150e-001
      vertex  7.500000e-001  1.050805e-002  3.098150e-001
      vertex  0.000000e+000  4.162838e-002  4.124050e-001
    endloop
  endfacet
  facet normal  0.000000e+000 -9.569404e-001  2.902846e-001
    outer loop
      vertex  0.000000e+000  4.162838e-002  4.124050e-001
      vertex  7.500000e-001  1.050805e-002  3.098150e-001
      vertex  7.500000e-001  4.162838e-002  4.124050e-001
    endloop
  endfacet
  facet normal  0.000000e+000 -8.819213e-001  4.713968e-001
    outer loop
      vertex  0.000000e+000  4.162838e-002  4.124050e-001
      vertex  7.500000e-001  4.162838e-002  4.124050e-001
      vertex  0.000000e+000  9.216505e-002  5.069525e-001
    endloop
  endfacet
  facet normal  0.000000e+000 -8.819213e-001  4.713968e-001
    outer loop
      vertex  0.000000e+000  9.216505e-002  5.069525e-001
      vertex  7.500000e-001  4.162838e-002  4.124050e-001
      vertex  7.500000e-001  9.216505e-002  5.069525e-001
    endloop
  endfacet
  facet normal  0.000000e+000 -7.730104e-001  6.343933e-001
    outer loop
      vertex  0.000000e+000  9.216505e-002  5.069525e-001
      vertex  7.500000e-001  9.216505e-002  5.069525e-001
      vertex  0.000000e+000  1.601760e-001  5.898240e-001
    endloop
  endfacet
  facet normal  0.000000e+000 -7.730104e-001  6.343933e-001
    outer loop
      vertex  0.000000e+000  1.601760e-001  5.898240e-001
      vertex  7.500000e-001  9.216505e-002  5.069525e-001
      vertex  7.500000e-001  1.601760e-001  5.898240e-001
    endloop
  endfacet
  facet normal  0.000000e+000 -6.343933e-001  7.730104e-001
    outer loop
      vertex  0.000000e+000  1.601760e-001  5.898240e-001
      vertex  7.500000e-001  1.601760e-001  5.898240e-001
      vertex  0.000000e+000  2.430475e-001  6.578349e-001
    endloop
  endfacet
  facet normal  0.000000e+000 -6.343933e-001  7.730104e-001
    outer loop
      vertex  0.000000e+000  2.430475e-001  6.578349e-001
      vertex  7.500000e-001  1.601760e-001  5.898240e-001
      vertex  7.500000e-001  2.430475e-001  6.578349e-001
    endloop
  endfacet
  facet normal  0.000000e+000 -4.713970e-001  8.819212e-001
    outer loop
      vertex  0.000000e+000  2.430475e-001  6.578349e-001
      vertex  7.500000e-001  2.430475e-001  6.578349e-001
      vertex  0.000000e+000  3.375950e-001  7.083716e-001
    endloop
  endfacet
  facet normal  0.000000e+000 -4.713970e-001  8.819212e-001
    outer loop
      vertex  0.000000e+000  3.375950e-001  7.083716e-001
      vertex  7.500000e-001  2.430475e-001  6.578349e-001
      vertex  7.500000e-001  3.375950e-001  7.083716e-001
    endloop
  endfacet
  facet normal  0.000000e+000 -2.902844e-001  9.569404e-001
    outer loop
      vertex  0.000000e+000  3.375950e-001  7.083716e-001
      vertex  7.500000e-001  3.375950e-001  7.083716e-001
      vertex  0.000000e+000  4.401850e-001  7.394919e-001
    endloop
  endfacet
  facet normal  0.000000e+000 -2.902844e-001  9.569404e-001
    outer loop
      vertex  0.000000e+000  4.401850e-001  7.394919e-001
      vertex  7.500000e-001  3.375950e-001  7.083716e-001
      vertex  7.500000e-001  4.401850e-001  7.394919e-001
    endloop
  endfacet
  facet normal  0.000000e+000 -9.801724e-002  9.951847e-001
    outer loop
      vertex  0.000000e+000  4.401850e-001  7.394919e-001
      vertex  7.500000e-001  4.401850e-001  7.394919e-001
      vertex  0.000000e+000  5.468750e-001  7.500000e-001
    endloop
  endfacet
  facet normal  0.000000e+000 -9.801724e-002  9.951847e-001
    outer loop
      vertex  0.000000e+000  5.468750e-001  7.500000e-001
      vertex  7.500000e-001  4.401850e-001  7.394919e-001
      vertex  7.500000e-001  5.468750e-001  7.500000e-001
    endloop
  endfacet
endsolid CATIA STL
