solid CATIA STL
  facet normal  0.000000e+000  0.000000e+000 -1.000000e+000
    outer loop
      vertex -7.109375e-001 -5.631713e-001  0.000000e+000
      vertex -5.074835e-001 -7.184210e-001  0.000000e+000
      vertex -5.355777e-001 -7.165418e-001  0.000000e+000
    endloop
  endfacet
  facet normal  0.000000e+000  0.000000e+000 -1.000000e+000
    outer loop
      vertex -7.109375e-001 -5.631713e-001  0.000000e+000
      vertex -5.355777e-001 -7.165418e-001  0.000000e+000
      vertex -5.631713e-001 -7.109375e-001  0.000000e+000
    endloop
  endfacet
  facet normal  0.000000e+000  0.000000e+000 -1.000000e+000
    outer loop
      vertex -7.109375e-001 -5.631713e-001  0.000000e+000
      vertex -5.631713e-001 -7.109375e-001  0.000000e+000
      vertex -7.109375e-001 -7.109375e-001  0.000000e+000
    endloop
  endfacet
  facet normal  0.000000e+000  0.000000e+000 -1.000000e+000
    outer loop
      vertex  7.184210e-001 -7.184210e-001  0.000000e+000
      vertex -5.074835e-001 -7.184210e-001  0.000000e+000
      vertex -7.109375e-001 -5.631713e-001  0.000000e+000
    endloop
  endfacet
  facet normal  0.000000e+000  0.000000e+000 -1.000000e+000
    outer loop
      vertex  7.184210e-001 -7.184210e-001  0.000000e+000
      vertex -7.109375e-001 -5.631713e-001  0.000000e+000
      vertex -7.165418e-001 -5.355777e-001  0.000000e+000
    endloop
  endfacet
  facet normal  0.000000e+000  0.000000e+000 -1.000000e+000
    outer loop
      vertex  7.184210e-001 -7.184210e-001  0.000000e+000
      vertex -7.165418e-001 -5.355777e-001  0.000000e+000
      vertex -7.184210e-001 -5.074835e-001  0.000000e+000
    endloop
  endfacet
  facet normal  0.000000e+000  0.000000e+000 -1.000000e+000
    outer loop
      vertex  7.184210e-001 -7.184210e-001  0.000000e+000
      vertex -7.184210e-001 -5.074835e-001  0.000000e+000
      vertex -7.184210e-001  7.184210e-001  0.000000e+000
    endloop
  endfacet
  facet normal  0.000000e+000  0.000000e+000 -1.000000e+000
    outer loop
      vertex  7.184210e-001 -7.184210e-001  0.000000e+000
      vertex -7.184210e-001  7.184210e-001  0.000000e+000
      vertex  7.184210e-001  7.184210e-001  0.000000e+000
    endloop
  endfacet
  facet normal  0.000000e+000 -9.999999e-001  0.000000e+000
    outer loop
      vertex -7.109375e-001 -7.109375e-001  2.343750e-002
      vertex -7.109375e-001 -7.109375e-001  0.000000e+000
      vertex -5.631713e-001 -7.109375e-001  2.343750e-002
    endloop
  endfacet
  facet normal  0.000000e+000 -9.999999e-001  -0.000000e+000
    outer loop
      vertex -5.631713e-001 -7.109375e-001  2.343750e-002
      vertex -7.109375e-001 -7.109375e-001  0.000000e+000
      vertex -5.631713e-001 -7.109375e-001  0.000000e+000
    endloop
  endfacet
  facet normal -9.999999e-001  0.000000e+000  0.000000e+000
    outer loop
      vertex -7.109375e-001 -5.631713e-001  2.343750e-002
      vertex -7.109375e-001 -5.631713e-001  0.000000e+000
      vertex -7.109375e-001 -7.109375e-001  2.343750e-002
    endloop
  endfacet
  facet normal -9.999999e-001  0.000000e+000  0.000000e+000
    outer loop
      vertex -7.109375e-001 -7.109375e-001  2.343750e-002
      vertex -7.109375e-001 -5.631713e-001  0.000000e+000
      vertex -7.109375e-001 -7.109375e-001  0.000000e+000
    endloop
  endfacet
  facet normal  0.000000e+000  0.000000e+000  1.000000e+000
    outer loop
      vertex -7.109375e-001 -7.109375e-001  2.343750e-002
      vertex -5.631713e-001 -7.109375e-001  2.343750e-002
      vertex -5.973132e-001 -6.983376e-001  2.343750e-002
    endloop
  endfacet
  facet normal  0.000000e+000  0.000000e+000  1.000000e+000
    outer loop
      vertex -7.109375e-001 -7.109375e-001  2.343750e-002
      vertex -5.973132e-001 -6.983376e-001  2.343750e-002
      vertex -6.287814e-001 -6.800566e-001  2.343750e-002
    endloop
  endfacet
  facet normal  0.000000e+000  0.000000e+000  1.000000e+000
    outer loop
      vertex -7.109375e-001 -7.109375e-001  2.343750e-002
      vertex -6.287814e-001 -6.800566e-001  2.343750e-002
      vertex -6.566389e-001 -6.566389e-001  2.343750e-002
    endloop
  endfacet
  facet normal  0.000000e+000  0.000000e+000  1.000000e+000
    outer loop
      vertex -7.109375e-001 -7.109375e-001  2.343750e-002
      vertex -6.566389e-001 -6.566389e-001  2.343750e-002
      vertex -6.800566e-001 -6.287814e-001  2.343750e-002
    endloop
  endfacet
  facet normal  0.000000e+000  0.000000e+000  1.000000e+000
    outer loop
      vertex -7.109375e-001 -7.109375e-001  2.343750e-002
      vertex -6.800566e-001 -6.287814e-001  2.343750e-002
      vertex -6.983376e-001 -5.973132e-001  2.343750e-002
    endloop
  endfacet
  facet normal  0.000000e+000  0.000000e+000  1.000000e+000
    outer loop
      vertex -7.109375e-001 -7.109375e-001  2.343750e-002
      vertex -6.983376e-001 -5.973132e-001  2.343750e-002
      vertex -7.109375e-001 -5.631713e-001  2.343750e-002
    endloop
  endfacet
  facet normal -9.569396e-001 -2.902843e-001  1.289382e-003
    outer loop
      vertex -7.109375e-001 -5.631713e-001  2.343750e-002
      vertex -7.023644e-001 -5.882058e-001  7.500000e-001
      vertex -7.143679e-001 -5.486354e-001  7.500000e-001
    endloop
  endfacet
  facet normal -9.381526e-001 -3.462212e-001 -8.596673e-004
    outer loop
      vertex -7.109375e-001 -5.631713e-001  2.343750e-002
      vertex -6.983376e-001 -5.973132e-001  2.343750e-002
      vertex -7.023644e-001 -5.882058e-001  7.500000e-001
    endloop
  endfacet
  facet normal -4.713957e-001 -8.819212e-001  1.021037e-003
    outer loop
      vertex -5.973132e-001 -6.983376e-001  2.343750e-002
      vertex -5.882058e-001 -7.023644e-001  7.500000e-001
      vertex -6.246741e-001 -6.828717e-001  7.500000e-001
    endloop
  endfacet
  facet normal -5.023223e-001 -8.646803e-001 -5.105921e-004
    outer loop
      vertex -5.973132e-001 -6.983376e-001  2.343750e-002
      vertex -6.246741e-001 -6.828717e-001  7.500000e-001
      vertex -6.287814e-001 -6.800566e-001  2.343750e-002
    endloop
  endfacet
  facet normal -8.819212e-001 -4.713957e-001  1.021037e-003
    outer loop
      vertex -6.828717e-001 -6.246741e-001  7.500000e-001
      vertex -7.023644e-001 -5.882058e-001  7.500000e-001
      vertex -6.983376e-001 -5.973132e-001  2.343750e-002
    endloop
  endfacet
  facet normal -1.990370e-001 -9.799920e-001  0.000000e+000
    outer loop
      vertex -5.631713e-001 -7.109375e-001  2.343750e-002
      vertex -5.631713e-001 -7.109375e-001  0.000000e+000
      vertex -5.355777e-001 -7.165418e-001  0.000000e+000
    endloop
  endfacet
  facet normal -1.995542e-001 -9.798866e-001 -6.341369e-004
    outer loop
      vertex -5.631713e-001 -7.109375e-001  2.343750e-002
      vertex -5.355777e-001 -7.165418e-001  0.000000e+000
      vertex -5.486354e-001 -7.143679e-001  7.500000e-001
    endloop
  endfacet
  facet normal -2.902843e-001 -9.569396e-001  1.289382e-003
    outer loop
      vertex -5.631713e-001 -7.109375e-001  2.343750e-002
      vertex -5.486354e-001 -7.143679e-001  7.500000e-001
      vertex -5.882058e-001 -7.023644e-001  7.500000e-001
    endloop
  endfacet
  facet normal -3.462212e-001 -9.381526e-001 -8.596673e-004
    outer loop
      vertex -5.631713e-001 -7.109375e-001  2.343750e-002
      vertex -5.882058e-001 -7.023644e-001  7.500000e-001
      vertex -5.973132e-001 -6.983376e-001  2.343750e-002
    endloop
  endfacet
  facet normal -9.951848e-001 -9.801737e-002  0.000000e+000
    outer loop
      vertex -7.184210e-001 -5.074835e-001  7.500000e-001
      vertex -7.184210e-001 -5.074835e-001  0.000000e+000
      vertex -7.143679e-001 -5.486354e-001  7.500000e-001
    endloop
  endfacet
  facet normal -9.977687e-001 -6.674273e-002  1.729978e-003
    outer loop
      vertex -7.143679e-001 -5.486354e-001  7.500000e-001
      vertex -7.184210e-001 -5.074835e-001  0.000000e+000
      vertex -7.165418e-001 -5.355777e-001  0.000000e+000
    endloop
  endfacet
  facet normal -9.798866e-001 -1.995542e-001 -6.341369e-004
    outer loop
      vertex -7.143679e-001 -5.486354e-001  7.500000e-001
      vertex -7.165418e-001 -5.355777e-001  0.000000e+000
      vertex -7.109375e-001 -5.631713e-001  2.343750e-002
    endloop
  endfacet
  facet normal -9.799920e-001 -1.990370e-001  -0.000000e+000
    outer loop
      vertex -7.109375e-001 -5.631713e-001  2.343750e-002
      vertex -7.165418e-001 -5.355777e-001  0.000000e+000
      vertex -7.109375e-001 -5.631713e-001  0.000000e+000
    endloop
  endfacet
  facet normal -9.801730e-002 -9.951841e-001  1.177987e-003
    outer loop
      vertex -5.486354e-001 -7.143679e-001  7.500000e-001
      vertex -5.355777e-001 -7.165418e-001  0.000000e+000
      vertex -5.074835e-001 -7.184210e-001  7.500000e-001
    endloop
  endfacet
  facet normal -6.674283e-002 -9.977702e-001  -0.000000e+000
    outer loop
      vertex -5.074835e-001 -7.184210e-001  7.500000e-001
      vertex -5.355777e-001 -7.165418e-001  0.000000e+000
      vertex -5.074835e-001 -7.184210e-001  0.000000e+000
    endloop
  endfacet
  facet normal -6.434736e-001 -7.654680e-001  6.717304e-004
    outer loop
      vertex -6.287814e-001 -6.800566e-001  2.343750e-002
      vertex -6.246741e-001 -6.828717e-001  7.500000e-001
      vertex -6.566389e-001 -6.566389e-001  2.343750e-002
    endloop
  endfacet
  facet normal -6.343943e-001 -7.730097e-001  0.000000e+000
    outer loop
      vertex -6.566389e-001 -6.566389e-001  2.343750e-002
      vertex -6.246741e-001 -6.828717e-001  7.500000e-001
      vertex -6.566389e-001 -6.566389e-001  7.500000e-001
    endloop
  endfacet
  facet normal -7.654682e-001 -6.434737e-001  -0.000000e+000
    outer loop
      vertex -6.566389e-001 -6.566389e-001  2.343750e-002
      vertex -6.566389e-001 -6.566389e-001  7.500000e-001
      vertex -6.800566e-001 -6.287814e-001  2.343750e-002
    endloop
  endfacet
  facet normal -7.730095e-001 -6.343942e-001  5.911855e-004
    outer loop
      vertex -6.800566e-001 -6.287814e-001  2.343750e-002
      vertex -6.566389e-001 -6.566389e-001  7.500000e-001
      vertex -6.828717e-001 -6.246741e-001  7.500000e-001
    endloop
  endfacet
  facet normal -8.646803e-001 -5.023223e-001 -5.105921e-004
    outer loop
      vertex -6.800566e-001 -6.287814e-001  2.343750e-002
      vertex -6.828717e-001 -6.246741e-001  7.500000e-001
      vertex -6.983376e-001 -5.973132e-001  2.343750e-002
    endloop
  endfacet
  facet normal  -0.000000e+000  -0.000000e+000  1.000000e+000
    outer loop
      vertex -7.184210e-001 -5.074835e-001  7.500000e-001
      vertex -7.143679e-001 -5.486354e-001  7.500000e-001
      vertex -7.023644e-001 -5.882058e-001  7.500000e-001
    endloop
  endfacet
  facet normal  -0.000000e+000  -0.000000e+000  1.000000e+000
    outer loop
      vertex -7.184210e-001 -5.074835e-001  7.500000e-001
      vertex -7.023644e-001 -5.882058e-001  7.500000e-001
      vertex -6.828717e-001 -6.246741e-001  7.500000e-001
    endloop
  endfacet
  facet normal  -0.000000e+000  -0.000000e+000  1.000000e+000
    outer loop
      vertex -7.184210e-001 -5.074835e-001  7.500000e-001
      vertex -6.828717e-001 -6.246741e-001  7.500000e-001
      vertex -6.566389e-001 -6.566389e-001  7.500000e-001
    endloop
  endfacet
  facet normal  -0.000000e+000  -0.000000e+000  1.000000e+000
    outer loop
      vertex -7.184210e-001 -5.074835e-001  7.500000e-001
      vertex -6.566389e-001 -6.566389e-001  7.500000e-001
      vertex -6.246741e-001 -6.828717e-001  7.500000e-001
    endloop
  endfacet
  facet normal  -0.000000e+000  -0.000000e+000  1.000000e+000
    outer loop
      vertex -7.184210e-001 -5.074835e-001  7.500000e-001
      vertex -6.246741e-001 -6.828717e-001  7.500000e-001
      vertex -5.882058e-001 -7.023644e-001  7.500000e-001
    endloop
  endfacet
  facet normal  -0.000000e+000  -0.000000e+000  1.000000e+000
    outer loop
      vertex -7.184210e-001 -5.074835e-001  7.500000e-001
      vertex -5.882058e-001 -7.023644e-001  7.500000e-001
      vertex -5.486354e-001 -7.143679e-001  7.500000e-001
    endloop
  endfacet
  facet normal  -0.000000e+000  -0.000000e+000  1.000000e+000
    outer loop
      vertex -7.184210e-001 -5.074835e-001  7.500000e-001
      vertex -5.486354e-001 -7.143679e-001  7.500000e-001
      vertex -5.074835e-001 -7.184210e-001  7.500000e-001
    endloop
  endfacet
  facet normal  0.000000e+000  -0.000000e+000  1.000000e+000
    outer loop
      vertex -7.184210e-001 -5.074835e-001  7.500000e-001
      vertex -5.074835e-001 -7.184210e-001  7.500000e-001
      vertex  7.184210e-001 -7.184210e-001  7.500000e-001
    endloop
  endfacet
  facet normal  0.000000e+000  -0.000000e+000  1.000000e+000
    outer loop
      vertex -7.184210e-001 -5.074835e-001  7.500000e-001
      vertex  7.184210e-001 -7.184210e-001  7.500000e-001
      vertex  7.184210e-001  7.184210e-001  7.500000e-001
    endloop
  endfacet
  facet normal  0.000000e+000  0.000000e+000  1.000000e+000
    outer loop
      vertex -7.184210e-001 -5.074835e-001  7.500000e-001
      vertex  7.184210e-001  7.184210e-001  7.500000e-001
      vertex -7.184210e-001  7.184210e-001  7.500000e-001
    endloop
  endfacet
  facet normal -1.000000e+000  0.000000e+000  0.000000e+000
    outer loop
      vertex -7.184210e-001  7.184210e-001  7.500000e-001
      vertex -7.184210e-001  7.184210e-001  0.000000e+000
      vertex -7.184210e-001 -5.074835e-001  7.500000e-001
    endloop
  endfacet
  facet normal -1.000000e+000  0.000000e+000  0.000000e+000
    outer loop
      vertex -7.184210e-001 -5.074835e-001  7.500000e-001
      vertex -7.184210e-001  7.184210e-001  0.000000e+000
      vertex -7.184210e-001 -5.074835e-001  0.000000e+000
    endloop
  endfacet
  facet normal  0.000000e+000 -1.000000e+000  0.000000e+000
    outer loop
      vertex -5.074835e-001 -7.184210e-001  7.500000e-001
      vertex -5.074835e-001 -7.184210e-001  0.000000e+000
      vertex  7.184210e-001 -7.184210e-001  7.500000e-001
    endloop
  endfacet
  facet normal  0.000000e+000 -1.000000e+000  -0.000000e+000
    outer loop
      vertex  7.184210e-001 -7.184210e-001  7.500000e-001
      vertex -5.074835e-001 -7.184210e-001  0.000000e+000
      vertex  7.184210e-001 -7.184210e-001  0.000000e+000
    endloop
  endfacet
  facet normal  0.000000e+000  1.000000e+000  -0.000000e+000
    outer loop
      vertex  7.184210e-001  7.184210e-001  7.500000e-001
      vertex  7.184210e-001  7.184210e-001  0.000000e+000
      vertex -7.184210e-001  7.184210e-001  7.500000e-001
    endloop
  endfacet
  facet normal  0.000000e+000  1.000000e+000  0.000000e+000
    outer loop
      vertex -7.184210e-001  7.184210e-001  7.500000e-001
      vertex  7.184210e-001  7.184210e-001  0.000000e+000
      vertex -7.184210e-001  7.184210e-001  0.000000e+000
    endloop
  endfacet
  facet normal  1.000000e+000  0.000000e+000  0.000000e+000
    outer loop
      vertex  7.184210e-001 -7.184210e-001  7.500000e-001
      vertex  7.184210e-001 -7.184210e-001  0.000000e+000
      vertex  7.184210e-001  7.184210e-001  7.500000e-001
    endloop
  endfacet
  facet normal  1.000000e+000  0.000000e+000  0.000000e+000
    outer loop
      vertex  7.184210e-001  7.184210e-001  7.500000e-001
      vertex  7.184210e-001 -7.184210e-001  0.000000e+000
      vertex  7.184210e-001  7.184210e-001  0.000000e+000
    endloop
  endfacet
endsolid CATIA STL
