solid CATIA STL
  facet normal  -0.000000e+000  -0.000000e+000  1.000000e+000
    outer loop
      vertex  0.000000e+000  2.500000e-001  6.250000e-002
      vertex  4.803680e-003  2.012274e-001  6.250000e-002
      vertex  1.903012e-002  1.543291e-001  6.250000e-002
    endloop
  endfacet
  facet normal  -0.000000e+000  -0.000000e+000  1.000000e+000
    outer loop
      vertex  0.000000e+000  2.500000e-001  6.250000e-002
      vertex  1.903012e-002  1.543291e-001  6.250000e-002
      vertex  4.213260e-002  1.111074e-001  6.250000e-002
    endloop
  endfacet
  facet normal  -0.000000e+000  -0.000000e+000  1.000000e+000
    outer loop
      vertex  0.000000e+000  2.500000e-001  6.250000e-002
      vertex  4.213260e-002  1.111074e-001  6.250000e-002
      vertex  7.322331e-002  7.322331e-002  6.250000e-002
    endloop
  endfacet
  facet normal  -0.000000e+000  -0.000000e+000  1.000000e+000
    outer loop
      vertex  0.000000e+000  2.500000e-001  6.250000e-002
      vertex  7.322331e-002  7.322331e-002  6.250000e-002
      vertex  1.111074e-001  4.213260e-002  6.250000e-002
    endloop
  endfacet
  facet normal  -0.000000e+000  -0.000000e+000  1.000000e+000
    outer loop
      vertex  0.000000e+000  2.500000e-001  6.250000e-002
      vertex  1.111074e-001  4.213260e-002  6.250000e-002
      vertex  1.543291e-001  1.903012e-002  6.250000e-002
    endloop
  endfacet
  facet normal  -0.000000e+000  -0.000000e+000  1.000000e+000
    outer loop
      vertex  0.000000e+000  2.500000e-001  6.250000e-002
      vertex  1.543291e-001  1.903012e-002  6.250000e-002
      vertex  2.012274e-001  4.803680e-003  6.250000e-002
    endloop
  endfacet
  facet normal  -0.000000e+000  -0.000000e+000  1.000000e+000
    outer loop
      vertex  0.000000e+000  2.500000e-001  6.250000e-002
      vertex  2.012274e-001  4.803680e-003  6.250000e-002
      vertex  2.500000e-001  0.000000e+000  6.250000e-002
    endloop
  endfacet
  facet normal  0.000000e+000  -0.000000e+000  1.000000e+000
    outer loop
      vertex  0.000000e+000  2.500000e-001  6.250000e-002
      vertex  2.500000e-001  0.000000e+000  6.250000e-002
      vertex  6.000000e-001  0.000000e+000  6.250000e-002
    endloop
  endfacet
  facet normal  0.000000e+000  -0.000000e+000  1.000000e+000
    outer loop
      vertex  0.000000e+000  2.500000e-001  6.250000e-002
      vertex  6.000000e-001  0.000000e+000  6.250000e-002
      vertex  6.000000e-001  7.500000e-001  6.250000e-002
    endloop
  endfacet
  facet normal  0.000000e+000  0.000000e+000  1.000000e+000
    outer loop
      vertex  0.000000e+000  2.500000e-001  6.250000e-002
      vertex  6.000000e-001  7.500000e-001  6.250000e-002
      vertex  0.000000e+000  7.500000e-001  6.250000e-002
    endloop
  endfacet
  facet normal  0.000000e+000  0.000000e+000 -1.000000e+000
    outer loop
      vertex  0.000000e+000  2.500000e-001  0.000000e+000
      vertex  0.000000e+000  7.500000e-001  0.000000e+000
      vertex  6.000000e-001  7.500000e-001  0.000000e+000
    endloop
  endfacet
  facet normal  0.000000e+000  -0.000000e+000 -1.000000e+000
    outer loop
      vertex  0.000000e+000  2.500000e-001  0.000000e+000
      vertex  6.000000e-001  7.500000e-001  0.000000e+000
      vertex  6.000000e-001  0.000000e+000  0.000000e+000
    endloop
  endfacet
  facet normal  0.000000e+000  0.000000e+000 -1.000000e+000
    outer loop
      vertex  0.000000e+000  2.500000e-001  0.000000e+000
      vertex  6.000000e-001  0.000000e+000  0.000000e+000
      vertex  2.500000e-001  0.000000e+000  0.000000e+000
    endloop
  endfacet
  facet normal  0.000000e+000  0.000000e+000 -1.000000e+000
    outer loop
      vertex  0.000000e+000  2.500000e-001  0.000000e+000
      vertex  2.500000e-001  0.000000e+000  0.000000e+000
      vertex  2.012274e-001  4.803680e-003  0.000000e+000
    endloop
  endfacet
  facet normal  0.000000e+000  0.000000e+000 -1.000000e+000
    outer loop
      vertex  0.000000e+000  2.500000e-001  0.000000e+000
      vertex  2.012274e-001  4.803680e-003  0.000000e+000
      vertex  1.543291e-001  1.903012e-002  0.000000e+000
    endloop
  endfacet
  facet normal  0.000000e+000  0.000000e+000 -1.000000e+000
    outer loop
      vertex  0.000000e+000  2.500000e-001  0.000000e+000
      vertex  1.543291e-001  1.903012e-002  0.000000e+000
      vertex  1.111074e-001  4.213260e-002  0.000000e+000
    endloop
  endfacet
  facet normal  0.000000e+000  0.000000e+000 -1.000000e+000
    outer loop
      vertex  0.000000e+000  2.500000e-001  0.000000e+000
      vertex  1.111074e-001  4.213260e-002  0.000000e+000
      vertex  7.322331e-002  7.322331e-002  0.000000e+000
    endloop
  endfacet
  facet normal  0.000000e+000  0.000000e+000 -1.000000e+000
    outer loop
      vertex  0.000000e+000  2.500000e-001  0.000000e+000
      vertex  7.322331e-002  7.322331e-002  0.000000e+000
      vertex  4.213260e-002  1.111074e-001  0.000000e+000
    endloop
  endfacet
  facet normal  0.000000e+000  0.000000e+000 -1.000000e+000
    outer loop
      vertex  0.000000e+000  2.500000e-001  0.000000e+000
      vertex  4.213260e-002  1.111074e-001  0.000000e+000
      vertex  1.903012e-002  1.543291e-001  0.000000e+000
    endloop
  endfacet
  facet normal  0.000000e+000  0.000000e+000 -1.000000e+000
    outer loop
      vertex  0.000000e+000  2.500000e-001  0.000000e+000
      vertex  1.903012e-002  1.543291e-001  0.000000e+000
      vertex  4.803680e-003  2.012274e-001  0.000000e+000
    endloop
  endfacet
  facet normal -1.000000e+000  0.000000e+000  0.000000e+000
    outer loop
      vertex  0.000000e+000  7.500000e-001  6.250000e-002
      vertex  0.000000e+000  7.500000e-001  0.000000e+000
      vertex  0.000000e+000  2.500000e-001  6.250000e-002
    endloop
  endfacet
  facet normal -1.000000e+000  0.000000e+000  0.000000e+000
    outer loop
      vertex  0.000000e+000  2.500000e-001  6.250000e-002
      vertex  0.000000e+000  7.500000e-001  0.000000e+000
      vertex  0.000000e+000  2.500000e-001  0.000000e+000
    endloop
  endfacet
  facet normal  0.000000e+000 -1.000000e+000  0.000000e+000
    outer loop
      vertex  2.500000e-001  0.000000e+000  6.250000e-002
      vertex  2.500000e-001  0.000000e+000  0.000000e+000
      vertex  6.000000e-001  0.000000e+000  6.250000e-002
    endloop
  endfacet
  facet normal  0.000000e+000 -1.000000e+000  -0.000000e+000
    outer loop
      vertex  6.000000e-001  0.000000e+000  6.250000e-002
      vertex  2.500000e-001  0.000000e+000  0.000000e+000
      vertex  6.000000e-001  0.000000e+000  0.000000e+000
    endloop
  endfacet
  facet normal -9.801716e-002 -9.951848e-001  -0.000000e+000
    outer loop
      vertex  2.500000e-001  0.000000e+000  0.000000e+000
      vertex  2.500000e-001  0.000000e+000  6.250000e-002
      vertex  2.012274e-001  4.803680e-003  0.000000e+000
    endloop
  endfacet
  facet normal -9.801716e-002 -9.951848e-001  0.000000e+000
    outer loop
      vertex  2.012274e-001  4.803680e-003  0.000000e+000
      vertex  2.500000e-001  0.000000e+000  6.250000e-002
      vertex  2.012274e-001  4.803680e-003  6.250000e-002
    endloop
  endfacet
  facet normal -2.902846e-001 -9.569404e-001  -0.000000e+000
    outer loop
      vertex  2.012274e-001  4.803680e-003  0.000000e+000
      vertex  2.012274e-001  4.803680e-003  6.250000e-002
      vertex  1.543291e-001  1.903012e-002  0.000000e+000
    endloop
  endfacet
  facet normal -2.902846e-001 -9.569404e-001  0.000000e+000
    outer loop
      vertex  1.543291e-001  1.903012e-002  0.000000e+000
      vertex  2.012274e-001  4.803680e-003  6.250000e-002
      vertex  1.543291e-001  1.903012e-002  6.250000e-002
    endloop
  endfacet
  facet normal -4.713968e-001 -8.819213e-001  -0.000000e+000
    outer loop
      vertex  1.543291e-001  1.903012e-002  0.000000e+000
      vertex  1.543291e-001  1.903012e-002  6.250000e-002
      vertex  1.111074e-001  4.213260e-002  0.000000e+000
    endloop
  endfacet
  facet normal -4.713968e-001 -8.819213e-001  0.000000e+000
    outer loop
      vertex  1.111074e-001  4.213260e-002  0.000000e+000
      vertex  1.543291e-001  1.903012e-002  6.250000e-002
      vertex  1.111074e-001  4.213260e-002  6.250000e-002
    endloop
  endfacet
  facet normal -6.343934e-001 -7.730104e-001  -0.000000e+000
    outer loop
      vertex  1.111074e-001  4.213260e-002  0.000000e+000
      vertex  1.111074e-001  4.213260e-002  6.250000e-002
      vertex  7.322331e-002  7.322331e-002  0.000000e+000
    endloop
  endfacet
  facet normal -6.343934e-001 -7.730104e-001  0.000000e+000
    outer loop
      vertex  7.322331e-002  7.322331e-002  0.000000e+000
      vertex  1.111074e-001  4.213260e-002  6.250000e-002
      vertex  7.322331e-002  7.322331e-002  6.250000e-002
    endloop
  endfacet
  facet normal -7.730104e-001 -6.343934e-001  -0.000000e+000
    outer loop
      vertex  7.322331e-002  7.322331e-002  0.000000e+000
      vertex  7.322331e-002  7.322331e-002  6.250000e-002
      vertex  4.213260e-002  1.111074e-001  0.000000e+000
    endloop
  endfacet
  facet normal -7.730104e-001 -6.343934e-001  0.000000e+000
    outer loop
      vertex  4.213260e-002  1.111074e-001  0.000000e+000
      vertex  7.322331e-002  7.322331e-002  6.250000e-002
      vertex  4.213260e-002  1.111074e-001  6.250000e-002
    endloop
  endfacet
  facet normal -8.819213e-001 -4.713968e-001  -0.000000e+000
    outer loop
      vertex  4.213260e-002  1.111074e-001  0.000000e+000
      vertex  4.213260e-002  1.111074e-001  6.250000e-002
      vertex  1.903012e-002  1.543291e-001  0.000000e+000
    endloop
  endfacet
  facet normal -8.819213e-001 -4.713968e-001  0.000000e+000
    outer loop
      vertex  1.903012e-002  1.543291e-001  0.000000e+000
      vertex  4.213260e-002  1.111074e-001  6.250000e-002
      vertex  1.903012e-002  1.543291e-001  6.250000e-002
    endloop
  endfacet
  facet normal -9.569404e-001 -2.902846e-001  -0.000000e+000
    outer loop
      vertex  1.903012e-002  1.543291e-001  0.000000e+000
      vertex  1.903012e-002  1.543291e-001  6.250000e-002
      vertex  4.803680e-003  2.012274e-001  0.000000e+000
    endloop
  endfacet
  facet normal -9.569404e-001 -2.902846e-001  0.000000e+000
    outer loop
      vertex  4.803680e-003  2.012274e-001  0.000000e+000
      vertex  1.903012e-002  1.543291e-001  6.250000e-002
      vertex  4.803680e-003  2.012274e-001  6.250000e-002
    endloop
  endfacet
  facet normal -9.951848e-001 -9.801716e-002  -0.000000e+000
    outer loop
      vertex  4.803680e-003  2.012274e-001  0.000000e+000
      vertex  4.803680e-003  2.012274e-001  6.250000e-002
      vertex  0.000000e+000  2.500000e-001  0.000000e+000
    endloop
  endfacet
  facet normal -9.951848e-001 -9.801716e-002  0.000000e+000
    outer loop
      vertex  0.000000e+000  2.500000e-001  0.000000e+000
      vertex  4.803680e-003  2.012274e-001  6.250000e-002
      vertex  0.000000e+000  2.500000e-001  6.250000e-002
    endloop
  endfacet
  facet normal  0.000000e+000  1.000000e+000  -0.000000e+000
    outer loop
      vertex  6.000000e-001  7.500000e-001  6.250000e-002
      vertex  6.000000e-001  7.500000e-001  0.000000e+000
      vertex  0.000000e+000  7.500000e-001  6.250000e-002
    endloop
  endfacet
  facet normal  0.000000e+000  1.000000e+000  0.000000e+000
    outer loop
      vertex  0.000000e+000  7.500000e-001  6.250000e-002
      vertex  6.000000e-001  7.500000e-001  0.000000e+000
      vertex  0.000000e+000  7.500000e-001  0.000000e+000
    endloop
  endfacet
  facet normal  1.000000e+000  0.000000e+000  0.000000e+000
    outer loop
      vertex  6.000000e-001  0.000000e+000  6.250000e-002
      vertex  6.000000e-001  0.000000e+000  0.000000e+000
      vertex  6.000000e-001  7.500000e-001  6.250000e-002
    endloop
  endfacet
  facet normal  1.000000e+000  0.000000e+000  0.000000e+000
    outer loop
      vertex  6.000000e-001  7.500000e-001  6.250000e-002
      vertex  6.000000e-001  0.000000e+000  0.000000e+000
      vertex  6.000000e-001  7.500000e-001  0.000000e+000
    endloop
  endfacet
endsolid CATIA STL
