solid CATIA STL
  facet normal -1.110223e-016  1.000000e+000 -1.110223e-016
    outer loop
      vertex -7.500000e-001  1.665335e-016  7.500000e-001
      vertex -7.109375e-001  3.962747e-017 -4.321300e-001
      vertex -7.500000e-001  0.000000e+000 -7.500000e-001
    endloop
  endfacet
  facet normal -1.110223e-016  1.000000e+000 -1.110223e-016
    outer loop
      vertex -7.500000e-001  0.000000e+000 -7.500000e-001
      vertex -7.109375e-001  3.962747e-017 -4.321300e-001
      vertex  7.109375e-001  1.974873e-016 -4.321300e-001
    endloop
  endfacet
  facet normal -1.110223e-016  1.000000e+000 -1.110223e-016
    outer loop
      vertex -7.500000e-001  0.000000e+000 -7.500000e-001
      vertex  7.109375e-001  1.974873e-016 -4.321300e-001
      vertex  7.500000e-001  1.665335e-016 -7.500000e-001
    endloop
  endfacet
  facet normal -1.110223e-016  9.999999e-001 -1.110223e-016
    outer loop
      vertex -7.109375e-001  3.962747e-017 -4.321300e-001
      vertex -7.500000e-001  1.665335e-016  7.500000e-001
      vertex -7.109375e-001  1.665335e-016  7.109375e-001
    endloop
  endfacet
  facet normal -1.110223e-016  1.000000e+000 -1.110223e-016
    outer loop
      vertex -7.109375e-001  1.665335e-016  7.109375e-001
      vertex -7.500000e-001  1.665335e-016  7.500000e-001
      vertex  7.500000e-001  3.330669e-016  7.500000e-001
    endloop
  endfacet
  facet normal -1.110223e-016  1.000000e+000 -1.110223e-016
    outer loop
      vertex -7.109375e-001  1.665335e-016  7.109375e-001
      vertex  7.500000e-001  3.330669e-016  7.500000e-001
      vertex  7.109375e-001  3.243933e-016  7.109375e-001
    endloop
  endfacet
  facet normal -1.110223e-016  1.000000e+000 -1.110223e-016
    outer loop
      vertex  7.109375e-001  3.243933e-016  7.109375e-001
      vertex  7.500000e-001  3.330669e-016  7.500000e-001
      vertex  7.500000e-001  1.665335e-016 -7.500000e-001
    endloop
  endfacet
  facet normal -1.110222e-016  9.999999e-001 -1.110223e-016
    outer loop
      vertex  7.109375e-001  3.243933e-016  7.109375e-001
      vertex  7.500000e-001  1.665335e-016 -7.500000e-001
      vertex  7.109375e-001  1.974873e-016 -4.321300e-001
    endloop
  endfacet
  facet normal -9.999999e-001  0.000000e+000  0.000000e+000
    outer loop
      vertex  7.109375e-001  1.974873e-016 -4.321300e-001
      vertex  7.109375e-001 -1.407015e-001  7.041463e-001
      vertex  7.109375e-001  3.243933e-016  7.109375e-001
    endloop
  endfacet
  facet normal  0.000000e+000  4.821041e-002 -9.988371e-001
    outer loop
      vertex  7.109375e-001  3.243933e-016  7.109375e-001
      vertex  7.109375e-001 -1.407015e-001  7.041463e-001
      vertex -7.109375e-001  1.665335e-016  7.109375e-001
    endloop
  endfacet
  facet normal  0.000000e+000  4.821041e-002 -9.988371e-001
    outer loop
      vertex -7.109375e-001  1.665335e-016  7.109375e-001
      vertex  7.109375e-001 -1.407015e-001  7.041463e-001
      vertex -7.109375e-001 -1.407015e-001  7.041463e-001
    endloop
  endfacet
  facet normal  9.999999e-001  0.000000e+000  -0.000000e+000
    outer loop
      vertex -7.109375e-001 -1.407015e-001  7.041463e-001
      vertex -7.109375e-001  3.962747e-017 -4.321300e-001
      vertex -7.109375e-001  1.665335e-016  7.109375e-001
    endloop
  endfacet
  facet normal  0.000000e+000  9.924205e-001  1.228883e-001
    outer loop
      vertex -7.109375e-001 -1.407015e-001  7.041463e-001
      vertex  7.109375e-001 -1.407015e-001  7.041463e-001
      vertex -7.109375e-001  3.962747e-017 -4.321300e-001
    endloop
  endfacet
  facet normal -1.101808e-016  9.924205e-001  1.228883e-001
    outer loop
      vertex -7.109375e-001  3.962747e-017 -4.321300e-001
      vertex  7.109375e-001 -1.407015e-001  7.041463e-001
      vertex  7.109375e-001  1.974873e-016 -4.321300e-001
    endloop
  endfacet
  facet normal  1.101808e-016 -9.924205e-001 -1.228883e-001
    outer loop
      vertex -7.500000e-001  0.000000e+000 -7.500000e-001
      vertex  7.500000e-001  1.665335e-016 -7.500000e-001
      vertex -7.500000e-001 -1.843324e-001  7.386308e-001
    endloop
  endfacet
  facet normal  0.000000e+000 -9.924205e-001 -1.228883e-001
    outer loop
      vertex -7.500000e-001 -1.843324e-001  7.386308e-001
      vertex  7.500000e-001  1.665335e-016 -7.500000e-001
      vertex  7.500000e-001 -1.843324e-001  7.386308e-001
    endloop
  endfacet
  facet normal -1.000000e+000  0.000000e+000  0.000000e+000
    outer loop
      vertex -7.500000e-001  1.665335e-016  7.500000e-001
      vertex -7.500000e-001  0.000000e+000 -7.500000e-001
      vertex -7.500000e-001 -1.843324e-001  7.386308e-001
    endloop
  endfacet
  facet normal  6.834630e-018 -6.156087e-002  9.981034e-001
    outer loop
      vertex  7.500000e-001  3.330669e-016  7.500000e-001
      vertex -7.500000e-001  1.665335e-016  7.500000e-001
      vertex  7.500000e-001 -1.843324e-001  7.386308e-001
    endloop
  endfacet
  facet normal  0.000000e+000 -6.156087e-002  9.981034e-001
    outer loop
      vertex  7.500000e-001 -1.843324e-001  7.386308e-001
      vertex -7.500000e-001  1.665335e-016  7.500000e-001
      vertex -7.500000e-001 -1.843324e-001  7.386308e-001
    endloop
  endfacet
  facet normal  1.000000e+000  0.000000e+000  0.000000e+000
    outer loop
      vertex  7.500000e-001  1.665335e-016 -7.500000e-001
      vertex  7.500000e-001  3.330669e-016  7.500000e-001
      vertex  7.500000e-001 -1.843324e-001  7.386308e-001
    endloop
  endfacet
endsolid CATIA STL
