solid CATIA STL
  facet normal  0.000000e+000 -1.000000e+000  0.000000e+000
    outer loop
      vertex -3.203125e-001 -7.500000e-001  7.500000e-001
      vertex -3.203125e-001 -7.500000e-001 -7.500000e-001
      vertex  7.500000e-001 -7.500000e-001 -7.500000e-001
    endloop
  endfacet
  facet normal  0.000000e+000 -1.000000e+000  0.000000e+000
    outer loop
      vertex -3.203125e-001 -7.500000e-001  7.500000e-001
      vertex  7.500000e-001 -7.500000e-001 -7.500000e-001
      vertex  7.500000e-001 -7.500000e-001  3.359375e-001
    endloop
  endfacet
  facet normal  0.000000e+000 -1.000000e+000  0.000000e+000
    outer loop
      vertex -3.203125e-001 -7.500000e-001  7.500000e-001
      vertex  7.500000e-001 -7.500000e-001  3.359375e-001
      vertex  7.420439e-001 -7.500000e-001  4.167171e-001
    endloop
  endfacet
  facet normal  0.000000e+000 -1.000000e+000  0.000000e+000
    outer loop
      vertex -3.203125e-001 -7.500000e-001  7.500000e-001
      vertex  7.420439e-001 -7.500000e-001  4.167171e-001
      vertex  7.184814e-001 -7.500000e-001  4.943924e-001
    endloop
  endfacet
  facet normal  0.000000e+000 -1.000000e+000  0.000000e+000
    outer loop
      vertex -3.203125e-001 -7.500000e-001  7.500000e-001
      vertex  7.184814e-001 -7.500000e-001  4.943924e-001
      vertex  6.802179e-001 -7.500000e-001  5.659783e-001
    endloop
  endfacet
  facet normal  0.000000e+000 -9.999999e-001  0.000000e+000
    outer loop
      vertex -3.203125e-001 -7.500000e-001  7.500000e-001
      vertex  6.802179e-001 -7.500000e-001  5.659783e-001
      vertex  6.287239e-001 -7.500000e-001  6.287239e-001
    endloop
  endfacet
  facet normal  0.000000e+000 -1.000000e+000  0.000000e+000
    outer loop
      vertex -3.203125e-001 -7.500000e-001  7.500000e-001
      vertex  6.287239e-001 -7.500000e-001  6.287239e-001
      vertex  5.659783e-001 -7.500000e-001  6.802179e-001
    endloop
  endfacet
  facet normal  0.000000e+000 -1.000000e+000  0.000000e+000
    outer loop
      vertex -3.203125e-001 -7.500000e-001  7.500000e-001
      vertex  5.659783e-001 -7.500000e-001  6.802179e-001
      vertex  4.943924e-001 -7.500000e-001  7.184814e-001
    endloop
  endfacet
  facet normal  0.000000e+000 -1.000000e+000  0.000000e+000
    outer loop
      vertex -3.203125e-001 -7.500000e-001  7.500000e-001
      vertex  4.943924e-001 -7.500000e-001  7.184814e-001
      vertex  4.167171e-001 -7.500000e-001  7.420439e-001
    endloop
  endfacet
  facet normal  0.000000e+000 -1.000000e+000  0.000000e+000
    outer loop
      vertex -3.203125e-001 -7.500000e-001  7.500000e-001
      vertex  4.167171e-001 -7.500000e-001  7.420439e-001
      vertex  3.359375e-001 -7.500000e-001  7.500000e-001
    endloop
  endfacet
  facet normal  0.000000e+000  0.000000e+000  1.000000e+000
    outer loop
      vertex  3.359375e-001 -7.500000e-001  7.500000e-001
      vertex  3.359375e-001  2.870967e-016  7.500000e-001
      vertex -3.203125e-001 -7.500000e-001  7.500000e-001
    endloop
  endfacet
  facet normal  0.000000e+000  -0.000000e+000  1.000000e+000
    outer loop
      vertex -3.203125e-001 -7.500000e-001  7.500000e-001
      vertex  3.359375e-001  2.870967e-016  7.500000e-001
      vertex -7.500000e-001  1.665335e-016  7.500000e-001
    endloop
  endfacet
  facet normal  0.000000e+000  0.000000e+000  1.000000e+000
    outer loop
      vertex -3.203125e-001 -7.500000e-001  7.500000e-001
      vertex -7.500000e-001  1.665335e-016  7.500000e-001
      vertex -7.500000e-001 -1.015625e-001  7.500000e-001
    endloop
  endfacet
  facet normal -1.110223e-016  1.000000e+000 -1.110219e-016
    outer loop
      vertex -7.500000e-001  1.665335e-016  7.500000e-001
      vertex  3.359375e-001  2.870967e-016  7.500000e-001
      vertex  4.167171e-001  2.951818e-016  7.420439e-001
    endloop
  endfacet
  facet normal -1.110223e-016  1.000000e+000 -1.110226e-016
    outer loop
      vertex -7.500000e-001  1.665335e-016  7.500000e-001
      vertex  4.167171e-001  2.951818e-016  7.420439e-001
      vertex  4.943924e-001  3.011895e-016  7.184814e-001
    endloop
  endfacet
  facet normal -1.110223e-016  1.000000e+000 -1.110218e-016
    outer loop
      vertex -7.500000e-001  1.665335e-016  7.500000e-001
      vertex  4.943924e-001  3.011895e-016  7.184814e-001
      vertex  5.659783e-001  3.048890e-016  6.802179e-001
    endloop
  endfacet
  facet normal -1.110223e-016  1.000000e+000 -1.110229e-016
    outer loop
      vertex -7.500000e-001  1.665335e-016  7.500000e-001
      vertex  5.659783e-001  3.048890e-016  6.802179e-001
      vertex  6.287239e-001  3.061382e-016  6.287239e-001
    endloop
  endfacet
  facet normal -1.110223e-016  1.000000e+000 -1.110219e-016
    outer loop
      vertex -7.500000e-001  1.665335e-016  7.500000e-001
      vertex  6.287239e-001  3.061382e-016  6.287239e-001
      vertex  6.802179e-001  3.048890e-016  5.659783e-001
    endloop
  endfacet
  facet normal -1.110224e-016  1.000000e+000 -1.110226e-016
    outer loop
      vertex -7.500000e-001  1.665335e-016  7.500000e-001
      vertex  6.802179e-001  3.048890e-016  5.659783e-001
      vertex  7.184814e-001  3.011895e-016  4.943924e-001
    endloop
  endfacet
  facet normal -1.110223e-016  1.000000e+000 -1.110222e-016
    outer loop
      vertex -7.500000e-001  1.665335e-016  7.500000e-001
      vertex  7.184814e-001  3.011895e-016  4.943924e-001
      vertex  7.420439e-001  2.951818e-016  4.167171e-001
    endloop
  endfacet
  facet normal -1.110223e-016  1.000000e+000 -1.110223e-016
    outer loop
      vertex -7.500000e-001  1.665335e-016  7.500000e-001
      vertex  7.420439e-001  2.951818e-016  4.167171e-001
      vertex  7.500000e-001  2.870967e-016  3.359375e-001
    endloop
  endfacet
  facet normal -1.110223e-016  1.000000e+000 -1.110223e-016
    outer loop
      vertex -7.500000e-001  1.665335e-016  7.500000e-001
      vertex  7.500000e-001  2.870967e-016  3.359375e-001
      vertex  7.500000e-001  1.665335e-016 -7.500000e-001
    endloop
  endfacet
  facet normal -1.110223e-016  1.000000e+000 -1.110223e-016
    outer loop
      vertex -7.500000e-001  1.665335e-016  7.500000e-001
      vertex  7.500000e-001  1.665335e-016 -7.500000e-001
      vertex -7.500000e-001  0.000000e+000 -7.500000e-001
    endloop
  endfacet
  facet normal  1.000000e+000  0.000000e+000  0.000000e+000
    outer loop
      vertex  7.500000e-001 -7.500000e-001 -7.500000e-001
      vertex  7.500000e-001  1.665335e-016 -7.500000e-001
      vertex  7.500000e-001 -7.500000e-001  3.359375e-001
    endloop
  endfacet
  facet normal  1.000000e+000  -0.000000e+000  0.000000e+000
    outer loop
      vertex  7.500000e-001 -7.500000e-001  3.359375e-001
      vertex  7.500000e-001  1.665335e-016 -7.500000e-001
      vertex  7.500000e-001  2.870967e-016  3.359375e-001
    endloop
  endfacet
  facet normal  9.801706e-002  -0.000000e+000  9.951848e-001
    outer loop
      vertex  3.359375e-001  2.870967e-016  7.500000e-001
      vertex  3.359375e-001 -7.500000e-001  7.500000e-001
      vertex  4.167171e-001  2.951818e-016  7.420439e-001
    endloop
  endfacet
  facet normal  9.801706e-002  0.000000e+000  9.951848e-001
    outer loop
      vertex  4.167171e-001  2.951818e-016  7.420439e-001
      vertex  3.359375e-001 -7.500000e-001  7.500000e-001
      vertex  4.167171e-001 -7.500000e-001  7.420439e-001
    endloop
  endfacet
  facet normal  2.902848e-001  -0.000000e+000  9.569402e-001
    outer loop
      vertex  4.167171e-001  2.951818e-016  7.420439e-001
      vertex  4.167171e-001 -7.500000e-001  7.420439e-001
      vertex  4.943924e-001  3.011895e-016  7.184814e-001
    endloop
  endfacet
  facet normal  2.902848e-001  0.000000e+000  9.569402e-001
    outer loop
      vertex  4.943924e-001  3.011895e-016  7.184814e-001
      vertex  4.167171e-001 -7.500000e-001  7.420439e-001
      vertex  4.943924e-001 -7.500000e-001  7.184814e-001
    endloop
  endfacet
  facet normal  4.713970e-001  -0.000000e+000  8.819212e-001
    outer loop
      vertex  4.943924e-001  3.011895e-016  7.184814e-001
      vertex  4.943924e-001 -7.500000e-001  7.184814e-001
      vertex  5.659783e-001  3.048890e-016  6.802179e-001
    endloop
  endfacet
  facet normal  4.713970e-001  0.000000e+000  8.819212e-001
    outer loop
      vertex  5.659783e-001  3.048890e-016  6.802179e-001
      vertex  4.943924e-001 -7.500000e-001  7.184814e-001
      vertex  5.659783e-001 -7.500000e-001  6.802179e-001
    endloop
  endfacet
  facet normal  6.343929e-001  -0.000000e+000  7.730109e-001
    outer loop
      vertex  5.659783e-001  3.048890e-016  6.802179e-001
      vertex  5.659783e-001 -7.500000e-001  6.802179e-001
      vertex  6.287239e-001  3.061382e-016  6.287239e-001
    endloop
  endfacet
  facet normal  6.343929e-001  0.000000e+000  7.730109e-001
    outer loop
      vertex  6.287239e-001  3.061382e-016  6.287239e-001
      vertex  5.659783e-001 -7.500000e-001  6.802179e-001
      vertex  6.287239e-001 -7.500000e-001  6.287239e-001
    endloop
  endfacet
  facet normal  7.730109e-001  -0.000000e+000  6.343929e-001
    outer loop
      vertex  6.287239e-001  3.061382e-016  6.287239e-001
      vertex  6.287239e-001 -7.500000e-001  6.287239e-001
      vertex  6.802179e-001  3.048890e-016  5.659783e-001
    endloop
  endfacet
  facet normal  7.730109e-001  0.000000e+000  6.343929e-001
    outer loop
      vertex  6.802179e-001  3.048890e-016  5.659783e-001
      vertex  6.287239e-001 -7.500000e-001  6.287239e-001
      vertex  6.802179e-001 -7.500000e-001  5.659783e-001
    endloop
  endfacet
  facet normal  8.819212e-001  -0.000000e+000  4.713970e-001
    outer loop
      vertex  6.802179e-001  3.048890e-016  5.659783e-001
      vertex  6.802179e-001 -7.500000e-001  5.659783e-001
      vertex  7.184814e-001  3.011895e-016  4.943924e-001
    endloop
  endfacet
  facet normal  8.819212e-001  0.000000e+000  4.713970e-001
    outer loop
      vertex  7.184814e-001  3.011895e-016  4.943924e-001
      vertex  6.802179e-001 -7.500000e-001  5.659783e-001
      vertex  7.184814e-001 -7.500000e-001  4.943924e-001
    endloop
  endfacet
  facet normal  9.569402e-001  -0.000000e+000  2.902848e-001
    outer loop
      vertex  7.184814e-001  3.011895e-016  4.943924e-001
      vertex  7.184814e-001 -7.500000e-001  4.943924e-001
      vertex  7.420439e-001  2.951818e-016  4.167171e-001
    endloop
  endfacet
  facet normal  9.569402e-001  0.000000e+000  2.902848e-001
    outer loop
      vertex  7.420439e-001  2.951818e-016  4.167171e-001
      vertex  7.184814e-001 -7.500000e-001  4.943924e-001
      vertex  7.420439e-001 -7.500000e-001  4.167171e-001
    endloop
  endfacet
  facet normal  9.951848e-001  -0.000000e+000  9.801706e-002
    outer loop
      vertex  7.420439e-001  2.951818e-016  4.167171e-001
      vertex  7.420439e-001 -7.500000e-001  4.167171e-001
      vertex  7.500000e-001  2.870967e-016  3.359375e-001
    endloop
  endfacet
  facet normal  9.951848e-001  0.000000e+000  9.801706e-002
    outer loop
      vertex  7.500000e-001  2.870967e-016  3.359375e-001
      vertex  7.420439e-001 -7.500000e-001  4.167171e-001
      vertex  7.500000e-001 -7.500000e-001  3.359375e-001
    endloop
  endfacet
  facet normal -1.000000e+000  -0.000000e+000  0.000000e+000
    outer loop
      vertex -7.500000e-001 -1.015625e-001  7.500000e-001
      vertex -7.500000e-001  1.665335e-016  7.500000e-001
      vertex -7.500000e-001 -1.015625e-001 -7.500000e-001
    endloop
  endfacet
  facet normal -1.000000e+000  0.000000e+000  0.000000e+000
    outer loop
      vertex -7.500000e-001 -1.015625e-001 -7.500000e-001
      vertex -7.500000e-001  1.665335e-016  7.500000e-001
      vertex -7.500000e-001  0.000000e+000 -7.500000e-001
    endloop
  endfacet
  facet normal  0.000000e+000  0.000000e+000 -1.000000e+000
    outer loop
      vertex  7.500000e-001  1.665335e-016 -7.500000e-001
      vertex  7.500000e-001 -7.500000e-001 -7.500000e-001
      vertex -7.500000e-001  0.000000e+000 -7.500000e-001
    endloop
  endfacet
  facet normal  0.000000e+000  0.000000e+000 -1.000000e+000
    outer loop
      vertex -7.500000e-001  0.000000e+000 -7.500000e-001
      vertex  7.500000e-001 -7.500000e-001 -7.500000e-001
      vertex -3.203125e-001 -7.500000e-001 -7.500000e-001
    endloop
  endfacet
  facet normal  0.000000e+000  0.000000e+000 -1.000000e+000
    outer loop
      vertex -7.500000e-001  0.000000e+000 -7.500000e-001
      vertex -3.203125e-001 -7.500000e-001 -7.500000e-001
      vertex -7.500000e-001 -1.015625e-001 -7.500000e-001
    endloop
  endfacet
  facet normal -8.335922e-001 -5.523804e-001  -0.000000e+000
    outer loop
      vertex -3.203125e-001 -7.500000e-001 -7.500000e-001
      vertex -3.203125e-001 -7.500000e-001  7.500000e-001
      vertex -7.500000e-001 -1.015625e-001 -7.500000e-001
    endloop
  endfacet
  facet normal -8.335922e-001 -5.523804e-001  0.000000e+000
    outer loop
      vertex -7.500000e-001 -1.015625e-001 -7.500000e-001
      vertex -3.203125e-001 -7.500000e-001  7.500000e-001
      vertex -7.500000e-001 -1.015625e-001  7.500000e-001
    endloop
  endfacet
endsolid CATIA STL
