solid CATIA STL
  facet normal  1.000000e+000  -0.000000e+000  0.000000e+000
    outer loop
      vertex  3.906250e-002  4.592425e-017  7.500000e-001
      vertex  3.906250e-002  0.000000e+000  0.000000e+000
      vertex  3.906250e-002  7.500000e-001 -4.592425e-017
    endloop
  endfacet
  facet normal  1.000000e+000  0.000000e+000  -0.000000e+000
    outer loop
      vertex  3.906250e-002  4.592425e-017  7.500000e-001
      vertex  3.906250e-002  7.500000e-001 -4.592425e-017
      vertex  3.906250e-002  7.500000e-001  5.937500e-001
    endloop
  endfacet
  facet normal  1.000000e+000  0.000000e+000  0.000000e+000
    outer loop
      vertex  3.906250e-002  4.592425e-017  7.500000e-001
      vertex  3.906250e-002  7.500000e-001  5.937500e-001
      vertex  3.906250e-002  7.469977e-001  6.242329e-001
    endloop
  endfacet
  facet normal  1.000000e+000  0.000000e+000  0.000000e+000
    outer loop
      vertex  3.906250e-002  4.592425e-017  7.500000e-001
      vertex  3.906250e-002  7.469977e-001  6.242329e-001
      vertex  3.906250e-002  7.381062e-001  6.535443e-001
    endloop
  endfacet
  facet normal  1.000000e+000  0.000000e+000  0.000000e+000
    outer loop
      vertex  3.906250e-002  4.592425e-017  7.500000e-001
      vertex  3.906250e-002  7.381062e-001  6.535443e-001
      vertex  3.906250e-002  7.236671e-001  6.805578e-001
    endloop
  endfacet
  facet normal  1.000000e+000  0.000000e+000  0.000000e+000
    outer loop
      vertex  3.906250e-002  4.592425e-017  7.500000e-001
      vertex  3.906250e-002  7.236671e-001  6.805578e-001
      vertex  3.906250e-002  7.042354e-001  7.042354e-001
    endloop
  endfacet
  facet normal  1.000000e+000  0.000000e+000  0.000000e+000
    outer loop
      vertex  3.906250e-002  4.592425e-017  7.500000e-001
      vertex  3.906250e-002  7.042354e-001  7.042354e-001
      vertex  3.906250e-002  6.805578e-001  7.236671e-001
    endloop
  endfacet
  facet normal  1.000000e+000  0.000000e+000  0.000000e+000
    outer loop
      vertex  3.906250e-002  4.592425e-017  7.500000e-001
      vertex  3.906250e-002  6.805578e-001  7.236671e-001
      vertex  3.906250e-002  6.535443e-001  7.381062e-001
    endloop
  endfacet
  facet normal  9.999999e-001  0.000000e+000  0.000000e+000
    outer loop
      vertex  3.906250e-002  4.592425e-017  7.500000e-001
      vertex  3.906250e-002  6.535443e-001  7.381062e-001
      vertex  3.906250e-002  6.242329e-001  7.469977e-001
    endloop
  endfacet
  facet normal  1.000000e+000  0.000000e+000  0.000000e+000
    outer loop
      vertex  3.906250e-002  4.592425e-017  7.500000e-001
      vertex  3.906250e-002  6.242329e-001  7.469977e-001
      vertex  3.906250e-002  5.937500e-001  7.500000e-001
    endloop
  endfacet
  facet normal -1.000000e+000  -0.000000e+000  -0.000000e+000
    outer loop
      vertex  0.000000e+000  4.592425e-017  7.500000e-001
      vertex  0.000000e+000  5.937500e-001  7.500000e-001
      vertex  0.000000e+000  6.242329e-001  7.469977e-001
    endloop
  endfacet
  facet normal -9.999999e-001  -0.000000e+000  -0.000000e+000
    outer loop
      vertex  0.000000e+000  4.592425e-017  7.500000e-001
      vertex  0.000000e+000  6.242329e-001  7.469977e-001
      vertex  0.000000e+000  6.535443e-001  7.381062e-001
    endloop
  endfacet
  facet normal -1.000000e+000  -0.000000e+000  -0.000000e+000
    outer loop
      vertex  0.000000e+000  4.592425e-017  7.500000e-001
      vertex  0.000000e+000  6.535443e-001  7.381062e-001
      vertex  0.000000e+000  6.805578e-001  7.236671e-001
    endloop
  endfacet
  facet normal -1.000000e+000  -0.000000e+000  -0.000000e+000
    outer loop
      vertex  0.000000e+000  4.592425e-017  7.500000e-001
      vertex  0.000000e+000  6.805578e-001  7.236671e-001
      vertex  0.000000e+000  7.042354e-001  7.042354e-001
    endloop
  endfacet
  facet normal -1.000000e+000  -0.000000e+000  -0.000000e+000
    outer loop
      vertex  0.000000e+000  4.592425e-017  7.500000e-001
      vertex  0.000000e+000  7.042354e-001  7.042354e-001
      vertex  0.000000e+000  7.236671e-001  6.805578e-001
    endloop
  endfacet
  facet normal -1.000000e+000  -0.000000e+000  -0.000000e+000
    outer loop
      vertex  0.000000e+000  4.592425e-017  7.500000e-001
      vertex  0.000000e+000  7.236671e-001  6.805578e-001
      vertex  0.000000e+000  7.381062e-001  6.535443e-001
    endloop
  endfacet
  facet normal -1.000000e+000  -0.000000e+000  -0.000000e+000
    outer loop
      vertex  0.000000e+000  4.592425e-017  7.500000e-001
      vertex  0.000000e+000  7.381062e-001  6.535443e-001
      vertex  0.000000e+000  7.469977e-001  6.242329e-001
    endloop
  endfacet
  facet normal -1.000000e+000  -0.000000e+000  -0.000000e+000
    outer loop
      vertex  0.000000e+000  4.592425e-017  7.500000e-001
      vertex  0.000000e+000  7.469977e-001  6.242329e-001
      vertex  0.000000e+000  7.500000e-001  5.937500e-001
    endloop
  endfacet
  facet normal -1.000000e+000  -0.000000e+000  -0.000000e+000
    outer loop
      vertex  0.000000e+000  4.592425e-017  7.500000e-001
      vertex  0.000000e+000  7.500000e-001  5.937500e-001
      vertex  0.000000e+000  7.500000e-001 -4.592425e-017
    endloop
  endfacet
  facet normal -1.000000e+000  0.000000e+000  0.000000e+000
    outer loop
      vertex  0.000000e+000  4.592425e-017  7.500000e-001
      vertex  0.000000e+000  7.500000e-001 -4.592425e-017
      vertex  0.000000e+000  0.000000e+000  0.000000e+000
    endloop
  endfacet
  facet normal  -0.000000e+000  0.000000e+000  1.000000e+000
    outer loop
      vertex  3.906250e-002  5.937500e-001  7.500000e-001
      vertex  0.000000e+000  5.937500e-001  7.500000e-001
      vertex  3.906250e-002  4.592425e-017  7.500000e-001
    endloop
  endfacet
  facet normal  0.000000e+000  0.000000e+000  1.000000e+000
    outer loop
      vertex  3.906250e-002  4.592425e-017  7.500000e-001
      vertex  0.000000e+000  5.937500e-001  7.500000e-001
      vertex  0.000000e+000  4.592425e-017  7.500000e-001
    endloop
  endfacet
  facet normal  0.000000e+000  1.000000e+000  0.000000e+000
    outer loop
      vertex  3.906250e-002  7.500000e-001 -4.592425e-017
      vertex  0.000000e+000  7.500000e-001 -4.592425e-017
      vertex  3.906250e-002  7.500000e-001  5.937500e-001
    endloop
  endfacet
  facet normal  0.000000e+000  1.000000e+000  0.000000e+000
    outer loop
      vertex  3.906250e-002  7.500000e-001  5.937500e-001
      vertex  0.000000e+000  7.500000e-001 -4.592425e-017
      vertex  0.000000e+000  7.500000e-001  5.937500e-001
    endloop
  endfacet
  facet normal  0.000000e+000  9.801660e-002  9.951848e-001
    outer loop
      vertex  0.000000e+000  5.937500e-001  7.500000e-001
      vertex  3.906250e-002  5.937500e-001  7.500000e-001
      vertex  0.000000e+000  6.242329e-001  7.469977e-001
    endloop
  endfacet
  facet normal  -0.000000e+000  9.801660e-002  9.951848e-001
    outer loop
      vertex  0.000000e+000  6.242329e-001  7.469977e-001
      vertex  3.906250e-002  5.937500e-001  7.500000e-001
      vertex  3.906250e-002  6.242329e-001  7.469977e-001
    endloop
  endfacet
  facet normal  0.000000e+000  2.902847e-001  9.569403e-001
    outer loop
      vertex  0.000000e+000  6.242329e-001  7.469977e-001
      vertex  3.906250e-002  6.242329e-001  7.469977e-001
      vertex  0.000000e+000  6.535443e-001  7.381062e-001
    endloop
  endfacet
  facet normal  -0.000000e+000  2.902847e-001  9.569403e-001
    outer loop
      vertex  0.000000e+000  6.535443e-001  7.381062e-001
      vertex  3.906250e-002  6.242329e-001  7.469977e-001
      vertex  3.906250e-002  6.535443e-001  7.381062e-001
    endloop
  endfacet
  facet normal  0.000000e+000  4.713970e-001  8.819212e-001
    outer loop
      vertex  0.000000e+000  6.535443e-001  7.381062e-001
      vertex  3.906250e-002  6.535443e-001  7.381062e-001
      vertex  0.000000e+000  6.805578e-001  7.236671e-001
    endloop
  endfacet
  facet normal  -0.000000e+000  4.713970e-001  8.819212e-001
    outer loop
      vertex  0.000000e+000  6.805578e-001  7.236671e-001
      vertex  3.906250e-002  6.535443e-001  7.381062e-001
      vertex  3.906250e-002  6.805578e-001  7.236671e-001
    endloop
  endfacet
  facet normal  0.000000e+000  6.343936e-001  7.730102e-001
    outer loop
      vertex  0.000000e+000  6.805578e-001  7.236671e-001
      vertex  3.906250e-002  6.805578e-001  7.236671e-001
      vertex  0.000000e+000  7.042354e-001  7.042354e-001
    endloop
  endfacet
  facet normal  -0.000000e+000  6.343936e-001  7.730102e-001
    outer loop
      vertex  0.000000e+000  7.042354e-001  7.042354e-001
      vertex  3.906250e-002  6.805578e-001  7.236671e-001
      vertex  3.906250e-002  7.042354e-001  7.042354e-001
    endloop
  endfacet
  facet normal  0.000000e+000  7.730102e-001  6.343936e-001
    outer loop
      vertex  0.000000e+000  7.042354e-001  7.042354e-001
      vertex  3.906250e-002  7.042354e-001  7.042354e-001
      vertex  0.000000e+000  7.236671e-001  6.805578e-001
    endloop
  endfacet
  facet normal  -0.000000e+000  7.730102e-001  6.343936e-001
    outer loop
      vertex  0.000000e+000  7.236671e-001  6.805578e-001
      vertex  3.906250e-002  7.042354e-001  7.042354e-001
      vertex  3.906250e-002  7.236671e-001  6.805578e-001
    endloop
  endfacet
  facet normal  0.000000e+000  8.819212e-001  4.713970e-001
    outer loop
      vertex  0.000000e+000  7.236671e-001  6.805578e-001
      vertex  3.906250e-002  7.236671e-001  6.805578e-001
      vertex  0.000000e+000  7.381062e-001  6.535443e-001
    endloop
  endfacet
  facet normal  -0.000000e+000  8.819212e-001  4.713970e-001
    outer loop
      vertex  0.000000e+000  7.381062e-001  6.535443e-001
      vertex  3.906250e-002  7.236671e-001  6.805578e-001
      vertex  3.906250e-002  7.381062e-001  6.535443e-001
    endloop
  endfacet
  facet normal  0.000000e+000  9.569403e-001  2.902847e-001
    outer loop
      vertex  0.000000e+000  7.381062e-001  6.535443e-001
      vertex  3.906250e-002  7.381062e-001  6.535443e-001
      vertex  0.000000e+000  7.469977e-001  6.242329e-001
    endloop
  endfacet
  facet normal  -0.000000e+000  9.569403e-001  2.902847e-001
    outer loop
      vertex  0.000000e+000  7.469977e-001  6.242329e-001
      vertex  3.906250e-002  7.381062e-001  6.535443e-001
      vertex  3.906250e-002  7.469977e-001  6.242329e-001
    endloop
  endfacet
  facet normal  0.000000e+000  9.951848e-001  9.801660e-002
    outer loop
      vertex  0.000000e+000  7.469977e-001  6.242329e-001
      vertex  3.906250e-002  7.469977e-001  6.242329e-001
      vertex  0.000000e+000  7.500000e-001  5.937500e-001
    endloop
  endfacet
  facet normal  -0.000000e+000  9.951848e-001  9.801660e-002
    outer loop
      vertex  0.000000e+000  7.500000e-001  5.937500e-001
      vertex  3.906250e-002  7.469977e-001  6.242329e-001
      vertex  3.906250e-002  7.500000e-001  5.937500e-001
    endloop
  endfacet
  facet normal  0.000000e+000 -1.000000e+000  6.123234e-017
    outer loop
      vertex  3.906250e-002  4.592425e-017  7.500000e-001
      vertex  0.000000e+000  4.592425e-017  7.500000e-001
      vertex  3.906250e-002  0.000000e+000  0.000000e+000
    endloop
  endfacet
  facet normal  0.000000e+000 -1.000000e+000  6.123234e-017
    outer loop
      vertex  3.906250e-002  0.000000e+000  0.000000e+000
      vertex  0.000000e+000  4.592425e-017  7.500000e-001
      vertex  0.000000e+000  0.000000e+000  0.000000e+000
    endloop
  endfacet
  facet normal  0.000000e+000 -6.123234e-017 -1.000000e+000
    outer loop
      vertex  3.906250e-002  0.000000e+000  0.000000e+000
      vertex  0.000000e+000  0.000000e+000  0.000000e+000
      vertex  3.906250e-002  7.500000e-001 -4.592425e-017
    endloop
  endfacet
  facet normal  -0.000000e+000 -6.123234e-017 -1.000000e+000
    outer loop
      vertex  3.906250e-002  7.500000e-001 -4.592425e-017
      vertex  0.000000e+000  0.000000e+000  0.000000e+000
      vertex  0.000000e+000  7.500000e-001 -4.592425e-017
    endloop
  endfacet
endsolid CATIA STL
