solid CATIA STL
  facet normal  -0.000000e+000  -0.000000e+000  9.999999e-001
    outer loop
      vertex -1.633224e-001 -5.394737e-002  7.031250e-002
      vertex -1.612208e-001 -7.528538e-002  7.031250e-002
      vertex -1.549967e-001 -9.580337e-002  7.031250e-002
    endloop
  endfacet
  facet normal  -0.000000e+000  -0.000000e+000  1.000000e+000
    outer loop
      vertex -1.633224e-001 -5.394737e-002  7.031250e-002
      vertex -1.549967e-001 -9.580337e-002  7.031250e-002
      vertex -1.448894e-001 -1.147129e-001  7.031250e-002
    endloop
  endfacet
  facet normal  -0.000000e+000  -0.000000e+000  1.000000e+000
    outer loop
      vertex -1.633224e-001 -5.394737e-002  7.031250e-002
      vertex -1.448894e-001 -1.147129e-001  7.031250e-002
      vertex -1.312872e-001 -1.312872e-001  7.031250e-002
    endloop
  endfacet
  facet normal  -0.000000e+000  -0.000000e+000  1.000000e+000
    outer loop
      vertex -1.633224e-001 -5.394737e-002  7.031250e-002
      vertex -1.312872e-001 -1.312872e-001  7.031250e-002
      vertex -1.147129e-001 -1.448894e-001  7.031250e-002
    endloop
  endfacet
  facet normal  -0.000000e+000  -0.000000e+000  1.000000e+000
    outer loop
      vertex -1.633224e-001 -5.394737e-002  7.031250e-002
      vertex -1.147129e-001 -1.448894e-001  7.031250e-002
      vertex -9.580337e-002 -1.549967e-001  7.031250e-002
    endloop
  endfacet
  facet normal  -0.000000e+000  -0.000000e+000  9.999999e-001
    outer loop
      vertex -1.633224e-001 -5.394737e-002  7.031250e-002
      vertex -9.580337e-002 -1.549967e-001  7.031250e-002
      vertex -7.528538e-002 -1.612208e-001  7.031250e-002
    endloop
  endfacet
  facet normal  -0.000000e+000  -0.000000e+000  1.000000e+000
    outer loop
      vertex -1.633224e-001 -5.394737e-002  7.031250e-002
      vertex -7.528538e-002 -1.612208e-001  7.031250e-002
      vertex -5.394737e-002 -1.633224e-001  7.031250e-002
    endloop
  endfacet
  facet normal  0.000000e+000  -0.000000e+000  1.000000e+000
    outer loop
      vertex -1.633224e-001 -5.394737e-002  7.031250e-002
      vertex -5.394737e-002 -1.633224e-001  7.031250e-002
      vertex  1.711349e-001 -1.633224e-001  7.031250e-002
    endloop
  endfacet
  facet normal  0.000000e+000  -0.000000e+000  1.000000e+000
    outer loop
      vertex -1.633224e-001 -5.394737e-002  7.031250e-002
      vertex  1.711349e-001 -1.633224e-001  7.031250e-002
      vertex  1.711349e-001  1.711349e-001  7.031250e-002
    endloop
  endfacet
  facet normal  0.000000e+000  0.000000e+000  1.000000e+000
    outer loop
      vertex -1.633224e-001 -5.394737e-002  7.031250e-002
      vertex  1.711349e-001  1.711349e-001  7.031250e-002
      vertex -1.633224e-001  1.711349e-001  7.031250e-002
    endloop
  endfacet
  facet normal  0.000000e+000  0.000000e+000 -1.000000e+000
    outer loop
      vertex -1.633224e-001 -5.394737e-002  0.000000e+000
      vertex -1.633224e-001  1.711349e-001  0.000000e+000
      vertex  1.711349e-001  1.711349e-001  0.000000e+000
    endloop
  endfacet
  facet normal  0.000000e+000  -0.000000e+000 -1.000000e+000
    outer loop
      vertex -1.633224e-001 -5.394737e-002  0.000000e+000
      vertex  1.711349e-001  1.711349e-001  0.000000e+000
      vertex  1.711349e-001 -1.633224e-001  0.000000e+000
    endloop
  endfacet
  facet normal  0.000000e+000  0.000000e+000 -1.000000e+000
    outer loop
      vertex -1.633224e-001 -5.394737e-002  0.000000e+000
      vertex  1.711349e-001 -1.633224e-001  0.000000e+000
      vertex -5.394737e-002 -1.633224e-001  0.000000e+000
    endloop
  endfacet
  facet normal  0.000000e+000  0.000000e+000 -1.000000e+000
    outer loop
      vertex -1.633224e-001 -5.394737e-002  0.000000e+000
      vertex -5.394737e-002 -1.633224e-001  0.000000e+000
      vertex -7.528538e-002 -1.612208e-001  0.000000e+000
    endloop
  endfacet
  facet normal  0.000000e+000  0.000000e+000 -9.999999e-001
    outer loop
      vertex -1.633224e-001 -5.394737e-002  0.000000e+000
      vertex -7.528538e-002 -1.612208e-001  0.000000e+000
      vertex -9.580337e-002 -1.549967e-001  0.000000e+000
    endloop
  endfacet
  facet normal  0.000000e+000  0.000000e+000 -1.000000e+000
    outer loop
      vertex -1.633224e-001 -5.394737e-002  0.000000e+000
      vertex -9.580337e-002 -1.549967e-001  0.000000e+000
      vertex -1.147129e-001 -1.448894e-001  0.000000e+000
    endloop
  endfacet
  facet normal  0.000000e+000  0.000000e+000 -1.000000e+000
    outer loop
      vertex -1.633224e-001 -5.394737e-002  0.000000e+000
      vertex -1.147129e-001 -1.448894e-001  0.000000e+000
      vertex -1.312872e-001 -1.312872e-001  0.000000e+000
    endloop
  endfacet
  facet normal  0.000000e+000  0.000000e+000 -1.000000e+000
    outer loop
      vertex -1.633224e-001 -5.394737e-002  0.000000e+000
      vertex -1.312872e-001 -1.312872e-001  0.000000e+000
      vertex -1.448894e-001 -1.147129e-001  0.000000e+000
    endloop
  endfacet
  facet normal  0.000000e+000  0.000000e+000 -1.000000e+000
    outer loop
      vertex -1.633224e-001 -5.394737e-002  0.000000e+000
      vertex -1.448894e-001 -1.147129e-001  0.000000e+000
      vertex -1.549967e-001 -9.580337e-002  0.000000e+000
    endloop
  endfacet
  facet normal  0.000000e+000  0.000000e+000 -9.999999e-001
    outer loop
      vertex -1.633224e-001 -5.394737e-002  0.000000e+000
      vertex -1.549967e-001 -9.580337e-002  0.000000e+000
      vertex -1.612208e-001 -7.528538e-002  0.000000e+000
    endloop
  endfacet
  facet normal -1.000000e+000  0.000000e+000  0.000000e+000
    outer loop
      vertex -1.633224e-001  1.711349e-001  7.031250e-002
      vertex -1.633224e-001  1.711349e-001  0.000000e+000
      vertex -1.633224e-001 -5.394737e-002  7.031250e-002
    endloop
  endfacet
  facet normal -1.000000e+000  0.000000e+000  0.000000e+000
    outer loop
      vertex -1.633224e-001 -5.394737e-002  7.031250e-002
      vertex -1.633224e-001  1.711349e-001  0.000000e+000
      vertex -1.633224e-001 -5.394737e-002  0.000000e+000
    endloop
  endfacet
  facet normal  0.000000e+000 -1.000000e+000  0.000000e+000
    outer loop
      vertex -5.394737e-002 -1.633224e-001  7.031250e-002
      vertex -5.394737e-002 -1.633224e-001  0.000000e+000
      vertex  1.711349e-001 -1.633224e-001  7.031250e-002
    endloop
  endfacet
  facet normal  0.000000e+000 -1.000000e+000  -0.000000e+000
    outer loop
      vertex  1.711349e-001 -1.633224e-001  7.031250e-002
      vertex -5.394737e-002 -1.633224e-001  0.000000e+000
      vertex  1.711349e-001 -1.633224e-001  0.000000e+000
    endloop
  endfacet
  facet normal -9.801736e-002 -9.951847e-001  -0.000000e+000
    outer loop
      vertex -5.394737e-002 -1.633224e-001  0.000000e+000
      vertex -5.394737e-002 -1.633224e-001  7.031250e-002
      vertex -7.528538e-002 -1.612208e-001  0.000000e+000
    endloop
  endfacet
  facet normal -9.801736e-002 -9.951847e-001  0.000000e+000
    outer loop
      vertex -7.528538e-002 -1.612208e-001  0.000000e+000
      vertex -5.394737e-002 -1.633224e-001  7.031250e-002
      vertex -7.528538e-002 -1.612208e-001  7.031250e-002
    endloop
  endfacet
  facet normal -2.902848e-001 -9.569404e-001  -0.000000e+000
    outer loop
      vertex -7.528538e-002 -1.612208e-001  0.000000e+000
      vertex -7.528538e-002 -1.612208e-001  7.031250e-002
      vertex -9.580337e-002 -1.549967e-001  0.000000e+000
    endloop
  endfacet
  facet normal -2.902848e-001 -9.569404e-001  0.000000e+000
    outer loop
      vertex -9.580337e-002 -1.549967e-001  0.000000e+000
      vertex -7.528538e-002 -1.612208e-001  7.031250e-002
      vertex -9.580337e-002 -1.549967e-001  7.031250e-002
    endloop
  endfacet
  facet normal -4.713967e-001 -8.819212e-001  -0.000000e+000
    outer loop
      vertex -9.580337e-002 -1.549967e-001  0.000000e+000
      vertex -9.580337e-002 -1.549967e-001  7.031250e-002
      vertex -1.147129e-001 -1.448894e-001  0.000000e+000
    endloop
  endfacet
  facet normal -4.713967e-001 -8.819212e-001  0.000000e+000
    outer loop
      vertex -1.147129e-001 -1.448894e-001  0.000000e+000
      vertex -9.580337e-002 -1.549967e-001  7.031250e-002
      vertex -1.147129e-001 -1.448894e-001  7.031250e-002
    endloop
  endfacet
  facet normal -6.343933e-001 -7.730105e-001  -0.000000e+000
    outer loop
      vertex -1.147129e-001 -1.448894e-001  0.000000e+000
      vertex -1.147129e-001 -1.448894e-001  7.031250e-002
      vertex -1.312872e-001 -1.312872e-001  0.000000e+000
    endloop
  endfacet
  facet normal -6.343933e-001 -7.730105e-001  0.000000e+000
    outer loop
      vertex -1.312872e-001 -1.312872e-001  0.000000e+000
      vertex -1.147129e-001 -1.448894e-001  7.031250e-002
      vertex -1.312872e-001 -1.312872e-001  7.031250e-002
    endloop
  endfacet
  facet normal -7.730105e-001 -6.343933e-001  -0.000000e+000
    outer loop
      vertex -1.312872e-001 -1.312872e-001  0.000000e+000
      vertex -1.312872e-001 -1.312872e-001  7.031250e-002
      vertex -1.448894e-001 -1.147129e-001  0.000000e+000
    endloop
  endfacet
  facet normal -7.730105e-001 -6.343933e-001  0.000000e+000
    outer loop
      vertex -1.448894e-001 -1.147129e-001  0.000000e+000
      vertex -1.312872e-001 -1.312872e-001  7.031250e-002
      vertex -1.448894e-001 -1.147129e-001  7.031250e-002
    endloop
  endfacet
  facet normal -8.819212e-001 -4.713967e-001  -0.000000e+000
    outer loop
      vertex -1.448894e-001 -1.147129e-001  0.000000e+000
      vertex -1.448894e-001 -1.147129e-001  7.031250e-002
      vertex -1.549967e-001 -9.580337e-002  0.000000e+000
    endloop
  endfacet
  facet normal -8.819212e-001 -4.713967e-001  0.000000e+000
    outer loop
      vertex -1.549967e-001 -9.580337e-002  0.000000e+000
      vertex -1.448894e-001 -1.147129e-001  7.031250e-002
      vertex -1.549967e-001 -9.580337e-002  7.031250e-002
    endloop
  endfacet
  facet normal -9.569404e-001 -2.902848e-001  -0.000000e+000
    outer loop
      vertex -1.549967e-001 -9.580337e-002  0.000000e+000
      vertex -1.549967e-001 -9.580337e-002  7.031250e-002
      vertex -1.612208e-001 -7.528538e-002  0.000000e+000
    endloop
  endfacet
  facet normal -9.569404e-001 -2.902848e-001  0.000000e+000
    outer loop
      vertex -1.612208e-001 -7.528538e-002  0.000000e+000
      vertex -1.549967e-001 -9.580337e-002  7.031250e-002
      vertex -1.612208e-001 -7.528538e-002  7.031250e-002
    endloop
  endfacet
  facet normal -9.951847e-001 -9.801736e-002  -0.000000e+000
    outer loop
      vertex -1.612208e-001 -7.528538e-002  0.000000e+000
      vertex -1.612208e-001 -7.528538e-002  7.031250e-002
      vertex -1.633224e-001 -5.394737e-002  0.000000e+000
    endloop
  endfacet
  facet normal -9.951847e-001 -9.801736e-002  0.000000e+000
    outer loop
      vertex -1.633224e-001 -5.394737e-002  0.000000e+000
      vertex -1.612208e-001 -7.528538e-002  7.031250e-002
      vertex -1.633224e-001 -5.394737e-002  7.031250e-002
    endloop
  endfacet
  facet normal  0.000000e+000  9.999999e-001  -0.000000e+000
    outer loop
      vertex  1.711349e-001  1.711349e-001  7.031250e-002
      vertex  1.711349e-001  1.711349e-001  0.000000e+000
      vertex -1.633224e-001  1.711349e-001  7.031250e-002
    endloop
  endfacet
  facet normal  0.000000e+000  9.999999e-001  0.000000e+000
    outer loop
      vertex -1.633224e-001  1.711349e-001  7.031250e-002
      vertex  1.711349e-001  1.711349e-001  0.000000e+000
      vertex -1.633224e-001  1.711349e-001  0.000000e+000
    endloop
  endfacet
  facet normal  9.999999e-001  0.000000e+000  0.000000e+000
    outer loop
      vertex  1.711349e-001 -1.633224e-001  7.031250e-002
      vertex  1.711349e-001 -1.633224e-001  0.000000e+000
      vertex  1.711349e-001  1.711349e-001  7.031250e-002
    endloop
  endfacet
  facet normal  9.999999e-001  0.000000e+000  0.000000e+000
    outer loop
      vertex  1.711349e-001  1.711349e-001  7.031250e-002
      vertex  1.711349e-001 -1.633224e-001  0.000000e+000
      vertex  1.711349e-001  1.711349e-001  0.000000e+000
    endloop
  endfacet
  facet normal  0.000000e+000  0.000000e+000  9.999999e-001
    outer loop
      vertex -4.140625e-001  1.472039e-002  7.031250e-002
      vertex -7.500000e-001 -2.343750e-002  7.031250e-002
      vertex -4.140625e-001 -2.343750e-002  7.031250e-002
    endloop
  endfacet
  facet normal  0.000000e+000  0.000000e+000  9.999999e-001
    outer loop
      vertex -4.142126e-001  1.624454e-002  7.031250e-002
      vertex -4.146572e-001  1.771011e-002  7.031250e-002
      vertex -4.153791e-001  1.906079e-002  7.031250e-002
    endloop
  endfacet
  facet normal  0.000000e+000  0.000000e+000  1.000000e+000
    outer loop
      vertex -4.142126e-001  1.624454e-002  7.031250e-002
      vertex -4.153791e-001  1.906079e-002  7.031250e-002
      vertex -4.163507e-001  2.024467e-002  7.031250e-002
    endloop
  endfacet
  facet normal  0.000000e+000  0.000000e+000  1.000000e+000
    outer loop
      vertex -4.142126e-001  1.624454e-002  7.031250e-002
      vertex -4.163507e-001  2.024467e-002  7.031250e-002
      vertex -4.175346e-001  2.121625e-002  7.031250e-002
    endloop
  endfacet
  facet normal  0.000000e+000  0.000000e+000  1.000000e+000
    outer loop
      vertex -4.142126e-001  1.624454e-002  7.031250e-002
      vertex -4.175346e-001  2.121625e-002  7.031250e-002
      vertex -4.188853e-001  2.193820e-002  7.031250e-002
    endloop
  endfacet
  facet normal  0.000000e+000  0.000000e+000  1.000000e+000
    outer loop
      vertex -4.142126e-001  1.624454e-002  7.031250e-002
      vertex -4.188853e-001  2.193820e-002  7.031250e-002
      vertex -4.203508e-001  2.238278e-002  7.031250e-002
    endloop
  endfacet
  facet normal  0.000000e+000  0.000000e+000  1.000000e+000
    outer loop
      vertex -4.142126e-001  1.624454e-002  7.031250e-002
      vertex -4.203508e-001  2.238278e-002  7.031250e-002
      vertex -4.218750e-001  2.253290e-002  7.031250e-002
    endloop
  endfacet
  facet normal  0.000000e+000  0.000000e+000  9.999999e-001
    outer loop
      vertex -7.500000e-001  2.253290e-002  7.031250e-002
      vertex -7.500000e-001 -2.343750e-002  7.031250e-002
      vertex -4.140625e-001  1.472039e-002  7.031250e-002
    endloop
  endfacet
  facet normal  0.000000e+000  0.000000e+000  1.000000e+000
    outer loop
      vertex -7.500000e-001  2.253290e-002  7.031250e-002
      vertex -4.140625e-001  1.472039e-002  7.031250e-002
      vertex -4.142126e-001  1.624454e-002  7.031250e-002
    endloop
  endfacet
  facet normal  0.000000e+000  0.000000e+000  1.000000e+000
    outer loop
      vertex -7.500000e-001  2.253290e-002  7.031250e-002
      vertex -4.142126e-001  1.624454e-002  7.031250e-002
      vertex -4.218750e-001  2.253290e-002  7.031250e-002
    endloop
  endfacet
  facet normal  0.000000e+000  0.000000e+000 -9.999999e-001
    outer loop
      vertex -4.140625e-001 -2.343750e-002  0.000000e+000
      vertex -7.500000e-001 -2.343750e-002  0.000000e+000
      vertex -4.140625e-001  1.472039e-002  0.000000e+000
    endloop
  endfacet
  facet normal  0.000000e+000  0.000000e+000 -1.000000e+000
    outer loop
      vertex -4.142126e-001  1.624454e-002  0.000000e+000
      vertex -4.218750e-001  2.253290e-002  0.000000e+000
      vertex -4.203508e-001  2.238278e-002  0.000000e+000
    endloop
  endfacet
  facet normal  0.000000e+000  0.000000e+000 -1.000000e+000
    outer loop
      vertex -4.142126e-001  1.624454e-002  0.000000e+000
      vertex -4.203508e-001  2.238278e-002  0.000000e+000
      vertex -4.188853e-001  2.193820e-002  0.000000e+000
    endloop
  endfacet
  facet normal  0.000000e+000  0.000000e+000 -1.000000e+000
    outer loop
      vertex -4.142126e-001  1.624454e-002  0.000000e+000
      vertex -4.188853e-001  2.193820e-002  0.000000e+000
      vertex -4.175346e-001  2.121625e-002  0.000000e+000
    endloop
  endfacet
  facet normal  0.000000e+000  0.000000e+000 -1.000000e+000
    outer loop
      vertex -4.142126e-001  1.624454e-002  0.000000e+000
      vertex -4.175346e-001  2.121625e-002  0.000000e+000
      vertex -4.163507e-001  2.024467e-002  0.000000e+000
    endloop
  endfacet
  facet normal  0.000000e+000  0.000000e+000 -1.000000e+000
    outer loop
      vertex -4.142126e-001  1.624454e-002  0.000000e+000
      vertex -4.163507e-001  2.024467e-002  0.000000e+000
      vertex -4.153791e-001  1.906079e-002  0.000000e+000
    endloop
  endfacet
  facet normal  0.000000e+000  0.000000e+000 -9.999999e-001
    outer loop
      vertex -4.142126e-001  1.624454e-002  0.000000e+000
      vertex -4.153791e-001  1.906079e-002  0.000000e+000
      vertex -4.146572e-001  1.771011e-002  0.000000e+000
    endloop
  endfacet
  facet normal  -0.000000e+000  -0.000000e+000 -1.000000e+000
    outer loop
      vertex -7.500000e-001  2.253290e-002  0.000000e+000
      vertex -4.218750e-001  2.253290e-002  0.000000e+000
      vertex -4.142126e-001  1.624454e-002  0.000000e+000
    endloop
  endfacet
  facet normal  -0.000000e+000  -0.000000e+000 -1.000000e+000
    outer loop
      vertex -7.500000e-001  2.253290e-002  0.000000e+000
      vertex -4.142126e-001  1.624454e-002  0.000000e+000
      vertex -4.140625e-001  1.472039e-002  0.000000e+000
    endloop
  endfacet
  facet normal  -0.000000e+000  0.000000e+000 -9.999999e-001
    outer loop
      vertex -7.500000e-001  2.253290e-002  0.000000e+000
      vertex -4.140625e-001  1.472039e-002  0.000000e+000
      vertex -7.500000e-001 -2.343750e-002  0.000000e+000
    endloop
  endfacet
  facet normal  0.000000e+000  9.999999e-001  -0.000000e+000
    outer loop
      vertex -4.218750e-001  2.253290e-002  7.031250e-002
      vertex -4.218750e-001  2.253290e-002  0.000000e+000
      vertex -7.500000e-001  2.253290e-002  7.031250e-002
    endloop
  endfacet
  facet normal  0.000000e+000  9.999999e-001  0.000000e+000
    outer loop
      vertex -7.500000e-001  2.253290e-002  7.031250e-002
      vertex -4.218750e-001  2.253290e-002  0.000000e+000
      vertex -7.500000e-001  2.253290e-002  0.000000e+000
    endloop
  endfacet
  facet normal  9.999999e-001  0.000000e+000  0.000000e+000
    outer loop
      vertex -4.140625e-001 -2.343750e-002  0.000000e+000
      vertex -4.140625e-001  1.472039e-002  0.000000e+000
      vertex -4.140625e-001 -2.343750e-002  7.031250e-002
    endloop
  endfacet
  facet normal  9.999999e-001  -0.000000e+000  0.000000e+000
    outer loop
      vertex -4.140625e-001 -2.343750e-002  7.031250e-002
      vertex -4.140625e-001  1.472039e-002  0.000000e+000
      vertex -4.140625e-001  1.472039e-002  7.031250e-002
    endloop
  endfacet
  facet normal  9.801743e-002  9.951847e-001  0.000000e+000
    outer loop
      vertex -4.218750e-001  2.253290e-002  0.000000e+000
      vertex -4.218750e-001  2.253290e-002  7.031250e-002
      vertex -4.203508e-001  2.238278e-002  0.000000e+000
    endloop
  endfacet
  facet normal  9.801743e-002  9.951847e-001  -0.000000e+000
    outer loop
      vertex -4.203508e-001  2.238278e-002  0.000000e+000
      vertex -4.218750e-001  2.253290e-002  7.031250e-002
      vertex -4.203508e-001  2.238278e-002  7.031250e-002
    endloop
  endfacet
  facet normal  2.902869e-001  9.569397e-001  0.000000e+000
    outer loop
      vertex -4.203508e-001  2.238278e-002  0.000000e+000
      vertex -4.203508e-001  2.238278e-002  7.031250e-002
      vertex -4.188853e-001  2.193820e-002  0.000000e+000
    endloop
  endfacet
  facet normal  2.902869e-001  9.569397e-001  -0.000000e+000
    outer loop
      vertex -4.188853e-001  2.193820e-002  0.000000e+000
      vertex -4.203508e-001  2.238278e-002  7.031250e-002
      vertex -4.188853e-001  2.193820e-002  7.031250e-002
    endloop
  endfacet
  facet normal  4.713984e-001  8.819203e-001  0.000000e+000
    outer loop
      vertex -4.188853e-001  2.193820e-002  0.000000e+000
      vertex -4.188853e-001  2.193820e-002  7.031250e-002
      vertex -4.175346e-001  2.121625e-002  0.000000e+000
    endloop
  endfacet
  facet normal  4.713984e-001  8.819203e-001  -0.000000e+000
    outer loop
      vertex -4.175346e-001  2.121625e-002  0.000000e+000
      vertex -4.188853e-001  2.193820e-002  7.031250e-002
      vertex -4.175346e-001  2.121625e-002  7.031250e-002
    endloop
  endfacet
  facet normal  6.343871e-001  7.730155e-001  0.000000e+000
    outer loop
      vertex -4.175346e-001  2.121625e-002  0.000000e+000
      vertex -4.175346e-001  2.121625e-002  7.031250e-002
      vertex -4.163507e-001  2.024467e-002  0.000000e+000
    endloop
  endfacet
  facet normal  6.343871e-001  7.730155e-001  -0.000000e+000
    outer loop
      vertex -4.163507e-001  2.024467e-002  0.000000e+000
      vertex -4.175346e-001  2.121625e-002  7.031250e-002
      vertex -4.163507e-001  2.024467e-002  7.031250e-002
    endloop
  endfacet
  facet normal  7.730105e-001  6.343933e-001  0.000000e+000
    outer loop
      vertex -4.163507e-001  2.024467e-002  0.000000e+000
      vertex -4.163507e-001  2.024467e-002  7.031250e-002
      vertex -4.153791e-001  1.906079e-002  0.000000e+000
    endloop
  endfacet
  facet normal  7.730105e-001  6.343933e-001  -0.000000e+000
    outer loop
      vertex -4.153791e-001  1.906079e-002  0.000000e+000
      vertex -4.163507e-001  2.024467e-002  7.031250e-002
      vertex -4.153791e-001  1.906079e-002  7.031250e-002
    endloop
  endfacet
  facet normal  8.819271e-001  4.713860e-001  0.000000e+000
    outer loop
      vertex -4.153791e-001  1.906079e-002  0.000000e+000
      vertex -4.153791e-001  1.906079e-002  7.031250e-002
      vertex -4.146572e-001  1.771011e-002  0.000000e+000
    endloop
  endfacet
  facet normal  8.819271e-001  4.713860e-001  -0.000000e+000
    outer loop
      vertex -4.146572e-001  1.771011e-002  0.000000e+000
      vertex -4.153791e-001  1.906079e-002  7.031250e-002
      vertex -4.146572e-001  1.771011e-002  7.031250e-002
    endloop
  endfacet
  facet normal  9.569376e-001  2.902938e-001  0.000000e+000
    outer loop
      vertex -4.146572e-001  1.771011e-002  0.000000e+000
      vertex -4.146572e-001  1.771011e-002  7.031250e-002
      vertex -4.142126e-001  1.624454e-002  0.000000e+000
    endloop
  endfacet
  facet normal  9.569376e-001  2.902938e-001  -0.000000e+000
    outer loop
      vertex -4.142126e-001  1.624454e-002  0.000000e+000
      vertex -4.146572e-001  1.771011e-002  7.031250e-002
      vertex -4.142126e-001  1.624454e-002  7.031250e-002
    endloop
  endfacet
  facet normal  9.951847e-001  9.801664e-002  0.000000e+000
    outer loop
      vertex -4.142126e-001  1.624454e-002  0.000000e+000
      vertex -4.142126e-001  1.624454e-002  7.031250e-002
      vertex -4.140625e-001  1.472039e-002  0.000000e+000
    endloop
  endfacet
  facet normal  9.951847e-001  9.801664e-002  -0.000000e+000
    outer loop
      vertex -4.140625e-001  1.472039e-002  0.000000e+000
      vertex -4.142126e-001  1.624454e-002  7.031250e-002
      vertex -4.140625e-001  1.472039e-002  7.031250e-002
    endloop
  endfacet
  facet normal -1.000000e+000  0.000000e+000  0.000000e+000
    outer loop
      vertex -7.500000e-001  2.253290e-002  0.000000e+000
      vertex -7.500000e-001 -2.343750e-002  0.000000e+000
      vertex -7.500000e-001  2.253290e-002  7.031250e-002
    endloop
  endfacet
  facet normal -1.000000e+000  -0.000000e+000  0.000000e+000
    outer loop
      vertex -7.500000e-001  2.253290e-002  7.031250e-002
      vertex -7.500000e-001 -2.343750e-002  0.000000e+000
      vertex -7.500000e-001 -2.343750e-002  7.031250e-002
    endloop
  endfacet
  facet normal  0.000000e+000 -1.000000e+000  0.000000e+000
    outer loop
      vertex -7.500000e-001 -2.343750e-002  7.031250e-002
      vertex -7.500000e-001 -2.343750e-002  0.000000e+000
      vertex -4.140625e-001 -2.343750e-002  7.031250e-002
    endloop
  endfacet
  facet normal  0.000000e+000 -1.000000e+000  -0.000000e+000
    outer loop
      vertex -4.140625e-001 -2.343750e-002  7.031250e-002
      vertex -7.500000e-001 -2.343750e-002  0.000000e+000
      vertex -4.140625e-001 -2.343750e-002  0.000000e+000
    endloop
  endfacet
endsolid CATIA STL
