solid CATIA STL
  facet normal -9.999999e-001  0.000000e+000  0.000000e+000
    outer loop
      vertex  6.250000e-001 -7.500000e-001  1.250000e-001
      vertex  6.250000e-001 -7.500000e-001  4.254649e-001
      vertex  6.250000e-001 -6.250000e-002  1.250000e-001
    endloop
  endfacet
  facet normal -9.999999e-001  0.000000e+000  0.000000e+000
    outer loop
      vertex  6.250000e-001 -6.250000e-002  1.250000e-001
      vertex  6.250000e-001 -7.500000e-001  4.254649e-001
      vertex  6.250000e-001 -6.250000e-002  4.254649e-001
    endloop
  endfacet
  facet normal  0.000000e+000  0.000000e+000 -9.999999e-001
    outer loop
      vertex  4.254649e-001 -7.500000e-001  6.250000e-001
      vertex  1.250000e-001 -7.500000e-001  6.250000e-001
      vertex  4.254649e-001 -6.250000e-002  6.250000e-001
    endloop
  endfacet
  facet normal  -0.000000e+000  0.000000e+000 -9.999999e-001
    outer loop
      vertex  4.254649e-001 -6.250000e-002  6.250000e-001
      vertex  1.250000e-001 -7.500000e-001  6.250000e-001
      vertex  1.250000e-001 -6.250000e-002  6.250000e-001
    endloop
  endfacet
  facet normal  0.000000e+000 -1.000000e+000  0.000000e+000
    outer loop
      vertex  1.250000e-001 -6.250000e-002  1.250000e-001
      vertex  6.250000e-001 -6.250000e-002  1.250000e-001
      vertex  1.250000e-001 -6.250000e-002  6.250000e-001
    endloop
  endfacet
  facet normal  0.000000e+000 -1.000000e+000  0.000000e+000
    outer loop
      vertex  1.250000e-001 -6.250000e-002  6.250000e-001
      vertex  6.250000e-001 -6.250000e-002  1.250000e-001
      vertex  6.250000e-001 -6.250000e-002  4.254649e-001
    endloop
  endfacet
  facet normal  0.000000e+000 -1.000000e+000  0.000000e+000
    outer loop
      vertex  1.250000e-001 -6.250000e-002  6.250000e-001
      vertex  6.250000e-001 -6.250000e-002  4.254649e-001
      vertex  4.254649e-001 -6.250000e-002  6.250000e-001
    endloop
  endfacet
  facet normal  0.000000e+000 -1.000000e+000  0.000000e+000
    outer loop
      vertex  4.254649e-001 -6.250000e-002  6.250000e-001
      vertex  6.250000e-001 -6.250000e-002  4.254649e-001
      vertex  5.349066e-001 -6.250000e-002  5.349066e-001
    endloop
  endfacet
  facet normal  0.000000e+000 -1.000000e+000  0.000000e+000
    outer loop
      vertex  6.250000e-001 -7.500000e-001  1.250000e-001
      vertex  1.250000e-001 -7.500000e-001  1.250000e-001
      vertex  7.419699e-001 -7.500000e-001  1.239289e-001
    endloop
  endfacet
  facet normal  0.000000e+000 -1.000000e+000  0.000000e+000
    outer loop
      vertex  6.250000e-001 -7.500000e-001  1.250000e-001
      vertex  7.419699e-001 -7.500000e-001  1.239289e-001
      vertex  7.180552e-001 -7.500000e-001  2.298642e-001
    endloop
  endfacet
  facet normal  -0.000000e+000 -1.000000e+000  0.000000e+000
    outer loop
      vertex  6.250000e-001 -7.500000e-001  1.250000e-001
      vertex  7.180552e-001 -7.500000e-001  2.298642e-001
      vertex  6.787789e-001 -7.500000e-001  3.311143e-001
    endloop
  endfacet
  facet normal  -0.000000e+000 -1.000000e+000  0.000000e+000
    outer loop
      vertex  6.250000e-001 -7.500000e-001  1.250000e-001
      vertex  6.787789e-001 -7.500000e-001  3.311143e-001
      vertex  6.250000e-001 -7.500000e-001  4.254649e-001
    endloop
  endfacet
  facet normal  0.000000e+000 -1.000000e+000  0.000000e+000
    outer loop
      vertex  1.250000e-001 -7.500000e-001  6.250000e-001
      vertex  4.254649e-001 -7.500000e-001  6.250000e-001
      vertex  3.311143e-001 -7.500000e-001  6.787789e-001
    endloop
  endfacet
  facet normal  -0.000000e+000 -1.000000e+000  0.000000e+000
    outer loop
      vertex  1.250000e-001 -7.500000e-001  6.250000e-001
      vertex  3.311143e-001 -7.500000e-001  6.787789e-001
      vertex  2.298642e-001 -7.500000e-001  7.180552e-001
    endloop
  endfacet
  facet normal  -0.000000e+000 -1.000000e+000  0.000000e+000
    outer loop
      vertex  1.250000e-001 -7.500000e-001  6.250000e-001
      vertex  2.298642e-001 -7.500000e-001  7.180552e-001
      vertex  1.239289e-001 -7.500000e-001  7.419699e-001
    endloop
  endfacet
  facet normal  -0.000000e+000 -9.999999e-001  -0.000000e+000
    outer loop
      vertex  1.250000e-001 -7.500000e-001  6.250000e-001
      vertex  1.239289e-001 -7.500000e-001  7.419699e-001
      vertex  1.562500e-002 -7.500000e-001  7.500000e-001
    endloop
  endfacet
  facet normal  -0.000000e+000 -1.000000e+000  -0.000000e+000
    outer loop
      vertex  1.250000e-001 -7.500000e-001  6.250000e-001
      vertex  1.562500e-002 -7.500000e-001  7.500000e-001
      vertex  4.592425e-017 -7.500000e-001  7.500000e-001
    endloop
  endfacet
  facet normal  0.000000e+000 -1.000000e+000  -0.000000e+000
    outer loop
      vertex  1.250000e-001 -7.500000e-001  6.250000e-001
      vertex  4.592425e-017 -7.500000e-001  7.500000e-001
      vertex  0.000000e+000 -7.500000e-001  0.000000e+000
    endloop
  endfacet
  facet normal  0.000000e+000 -1.000000e+000  0.000000e+000
    outer loop
      vertex  1.250000e-001 -7.500000e-001  6.250000e-001
      vertex  0.000000e+000 -7.500000e-001  0.000000e+000
      vertex  1.250000e-001 -7.500000e-001  1.250000e-001
    endloop
  endfacet
  facet normal  0.000000e+000 -1.000000e+000  0.000000e+000
    outer loop
      vertex  7.419699e-001 -7.500000e-001  1.239289e-001
      vertex  1.250000e-001 -7.500000e-001  1.250000e-001
      vertex  7.500000e-001 -7.500000e-001  1.562500e-002
    endloop
  endfacet
  facet normal  -0.000000e+000 -9.999999e-001  0.000000e+000
    outer loop
      vertex  7.500000e-001 -7.500000e-001  1.562500e-002
      vertex  1.250000e-001 -7.500000e-001  1.250000e-001
      vertex  0.000000e+000 -7.500000e-001  0.000000e+000
    endloop
  endfacet
  facet normal  0.000000e+000 -1.000000e+000  0.000000e+000
    outer loop
      vertex  7.500000e-001 -7.500000e-001  1.562500e-002
      vertex  0.000000e+000 -7.500000e-001  0.000000e+000
      vertex  7.500000e-001 -7.500000e-001 -4.592425e-017
    endloop
  endfacet
  facet normal  2.902816e-001  4.713766e-003  9.569297e-001
    outer loop
      vertex  1.588944e-001  0.000000e+000  7.358892e-001
      vertex  2.298642e-001 -7.500000e-001  7.180552e-001
      vertex  2.966582e-001  0.000000e+000  6.940990e-001
    endloop
  endfacet
  facet normal  3.616548e-001 -2.429058e-003  9.323089e-001
    outer loop
      vertex  2.298642e-001 -7.500000e-001  7.180552e-001
      vertex  3.311143e-001 -7.500000e-001  6.787789e-001
      vertex  2.966582e-001  0.000000e+000  6.940990e-001
    endloop
  endfacet
  facet normal  4.713936e-001  3.641886e-003  8.819155e-001
    outer loop
      vertex  4.236219e-001  0.000000e+000  6.262355e-001
      vertex  2.966582e-001  0.000000e+000  6.940990e-001
      vertex  3.311143e-001 -7.500000e-001  6.787789e-001
    endloop
  endfacet
  facet normal  8.819155e-001  3.641886e-003  4.713936e-001
    outer loop
      vertex  6.262355e-001  0.000000e+000  4.236219e-001
      vertex  6.787789e-001 -7.500000e-001  3.311143e-001
      vertex  6.940990e-001  0.000000e+000  2.966582e-001
    endloop
  endfacet
  facet normal  9.323089e-001 -2.429058e-003  3.616548e-001
    outer loop
      vertex  6.940990e-001  0.000000e+000  2.966582e-001
      vertex  6.787789e-001 -7.500000e-001  3.311143e-001
      vertex  7.180552e-001 -7.500000e-001  2.298642e-001
    endloop
  endfacet
  facet normal  9.569297e-001  4.713766e-003  2.902816e-001
    outer loop
      vertex  6.940990e-001  0.000000e+000  2.966582e-001
      vertex  7.180552e-001 -7.500000e-001  2.298642e-001
      vertex  7.358892e-001  0.000000e+000  1.588944e-001
    endloop
  endfacet
  facet normal  8.687807e-001  0.000000e+000  4.951969e-001
    outer loop
      vertex  6.250000e-001 -7.500000e-001  4.254649e-001
      vertex  6.787789e-001 -7.500000e-001  3.311143e-001
      vertex  6.250000e-001 -6.250000e-002  4.254649e-001
    endloop
  endfacet
  facet normal  8.621176e-001 -2.100406e-003  5.067039e-001
    outer loop
      vertex  6.250000e-001 -6.250000e-002  4.254649e-001
      vertex  6.787789e-001 -7.500000e-001  3.311143e-001
      vertex  6.262355e-001  0.000000e+000  4.236219e-001
    endloop
  endfacet
  facet normal  7.720467e-001  3.479704e-003  6.355563e-001
    outer loop
      vertex  6.250000e-001 -6.250000e-002  4.254649e-001
      vertex  6.262355e-001  0.000000e+000  4.236219e-001
      vertex  5.349066e-001 -6.250000e-002  5.349066e-001
    endloop
  endfacet
  facet normal  7.730106e-001  -0.000000e+000  6.343930e-001
    outer loop
      vertex  5.349066e-001 -6.250000e-002  5.349066e-001
      vertex  6.262355e-001  0.000000e+000  4.236219e-001
      vertex  5.349066e-001  0.000000e+000  5.349066e-001
    endloop
  endfacet
  facet normal  6.355601e-001  0.000000e+000  7.720513e-001
    outer loop
      vertex  5.349066e-001 -6.250000e-002  5.349066e-001
      vertex  5.349066e-001  0.000000e+000  5.349066e-001
      vertex  4.254649e-001 -6.250000e-002  6.250000e-001
    endloop
  endfacet
  facet normal  6.343893e-001  3.426328e-003  7.730061e-001
    outer loop
      vertex  4.254649e-001 -6.250000e-002  6.250000e-001
      vertex  5.349066e-001  0.000000e+000  5.349066e-001
      vertex  4.236219e-001  0.000000e+000  6.262355e-001
    endloop
  endfacet
  facet normal  5.568247e-001  0.000000e+000  8.306301e-001
    outer loop
      vertex  4.254649e-001 -6.250000e-002  6.250000e-001
      vertex  4.236219e-001  0.000000e+000  6.262355e-001
      vertex  4.254649e-001 -7.500000e-001  6.250000e-001
    endloop
  endfacet
  facet normal  4.951969e-001 -2.142868e-004  8.687808e-001
    outer loop
      vertex  4.254649e-001 -7.500000e-001  6.250000e-001
      vertex  4.236219e-001  0.000000e+000  6.262355e-001
      vertex  3.311143e-001 -7.500000e-001  6.787789e-001
    endloop
  endfacet
  facet normal  9.801710e-002  -0.000000e+000  9.951848e-001
    outer loop
      vertex  1.562500e-002  0.000000e+000  7.500000e-001
      vertex  1.562500e-002 -7.500000e-001  7.500000e-001
      vertex  1.588944e-001  0.000000e+000  7.358892e-001
    endloop
  endfacet
  facet normal  7.394057e-002  4.638135e-003  9.972519e-001
    outer loop
      vertex  1.588944e-001  0.000000e+000  7.358892e-001
      vertex  1.562500e-002 -7.500000e-001  7.500000e-001
      vertex  1.239289e-001 -7.500000e-001  7.419699e-001
    endloop
  endfacet
  facet normal  2.202060e-001 -2.357632e-003  9.754506e-001
    outer loop
      vertex  1.588944e-001  0.000000e+000  7.358892e-001
      vertex  1.239289e-001 -7.500000e-001  7.419699e-001
      vertex  2.298642e-001 -7.500000e-001  7.180552e-001
    endloop
  endfacet
  facet normal  9.972626e-001  0.000000e+000  7.394136e-002
    outer loop
      vertex  7.500000e-001 -7.500000e-001  1.562500e-002
      vertex  7.500000e-001  0.000000e+000  1.562500e-002
      vertex  7.419699e-001 -7.500000e-001  1.239289e-001
    endloop
  endfacet
  facet normal  9.951787e-001  3.498887e-003  9.801651e-002
    outer loop
      vertex  7.419699e-001 -7.500000e-001  1.239289e-001
      vertex  7.500000e-001  0.000000e+000  1.562500e-002
      vertex  7.358892e-001  0.000000e+000  1.588944e-001
    endloop
  endfacet
  facet normal  9.754506e-001 -2.357632e-003  2.202060e-001
    outer loop
      vertex  7.419699e-001 -7.500000e-001  1.239289e-001
      vertex  7.358892e-001  0.000000e+000  1.588944e-001
      vertex  7.180552e-001 -7.500000e-001  2.298642e-001
    endloop
  endfacet
  facet normal  1.000000e+000  0.000000e+000  0.000000e+000
    outer loop
      vertex  1.250000e-001 -7.500000e-001  6.250000e-001
      vertex  1.250000e-001 -7.500000e-001  1.250000e-001
      vertex  1.250000e-001 -6.250000e-002  6.250000e-001
    endloop
  endfacet
  facet normal  1.000000e+000  0.000000e+000  0.000000e+000
    outer loop
      vertex  1.250000e-001 -6.250000e-002  6.250000e-001
      vertex  1.250000e-001 -7.500000e-001  1.250000e-001
      vertex  1.250000e-001 -6.250000e-002  1.250000e-001
    endloop
  endfacet
  facet normal  0.000000e+000  0.000000e+000  1.000000e+000
    outer loop
      vertex  1.250000e-001 -7.500000e-001  1.250000e-001
      vertex  6.250000e-001 -7.500000e-001  1.250000e-001
      vertex  1.250000e-001 -6.250000e-002  1.250000e-001
    endloop
  endfacet
  facet normal  -0.000000e+000  0.000000e+000  1.000000e+000
    outer loop
      vertex  1.250000e-001 -6.250000e-002  1.250000e-001
      vertex  6.250000e-001 -7.500000e-001  1.250000e-001
      vertex  6.250000e-001 -6.250000e-002  1.250000e-001
    endloop
  endfacet
  facet normal  0.000000e+000  1.000000e+000  -0.000000e+000
    outer loop
      vertex  7.500000e-001  0.000000e+000  1.562500e-002
      vertex  7.500000e-001  0.000000e+000 -4.592425e-017
      vertex  0.000000e+000  0.000000e+000  0.000000e+000
    endloop
  endfacet
  facet normal  0.000000e+000  1.000000e+000  0.000000e+000
    outer loop
      vertex  7.500000e-001  0.000000e+000  1.562500e-002
      vertex  0.000000e+000  0.000000e+000  0.000000e+000
      vertex  4.592425e-017  0.000000e+000  7.500000e-001
    endloop
  endfacet
  facet normal  -0.000000e+000  9.999999e-001  0.000000e+000
    outer loop
      vertex  7.500000e-001  0.000000e+000  1.562500e-002
      vertex  4.592425e-017  0.000000e+000  7.500000e-001
      vertex  1.562500e-002  0.000000e+000  7.500000e-001
    endloop
  endfacet
  facet normal  0.000000e+000  1.000000e+000  0.000000e+000
    outer loop
      vertex  7.500000e-001  0.000000e+000  1.562500e-002
      vertex  1.562500e-002  0.000000e+000  7.500000e-001
      vertex  1.588944e-001  0.000000e+000  7.358892e-001
    endloop
  endfacet
  facet normal  0.000000e+000  1.000000e+000  0.000000e+000
    outer loop
      vertex  7.500000e-001  0.000000e+000  1.562500e-002
      vertex  1.588944e-001  0.000000e+000  7.358892e-001
      vertex  2.966582e-001  0.000000e+000  6.940990e-001
    endloop
  endfacet
  facet normal  0.000000e+000  1.000000e+000  0.000000e+000
    outer loop
      vertex  7.500000e-001  0.000000e+000  1.562500e-002
      vertex  2.966582e-001  0.000000e+000  6.940990e-001
      vertex  4.236219e-001  0.000000e+000  6.262355e-001
    endloop
  endfacet
  facet normal  0.000000e+000  1.000000e+000  0.000000e+000
    outer loop
      vertex  7.500000e-001  0.000000e+000  1.562500e-002
      vertex  4.236219e-001  0.000000e+000  6.262355e-001
      vertex  5.349066e-001  0.000000e+000  5.349066e-001
    endloop
  endfacet
  facet normal  0.000000e+000  1.000000e+000  0.000000e+000
    outer loop
      vertex  7.500000e-001  0.000000e+000  1.562500e-002
      vertex  5.349066e-001  0.000000e+000  5.349066e-001
      vertex  6.262355e-001  0.000000e+000  4.236219e-001
    endloop
  endfacet
  facet normal  0.000000e+000  1.000000e+000  0.000000e+000
    outer loop
      vertex  7.500000e-001  0.000000e+000  1.562500e-002
      vertex  6.262355e-001  0.000000e+000  4.236219e-001
      vertex  6.940990e-001  0.000000e+000  2.966582e-001
    endloop
  endfacet
  facet normal  0.000000e+000  1.000000e+000  0.000000e+000
    outer loop
      vertex  7.500000e-001  0.000000e+000  1.562500e-002
      vertex  6.940990e-001  0.000000e+000  2.966582e-001
      vertex  7.358892e-001  0.000000e+000  1.588944e-001
    endloop
  endfacet
  facet normal  -0.000000e+000  0.000000e+000  1.000000e+000
    outer loop
      vertex  1.562500e-002  0.000000e+000  7.500000e-001
      vertex  4.592425e-017  0.000000e+000  7.500000e-001
      vertex  1.562500e-002 -7.500000e-001  7.500000e-001
    endloop
  endfacet
  facet normal  0.000000e+000  0.000000e+000  1.000000e+000
    outer loop
      vertex  1.562500e-002 -7.500000e-001  7.500000e-001
      vertex  4.592425e-017  0.000000e+000  7.500000e-001
      vertex  4.592425e-017 -7.500000e-001  7.500000e-001
    endloop
  endfacet
  facet normal  1.000000e+000  0.000000e+000  0.000000e+000
    outer loop
      vertex  7.500000e-001  0.000000e+000 -4.592425e-017
      vertex  7.500000e-001  0.000000e+000  1.562500e-002
      vertex  7.500000e-001 -7.500000e-001 -4.592425e-017
    endloop
  endfacet
  facet normal  1.000000e+000  0.000000e+000  0.000000e+000
    outer loop
      vertex  7.500000e-001 -7.500000e-001 -4.592425e-017
      vertex  7.500000e-001  0.000000e+000  1.562500e-002
      vertex  7.500000e-001 -7.500000e-001  1.562500e-002
    endloop
  endfacet
  facet normal -1.000000e+000  0.000000e+000  6.123234e-017
    outer loop
      vertex  4.592425e-017  0.000000e+000  7.500000e-001
      vertex  0.000000e+000  0.000000e+000  0.000000e+000
      vertex  4.592425e-017 -7.500000e-001  7.500000e-001
    endloop
  endfacet
  facet normal -1.000000e+000  0.000000e+000  6.123234e-017
    outer loop
      vertex  4.592425e-017 -7.500000e-001  7.500000e-001
      vertex  0.000000e+000  0.000000e+000  0.000000e+000
      vertex  0.000000e+000 -7.500000e-001  0.000000e+000
    endloop
  endfacet
  facet normal -6.123234e-017  0.000000e+000 -1.000000e+000
    outer loop
      vertex  0.000000e+000  0.000000e+000  0.000000e+000
      vertex  7.500000e-001  0.000000e+000 -4.592425e-017
      vertex  0.000000e+000 -7.500000e-001  0.000000e+000
    endloop
  endfacet
  facet normal -6.123234e-017  0.000000e+000 -1.000000e+000
    outer loop
      vertex  0.000000e+000 -7.500000e-001  0.000000e+000
      vertex  7.500000e-001  0.000000e+000 -4.592425e-017
      vertex  7.500000e-001 -7.500000e-001 -4.592425e-017
    endloop
  endfacet
endsolid CATIA STL
