solid CATIA STL
  facet normal  -0.000000e+000  -0.000000e+000  1.000000e+000
    outer loop
      vertex -7.500000e-001 -2.343750e-001  2.812500e-001
      vertex -7.400924e-001 -3.349684e-001  2.812500e-001
      vertex -7.107504e-001 -4.316961e-001  2.812500e-001
    endloop
  endfacet
  facet normal  -0.000000e+000  -0.000000e+000  1.000000e+000
    outer loop
      vertex -7.500000e-001 -2.343750e-001  2.812500e-001
      vertex -7.107504e-001 -4.316961e-001  2.812500e-001
      vertex -6.631015e-001 -5.208409e-001  2.812500e-001
    endloop
  endfacet
  facet normal  -0.000000e+000  -0.000000e+000  1.000000e+000
    outer loop
      vertex -7.500000e-001 -2.343750e-001  2.812500e-001
      vertex -6.631015e-001 -5.208409e-001  2.812500e-001
      vertex -5.989769e-001 -5.989769e-001  2.812500e-001
    endloop
  endfacet
  facet normal  -0.000000e+000  -0.000000e+000  1.000000e+000
    outer loop
      vertex -7.500000e-001 -2.343750e-001  2.812500e-001
      vertex -5.989769e-001 -5.989769e-001  2.812500e-001
      vertex -5.208409e-001 -6.631015e-001  2.812500e-001
    endloop
  endfacet
  facet normal  -0.000000e+000  -0.000000e+000  1.000000e+000
    outer loop
      vertex -7.500000e-001 -2.343750e-001  2.812500e-001
      vertex -5.208409e-001 -6.631015e-001  2.812500e-001
      vertex -4.316961e-001 -7.107504e-001  2.812500e-001
    endloop
  endfacet
  facet normal  -0.000000e+000  -0.000000e+000  1.000000e+000
    outer loop
      vertex -7.500000e-001 -2.343750e-001  2.812500e-001
      vertex -4.316961e-001 -7.107504e-001  2.812500e-001
      vertex -3.349684e-001 -7.400924e-001  2.812500e-001
    endloop
  endfacet
  facet normal  -0.000000e+000  -0.000000e+000  1.000000e+000
    outer loop
      vertex -7.500000e-001 -2.343750e-001  2.812500e-001
      vertex -3.349684e-001 -7.400924e-001  2.812500e-001
      vertex -2.343750e-001 -7.500000e-001  2.812500e-001
    endloop
  endfacet
  facet normal  0.000000e+000  -0.000000e+000  1.000000e+000
    outer loop
      vertex -7.500000e-001 -2.343750e-001  2.812500e-001
      vertex -2.343750e-001 -7.500000e-001  2.812500e-001
      vertex  7.500000e-001 -7.500000e-001  2.812500e-001
    endloop
  endfacet
  facet normal  0.000000e+000  -0.000000e+000  1.000000e+000
    outer loop
      vertex -7.500000e-001 -2.343750e-001  2.812500e-001
      vertex  7.500000e-001 -7.500000e-001  2.812500e-001
      vertex  7.500000e-001  7.500000e-001  2.812500e-001
    endloop
  endfacet
  facet normal  0.000000e+000  0.000000e+000  9.999999e-001
    outer loop
      vertex -7.500000e-001 -2.343750e-001  2.812500e-001
      vertex  7.500000e-001  7.500000e-001  2.812500e-001
      vertex -7.500000e-001  7.500000e-001  2.812500e-001
    endloop
  endfacet
  facet normal  0.000000e+000  0.000000e+000 -9.999999e-001
    outer loop
      vertex -7.500000e-001 -2.343750e-001 -2.812500e-001
      vertex -7.500000e-001  7.500000e-001 -2.812500e-001
      vertex  7.500000e-001  7.500000e-001 -2.812500e-001
    endloop
  endfacet
  facet normal  0.000000e+000  -0.000000e+000 -1.000000e+000
    outer loop
      vertex -7.500000e-001 -2.343750e-001 -2.812500e-001
      vertex  7.500000e-001  7.500000e-001 -2.812500e-001
      vertex  7.500000e-001 -7.500000e-001 -2.812500e-001
    endloop
  endfacet
  facet normal  0.000000e+000  0.000000e+000 -1.000000e+000
    outer loop
      vertex -7.500000e-001 -2.343750e-001 -2.812500e-001
      vertex  7.500000e-001 -7.500000e-001 -2.812500e-001
      vertex -2.343750e-001 -7.500000e-001 -2.812500e-001
    endloop
  endfacet
  facet normal  0.000000e+000  0.000000e+000 -1.000000e+000
    outer loop
      vertex -7.500000e-001 -2.343750e-001 -2.812500e-001
      vertex -2.343750e-001 -7.500000e-001 -2.812500e-001
      vertex -3.349684e-001 -7.400924e-001 -2.812500e-001
    endloop
  endfacet
  facet normal  0.000000e+000  0.000000e+000 -1.000000e+000
    outer loop
      vertex -7.500000e-001 -2.343750e-001 -2.812500e-001
      vertex -3.349684e-001 -7.400924e-001 -2.812500e-001
      vertex -4.316961e-001 -7.107504e-001 -2.812500e-001
    endloop
  endfacet
  facet normal  0.000000e+000  0.000000e+000 -1.000000e+000
    outer loop
      vertex -7.500000e-001 -2.343750e-001 -2.812500e-001
      vertex -4.316961e-001 -7.107504e-001 -2.812500e-001
      vertex -5.208409e-001 -6.631015e-001 -2.812500e-001
    endloop
  endfacet
  facet normal  0.000000e+000  0.000000e+000 -1.000000e+000
    outer loop
      vertex -7.500000e-001 -2.343750e-001 -2.812500e-001
      vertex -5.208409e-001 -6.631015e-001 -2.812500e-001
      vertex -5.989769e-001 -5.989769e-001 -2.812500e-001
    endloop
  endfacet
  facet normal  0.000000e+000  0.000000e+000 -1.000000e+000
    outer loop
      vertex -7.500000e-001 -2.343750e-001 -2.812500e-001
      vertex -5.989769e-001 -5.989769e-001 -2.812500e-001
      vertex -6.631015e-001 -5.208409e-001 -2.812500e-001
    endloop
  endfacet
  facet normal  0.000000e+000  0.000000e+000 -1.000000e+000
    outer loop
      vertex -7.500000e-001 -2.343750e-001 -2.812500e-001
      vertex -6.631015e-001 -5.208409e-001 -2.812500e-001
      vertex -7.107504e-001 -4.316961e-001 -2.812500e-001
    endloop
  endfacet
  facet normal  0.000000e+000  0.000000e+000 -1.000000e+000
    outer loop
      vertex -7.500000e-001 -2.343750e-001 -2.812500e-001
      vertex -7.107504e-001 -4.316961e-001 -2.812500e-001
      vertex -7.400924e-001 -3.349684e-001 -2.812500e-001
    endloop
  endfacet
  facet normal -9.999999e-001  0.000000e+000  0.000000e+000
    outer loop
      vertex -7.500000e-001  7.500000e-001  2.812500e-001
      vertex -7.500000e-001  7.500000e-001 -2.812500e-001
      vertex -7.500000e-001 -2.343750e-001  2.812500e-001
    endloop
  endfacet
  facet normal -9.999999e-001  0.000000e+000  0.000000e+000
    outer loop
      vertex -7.500000e-001 -2.343750e-001  2.812500e-001
      vertex -7.500000e-001  7.500000e-001 -2.812500e-001
      vertex -7.500000e-001 -2.343750e-001 -2.812500e-001
    endloop
  endfacet
  facet normal  0.000000e+000 -9.999999e-001  0.000000e+000
    outer loop
      vertex -2.343750e-001 -7.500000e-001  2.812500e-001
      vertex -2.343750e-001 -7.500000e-001 -2.812500e-001
      vertex  7.500000e-001 -7.500000e-001  2.812500e-001
    endloop
  endfacet
  facet normal  0.000000e+000 -9.999999e-001  -0.000000e+000
    outer loop
      vertex  7.500000e-001 -7.500000e-001  2.812500e-001
      vertex -2.343750e-001 -7.500000e-001 -2.812500e-001
      vertex  7.500000e-001 -7.500000e-001 -2.812500e-001
    endloop
  endfacet
  facet normal -9.801727e-002 -9.951847e-001  -0.000000e+000
    outer loop
      vertex -2.343750e-001 -7.500000e-001 -2.812500e-001
      vertex -2.343750e-001 -7.500000e-001  2.812500e-001
      vertex -3.349684e-001 -7.400924e-001 -2.812500e-001
    endloop
  endfacet
  facet normal -9.801727e-002 -9.951847e-001  0.000000e+000
    outer loop
      vertex -3.349684e-001 -7.400924e-001 -2.812500e-001
      vertex -2.343750e-001 -7.500000e-001  2.812500e-001
      vertex -3.349684e-001 -7.400924e-001  2.812500e-001
    endloop
  endfacet
  facet normal -2.902844e-001 -9.569404e-001  -0.000000e+000
    outer loop
      vertex -3.349684e-001 -7.400924e-001 -2.812500e-001
      vertex -3.349684e-001 -7.400924e-001  2.812500e-001
      vertex -4.316961e-001 -7.107504e-001 -2.812500e-001
    endloop
  endfacet
  facet normal -2.902844e-001 -9.569404e-001  0.000000e+000
    outer loop
      vertex -4.316961e-001 -7.107504e-001 -2.812500e-001
      vertex -3.349684e-001 -7.400924e-001  2.812500e-001
      vertex -4.316961e-001 -7.107504e-001  2.812500e-001
    endloop
  endfacet
  facet normal -4.713972e-001 -8.819211e-001  -0.000000e+000
    outer loop
      vertex -4.316961e-001 -7.107504e-001 -2.812500e-001
      vertex -4.316961e-001 -7.107504e-001  2.812500e-001
      vertex -5.208409e-001 -6.631015e-001 -2.812500e-001
    endloop
  endfacet
  facet normal -4.713972e-001 -8.819211e-001  0.000000e+000
    outer loop
      vertex -5.208409e-001 -6.631015e-001 -2.812500e-001
      vertex -4.316961e-001 -7.107504e-001  2.812500e-001
      vertex -5.208409e-001 -6.631015e-001  2.812500e-001
    endloop
  endfacet
  facet normal -6.343933e-001 -7.730104e-001  -0.000000e+000
    outer loop
      vertex -5.208409e-001 -6.631015e-001 -2.812500e-001
      vertex -5.208409e-001 -6.631015e-001  2.812500e-001
      vertex -5.989769e-001 -5.989769e-001 -2.812500e-001
    endloop
  endfacet
  facet normal -6.343933e-001 -7.730104e-001  0.000000e+000
    outer loop
      vertex -5.989769e-001 -5.989769e-001 -2.812500e-001
      vertex -5.208409e-001 -6.631015e-001  2.812500e-001
      vertex -5.989769e-001 -5.989769e-001  2.812500e-001
    endloop
  endfacet
  facet normal -7.730104e-001 -6.343933e-001  -0.000000e+000
    outer loop
      vertex -5.989769e-001 -5.989769e-001 -2.812500e-001
      vertex -5.989769e-001 -5.989769e-001  2.812500e-001
      vertex -6.631015e-001 -5.208409e-001 -2.812500e-001
    endloop
  endfacet
  facet normal -7.730104e-001 -6.343933e-001  0.000000e+000
    outer loop
      vertex -6.631015e-001 -5.208409e-001 -2.812500e-001
      vertex -5.989769e-001 -5.989769e-001  2.812500e-001
      vertex -6.631015e-001 -5.208409e-001  2.812500e-001
    endloop
  endfacet
  facet normal -8.819211e-001 -4.713972e-001  -0.000000e+000
    outer loop
      vertex -6.631015e-001 -5.208409e-001 -2.812500e-001
      vertex -6.631015e-001 -5.208409e-001  2.812500e-001
      vertex -7.107504e-001 -4.316961e-001 -2.812500e-001
    endloop
  endfacet
  facet normal -8.819211e-001 -4.713972e-001  0.000000e+000
    outer loop
      vertex -7.107504e-001 -4.316961e-001 -2.812500e-001
      vertex -6.631015e-001 -5.208409e-001  2.812500e-001
      vertex -7.107504e-001 -4.316961e-001  2.812500e-001
    endloop
  endfacet
  facet normal -9.569404e-001 -2.902844e-001  -0.000000e+000
    outer loop
      vertex -7.107504e-001 -4.316961e-001 -2.812500e-001
      vertex -7.107504e-001 -4.316961e-001  2.812500e-001
      vertex -7.400924e-001 -3.349684e-001 -2.812500e-001
    endloop
  endfacet
  facet normal -9.569404e-001 -2.902844e-001  0.000000e+000
    outer loop
      vertex -7.400924e-001 -3.349684e-001 -2.812500e-001
      vertex -7.107504e-001 -4.316961e-001  2.812500e-001
      vertex -7.400924e-001 -3.349684e-001  2.812500e-001
    endloop
  endfacet
  facet normal -9.951847e-001 -9.801727e-002  -0.000000e+000
    outer loop
      vertex -7.400924e-001 -3.349684e-001 -2.812500e-001
      vertex -7.400924e-001 -3.349684e-001  2.812500e-001
      vertex -7.500000e-001 -2.343750e-001 -2.812500e-001
    endloop
  endfacet
  facet normal -9.951847e-001 -9.801727e-002  0.000000e+000
    outer loop
      vertex -7.500000e-001 -2.343750e-001 -2.812500e-001
      vertex -7.400924e-001 -3.349684e-001  2.812500e-001
      vertex -7.500000e-001 -2.343750e-001  2.812500e-001
    endloop
  endfacet
  facet normal  0.000000e+000  1.000000e+000  -0.000000e+000
    outer loop
      vertex  7.500000e-001  7.500000e-001  2.812500e-001
      vertex  7.500000e-001  7.500000e-001 -2.812500e-001
      vertex -7.500000e-001  7.500000e-001  2.812500e-001
    endloop
  endfacet
  facet normal  0.000000e+000  1.000000e+000  0.000000e+000
    outer loop
      vertex -7.500000e-001  7.500000e-001  2.812500e-001
      vertex  7.500000e-001  7.500000e-001 -2.812500e-001
      vertex -7.500000e-001  7.500000e-001 -2.812500e-001
    endloop
  endfacet
  facet normal  1.000000e+000  0.000000e+000  0.000000e+000
    outer loop
      vertex  7.500000e-001 -7.500000e-001  2.812500e-001
      vertex  7.500000e-001 -7.500000e-001 -2.812500e-001
      vertex  7.500000e-001  7.500000e-001  2.812500e-001
    endloop
  endfacet
  facet normal  1.000000e+000  0.000000e+000  0.000000e+000
    outer loop
      vertex  7.500000e-001  7.500000e-001  2.812500e-001
      vertex  7.500000e-001 -7.500000e-001 -2.812500e-001
      vertex  7.500000e-001  7.500000e-001 -2.812500e-001
    endloop
  endfacet
endsolid CATIA STL
