solid CATIA STL
  facet normal -2.899123e-001 -9.557129e-001  5.063311e-002
    outer loop
      vertex  3.753065e-001  3.437500e-002  2.500000e-002
      vertex  4.590501e-001  1.095839e-002  6.250000e-002
      vertex  3.520634e-001  4.341245e-002  6.250000e-002
    endloop
  endfacet
  facet normal -8.805742e-001 -4.706768e-001  5.524952e-002
    outer loop
      vertex  7.562500e-002  2.865157e-001  1.750000e-002
      vertex  9.611499e-002  2.534639e-001  6.250000e-002
      vertex  4.341245e-002  3.520634e-001  6.250000e-002
    endloop
  endfacet
  facet normal -9.074675e-001 -4.181669e-001 -4.048830e-002
    outer loop
      vertex  3.437500e-002  3.753065e-001  2.500000e-002
      vertex  7.562500e-002  2.865157e-001  1.750000e-002
      vertex  4.341245e-002  3.520634e-001  6.250000e-002
    endloop
  endfacet
  facet normal -9.557129e-001 -2.899123e-001  5.063311e-002
    outer loop
      vertex  3.437500e-002  3.753065e-001  2.500000e-002
      vertex  4.341245e-002  3.520634e-001  6.250000e-002
      vertex  1.095839e-002  4.590501e-001  6.250000e-002
    endloop
  endfacet
  facet normal -9.658903e-001 -2.573970e-001 -2.833408e-002
    outer loop
      vertex  3.437500e-002  3.753065e-001  2.500000e-002
      vertex  1.095839e-002  4.590501e-001  6.250000e-002
      vertex  8.667957e-003  4.712585e-001  2.967401e-002
    endloop
  endfacet
  facet normal -4.181669e-001 -9.074675e-001 -4.048830e-002
    outer loop
      vertex  2.865157e-001  7.562500e-002  1.750000e-002
      vertex  3.753065e-001  3.437500e-002  2.500000e-002
      vertex  3.520634e-001  4.341245e-002  6.250000e-002
    endloop
  endfacet
  facet normal -4.706768e-001 -8.805742e-001  5.524952e-002
    outer loop
      vertex  2.865157e-001  7.562500e-002  1.750000e-002
      vertex  3.520634e-001  4.341245e-002  6.250000e-002
      vertex  2.534639e-001  9.611499e-002  6.250000e-002
    endloop
  endfacet
  facet normal -5.597754e-001 -8.279401e-001 -3.415813e-002
    outer loop
      vertex  2.865157e-001  7.562500e-002  1.750000e-002
      vertex  2.534639e-001  9.611499e-002  6.250000e-002
      vertex  2.138515e-001  1.251250e-001  8.500000e-003
    endloop
  endfacet
  facet normal -8.717422e-002 -9.961931e-001  -0.000000e+000
    outer loop
      vertex  5.703125e-001  0.000000e+000  3.125000e-002
      vertex  5.703125e-001  0.000000e+000  6.250000e-002
      vertex  4.712585e-001  8.667957e-003  2.967401e-002
    endloop
  endfacet
  facet normal -9.796386e-002 -9.946437e-001  3.296740e-002
    outer loop
      vertex  4.712585e-001  8.667957e-003  2.967401e-002
      vertex  5.703125e-001  0.000000e+000  6.250000e-002
      vertex  4.590501e-001  1.095839e-002  6.250000e-002
    endloop
  endfacet
  facet normal -2.573970e-001 -9.658903e-001 -2.833408e-002
    outer loop
      vertex  4.712585e-001  8.667957e-003  2.967401e-002
      vertex  4.590501e-001  1.095839e-002  6.250000e-002
      vertex  3.753065e-001  3.437500e-002  2.500000e-002
    endloop
  endfacet
  facet normal -6.727139e-001 -7.331679e-001  9.960309e-002
    outer loop
      vertex  2.138515e-001  1.251250e-001  8.500000e-003
      vertex  2.534639e-001  9.611499e-002  6.250000e-002
      vertex  1.670407e-001  1.670407e-001  8.789688e-004
    endloop
  endfacet
  facet normal -6.343932e-001 -7.730105e-001 -3.403375e-007
    outer loop
      vertex  1.670407e-001  1.670407e-001  8.789688e-004
      vertex  2.534639e-001  9.611499e-002  6.250000e-002
      vertex  1.670407e-001  1.670407e-001  6.250000e-002
    endloop
  endfacet
  facet normal -7.449859e-001 -6.670802e-001 -3.414650e-007
    outer loop
      vertex  1.670407e-001  1.670407e-001  8.789688e-004
      vertex  1.670407e-001  1.670407e-001  6.250000e-002
      vertex  1.251250e-001  2.138515e-001  8.500000e-003
    endloop
  endfacet
  facet normal -7.720427e-001 -6.335989e-001  5.002538e-002
    outer loop
      vertex  1.251250e-001  2.138515e-001  8.500000e-003
      vertex  1.670407e-001  1.670407e-001  6.250000e-002
      vertex  9.611499e-002  2.534639e-001  6.250000e-002
    endloop
  endfacet
  facet normal -8.279401e-001 -5.597754e-001 -3.415813e-002
    outer loop
      vertex  1.251250e-001  2.138515e-001  8.500000e-003
      vertex  9.611499e-002  2.534639e-001  6.250000e-002
      vertex  7.562500e-002  2.865157e-001  1.750000e-002
    endloop
  endfacet
  facet normal -9.951848e-001 -9.801716e-002  0.000000e+000
    outer loop
      vertex  0.000000e+000  5.703125e-001  6.250000e-002
      vertex  0.000000e+000  5.703125e-001  3.125000e-002
      vertex  1.095839e-002  4.590501e-001  6.250000e-002
    endloop
  endfacet
  facet normal -9.954656e-001 -8.769675e-002  3.684321e-002
    outer loop
      vertex  1.095839e-002  4.590501e-001  6.250000e-002
      vertex  0.000000e+000  5.703125e-001  3.125000e-002
      vertex  8.667957e-003  4.712585e-001  2.967401e-002
    endloop
  endfacet
  facet normal -6.027229e-008 -1.788855e-001 -9.838699e-001
    outer loop
      vertex  1.718750e-001  1.718750e-001  0.000000e+000
      vertex  2.138515e-001  1.251250e-001  8.500000e-003
      vertex  1.670407e-001  1.670407e-001  8.789688e-004
    endloop
  endfacet
  facet normal  -0.000000e+000 -1.788854e-001 -9.838699e-001
    outer loop
      vertex  2.572184e-001  1.718750e-001  0.000000e+000
      vertex  6.236842e-001  0.000000e+000  3.125000e-002
      vertex  5.703125e-001  0.000000e+000  3.125000e-002
    endloop
  endfacet
  facet normal -8.003446e-009 -1.788854e-001 -9.838699e-001
    outer loop
      vertex  2.572184e-001  1.718750e-001  0.000000e+000
      vertex  5.703125e-001  0.000000e+000  3.125000e-002
      vertex  4.712585e-001  8.667957e-003  2.967401e-002
    endloop
  endfacet
  facet normal -6.962262e-010 -1.788854e-001 -9.838699e-001
    outer loop
      vertex  2.572184e-001  1.718750e-001  0.000000e+000
      vertex  4.712585e-001  8.667957e-003  2.967401e-002
      vertex  3.753065e-001  3.437500e-002  2.500000e-002
    endloop
  endfacet
  facet normal  9.365801e-010 -1.788854e-001 -9.838699e-001
    outer loop
      vertex  2.572184e-001  1.718750e-001  0.000000e+000
      vertex  3.753065e-001  3.437500e-002  2.500000e-002
      vertex  2.865157e-001  7.562500e-002  1.750000e-002
    endloop
  endfacet
  facet normal -2.181781e-008 -1.788854e-001 -9.838699e-001
    outer loop
      vertex  2.572184e-001  1.718750e-001  0.000000e+000
      vertex  2.865157e-001  7.562500e-002  1.750000e-002
      vertex  2.138515e-001  1.251250e-001  8.500000e-003
    endloop
  endfacet
  facet normal  0.000000e+000 -1.788855e-001 -9.838699e-001
    outer loop
      vertex  2.572184e-001  1.718750e-001  0.000000e+000
      vertex  2.138515e-001  1.251250e-001  8.500000e-003
      vertex  1.718750e-001  1.718750e-001  0.000000e+000
    endloop
  endfacet
  facet normal -1.788855e-001 -6.651410e-008 -9.838699e-001
    outer loop
      vertex  1.251250e-001  2.138515e-001  8.500000e-003
      vertex  1.718750e-001  1.718750e-001  0.000000e+000
      vertex  1.670407e-001  1.670407e-001  8.789688e-004
    endloop
  endfacet
  facet normal -1.788855e-001  0.000000e+000 -9.838699e-001
    outer loop
      vertex  1.718750e-001  2.745031e-001  0.000000e+000
      vertex  1.718750e-001  1.718750e-001  0.000000e+000
      vertex  1.251250e-001  2.138515e-001  8.500000e-003
    endloop
  endfacet
  facet normal -1.788855e-001 -1.890075e-008 -9.838700e-001
    outer loop
      vertex  1.718750e-001  2.745031e-001  0.000000e+000
      vertex  1.251250e-001  2.138515e-001  8.500000e-003
      vertex  7.562500e-002  2.865157e-001  1.750000e-002
    endloop
  endfacet
  facet normal -1.788854e-001 -2.560898e-009 -9.838699e-001
    outer loop
      vertex  1.718750e-001  2.745031e-001  0.000000e+000
      vertex  7.562500e-002  2.865157e-001  1.750000e-002
      vertex  3.437500e-002  3.753065e-001  2.500000e-002
    endloop
  endfacet
  facet normal -1.788854e-001  2.564629e-009 -9.838699e-001
    outer loop
      vertex  1.718750e-001  2.745031e-001  0.000000e+000
      vertex  3.437500e-002  3.753065e-001  2.500000e-002
      vertex  8.667957e-003  4.712585e-001  2.967401e-002
    endloop
  endfacet
  facet normal -1.788854e-001 -8.319971e-009 -9.838699e-001
    outer loop
      vertex  1.718750e-001  2.745031e-001  0.000000e+000
      vertex  8.667957e-003  4.712585e-001  2.967401e-002
      vertex  0.000000e+000  5.703125e-001  3.125000e-002
    endloop
  endfacet
  facet normal -1.788854e-001  0.000000e+000 -9.838699e-001
    outer loop
      vertex  1.718750e-001  2.745031e-001  0.000000e+000
      vertex  0.000000e+000  5.703125e-001  3.125000e-002
      vertex  0.000000e+000  7.500000e-001  3.125000e-002
    endloop
  endfacet
  facet normal -1.000000e+000  0.000000e+000  0.000000e+000
    outer loop
      vertex  0.000000e+000  7.500000e-001  6.250000e-002
      vertex  0.000000e+000  7.500000e-001  3.125000e-002
      vertex  0.000000e+000  5.703125e-001  6.250000e-002
    endloop
  endfacet
  facet normal -1.000000e+000  0.000000e+000  0.000000e+000
    outer loop
      vertex  0.000000e+000  5.703125e-001  6.250000e-002
      vertex  0.000000e+000  7.500000e-001  3.125000e-002
      vertex  0.000000e+000  5.703125e-001  3.125000e-002
    endloop
  endfacet
  facet normal  0.000000e+000 -1.000000e+000  0.000000e+000
    outer loop
      vertex  5.703125e-001  0.000000e+000  6.250000e-002
      vertex  5.703125e-001  0.000000e+000  3.125000e-002
      vertex  6.236842e-001  0.000000e+000  6.250000e-002
    endloop
  endfacet
  facet normal  0.000000e+000 -1.000000e+000  -0.000000e+000
    outer loop
      vertex  6.236842e-001  0.000000e+000  6.250000e-002
      vertex  5.703125e-001  0.000000e+000  3.125000e-002
      vertex  6.236842e-001  0.000000e+000  3.125000e-002
    endloop
  endfacet
  facet normal  0.000000e+000  0.000000e+000  9.999999e-001
    outer loop
      vertex  6.236842e-001  0.000000e+000  6.250000e-002
      vertex  0.000000e+000  7.500000e-001  6.250000e-002
      vertex  0.000000e+000  5.703125e-001  6.250000e-002
    endloop
  endfacet
  facet normal  0.000000e+000  0.000000e+000  1.000000e+000
    outer loop
      vertex  6.236842e-001  0.000000e+000  6.250000e-002
      vertex  0.000000e+000  5.703125e-001  6.250000e-002
      vertex  1.095839e-002  4.590501e-001  6.250000e-002
    endloop
  endfacet
  facet normal  0.000000e+000  0.000000e+000  1.000000e+000
    outer loop
      vertex  6.236842e-001  0.000000e+000  6.250000e-002
      vertex  1.095839e-002  4.590501e-001  6.250000e-002
      vertex  4.341245e-002  3.520634e-001  6.250000e-002
    endloop
  endfacet
  facet normal  0.000000e+000  0.000000e+000  1.000000e+000
    outer loop
      vertex  6.236842e-001  0.000000e+000  6.250000e-002
      vertex  4.341245e-002  3.520634e-001  6.250000e-002
      vertex  9.611499e-002  2.534639e-001  6.250000e-002
    endloop
  endfacet
  facet normal  0.000000e+000  0.000000e+000  1.000000e+000
    outer loop
      vertex  6.236842e-001  0.000000e+000  6.250000e-002
      vertex  9.611499e-002  2.534639e-001  6.250000e-002
      vertex  1.670407e-001  1.670407e-001  6.250000e-002
    endloop
  endfacet
  facet normal  0.000000e+000  0.000000e+000  1.000000e+000
    outer loop
      vertex  6.236842e-001  0.000000e+000  6.250000e-002
      vertex  1.670407e-001  1.670407e-001  6.250000e-002
      vertex  2.534639e-001  9.611499e-002  6.250000e-002
    endloop
  endfacet
  facet normal  0.000000e+000  0.000000e+000  1.000000e+000
    outer loop
      vertex  6.236842e-001  0.000000e+000  6.250000e-002
      vertex  2.534639e-001  9.611499e-002  6.250000e-002
      vertex  5.703125e-001  0.000000e+000  6.250000e-002
    endloop
  endfacet
  facet normal  0.000000e+000  0.000000e+000  1.000000e+000
    outer loop
      vertex  3.520634e-001  4.341245e-002  6.250000e-002
      vertex  4.590501e-001  1.095839e-002  6.250000e-002
      vertex  2.534639e-001  9.611499e-002  6.250000e-002
    endloop
  endfacet
  facet normal  0.000000e+000  0.000000e+000  1.000000e+000
    outer loop
      vertex  2.534639e-001  9.611499e-002  6.250000e-002
      vertex  4.590501e-001  1.095839e-002  6.250000e-002
      vertex  5.703125e-001  0.000000e+000  6.250000e-002
    endloop
  endfacet
  facet normal  0.000000e+000  0.000000e+000 -9.999999e-001
    outer loop
      vertex  1.718750e-001  2.745031e-001  0.000000e+000
      vertex  2.572184e-001  1.718750e-001  0.000000e+000
      vertex  1.718750e-001  1.718750e-001  0.000000e+000
    endloop
  endfacet
  facet normal  7.688843e-001  6.393880e-001  -0.000000e+000
    outer loop
      vertex  6.236842e-001  0.000000e+000  6.250000e-002
      vertex  6.236842e-001  0.000000e+000  3.125000e-002
      vertex  0.000000e+000  7.500000e-001  6.250000e-002
    endloop
  endfacet
  facet normal  7.688843e-001  6.393880e-001  0.000000e+000
    outer loop
      vertex  0.000000e+000  7.500000e-001  6.250000e-002
      vertex  6.236842e-001  0.000000e+000  3.125000e-002
      vertex  0.000000e+000  7.500000e-001  3.125000e-002
    endloop
  endfacet
  facet normal  1.375422e-001  1.143772e-001 -9.838699e-001
    outer loop
      vertex  6.236842e-001  0.000000e+000  3.125000e-002
      vertex  2.572184e-001  1.718750e-001  0.000000e+000
      vertex  0.000000e+000  7.500000e-001  3.125000e-002
    endloop
  endfacet
  facet normal  1.375422e-001  1.143772e-001 -9.838699e-001
    outer loop
      vertex  0.000000e+000  7.500000e-001  3.125000e-002
      vertex  2.572184e-001  1.718750e-001  0.000000e+000
      vertex  1.718750e-001  2.745031e-001  0.000000e+000
    endloop
  endfacet
endsolid CATIA STL
