solid CATIA STL
  facet normal  0.000000e+000 -1.000000e+000  0.000000e+000
    outer loop
      vertex -7.500000e-001 -1.484375e-001 -5.312500e-001
      vertex -7.457968e-001 -1.484375e-001 -5.739260e-001
      vertex -7.333487e-001 -1.484375e-001 -6.149620e-001
    endloop
  endfacet
  facet normal  0.000000e+000 -1.000000e+000  0.000000e+000
    outer loop
      vertex -7.500000e-001 -1.484375e-001 -5.312500e-001
      vertex -7.333487e-001 -1.484375e-001 -6.149620e-001
      vertex -7.131340e-001 -1.484375e-001 -6.527810e-001
    endloop
  endfacet
  facet normal  0.000000e+000 -1.000000e+000  0.000000e+000
    outer loop
      vertex -7.500000e-001 -1.484375e-001 -5.312500e-001
      vertex -7.131340e-001 -1.484375e-001 -6.527810e-001
      vertex -6.859296e-001 -1.484375e-001 -6.859296e-001
    endloop
  endfacet
  facet normal  0.000000e+000 -1.000000e+000  0.000000e+000
    outer loop
      vertex -7.500000e-001 -1.484375e-001 -5.312500e-001
      vertex -6.859296e-001 -1.484375e-001 -6.859296e-001
      vertex -6.527810e-001 -1.484375e-001 -7.131340e-001
    endloop
  endfacet
  facet normal  0.000000e+000 -1.000000e+000  0.000000e+000
    outer loop
      vertex -7.500000e-001 -1.484375e-001 -5.312500e-001
      vertex -6.527810e-001 -1.484375e-001 -7.131340e-001
      vertex -6.149620e-001 -1.484375e-001 -7.333487e-001
    endloop
  endfacet
  facet normal  0.000000e+000 -1.000000e+000  0.000000e+000
    outer loop
      vertex -7.500000e-001 -1.484375e-001 -5.312500e-001
      vertex -6.149620e-001 -1.484375e-001 -7.333487e-001
      vertex -5.739260e-001 -1.484375e-001 -7.457968e-001
    endloop
  endfacet
  facet normal  0.000000e+000 -1.000000e+000  0.000000e+000
    outer loop
      vertex -7.500000e-001 -1.484375e-001 -5.312500e-001
      vertex -5.739260e-001 -1.484375e-001 -7.457968e-001
      vertex -5.312500e-001 -1.484375e-001 -7.500000e-001
    endloop
  endfacet
  facet normal  0.000000e+000 -1.000000e+000  0.000000e+000
    outer loop
      vertex -7.500000e-001 -1.484375e-001 -5.312500e-001
      vertex -5.312500e-001 -1.484375e-001 -7.500000e-001
      vertex  7.500000e-001 -1.484375e-001 -7.500000e-001
    endloop
  endfacet
  facet normal  0.000000e+000 -1.000000e+000  0.000000e+000
    outer loop
      vertex -7.500000e-001 -1.484375e-001 -5.312500e-001
      vertex  7.500000e-001 -1.484375e-001 -7.500000e-001
      vertex  7.500000e-001 -1.484375e-001  7.500000e-001
    endloop
  endfacet
  facet normal  -0.000000e+000 -9.999999e-001  0.000000e+000
    outer loop
      vertex -7.500000e-001 -1.484375e-001 -5.312500e-001
      vertex  7.500000e-001 -1.484375e-001  7.500000e-001
      vertex -7.500000e-001 -1.484375e-001  7.500000e-001
    endloop
  endfacet
  facet normal  -0.000000e+000  9.999999e-001  0.000000e+000
    outer loop
      vertex -7.500000e-001  1.484375e-001 -5.312500e-001
      vertex -7.500000e-001  1.484375e-001  7.500000e-001
      vertex  7.500000e-001  1.484375e-001  7.500000e-001
    endloop
  endfacet
  facet normal  0.000000e+000  1.000000e+000  0.000000e+000
    outer loop
      vertex -7.500000e-001  1.484375e-001 -5.312500e-001
      vertex  7.500000e-001  1.484375e-001  7.500000e-001
      vertex  7.500000e-001  1.484375e-001 -7.500000e-001
    endloop
  endfacet
  facet normal  0.000000e+000  1.000000e+000  0.000000e+000
    outer loop
      vertex -7.500000e-001  1.484375e-001 -5.312500e-001
      vertex  7.500000e-001  1.484375e-001 -7.500000e-001
      vertex -5.312500e-001  1.484375e-001 -7.500000e-001
    endloop
  endfacet
  facet normal  0.000000e+000  1.000000e+000  0.000000e+000
    outer loop
      vertex -7.500000e-001  1.484375e-001 -5.312500e-001
      vertex -5.312500e-001  1.484375e-001 -7.500000e-001
      vertex -5.739260e-001  1.484375e-001 -7.457968e-001
    endloop
  endfacet
  facet normal  0.000000e+000  1.000000e+000  0.000000e+000
    outer loop
      vertex -7.500000e-001  1.484375e-001 -5.312500e-001
      vertex -5.739260e-001  1.484375e-001 -7.457968e-001
      vertex -6.149620e-001  1.484375e-001 -7.333487e-001
    endloop
  endfacet
  facet normal  0.000000e+000  1.000000e+000  0.000000e+000
    outer loop
      vertex -7.500000e-001  1.484375e-001 -5.312500e-001
      vertex -6.149620e-001  1.484375e-001 -7.333487e-001
      vertex -6.527810e-001  1.484375e-001 -7.131340e-001
    endloop
  endfacet
  facet normal  0.000000e+000  1.000000e+000  0.000000e+000
    outer loop
      vertex -7.500000e-001  1.484375e-001 -5.312500e-001
      vertex -6.527810e-001  1.484375e-001 -7.131340e-001
      vertex -6.859296e-001  1.484375e-001 -6.859296e-001
    endloop
  endfacet
  facet normal  0.000000e+000  1.000000e+000  0.000000e+000
    outer loop
      vertex -7.500000e-001  1.484375e-001 -5.312500e-001
      vertex -6.859296e-001  1.484375e-001 -6.859296e-001
      vertex -7.131340e-001  1.484375e-001 -6.527810e-001
    endloop
  endfacet
  facet normal  0.000000e+000  1.000000e+000  0.000000e+000
    outer loop
      vertex -7.500000e-001  1.484375e-001 -5.312500e-001
      vertex -7.131340e-001  1.484375e-001 -6.527810e-001
      vertex -7.333487e-001  1.484375e-001 -6.149620e-001
    endloop
  endfacet
  facet normal  0.000000e+000  1.000000e+000  0.000000e+000
    outer loop
      vertex -7.500000e-001  1.484375e-001 -5.312500e-001
      vertex -7.333487e-001  1.484375e-001 -6.149620e-001
      vertex -7.457968e-001  1.484375e-001 -5.739260e-001
    endloop
  endfacet
  facet normal -1.000000e+000  -0.000000e+000  0.000000e+000
    outer loop
      vertex -7.500000e-001 -1.484375e-001  7.500000e-001
      vertex -7.500000e-001  1.484375e-001  7.500000e-001
      vertex -7.500000e-001 -1.484375e-001 -5.312500e-001
    endloop
  endfacet
  facet normal -1.000000e+000  0.000000e+000  0.000000e+000
    outer loop
      vertex -7.500000e-001 -1.484375e-001 -5.312500e-001
      vertex -7.500000e-001  1.484375e-001  7.500000e-001
      vertex -7.500000e-001  1.484375e-001 -5.312500e-001
    endloop
  endfacet
  facet normal  0.000000e+000  0.000000e+000 -1.000000e+000
    outer loop
      vertex -5.312500e-001 -1.484375e-001 -7.500000e-001
      vertex -5.312500e-001  1.484375e-001 -7.500000e-001
      vertex  7.500000e-001 -1.484375e-001 -7.500000e-001
    endloop
  endfacet
  facet normal  0.000000e+000  0.000000e+000 -1.000000e+000
    outer loop
      vertex  7.500000e-001 -1.484375e-001 -7.500000e-001
      vertex -5.312500e-001  1.484375e-001 -7.500000e-001
      vertex  7.500000e-001  1.484375e-001 -7.500000e-001
    endloop
  endfacet
  facet normal -9.801663e-002  0.000000e+000 -9.951848e-001
    outer loop
      vertex -5.312500e-001  1.484375e-001 -7.500000e-001
      vertex -5.312500e-001 -1.484375e-001 -7.500000e-001
      vertex -5.739260e-001  1.484375e-001 -7.457968e-001
    endloop
  endfacet
  facet normal -9.801663e-002  -0.000000e+000 -9.951848e-001
    outer loop
      vertex -5.739260e-001  1.484375e-001 -7.457968e-001
      vertex -5.312500e-001 -1.484375e-001 -7.500000e-001
      vertex -5.739260e-001 -1.484375e-001 -7.457968e-001
    endloop
  endfacet
  facet normal -2.902850e-001  0.000000e+000 -9.569403e-001
    outer loop
      vertex -5.739260e-001  1.484375e-001 -7.457968e-001
      vertex -5.739260e-001 -1.484375e-001 -7.457968e-001
      vertex -6.149620e-001  1.484375e-001 -7.333487e-001
    endloop
  endfacet
  facet normal -2.902850e-001  -0.000000e+000 -9.569403e-001
    outer loop
      vertex -6.149620e-001  1.484375e-001 -7.333487e-001
      vertex -5.739260e-001 -1.484375e-001 -7.457968e-001
      vertex -6.149620e-001 -1.484375e-001 -7.333487e-001
    endloop
  endfacet
  facet normal -4.713964e-001  0.000000e+000 -8.819214e-001
    outer loop
      vertex -6.149620e-001  1.484375e-001 -7.333487e-001
      vertex -6.149620e-001 -1.484375e-001 -7.333487e-001
      vertex -6.527810e-001  1.484375e-001 -7.131340e-001
    endloop
  endfacet
  facet normal -4.713964e-001  -0.000000e+000 -8.819214e-001
    outer loop
      vertex -6.527810e-001  1.484375e-001 -7.131340e-001
      vertex -6.149620e-001 -1.484375e-001 -7.333487e-001
      vertex -6.527810e-001 -1.484375e-001 -7.131340e-001
    endloop
  endfacet
  facet normal -6.343940e-001  0.000000e+000 -7.730098e-001
    outer loop
      vertex -6.527810e-001  1.484375e-001 -7.131340e-001
      vertex -6.527810e-001 -1.484375e-001 -7.131340e-001
      vertex -6.859296e-001  1.484375e-001 -6.859296e-001
    endloop
  endfacet
  facet normal -6.343940e-001  -0.000000e+000 -7.730098e-001
    outer loop
      vertex -6.859296e-001  1.484375e-001 -6.859296e-001
      vertex -6.527810e-001 -1.484375e-001 -7.131340e-001
      vertex -6.859296e-001 -1.484375e-001 -6.859296e-001
    endloop
  endfacet
  facet normal -7.730098e-001  0.000000e+000 -6.343940e-001
    outer loop
      vertex -6.859296e-001  1.484375e-001 -6.859296e-001
      vertex -6.859296e-001 -1.484375e-001 -6.859296e-001
      vertex -7.131340e-001  1.484375e-001 -6.527810e-001
    endloop
  endfacet
  facet normal -7.730098e-001  -0.000000e+000 -6.343940e-001
    outer loop
      vertex -7.131340e-001  1.484375e-001 -6.527810e-001
      vertex -6.859296e-001 -1.484375e-001 -6.859296e-001
      vertex -7.131340e-001 -1.484375e-001 -6.527810e-001
    endloop
  endfacet
  facet normal -8.819214e-001  0.000000e+000 -4.713964e-001
    outer loop
      vertex -7.131340e-001  1.484375e-001 -6.527810e-001
      vertex -7.131340e-001 -1.484375e-001 -6.527810e-001
      vertex -7.333487e-001  1.484375e-001 -6.149620e-001
    endloop
  endfacet
  facet normal -8.819214e-001  -0.000000e+000 -4.713964e-001
    outer loop
      vertex -7.333487e-001  1.484375e-001 -6.149620e-001
      vertex -7.131340e-001 -1.484375e-001 -6.527810e-001
      vertex -7.333487e-001 -1.484375e-001 -6.149620e-001
    endloop
  endfacet
  facet normal -9.569403e-001  0.000000e+000 -2.902850e-001
    outer loop
      vertex -7.333487e-001  1.484375e-001 -6.149620e-001
      vertex -7.333487e-001 -1.484375e-001 -6.149620e-001
      vertex -7.457968e-001  1.484375e-001 -5.739260e-001
    endloop
  endfacet
  facet normal -9.569403e-001  -0.000000e+000 -2.902850e-001
    outer loop
      vertex -7.457968e-001  1.484375e-001 -5.739260e-001
      vertex -7.333487e-001 -1.484375e-001 -6.149620e-001
      vertex -7.457968e-001 -1.484375e-001 -5.739260e-001
    endloop
  endfacet
  facet normal -9.951848e-001  0.000000e+000 -9.801663e-002
    outer loop
      vertex -7.457968e-001  1.484375e-001 -5.739260e-001
      vertex -7.457968e-001 -1.484375e-001 -5.739260e-001
      vertex -7.500000e-001  1.484375e-001 -5.312500e-001
    endloop
  endfacet
  facet normal -9.951848e-001  -0.000000e+000 -9.801663e-002
    outer loop
      vertex -7.500000e-001  1.484375e-001 -5.312500e-001
      vertex -7.457968e-001 -1.484375e-001 -5.739260e-001
      vertex -7.500000e-001 -1.484375e-001 -5.312500e-001
    endloop
  endfacet
  facet normal  0.000000e+000  0.000000e+000  1.000000e+000
    outer loop
      vertex  7.500000e-001 -1.484375e-001  7.500000e-001
      vertex  7.500000e-001  1.484375e-001  7.500000e-001
      vertex -7.500000e-001 -1.484375e-001  7.500000e-001
    endloop
  endfacet
  facet normal  0.000000e+000  0.000000e+000  1.000000e+000
    outer loop
      vertex -7.500000e-001 -1.484375e-001  7.500000e-001
      vertex  7.500000e-001  1.484375e-001  7.500000e-001
      vertex -7.500000e-001  1.484375e-001  7.500000e-001
    endloop
  endfacet
  facet normal  1.000000e+000  0.000000e+000  0.000000e+000
    outer loop
      vertex  7.500000e-001 -1.484375e-001 -7.500000e-001
      vertex  7.500000e-001  1.484375e-001 -7.500000e-001
      vertex  7.500000e-001 -1.484375e-001  7.500000e-001
    endloop
  endfacet
  facet normal  1.000000e+000  -0.000000e+000  0.000000e+000
    outer loop
      vertex  7.500000e-001 -1.484375e-001  7.500000e-001
      vertex  7.500000e-001  1.484375e-001 -7.500000e-001
      vertex  7.500000e-001  1.484375e-001  7.500000e-001
    endloop
  endfacet
endsolid CATIA STL
