solid CATIA STL
  facet normal -1.515939e-001  0.000000e+000 -9.884428e-001
    outer loop
      vertex  7.812500e-003 -4.934210e-003 -1.835460e-017
      vertex  5.471220e-003 -3.045678e-001  3.590737e-004
      vertex  7.812500e-003  7.500000e-001 -6.458098e-017
    endloop
  endfacet
  facet normal -1.515939e-001 -6.052467e-017 -9.884429e-001
    outer loop
      vertex  7.812500e-003 -4.934210e-003 -1.835460e-017
      vertex  7.812500e-003 -3.046875e-001  0.000000e+000
      vertex  5.471220e-003 -3.045678e-001  3.590737e-004
    endloop
  endfacet
  facet normal -9.875867e-001 -8.663985e-005 -1.570745e-001
    outer loop
      vertex  0.000000e+000 -3.020833e-001  7.812500e-003
      vertex  1.501150e-004  7.500000e-001  6.288357e-003
      vertex  3.856443e-004 -3.028914e-001  5.388254e-003
    endloop
  endfacet
  facet normal -9.951848e-001  -0.000000e+000 -9.801716e-002
    outer loop
      vertex  0.000000e+000 -3.020833e-001  7.812500e-003
      vertex  0.000000e+000  7.500000e-001  7.812500e-003
      vertex  1.501150e-004  7.500000e-001  6.288357e-003
    endloop
  endfacet
  facet normal -7.730104e-001  2.448056e-005 -6.343934e-001
    outer loop
      vertex  1.509899e-003 -3.036222e-001  3.195967e-003
      vertex  1.316644e-003  7.500000e-001  3.472107e-003
      vertex  2.288228e-003  7.500000e-001  2.288228e-003
    endloop
  endfacet
  facet normal -7.033209e-001 -9.289019e-005 -7.108725e-001
    outer loop
      vertex  1.509899e-003 -3.036222e-001  3.195967e-003
      vertex  2.288228e-003  7.500000e-001  2.288228e-003
      vertex  3.263815e-003 -3.042006e-001  1.460758e-003
    endloop
  endfacet
  facet normal -6.343934e-001  1.967099e-005 -7.730104e-001
    outer loop
      vertex  3.263815e-003 -3.042006e-001  1.460758e-003
      vertex  2.288228e-003  7.500000e-001  2.288228e-003
      vertex  3.472107e-003  7.500000e-001  1.316644e-003
    endloop
  endfacet
  facet normal -4.713967e-001 -2.742303e-005 -8.819212e-001
    outer loop
      vertex  3.263815e-003 -3.042006e-001  1.460758e-003
      vertex  3.472107e-003  7.500000e-001  1.316644e-003
      vertex  4.822786e-003  7.500000e-001  5.946911e-004
    endloop
  endfacet
  facet normal -4.465691e-001 -7.467726e-005 -8.947491e-001
    outer loop
      vertex  3.263815e-003 -3.042006e-001  1.460758e-003
      vertex  4.822786e-003  7.500000e-001  5.946911e-004
      vertex  5.471220e-003 -3.045678e-001  3.590737e-004
    endloop
  endfacet
  facet normal -2.902846e-001  3.531429e-005 -9.569404e-001
    outer loop
      vertex  5.471220e-003 -3.045678e-001  3.590737e-004
      vertex  4.822786e-003  7.500000e-001  5.946911e-004
      vertex  6.288357e-003  7.500000e-001  1.501150e-004
    endloop
  endfacet
  facet normal -9.801715e-002 -1.212431e-004 -9.951847e-001
    outer loop
      vertex  7.812500e-003  7.500000e-001 -6.458098e-017
      vertex  5.471220e-003 -3.045678e-001  3.590737e-004
      vertex  6.288357e-003  7.500000e-001  1.501150e-004
    endloop
  endfacet
  facet normal -8.819213e-001 -3.821505e-005 -4.713968e-001
    outer loop
      vertex  1.316644e-003  7.500000e-001  3.472107e-003
      vertex  1.509899e-003 -3.036222e-001  3.195967e-003
      vertex  5.946911e-004  7.500000e-001  4.822786e-003
    endloop
  endfacet
  facet normal -8.898259e-001 -6.839072e-005 -4.563002e-001
    outer loop
      vertex  5.946911e-004  7.500000e-001  4.822786e-003
      vertex  1.509899e-003 -3.036222e-001  3.195967e-003
      vertex  3.856443e-004 -3.028914e-001  5.388254e-003
    endloop
  endfacet
  facet normal -9.569404e-001  3.409530e-005 -2.902846e-001
    outer loop
      vertex  5.946911e-004  7.500000e-001  4.822786e-003
      vertex  3.856443e-004 -3.028914e-001  5.388254e-003
      vertex  1.501150e-004  7.500000e-001  6.288357e-003
    endloop
  endfacet
  facet normal -1.000000e+000  0.000000e+000  -0.000000e+000
    outer loop
      vertex  0.000000e+000 -3.020833e-001  7.812500e-003
      vertex  0.000000e+000 -2.935855e-001  3.330592e-002
      vertex  0.000000e+000  7.500000e-001  7.812500e-003
    endloop
  endfacet
  facet normal -1.000000e+000  0.000000e+000  0.000000e+000
    outer loop
      vertex  0.000000e+000  7.500000e-001  7.812500e-003
      vertex  0.000000e+000 -2.935855e-001  3.330592e-002
      vertex  0.000000e+000  7.500000e-001  3.330592e-002
    endloop
  endfacet
  facet normal -4.937110e-005 -9.486883e-001  3.162130e-001
    outer loop
      vertex  0.000000e+000 -3.020833e-001  7.812500e-003
      vertex  3.856443e-004 -3.028914e-001  5.388254e-003
      vertex  1.509899e-003 -3.036222e-001  3.195967e-003
    endloop
  endfacet
  facet normal  4.976387e-007 -9.486833e-001  3.162276e-001
    outer loop
      vertex  0.000000e+000 -2.935855e-001  3.330592e-002
      vertex  0.000000e+000 -3.020833e-001  7.812500e-003
      vertex  1.509899e-003 -3.036222e-001  3.195967e-003
    endloop
  endfacet
  facet normal -3.651201e-007 -9.486833e-001  3.162277e-001
    outer loop
      vertex  0.000000e+000 -2.935855e-001  3.330592e-002
      vertex  1.509899e-003 -3.036222e-001  3.195967e-003
      vertex  3.263815e-003 -3.042006e-001  1.460758e-003
    endloop
  endfacet
  facet normal  1.716849e-006 -9.486833e-001  3.162278e-001
    outer loop
      vertex  0.000000e+000 -2.935855e-001  3.330592e-002
      vertex  3.263815e-003 -3.042006e-001  1.460758e-003
      vertex  5.471220e-003 -3.045678e-001  3.590737e-004
    endloop
  endfacet
  facet normal  0.000000e+000 -9.486834e-001  3.162276e-001
    outer loop
      vertex  3.906250e-002 -2.935855e-001  3.330592e-002
      vertex  0.000000e+000 -2.935855e-001  3.330592e-002
      vertex  5.471220e-003 -3.045678e-001  3.590737e-004
    endloop
  endfacet
  facet normal  1.766427e-006 -9.486839e-001  3.162259e-001
    outer loop
      vertex  3.906250e-002 -2.935855e-001  3.330592e-002
      vertex  5.471220e-003 -3.045678e-001  3.590737e-004
      vertex  7.812500e-003 -3.046875e-001  0.000000e+000
    endloop
  endfacet
  facet normal  0.000000e+000 -9.486834e-001  3.162274e-001
    outer loop
      vertex  3.906250e-002 -2.935855e-001  3.330592e-002
      vertex  7.812500e-003 -3.046875e-001  0.000000e+000
      vertex  3.906250e-002 -3.046875e-001  0.000000e+000
    endloop
  endfacet
  facet normal  0.000000e+000  1.000000e+000  -0.000000e+000
    outer loop
      vertex  3.906250e-002  7.500000e-001  3.330592e-002
      vertex  3.906250e-002  7.500000e-001 -6.458098e-017
      vertex  7.812500e-003  7.500000e-001 -6.458098e-017
    endloop
  endfacet
  facet normal  0.000000e+000  1.000000e+000  -0.000000e+000
    outer loop
      vertex  3.906250e-002  7.500000e-001  3.330592e-002
      vertex  7.812500e-003  7.500000e-001 -6.458098e-017
      vertex  6.288357e-003  7.500000e-001  1.501150e-004
    endloop
  endfacet
  facet normal  0.000000e+000  1.000000e+000  -0.000000e+000
    outer loop
      vertex  3.906250e-002  7.500000e-001  3.330592e-002
      vertex  6.288357e-003  7.500000e-001  1.501150e-004
      vertex  4.822786e-003  7.500000e-001  5.946911e-004
    endloop
  endfacet
  facet normal  0.000000e+000  1.000000e+000  -0.000000e+000
    outer loop
      vertex  3.906250e-002  7.500000e-001  3.330592e-002
      vertex  4.822786e-003  7.500000e-001  5.946911e-004
      vertex  3.472107e-003  7.500000e-001  1.316644e-003
    endloop
  endfacet
  facet normal  0.000000e+000  1.000000e+000  -0.000000e+000
    outer loop
      vertex  3.906250e-002  7.500000e-001  3.330592e-002
      vertex  3.472107e-003  7.500000e-001  1.316644e-003
      vertex  2.288228e-003  7.500000e-001  2.288228e-003
    endloop
  endfacet
  facet normal  0.000000e+000  1.000000e+000  -0.000000e+000
    outer loop
      vertex  3.906250e-002  7.500000e-001  3.330592e-002
      vertex  2.288228e-003  7.500000e-001  2.288228e-003
      vertex  1.316644e-003  7.500000e-001  3.472107e-003
    endloop
  endfacet
  facet normal  0.000000e+000  1.000000e+000  -0.000000e+000
    outer loop
      vertex  3.906250e-002  7.500000e-001  3.330592e-002
      vertex  1.316644e-003  7.500000e-001  3.472107e-003
      vertex  5.946911e-004  7.500000e-001  4.822786e-003
    endloop
  endfacet
  facet normal  0.000000e+000  1.000000e+000  -0.000000e+000
    outer loop
      vertex  3.906250e-002  7.500000e-001  3.330592e-002
      vertex  5.946911e-004  7.500000e-001  4.822786e-003
      vertex  1.501150e-004  7.500000e-001  6.288357e-003
    endloop
  endfacet
  facet normal  0.000000e+000  1.000000e+000  -0.000000e+000
    outer loop
      vertex  3.906250e-002  7.500000e-001  3.330592e-002
      vertex  1.501150e-004  7.500000e-001  6.288357e-003
      vertex  0.000000e+000  7.500000e-001  7.812500e-003
    endloop
  endfacet
  facet normal  0.000000e+000  1.000000e+000  0.000000e+000
    outer loop
      vertex  3.906250e-002  7.500000e-001  3.330592e-002
      vertex  0.000000e+000  7.500000e-001  7.812500e-003
      vertex  0.000000e+000  7.500000e-001  3.330592e-002
    endloop
  endfacet
  facet normal  0.000000e+000 -6.123234e-017 -1.000000e+000
    outer loop
      vertex  3.906250e-002 -4.934210e-003 -1.835460e-017
      vertex  7.812500e-003 -4.934210e-003 -1.835460e-017
      vertex  3.906250e-002  7.500000e-001 -6.458098e-017
    endloop
  endfacet
  facet normal  -0.000000e+000 -6.123234e-017 -1.000000e+000
    outer loop
      vertex  3.906250e-002  7.500000e-001 -6.458098e-017
      vertex  7.812500e-003 -4.934210e-003 -1.835460e-017
      vertex  7.812500e-003  7.500000e-001 -6.458098e-017
    endloop
  endfacet
  facet normal  0.000000e+000 -6.123234e-017 -1.000000e+000
    outer loop
      vertex  3.906250e-002 -3.046875e-001  0.000000e+000
      vertex  7.812500e-003 -3.046875e-001  0.000000e+000
      vertex  3.906250e-002 -4.934210e-003 -1.835460e-017
    endloop
  endfacet
  facet normal  -0.000000e+000 -6.123234e-017 -1.000000e+000
    outer loop
      vertex  3.906250e-002 -4.934210e-003 -1.835460e-017
      vertex  7.812500e-003 -3.046875e-001  0.000000e+000
      vertex  7.812500e-003 -4.934210e-003 -1.835460e-017
    endloop
  endfacet
  facet normal  1.000000e+000  0.000000e+000  0.000000e+000
    outer loop
      vertex  3.906250e-002 -4.934210e-003 -1.835460e-017
      vertex  3.906250e-002  7.500000e-001  3.330592e-002
      vertex  3.906250e-002 -3.046875e-001  0.000000e+000
    endloop
  endfacet
  facet normal  1.000000e+000  0.000000e+000  -0.000000e+000
    outer loop
      vertex  3.906250e-002 -4.934210e-003 -1.835460e-017
      vertex  3.906250e-002  7.500000e-001 -6.458098e-017
      vertex  3.906250e-002  7.500000e-001  3.330592e-002
    endloop
  endfacet
  facet normal  1.000000e+000  0.000000e+000  0.000000e+000
    outer loop
      vertex  3.906250e-002 -3.046875e-001  0.000000e+000
      vertex  3.906250e-002  7.500000e-001  3.330592e-002
      vertex  3.906250e-002 -2.935855e-001  3.330592e-002
    endloop
  endfacet
  facet normal  -0.000000e+000  0.000000e+000  9.999999e-001
    outer loop
      vertex  3.906250e-002  7.500000e-001  3.330592e-002
      vertex  0.000000e+000  7.500000e-001  3.330592e-002
      vertex  3.906250e-002 -2.935855e-001  3.330592e-002
    endloop
  endfacet
  facet normal  0.000000e+000  0.000000e+000  9.999999e-001
    outer loop
      vertex  3.906250e-002 -2.935855e-001  3.330592e-002
      vertex  0.000000e+000  7.500000e-001  3.330592e-002
      vertex  0.000000e+000 -2.935855e-001  3.330592e-002
    endloop
  endfacet
endsolid CATIA STL
