solid CATIA STL
  facet normal  0.000000e+000 -1.000000e+000  0.000000e+000
    outer loop
      vertex  2.890625e-001 -1.406250e-001  2.812500e-001
      vertex  0.000000e+000 -1.406250e-001  0.000000e+000
      vertex  2.890625e-001 -1.406250e-001 -1.769997e-017
    endloop
  endfacet
  facet normal  -0.000000e+000 -1.000000e+000  -0.000000e+000
    outer loop
      vertex  2.889124e-001 -1.406250e-001  2.827742e-001
      vertex  2.884678e-001 -1.406250e-001  2.842397e-001
      vertex  2.877459e-001 -1.406250e-001  2.855904e-001
    endloop
  endfacet
  facet normal  -0.000000e+000 -1.000000e+000  -0.000000e+000
    outer loop
      vertex  2.889124e-001 -1.406250e-001  2.827742e-001
      vertex  2.877459e-001 -1.406250e-001  2.855904e-001
      vertex  2.867743e-001 -1.406250e-001  2.867743e-001
    endloop
  endfacet
  facet normal  -0.000000e+000 -9.999999e-001  -0.000000e+000
    outer loop
      vertex  2.889124e-001 -1.406250e-001  2.827742e-001
      vertex  2.867743e-001 -1.406250e-001  2.867743e-001
      vertex  2.855904e-001 -1.406250e-001  2.877459e-001
    endloop
  endfacet
  facet normal  -0.000000e+000 -1.000000e+000  -0.000000e+000
    outer loop
      vertex  2.889124e-001 -1.406250e-001  2.827742e-001
      vertex  2.855904e-001 -1.406250e-001  2.877459e-001
      vertex  2.842397e-001 -1.406250e-001  2.884678e-001
    endloop
  endfacet
  facet normal  -0.000000e+000 -1.000000e+000  -0.000000e+000
    outer loop
      vertex  2.889124e-001 -1.406250e-001  2.827742e-001
      vertex  2.842397e-001 -1.406250e-001  2.884678e-001
      vertex  2.827742e-001 -1.406250e-001  2.889124e-001
    endloop
  endfacet
  facet normal  -0.000000e+000 -9.999999e-001  -0.000000e+000
    outer loop
      vertex  2.889124e-001 -1.406250e-001  2.827742e-001
      vertex  2.827742e-001 -1.406250e-001  2.889124e-001
      vertex  2.812500e-001 -1.406250e-001  2.890625e-001
    endloop
  endfacet
  facet normal  0.000000e+000 -1.000000e+000  0.000000e+000
    outer loop
      vertex  1.769997e-017 -1.406250e-001  2.890625e-001
      vertex  0.000000e+000 -1.406250e-001  0.000000e+000
      vertex  2.890625e-001 -1.406250e-001  2.812500e-001
    endloop
  endfacet
  facet normal  0.000000e+000 -1.000000e+000  0.000000e+000
    outer loop
      vertex  1.769997e-017 -1.406250e-001  2.890625e-001
      vertex  2.890625e-001 -1.406250e-001  2.812500e-001
      vertex  2.889124e-001 -1.406250e-001  2.827742e-001
    endloop
  endfacet
  facet normal  0.000000e+000 -1.000000e+000  0.000000e+000
    outer loop
      vertex  1.769997e-017 -1.406250e-001  2.890625e-001
      vertex  2.889124e-001 -1.406250e-001  2.827742e-001
      vertex  2.812500e-001 -1.406250e-001  2.890625e-001
    endloop
  endfacet
  facet normal  -0.000000e+000  1.000000e+000  0.000000e+000
    outer loop
      vertex  2.890625e-001  1.406250e-001 -1.769997e-017
      vertex  0.000000e+000  1.406250e-001  0.000000e+000
      vertex  2.890625e-001  1.406250e-001  2.812500e-001
    endloop
  endfacet
  facet normal  0.000000e+000  9.999999e-001  0.000000e+000
    outer loop
      vertex  2.889124e-001  1.406250e-001  2.827742e-001
      vertex  2.812500e-001  1.406250e-001  2.890625e-001
      vertex  2.827742e-001  1.406250e-001  2.889124e-001
    endloop
  endfacet
  facet normal  0.000000e+000  1.000000e+000  0.000000e+000
    outer loop
      vertex  2.889124e-001  1.406250e-001  2.827742e-001
      vertex  2.827742e-001  1.406250e-001  2.889124e-001
      vertex  2.842397e-001  1.406250e-001  2.884678e-001
    endloop
  endfacet
  facet normal  0.000000e+000  1.000000e+000  0.000000e+000
    outer loop
      vertex  2.889124e-001  1.406250e-001  2.827742e-001
      vertex  2.842397e-001  1.406250e-001  2.884678e-001
      vertex  2.855904e-001  1.406250e-001  2.877459e-001
    endloop
  endfacet
  facet normal  0.000000e+000  9.999999e-001  0.000000e+000
    outer loop
      vertex  2.889124e-001  1.406250e-001  2.827742e-001
      vertex  2.855904e-001  1.406250e-001  2.877459e-001
      vertex  2.867743e-001  1.406250e-001  2.867743e-001
    endloop
  endfacet
  facet normal  0.000000e+000  1.000000e+000  0.000000e+000
    outer loop
      vertex  2.889124e-001  1.406250e-001  2.827742e-001
      vertex  2.867743e-001  1.406250e-001  2.867743e-001
      vertex  2.877459e-001  1.406250e-001  2.855904e-001
    endloop
  endfacet
  facet normal  0.000000e+000  1.000000e+000  0.000000e+000
    outer loop
      vertex  2.889124e-001  1.406250e-001  2.827742e-001
      vertex  2.877459e-001  1.406250e-001  2.855904e-001
      vertex  2.884678e-001  1.406250e-001  2.842397e-001
    endloop
  endfacet
  facet normal  0.000000e+000  1.000000e+000  0.000000e+000
    outer loop
      vertex  1.769997e-017  1.406250e-001  2.890625e-001
      vertex  2.812500e-001  1.406250e-001  2.890625e-001
      vertex  2.889124e-001  1.406250e-001  2.827742e-001
    endloop
  endfacet
  facet normal  0.000000e+000  1.000000e+000  0.000000e+000
    outer loop
      vertex  1.769997e-017  1.406250e-001  2.890625e-001
      vertex  2.889124e-001  1.406250e-001  2.827742e-001
      vertex  2.890625e-001  1.406250e-001  2.812500e-001
    endloop
  endfacet
  facet normal  0.000000e+000  1.000000e+000  0.000000e+000
    outer loop
      vertex  1.769997e-017  1.406250e-001  2.890625e-001
      vertex  2.890625e-001  1.406250e-001  2.812500e-001
      vertex  0.000000e+000  1.406250e-001  0.000000e+000
    endloop
  endfacet
  facet normal  0.000000e+000  0.000000e+000  1.000000e+000
    outer loop
      vertex  2.812500e-001 -1.406250e-001  2.890625e-001
      vertex  2.812500e-001  1.406250e-001  2.890625e-001
      vertex  1.769997e-017 -1.406250e-001  2.890625e-001
    endloop
  endfacet
  facet normal  0.000000e+000  0.000000e+000  1.000000e+000
    outer loop
      vertex  1.769997e-017 -1.406250e-001  2.890625e-001
      vertex  2.812500e-001  1.406250e-001  2.890625e-001
      vertex  1.769997e-017  1.406250e-001  2.890625e-001
    endloop
  endfacet
  facet normal  1.000000e+000  0.000000e+000  0.000000e+000
    outer loop
      vertex  2.890625e-001 -1.406250e-001 -1.769997e-017
      vertex  2.890625e-001  1.406250e-001 -1.769997e-017
      vertex  2.890625e-001 -1.406250e-001  2.812500e-001
    endloop
  endfacet
  facet normal  1.000000e+000  -0.000000e+000  0.000000e+000
    outer loop
      vertex  2.890625e-001 -1.406250e-001  2.812500e-001
      vertex  2.890625e-001  1.406250e-001 -1.769997e-017
      vertex  2.890625e-001  1.406250e-001  2.812500e-001
    endloop
  endfacet
  facet normal  9.801622e-002  -0.000000e+000  9.951848e-001
    outer loop
      vertex  2.812500e-001  1.406250e-001  2.890625e-001
      vertex  2.812500e-001 -1.406250e-001  2.890625e-001
      vertex  2.827742e-001  1.406250e-001  2.889124e-001
    endloop
  endfacet
  facet normal  9.801622e-002  0.000000e+000  9.951848e-001
    outer loop
      vertex  2.827742e-001  1.406250e-001  2.889124e-001
      vertex  2.812500e-001 -1.406250e-001  2.890625e-001
      vertex  2.827742e-001 -1.406250e-001  2.889124e-001
    endloop
  endfacet
  facet normal  2.902958e-001  -0.000000e+000  9.569370e-001
    outer loop
      vertex  2.827742e-001  1.406250e-001  2.889124e-001
      vertex  2.827742e-001 -1.406250e-001  2.889124e-001
      vertex  2.842397e-001  1.406250e-001  2.884678e-001
    endloop
  endfacet
  facet normal  2.902958e-001  0.000000e+000  9.569370e-001
    outer loop
      vertex  2.842397e-001  1.406250e-001  2.884678e-001
      vertex  2.827742e-001 -1.406250e-001  2.889124e-001
      vertex  2.842397e-001 -1.406250e-001  2.884678e-001
    endloop
  endfacet
  facet normal  4.713880e-001  -0.000000e+000  8.819260e-001
    outer loop
      vertex  2.842397e-001  1.406250e-001  2.884678e-001
      vertex  2.842397e-001 -1.406250e-001  2.884678e-001
      vertex  2.855904e-001  1.406250e-001  2.877459e-001
    endloop
  endfacet
  facet normal  4.713880e-001  0.000000e+000  8.819260e-001
    outer loop
      vertex  2.855904e-001  1.406250e-001  2.877459e-001
      vertex  2.842397e-001 -1.406250e-001  2.884678e-001
      vertex  2.855904e-001 -1.406250e-001  2.877459e-001
    endloop
  endfacet
  facet normal  6.343879e-001  -0.000000e+000  7.730150e-001
    outer loop
      vertex  2.855904e-001  1.406250e-001  2.877459e-001
      vertex  2.855904e-001 -1.406250e-001  2.877459e-001
      vertex  2.867743e-001  1.406250e-001  2.867743e-001
    endloop
  endfacet
  facet normal  6.343879e-001  0.000000e+000  7.730150e-001
    outer loop
      vertex  2.867743e-001  1.406250e-001  2.867743e-001
      vertex  2.855904e-001 -1.406250e-001  2.877459e-001
      vertex  2.867743e-001 -1.406250e-001  2.867743e-001
    endloop
  endfacet
  facet normal  7.730150e-001  -0.000000e+000  6.343879e-001
    outer loop
      vertex  2.867743e-001  1.406250e-001  2.867743e-001
      vertex  2.867743e-001 -1.406250e-001  2.867743e-001
      vertex  2.877459e-001  1.406250e-001  2.855904e-001
    endloop
  endfacet
  facet normal  7.730150e-001  0.000000e+000  6.343879e-001
    outer loop
      vertex  2.877459e-001  1.406250e-001  2.855904e-001
      vertex  2.867743e-001 -1.406250e-001  2.867743e-001
      vertex  2.877459e-001 -1.406250e-001  2.855904e-001
    endloop
  endfacet
  facet normal  8.819260e-001  -0.000000e+000  4.713880e-001
    outer loop
      vertex  2.877459e-001  1.406250e-001  2.855904e-001
      vertex  2.877459e-001 -1.406250e-001  2.855904e-001
      vertex  2.884678e-001  1.406250e-001  2.842397e-001
    endloop
  endfacet
  facet normal  8.819260e-001  0.000000e+000  4.713880e-001
    outer loop
      vertex  2.884678e-001  1.406250e-001  2.842397e-001
      vertex  2.877459e-001 -1.406250e-001  2.855904e-001
      vertex  2.884678e-001 -1.406250e-001  2.842397e-001
    endloop
  endfacet
  facet normal  9.569370e-001  -0.000000e+000  2.902958e-001
    outer loop
      vertex  2.884678e-001  1.406250e-001  2.842397e-001
      vertex  2.884678e-001 -1.406250e-001  2.842397e-001
      vertex  2.889124e-001  1.406250e-001  2.827742e-001
    endloop
  endfacet
  facet normal  9.569370e-001  0.000000e+000  2.902958e-001
    outer loop
      vertex  2.889124e-001  1.406250e-001  2.827742e-001
      vertex  2.884678e-001 -1.406250e-001  2.842397e-001
      vertex  2.889124e-001 -1.406250e-001  2.827742e-001
    endloop
  endfacet
  facet normal  9.951848e-001  -0.000000e+000  9.801622e-002
    outer loop
      vertex  2.889124e-001  1.406250e-001  2.827742e-001
      vertex  2.889124e-001 -1.406250e-001  2.827742e-001
      vertex  2.890625e-001  1.406250e-001  2.812500e-001
    endloop
  endfacet
  facet normal  9.951848e-001  0.000000e+000  9.801622e-002
    outer loop
      vertex  2.890625e-001  1.406250e-001  2.812500e-001
      vertex  2.889124e-001 -1.406250e-001  2.827742e-001
      vertex  2.890625e-001 -1.406250e-001  2.812500e-001
    endloop
  endfacet
  facet normal -1.000000e+000  0.000000e+000  6.123234e-017
    outer loop
      vertex  1.769997e-017 -1.406250e-001  2.890625e-001
      vertex  1.769997e-017  1.406250e-001  2.890625e-001
      vertex  0.000000e+000 -1.406250e-001  0.000000e+000
    endloop
  endfacet
  facet normal -1.000000e+000  0.000000e+000  6.123234e-017
    outer loop
      vertex  0.000000e+000 -1.406250e-001  0.000000e+000
      vertex  1.769997e-017  1.406250e-001  2.890625e-001
      vertex  0.000000e+000  1.406250e-001  0.000000e+000
    endloop
  endfacet
  facet normal -6.123234e-017  -0.000000e+000 -1.000000e+000
    outer loop
      vertex  0.000000e+000 -1.406250e-001  0.000000e+000
      vertex  0.000000e+000  1.406250e-001  0.000000e+000
      vertex  2.890625e-001 -1.406250e-001 -1.769997e-017
    endloop
  endfacet
  facet normal -6.123234e-017  0.000000e+000 -1.000000e+000
    outer loop
      vertex  2.890625e-001 -1.406250e-001 -1.769997e-017
      vertex  0.000000e+000  1.406250e-001  0.000000e+000
      vertex  2.890625e-001  1.406250e-001 -1.769997e-017
    endloop
  endfacet
endsolid CATIA STL
