solid CATIA STL
  facet normal  0.000000e+000 -1.000000e+000  0.000000e+000
    outer loop
      vertex  3.750000e-001 -7.500000e-001 -7.500000e-001
      vertex  7.539474e-001 -7.500000e-001 -7.500000e-001
      vertex  3.750000e-001 -7.500000e-001  7.500000e-001
    endloop
  endfacet
  facet normal  0.000000e+000 -1.000000e+000  0.000000e+000
    outer loop
      vertex  3.750000e-001 -7.500000e-001  7.500000e-001
      vertex  7.539474e-001 -7.500000e-001 -7.500000e-001
      vertex  7.539474e-001 -7.500000e-001  7.500000e-001
    endloop
  endfacet
  facet normal -5.551113e-017  1.000000e+000 -1.110223e-016
    outer loop
      vertex  3.750000e-001  0.000000e+000 -7.500000e-001
      vertex  3.750000e-001  1.665335e-016  7.500000e-001
      vertex  7.539474e-001  2.103581e-017 -7.500000e-001
    endloop
  endfacet
  facet normal -5.551113e-017  1.000000e+000 -1.110223e-016
    outer loop
      vertex  7.539474e-001  2.103581e-017 -7.500000e-001
      vertex  3.750000e-001  1.665335e-016  7.500000e-001
      vertex  7.539474e-001  1.875693e-016  7.500000e-001
    endloop
  endfacet
  facet normal -1.000000e+000  -0.000000e+000  0.000000e+000
    outer loop
      vertex  3.750000e-001 -7.500000e-001  7.500000e-001
      vertex  3.750000e-001  1.665335e-016  7.500000e-001
      vertex  3.750000e-001 -7.500000e-001 -7.500000e-001
    endloop
  endfacet
  facet normal -1.000000e+000  0.000000e+000  0.000000e+000
    outer loop
      vertex  3.750000e-001 -7.500000e-001 -7.500000e-001
      vertex  3.750000e-001  1.665335e-016  7.500000e-001
      vertex  3.750000e-001  0.000000e+000 -7.500000e-001
    endloop
  endfacet
  facet normal  -0.000000e+000  0.000000e+000  1.000000e+000
    outer loop
      vertex  7.539474e-001  1.875693e-016  7.500000e-001
      vertex  3.750000e-001  1.665335e-016  7.500000e-001
      vertex  7.539474e-001 -7.500000e-001  7.500000e-001
    endloop
  endfacet
  facet normal  0.000000e+000  0.000000e+000  1.000000e+000
    outer loop
      vertex  7.539474e-001 -7.500000e-001  7.500000e-001
      vertex  3.750000e-001  1.665335e-016  7.500000e-001
      vertex  3.750000e-001 -7.500000e-001  7.500000e-001
    endloop
  endfacet
  facet normal  1.000000e+000  0.000000e+000  0.000000e+000
    outer loop
      vertex  7.539474e-001 -7.500000e-001 -7.500000e-001
      vertex  7.539474e-001  2.103581e-017 -7.500000e-001
      vertex  7.539474e-001 -7.500000e-001  7.500000e-001
    endloop
  endfacet
  facet normal  1.000000e+000  -0.000000e+000  0.000000e+000
    outer loop
      vertex  7.539474e-001 -7.500000e-001  7.500000e-001
      vertex  7.539474e-001  2.103581e-017 -7.500000e-001
      vertex  7.539474e-001  1.875693e-016  7.500000e-001
    endloop
  endfacet
  facet normal  0.000000e+000  0.000000e+000 -1.000000e+000
    outer loop
      vertex  3.750000e-001  0.000000e+000 -7.500000e-001
      vertex  7.539474e-001  2.103581e-017 -7.500000e-001
      vertex  3.750000e-001 -7.500000e-001 -7.500000e-001
    endloop
  endfacet
  facet normal  0.000000e+000  0.000000e+000 -1.000000e+000
    outer loop
      vertex  3.750000e-001 -7.500000e-001 -7.500000e-001
      vertex  7.539474e-001  2.103581e-017 -7.500000e-001
      vertex  7.539474e-001 -7.500000e-001 -7.500000e-001
    endloop
  endfacet
  facet normal  0.000000e+000 -9.999999e-001  0.000000e+000
    outer loop
      vertex -7.031250e-001 -7.500000e-001 -7.500000e-001
      vertex -3.710526e-001 -7.500000e-001 -7.500000e-001
      vertex -7.031250e-001 -7.500000e-001  7.500000e-001
    endloop
  endfacet
  facet normal  0.000000e+000 -9.999999e-001  0.000000e+000
    outer loop
      vertex -7.031250e-001 -7.500000e-001  7.500000e-001
      vertex -3.710526e-001 -7.500000e-001 -7.500000e-001
      vertex -3.710526e-001 -7.500000e-001  7.500000e-001
    endloop
  endfacet
  facet normal -1.000000e+000  -0.000000e+000  0.000000e+000
    outer loop
      vertex -7.500000e-001 -7.031250e-001  7.500000e-001
      vertex -7.500000e-001  1.665335e-016  7.500000e-001
      vertex -7.500000e-001 -7.031250e-001 -7.500000e-001
    endloop
  endfacet
  facet normal -1.000000e+000  0.000000e+000  0.000000e+000
    outer loop
      vertex -7.500000e-001 -7.031250e-001 -7.500000e-001
      vertex -7.500000e-001  1.665335e-016  7.500000e-001
      vertex -7.500000e-001  0.000000e+000 -7.500000e-001
    endloop
  endfacet
  facet normal  0.000000e+000  0.000000e+000  1.000000e+000
    outer loop
      vertex -7.031250e-001 -7.500000e-001  7.500000e-001
      vertex -7.210633e-001 -7.464318e-001  7.500000e-001
      vertex -7.122698e-001 -7.490993e-001  7.500000e-001
    endloop
  endfacet
  facet normal  0.000000e+000  0.000000e+000  1.000000e+000
    outer loop
      vertex -3.710526e-001 -7.500000e-001  7.500000e-001
      vertex -3.710526e-001  2.086051e-016  7.500000e-001
      vertex -7.500000e-001  1.665335e-016  7.500000e-001
    endloop
  endfacet
  facet normal  0.000000e+000  0.000000e+000  1.000000e+000
    outer loop
      vertex -3.710526e-001 -7.500000e-001  7.500000e-001
      vertex -7.500000e-001  1.665335e-016  7.500000e-001
      vertex -7.500000e-001 -7.031250e-001  7.500000e-001
    endloop
  endfacet
  facet normal  0.000000e+000  0.000000e+000  1.000000e+000
    outer loop
      vertex -3.710526e-001 -7.500000e-001  7.500000e-001
      vertex -7.500000e-001 -7.031250e-001  7.500000e-001
      vertex -7.490993e-001 -7.122698e-001  7.500000e-001
    endloop
  endfacet
  facet normal  0.000000e+000  0.000000e+000  9.999999e-001
    outer loop
      vertex -3.710526e-001 -7.500000e-001  7.500000e-001
      vertex -7.490993e-001 -7.122698e-001  7.500000e-001
      vertex -7.464318e-001 -7.210633e-001  7.500000e-001
    endloop
  endfacet
  facet normal  0.000000e+000  0.000000e+000  1.000000e+000
    outer loop
      vertex -3.710526e-001 -7.500000e-001  7.500000e-001
      vertex -7.464318e-001 -7.210633e-001  7.500000e-001
      vertex -7.421001e-001 -7.291673e-001  7.500000e-001
    endloop
  endfacet
  facet normal  0.000000e+000  0.000000e+000  1.000000e+000
    outer loop
      vertex -3.710526e-001 -7.500000e-001  7.500000e-001
      vertex -7.421001e-001 -7.291673e-001  7.500000e-001
      vertex -7.362706e-001 -7.362706e-001  7.500000e-001
    endloop
  endfacet
  facet normal  0.000000e+000  0.000000e+000  1.000000e+000
    outer loop
      vertex -3.710526e-001 -7.500000e-001  7.500000e-001
      vertex -7.362706e-001 -7.362706e-001  7.500000e-001
      vertex -7.291673e-001 -7.421001e-001  7.500000e-001
    endloop
  endfacet
  facet normal  0.000000e+000  0.000000e+000  9.999999e-001
    outer loop
      vertex -3.710526e-001 -7.500000e-001  7.500000e-001
      vertex -7.291673e-001 -7.421001e-001  7.500000e-001
      vertex -7.210633e-001 -7.464318e-001  7.500000e-001
    endloop
  endfacet
  facet normal  0.000000e+000  0.000000e+000  1.000000e+000
    outer loop
      vertex -3.710526e-001 -7.500000e-001  7.500000e-001
      vertex -7.210633e-001 -7.464318e-001  7.500000e-001
      vertex -7.031250e-001 -7.500000e-001  7.500000e-001
    endloop
  endfacet
  facet normal  0.000000e+000  0.000000e+000 -1.000000e+000
    outer loop
      vertex -7.031250e-001 -7.500000e-001 -7.500000e-001
      vertex -7.122698e-001 -7.490993e-001 -7.500000e-001
      vertex -7.210633e-001 -7.464318e-001 -7.500000e-001
    endloop
  endfacet
  facet normal  0.000000e+000  0.000000e+000 -1.000000e+000
    outer loop
      vertex -3.710526e-001 -7.500000e-001 -7.500000e-001
      vertex -7.031250e-001 -7.500000e-001 -7.500000e-001
      vertex -7.210633e-001 -7.464318e-001 -7.500000e-001
    endloop
  endfacet
  facet normal  0.000000e+000  0.000000e+000 -9.999999e-001
    outer loop
      vertex -3.710526e-001 -7.500000e-001 -7.500000e-001
      vertex -7.210633e-001 -7.464318e-001 -7.500000e-001
      vertex -7.291673e-001 -7.421001e-001 -7.500000e-001
    endloop
  endfacet
  facet normal  0.000000e+000  0.000000e+000 -1.000000e+000
    outer loop
      vertex -3.710526e-001 -7.500000e-001 -7.500000e-001
      vertex -7.291673e-001 -7.421001e-001 -7.500000e-001
      vertex -7.362706e-001 -7.362706e-001 -7.500000e-001
    endloop
  endfacet
  facet normal  0.000000e+000  0.000000e+000 -1.000000e+000
    outer loop
      vertex -3.710526e-001 -7.500000e-001 -7.500000e-001
      vertex -7.362706e-001 -7.362706e-001 -7.500000e-001
      vertex -7.421001e-001 -7.291673e-001 -7.500000e-001
    endloop
  endfacet
  facet normal  0.000000e+000  0.000000e+000 -1.000000e+000
    outer loop
      vertex -3.710526e-001 -7.500000e-001 -7.500000e-001
      vertex -7.421001e-001 -7.291673e-001 -7.500000e-001
      vertex -7.464318e-001 -7.210633e-001 -7.500000e-001
    endloop
  endfacet
  facet normal  0.000000e+000  0.000000e+000 -9.999999e-001
    outer loop
      vertex -3.710526e-001 -7.500000e-001 -7.500000e-001
      vertex -7.464318e-001 -7.210633e-001 -7.500000e-001
      vertex -7.490993e-001 -7.122698e-001 -7.500000e-001
    endloop
  endfacet
  facet normal  0.000000e+000  0.000000e+000 -1.000000e+000
    outer loop
      vertex -3.710526e-001 -7.500000e-001 -7.500000e-001
      vertex -7.490993e-001 -7.122698e-001 -7.500000e-001
      vertex -7.500000e-001 -7.031250e-001 -7.500000e-001
    endloop
  endfacet
  facet normal  0.000000e+000  0.000000e+000 -1.000000e+000
    outer loop
      vertex -3.710526e-001 -7.500000e-001 -7.500000e-001
      vertex -7.500000e-001 -7.031250e-001 -7.500000e-001
      vertex -7.500000e-001  0.000000e+000 -7.500000e-001
    endloop
  endfacet
  facet normal  0.000000e+000  0.000000e+000 -1.000000e+000
    outer loop
      vertex -3.710526e-001 -7.500000e-001 -7.500000e-001
      vertex -7.500000e-001  0.000000e+000 -7.500000e-001
      vertex -3.710526e-001  4.207161e-017 -7.500000e-001
    endloop
  endfacet
  facet normal -9.951847e-001 -9.801686e-002  0.000000e+000
    outer loop
      vertex -7.500000e-001 -7.031250e-001  7.500000e-001
      vertex -7.500000e-001 -7.031250e-001 -7.500000e-001
      vertex -7.490993e-001 -7.122698e-001  7.500000e-001
    endloop
  endfacet
  facet normal -9.951847e-001 -9.801686e-002  -0.000000e+000
    outer loop
      vertex -7.490993e-001 -7.122698e-001  7.500000e-001
      vertex -7.500000e-001 -7.031250e-001 -7.500000e-001
      vertex -7.490993e-001 -7.122698e-001 -7.500000e-001
    endloop
  endfacet
  facet normal -9.569393e-001 -2.902880e-001  0.000000e+000
    outer loop
      vertex -7.490993e-001 -7.122698e-001  7.500000e-001
      vertex -7.490993e-001 -7.122698e-001 -7.500000e-001
      vertex -7.464318e-001 -7.210633e-001  7.500000e-001
    endloop
  endfacet
  facet normal -9.569393e-001 -2.902880e-001  -0.000000e+000
    outer loop
      vertex -7.464318e-001 -7.210633e-001  7.500000e-001
      vertex -7.490993e-001 -7.122698e-001 -7.500000e-001
      vertex -7.464318e-001 -7.210633e-001 -7.500000e-001
    endloop
  endfacet
  facet normal -8.819220e-001 -4.713954e-001  0.000000e+000
    outer loop
      vertex -7.464318e-001 -7.210633e-001  7.500000e-001
      vertex -7.464318e-001 -7.210633e-001 -7.500000e-001
      vertex -7.421001e-001 -7.291673e-001  7.500000e-001
    endloop
  endfacet
  facet normal -8.819220e-001 -4.713954e-001  -0.000000e+000
    outer loop
      vertex -7.421001e-001 -7.291673e-001  7.500000e-001
      vertex -7.464318e-001 -7.210633e-001 -7.500000e-001
      vertex -7.421001e-001 -7.291673e-001 -7.500000e-001
    endloop
  endfacet
  facet normal -7.730097e-001 -6.343942e-001  0.000000e+000
    outer loop
      vertex -7.421001e-001 -7.291673e-001  7.500000e-001
      vertex -7.421001e-001 -7.291673e-001 -7.500000e-001
      vertex -7.362706e-001 -7.362706e-001  7.500000e-001
    endloop
  endfacet
  facet normal -7.730097e-001 -6.343942e-001  -0.000000e+000
    outer loop
      vertex -7.362706e-001 -7.362706e-001  7.500000e-001
      vertex -7.421001e-001 -7.291673e-001 -7.500000e-001
      vertex -7.362706e-001 -7.362706e-001 -7.500000e-001
    endloop
  endfacet
  facet normal -6.343942e-001 -7.730097e-001  0.000000e+000
    outer loop
      vertex -7.362706e-001 -7.362706e-001  7.500000e-001
      vertex -7.362706e-001 -7.362706e-001 -7.500000e-001
      vertex -7.291673e-001 -7.421001e-001  7.500000e-001
    endloop
  endfacet
  facet normal -6.343942e-001 -7.730097e-001  -0.000000e+000
    outer loop
      vertex -7.291673e-001 -7.421001e-001  7.500000e-001
      vertex -7.362706e-001 -7.362706e-001 -7.500000e-001
      vertex -7.291673e-001 -7.421001e-001 -7.500000e-001
    endloop
  endfacet
  facet normal -4.713954e-001 -8.819220e-001  0.000000e+000
    outer loop
      vertex -7.291673e-001 -7.421001e-001  7.500000e-001
      vertex -7.291673e-001 -7.421001e-001 -7.500000e-001
      vertex -7.210633e-001 -7.464318e-001  7.500000e-001
    endloop
  endfacet
  facet normal -4.713954e-001 -8.819220e-001  -0.000000e+000
    outer loop
      vertex -7.210633e-001 -7.464318e-001  7.500000e-001
      vertex -7.291673e-001 -7.421001e-001 -7.500000e-001
      vertex -7.210633e-001 -7.464318e-001 -7.500000e-001
    endloop
  endfacet
  facet normal -2.902880e-001 -9.569393e-001  0.000000e+000
    outer loop
      vertex -7.210633e-001 -7.464318e-001  7.500000e-001
      vertex -7.210633e-001 -7.464318e-001 -7.500000e-001
      vertex -7.122698e-001 -7.490993e-001  7.500000e-001
    endloop
  endfacet
  facet normal -2.902880e-001 -9.569393e-001  -0.000000e+000
    outer loop
      vertex -7.122698e-001 -7.490993e-001  7.500000e-001
      vertex -7.210633e-001 -7.464318e-001 -7.500000e-001
      vertex -7.122698e-001 -7.490993e-001 -7.500000e-001
    endloop
  endfacet
  facet normal -9.801686e-002 -9.951847e-001  0.000000e+000
    outer loop
      vertex -7.122698e-001 -7.490993e-001  7.500000e-001
      vertex -7.122698e-001 -7.490993e-001 -7.500000e-001
      vertex -7.031250e-001 -7.500000e-001  7.500000e-001
    endloop
  endfacet
  facet normal -9.801686e-002 -9.951847e-001  -0.000000e+000
    outer loop
      vertex -7.031250e-001 -7.500000e-001  7.500000e-001
      vertex -7.122698e-001 -7.490993e-001 -7.500000e-001
      vertex -7.031250e-001 -7.500000e-001 -7.500000e-001
    endloop
  endfacet
  facet normal -1.110223e-016  1.000000e+000 -1.110223e-016
    outer loop
      vertex -7.500000e-001  0.000000e+000 -7.500000e-001
      vertex -7.500000e-001  1.665335e-016  7.500000e-001
      vertex -3.710526e-001  4.207161e-017 -7.500000e-001
    endloop
  endfacet
  facet normal -1.110223e-016  1.000000e+000 -1.110223e-016
    outer loop
      vertex -3.710526e-001  4.207161e-017 -7.500000e-001
      vertex -7.500000e-001  1.665335e-016  7.500000e-001
      vertex -3.710526e-001  2.086051e-016  7.500000e-001
    endloop
  endfacet
  facet normal  1.000000e+000  0.000000e+000  0.000000e+000
    outer loop
      vertex -3.710526e-001 -7.500000e-001 -7.500000e-001
      vertex -3.710526e-001  4.207161e-017 -7.500000e-001
      vertex -3.710526e-001 -7.500000e-001  7.500000e-001
    endloop
  endfacet
  facet normal  1.000000e+000  -0.000000e+000  0.000000e+000
    outer loop
      vertex -3.710526e-001 -7.500000e-001  7.500000e-001
      vertex -3.710526e-001  4.207161e-017 -7.500000e-001
      vertex -3.710526e-001  2.086051e-016  7.500000e-001
    endloop
  endfacet
endsolid CATIA STL
