solid CATIA STL
  facet normal  0.000000e+000  1.000000e+000  -0.000000e+000
    outer loop
      vertex  7.500000e-001 -1.809211e-003  6.093750e-001
      vertex  7.500000e-001 -1.809211e-003  3.750000e-001
      vertex  7.427945e-001 -1.809211e-003  3.018411e-001
    endloop
  endfacet
  facet normal  0.000000e+000  1.000000e+000  -0.000000e+000
    outer loop
      vertex  7.500000e-001 -1.809211e-003  6.093750e-001
      vertex  7.427945e-001 -1.809211e-003  3.018411e-001
      vertex  7.214548e-001 -1.809211e-003  2.314937e-001
    endloop
  endfacet
  facet normal  0.000000e+000  1.000000e+000  -0.000000e+000
    outer loop
      vertex  7.500000e-001 -1.809211e-003  6.093750e-001
      vertex  7.214548e-001 -1.809211e-003  2.314937e-001
      vertex  6.868011e-001 -1.809211e-003  1.666612e-001
    endloop
  endfacet
  facet normal  0.000000e+000  1.000000e+000  -0.000000e+000
    outer loop
      vertex  7.500000e-001 -1.809211e-003  6.093750e-001
      vertex  6.868011e-001 -1.809211e-003  1.666612e-001
      vertex  6.401650e-001 -1.809211e-003  1.098350e-001
    endloop
  endfacet
  facet normal  0.000000e+000  1.000000e+000  -0.000000e+000
    outer loop
      vertex  7.500000e-001 -1.809211e-003  6.093750e-001
      vertex  6.401650e-001 -1.809211e-003  1.098350e-001
      vertex  5.833389e-001 -1.809211e-003  6.319889e-002
    endloop
  endfacet
  facet normal  0.000000e+000  9.999999e-001  -0.000000e+000
    outer loop
      vertex  7.500000e-001 -1.809211e-003  6.093750e-001
      vertex  5.833389e-001 -1.809211e-003  6.319889e-002
      vertex  5.185063e-001 -1.809211e-003  2.854517e-002
    endloop
  endfacet
  facet normal  0.000000e+000  1.000000e+000  -0.000000e+000
    outer loop
      vertex  7.500000e-001 -1.809211e-003  6.093750e-001
      vertex  5.185063e-001 -1.809211e-003  2.854517e-002
      vertex  4.481589e-001 -1.809211e-003  7.205520e-003
    endloop
  endfacet
  facet normal  0.000000e+000  1.000000e+000  -0.000000e+000
    outer loop
      vertex  7.500000e-001 -1.809211e-003  6.093750e-001
      vertex  4.481589e-001 -1.809211e-003  7.205520e-003
      vertex  3.750000e-001 -1.809211e-003  0.000000e+000
    endloop
  endfacet
  facet normal  0.000000e+000  1.000000e+000  -0.000000e+000
    outer loop
      vertex  7.500000e-001 -1.809211e-003  6.093750e-001
      vertex  3.750000e-001 -1.809211e-003  0.000000e+000
      vertex  3.018411e-001 -1.809211e-003  7.205520e-003
    endloop
  endfacet
  facet normal  0.000000e+000  1.000000e+000  -0.000000e+000
    outer loop
      vertex  7.500000e-001 -1.809211e-003  6.093750e-001
      vertex  3.018411e-001 -1.809211e-003  7.205520e-003
      vertex  2.314937e-001 -1.809211e-003  2.854517e-002
    endloop
  endfacet
  facet normal  0.000000e+000  1.000000e+000  -0.000000e+000
    outer loop
      vertex  7.500000e-001 -1.809211e-003  6.093750e-001
      vertex  2.314937e-001 -1.809211e-003  2.854517e-002
      vertex  1.666612e-001 -1.809211e-003  6.319889e-002
    endloop
  endfacet
  facet normal  0.000000e+000  1.000000e+000  -0.000000e+000
    outer loop
      vertex  7.500000e-001 -1.809211e-003  6.093750e-001
      vertex  1.666612e-001 -1.809211e-003  6.319889e-002
      vertex  1.098350e-001 -1.809211e-003  1.098350e-001
    endloop
  endfacet
  facet normal  0.000000e+000  1.000000e+000  -0.000000e+000
    outer loop
      vertex  7.500000e-001 -1.809211e-003  6.093750e-001
      vertex  1.098350e-001 -1.809211e-003  1.098350e-001
      vertex  6.319889e-002 -1.809211e-003  1.666612e-001
    endloop
  endfacet
  facet normal  0.000000e+000  1.000000e+000  -0.000000e+000
    outer loop
      vertex  7.500000e-001 -1.809211e-003  6.093750e-001
      vertex  6.319889e-002 -1.809211e-003  1.666612e-001
      vertex  2.854517e-002 -1.809211e-003  2.314937e-001
    endloop
  endfacet
  facet normal  0.000000e+000  9.999999e-001  -0.000000e+000
    outer loop
      vertex  7.500000e-001 -1.809211e-003  6.093750e-001
      vertex  2.854517e-002 -1.809211e-003  2.314937e-001
      vertex  7.205520e-003 -1.809211e-003  3.018411e-001
    endloop
  endfacet
  facet normal  0.000000e+000  1.000000e+000  -0.000000e+000
    outer loop
      vertex  7.500000e-001 -1.809211e-003  6.093750e-001
      vertex  7.205520e-003 -1.809211e-003  3.018411e-001
      vertex  0.000000e+000 -1.809211e-003  3.750000e-001
    endloop
  endfacet
  facet normal  0.000000e+000  1.000000e+000  0.000000e+000
    outer loop
      vertex  7.500000e-001 -1.809211e-003  6.093750e-001
      vertex  0.000000e+000 -1.809211e-003  3.750000e-001
      vertex  0.000000e+000 -1.809211e-003  6.093750e-001
    endloop
  endfacet
  facet normal  0.000000e+000 -1.000000e+000  0.000000e+000
    outer loop
      vertex  0.000000e+000 -5.781250e-001  6.093750e-001
      vertex  0.000000e+000 -5.781250e-001  3.750000e-001
      vertex  7.205520e-003 -5.781250e-001  3.018411e-001
    endloop
  endfacet
  facet normal  0.000000e+000 -1.000000e+000  0.000000e+000
    outer loop
      vertex  0.000000e+000 -5.781250e-001  6.093750e-001
      vertex  7.205520e-003 -5.781250e-001  3.018411e-001
      vertex  2.854517e-002 -5.781250e-001  2.314937e-001
    endloop
  endfacet
  facet normal  0.000000e+000 -1.000000e+000  0.000000e+000
    outer loop
      vertex  0.000000e+000 -5.781250e-001  6.093750e-001
      vertex  2.854517e-002 -5.781250e-001  2.314937e-001
      vertex  6.319889e-002 -5.781250e-001  1.666612e-001
    endloop
  endfacet
  facet normal  0.000000e+000 -1.000000e+000  0.000000e+000
    outer loop
      vertex  0.000000e+000 -5.781250e-001  6.093750e-001
      vertex  6.319889e-002 -5.781250e-001  1.666612e-001
      vertex  1.098350e-001 -5.781250e-001  1.098350e-001
    endloop
  endfacet
  facet normal  0.000000e+000 -1.000000e+000  0.000000e+000
    outer loop
      vertex  0.000000e+000 -5.781250e-001  6.093750e-001
      vertex  1.098350e-001 -5.781250e-001  1.098350e-001
      vertex  1.666612e-001 -5.781250e-001  6.319889e-002
    endloop
  endfacet
  facet normal  0.000000e+000 -1.000000e+000  0.000000e+000
    outer loop
      vertex  0.000000e+000 -5.781250e-001  6.093750e-001
      vertex  1.666612e-001 -5.781250e-001  6.319889e-002
      vertex  2.314937e-001 -5.781250e-001  2.854517e-002
    endloop
  endfacet
  facet normal  0.000000e+000 -1.000000e+000  0.000000e+000
    outer loop
      vertex  0.000000e+000 -5.781250e-001  6.093750e-001
      vertex  2.314937e-001 -5.781250e-001  2.854517e-002
      vertex  3.018411e-001 -5.781250e-001  7.205520e-003
    endloop
  endfacet
  facet normal  0.000000e+000 -1.000000e+000  0.000000e+000
    outer loop
      vertex  0.000000e+000 -5.781250e-001  6.093750e-001
      vertex  3.018411e-001 -5.781250e-001  7.205520e-003
      vertex  3.750000e-001 -5.781250e-001  0.000000e+000
    endloop
  endfacet
  facet normal  0.000000e+000 -1.000000e+000  0.000000e+000
    outer loop
      vertex  0.000000e+000 -5.781250e-001  6.093750e-001
      vertex  3.750000e-001 -5.781250e-001  0.000000e+000
      vertex  4.481589e-001 -5.781250e-001  7.205520e-003
    endloop
  endfacet
  facet normal  0.000000e+000 -1.000000e+000  0.000000e+000
    outer loop
      vertex  0.000000e+000 -5.781250e-001  6.093750e-001
      vertex  4.481589e-001 -5.781250e-001  7.205520e-003
      vertex  5.185063e-001 -5.781250e-001  2.854517e-002
    endloop
  endfacet
  facet normal  0.000000e+000 -9.999999e-001  0.000000e+000
    outer loop
      vertex  0.000000e+000 -5.781250e-001  6.093750e-001
      vertex  5.185063e-001 -5.781250e-001  2.854517e-002
      vertex  5.833389e-001 -5.781250e-001  6.319889e-002
    endloop
  endfacet
  facet normal  0.000000e+000 -1.000000e+000  0.000000e+000
    outer loop
      vertex  0.000000e+000 -5.781250e-001  6.093750e-001
      vertex  5.833389e-001 -5.781250e-001  6.319889e-002
      vertex  6.401650e-001 -5.781250e-001  1.098350e-001
    endloop
  endfacet
  facet normal  0.000000e+000 -1.000000e+000  0.000000e+000
    outer loop
      vertex  0.000000e+000 -5.781250e-001  6.093750e-001
      vertex  6.401650e-001 -5.781250e-001  1.098350e-001
      vertex  6.868011e-001 -5.781250e-001  1.666612e-001
    endloop
  endfacet
  facet normal  0.000000e+000 -1.000000e+000  0.000000e+000
    outer loop
      vertex  0.000000e+000 -5.781250e-001  6.093750e-001
      vertex  6.868011e-001 -5.781250e-001  1.666612e-001
      vertex  7.214548e-001 -5.781250e-001  2.314937e-001
    endloop
  endfacet
  facet normal  0.000000e+000 -9.999999e-001  0.000000e+000
    outer loop
      vertex  0.000000e+000 -5.781250e-001  6.093750e-001
      vertex  7.214548e-001 -5.781250e-001  2.314937e-001
      vertex  7.427945e-001 -5.781250e-001  3.018411e-001
    endloop
  endfacet
  facet normal  0.000000e+000 -9.999999e-001  0.000000e+000
    outer loop
      vertex  0.000000e+000 -5.781250e-001  6.093750e-001
      vertex  7.427945e-001 -5.781250e-001  3.018411e-001
      vertex  7.500000e-001 -5.781250e-001  3.750000e-001
    endloop
  endfacet
  facet normal  0.000000e+000 -1.000000e+000  0.000000e+000
    outer loop
      vertex  0.000000e+000 -5.781250e-001  6.093750e-001
      vertex  7.500000e-001 -5.781250e-001  3.750000e-001
      vertex  7.500000e-001 -5.781250e-001  6.093750e-001
    endloop
  endfacet
  facet normal  1.000000e+000  0.000000e+000  0.000000e+000
    outer loop
      vertex  7.500000e-001 -5.781250e-001  3.750000e-001
      vertex  7.500000e-001 -1.809211e-003  3.750000e-001
      vertex  7.500000e-001 -5.781250e-001  6.093750e-001
    endloop
  endfacet
  facet normal  1.000000e+000  -0.000000e+000  0.000000e+000
    outer loop
      vertex  7.500000e-001 -5.781250e-001  6.093750e-001
      vertex  7.500000e-001 -1.809211e-003  3.750000e-001
      vertex  7.500000e-001 -1.809211e-003  6.093750e-001
    endloop
  endfacet
  facet normal -9.801716e-002  0.000000e+000 -9.951847e-001
    outer loop
      vertex  3.750000e-001 -1.809211e-003  0.000000e+000
      vertex  3.750000e-001 -5.781250e-001  0.000000e+000
      vertex  3.018411e-001 -1.809211e-003  7.205520e-003
    endloop
  endfacet
  facet normal -9.801716e-002  -0.000000e+000 -9.951847e-001
    outer loop
      vertex  3.018411e-001 -1.809211e-003  7.205520e-003
      vertex  3.750000e-001 -5.781250e-001  0.000000e+000
      vertex  3.018411e-001 -5.781250e-001  7.205520e-003
    endloop
  endfacet
  facet normal -2.902846e-001  0.000000e+000 -9.569403e-001
    outer loop
      vertex  3.018411e-001 -1.809211e-003  7.205520e-003
      vertex  3.018411e-001 -5.781250e-001  7.205520e-003
      vertex  2.314937e-001 -1.809211e-003  2.854517e-002
    endloop
  endfacet
  facet normal -2.902846e-001  -0.000000e+000 -9.569403e-001
    outer loop
      vertex  2.314937e-001 -1.809211e-003  2.854517e-002
      vertex  3.018411e-001 -5.781250e-001  7.205520e-003
      vertex  2.314937e-001 -5.781250e-001  2.854517e-002
    endloop
  endfacet
  facet normal -4.713967e-001  0.000000e+000 -8.819212e-001
    outer loop
      vertex  2.314937e-001 -1.809211e-003  2.854517e-002
      vertex  2.314937e-001 -5.781250e-001  2.854517e-002
      vertex  1.666612e-001 -1.809211e-003  6.319889e-002
    endloop
  endfacet
  facet normal -4.713967e-001  -0.000000e+000 -8.819212e-001
    outer loop
      vertex  1.666612e-001 -1.809211e-003  6.319889e-002
      vertex  2.314937e-001 -5.781250e-001  2.854517e-002
      vertex  1.666612e-001 -5.781250e-001  6.319889e-002
    endloop
  endfacet
  facet normal -6.343933e-001  0.000000e+000 -7.730105e-001
    outer loop
      vertex  1.666612e-001 -1.809211e-003  6.319889e-002
      vertex  1.666612e-001 -5.781250e-001  6.319889e-002
      vertex  1.098350e-001 -1.809211e-003  1.098350e-001
    endloop
  endfacet
  facet normal -6.343933e-001  -0.000000e+000 -7.730105e-001
    outer loop
      vertex  1.098350e-001 -1.809211e-003  1.098350e-001
      vertex  1.666612e-001 -5.781250e-001  6.319889e-002
      vertex  1.098350e-001 -5.781250e-001  1.098350e-001
    endloop
  endfacet
  facet normal -7.730105e-001  0.000000e+000 -6.343933e-001
    outer loop
      vertex  1.098350e-001 -1.809211e-003  1.098350e-001
      vertex  1.098350e-001 -5.781250e-001  1.098350e-001
      vertex  6.319889e-002 -1.809211e-003  1.666612e-001
    endloop
  endfacet
  facet normal -7.730105e-001  -0.000000e+000 -6.343933e-001
    outer loop
      vertex  6.319889e-002 -1.809211e-003  1.666612e-001
      vertex  1.098350e-001 -5.781250e-001  1.098350e-001
      vertex  6.319889e-002 -5.781250e-001  1.666612e-001
    endloop
  endfacet
  facet normal -8.819212e-001  0.000000e+000 -4.713967e-001
    outer loop
      vertex  6.319889e-002 -1.809211e-003  1.666612e-001
      vertex  6.319889e-002 -5.781250e-001  1.666612e-001
      vertex  2.854517e-002 -1.809211e-003  2.314937e-001
    endloop
  endfacet
  facet normal -8.819212e-001  -0.000000e+000 -4.713967e-001
    outer loop
      vertex  2.854517e-002 -1.809211e-003  2.314937e-001
      vertex  6.319889e-002 -5.781250e-001  1.666612e-001
      vertex  2.854517e-002 -5.781250e-001  2.314937e-001
    endloop
  endfacet
  facet normal -9.569403e-001  0.000000e+000 -2.902846e-001
    outer loop
      vertex  2.854517e-002 -1.809211e-003  2.314937e-001
      vertex  2.854517e-002 -5.781250e-001  2.314937e-001
      vertex  7.205520e-003 -1.809211e-003  3.018411e-001
    endloop
  endfacet
  facet normal -9.569403e-001  -0.000000e+000 -2.902846e-001
    outer loop
      vertex  7.205520e-003 -1.809211e-003  3.018411e-001
      vertex  2.854517e-002 -5.781250e-001  2.314937e-001
      vertex  7.205520e-003 -5.781250e-001  3.018411e-001
    endloop
  endfacet
  facet normal -9.951847e-001  0.000000e+000 -9.801716e-002
    outer loop
      vertex  7.205520e-003 -1.809211e-003  3.018411e-001
      vertex  7.205520e-003 -5.781250e-001  3.018411e-001
      vertex  0.000000e+000 -1.809211e-003  3.750000e-001
    endloop
  endfacet
  facet normal -9.951847e-001  -0.000000e+000 -9.801716e-002
    outer loop
      vertex  0.000000e+000 -1.809211e-003  3.750000e-001
      vertex  7.205520e-003 -5.781250e-001  3.018411e-001
      vertex  0.000000e+000 -5.781250e-001  3.750000e-001
    endloop
  endfacet
  facet normal  9.801716e-002  0.000000e+000 -9.951847e-001
    outer loop
      vertex  3.750000e-001 -5.781250e-001  0.000000e+000
      vertex  3.750000e-001 -1.809211e-003  0.000000e+000
      vertex  4.481589e-001 -5.781250e-001  7.205520e-003
    endloop
  endfacet
  facet normal  9.801716e-002  0.000000e+000 -9.951847e-001
    outer loop
      vertex  4.481589e-001 -5.781250e-001  7.205520e-003
      vertex  3.750000e-001 -1.809211e-003  0.000000e+000
      vertex  4.481589e-001 -1.809211e-003  7.205520e-003
    endloop
  endfacet
  facet normal  2.902846e-001  0.000000e+000 -9.569403e-001
    outer loop
      vertex  4.481589e-001 -5.781250e-001  7.205520e-003
      vertex  4.481589e-001 -1.809211e-003  7.205520e-003
      vertex  5.185063e-001 -5.781250e-001  2.854517e-002
    endloop
  endfacet
  facet normal  2.902846e-001  0.000000e+000 -9.569403e-001
    outer loop
      vertex  5.185063e-001 -5.781250e-001  2.854517e-002
      vertex  4.481589e-001 -1.809211e-003  7.205520e-003
      vertex  5.185063e-001 -1.809211e-003  2.854517e-002
    endloop
  endfacet
  facet normal  4.713966e-001  0.000000e+000 -8.819213e-001
    outer loop
      vertex  5.185063e-001 -5.781250e-001  2.854517e-002
      vertex  5.185063e-001 -1.809211e-003  2.854517e-002
      vertex  5.833389e-001 -5.781250e-001  6.319889e-002
    endloop
  endfacet
  facet normal  4.713966e-001  0.000000e+000 -8.819213e-001
    outer loop
      vertex  5.833389e-001 -5.781250e-001  6.319889e-002
      vertex  5.185063e-001 -1.809211e-003  2.854517e-002
      vertex  5.833389e-001 -1.809211e-003  6.319889e-002
    endloop
  endfacet
  facet normal  6.343935e-001  0.000000e+000 -7.730103e-001
    outer loop
      vertex  5.833389e-001 -5.781250e-001  6.319889e-002
      vertex  5.833389e-001 -1.809211e-003  6.319889e-002
      vertex  6.401650e-001 -5.781250e-001  1.098350e-001
    endloop
  endfacet
  facet normal  6.343935e-001  0.000000e+000 -7.730103e-001
    outer loop
      vertex  6.401650e-001 -5.781250e-001  1.098350e-001
      vertex  5.833389e-001 -1.809211e-003  6.319889e-002
      vertex  6.401650e-001 -1.809211e-003  1.098350e-001
    endloop
  endfacet
  facet normal  7.730106e-001  0.000000e+000 -6.343932e-001
    outer loop
      vertex  6.401650e-001 -5.781250e-001  1.098350e-001
      vertex  6.401650e-001 -1.809211e-003  1.098350e-001
      vertex  6.868011e-001 -5.781250e-001  1.666612e-001
    endloop
  endfacet
  facet normal  7.730106e-001  0.000000e+000 -6.343932e-001
    outer loop
      vertex  6.868011e-001 -5.781250e-001  1.666612e-001
      vertex  6.401650e-001 -1.809211e-003  1.098350e-001
      vertex  6.868011e-001 -1.809211e-003  1.666612e-001
    endloop
  endfacet
  facet normal  8.819212e-001  0.000000e+000 -4.713967e-001
    outer loop
      vertex  6.868011e-001 -5.781250e-001  1.666612e-001
      vertex  6.868011e-001 -1.809211e-003  1.666612e-001
      vertex  7.214548e-001 -5.781250e-001  2.314937e-001
    endloop
  endfacet
  facet normal  8.819212e-001  0.000000e+000 -4.713967e-001
    outer loop
      vertex  7.214548e-001 -5.781250e-001  2.314937e-001
      vertex  6.868011e-001 -1.809211e-003  1.666612e-001
      vertex  7.214548e-001 -1.809211e-003  2.314937e-001
    endloop
  endfacet
  facet normal  9.569403e-001  0.000000e+000 -2.902846e-001
    outer loop
      vertex  7.214548e-001 -5.781250e-001  2.314937e-001
      vertex  7.214548e-001 -1.809211e-003  2.314937e-001
      vertex  7.427945e-001 -5.781250e-001  3.018411e-001
    endloop
  endfacet
  facet normal  9.569403e-001  0.000000e+000 -2.902846e-001
    outer loop
      vertex  7.427945e-001 -5.781250e-001  3.018411e-001
      vertex  7.214548e-001 -1.809211e-003  2.314937e-001
      vertex  7.427945e-001 -1.809211e-003  3.018411e-001
    endloop
  endfacet
  facet normal  9.951847e-001  0.000000e+000 -9.801751e-002
    outer loop
      vertex  7.427945e-001 -5.781250e-001  3.018411e-001
      vertex  7.427945e-001 -1.809211e-003  3.018411e-001
      vertex  7.500000e-001 -5.781250e-001  3.750000e-001
    endloop
  endfacet
  facet normal  9.951847e-001  0.000000e+000 -9.801751e-002
    outer loop
      vertex  7.500000e-001 -5.781250e-001  3.750000e-001
      vertex  7.427945e-001 -1.809211e-003  3.018411e-001
      vertex  7.500000e-001 -1.809211e-003  3.750000e-001
    endloop
  endfacet
  facet normal -1.000000e+000  0.000000e+000  0.000000e+000
    outer loop
      vertex  0.000000e+000 -1.809211e-003  3.750000e-001
      vertex  0.000000e+000 -5.781250e-001  3.750000e-001
      vertex  0.000000e+000 -1.809211e-003  6.093750e-001
    endloop
  endfacet
  facet normal -1.000000e+000  -0.000000e+000  0.000000e+000
    outer loop
      vertex  0.000000e+000 -1.809211e-003  6.093750e-001
      vertex  0.000000e+000 -5.781250e-001  3.750000e-001
      vertex  0.000000e+000 -5.781250e-001  6.093750e-001
    endloop
  endfacet
  facet normal  0.000000e+000  0.000000e+000  1.000000e+000
    outer loop
      vertex  0.000000e+000 -5.781250e-001  6.093750e-001
      vertex  7.500000e-001 -5.781250e-001  6.093750e-001
      vertex  0.000000e+000 -1.809211e-003  6.093750e-001
    endloop
  endfacet
  facet normal  -0.000000e+000  0.000000e+000  1.000000e+000
    outer loop
      vertex  0.000000e+000 -1.809211e-003  6.093750e-001
      vertex  7.500000e-001 -5.781250e-001  6.093750e-001
      vertex  7.500000e-001 -1.809211e-003  6.093750e-001
    endloop
  endfacet
endsolid CATIA STL
