solid CATIA STL
  facet normal  -0.000000e+000  -0.000000e+000  1.000000e+000
    outer loop
      vertex -7.184210e-001 -5.621710e-001  1.093750e-001
      vertex -7.154188e-001 -5.926539e-001  1.093750e-001
      vertex -7.065272e-001 -6.219653e-001  1.093750e-001
    endloop
  endfacet
  facet normal  -0.000000e+000  -0.000000e+000  1.000000e+000
    outer loop
      vertex -7.184210e-001 -5.621710e-001  1.093750e-001
      vertex -7.065272e-001 -6.219653e-001  1.093750e-001
      vertex -6.920882e-001 -6.489789e-001  1.093750e-001
    endloop
  endfacet
  facet normal  -0.000000e+000  -0.000000e+000  1.000000e+000
    outer loop
      vertex -7.184210e-001 -5.621710e-001  1.093750e-001
      vertex -6.920882e-001 -6.489789e-001  1.093750e-001
      vertex -6.726565e-001 -6.726565e-001  1.093750e-001
    endloop
  endfacet
  facet normal  -0.000000e+000  -0.000000e+000  1.000000e+000
    outer loop
      vertex -7.184210e-001 -5.621710e-001  1.093750e-001
      vertex -6.726565e-001 -6.726565e-001  1.093750e-001
      vertex -6.489789e-001 -6.920882e-001  1.093750e-001
    endloop
  endfacet
  facet normal  -0.000000e+000  -0.000000e+000  1.000000e+000
    outer loop
      vertex -7.184210e-001 -5.621710e-001  1.093750e-001
      vertex -6.489789e-001 -6.920882e-001  1.093750e-001
      vertex -6.219653e-001 -7.065272e-001  1.093750e-001
    endloop
  endfacet
  facet normal  -0.000000e+000  -0.000000e+000  1.000000e+000
    outer loop
      vertex -7.184210e-001 -5.621710e-001  1.093750e-001
      vertex -6.219653e-001 -7.065272e-001  1.093750e-001
      vertex -5.926539e-001 -7.154188e-001  1.093750e-001
    endloop
  endfacet
  facet normal  -0.000000e+000  -0.000000e+000  9.999999e-001
    outer loop
      vertex -7.184210e-001 -5.621710e-001  1.093750e-001
      vertex -5.926539e-001 -7.154188e-001  1.093750e-001
      vertex -5.621710e-001 -7.184210e-001  1.093750e-001
    endloop
  endfacet
  facet normal  0.000000e+000  -0.000000e+000  1.000000e+000
    outer loop
      vertex -7.184210e-001 -5.621710e-001  1.093750e-001
      vertex -5.621710e-001 -7.184210e-001  1.093750e-001
      vertex  7.184210e-001 -7.184210e-001  1.093750e-001
    endloop
  endfacet
  facet normal  0.000000e+000  -0.000000e+000  1.000000e+000
    outer loop
      vertex -7.184210e-001 -5.621710e-001  1.093750e-001
      vertex  7.184210e-001 -7.184210e-001  1.093750e-001
      vertex  7.184210e-001  7.184210e-001  1.093750e-001
    endloop
  endfacet
  facet normal  0.000000e+000  0.000000e+000  9.999999e-001
    outer loop
      vertex -7.184210e-001 -5.621710e-001  1.093750e-001
      vertex  7.184210e-001  7.184210e-001  1.093750e-001
      vertex -7.184210e-001  7.184210e-001  1.093750e-001
    endloop
  endfacet
  facet normal  0.000000e+000  0.000000e+000 -9.999999e-001
    outer loop
      vertex -7.184210e-001 -5.621710e-001  0.000000e+000
      vertex -7.184210e-001  7.184210e-001  0.000000e+000
      vertex  7.184210e-001  7.184210e-001  0.000000e+000
    endloop
  endfacet
  facet normal  0.000000e+000  -0.000000e+000 -1.000000e+000
    outer loop
      vertex -7.184210e-001 -5.621710e-001  0.000000e+000
      vertex  7.184210e-001  7.184210e-001  0.000000e+000
      vertex  7.184210e-001 -7.184210e-001  0.000000e+000
    endloop
  endfacet
  facet normal  0.000000e+000  0.000000e+000 -1.000000e+000
    outer loop
      vertex -7.184210e-001 -5.621710e-001  0.000000e+000
      vertex  7.184210e-001 -7.184210e-001  0.000000e+000
      vertex -5.621710e-001 -7.184210e-001  0.000000e+000
    endloop
  endfacet
  facet normal  0.000000e+000  0.000000e+000 -9.999999e-001
    outer loop
      vertex -7.184210e-001 -5.621710e-001  0.000000e+000
      vertex -5.621710e-001 -7.184210e-001  0.000000e+000
      vertex -5.926539e-001 -7.154188e-001  0.000000e+000
    endloop
  endfacet
  facet normal  0.000000e+000  0.000000e+000 -1.000000e+000
    outer loop
      vertex -7.184210e-001 -5.621710e-001  0.000000e+000
      vertex -5.926539e-001 -7.154188e-001  0.000000e+000
      vertex -6.219653e-001 -7.065272e-001  0.000000e+000
    endloop
  endfacet
  facet normal  0.000000e+000  0.000000e+000 -1.000000e+000
    outer loop
      vertex -7.184210e-001 -5.621710e-001  0.000000e+000
      vertex -6.219653e-001 -7.065272e-001  0.000000e+000
      vertex -6.489789e-001 -6.920882e-001  0.000000e+000
    endloop
  endfacet
  facet normal  0.000000e+000  0.000000e+000 -1.000000e+000
    outer loop
      vertex -7.184210e-001 -5.621710e-001  0.000000e+000
      vertex -6.489789e-001 -6.920882e-001  0.000000e+000
      vertex -6.726565e-001 -6.726565e-001  0.000000e+000
    endloop
  endfacet
  facet normal  0.000000e+000  0.000000e+000 -1.000000e+000
    outer loop
      vertex -7.184210e-001 -5.621710e-001  0.000000e+000
      vertex -6.726565e-001 -6.726565e-001  0.000000e+000
      vertex -6.920882e-001 -6.489789e-001  0.000000e+000
    endloop
  endfacet
  facet normal  0.000000e+000  0.000000e+000 -1.000000e+000
    outer loop
      vertex -7.184210e-001 -5.621710e-001  0.000000e+000
      vertex -6.920882e-001 -6.489789e-001  0.000000e+000
      vertex -7.065272e-001 -6.219653e-001  0.000000e+000
    endloop
  endfacet
  facet normal  0.000000e+000  0.000000e+000 -1.000000e+000
    outer loop
      vertex -7.184210e-001 -5.621710e-001  0.000000e+000
      vertex -7.065272e-001 -6.219653e-001  0.000000e+000
      vertex -7.154188e-001 -5.926539e-001  0.000000e+000
    endloop
  endfacet
  facet normal -1.000000e+000  0.000000e+000  0.000000e+000
    outer loop
      vertex -7.184210e-001  7.184210e-001  1.093750e-001
      vertex -7.184210e-001  7.184210e-001  0.000000e+000
      vertex -7.184210e-001 -5.621710e-001  1.093750e-001
    endloop
  endfacet
  facet normal -1.000000e+000  0.000000e+000  0.000000e+000
    outer loop
      vertex -7.184210e-001 -5.621710e-001  1.093750e-001
      vertex -7.184210e-001  7.184210e-001  0.000000e+000
      vertex -7.184210e-001 -5.621710e-001  0.000000e+000
    endloop
  endfacet
  facet normal  0.000000e+000 -1.000000e+000  0.000000e+000
    outer loop
      vertex -5.621710e-001 -7.184210e-001  1.093750e-001
      vertex -5.621710e-001 -7.184210e-001  0.000000e+000
      vertex  7.184210e-001 -7.184210e-001  1.093750e-001
    endloop
  endfacet
  facet normal  0.000000e+000 -1.000000e+000  -0.000000e+000
    outer loop
      vertex  7.184210e-001 -7.184210e-001  1.093750e-001
      vertex -5.621710e-001 -7.184210e-001  0.000000e+000
      vertex  7.184210e-001 -7.184210e-001  0.000000e+000
    endloop
  endfacet
  facet normal -9.801660e-002 -9.951848e-001  -0.000000e+000
    outer loop
      vertex -5.621710e-001 -7.184210e-001  0.000000e+000
      vertex -5.621710e-001 -7.184210e-001  1.093750e-001
      vertex -5.926539e-001 -7.154188e-001  0.000000e+000
    endloop
  endfacet
  facet normal -9.801660e-002 -9.951848e-001  0.000000e+000
    outer loop
      vertex -5.926539e-001 -7.154188e-001  0.000000e+000
      vertex -5.621710e-001 -7.184210e-001  1.093750e-001
      vertex -5.926539e-001 -7.154188e-001  1.093750e-001
    endloop
  endfacet
  facet normal -2.902847e-001 -9.569403e-001  -0.000000e+000
    outer loop
      vertex -5.926539e-001 -7.154188e-001  0.000000e+000
      vertex -5.926539e-001 -7.154188e-001  1.093750e-001
      vertex -6.219653e-001 -7.065272e-001  0.000000e+000
    endloop
  endfacet
  facet normal -2.902847e-001 -9.569403e-001  0.000000e+000
    outer loop
      vertex -6.219653e-001 -7.065272e-001  0.000000e+000
      vertex -5.926539e-001 -7.154188e-001  1.093750e-001
      vertex -6.219653e-001 -7.065272e-001  1.093750e-001
    endloop
  endfacet
  facet normal -4.713969e-001 -8.819211e-001  -0.000000e+000
    outer loop
      vertex -6.219653e-001 -7.065272e-001  0.000000e+000
      vertex -6.219653e-001 -7.065272e-001  1.093750e-001
      vertex -6.489789e-001 -6.920882e-001  0.000000e+000
    endloop
  endfacet
  facet normal -4.713969e-001 -8.819211e-001  0.000000e+000
    outer loop
      vertex -6.489789e-001 -6.920882e-001  0.000000e+000
      vertex -6.219653e-001 -7.065272e-001  1.093750e-001
      vertex -6.489789e-001 -6.920882e-001  1.093750e-001
    endloop
  endfacet
  facet normal -6.343936e-001 -7.730101e-001  -0.000000e+000
    outer loop
      vertex -6.489789e-001 -6.920882e-001  0.000000e+000
      vertex -6.489789e-001 -6.920882e-001  1.093750e-001
      vertex -6.726565e-001 -6.726565e-001  0.000000e+000
    endloop
  endfacet
  facet normal -6.343936e-001 -7.730101e-001  0.000000e+000
    outer loop
      vertex -6.726565e-001 -6.726565e-001  0.000000e+000
      vertex -6.489789e-001 -6.920882e-001  1.093750e-001
      vertex -6.726565e-001 -6.726565e-001  1.093750e-001
    endloop
  endfacet
  facet normal -7.730101e-001 -6.343936e-001  -0.000000e+000
    outer loop
      vertex -6.726565e-001 -6.726565e-001  0.000000e+000
      vertex -6.726565e-001 -6.726565e-001  1.093750e-001
      vertex -6.920882e-001 -6.489789e-001  0.000000e+000
    endloop
  endfacet
  facet normal -7.730101e-001 -6.343936e-001  0.000000e+000
    outer loop
      vertex -6.920882e-001 -6.489789e-001  0.000000e+000
      vertex -6.726565e-001 -6.726565e-001  1.093750e-001
      vertex -6.920882e-001 -6.489789e-001  1.093750e-001
    endloop
  endfacet
  facet normal -8.819211e-001 -4.713969e-001  -0.000000e+000
    outer loop
      vertex -6.920882e-001 -6.489789e-001  0.000000e+000
      vertex -6.920882e-001 -6.489789e-001  1.093750e-001
      vertex -7.065272e-001 -6.219653e-001  0.000000e+000
    endloop
  endfacet
  facet normal -8.819211e-001 -4.713969e-001  0.000000e+000
    outer loop
      vertex -7.065272e-001 -6.219653e-001  0.000000e+000
      vertex -6.920882e-001 -6.489789e-001  1.093750e-001
      vertex -7.065272e-001 -6.219653e-001  1.093750e-001
    endloop
  endfacet
  facet normal -9.569403e-001 -2.902847e-001  -0.000000e+000
    outer loop
      vertex -7.065272e-001 -6.219653e-001  0.000000e+000
      vertex -7.065272e-001 -6.219653e-001  1.093750e-001
      vertex -7.154188e-001 -5.926539e-001  0.000000e+000
    endloop
  endfacet
  facet normal -9.569403e-001 -2.902847e-001  0.000000e+000
    outer loop
      vertex -7.154188e-001 -5.926539e-001  0.000000e+000
      vertex -7.065272e-001 -6.219653e-001  1.093750e-001
      vertex -7.154188e-001 -5.926539e-001  1.093750e-001
    endloop
  endfacet
  facet normal -9.951848e-001 -9.801660e-002  -0.000000e+000
    outer loop
      vertex -7.154188e-001 -5.926539e-001  0.000000e+000
      vertex -7.154188e-001 -5.926539e-001  1.093750e-001
      vertex -7.184210e-001 -5.621710e-001  0.000000e+000
    endloop
  endfacet
  facet normal -9.951848e-001 -9.801660e-002  0.000000e+000
    outer loop
      vertex -7.184210e-001 -5.621710e-001  0.000000e+000
      vertex -7.154188e-001 -5.926539e-001  1.093750e-001
      vertex -7.184210e-001 -5.621710e-001  1.093750e-001
    endloop
  endfacet
  facet normal  0.000000e+000  1.000000e+000  -0.000000e+000
    outer loop
      vertex  7.184210e-001  7.184210e-001  1.093750e-001
      vertex  7.184210e-001  7.184210e-001  0.000000e+000
      vertex -7.184210e-001  7.184210e-001  1.093750e-001
    endloop
  endfacet
  facet normal  0.000000e+000  1.000000e+000  0.000000e+000
    outer loop
      vertex -7.184210e-001  7.184210e-001  1.093750e-001
      vertex  7.184210e-001  7.184210e-001  0.000000e+000
      vertex -7.184210e-001  7.184210e-001  0.000000e+000
    endloop
  endfacet
  facet normal  1.000000e+000  0.000000e+000  0.000000e+000
    outer loop
      vertex  7.184210e-001 -7.184210e-001  1.093750e-001
      vertex  7.184210e-001 -7.184210e-001  0.000000e+000
      vertex  7.184210e-001  7.184210e-001  1.093750e-001
    endloop
  endfacet
  facet normal  1.000000e+000  0.000000e+000  0.000000e+000
    outer loop
      vertex  7.184210e-001  7.184210e-001  1.093750e-001
      vertex  7.184210e-001 -7.184210e-001  0.000000e+000
      vertex  7.184210e-001  7.184210e-001  0.000000e+000
    endloop
  endfacet
endsolid CATIA STL
