solid CATIA STL
  facet normal  0.000000e+000 -1.000000e+000  0.000000e+000
    outer loop
      vertex -7.187500e-001 -7.187500e-001  7.265625e-001
      vertex -7.187500e-001 -7.187500e-001 -7.187500e-001
      vertex  7.265625e-001 -7.187500e-001 -7.187500e-001
    endloop
  endfacet
  facet normal  0.000000e+000 -1.000000e+000  0.000000e+000
    outer loop
      vertex -7.187500e-001 -7.187500e-001  7.265625e-001
      vertex  7.265625e-001 -7.187500e-001 -7.187500e-001
      vertex  7.265625e-001 -7.187500e-001  6.015625e-001
    endloop
  endfacet
  facet normal  0.000000e+000 -1.000000e+000  0.000000e+000
    outer loop
      vertex -7.187500e-001 -7.187500e-001  7.265625e-001
      vertex  7.265625e-001 -7.187500e-001  6.015625e-001
      vertex  7.241607e-001 -7.187500e-001  6.259488e-001
    endloop
  endfacet
  facet normal  0.000000e+000 -1.000000e+000  0.000000e+000
    outer loop
      vertex -7.187500e-001 -7.187500e-001  7.265625e-001
      vertex  7.241607e-001 -7.187500e-001  6.259488e-001
      vertex  7.170475e-001 -7.187500e-001  6.493979e-001
    endloop
  endfacet
  facet normal  0.000000e+000 -1.000000e+000  0.000000e+000
    outer loop
      vertex -7.187500e-001 -7.187500e-001  7.265625e-001
      vertex  7.170475e-001 -7.187500e-001  6.493979e-001
      vertex  7.054962e-001 -7.187500e-001  6.710088e-001
    endloop
  endfacet
  facet normal  0.000000e+000 -1.000000e+000  0.000000e+000
    outer loop
      vertex -7.187500e-001 -7.187500e-001  7.265625e-001
      vertex  7.054962e-001 -7.187500e-001  6.710088e-001
      vertex  6.899508e-001 -7.187500e-001  6.899508e-001
    endloop
  endfacet
  facet normal  0.000000e+000 -9.999999e-001  0.000000e+000
    outer loop
      vertex -7.187500e-001 -7.187500e-001  7.265625e-001
      vertex  6.899508e-001 -7.187500e-001  6.899508e-001
      vertex  6.710088e-001 -7.187500e-001  7.054962e-001
    endloop
  endfacet
  facet normal  0.000000e+000 -1.000000e+000  0.000000e+000
    outer loop
      vertex -7.187500e-001 -7.187500e-001  7.265625e-001
      vertex  6.710088e-001 -7.187500e-001  7.054962e-001
      vertex  6.493979e-001 -7.187500e-001  7.170475e-001
    endloop
  endfacet
  facet normal  0.000000e+000 -1.000000e+000  0.000000e+000
    outer loop
      vertex -7.187500e-001 -7.187500e-001  7.265625e-001
      vertex  6.493979e-001 -7.187500e-001  7.170475e-001
      vertex  6.259488e-001 -7.187500e-001  7.241607e-001
    endloop
  endfacet
  facet normal  0.000000e+000 -1.000000e+000  0.000000e+000
    outer loop
      vertex -7.187500e-001 -7.187500e-001  7.265625e-001
      vertex  6.259488e-001 -7.187500e-001  7.241607e-001
      vertex  6.015625e-001 -7.187500e-001  7.265625e-001
    endloop
  endfacet
  facet normal -1.110223e-016  1.000000e+000 -1.110278e-016
    outer loop
      vertex -7.187500e-001  1.604619e-016  7.265625e-001
      vertex  6.015625e-001  3.070461e-016  7.265625e-001
      vertex  6.259488e-001  3.094868e-016  7.241607e-001
    endloop
  endfacet
  facet normal -1.110223e-016  9.999999e-001 -1.110213e-016
    outer loop
      vertex -7.187500e-001  1.604619e-016  7.265625e-001
      vertex  6.259488e-001  3.094868e-016  7.241607e-001
      vertex  6.493979e-001  3.113005e-016  7.170475e-001
    endloop
  endfacet
  facet normal -1.110223e-016  1.000000e+000 -1.110223e-016
    outer loop
      vertex -7.187500e-001  1.604619e-016  7.265625e-001
      vertex  6.493979e-001  3.113005e-016  7.170475e-001
      vertex  6.710088e-001  3.124173e-016  7.054962e-001
    endloop
  endfacet
  facet normal -1.110223e-016  9.999999e-001 -1.110219e-016
    outer loop
      vertex -7.187500e-001  1.604619e-016  7.265625e-001
      vertex  6.710088e-001  3.124173e-016  7.054962e-001
      vertex  6.899508e-001  3.127944e-016  6.899508e-001
    endloop
  endfacet
  facet normal -1.110223e-016  1.000000e+000 -1.110227e-016
    outer loop
      vertex -7.187500e-001  1.604619e-016  7.265625e-001
      vertex  6.899508e-001  3.127944e-016  6.899508e-001
      vertex  7.054962e-001  3.124173e-016  6.710088e-001
    endloop
  endfacet
  facet normal -1.110223e-016  1.000000e+000 -1.110223e-016
    outer loop
      vertex -7.187500e-001  1.604619e-016  7.265625e-001
      vertex  7.054962e-001  3.124173e-016  6.710088e-001
      vertex  7.170475e-001  3.113005e-016  6.493979e-001
    endloop
  endfacet
  facet normal -1.110223e-016  1.000000e+000 -1.110226e-016
    outer loop
      vertex -7.187500e-001  1.604619e-016  7.265625e-001
      vertex  7.170475e-001  3.113005e-016  6.493979e-001
      vertex  7.241607e-001  3.094868e-016  6.259488e-001
    endloop
  endfacet
  facet normal -1.110223e-016  1.000000e+000 -1.110218e-016
    outer loop
      vertex -7.187500e-001  1.604619e-016  7.265625e-001
      vertex  7.241607e-001  3.094868e-016  6.259488e-001
      vertex  7.265625e-001  3.070461e-016  6.015625e-001
    endloop
  endfacet
  facet normal -1.110223e-016  1.000000e+000 -1.110223e-016
    outer loop
      vertex -7.187500e-001  1.604619e-016  7.265625e-001
      vertex  7.265625e-001  3.070461e-016  6.015625e-001
      vertex  7.265625e-001  1.604619e-016 -7.187500e-001
    endloop
  endfacet
  facet normal -1.110223e-016  1.000000e+000 -1.110223e-016
    outer loop
      vertex -7.187500e-001  1.604619e-016  7.265625e-001
      vertex  7.265625e-001  1.604619e-016 -7.187500e-001
      vertex -7.187500e-001  0.000000e+000 -7.187500e-001
    endloop
  endfacet
  facet normal  0.000000e+000  0.000000e+000  1.000000e+000
    outer loop
      vertex  6.015625e-001 -7.187500e-001  7.265625e-001
      vertex  6.015625e-001  3.070461e-016  7.265625e-001
      vertex -7.187500e-001 -7.187500e-001  7.265625e-001
    endloop
  endfacet
  facet normal  0.000000e+000  0.000000e+000  1.000000e+000
    outer loop
      vertex -7.187500e-001 -7.187500e-001  7.265625e-001
      vertex  6.015625e-001  3.070461e-016  7.265625e-001
      vertex -7.187500e-001  1.604619e-016  7.265625e-001
    endloop
  endfacet
  facet normal  1.000000e+000  0.000000e+000  0.000000e+000
    outer loop
      vertex  7.265625e-001 -7.187500e-001 -7.187500e-001
      vertex  7.265625e-001  1.604619e-016 -7.187500e-001
      vertex  7.265625e-001 -7.187500e-001  6.015625e-001
    endloop
  endfacet
  facet normal  1.000000e+000  -0.000000e+000  0.000000e+000
    outer loop
      vertex  7.265625e-001 -7.187500e-001  6.015625e-001
      vertex  7.265625e-001  1.604619e-016 -7.187500e-001
      vertex  7.265625e-001  3.070461e-016  6.015625e-001
    endloop
  endfacet
  facet normal  9.801670e-002  -0.000000e+000  9.951847e-001
    outer loop
      vertex  6.015625e-001  3.070461e-016  7.265625e-001
      vertex  6.015625e-001 -7.187500e-001  7.265625e-001
      vertex  6.259488e-001  3.094868e-016  7.241607e-001
    endloop
  endfacet
  facet normal  9.801670e-002  0.000000e+000  9.951847e-001
    outer loop
      vertex  6.259488e-001  3.094868e-016  7.241607e-001
      vertex  6.015625e-001 -7.187500e-001  7.265625e-001
      vertex  6.259488e-001 -7.187500e-001  7.241607e-001
    endloop
  endfacet
  facet normal  2.902848e-001  -0.000000e+000  9.569403e-001
    outer loop
      vertex  6.259488e-001  3.094868e-016  7.241607e-001
      vertex  6.259488e-001 -7.187500e-001  7.241607e-001
      vertex  6.493979e-001  3.113005e-016  7.170475e-001
    endloop
  endfacet
  facet normal  2.902848e-001  0.000000e+000  9.569403e-001
    outer loop
      vertex  6.493979e-001  3.113005e-016  7.170475e-001
      vertex  6.259488e-001 -7.187500e-001  7.241607e-001
      vertex  6.493979e-001 -7.187500e-001  7.170475e-001
    endloop
  endfacet
  facet normal  4.713973e-001  -0.000000e+000  8.819209e-001
    outer loop
      vertex  6.493979e-001  3.113005e-016  7.170475e-001
      vertex  6.493979e-001 -7.187500e-001  7.170475e-001
      vertex  6.710088e-001  3.124173e-016  7.054962e-001
    endloop
  endfacet
  facet normal  4.713973e-001  0.000000e+000  8.819209e-001
    outer loop
      vertex  6.710088e-001  3.124173e-016  7.054962e-001
      vertex  6.493979e-001 -7.187500e-001  7.170475e-001
      vertex  6.710088e-001 -7.187500e-001  7.054962e-001
    endloop
  endfacet
  facet normal  6.343939e-001  -0.000000e+000  7.730100e-001
    outer loop
      vertex  6.710088e-001  3.124173e-016  7.054962e-001
      vertex  6.710088e-001 -7.187500e-001  7.054962e-001
      vertex  6.899508e-001  3.127944e-016  6.899508e-001
    endloop
  endfacet
  facet normal  6.343939e-001  0.000000e+000  7.730100e-001
    outer loop
      vertex  6.899508e-001  3.127944e-016  6.899508e-001
      vertex  6.710088e-001 -7.187500e-001  7.054962e-001
      vertex  6.899508e-001 -7.187500e-001  6.899508e-001
    endloop
  endfacet
  facet normal  7.730100e-001  -0.000000e+000  6.343939e-001
    outer loop
      vertex  6.899508e-001  3.127944e-016  6.899508e-001
      vertex  6.899508e-001 -7.187500e-001  6.899508e-001
      vertex  7.054962e-001  3.124173e-016  6.710088e-001
    endloop
  endfacet
  facet normal  7.730100e-001  0.000000e+000  6.343939e-001
    outer loop
      vertex  7.054962e-001  3.124173e-016  6.710088e-001
      vertex  6.899508e-001 -7.187500e-001  6.899508e-001
      vertex  7.054962e-001 -7.187500e-001  6.710088e-001
    endloop
  endfacet
  facet normal  8.819209e-001  -0.000000e+000  4.713973e-001
    outer loop
      vertex  7.054962e-001  3.124173e-016  6.710088e-001
      vertex  7.054962e-001 -7.187500e-001  6.710088e-001
      vertex  7.170475e-001  3.113005e-016  6.493979e-001
    endloop
  endfacet
  facet normal  8.819209e-001  0.000000e+000  4.713973e-001
    outer loop
      vertex  7.170475e-001  3.113005e-016  6.493979e-001
      vertex  7.054962e-001 -7.187500e-001  6.710088e-001
      vertex  7.170475e-001 -7.187500e-001  6.493979e-001
    endloop
  endfacet
  facet normal  9.569403e-001  -0.000000e+000  2.902848e-001
    outer loop
      vertex  7.170475e-001  3.113005e-016  6.493979e-001
      vertex  7.170475e-001 -7.187500e-001  6.493979e-001
      vertex  7.241607e-001  3.094868e-016  6.259488e-001
    endloop
  endfacet
  facet normal  9.569403e-001  0.000000e+000  2.902848e-001
    outer loop
      vertex  7.241607e-001  3.094868e-016  6.259488e-001
      vertex  7.170475e-001 -7.187500e-001  6.493979e-001
      vertex  7.241607e-001 -7.187500e-001  6.259488e-001
    endloop
  endfacet
  facet normal  9.951847e-001  -0.000000e+000  9.801670e-002
    outer loop
      vertex  7.241607e-001  3.094868e-016  6.259488e-001
      vertex  7.241607e-001 -7.187500e-001  6.259488e-001
      vertex  7.265625e-001  3.070461e-016  6.015625e-001
    endloop
  endfacet
  facet normal  9.951847e-001  0.000000e+000  9.801670e-002
    outer loop
      vertex  7.265625e-001  3.070461e-016  6.015625e-001
      vertex  7.241607e-001 -7.187500e-001  6.259488e-001
      vertex  7.265625e-001 -7.187500e-001  6.015625e-001
    endloop
  endfacet
  facet normal -1.000000e+000  -0.000000e+000  0.000000e+000
    outer loop
      vertex -7.187500e-001 -7.187500e-001  7.265625e-001
      vertex -7.187500e-001  1.604619e-016  7.265625e-001
      vertex -7.187500e-001 -7.187500e-001 -7.187500e-001
    endloop
  endfacet
  facet normal -1.000000e+000  0.000000e+000  0.000000e+000
    outer loop
      vertex -7.187500e-001 -7.187500e-001 -7.187500e-001
      vertex -7.187500e-001  1.604619e-016  7.265625e-001
      vertex -7.187500e-001  0.000000e+000 -7.187500e-001
    endloop
  endfacet
  facet normal  0.000000e+000  0.000000e+000 -1.000000e+000
    outer loop
      vertex -7.187500e-001 -7.187500e-001 -7.187500e-001
      vertex -7.187500e-001  0.000000e+000 -7.187500e-001
      vertex  7.265625e-001 -7.187500e-001 -7.187500e-001
    endloop
  endfacet
  facet normal  0.000000e+000  0.000000e+000 -1.000000e+000
    outer loop
      vertex  7.265625e-001 -7.187500e-001 -7.187500e-001
      vertex -7.187500e-001  0.000000e+000 -7.187500e-001
      vertex  7.265625e-001  1.604619e-016 -7.187500e-001
    endloop
  endfacet
endsolid CATIA STL
