solid CATIA STL
  facet normal  -0.000000e+000  -0.000000e+000  1.000000e+000
    outer loop
      vertex -6.394737e-001 -5.457237e-001  4.375000e-001
      vertex -6.376723e-001 -5.640134e-001  4.375000e-001
      vertex -6.323374e-001 -5.816002e-001  4.375000e-001
    endloop
  endfacet
  facet normal  -0.000000e+000  -0.000000e+000  9.999999e-001
    outer loop
      vertex -6.394737e-001 -5.457237e-001  4.375000e-001
      vertex -6.323374e-001 -5.816002e-001  4.375000e-001
      vertex -6.236740e-001 -5.978084e-001  4.375000e-001
    endloop
  endfacet
  facet normal  -0.000000e+000  -0.000000e+000  1.000000e+000
    outer loop
      vertex -6.394737e-001 -5.457237e-001  4.375000e-001
      vertex -6.236740e-001 -5.978084e-001  4.375000e-001
      vertex -6.120149e-001 -6.120149e-001  4.375000e-001
    endloop
  endfacet
  facet normal  -0.000000e+000  -0.000000e+000  1.000000e+000
    outer loop
      vertex -6.394737e-001 -5.457237e-001  4.375000e-001
      vertex -6.120149e-001 -6.120149e-001  4.375000e-001
      vertex -5.978084e-001 -6.236740e-001  4.375000e-001
    endloop
  endfacet
  facet normal  -0.000000e+000  -0.000000e+000  1.000000e+000
    outer loop
      vertex -6.394737e-001 -5.457237e-001  4.375000e-001
      vertex -5.978084e-001 -6.236740e-001  4.375000e-001
      vertex -5.816002e-001 -6.323374e-001  4.375000e-001
    endloop
  endfacet
  facet normal  -0.000000e+000  -0.000000e+000  1.000000e+000
    outer loop
      vertex -6.394737e-001 -5.457237e-001  4.375000e-001
      vertex -5.816002e-001 -6.323374e-001  4.375000e-001
      vertex -5.640134e-001 -6.376723e-001  4.375000e-001
    endloop
  endfacet
  facet normal  -0.000000e+000  -0.000000e+000  9.999999e-001
    outer loop
      vertex -6.394737e-001 -5.457237e-001  4.375000e-001
      vertex -5.640134e-001 -6.376723e-001  4.375000e-001
      vertex -5.457237e-001 -6.394737e-001  4.375000e-001
    endloop
  endfacet
  facet normal  0.000000e+000  -0.000000e+000  1.000000e+000
    outer loop
      vertex -6.394737e-001 -5.457237e-001  4.375000e-001
      vertex -5.457237e-001 -6.394737e-001  4.375000e-001
      vertex  6.394737e-001 -6.394737e-001  4.375000e-001
    endloop
  endfacet
  facet normal  0.000000e+000  -0.000000e+000  9.999999e-001
    outer loop
      vertex -6.394737e-001 -5.457237e-001  4.375000e-001
      vertex  6.394737e-001 -6.394737e-001  4.375000e-001
      vertex  6.394737e-001  6.394737e-001  4.375000e-001
    endloop
  endfacet
  facet normal  0.000000e+000  0.000000e+000  1.000000e+000
    outer loop
      vertex -6.394737e-001 -5.457237e-001  4.375000e-001
      vertex  6.394737e-001  6.394737e-001  4.375000e-001
      vertex -6.394737e-001  6.394737e-001  4.375000e-001
    endloop
  endfacet
  facet normal  0.000000e+000  0.000000e+000 -1.000000e+000
    outer loop
      vertex -6.394737e-001 -5.457237e-001  0.000000e+000
      vertex -6.394737e-001  6.394737e-001  0.000000e+000
      vertex  6.394737e-001  6.394737e-001  0.000000e+000
    endloop
  endfacet
  facet normal  0.000000e+000  -0.000000e+000 -9.999999e-001
    outer loop
      vertex -6.394737e-001 -5.457237e-001  0.000000e+000
      vertex  6.394737e-001  6.394737e-001  0.000000e+000
      vertex  6.394737e-001 -6.394737e-001  0.000000e+000
    endloop
  endfacet
  facet normal  0.000000e+000  0.000000e+000 -1.000000e+000
    outer loop
      vertex -6.394737e-001 -5.457237e-001  0.000000e+000
      vertex  6.394737e-001 -6.394737e-001  0.000000e+000
      vertex -5.457237e-001 -6.394737e-001  0.000000e+000
    endloop
  endfacet
  facet normal  0.000000e+000  0.000000e+000 -9.999999e-001
    outer loop
      vertex -6.394737e-001 -5.457237e-001  0.000000e+000
      vertex -5.457237e-001 -6.394737e-001  0.000000e+000
      vertex -5.640134e-001 -6.376723e-001  0.000000e+000
    endloop
  endfacet
  facet normal  0.000000e+000  0.000000e+000 -1.000000e+000
    outer loop
      vertex -6.394737e-001 -5.457237e-001  0.000000e+000
      vertex -5.640134e-001 -6.376723e-001  0.000000e+000
      vertex -5.816002e-001 -6.323374e-001  0.000000e+000
    endloop
  endfacet
  facet normal  0.000000e+000  0.000000e+000 -1.000000e+000
    outer loop
      vertex -6.394737e-001 -5.457237e-001  0.000000e+000
      vertex -5.816002e-001 -6.323374e-001  0.000000e+000
      vertex -5.978084e-001 -6.236740e-001  0.000000e+000
    endloop
  endfacet
  facet normal  0.000000e+000  0.000000e+000 -1.000000e+000
    outer loop
      vertex -6.394737e-001 -5.457237e-001  0.000000e+000
      vertex -5.978084e-001 -6.236740e-001  0.000000e+000
      vertex -6.120149e-001 -6.120149e-001  0.000000e+000
    endloop
  endfacet
  facet normal  0.000000e+000  0.000000e+000 -1.000000e+000
    outer loop
      vertex -6.394737e-001 -5.457237e-001  0.000000e+000
      vertex -6.120149e-001 -6.120149e-001  0.000000e+000
      vertex -6.236740e-001 -5.978084e-001  0.000000e+000
    endloop
  endfacet
  facet normal  0.000000e+000  0.000000e+000 -9.999999e-001
    outer loop
      vertex -6.394737e-001 -5.457237e-001  0.000000e+000
      vertex -6.236740e-001 -5.978084e-001  0.000000e+000
      vertex -6.323374e-001 -5.816002e-001  0.000000e+000
    endloop
  endfacet
  facet normal  0.000000e+000  0.000000e+000 -1.000000e+000
    outer loop
      vertex -6.394737e-001 -5.457237e-001  0.000000e+000
      vertex -6.323374e-001 -5.816002e-001  0.000000e+000
      vertex -6.376723e-001 -5.640134e-001  0.000000e+000
    endloop
  endfacet
  facet normal -1.000000e+000  0.000000e+000  0.000000e+000
    outer loop
      vertex -6.394737e-001  6.394737e-001  4.375000e-001
      vertex -6.394737e-001  6.394737e-001  0.000000e+000
      vertex -6.394737e-001 -5.457237e-001  4.375000e-001
    endloop
  endfacet
  facet normal -1.000000e+000  0.000000e+000  0.000000e+000
    outer loop
      vertex -6.394737e-001 -5.457237e-001  4.375000e-001
      vertex -6.394737e-001  6.394737e-001  0.000000e+000
      vertex -6.394737e-001 -5.457237e-001  0.000000e+000
    endloop
  endfacet
  facet normal  0.000000e+000 -1.000000e+000  0.000000e+000
    outer loop
      vertex -5.457237e-001 -6.394737e-001  4.375000e-001
      vertex -5.457237e-001 -6.394737e-001  0.000000e+000
      vertex  6.394737e-001 -6.394737e-001  4.375000e-001
    endloop
  endfacet
  facet normal  0.000000e+000 -1.000000e+000  -0.000000e+000
    outer loop
      vertex  6.394737e-001 -6.394737e-001  4.375000e-001
      vertex -5.457237e-001 -6.394737e-001  0.000000e+000
      vertex  6.394737e-001 -6.394737e-001  0.000000e+000
    endloop
  endfacet
  facet normal -9.801655e-002 -9.951848e-001  -0.000000e+000
    outer loop
      vertex -5.457237e-001 -6.394737e-001  0.000000e+000
      vertex -5.457237e-001 -6.394737e-001  4.375000e-001
      vertex -5.640134e-001 -6.376723e-001  0.000000e+000
    endloop
  endfacet
  facet normal -9.801655e-002 -9.951848e-001  0.000000e+000
    outer loop
      vertex -5.640134e-001 -6.376723e-001  0.000000e+000
      vertex -5.457237e-001 -6.394737e-001  4.375000e-001
      vertex -5.640134e-001 -6.376723e-001  4.375000e-001
    endloop
  endfacet
  facet normal -2.902851e-001 -9.569401e-001  -0.000000e+000
    outer loop
      vertex -5.640134e-001 -6.376723e-001  0.000000e+000
      vertex -5.640134e-001 -6.376723e-001  4.375000e-001
      vertex -5.816002e-001 -6.323374e-001  0.000000e+000
    endloop
  endfacet
  facet normal -2.902851e-001 -9.569401e-001  0.000000e+000
    outer loop
      vertex -5.816002e-001 -6.323374e-001  0.000000e+000
      vertex -5.640134e-001 -6.376723e-001  4.375000e-001
      vertex -5.816002e-001 -6.323374e-001  4.375000e-001
    endloop
  endfacet
  facet normal -4.713954e-001 -8.819220e-001  -0.000000e+000
    outer loop
      vertex -5.816002e-001 -6.323374e-001  0.000000e+000
      vertex -5.816002e-001 -6.323374e-001  4.375000e-001
      vertex -5.978084e-001 -6.236740e-001  0.000000e+000
    endloop
  endfacet
  facet normal -4.713954e-001 -8.819220e-001  0.000000e+000
    outer loop
      vertex -5.978084e-001 -6.236740e-001  0.000000e+000
      vertex -5.816002e-001 -6.323374e-001  4.375000e-001
      vertex -5.978084e-001 -6.236740e-001  4.375000e-001
    endloop
  endfacet
  facet normal -6.343943e-001 -7.730097e-001  -0.000000e+000
    outer loop
      vertex -5.978084e-001 -6.236740e-001  0.000000e+000
      vertex -5.978084e-001 -6.236740e-001  4.375000e-001
      vertex -6.120149e-001 -6.120149e-001  0.000000e+000
    endloop
  endfacet
  facet normal -6.343943e-001 -7.730097e-001  0.000000e+000
    outer loop
      vertex -6.120149e-001 -6.120149e-001  0.000000e+000
      vertex -5.978084e-001 -6.236740e-001  4.375000e-001
      vertex -6.120149e-001 -6.120149e-001  4.375000e-001
    endloop
  endfacet
  facet normal -7.730097e-001 -6.343943e-001  -0.000000e+000
    outer loop
      vertex -6.120149e-001 -6.120149e-001  0.000000e+000
      vertex -6.120149e-001 -6.120149e-001  4.375000e-001
      vertex -6.236740e-001 -5.978084e-001  0.000000e+000
    endloop
  endfacet
  facet normal -7.730097e-001 -6.343943e-001  0.000000e+000
    outer loop
      vertex -6.236740e-001 -5.978084e-001  0.000000e+000
      vertex -6.120149e-001 -6.120149e-001  4.375000e-001
      vertex -6.236740e-001 -5.978084e-001  4.375000e-001
    endloop
  endfacet
  facet normal -8.819220e-001 -4.713954e-001  -0.000000e+000
    outer loop
      vertex -6.236740e-001 -5.978084e-001  0.000000e+000
      vertex -6.236740e-001 -5.978084e-001  4.375000e-001
      vertex -6.323374e-001 -5.816002e-001  0.000000e+000
    endloop
  endfacet
  facet normal -8.819220e-001 -4.713954e-001  0.000000e+000
    outer loop
      vertex -6.323374e-001 -5.816002e-001  0.000000e+000
      vertex -6.236740e-001 -5.978084e-001  4.375000e-001
      vertex -6.323374e-001 -5.816002e-001  4.375000e-001
    endloop
  endfacet
  facet normal -9.569401e-001 -2.902851e-001  -0.000000e+000
    outer loop
      vertex -6.323374e-001 -5.816002e-001  0.000000e+000
      vertex -6.323374e-001 -5.816002e-001  4.375000e-001
      vertex -6.376723e-001 -5.640134e-001  0.000000e+000
    endloop
  endfacet
  facet normal -9.569401e-001 -2.902851e-001  0.000000e+000
    outer loop
      vertex -6.376723e-001 -5.640134e-001  0.000000e+000
      vertex -6.323374e-001 -5.816002e-001  4.375000e-001
      vertex -6.376723e-001 -5.640134e-001  4.375000e-001
    endloop
  endfacet
  facet normal -9.951848e-001 -9.801655e-002  -0.000000e+000
    outer loop
      vertex -6.376723e-001 -5.640134e-001  0.000000e+000
      vertex -6.376723e-001 -5.640134e-001  4.375000e-001
      vertex -6.394737e-001 -5.457237e-001  0.000000e+000
    endloop
  endfacet
  facet normal -9.951848e-001 -9.801655e-002  0.000000e+000
    outer loop
      vertex -6.394737e-001 -5.457237e-001  0.000000e+000
      vertex -6.376723e-001 -5.640134e-001  4.375000e-001
      vertex -6.394737e-001 -5.457237e-001  4.375000e-001
    endloop
  endfacet
  facet normal  0.000000e+000  1.000000e+000  -0.000000e+000
    outer loop
      vertex  6.394737e-001  6.394737e-001  4.375000e-001
      vertex  6.394737e-001  6.394737e-001  0.000000e+000
      vertex -6.394737e-001  6.394737e-001  4.375000e-001
    endloop
  endfacet
  facet normal  0.000000e+000  1.000000e+000  0.000000e+000
    outer loop
      vertex -6.394737e-001  6.394737e-001  4.375000e-001
      vertex  6.394737e-001  6.394737e-001  0.000000e+000
      vertex -6.394737e-001  6.394737e-001  0.000000e+000
    endloop
  endfacet
  facet normal  1.000000e+000  0.000000e+000  0.000000e+000
    outer loop
      vertex  6.394737e-001 -6.394737e-001  4.375000e-001
      vertex  6.394737e-001 -6.394737e-001  0.000000e+000
      vertex  6.394737e-001  6.394737e-001  4.375000e-001
    endloop
  endfacet
  facet normal  1.000000e+000  0.000000e+000  0.000000e+000
    outer loop
      vertex  6.394737e-001  6.394737e-001  4.375000e-001
      vertex  6.394737e-001 -6.394737e-001  0.000000e+000
      vertex  6.394737e-001  6.394737e-001  0.000000e+000
    endloop
  endfacet
endsolid CATIA STL
