solid CATIA STL
  facet normal  0.000000e+000  0.000000e+000  1.000000e+000
    outer loop
      vertex -3.906250e-002 -5.468750e-002  7.812500e-002
      vertex  5.468750e-002 -5.468750e-002  7.812500e-002
      vertex -5.349812e-002 -4.504193e-002  7.812500e-002
    endloop
  endfacet
  facet normal  -0.000000e+000  0.000000e+000  1.000000e+000
    outer loop
      vertex  5.468750e-002  5.468750e-002  7.812500e-002
      vertex -5.468750e-002  5.468750e-002  7.812500e-002
      vertex -5.468750e-002 -3.906250e-002  7.812500e-002
    endloop
  endfacet
  facet normal  -0.000000e+000  0.000000e+000  1.000000e+000
    outer loop
      vertex  5.468750e-002  5.468750e-002  7.812500e-002
      vertex -5.468750e-002 -3.906250e-002  7.812500e-002
      vertex -5.438727e-002 -4.211079e-002  7.812500e-002
    endloop
  endfacet
  facet normal  -0.000000e+000  0.000000e+000  1.000000e+000
    outer loop
      vertex  5.468750e-002  5.468750e-002  7.812500e-002
      vertex -5.438727e-002 -4.211079e-002  7.812500e-002
      vertex -5.349812e-002 -4.504193e-002  7.812500e-002
    endloop
  endfacet
  facet normal  -0.000000e+000  0.000000e+000  1.000000e+000
    outer loop
      vertex  5.468750e-002  5.468750e-002  7.812500e-002
      vertex -5.349812e-002 -4.504193e-002  7.812500e-002
      vertex  5.468750e-002 -5.468750e-002  7.812500e-002
    endloop
  endfacet
  facet normal  0.000000e+000  0.000000e+000  9.999999e-001
    outer loop
      vertex -4.211079e-002 -5.438727e-002  7.812500e-002
      vertex -3.906250e-002 -5.468750e-002  7.812500e-002
      vertex -5.349812e-002 -4.504193e-002  7.812500e-002
    endloop
  endfacet
  facet normal  0.000000e+000  0.000000e+000  9.999999e-001
    outer loop
      vertex -4.211079e-002 -5.438727e-002  7.812500e-002
      vertex -5.349812e-002 -4.504193e-002  7.812500e-002
      vertex -5.205421e-002 -4.774328e-002  7.812500e-002
    endloop
  endfacet
  facet normal  0.000000e+000  0.000000e+000  1.000000e+000
    outer loop
      vertex -4.211079e-002 -5.438727e-002  7.812500e-002
      vertex -5.205421e-002 -4.774328e-002  7.812500e-002
      vertex -5.011104e-002 -5.011104e-002  7.812500e-002
    endloop
  endfacet
  facet normal  0.000000e+000  0.000000e+000  1.000000e+000
    outer loop
      vertex -4.211079e-002 -5.438727e-002  7.812500e-002
      vertex -5.011104e-002 -5.011104e-002  7.812500e-002
      vertex -4.774328e-002 -5.205421e-002  7.812500e-002
    endloop
  endfacet
  facet normal  0.000000e+000  0.000000e+000  1.000000e+000
    outer loop
      vertex -4.211079e-002 -5.438727e-002  7.812500e-002
      vertex -4.774328e-002 -5.205421e-002  7.812500e-002
      vertex -4.504193e-002 -5.349812e-002  7.812500e-002
    endloop
  endfacet
  facet normal  0.000000e+000  0.000000e+000 -1.000000e+000
    outer loop
      vertex -5.349812e-002 -4.504193e-002  0.000000e+000
      vertex  5.468750e-002 -5.468750e-002  0.000000e+000
      vertex -3.906250e-002 -5.468750e-002  0.000000e+000
    endloop
  endfacet
  facet normal  0.000000e+000  0.000000e+000 -1.000000e+000
    outer loop
      vertex  5.468750e-002  5.468750e-002  0.000000e+000
      vertex  5.468750e-002 -5.468750e-002  0.000000e+000
      vertex -5.349812e-002 -4.504193e-002  0.000000e+000
    endloop
  endfacet
  facet normal  0.000000e+000  0.000000e+000 -1.000000e+000
    outer loop
      vertex  5.468750e-002  5.468750e-002  0.000000e+000
      vertex -5.349812e-002 -4.504193e-002  0.000000e+000
      vertex -5.438727e-002 -4.211079e-002  0.000000e+000
    endloop
  endfacet
  facet normal  0.000000e+000  0.000000e+000 -1.000000e+000
    outer loop
      vertex  5.468750e-002  5.468750e-002  0.000000e+000
      vertex -5.438727e-002 -4.211079e-002  0.000000e+000
      vertex -5.468750e-002 -3.906250e-002  0.000000e+000
    endloop
  endfacet
  facet normal  0.000000e+000  0.000000e+000 -1.000000e+000
    outer loop
      vertex  5.468750e-002  5.468750e-002  0.000000e+000
      vertex -5.468750e-002 -3.906250e-002  0.000000e+000
      vertex -5.468750e-002  5.468750e-002  0.000000e+000
    endloop
  endfacet
  facet normal  0.000000e+000  0.000000e+000 -1.000000e+000
    outer loop
      vertex -4.211079e-002 -5.438727e-002  0.000000e+000
      vertex -4.504193e-002 -5.349812e-002  0.000000e+000
      vertex -4.774328e-002 -5.205421e-002  0.000000e+000
    endloop
  endfacet
  facet normal  0.000000e+000  0.000000e+000 -1.000000e+000
    outer loop
      vertex -4.211079e-002 -5.438727e-002  0.000000e+000
      vertex -4.774328e-002 -5.205421e-002  0.000000e+000
      vertex -5.011104e-002 -5.011104e-002  0.000000e+000
    endloop
  endfacet
  facet normal  0.000000e+000  0.000000e+000 -1.000000e+000
    outer loop
      vertex -4.211079e-002 -5.438727e-002  0.000000e+000
      vertex -5.011104e-002 -5.011104e-002  0.000000e+000
      vertex -5.205421e-002 -4.774328e-002  0.000000e+000
    endloop
  endfacet
  facet normal  0.000000e+000  0.000000e+000 -9.999999e-001
    outer loop
      vertex -4.211079e-002 -5.438727e-002  0.000000e+000
      vertex -5.205421e-002 -4.774328e-002  0.000000e+000
      vertex -5.349812e-002 -4.504193e-002  0.000000e+000
    endloop
  endfacet
  facet normal  0.000000e+000  0.000000e+000 -9.999999e-001
    outer loop
      vertex -4.211079e-002 -5.438727e-002  0.000000e+000
      vertex -5.349812e-002 -4.504193e-002  0.000000e+000
      vertex -3.906250e-002 -5.468750e-002  0.000000e+000
    endloop
  endfacet
  facet normal -1.000000e+000  0.000000e+000  0.000000e+000
    outer loop
      vertex -5.468750e-002  5.468750e-002  7.812500e-002
      vertex -5.468750e-002  5.468750e-002  0.000000e+000
      vertex -5.468750e-002 -3.906250e-002  7.812500e-002
    endloop
  endfacet
  facet normal -1.000000e+000  0.000000e+000  0.000000e+000
    outer loop
      vertex -5.468750e-002 -3.906250e-002  7.812500e-002
      vertex -5.468750e-002  5.468750e-002  0.000000e+000
      vertex -5.468750e-002 -3.906250e-002  0.000000e+000
    endloop
  endfacet
  facet normal  0.000000e+000 -1.000000e+000  0.000000e+000
    outer loop
      vertex -3.906250e-002 -5.468750e-002  7.812500e-002
      vertex -3.906250e-002 -5.468750e-002  0.000000e+000
      vertex  5.468750e-002 -5.468750e-002  7.812500e-002
    endloop
  endfacet
  facet normal  0.000000e+000 -1.000000e+000  -0.000000e+000
    outer loop
      vertex  5.468750e-002 -5.468750e-002  7.812500e-002
      vertex -3.906250e-002 -5.468750e-002  0.000000e+000
      vertex  5.468750e-002 -5.468750e-002  0.000000e+000
    endloop
  endfacet
  facet normal -9.801670e-002 -9.951848e-001  -0.000000e+000
    outer loop
      vertex -3.906250e-002 -5.468750e-002  0.000000e+000
      vertex -3.906250e-002 -5.468750e-002  7.812500e-002
      vertex -4.211079e-002 -5.438727e-002  0.000000e+000
    endloop
  endfacet
  facet normal -9.801670e-002 -9.951848e-001  0.000000e+000
    outer loop
      vertex -4.211079e-002 -5.438727e-002  0.000000e+000
      vertex -3.906250e-002 -5.468750e-002  7.812500e-002
      vertex -4.211079e-002 -5.438727e-002  7.812500e-002
    endloop
  endfacet
  facet normal -2.902845e-001 -9.569403e-001  -0.000000e+000
    outer loop
      vertex -4.211079e-002 -5.438727e-002  0.000000e+000
      vertex -4.211079e-002 -5.438727e-002  7.812500e-002
      vertex -4.504193e-002 -5.349812e-002  0.000000e+000
    endloop
  endfacet
  facet normal -2.902845e-001 -9.569403e-001  0.000000e+000
    outer loop
      vertex -4.504193e-002 -5.349812e-002  0.000000e+000
      vertex -4.211079e-002 -5.438727e-002  7.812500e-002
      vertex -4.504193e-002 -5.349812e-002  7.812500e-002
    endloop
  endfacet
  facet normal -4.713978e-001 -8.819207e-001  -0.000000e+000
    outer loop
      vertex -4.504193e-002 -5.349812e-002  0.000000e+000
      vertex -4.504193e-002 -5.349812e-002  7.812500e-002
      vertex -4.774328e-002 -5.205421e-002  0.000000e+000
    endloop
  endfacet
  facet normal -4.713978e-001 -8.819207e-001  0.000000e+000
    outer loop
      vertex -4.774328e-002 -5.205421e-002  0.000000e+000
      vertex -4.504193e-002 -5.349812e-002  7.812500e-002
      vertex -4.774328e-002 -5.205421e-002  7.812500e-002
    endloop
  endfacet
  facet normal -6.343925e-001 -7.730110e-001  -0.000000e+000
    outer loop
      vertex -4.774328e-002 -5.205421e-002  0.000000e+000
      vertex -4.774328e-002 -5.205421e-002  7.812500e-002
      vertex -5.011104e-002 -5.011104e-002  0.000000e+000
    endloop
  endfacet
  facet normal -6.343925e-001 -7.730110e-001  0.000000e+000
    outer loop
      vertex -5.011104e-002 -5.011104e-002  0.000000e+000
      vertex -4.774328e-002 -5.205421e-002  7.812500e-002
      vertex -5.011104e-002 -5.011104e-002  7.812500e-002
    endloop
  endfacet
  facet normal -7.730110e-001 -6.343925e-001  -0.000000e+000
    outer loop
      vertex -5.011104e-002 -5.011104e-002  0.000000e+000
      vertex -5.011104e-002 -5.011104e-002  7.812500e-002
      vertex -5.205421e-002 -4.774328e-002  0.000000e+000
    endloop
  endfacet
  facet normal -7.730110e-001 -6.343925e-001  0.000000e+000
    outer loop
      vertex -5.205421e-002 -4.774328e-002  0.000000e+000
      vertex -5.011104e-002 -5.011104e-002  7.812500e-002
      vertex -5.205421e-002 -4.774328e-002  7.812500e-002
    endloop
  endfacet
  facet normal -8.819207e-001 -4.713978e-001  -0.000000e+000
    outer loop
      vertex -5.205421e-002 -4.774328e-002  0.000000e+000
      vertex -5.205421e-002 -4.774328e-002  7.812500e-002
      vertex -5.349812e-002 -4.504193e-002  0.000000e+000
    endloop
  endfacet
  facet normal -8.819207e-001 -4.713978e-001  0.000000e+000
    outer loop
      vertex -5.349812e-002 -4.504193e-002  0.000000e+000
      vertex -5.205421e-002 -4.774328e-002  7.812500e-002
      vertex -5.349812e-002 -4.504193e-002  7.812500e-002
    endloop
  endfacet
  facet normal -9.569403e-001 -2.902845e-001  -0.000000e+000
    outer loop
      vertex -5.349812e-002 -4.504193e-002  0.000000e+000
      vertex -5.349812e-002 -4.504193e-002  7.812500e-002
      vertex -5.438727e-002 -4.211079e-002  0.000000e+000
    endloop
  endfacet
  facet normal -9.569403e-001 -2.902845e-001  0.000000e+000
    outer loop
      vertex -5.438727e-002 -4.211079e-002  0.000000e+000
      vertex -5.349812e-002 -4.504193e-002  7.812500e-002
      vertex -5.438727e-002 -4.211079e-002  7.812500e-002
    endloop
  endfacet
  facet normal -9.951848e-001 -9.801670e-002  -0.000000e+000
    outer loop
      vertex -5.438727e-002 -4.211079e-002  0.000000e+000
      vertex -5.438727e-002 -4.211079e-002  7.812500e-002
      vertex -5.468750e-002 -3.906250e-002  0.000000e+000
    endloop
  endfacet
  facet normal -9.951848e-001 -9.801670e-002  0.000000e+000
    outer loop
      vertex -5.468750e-002 -3.906250e-002  0.000000e+000
      vertex -5.438727e-002 -4.211079e-002  7.812500e-002
      vertex -5.468750e-002 -3.906250e-002  7.812500e-002
    endloop
  endfacet
  facet normal  0.000000e+000  1.000000e+000  -0.000000e+000
    outer loop
      vertex  5.468750e-002  5.468750e-002  7.812500e-002
      vertex  5.468750e-002  5.468750e-002  0.000000e+000
      vertex -5.468750e-002  5.468750e-002  7.812500e-002
    endloop
  endfacet
  facet normal  0.000000e+000  1.000000e+000  0.000000e+000
    outer loop
      vertex -5.468750e-002  5.468750e-002  7.812500e-002
      vertex  5.468750e-002  5.468750e-002  0.000000e+000
      vertex -5.468750e-002  5.468750e-002  0.000000e+000
    endloop
  endfacet
  facet normal  1.000000e+000  0.000000e+000  0.000000e+000
    outer loop
      vertex  5.468750e-002 -5.468750e-002  7.812500e-002
      vertex  5.468750e-002 -5.468750e-002  0.000000e+000
      vertex  5.468750e-002  5.468750e-002  7.812500e-002
    endloop
  endfacet
  facet normal  1.000000e+000  0.000000e+000  0.000000e+000
    outer loop
      vertex  5.468750e-002  5.468750e-002  7.812500e-002
      vertex  5.468750e-002 -5.468750e-002  0.000000e+000
      vertex  5.468750e-002  5.468750e-002  0.000000e+000
    endloop
  endfacet
endsolid CATIA STL
