solid CATIA STL
  facet normal  0.000000e+000  0.000000e+000 -1.000000e+000
    outer loop
      vertex  5.266575e-003  1.388843e-002  0.000000e+000
      vertex  2.378765e-003  1.929114e-002  0.000000e+000
      vertex  1.388843e-002  5.266575e-003  0.000000e+000
    endloop
  endfacet
  facet normal  0.000000e+000  0.000000e+000 -1.000000e+000
    outer loop
      vertex  9.152913e-003  9.152913e-003  0.000000e+000
      vertex  5.266575e-003  1.388843e-002  0.000000e+000
      vertex  1.388843e-002  5.266575e-003  0.000000e+000
    endloop
  endfacet
  facet normal  0.000000e+000  0.000000e+000 -1.000000e+000
    outer loop
      vertex  7.500000e-001  5.625000e-001  0.000000e+000
      vertex  7.500000e-001  0.000000e+000  0.000000e+000
      vertex  6.004600e-004  2.515343e-002  0.000000e+000
    endloop
  endfacet
  facet normal  0.000000e+000  0.000000e+000 -1.000000e+000
    outer loop
      vertex  7.500000e-001  5.625000e-001  0.000000e+000
      vertex  6.004600e-004  2.515343e-002  0.000000e+000
      vertex  0.000000e+000  3.125000e-002  0.000000e+000
    endloop
  endfacet
  facet normal  0.000000e+000  0.000000e+000 -1.000000e+000
    outer loop
      vertex  7.500000e-001  5.625000e-001  0.000000e+000
      vertex  0.000000e+000  3.125000e-002  0.000000e+000
      vertex  0.000000e+000  5.625000e-001  0.000000e+000
    endloop
  endfacet
  facet normal  0.000000e+000  0.000000e+000 -1.000000e+000
    outer loop
      vertex  6.004600e-004  2.515343e-002  0.000000e+000
      vertex  7.500000e-001  0.000000e+000  0.000000e+000
      vertex  3.125000e-002  0.000000e+000  0.000000e+000
    endloop
  endfacet
  facet normal  0.000000e+000  0.000000e+000 -1.000000e+000
    outer loop
      vertex  6.004600e-004  2.515343e-002  0.000000e+000
      vertex  3.125000e-002  0.000000e+000  0.000000e+000
      vertex  2.515343e-002  6.004600e-004  0.000000e+000
    endloop
  endfacet
  facet normal  0.000000e+000  0.000000e+000 -1.000000e+000
    outer loop
      vertex  6.004600e-004  2.515343e-002  0.000000e+000
      vertex  2.515343e-002  6.004600e-004  0.000000e+000
      vertex  1.929114e-002  2.378765e-003  0.000000e+000
    endloop
  endfacet
  facet normal  0.000000e+000  0.000000e+000 -1.000000e+000
    outer loop
      vertex  6.004600e-004  2.515343e-002  0.000000e+000
      vertex  1.929114e-002  2.378765e-003  0.000000e+000
      vertex  1.388843e-002  5.266575e-003  0.000000e+000
    endloop
  endfacet
  facet normal  0.000000e+000  0.000000e+000 -1.000000e+000
    outer loop
      vertex  6.004600e-004  2.515343e-002  0.000000e+000
      vertex  1.388843e-002  5.266575e-003  0.000000e+000
      vertex  2.378765e-003  1.929114e-002  0.000000e+000
    endloop
  endfacet
  facet normal -1.000000e+000  -0.000000e+000  0.000000e+000
    outer loop
      vertex  0.000000e+000  3.125000e-002  7.500000e-001
      vertex  0.000000e+000  7.500000e-001  7.500000e-001
      vertex  0.000000e+000  3.125000e-002  0.000000e+000
    endloop
  endfacet
  facet normal -1.000000e+000  0.000000e+000  0.000000e+000
    outer loop
      vertex  0.000000e+000  3.125000e-002  0.000000e+000
      vertex  0.000000e+000  7.500000e-001  7.500000e-001
      vertex  0.000000e+000  7.500000e-001  1.562500e-002
    endloop
  endfacet
  facet normal -1.000000e+000  0.000000e+000  0.000000e+000
    outer loop
      vertex  0.000000e+000  3.125000e-002  0.000000e+000
      vertex  0.000000e+000  7.500000e-001  1.562500e-002
      vertex  0.000000e+000  5.625000e-001  0.000000e+000
    endloop
  endfacet
  facet normal  0.000000e+000  0.000000e+000  1.000000e+000
    outer loop
      vertex  1.388843e-002  5.266575e-003  7.500000e-001
      vertex  2.378765e-003  1.929114e-002  7.500000e-001
      vertex  5.266575e-003  1.388843e-002  7.500000e-001
    endloop
  endfacet
  facet normal  0.000000e+000  0.000000e+000  1.000000e+000
    outer loop
      vertex  1.388843e-002  5.266575e-003  7.500000e-001
      vertex  5.266575e-003  1.388843e-002  7.500000e-001
      vertex  9.152913e-003  9.152913e-003  7.500000e-001
    endloop
  endfacet
  facet normal  -0.000000e+000  0.000000e+000  1.000000e+000
    outer loop
      vertex  6.406250e-001  7.500000e-001  7.500000e-001
      vertex  0.000000e+000  7.500000e-001  7.500000e-001
      vertex  0.000000e+000  3.125000e-002  7.500000e-001
    endloop
  endfacet
  facet normal  -0.000000e+000  0.000000e+000  1.000000e+000
    outer loop
      vertex  6.406250e-001  7.500000e-001  7.500000e-001
      vertex  0.000000e+000  3.125000e-002  7.500000e-001
      vertex  6.004600e-004  2.515343e-002  7.500000e-001
    endloop
  endfacet
  facet normal  -0.000000e+000  0.000000e+000  1.000000e+000
    outer loop
      vertex  6.406250e-001  7.500000e-001  7.500000e-001
      vertex  6.004600e-004  2.515343e-002  7.500000e-001
      vertex  6.406250e-001  0.000000e+000  7.500000e-001
    endloop
  endfacet
  facet normal  -0.000000e+000  -0.000000e+000  1.000000e+000
    outer loop
      vertex  6.004600e-004  2.515343e-002  7.500000e-001
      vertex  2.378765e-003  1.929114e-002  7.500000e-001
      vertex  1.388843e-002  5.266575e-003  7.500000e-001
    endloop
  endfacet
  facet normal  -0.000000e+000  -0.000000e+000  1.000000e+000
    outer loop
      vertex  6.004600e-004  2.515343e-002  7.500000e-001
      vertex  1.388843e-002  5.266575e-003  7.500000e-001
      vertex  1.929114e-002  2.378765e-003  7.500000e-001
    endloop
  endfacet
  facet normal  -0.000000e+000  -0.000000e+000  1.000000e+000
    outer loop
      vertex  6.004600e-004  2.515343e-002  7.500000e-001
      vertex  1.929114e-002  2.378765e-003  7.500000e-001
      vertex  2.515343e-002  6.004600e-004  7.500000e-001
    endloop
  endfacet
  facet normal  -0.000000e+000  -0.000000e+000  1.000000e+000
    outer loop
      vertex  6.004600e-004  2.515343e-002  7.500000e-001
      vertex  2.515343e-002  6.004600e-004  7.500000e-001
      vertex  3.125000e-002  0.000000e+000  7.500000e-001
    endloop
  endfacet
  facet normal  0.000000e+000  -0.000000e+000  9.999999e-001
    outer loop
      vertex  6.004600e-004  2.515343e-002  7.500000e-001
      vertex  3.125000e-002  0.000000e+000  7.500000e-001
      vertex  6.406250e-001  0.000000e+000  7.500000e-001
    endloop
  endfacet
  facet normal  0.000000e+000 -1.000000e+000  0.000000e+000
    outer loop
      vertex  3.125000e-002  0.000000e+000  7.500000e-001
      vertex  3.125000e-002  0.000000e+000  0.000000e+000
      vertex  7.500000e-001  0.000000e+000  0.000000e+000
    endloop
  endfacet
  facet normal  0.000000e+000 -1.000000e+000  0.000000e+000
    outer loop
      vertex  3.125000e-002  0.000000e+000  7.500000e-001
      vertex  7.500000e-001  0.000000e+000  0.000000e+000
      vertex  7.500000e-001  0.000000e+000  6.406250e-001
    endloop
  endfacet
  facet normal  0.000000e+000 -1.000000e+000  0.000000e+000
    outer loop
      vertex  3.125000e-002  0.000000e+000  7.500000e-001
      vertex  7.500000e-001  0.000000e+000  6.406250e-001
      vertex  7.478984e-001  0.000000e+000  6.619630e-001
    endloop
  endfacet
  facet normal  0.000000e+000 -1.000000e+000  0.000000e+000
    outer loop
      vertex  3.125000e-002  0.000000e+000  7.500000e-001
      vertex  7.478984e-001  0.000000e+000  6.619630e-001
      vertex  7.416743e-001  0.000000e+000  6.824810e-001
    endloop
  endfacet
  facet normal  0.000000e+000 -1.000000e+000  0.000000e+000
    outer loop
      vertex  3.125000e-002  0.000000e+000  7.500000e-001
      vertex  7.416743e-001  0.000000e+000  6.824810e-001
      vertex  7.315670e-001  0.000000e+000  7.013905e-001
    endloop
  endfacet
  facet normal  0.000000e+000 -1.000000e+000  0.000000e+000
    outer loop
      vertex  3.125000e-002  0.000000e+000  7.500000e-001
      vertex  7.315670e-001  0.000000e+000  7.013905e-001
      vertex  7.179648e-001  0.000000e+000  7.179648e-001
    endloop
  endfacet
  facet normal  0.000000e+000 -1.000000e+000  0.000000e+000
    outer loop
      vertex  3.125000e-002  0.000000e+000  7.500000e-001
      vertex  7.179648e-001  0.000000e+000  7.179648e-001
      vertex  7.013905e-001  0.000000e+000  7.315670e-001
    endloop
  endfacet
  facet normal  0.000000e+000 -9.999999e-001  0.000000e+000
    outer loop
      vertex  3.125000e-002  0.000000e+000  7.500000e-001
      vertex  7.013905e-001  0.000000e+000  7.315670e-001
      vertex  6.824810e-001  0.000000e+000  7.416743e-001
    endloop
  endfacet
  facet normal  0.000000e+000 -1.000000e+000  0.000000e+000
    outer loop
      vertex  3.125000e-002  0.000000e+000  7.500000e-001
      vertex  6.824810e-001  0.000000e+000  7.416743e-001
      vertex  6.619630e-001  0.000000e+000  7.478984e-001
    endloop
  endfacet
  facet normal  0.000000e+000 -9.999999e-001  0.000000e+000
    outer loop
      vertex  3.125000e-002  0.000000e+000  7.500000e-001
      vertex  6.619630e-001  0.000000e+000  7.478984e-001
      vertex  6.406250e-001  0.000000e+000  7.500000e-001
    endloop
  endfacet
  facet normal -9.801715e-002 -9.951847e-001  -0.000000e+000
    outer loop
      vertex  3.125000e-002  0.000000e+000  0.000000e+000
      vertex  3.125000e-002  0.000000e+000  7.500000e-001
      vertex  2.515343e-002  6.004600e-004  0.000000e+000
    endloop
  endfacet
  facet normal -9.801715e-002 -9.951847e-001  0.000000e+000
    outer loop
      vertex  2.515343e-002  6.004600e-004  0.000000e+000
      vertex  3.125000e-002  0.000000e+000  7.500000e-001
      vertex  2.515343e-002  6.004600e-004  7.500000e-001
    endloop
  endfacet
  facet normal -2.902846e-001 -9.569404e-001  -0.000000e+000
    outer loop
      vertex  2.515343e-002  6.004600e-004  0.000000e+000
      vertex  2.515343e-002  6.004600e-004  7.500000e-001
      vertex  1.929114e-002  2.378765e-003  0.000000e+000
    endloop
  endfacet
  facet normal -2.902846e-001 -9.569404e-001  0.000000e+000
    outer loop
      vertex  1.929114e-002  2.378765e-003  0.000000e+000
      vertex  2.515343e-002  6.004600e-004  7.500000e-001
      vertex  1.929114e-002  2.378765e-003  7.500000e-001
    endloop
  endfacet
  facet normal -4.713968e-001 -8.819212e-001  -0.000000e+000
    outer loop
      vertex  1.929114e-002  2.378765e-003  0.000000e+000
      vertex  1.929114e-002  2.378765e-003  7.500000e-001
      vertex  1.388843e-002  5.266575e-003  0.000000e+000
    endloop
  endfacet
  facet normal -4.713968e-001 -8.819212e-001  0.000000e+000
    outer loop
      vertex  1.388843e-002  5.266575e-003  0.000000e+000
      vertex  1.929114e-002  2.378765e-003  7.500000e-001
      vertex  1.388843e-002  5.266575e-003  7.500000e-001
    endloop
  endfacet
  facet normal -6.343934e-001 -7.730104e-001  -0.000000e+000
    outer loop
      vertex  1.388843e-002  5.266575e-003  0.000000e+000
      vertex  1.388843e-002  5.266575e-003  7.500000e-001
      vertex  9.152913e-003  9.152913e-003  0.000000e+000
    endloop
  endfacet
  facet normal -6.343934e-001 -7.730104e-001  0.000000e+000
    outer loop
      vertex  9.152913e-003  9.152913e-003  0.000000e+000
      vertex  1.388843e-002  5.266575e-003  7.500000e-001
      vertex  9.152913e-003  9.152913e-003  7.500000e-001
    endloop
  endfacet
  facet normal -7.730104e-001 -6.343934e-001  -0.000000e+000
    outer loop
      vertex  9.152913e-003  9.152913e-003  0.000000e+000
      vertex  9.152913e-003  9.152913e-003  7.500000e-001
      vertex  5.266575e-003  1.388843e-002  0.000000e+000
    endloop
  endfacet
  facet normal -7.730104e-001 -6.343934e-001  0.000000e+000
    outer loop
      vertex  5.266575e-003  1.388843e-002  0.000000e+000
      vertex  9.152913e-003  9.152913e-003  7.500000e-001
      vertex  5.266575e-003  1.388843e-002  7.500000e-001
    endloop
  endfacet
  facet normal -8.819212e-001 -4.713968e-001  -0.000000e+000
    outer loop
      vertex  5.266575e-003  1.388843e-002  0.000000e+000
      vertex  5.266575e-003  1.388843e-002  7.500000e-001
      vertex  2.378765e-003  1.929114e-002  0.000000e+000
    endloop
  endfacet
  facet normal -8.819212e-001 -4.713968e-001  0.000000e+000
    outer loop
      vertex  2.378765e-003  1.929114e-002  0.000000e+000
      vertex  5.266575e-003  1.388843e-002  7.500000e-001
      vertex  2.378765e-003  1.929114e-002  7.500000e-001
    endloop
  endfacet
  facet normal -9.569404e-001 -2.902846e-001  -0.000000e+000
    outer loop
      vertex  2.378765e-003  1.929114e-002  0.000000e+000
      vertex  2.378765e-003  1.929114e-002  7.500000e-001
      vertex  6.004600e-004  2.515343e-002  0.000000e+000
    endloop
  endfacet
  facet normal -9.569404e-001 -2.902846e-001  0.000000e+000
    outer loop
      vertex  6.004600e-004  2.515343e-002  0.000000e+000
      vertex  2.378765e-003  1.929114e-002  7.500000e-001
      vertex  6.004600e-004  2.515343e-002  7.500000e-001
    endloop
  endfacet
  facet normal -9.951847e-001 -9.801715e-002  -0.000000e+000
    outer loop
      vertex  6.004600e-004  2.515343e-002  0.000000e+000
      vertex  6.004600e-004  2.515343e-002  7.500000e-001
      vertex  0.000000e+000  3.125000e-002  0.000000e+000
    endloop
  endfacet
  facet normal -9.951847e-001 -9.801715e-002  0.000000e+000
    outer loop
      vertex  0.000000e+000  3.125000e-002  0.000000e+000
      vertex  6.004600e-004  2.515343e-002  7.500000e-001
      vertex  0.000000e+000  3.125000e-002  7.500000e-001
    endloop
  endfacet
  facet normal  0.000000e+000  1.000000e+000  0.000000e+000
    outer loop
      vertex  0.000000e+000  7.500000e-001  7.500000e-001
      vertex  6.406250e-001  7.500000e-001  7.500000e-001
      vertex  6.619630e-001  7.500000e-001  7.478984e-001
    endloop
  endfacet
  facet normal  0.000000e+000  9.999999e-001  0.000000e+000
    outer loop
      vertex  0.000000e+000  7.500000e-001  7.500000e-001
      vertex  6.619630e-001  7.500000e-001  7.478984e-001
      vertex  6.824810e-001  7.500000e-001  7.416743e-001
    endloop
  endfacet
  facet normal  0.000000e+000  1.000000e+000  0.000000e+000
    outer loop
      vertex  0.000000e+000  7.500000e-001  7.500000e-001
      vertex  6.824810e-001  7.500000e-001  7.416743e-001
      vertex  7.013905e-001  7.500000e-001  7.315670e-001
    endloop
  endfacet
  facet normal  0.000000e+000  1.000000e+000  0.000000e+000
    outer loop
      vertex  0.000000e+000  7.500000e-001  7.500000e-001
      vertex  7.013905e-001  7.500000e-001  7.315670e-001
      vertex  7.179648e-001  7.500000e-001  7.179648e-001
    endloop
  endfacet
  facet normal  0.000000e+000  9.999999e-001  0.000000e+000
    outer loop
      vertex  0.000000e+000  7.500000e-001  7.500000e-001
      vertex  7.179648e-001  7.500000e-001  7.179648e-001
      vertex  7.315670e-001  7.500000e-001  7.013905e-001
    endloop
  endfacet
  facet normal  0.000000e+000  1.000000e+000  0.000000e+000
    outer loop
      vertex  0.000000e+000  7.500000e-001  7.500000e-001
      vertex  7.315670e-001  7.500000e-001  7.013905e-001
      vertex  7.416743e-001  7.500000e-001  6.824810e-001
    endloop
  endfacet
  facet normal  0.000000e+000  1.000000e+000  0.000000e+000
    outer loop
      vertex  0.000000e+000  7.500000e-001  7.500000e-001
      vertex  7.416743e-001  7.500000e-001  6.824810e-001
      vertex  7.478984e-001  7.500000e-001  6.619630e-001
    endloop
  endfacet
  facet normal  0.000000e+000  1.000000e+000  0.000000e+000
    outer loop
      vertex  0.000000e+000  7.500000e-001  7.500000e-001
      vertex  7.478984e-001  7.500000e-001  6.619630e-001
      vertex  7.500000e-001  7.500000e-001  6.406250e-001
    endloop
  endfacet
  facet normal  0.000000e+000  1.000000e+000  0.000000e+000
    outer loop
      vertex  0.000000e+000  7.500000e-001  7.500000e-001
      vertex  7.500000e-001  7.500000e-001  6.406250e-001
      vertex  7.500000e-001  7.500000e-001  1.562500e-002
    endloop
  endfacet
  facet normal  0.000000e+000  9.999999e-001  0.000000e+000
    outer loop
      vertex  0.000000e+000  7.500000e-001  7.500000e-001
      vertex  7.500000e-001  7.500000e-001  1.562500e-002
      vertex  0.000000e+000  7.500000e-001  1.562500e-002
    endloop
  endfacet
  facet normal  1.000000e+000  -0.000000e+000  0.000000e+000
    outer loop
      vertex  7.500000e-001  7.500000e-001  6.406250e-001
      vertex  7.500000e-001  0.000000e+000  6.406250e-001
      vertex  7.500000e-001  7.500000e-001  1.562500e-002
    endloop
  endfacet
  facet normal  9.999999e-001  0.000000e+000  0.000000e+000
    outer loop
      vertex  7.500000e-001  7.500000e-001  1.562500e-002
      vertex  7.500000e-001  0.000000e+000  6.406250e-001
      vertex  7.500000e-001  0.000000e+000  0.000000e+000
    endloop
  endfacet
  facet normal  1.000000e+000  0.000000e+000  0.000000e+000
    outer loop
      vertex  7.500000e-001  7.500000e-001  1.562500e-002
      vertex  7.500000e-001  0.000000e+000  0.000000e+000
      vertex  7.500000e-001  5.625000e-001  0.000000e+000
    endloop
  endfacet
  facet normal  0.000000e+000  8.304548e-002 -9.965458e-001
    outer loop
      vertex  7.500000e-001  7.500000e-001  1.562500e-002
      vertex  7.500000e-001  5.625000e-001  0.000000e+000
      vertex  0.000000e+000  7.500000e-001  1.562500e-002
    endloop
  endfacet
  facet normal  0.000000e+000  8.304548e-002 -9.965458e-001
    outer loop
      vertex  0.000000e+000  7.500000e-001  1.562500e-002
      vertex  7.500000e-001  5.625000e-001  0.000000e+000
      vertex  0.000000e+000  5.625000e-001  0.000000e+000
    endloop
  endfacet
  facet normal  9.951847e-001  0.000000e+000  9.801676e-002
    outer loop
      vertex  7.500000e-001  0.000000e+000  6.406250e-001
      vertex  7.500000e-001  7.500000e-001  6.406250e-001
      vertex  7.478984e-001  0.000000e+000  6.619630e-001
    endloop
  endfacet
  facet normal  9.951847e-001  -0.000000e+000  9.801676e-002
    outer loop
      vertex  7.478984e-001  0.000000e+000  6.619630e-001
      vertex  7.500000e-001  7.500000e-001  6.406250e-001
      vertex  7.478984e-001  7.500000e-001  6.619630e-001
    endloop
  endfacet
  facet normal  9.569400e-001  0.000000e+000  2.902858e-001
    outer loop
      vertex  7.478984e-001  0.000000e+000  6.619630e-001
      vertex  7.478984e-001  7.500000e-001  6.619630e-001
      vertex  7.416743e-001  0.000000e+000  6.824810e-001
    endloop
  endfacet
  facet normal  9.569400e-001  -0.000000e+000  2.902858e-001
    outer loop
      vertex  7.416743e-001  0.000000e+000  6.824810e-001
      vertex  7.478984e-001  7.500000e-001  6.619630e-001
      vertex  7.416743e-001  7.500000e-001  6.824810e-001
    endloop
  endfacet
  facet normal  8.819214e-001  0.000000e+000  4.713965e-001
    outer loop
      vertex  7.416743e-001  0.000000e+000  6.824810e-001
      vertex  7.416743e-001  7.500000e-001  6.824810e-001
      vertex  7.315670e-001  0.000000e+000  7.013905e-001
    endloop
  endfacet
  facet normal  8.819214e-001  -0.000000e+000  4.713965e-001
    outer loop
      vertex  7.315670e-001  0.000000e+000  7.013905e-001
      vertex  7.416743e-001  7.500000e-001  6.824810e-001
      vertex  7.315670e-001  7.500000e-001  7.013905e-001
    endloop
  endfacet
  facet normal  7.730118e-001  0.000000e+000  6.343917e-001
    outer loop
      vertex  7.315670e-001  0.000000e+000  7.013905e-001
      vertex  7.315670e-001  7.500000e-001  7.013905e-001
      vertex  7.179648e-001  0.000000e+000  7.179648e-001
    endloop
  endfacet
  facet normal  7.730118e-001  -0.000000e+000  6.343917e-001
    outer loop
      vertex  7.179648e-001  0.000000e+000  7.179648e-001
      vertex  7.315670e-001  7.500000e-001  7.013905e-001
      vertex  7.179648e-001  7.500000e-001  7.179648e-001
    endloop
  endfacet
  facet normal  6.343917e-001  0.000000e+000  7.730118e-001
    outer loop
      vertex  7.179648e-001  0.000000e+000  7.179648e-001
      vertex  7.179648e-001  7.500000e-001  7.179648e-001
      vertex  7.013905e-001  0.000000e+000  7.315670e-001
    endloop
  endfacet
  facet normal  6.343917e-001  -0.000000e+000  7.730118e-001
    outer loop
      vertex  7.013905e-001  0.000000e+000  7.315670e-001
      vertex  7.179648e-001  7.500000e-001  7.179648e-001
      vertex  7.013905e-001  7.500000e-001  7.315670e-001
    endloop
  endfacet
  facet normal  4.713965e-001  0.000000e+000  8.819214e-001
    outer loop
      vertex  7.013905e-001  0.000000e+000  7.315670e-001
      vertex  7.013905e-001  7.500000e-001  7.315670e-001
      vertex  6.824810e-001  0.000000e+000  7.416743e-001
    endloop
  endfacet
  facet normal  4.713965e-001  -0.000000e+000  8.819214e-001
    outer loop
      vertex  6.824810e-001  0.000000e+000  7.416743e-001
      vertex  7.013905e-001  7.500000e-001  7.315670e-001
      vertex  6.824810e-001  7.500000e-001  7.416743e-001
    endloop
  endfacet
  facet normal  2.902858e-001  0.000000e+000  9.569400e-001
    outer loop
      vertex  6.824810e-001  0.000000e+000  7.416743e-001
      vertex  6.824810e-001  7.500000e-001  7.416743e-001
      vertex  6.619630e-001  0.000000e+000  7.478984e-001
    endloop
  endfacet
  facet normal  2.902858e-001  -0.000000e+000  9.569400e-001
    outer loop
      vertex  6.619630e-001  0.000000e+000  7.478984e-001
      vertex  6.824810e-001  7.500000e-001  7.416743e-001
      vertex  6.619630e-001  7.500000e-001  7.478984e-001
    endloop
  endfacet
  facet normal  9.801676e-002  0.000000e+000  9.951847e-001
    outer loop
      vertex  6.619630e-001  0.000000e+000  7.478984e-001
      vertex  6.619630e-001  7.500000e-001  7.478984e-001
      vertex  6.406250e-001  0.000000e+000  7.500000e-001
    endloop
  endfacet
  facet normal  9.801676e-002  -0.000000e+000  9.951847e-001
    outer loop
      vertex  6.406250e-001  0.000000e+000  7.500000e-001
      vertex  6.619630e-001  7.500000e-001  7.478984e-001
      vertex  6.406250e-001  7.500000e-001  7.500000e-001
    endloop
  endfacet
endsolid CATIA STL
