solid CATIA STL
  facet normal  0.000000e+000  0.000000e+000  1.000000e+000
    outer loop
      vertex -7.343750e-001 -7.500000e-001  4.687500e-002
      vertex  7.500000e-001 -7.500000e-001  4.687500e-002
      vertex -7.500000e-001 -7.031250e-001  4.687500e-002
    endloop
  endfacet
  facet normal  -0.000000e+000  0.000000e+000  1.000000e+000
    outer loop
      vertex -7.500000e-001  7.500000e-001  4.687500e-002
      vertex -7.500000e-001 -7.031250e-001  4.687500e-002
      vertex  7.500000e-001 -7.500000e-001  4.687500e-002
    endloop
  endfacet
  facet normal  0.000000e+000  -0.000000e+000  1.000000e+000
    outer loop
      vertex -7.500000e-001  7.500000e-001  4.687500e-002
      vertex  7.500000e-001 -7.500000e-001  4.687500e-002
      vertex  7.500000e-001  6.250000e-001  4.687500e-002
    endloop
  endfacet
  facet normal  0.000000e+000  0.000000e+000  1.000000e+000
    outer loop
      vertex -7.500000e-001  7.500000e-001  4.687500e-002
      vertex  7.500000e-001  6.250000e-001  4.687500e-002
      vertex  7.475982e-001  6.493863e-001  4.687500e-002
    endloop
  endfacet
  facet normal  0.000000e+000  0.000000e+000  1.000000e+000
    outer loop
      vertex -7.500000e-001  7.500000e-001  4.687500e-002
      vertex  7.475982e-001  6.493863e-001  4.687500e-002
      vertex  7.404850e-001  6.728354e-001  4.687500e-002
    endloop
  endfacet
  facet normal  0.000000e+000  0.000000e+000  1.000000e+000
    outer loop
      vertex -7.500000e-001  7.500000e-001  4.687500e-002
      vertex  7.404850e-001  6.728354e-001  4.687500e-002
      vertex  7.289337e-001  6.944463e-001  4.687500e-002
    endloop
  endfacet
  facet normal  0.000000e+000  0.000000e+000  1.000000e+000
    outer loop
      vertex -7.500000e-001  7.500000e-001  4.687500e-002
      vertex  7.289337e-001  6.944463e-001  4.687500e-002
      vertex  7.133883e-001  7.133883e-001  4.687500e-002
    endloop
  endfacet
  facet normal  0.000000e+000  0.000000e+000  1.000000e+000
    outer loop
      vertex -7.500000e-001  7.500000e-001  4.687500e-002
      vertex  7.133883e-001  7.133883e-001  4.687500e-002
      vertex  6.944463e-001  7.289337e-001  4.687500e-002
    endloop
  endfacet
  facet normal  0.000000e+000  0.000000e+000  1.000000e+000
    outer loop
      vertex -7.500000e-001  7.500000e-001  4.687500e-002
      vertex  6.944463e-001  7.289337e-001  4.687500e-002
      vertex  6.728354e-001  7.404850e-001  4.687500e-002
    endloop
  endfacet
  facet normal  0.000000e+000  0.000000e+000  1.000000e+000
    outer loop
      vertex -7.500000e-001  7.500000e-001  4.687500e-002
      vertex  6.728354e-001  7.404850e-001  4.687500e-002
      vertex  6.493863e-001  7.475982e-001  4.687500e-002
    endloop
  endfacet
  facet normal  0.000000e+000  0.000000e+000  9.999999e-001
    outer loop
      vertex -7.500000e-001  7.500000e-001  4.687500e-002
      vertex  6.493863e-001  7.475982e-001  4.687500e-002
      vertex  6.250000e-001  7.500000e-001  4.687500e-002
    endloop
  endfacet
  facet normal  0.000000e+000  0.000000e+000 -1.000000e+000
    outer loop
      vertex -7.500000e-001 -7.031250e-001  0.000000e+000
      vertex  7.500000e-001 -7.500000e-001  0.000000e+000
      vertex -7.343750e-001 -7.500000e-001  0.000000e+000
    endloop
  endfacet
  facet normal  -0.000000e+000  -0.000000e+000 -9.999999e-001
    outer loop
      vertex -7.500000e-001  7.500000e-001  0.000000e+000
      vertex  6.250000e-001  7.500000e-001  0.000000e+000
      vertex  6.493863e-001  7.475982e-001  0.000000e+000
    endloop
  endfacet
  facet normal  -0.000000e+000  -0.000000e+000 -1.000000e+000
    outer loop
      vertex -7.500000e-001  7.500000e-001  0.000000e+000
      vertex  6.493863e-001  7.475982e-001  0.000000e+000
      vertex  6.728354e-001  7.404850e-001  0.000000e+000
    endloop
  endfacet
  facet normal  -0.000000e+000  -0.000000e+000 -1.000000e+000
    outer loop
      vertex -7.500000e-001  7.500000e-001  0.000000e+000
      vertex  6.728354e-001  7.404850e-001  0.000000e+000
      vertex  6.944463e-001  7.289337e-001  0.000000e+000
    endloop
  endfacet
  facet normal  -0.000000e+000  -0.000000e+000 -1.000000e+000
    outer loop
      vertex -7.500000e-001  7.500000e-001  0.000000e+000
      vertex  6.944463e-001  7.289337e-001  0.000000e+000
      vertex  7.133883e-001  7.133883e-001  0.000000e+000
    endloop
  endfacet
  facet normal  -0.000000e+000  -0.000000e+000 -1.000000e+000
    outer loop
      vertex -7.500000e-001  7.500000e-001  0.000000e+000
      vertex  7.133883e-001  7.133883e-001  0.000000e+000
      vertex  7.289337e-001  6.944463e-001  0.000000e+000
    endloop
  endfacet
  facet normal  -0.000000e+000  -0.000000e+000 -1.000000e+000
    outer loop
      vertex -7.500000e-001  7.500000e-001  0.000000e+000
      vertex  7.289337e-001  6.944463e-001  0.000000e+000
      vertex  7.404850e-001  6.728354e-001  0.000000e+000
    endloop
  endfacet
  facet normal  -0.000000e+000  -0.000000e+000 -1.000000e+000
    outer loop
      vertex -7.500000e-001  7.500000e-001  0.000000e+000
      vertex  7.404850e-001  6.728354e-001  0.000000e+000
      vertex  7.475982e-001  6.493863e-001  0.000000e+000
    endloop
  endfacet
  facet normal  -0.000000e+000  -0.000000e+000 -1.000000e+000
    outer loop
      vertex -7.500000e-001  7.500000e-001  0.000000e+000
      vertex  7.475982e-001  6.493863e-001  0.000000e+000
      vertex  7.500000e-001  6.250000e-001  0.000000e+000
    endloop
  endfacet
  facet normal  -0.000000e+000  -0.000000e+000 -1.000000e+000
    outer loop
      vertex -7.500000e-001  7.500000e-001  0.000000e+000
      vertex  7.500000e-001  6.250000e-001  0.000000e+000
      vertex  7.500000e-001 -7.500000e-001  0.000000e+000
    endloop
  endfacet
  facet normal  0.000000e+000  0.000000e+000 -1.000000e+000
    outer loop
      vertex -7.500000e-001  7.500000e-001  0.000000e+000
      vertex  7.500000e-001 -7.500000e-001  0.000000e+000
      vertex -7.500000e-001 -7.031250e-001  0.000000e+000
    endloop
  endfacet
  facet normal -1.000000e+000  0.000000e+000  0.000000e+000
    outer loop
      vertex -7.500000e-001  7.500000e-001  4.687500e-002
      vertex -7.500000e-001  7.500000e-001  0.000000e+000
      vertex -7.500000e-001 -7.031250e-001  4.687500e-002
    endloop
  endfacet
  facet normal -1.000000e+000  0.000000e+000  0.000000e+000
    outer loop
      vertex -7.500000e-001 -7.031250e-001  4.687500e-002
      vertex -7.500000e-001  7.500000e-001  0.000000e+000
      vertex -7.500000e-001 -7.031250e-001  0.000000e+000
    endloop
  endfacet
  facet normal  0.000000e+000 -1.000000e+000  0.000000e+000
    outer loop
      vertex -7.343750e-001 -7.500000e-001  4.687500e-002
      vertex -7.343750e-001 -7.500000e-001  0.000000e+000
      vertex  7.500000e-001 -7.500000e-001  4.687500e-002
    endloop
  endfacet
  facet normal  0.000000e+000 -1.000000e+000  -0.000000e+000
    outer loop
      vertex  7.500000e-001 -7.500000e-001  4.687500e-002
      vertex -7.343750e-001 -7.500000e-001  0.000000e+000
      vertex  7.500000e-001 -7.500000e-001  0.000000e+000
    endloop
  endfacet
  facet normal -9.486833e-001 -3.162278e-001  0.000000e+000
    outer loop
      vertex -7.500000e-001 -7.031250e-001  4.687500e-002
      vertex -7.500000e-001 -7.031250e-001  0.000000e+000
      vertex -7.343750e-001 -7.500000e-001  4.687500e-002
    endloop
  endfacet
  facet normal -9.486833e-001 -3.162278e-001  -0.000000e+000
    outer loop
      vertex -7.343750e-001 -7.500000e-001  4.687500e-002
      vertex -7.500000e-001 -7.031250e-001  0.000000e+000
      vertex -7.343750e-001 -7.500000e-001  0.000000e+000
    endloop
  endfacet
  facet normal  0.000000e+000  1.000000e+000  -0.000000e+000
    outer loop
      vertex  6.250000e-001  7.500000e-001  4.687500e-002
      vertex  6.250000e-001  7.500000e-001  0.000000e+000
      vertex -7.500000e-001  7.500000e-001  4.687500e-002
    endloop
  endfacet
  facet normal  0.000000e+000  1.000000e+000  0.000000e+000
    outer loop
      vertex -7.500000e-001  7.500000e-001  4.687500e-002
      vertex  6.250000e-001  7.500000e-001  0.000000e+000
      vertex -7.500000e-001  7.500000e-001  0.000000e+000
    endloop
  endfacet
  facet normal  1.000000e+000  0.000000e+000  0.000000e+000
    outer loop
      vertex  7.500000e-001 -7.500000e-001  4.687500e-002
      vertex  7.500000e-001 -7.500000e-001  0.000000e+000
      vertex  7.500000e-001  6.250000e-001  4.687500e-002
    endloop
  endfacet
  facet normal  1.000000e+000  0.000000e+000  0.000000e+000
    outer loop
      vertex  7.500000e-001  6.250000e-001  4.687500e-002
      vertex  7.500000e-001 -7.500000e-001  0.000000e+000
      vertex  7.500000e-001  6.250000e-001  0.000000e+000
    endloop
  endfacet
  facet normal  9.801669e-002  9.951847e-001  0.000000e+000
    outer loop
      vertex  6.250000e-001  7.500000e-001  0.000000e+000
      vertex  6.250000e-001  7.500000e-001  4.687500e-002
      vertex  6.493863e-001  7.475982e-001  0.000000e+000
    endloop
  endfacet
  facet normal  9.801669e-002  9.951847e-001  -0.000000e+000
    outer loop
      vertex  6.493863e-001  7.475982e-001  0.000000e+000
      vertex  6.250000e-001  7.500000e-001  4.687500e-002
      vertex  6.493863e-001  7.475982e-001  4.687500e-002
    endloop
  endfacet
  facet normal  2.902849e-001  9.569404e-001  0.000000e+000
    outer loop
      vertex  6.493863e-001  7.475982e-001  0.000000e+000
      vertex  6.493863e-001  7.475982e-001  4.687500e-002
      vertex  6.728354e-001  7.404850e-001  0.000000e+000
    endloop
  endfacet
  facet normal  2.902849e-001  9.569404e-001  -0.000000e+000
    outer loop
      vertex  6.728354e-001  7.404850e-001  0.000000e+000
      vertex  6.493863e-001  7.475982e-001  4.687500e-002
      vertex  6.728354e-001  7.404850e-001  4.687500e-002
    endloop
  endfacet
  facet normal  4.713973e-001  8.819210e-001  0.000000e+000
    outer loop
      vertex  6.728354e-001  7.404850e-001  0.000000e+000
      vertex  6.728354e-001  7.404850e-001  4.687500e-002
      vertex  6.944463e-001  7.289337e-001  0.000000e+000
    endloop
  endfacet
  facet normal  4.713973e-001  8.819210e-001  -0.000000e+000
    outer loop
      vertex  6.944463e-001  7.289337e-001  0.000000e+000
      vertex  6.728354e-001  7.404850e-001  4.687500e-002
      vertex  6.944463e-001  7.289337e-001  4.687500e-002
    endloop
  endfacet
  facet normal  6.343939e-001  7.730100e-001  0.000000e+000
    outer loop
      vertex  6.944463e-001  7.289337e-001  0.000000e+000
      vertex  6.944463e-001  7.289337e-001  4.687500e-002
      vertex  7.133883e-001  7.133883e-001  0.000000e+000
    endloop
  endfacet
  facet normal  6.343939e-001  7.730100e-001  -0.000000e+000
    outer loop
      vertex  7.133883e-001  7.133883e-001  0.000000e+000
      vertex  6.944463e-001  7.289337e-001  4.687500e-002
      vertex  7.133883e-001  7.133883e-001  4.687500e-002
    endloop
  endfacet
  facet normal  7.730100e-001  6.343939e-001  0.000000e+000
    outer loop
      vertex  7.133883e-001  7.133883e-001  0.000000e+000
      vertex  7.133883e-001  7.133883e-001  4.687500e-002
      vertex  7.289337e-001  6.944463e-001  0.000000e+000
    endloop
  endfacet
  facet normal  7.730100e-001  6.343939e-001  -0.000000e+000
    outer loop
      vertex  7.289337e-001  6.944463e-001  0.000000e+000
      vertex  7.133883e-001  7.133883e-001  4.687500e-002
      vertex  7.289337e-001  6.944463e-001  4.687500e-002
    endloop
  endfacet
  facet normal  8.819210e-001  4.713973e-001  0.000000e+000
    outer loop
      vertex  7.289337e-001  6.944463e-001  0.000000e+000
      vertex  7.289337e-001  6.944463e-001  4.687500e-002
      vertex  7.404850e-001  6.728354e-001  0.000000e+000
    endloop
  endfacet
  facet normal  8.819210e-001  4.713973e-001  -0.000000e+000
    outer loop
      vertex  7.404850e-001  6.728354e-001  0.000000e+000
      vertex  7.289337e-001  6.944463e-001  4.687500e-002
      vertex  7.404850e-001  6.728354e-001  4.687500e-002
    endloop
  endfacet
  facet normal  9.569404e-001  2.902849e-001  0.000000e+000
    outer loop
      vertex  7.404850e-001  6.728354e-001  0.000000e+000
      vertex  7.404850e-001  6.728354e-001  4.687500e-002
      vertex  7.475982e-001  6.493863e-001  0.000000e+000
    endloop
  endfacet
  facet normal  9.569404e-001  2.902849e-001  -0.000000e+000
    outer loop
      vertex  7.475982e-001  6.493863e-001  0.000000e+000
      vertex  7.404850e-001  6.728354e-001  4.687500e-002
      vertex  7.475982e-001  6.493863e-001  4.687500e-002
    endloop
  endfacet
  facet normal  9.951847e-001  9.801669e-002  0.000000e+000
    outer loop
      vertex  7.475982e-001  6.493863e-001  0.000000e+000
      vertex  7.475982e-001  6.493863e-001  4.687500e-002
      vertex  7.500000e-001  6.250000e-001  0.000000e+000
    endloop
  endfacet
  facet normal  9.951847e-001  9.801669e-002  -0.000000e+000
    outer loop
      vertex  7.500000e-001  6.250000e-001  0.000000e+000
      vertex  7.475982e-001  6.493863e-001  4.687500e-002
      vertex  7.500000e-001  6.250000e-001  4.687500e-002
    endloop
  endfacet
endsolid CATIA STL
