solid CATIA STL
  facet normal  0.000000e+000 -1.000000e+000  0.000000e+000
    outer loop
      vertex -6.093750e-001 -6.406250e-001 -7.500000e-001
      vertex  6.383224e-001 -6.406250e-001 -7.500000e-001
      vertex -6.093750e-001 -6.406250e-001  7.500000e-001
    endloop
  endfacet
  facet normal  0.000000e+000 -1.000000e+000  0.000000e+000
    outer loop
      vertex -6.093750e-001 -6.406250e-001  7.500000e-001
      vertex  6.383224e-001 -6.406250e-001 -7.500000e-001
      vertex  6.383224e-001 -6.406250e-001  7.500000e-001
    endloop
  endfacet
  facet normal -1.000000e+000  -0.000000e+000  0.000000e+000
    outer loop
      vertex -6.406250e-001 -6.093750e-001  7.500000e-001
      vertex -6.406250e-001  1.665335e-016  7.500000e-001
      vertex -6.406250e-001 -6.093750e-001 -7.500000e-001
    endloop
  endfacet
  facet normal -1.000000e+000  0.000000e+000  0.000000e+000
    outer loop
      vertex -6.406250e-001 -6.093750e-001 -7.500000e-001
      vertex -6.406250e-001  1.665335e-016  7.500000e-001
      vertex -6.406250e-001  0.000000e+000 -7.500000e-001
    endloop
  endfacet
  facet normal  -0.000000e+000  -0.000000e+000  1.000000e+000
    outer loop
      vertex -6.406250e-001 -6.093750e-001  7.500000e-001
      vertex -6.400245e-001 -6.154716e-001  7.500000e-001
      vertex -6.382462e-001 -6.213338e-001  7.500000e-001
    endloop
  endfacet
  facet normal  -0.000000e+000  0.000000e+000  1.000000e+000
    outer loop
      vertex -6.406250e-001  1.665335e-016  7.500000e-001
      vertex -6.406250e-001 -6.093750e-001  7.500000e-001
      vertex -6.382462e-001 -6.213338e-001  7.500000e-001
    endloop
  endfacet
  facet normal  -0.000000e+000  -0.000000e+000  9.999999e-001
    outer loop
      vertex -6.406250e-001  1.665335e-016  7.500000e-001
      vertex -6.382462e-001 -6.213338e-001  7.500000e-001
      vertex -6.353585e-001 -6.267366e-001  7.500000e-001
    endloop
  endfacet
  facet normal  -0.000000e+000  -0.000000e+000  1.000000e+000
    outer loop
      vertex -6.406250e-001  1.665335e-016  7.500000e-001
      vertex -6.353585e-001 -6.267366e-001  7.500000e-001
      vertex -6.314721e-001 -6.314721e-001  7.500000e-001
    endloop
  endfacet
  facet normal  -0.000000e+000  -0.000000e+000  1.000000e+000
    outer loop
      vertex -6.406250e-001  1.665335e-016  7.500000e-001
      vertex -6.314721e-001 -6.314721e-001  7.500000e-001
      vertex -6.267366e-001 -6.353585e-001  7.500000e-001
    endloop
  endfacet
  facet normal  -0.000000e+000  -0.000000e+000  1.000000e+000
    outer loop
      vertex -6.406250e-001  1.665335e-016  7.500000e-001
      vertex -6.267366e-001 -6.353585e-001  7.500000e-001
      vertex -6.213338e-001 -6.382462e-001  7.500000e-001
    endloop
  endfacet
  facet normal  -0.000000e+000  -0.000000e+000  1.000000e+000
    outer loop
      vertex -6.406250e-001  1.665335e-016  7.500000e-001
      vertex -6.213338e-001 -6.382462e-001  7.500000e-001
      vertex -6.154716e-001 -6.400245e-001  7.500000e-001
    endloop
  endfacet
  facet normal  -0.000000e+000  -0.000000e+000  9.999999e-001
    outer loop
      vertex -6.406250e-001  1.665335e-016  7.500000e-001
      vertex -6.154716e-001 -6.400245e-001  7.500000e-001
      vertex -6.093750e-001 -6.406250e-001  7.500000e-001
    endloop
  endfacet
  facet normal  0.000000e+000  -0.000000e+000  1.000000e+000
    outer loop
      vertex -6.406250e-001  1.665335e-016  7.500000e-001
      vertex -6.093750e-001 -6.406250e-001  7.500000e-001
      vertex  6.383224e-001 -6.406250e-001  7.500000e-001
    endloop
  endfacet
  facet normal  0.000000e+000  -0.000000e+000  1.000000e+000
    outer loop
      vertex -6.406250e-001  1.665335e-016  7.500000e-001
      vertex  6.383224e-001 -6.406250e-001  7.500000e-001
      vertex  6.383224e-001  3.085251e-016  7.500000e-001
    endloop
  endfacet
  facet normal  0.000000e+000  0.000000e+000 -1.000000e+000
    outer loop
      vertex -6.353585e-001 -6.267366e-001 -7.500000e-001
      vertex -6.213338e-001 -6.382462e-001 -7.500000e-001
      vertex -6.267366e-001 -6.353585e-001 -7.500000e-001
    endloop
  endfacet
  facet normal  0.000000e+000  0.000000e+000 -1.000000e+000
    outer loop
      vertex -6.353585e-001 -6.267366e-001 -7.500000e-001
      vertex -6.267366e-001 -6.353585e-001 -7.500000e-001
      vertex -6.314721e-001 -6.314721e-001 -7.500000e-001
    endloop
  endfacet
  facet normal  0.000000e+000  0.000000e+000 -1.000000e+000
    outer loop
      vertex  6.383224e-001  1.419917e-016 -7.500000e-001
      vertex  6.383224e-001 -6.406250e-001 -7.500000e-001
      vertex -6.093750e-001 -6.406250e-001 -7.500000e-001
    endloop
  endfacet
  facet normal  0.000000e+000  0.000000e+000 -1.000000e+000
    outer loop
      vertex  6.383224e-001  1.419917e-016 -7.500000e-001
      vertex -6.093750e-001 -6.406250e-001 -7.500000e-001
      vertex -6.154716e-001 -6.400245e-001 -7.500000e-001
    endloop
  endfacet
  facet normal  0.000000e+000  0.000000e+000 -1.000000e+000
    outer loop
      vertex  6.383224e-001  1.419917e-016 -7.500000e-001
      vertex -6.154716e-001 -6.400245e-001 -7.500000e-001
      vertex -6.406250e-001  0.000000e+000 -7.500000e-001
    endloop
  endfacet
  facet normal  0.000000e+000  0.000000e+000 -1.000000e+000
    outer loop
      vertex -6.154716e-001 -6.400245e-001 -7.500000e-001
      vertex -6.213338e-001 -6.382462e-001 -7.500000e-001
      vertex -6.353585e-001 -6.267366e-001 -7.500000e-001
    endloop
  endfacet
  facet normal  0.000000e+000  0.000000e+000 -9.999999e-001
    outer loop
      vertex -6.154716e-001 -6.400245e-001 -7.500000e-001
      vertex -6.353585e-001 -6.267366e-001 -7.500000e-001
      vertex -6.382462e-001 -6.213338e-001 -7.500000e-001
    endloop
  endfacet
  facet normal  0.000000e+000  0.000000e+000 -1.000000e+000
    outer loop
      vertex -6.154716e-001 -6.400245e-001 -7.500000e-001
      vertex -6.382462e-001 -6.213338e-001 -7.500000e-001
      vertex -6.400245e-001 -6.154716e-001 -7.500000e-001
    endloop
  endfacet
  facet normal  0.000000e+000  0.000000e+000 -9.999999e-001
    outer loop
      vertex -6.154716e-001 -6.400245e-001 -7.500000e-001
      vertex -6.400245e-001 -6.154716e-001 -7.500000e-001
      vertex -6.406250e-001 -6.093750e-001 -7.500000e-001
    endloop
  endfacet
  facet normal  0.000000e+000  0.000000e+000 -1.000000e+000
    outer loop
      vertex -6.154716e-001 -6.400245e-001 -7.500000e-001
      vertex -6.406250e-001 -6.093750e-001 -7.500000e-001
      vertex -6.406250e-001  0.000000e+000 -7.500000e-001
    endloop
  endfacet
  facet normal -9.951848e-001 -9.801622e-002  0.000000e+000
    outer loop
      vertex -6.406250e-001 -6.093750e-001  7.500000e-001
      vertex -6.406250e-001 -6.093750e-001 -7.500000e-001
      vertex -6.400245e-001 -6.154716e-001  7.500000e-001
    endloop
  endfacet
  facet normal -9.951848e-001 -9.801622e-002  -0.000000e+000
    outer loop
      vertex -6.400245e-001 -6.154716e-001  7.500000e-001
      vertex -6.406250e-001 -6.093750e-001 -7.500000e-001
      vertex -6.400245e-001 -6.154716e-001 -7.500000e-001
    endloop
  endfacet
  facet normal -9.569396e-001 -2.902869e-001  0.000000e+000
    outer loop
      vertex -6.400245e-001 -6.154716e-001  7.500000e-001
      vertex -6.400245e-001 -6.154716e-001 -7.500000e-001
      vertex -6.382462e-001 -6.213338e-001  7.500000e-001
    endloop
  endfacet
  facet normal -9.569396e-001 -2.902869e-001  -0.000000e+000
    outer loop
      vertex -6.382462e-001 -6.213338e-001  7.500000e-001
      vertex -6.400245e-001 -6.154716e-001 -7.500000e-001
      vertex -6.382462e-001 -6.213338e-001 -7.500000e-001
    endloop
  endfacet
  facet normal -8.819240e-001 -4.713915e-001  0.000000e+000
    outer loop
      vertex -6.382462e-001 -6.213338e-001  7.500000e-001
      vertex -6.382462e-001 -6.213338e-001 -7.500000e-001
      vertex -6.353585e-001 -6.267366e-001  7.500000e-001
    endloop
  endfacet
  facet normal -8.819240e-001 -4.713915e-001  -0.000000e+000
    outer loop
      vertex -6.353585e-001 -6.267366e-001  7.500000e-001
      vertex -6.382462e-001 -6.213338e-001 -7.500000e-001
      vertex -6.353585e-001 -6.267366e-001 -7.500000e-001
    endloop
  endfacet
  facet normal -7.730109e-001 -6.343926e-001  0.000000e+000
    outer loop
      vertex -6.353585e-001 -6.267366e-001  7.500000e-001
      vertex -6.353585e-001 -6.267366e-001 -7.500000e-001
      vertex -6.314721e-001 -6.314721e-001  7.500000e-001
    endloop
  endfacet
  facet normal -7.730109e-001 -6.343926e-001  -0.000000e+000
    outer loop
      vertex -6.314721e-001 -6.314721e-001  7.500000e-001
      vertex -6.353585e-001 -6.267366e-001 -7.500000e-001
      vertex -6.314721e-001 -6.314721e-001 -7.500000e-001
    endloop
  endfacet
  facet normal -6.343926e-001 -7.730109e-001  0.000000e+000
    outer loop
      vertex -6.314721e-001 -6.314721e-001  7.500000e-001
      vertex -6.314721e-001 -6.314721e-001 -7.500000e-001
      vertex -6.267366e-001 -6.353585e-001  7.500000e-001
    endloop
  endfacet
  facet normal -6.343926e-001 -7.730109e-001  -0.000000e+000
    outer loop
      vertex -6.267366e-001 -6.353585e-001  7.500000e-001
      vertex -6.314721e-001 -6.314721e-001 -7.500000e-001
      vertex -6.267366e-001 -6.353585e-001 -7.500000e-001
    endloop
  endfacet
  facet normal -4.713915e-001 -8.819240e-001  0.000000e+000
    outer loop
      vertex -6.267366e-001 -6.353585e-001  7.500000e-001
      vertex -6.267366e-001 -6.353585e-001 -7.500000e-001
      vertex -6.213338e-001 -6.382462e-001  7.500000e-001
    endloop
  endfacet
  facet normal -4.713915e-001 -8.819240e-001  -0.000000e+000
    outer loop
      vertex -6.213338e-001 -6.382462e-001  7.500000e-001
      vertex -6.267366e-001 -6.353585e-001 -7.500000e-001
      vertex -6.213338e-001 -6.382462e-001 -7.500000e-001
    endloop
  endfacet
  facet normal -2.902869e-001 -9.569396e-001  0.000000e+000
    outer loop
      vertex -6.213338e-001 -6.382462e-001  7.500000e-001
      vertex -6.213338e-001 -6.382462e-001 -7.500000e-001
      vertex -6.154716e-001 -6.400245e-001  7.500000e-001
    endloop
  endfacet
  facet normal -2.902869e-001 -9.569396e-001  -0.000000e+000
    outer loop
      vertex -6.154716e-001 -6.400245e-001  7.500000e-001
      vertex -6.213338e-001 -6.382462e-001 -7.500000e-001
      vertex -6.154716e-001 -6.400245e-001 -7.500000e-001
    endloop
  endfacet
  facet normal -9.801622e-002 -9.951848e-001  0.000000e+000
    outer loop
      vertex -6.154716e-001 -6.400245e-001  7.500000e-001
      vertex -6.154716e-001 -6.400245e-001 -7.500000e-001
      vertex -6.093750e-001 -6.406250e-001  7.500000e-001
    endloop
  endfacet
  facet normal -9.801622e-002 -9.951848e-001  -0.000000e+000
    outer loop
      vertex -6.093750e-001 -6.406250e-001  7.500000e-001
      vertex -6.154716e-001 -6.400245e-001 -7.500000e-001
      vertex -6.093750e-001 -6.406250e-001 -7.500000e-001
    endloop
  endfacet
  facet normal -1.110223e-016  9.999999e-001 -1.110223e-016
    outer loop
      vertex -6.406250e-001  0.000000e+000 -7.500000e-001
      vertex -6.406250e-001  1.665335e-016  7.500000e-001
      vertex  6.383224e-001  1.419917e-016 -7.500000e-001
    endloop
  endfacet
  facet normal -1.110223e-016  9.999999e-001 -1.110223e-016
    outer loop
      vertex  6.383224e-001  1.419917e-016 -7.500000e-001
      vertex -6.406250e-001  1.665335e-016  7.500000e-001
      vertex  6.383224e-001  3.085251e-016  7.500000e-001
    endloop
  endfacet
  facet normal  9.999999e-001  0.000000e+000  0.000000e+000
    outer loop
      vertex  6.383224e-001 -6.406250e-001 -7.500000e-001
      vertex  6.383224e-001  1.419917e-016 -7.500000e-001
      vertex  6.383224e-001 -6.406250e-001  7.500000e-001
    endloop
  endfacet
  facet normal  9.999999e-001  -0.000000e+000  0.000000e+000
    outer loop
      vertex  6.383224e-001 -6.406250e-001  7.500000e-001
      vertex  6.383224e-001  1.419917e-016 -7.500000e-001
      vertex  6.383224e-001  3.085251e-016  7.500000e-001
    endloop
  endfacet
endsolid CATIA STL
