solid CATIA STL
  facet normal  0.000000e+000  0.000000e+000  1.000000e+000
    outer loop
      vertex  6.093750e-001  6.414474e-003  1.250000e-001
      vertex  5.977893e-001  1.240462e-001  1.250000e-001
      vertex  5.634773e-001  2.371575e-001  1.250000e-001
    endloop
  endfacet
  facet normal  0.000000e+000  0.000000e+000  1.000000e+000
    outer loop
      vertex  6.093750e-001  6.414474e-003  1.250000e-001
      vertex  5.634773e-001  2.371575e-001  1.250000e-001
      vertex  5.077578e-001  3.414014e-001  1.250000e-001
    endloop
  endfacet
  facet normal  0.000000e+000  0.000000e+000  1.000000e+000
    outer loop
      vertex  6.093750e-001  6.414474e-003  1.250000e-001
      vertex  5.077578e-001  3.414014e-001  1.250000e-001
      vertex  4.327720e-001  4.327720e-001  1.250000e-001
    endloop
  endfacet
  facet normal  0.000000e+000  0.000000e+000  1.000000e+000
    outer loop
      vertex  6.093750e-001  6.414474e-003  1.250000e-001
      vertex  4.327720e-001  4.327720e-001  1.250000e-001
      vertex  3.414014e-001  5.077578e-001  1.250000e-001
    endloop
  endfacet
  facet normal  0.000000e+000  0.000000e+000  1.000000e+000
    outer loop
      vertex  6.093750e-001  6.414474e-003  1.250000e-001
      vertex  3.414014e-001  5.077578e-001  1.250000e-001
      vertex  2.371575e-001  5.634773e-001  1.250000e-001
    endloop
  endfacet
  facet normal  0.000000e+000  0.000000e+000  1.000000e+000
    outer loop
      vertex  6.093750e-001  6.414474e-003  1.250000e-001
      vertex  2.371575e-001  5.634773e-001  1.250000e-001
      vertex  1.240462e-001  5.977893e-001  1.250000e-001
    endloop
  endfacet
  facet normal  0.000000e+000  0.000000e+000  1.000000e+000
    outer loop
      vertex  6.093750e-001  6.414474e-003  1.250000e-001
      vertex  1.240462e-001  5.977893e-001  1.250000e-001
      vertex  6.414474e-003  6.093750e-001  1.250000e-001
    endloop
  endfacet
  facet normal  0.000000e+000  0.000000e+000  1.000000e+000
    outer loop
      vertex  6.093750e-001  6.414474e-003  1.250000e-001
      vertex  6.414474e-003  6.093750e-001  1.250000e-001
      vertex -6.093750e-001  6.093750e-001  1.250000e-001
    endloop
  endfacet
  facet normal  0.000000e+000  0.000000e+000  1.000000e+000
    outer loop
      vertex  6.093750e-001  6.414474e-003  1.250000e-001
      vertex -6.093750e-001  6.093750e-001  1.250000e-001
      vertex -6.093750e-001 -5.312500e-001  1.250000e-001
    endloop
  endfacet
  facet normal  0.000000e+000  0.000000e+000  1.000000e+000
    outer loop
      vertex  6.093750e-001  6.414474e-003  1.250000e-001
      vertex -6.093750e-001 -5.312500e-001  1.250000e-001
      vertex  6.093750e-001 -5.312500e-001  1.250000e-001
    endloop
  endfacet
  facet normal -1.000000e+000  0.000000e+000  0.000000e+000
    outer loop
      vertex -6.093750e-001  6.093750e-001  1.250000e-001
      vertex -6.093750e-001  6.093750e-001  0.000000e+000
      vertex -6.093750e-001 -5.312500e-001  1.250000e-001
    endloop
  endfacet
  facet normal -1.000000e+000  0.000000e+000  -0.000000e+000
    outer loop
      vertex -6.093750e-001 -5.312500e-001  1.250000e-001
      vertex -6.093750e-001  6.093750e-001  0.000000e+000
      vertex -6.093750e-001 -6.093750e-001  0.000000e+000
    endloop
  endfacet
  facet normal -1.000000e+000  0.000000e+000  0.000000e+000
    outer loop
      vertex -6.093750e-001 -5.312500e-001  1.250000e-001
      vertex -6.093750e-001 -6.093750e-001  0.000000e+000
      vertex -6.093750e-001 -6.093750e-001  1.171875e-001
    endloop
  endfacet
  facet normal  1.000000e+000  0.000000e+000  0.000000e+000
    outer loop
      vertex  6.093750e-001  6.414474e-003  0.000000e+000
      vertex  6.093750e-001  6.414474e-003  1.250000e-001
      vertex  6.093750e-001 -6.093750e-001  0.000000e+000
    endloop
  endfacet
  facet normal  1.000000e+000  0.000000e+000  0.000000e+000
    outer loop
      vertex  6.093750e-001 -6.093750e-001  0.000000e+000
      vertex  6.093750e-001  6.414474e-003  1.250000e-001
      vertex  6.093750e-001 -5.312500e-001  1.250000e-001
    endloop
  endfacet
  facet normal  1.000000e+000  0.000000e+000  0.000000e+000
    outer loop
      vertex  6.093750e-001 -6.093750e-001  0.000000e+000
      vertex  6.093750e-001 -5.312500e-001  1.250000e-001
      vertex  6.093750e-001 -6.093750e-001  1.171875e-001
    endloop
  endfacet
  facet normal  0.000000e+000 -1.000000e+000  0.000000e+000
    outer loop
      vertex -6.093750e-001 -6.093750e-001  1.171875e-001
      vertex -6.093750e-001 -6.093750e-001  0.000000e+000
      vertex  6.093750e-001 -6.093750e-001  1.171875e-001
    endloop
  endfacet
  facet normal  0.000000e+000 -1.000000e+000  -0.000000e+000
    outer loop
      vertex  6.093750e-001 -6.093750e-001  1.171875e-001
      vertex -6.093750e-001 -6.093750e-001  0.000000e+000
      vertex  6.093750e-001 -6.093750e-001  0.000000e+000
    endloop
  endfacet
  facet normal  0.000000e+000 -9.950371e-002  9.950371e-001
    outer loop
      vertex  6.093750e-001 -5.312500e-001  1.250000e-001
      vertex -6.093750e-001 -5.312500e-001  1.250000e-001
      vertex  6.093750e-001 -6.093750e-001  1.171875e-001
    endloop
  endfacet
  facet normal  0.000000e+000 -9.950371e-002  9.950371e-001
    outer loop
      vertex  6.093750e-001 -6.093750e-001  1.171875e-001
      vertex -6.093750e-001 -5.312500e-001  1.250000e-001
      vertex -6.093750e-001 -6.093750e-001  1.171875e-001
    endloop
  endfacet
  facet normal  0.000000e+000  0.000000e+000 -1.000000e+000
    outer loop
      vertex  6.093750e-001  6.414474e-003  0.000000e+000
      vertex  6.093750e-001 -6.093750e-001  0.000000e+000
      vertex -6.093750e-001 -6.093750e-001  0.000000e+000
    endloop
  endfacet
  facet normal  0.000000e+000  0.000000e+000 -1.000000e+000
    outer loop
      vertex  6.093750e-001  6.414474e-003  0.000000e+000
      vertex -6.093750e-001 -6.093750e-001  0.000000e+000
      vertex -6.093750e-001  6.093750e-001  0.000000e+000
    endloop
  endfacet
  facet normal  0.000000e+000  0.000000e+000 -1.000000e+000
    outer loop
      vertex  6.093750e-001  6.414474e-003  0.000000e+000
      vertex -6.093750e-001  6.093750e-001  0.000000e+000
      vertex  6.414474e-003  6.093750e-001  0.000000e+000
    endloop
  endfacet
  facet normal  0.000000e+000  0.000000e+000 -1.000000e+000
    outer loop
      vertex  6.093750e-001  6.414474e-003  0.000000e+000
      vertex  6.414474e-003  6.093750e-001  0.000000e+000
      vertex  1.240462e-001  5.977893e-001  0.000000e+000
    endloop
  endfacet
  facet normal  0.000000e+000  0.000000e+000 -1.000000e+000
    outer loop
      vertex  6.093750e-001  6.414474e-003  0.000000e+000
      vertex  1.240462e-001  5.977893e-001  0.000000e+000
      vertex  2.371575e-001  5.634773e-001  0.000000e+000
    endloop
  endfacet
  facet normal  0.000000e+000  0.000000e+000 -1.000000e+000
    outer loop
      vertex  6.093750e-001  6.414474e-003  0.000000e+000
      vertex  2.371575e-001  5.634773e-001  0.000000e+000
      vertex  3.414014e-001  5.077578e-001  0.000000e+000
    endloop
  endfacet
  facet normal  0.000000e+000  0.000000e+000 -1.000000e+000
    outer loop
      vertex  6.093750e-001  6.414474e-003  0.000000e+000
      vertex  3.414014e-001  5.077578e-001  0.000000e+000
      vertex  4.327720e-001  4.327720e-001  0.000000e+000
    endloop
  endfacet
  facet normal  0.000000e+000  0.000000e+000 -1.000000e+000
    outer loop
      vertex  6.093750e-001  6.414474e-003  0.000000e+000
      vertex  4.327720e-001  4.327720e-001  0.000000e+000
      vertex  5.077578e-001  3.414014e-001  0.000000e+000
    endloop
  endfacet
  facet normal  0.000000e+000  0.000000e+000 -1.000000e+000
    outer loop
      vertex  6.093750e-001  6.414474e-003  0.000000e+000
      vertex  5.077578e-001  3.414014e-001  0.000000e+000
      vertex  5.634773e-001  2.371575e-001  0.000000e+000
    endloop
  endfacet
  facet normal  0.000000e+000  0.000000e+000 -1.000000e+000
    outer loop
      vertex  6.093750e-001  6.414474e-003  0.000000e+000
      vertex  5.634773e-001  2.371575e-001  0.000000e+000
      vertex  5.977893e-001  1.240462e-001  0.000000e+000
    endloop
  endfacet
  facet normal  0.000000e+000  1.000000e+000  -0.000000e+000
    outer loop
      vertex  6.414474e-003  6.093750e-001  1.250000e-001
      vertex  6.414474e-003  6.093750e-001  0.000000e+000
      vertex -6.093750e-001  6.093750e-001  1.250000e-001
    endloop
  endfacet
  facet normal  0.000000e+000  1.000000e+000  0.000000e+000
    outer loop
      vertex -6.093750e-001  6.093750e-001  1.250000e-001
      vertex  6.414474e-003  6.093750e-001  0.000000e+000
      vertex -6.093750e-001  6.093750e-001  0.000000e+000
    endloop
  endfacet
  facet normal  9.801710e-002  9.951848e-001  0.000000e+000
    outer loop
      vertex  6.414474e-003  6.093750e-001  0.000000e+000
      vertex  6.414474e-003  6.093750e-001  1.250000e-001
      vertex  1.240462e-001  5.977893e-001  0.000000e+000
    endloop
  endfacet
  facet normal  9.801710e-002  9.951848e-001  -0.000000e+000
    outer loop
      vertex  1.240462e-001  5.977893e-001  0.000000e+000
      vertex  6.414474e-003  6.093750e-001  1.250000e-001
      vertex  1.240462e-001  5.977893e-001  1.250000e-001
    endloop
  endfacet
  facet normal  2.902849e-001  9.569403e-001  0.000000e+000
    outer loop
      vertex  1.240462e-001  5.977893e-001  0.000000e+000
      vertex  1.240462e-001  5.977893e-001  1.250000e-001
      vertex  2.371575e-001  5.634773e-001  0.000000e+000
    endloop
  endfacet
  facet normal  2.902849e-001  9.569403e-001  -0.000000e+000
    outer loop
      vertex  2.371575e-001  5.634773e-001  0.000000e+000
      vertex  1.240462e-001  5.977893e-001  1.250000e-001
      vertex  2.371575e-001  5.634773e-001  1.250000e-001
    endloop
  endfacet
  facet normal  4.713964e-001  8.819214e-001  0.000000e+000
    outer loop
      vertex  2.371575e-001  5.634773e-001  0.000000e+000
      vertex  2.371575e-001  5.634773e-001  1.250000e-001
      vertex  3.414014e-001  5.077578e-001  0.000000e+000
    endloop
  endfacet
  facet normal  4.713964e-001  8.819214e-001  -0.000000e+000
    outer loop
      vertex  3.414014e-001  5.077578e-001  0.000000e+000
      vertex  2.371575e-001  5.634773e-001  1.250000e-001
      vertex  3.414014e-001  5.077578e-001  1.250000e-001
    endloop
  endfacet
  facet normal  6.343934e-001  7.730104e-001  0.000000e+000
    outer loop
      vertex  3.414014e-001  5.077578e-001  0.000000e+000
      vertex  3.414014e-001  5.077578e-001  1.250000e-001
      vertex  4.327720e-001  4.327720e-001  0.000000e+000
    endloop
  endfacet
  facet normal  6.343934e-001  7.730104e-001  -0.000000e+000
    outer loop
      vertex  4.327720e-001  4.327720e-001  0.000000e+000
      vertex  3.414014e-001  5.077578e-001  1.250000e-001
      vertex  4.327720e-001  4.327720e-001  1.250000e-001
    endloop
  endfacet
  facet normal  7.730104e-001  6.343934e-001  0.000000e+000
    outer loop
      vertex  4.327720e-001  4.327720e-001  0.000000e+000
      vertex  4.327720e-001  4.327720e-001  1.250000e-001
      vertex  5.077578e-001  3.414014e-001  0.000000e+000
    endloop
  endfacet
  facet normal  7.730104e-001  6.343934e-001  -0.000000e+000
    outer loop
      vertex  5.077578e-001  3.414014e-001  0.000000e+000
      vertex  4.327720e-001  4.327720e-001  1.250000e-001
      vertex  5.077578e-001  3.414014e-001  1.250000e-001
    endloop
  endfacet
  facet normal  8.819214e-001  4.713964e-001  0.000000e+000
    outer loop
      vertex  5.077578e-001  3.414014e-001  0.000000e+000
      vertex  5.077578e-001  3.414014e-001  1.250000e-001
      vertex  5.634773e-001  2.371575e-001  0.000000e+000
    endloop
  endfacet
  facet normal  8.819214e-001  4.713964e-001  -0.000000e+000
    outer loop
      vertex  5.634773e-001  2.371575e-001  0.000000e+000
      vertex  5.077578e-001  3.414014e-001  1.250000e-001
      vertex  5.634773e-001  2.371575e-001  1.250000e-001
    endloop
  endfacet
  facet normal  9.569403e-001  2.902849e-001  0.000000e+000
    outer loop
      vertex  5.634773e-001  2.371575e-001  0.000000e+000
      vertex  5.634773e-001  2.371575e-001  1.250000e-001
      vertex  5.977893e-001  1.240462e-001  0.000000e+000
    endloop
  endfacet
  facet normal  9.569403e-001  2.902849e-001  -0.000000e+000
    outer loop
      vertex  5.977893e-001  1.240462e-001  0.000000e+000
      vertex  5.634773e-001  2.371575e-001  1.250000e-001
      vertex  5.977893e-001  1.240462e-001  1.250000e-001
    endloop
  endfacet
  facet normal  9.951848e-001  9.801710e-002  0.000000e+000
    outer loop
      vertex  5.977893e-001  1.240462e-001  0.000000e+000
      vertex  5.977893e-001  1.240462e-001  1.250000e-001
      vertex  6.093750e-001  6.414474e-003  0.000000e+000
    endloop
  endfacet
  facet normal  9.951848e-001  9.801710e-002  -0.000000e+000
    outer loop
      vertex  6.093750e-001  6.414474e-003  0.000000e+000
      vertex  5.977893e-001  1.240462e-001  1.250000e-001
      vertex  6.093750e-001  6.414474e-003  1.250000e-001
    endloop
  endfacet
endsolid CATIA STL
