solid CATIA STL
  facet normal  -0.000000e+000 -1.000000e+000  0.000000e+000
    outer loop
      vertex  1.562500e-002 -7.500000e-001  3.580137e-002
      vertex  2.092800e-002 -7.500000e-001  5.052466e-002
      vertex  1.066900e-002 -7.500000e-001  5.363670e-002
    endloop
  endfacet
  facet normal  0.000000e+000 -1.000000e+000  0.000000e+000
    outer loop
      vertex  1.562500e-002 -7.500000e-001  3.580137e-002
      vertex  2.200659e-002 -7.500000e-001  3.227366e-002
      vertex  2.092800e-002 -7.500000e-001  5.052466e-002
    endloop
  endfacet
  facet normal  -0.000000e+000 -1.000000e+000  0.000000e+000
    outer loop
      vertex  3.580137e-002 -7.500000e-001  1.562500e-002
      vertex  5.052466e-002 -7.500000e-001  2.092800e-002
      vertex  3.227366e-002 -7.500000e-001  2.200659e-002
    endloop
  endfacet
  facet normal  0.000000e+000 -1.000000e+000  0.000000e+000
    outer loop
      vertex  3.580137e-002 -7.500000e-001  1.562500e-002
      vertex  5.363670e-002 -7.500000e-001  1.066900e-002
      vertex  5.052466e-002 -7.500000e-001  2.092800e-002
    endloop
  endfacet
  facet normal  -0.000000e+000 -1.000000e+000  0.000000e+000
    outer loop
      vertex  2.762136e-002 -7.500000e-001  2.762136e-002
      vertex  4.547099e-002 -7.500000e-001  3.038275e-002
      vertex  3.866990e-002 -7.500000e-001  3.866990e-002
    endloop
  endfacet
  facet normal  -0.000000e+000 -1.000000e+000  0.000000e+000
    outer loop
      vertex  2.762136e-002 -7.500000e-001  2.762136e-002
      vertex  3.866990e-002 -7.500000e-001  3.866990e-002
      vertex  3.038275e-002 -7.500000e-001  4.547099e-002
    endloop
  endfacet
  facet normal  0.000000e+000 -9.999999e-001  0.000000e+000
    outer loop
      vertex  3.038275e-002 -7.500000e-001  4.547099e-002
      vertex  2.200659e-002 -7.500000e-001  3.227366e-002
      vertex  2.762136e-002 -7.500000e-001  2.762136e-002
    endloop
  endfacet
  facet normal  0.000000e+000 -1.000000e+000  0.000000e+000
    outer loop
      vertex  3.038275e-002 -7.500000e-001  4.547099e-002
      vertex  2.092800e-002 -7.500000e-001  5.052466e-002
      vertex  2.200659e-002 -7.500000e-001  3.227366e-002
    endloop
  endfacet
  facet normal  0.000000e+000 -9.999999e-001  0.000000e+000
    outer loop
      vertex  4.547099e-002 -7.500000e-001  3.038275e-002
      vertex  2.762136e-002 -7.500000e-001  2.762136e-002
      vertex  3.227366e-002 -7.500000e-001  2.200659e-002
    endloop
  endfacet
  facet normal  0.000000e+000 -1.000000e+000  0.000000e+000
    outer loop
      vertex  4.547099e-002 -7.500000e-001  3.038275e-002
      vertex  3.227366e-002 -7.500000e-001  2.200659e-002
      vertex  5.052466e-002 -7.500000e-001  2.092800e-002
    endloop
  endfacet
  facet normal  0.000000e+000 -1.000000e+000  0.000000e+000
    outer loop
      vertex  6.697176e-018 -7.500000e-001  5.468750e-002
      vertex  0.000000e+000 -7.500000e-001  0.000000e+000
      vertex  1.562500e-002 -7.500000e-001  1.562500e-002
    endloop
  endfacet
  facet normal  0.000000e+000 -1.000000e+000  0.000000e+000
    outer loop
      vertex  6.697176e-018 -7.500000e-001  5.468750e-002
      vertex  1.562500e-002 -7.500000e-001  1.562500e-002
      vertex  1.562500e-002 -7.500000e-001  3.580137e-002
    endloop
  endfacet
  facet normal  0.000000e+000 -1.000000e+000  0.000000e+000
    outer loop
      vertex  6.697176e-018 -7.500000e-001  5.468750e-002
      vertex  1.562500e-002 -7.500000e-001  3.580137e-002
      vertex  1.066900e-002 -7.500000e-001  5.363670e-002
    endloop
  endfacet
  facet normal  -0.000000e+000 -1.000000e+000  -0.000000e+000
    outer loop
      vertex  5.468750e-002 -7.500000e-001 -3.348644e-018
      vertex  5.363670e-002 -7.500000e-001  1.066900e-002
      vertex  3.580137e-002 -7.500000e-001  1.562500e-002
    endloop
  endfacet
  facet normal  -0.000000e+000 -1.000000e+000  -0.000000e+000
    outer loop
      vertex  5.468750e-002 -7.500000e-001 -3.348644e-018
      vertex  3.580137e-002 -7.500000e-001  1.562500e-002
      vertex  1.562500e-002 -7.500000e-001  1.562500e-002
    endloop
  endfacet
  facet normal  0.000000e+000 -1.000000e+000  -0.000000e+000
    outer loop
      vertex  5.468750e-002 -7.500000e-001 -3.348644e-018
      vertex  1.562500e-002 -7.500000e-001  1.562500e-002
      vertex  0.000000e+000 -7.500000e-001  0.000000e+000
    endloop
  endfacet
  facet normal  0.000000e+000  0.000000e+000  1.000000e+000
    outer loop
      vertex  1.562500e-002 -1.562500e-002  1.562500e-002
      vertex  1.562500e-002 -7.500000e-001  1.562500e-002
      vertex  3.580137e-002 -1.562500e-002  1.562500e-002
    endloop
  endfacet
  facet normal  0.000000e+000  0.000000e+000  1.000000e+000
    outer loop
      vertex  3.580137e-002 -1.562500e-002  1.562500e-002
      vertex  1.562500e-002 -7.500000e-001  1.562500e-002
      vertex  3.580137e-002 -7.500000e-001  1.562500e-002
    endloop
  endfacet
  facet normal -6.380230e-001  0.000000e+000 -7.700172e-001
    outer loop
      vertex  2.762136e-002 -1.562500e-002  2.762136e-002
      vertex  2.200659e-002 -7.500000e-001  3.227366e-002
      vertex  2.200659e-002 -1.562500e-002  3.227366e-002
    endloop
  endfacet
  facet normal -4.837961e-001  -0.000000e+000 -8.751808e-001
    outer loop
      vertex  2.200659e-002 -1.562500e-002  3.227366e-002
      vertex  2.200659e-002 -7.500000e-001  3.227366e-002
      vertex  1.562500e-002 -7.500000e-001  3.580137e-002
    endloop
  endfacet
  facet normal -4.837961e-001  0.000000e+000 -8.751808e-001
    outer loop
      vertex  2.200659e-002 -1.562500e-002  3.227366e-002
      vertex  1.562500e-002 -7.500000e-001  3.580137e-002
      vertex  1.562500e-002 -1.562500e-002  3.580137e-002
    endloop
  endfacet
  facet normal -6.380230e-001  -0.000000e+000 -7.700172e-001
    outer loop
      vertex  2.200659e-002 -7.500000e-001  3.227366e-002
      vertex  2.762136e-002 -1.562500e-002  2.762136e-002
      vertex  2.762136e-002 -7.500000e-001  2.762136e-002
    endloop
  endfacet
  facet normal -7.700172e-001  0.000000e+000 -6.380230e-001
    outer loop
      vertex  2.762136e-002 -7.500000e-001  2.762136e-002
      vertex  2.762136e-002 -1.562500e-002  2.762136e-002
      vertex  3.227366e-002 -1.562500e-002  2.200659e-002
    endloop
  endfacet
  facet normal -7.700172e-001  -0.000000e+000 -6.380230e-001
    outer loop
      vertex  2.762136e-002 -7.500000e-001  2.762136e-002
      vertex  3.227366e-002 -1.562500e-002  2.200659e-002
      vertex  3.227366e-002 -7.500000e-001  2.200659e-002
    endloop
  endfacet
  facet normal -8.751808e-001  0.000000e+000 -4.837961e-001
    outer loop
      vertex  3.227366e-002 -7.500000e-001  2.200659e-002
      vertex  3.227366e-002 -1.562500e-002  2.200659e-002
      vertex  3.580137e-002 -1.562500e-002  1.562500e-002
    endloop
  endfacet
  facet normal -8.751808e-001  -0.000000e+000 -4.837961e-001
    outer loop
      vertex  3.227366e-002 -7.500000e-001  2.200659e-002
      vertex  3.580137e-002 -1.562500e-002  1.562500e-002
      vertex  3.580137e-002 -7.500000e-001  1.562500e-002
    endloop
  endfacet
  facet normal  1.000000e+000  -0.000000e+000  0.000000e+000
    outer loop
      vertex  1.562500e-002 -1.562500e-002  3.580137e-002
      vertex  1.562500e-002 -7.500000e-001  3.580137e-002
      vertex  1.562500e-002 -1.562500e-002  1.562500e-002
    endloop
  endfacet
  facet normal  1.000000e+000  0.000000e+000  0.000000e+000
    outer loop
      vertex  1.562500e-002 -1.562500e-002  1.562500e-002
      vertex  1.562500e-002 -7.500000e-001  3.580137e-002
      vertex  1.562500e-002 -7.500000e-001  1.562500e-002
    endloop
  endfacet
  facet normal  0.000000e+000 -1.000000e+000  0.000000e+000
    outer loop
      vertex  1.562500e-002 -1.562500e-002  1.562500e-002
      vertex  3.580137e-002 -1.562500e-002  1.562500e-002
      vertex  3.227366e-002 -1.562500e-002  2.200659e-002
    endloop
  endfacet
  facet normal  -0.000000e+000 -1.000000e+000  0.000000e+000
    outer loop
      vertex  1.562500e-002 -1.562500e-002  1.562500e-002
      vertex  3.227366e-002 -1.562500e-002  2.200659e-002
      vertex  2.762136e-002 -1.562500e-002  2.762136e-002
    endloop
  endfacet
  facet normal  -0.000000e+000 -1.000000e+000  0.000000e+000
    outer loop
      vertex  1.562500e-002 -1.562500e-002  1.562500e-002
      vertex  2.762136e-002 -1.562500e-002  2.762136e-002
      vertex  2.200659e-002 -1.562500e-002  3.227366e-002
    endloop
  endfacet
  facet normal  -0.000000e+000 -1.000000e+000  0.000000e+000
    outer loop
      vertex  1.562500e-002 -1.562500e-002  1.562500e-002
      vertex  2.200659e-002 -1.562500e-002  3.227366e-002
      vertex  1.562500e-002 -1.562500e-002  3.580137e-002
    endloop
  endfacet
  facet normal  0.000000e+000  1.000000e+000  0.000000e+000
    outer loop
      vertex  0.000000e+000  0.000000e+000  0.000000e+000
      vertex  6.697176e-018  0.000000e+000  5.468750e-002
      vertex  1.066900e-002  0.000000e+000  5.363670e-002
    endloop
  endfacet
  facet normal  0.000000e+000  1.000000e+000  0.000000e+000
    outer loop
      vertex  0.000000e+000  0.000000e+000  0.000000e+000
      vertex  1.066900e-002  0.000000e+000  5.363670e-002
      vertex  2.092800e-002  0.000000e+000  5.052466e-002
    endloop
  endfacet
  facet normal  0.000000e+000  1.000000e+000  0.000000e+000
    outer loop
      vertex  0.000000e+000  0.000000e+000  0.000000e+000
      vertex  2.092800e-002  0.000000e+000  5.052466e-002
      vertex  3.038275e-002  0.000000e+000  4.547099e-002
    endloop
  endfacet
  facet normal  0.000000e+000  1.000000e+000  0.000000e+000
    outer loop
      vertex  0.000000e+000  0.000000e+000  0.000000e+000
      vertex  3.038275e-002  0.000000e+000  4.547099e-002
      vertex  3.866990e-002  0.000000e+000  3.866990e-002
    endloop
  endfacet
  facet normal  0.000000e+000  1.000000e+000  0.000000e+000
    outer loop
      vertex  0.000000e+000  0.000000e+000  0.000000e+000
      vertex  3.866990e-002  0.000000e+000  3.866990e-002
      vertex  4.547099e-002  0.000000e+000  3.038275e-002
    endloop
  endfacet
  facet normal  0.000000e+000  1.000000e+000  0.000000e+000
    outer loop
      vertex  0.000000e+000  0.000000e+000  0.000000e+000
      vertex  4.547099e-002  0.000000e+000  3.038275e-002
      vertex  5.052466e-002  0.000000e+000  2.092800e-002
    endloop
  endfacet
  facet normal  0.000000e+000  1.000000e+000  0.000000e+000
    outer loop
      vertex  0.000000e+000  0.000000e+000  0.000000e+000
      vertex  5.052466e-002  0.000000e+000  2.092800e-002
      vertex  5.363670e-002  0.000000e+000  1.066900e-002
    endloop
  endfacet
  facet normal  0.000000e+000  1.000000e+000  0.000000e+000
    outer loop
      vertex  0.000000e+000  0.000000e+000  0.000000e+000
      vertex  5.363670e-002  0.000000e+000  1.066900e-002
      vertex  5.468750e-002  0.000000e+000 -3.348644e-018
    endloop
  endfacet
  facet normal -1.000000e+000  0.000000e+000  1.224627e-016
    outer loop
      vertex  6.697176e-018  0.000000e+000  5.468750e-002
      vertex  0.000000e+000  0.000000e+000  0.000000e+000
      vertex  6.697176e-018 -7.500000e-001  5.468750e-002
    endloop
  endfacet
  facet normal -1.000000e+000  0.000000e+000  1.224627e-016
    outer loop
      vertex  6.697176e-018 -7.500000e-001  5.468750e-002
      vertex  0.000000e+000  0.000000e+000  0.000000e+000
      vertex  0.000000e+000 -7.500000e-001  0.000000e+000
    endloop
  endfacet
  facet normal  9.801702e-002  -0.000000e+000  9.951847e-001
    outer loop
      vertex  6.697176e-018  0.000000e+000  5.468750e-002
      vertex  6.697176e-018 -7.500000e-001  5.468750e-002
      vertex  1.066900e-002  0.000000e+000  5.363670e-002
    endloop
  endfacet
  facet normal  9.801702e-002  0.000000e+000  9.951847e-001
    outer loop
      vertex  1.066900e-002  0.000000e+000  5.363670e-002
      vertex  6.697176e-018 -7.500000e-001  5.468750e-002
      vertex  1.066900e-002 -7.500000e-001  5.363670e-002
    endloop
  endfacet
  facet normal  2.902846e-001  -0.000000e+000  9.569403e-001
    outer loop
      vertex  1.066900e-002  0.000000e+000  5.363670e-002
      vertex  1.066900e-002 -7.500000e-001  5.363670e-002
      vertex  2.092800e-002  0.000000e+000  5.052466e-002
    endloop
  endfacet
  facet normal  2.902846e-001  0.000000e+000  9.569403e-001
    outer loop
      vertex  2.092800e-002  0.000000e+000  5.052466e-002
      vertex  1.066900e-002 -7.500000e-001  5.363670e-002
      vertex  2.092800e-002 -7.500000e-001  5.052466e-002
    endloop
  endfacet
  facet normal  4.713969e-001  -0.000000e+000  8.819212e-001
    outer loop
      vertex  2.092800e-002  0.000000e+000  5.052466e-002
      vertex  2.092800e-002 -7.500000e-001  5.052466e-002
      vertex  3.038275e-002  0.000000e+000  4.547099e-002
    endloop
  endfacet
  facet normal  4.713969e-001  0.000000e+000  8.819212e-001
    outer loop
      vertex  3.038275e-002  0.000000e+000  4.547099e-002
      vertex  2.092800e-002 -7.500000e-001  5.052466e-002
      vertex  3.038275e-002 -7.500000e-001  4.547099e-002
    endloop
  endfacet
  facet normal  6.343932e-001  -0.000000e+000  7.730106e-001
    outer loop
      vertex  3.038275e-002  0.000000e+000  4.547099e-002
      vertex  3.038275e-002 -7.500000e-001  4.547099e-002
      vertex  3.866990e-002  0.000000e+000  3.866990e-002
    endloop
  endfacet
  facet normal  6.343932e-001  0.000000e+000  7.730106e-001
    outer loop
      vertex  3.866990e-002  0.000000e+000  3.866990e-002
      vertex  3.038275e-002 -7.500000e-001  4.547099e-002
      vertex  3.866990e-002 -7.500000e-001  3.866990e-002
    endloop
  endfacet
  facet normal  7.730106e-001  -0.000000e+000  6.343932e-001
    outer loop
      vertex  3.866990e-002  0.000000e+000  3.866990e-002
      vertex  3.866990e-002 -7.500000e-001  3.866990e-002
      vertex  4.547099e-002  0.000000e+000  3.038275e-002
    endloop
  endfacet
  facet normal  7.730106e-001  0.000000e+000  6.343932e-001
    outer loop
      vertex  4.547099e-002  0.000000e+000  3.038275e-002
      vertex  3.866990e-002 -7.500000e-001  3.866990e-002
      vertex  4.547099e-002 -7.500000e-001  3.038275e-002
    endloop
  endfacet
  facet normal  8.819212e-001  -0.000000e+000  4.713969e-001
    outer loop
      vertex  4.547099e-002  0.000000e+000  3.038275e-002
      vertex  4.547099e-002 -7.500000e-001  3.038275e-002
      vertex  5.052466e-002  0.000000e+000  2.092800e-002
    endloop
  endfacet
  facet normal  8.819212e-001  0.000000e+000  4.713969e-001
    outer loop
      vertex  5.052466e-002  0.000000e+000  2.092800e-002
      vertex  4.547099e-002 -7.500000e-001  3.038275e-002
      vertex  5.052466e-002 -7.500000e-001  2.092800e-002
    endloop
  endfacet
  facet normal  9.569403e-001  -0.000000e+000  2.902846e-001
    outer loop
      vertex  5.052466e-002  0.000000e+000  2.092800e-002
      vertex  5.052466e-002 -7.500000e-001  2.092800e-002
      vertex  5.363670e-002  0.000000e+000  1.066900e-002
    endloop
  endfacet
  facet normal  9.569403e-001  0.000000e+000  2.902846e-001
    outer loop
      vertex  5.363670e-002  0.000000e+000  1.066900e-002
      vertex  5.052466e-002 -7.500000e-001  2.092800e-002
      vertex  5.363670e-002 -7.500000e-001  1.066900e-002
    endloop
  endfacet
  facet normal  9.951847e-001  -0.000000e+000  9.801702e-002
    outer loop
      vertex  5.363670e-002  0.000000e+000  1.066900e-002
      vertex  5.363670e-002 -7.500000e-001  1.066900e-002
      vertex  5.468750e-002  0.000000e+000 -3.348644e-018
    endloop
  endfacet
  facet normal  9.951847e-001  0.000000e+000  9.801702e-002
    outer loop
      vertex  5.468750e-002  0.000000e+000 -3.348644e-018
      vertex  5.363670e-002 -7.500000e-001  1.066900e-002
      vertex  5.468750e-002 -7.500000e-001 -3.348644e-018
    endloop
  endfacet
  facet normal -6.123234e-017  0.000000e+000 -1.000000e+000
    outer loop
      vertex  0.000000e+000  0.000000e+000  0.000000e+000
      vertex  5.468750e-002  0.000000e+000 -3.348644e-018
      vertex  0.000000e+000 -7.500000e-001  0.000000e+000
    endloop
  endfacet
  facet normal -6.123234e-017  0.000000e+000 -1.000000e+000
    outer loop
      vertex  0.000000e+000 -7.500000e-001  0.000000e+000
      vertex  5.468750e-002  0.000000e+000 -3.348644e-018
      vertex  5.468750e-002 -7.500000e-001 -3.348644e-018
    endloop
  endfacet
endsolid CATIA STL
