solid CATIA STL
  facet normal  0.000000e+000 -1.000000e+000  0.000000e+000
    outer loop
      vertex -7.500000e-001 -7.500000e-001 -3.750000e-001
      vertex  7.500000e-001 -7.500000e-001 -3.750000e-001
      vertex -7.500000e-001 -7.500000e-001  3.360197e-001
    endloop
  endfacet
  facet normal  0.000000e+000 -1.000000e+000  0.000000e+000
    outer loop
      vertex -7.500000e-001 -7.500000e-001  3.360197e-001
      vertex  7.500000e-001 -7.500000e-001 -3.750000e-001
      vertex  7.500000e-001 -7.500000e-001  3.360197e-001
    endloop
  endfacet
  facet normal  0.000000e+000  1.000000e+000  0.000000e+000
    outer loop
      vertex -7.500000e-001  7.500000e-001 -3.750000e-001
      vertex -7.500000e-001  7.500000e-001  3.360197e-001
      vertex  7.500000e-001  7.500000e-001 -3.750000e-001
    endloop
  endfacet
  facet normal  0.000000e+000  1.000000e+000  -0.000000e+000
    outer loop
      vertex  7.500000e-001  7.500000e-001 -3.750000e-001
      vertex -7.500000e-001  7.500000e-001  3.360197e-001
      vertex  7.500000e-001  7.500000e-001  3.360197e-001
    endloop
  endfacet
  facet normal -1.000000e+000  0.000000e+000  0.000000e+000
    outer loop
      vertex -7.500000e-001  7.500000e-001  3.360197e-001
      vertex -7.500000e-001  7.500000e-001 -3.750000e-001
      vertex -7.500000e-001 -7.500000e-001  3.360197e-001
    endloop
  endfacet
  facet normal -1.000000e+000  0.000000e+000  0.000000e+000
    outer loop
      vertex -7.500000e-001 -7.500000e-001  3.360197e-001
      vertex -7.500000e-001  7.500000e-001 -3.750000e-001
      vertex -7.500000e-001 -7.500000e-001 -3.750000e-001
    endloop
  endfacet
  facet normal  -0.000000e+000  0.000000e+000  9.999999e-001
    outer loop
      vertex  6.875000e-001  6.875000e-001  3.828947e-001
      vertex -6.875000e-001  6.875000e-001  3.828947e-001
      vertex  6.875000e-001 -6.875000e-001  3.828947e-001
    endloop
  endfacet
  facet normal  0.000000e+000  0.000000e+000  9.999999e-001
    outer loop
      vertex  6.875000e-001 -6.875000e-001  3.828947e-001
      vertex -6.875000e-001  6.875000e-001  3.828947e-001
      vertex -6.875000e-001 -6.875000e-001  3.828947e-001
    endloop
  endfacet
  facet normal  1.000000e+000  0.000000e+000  0.000000e+000
    outer loop
      vertex  7.500000e-001  7.500000e-001 -3.750000e-001
      vertex  7.500000e-001  7.500000e-001  3.360197e-001
      vertex  7.500000e-001 -7.500000e-001 -3.750000e-001
    endloop
  endfacet
  facet normal  1.000000e+000  0.000000e+000  0.000000e+000
    outer loop
      vertex  7.500000e-001 -7.500000e-001 -3.750000e-001
      vertex  7.500000e-001  7.500000e-001  3.360197e-001
      vertex  7.500000e-001 -7.500000e-001  3.360197e-001
    endloop
  endfacet
  facet normal  6.000000e-001  0.000000e+000  8.000001e-001
    outer loop
      vertex  7.500000e-001 -7.500000e-001  3.360197e-001
      vertex  7.500000e-001  7.500000e-001  3.360197e-001
      vertex  6.875000e-001 -6.875000e-001  3.828947e-001
    endloop
  endfacet
  facet normal  6.000000e-001  -0.000000e+000  8.000000e-001
    outer loop
      vertex  6.875000e-001 -6.875000e-001  3.828947e-001
      vertex  7.500000e-001  7.500000e-001  3.360197e-001
      vertex  6.875000e-001  6.875000e-001  3.828947e-001
    endloop
  endfacet
  facet normal  0.000000e+000  6.000000e-001  8.000001e-001
    outer loop
      vertex -7.500000e-001  7.500000e-001  3.360197e-001
      vertex -6.875000e-001  6.875000e-001  3.828947e-001
      vertex  7.500000e-001  7.500000e-001  3.360197e-001
    endloop
  endfacet
  facet normal  0.000000e+000  6.000000e-001  8.000000e-001
    outer loop
      vertex  7.500000e-001  7.500000e-001  3.360197e-001
      vertex -6.875000e-001  6.875000e-001  3.828947e-001
      vertex  6.875000e-001  6.875000e-001  3.828947e-001
    endloop
  endfacet
  facet normal -6.000000e-001  0.000000e+000  8.000001e-001
    outer loop
      vertex -7.500000e-001  7.500000e-001  3.360197e-001
      vertex -7.500000e-001 -7.500000e-001  3.360197e-001
      vertex -6.875000e-001  6.875000e-001  3.828947e-001
    endloop
  endfacet
  facet normal -6.000000e-001  0.000000e+000  8.000000e-001
    outer loop
      vertex -6.875000e-001  6.875000e-001  3.828947e-001
      vertex -7.500000e-001 -7.500000e-001  3.360197e-001
      vertex -6.875000e-001 -6.875000e-001  3.828947e-001
    endloop
  endfacet
  facet normal  0.000000e+000 -6.000000e-001  8.000001e-001
    outer loop
      vertex -7.500000e-001 -7.500000e-001  3.360197e-001
      vertex  7.500000e-001 -7.500000e-001  3.360197e-001
      vertex -6.875000e-001 -6.875000e-001  3.828947e-001
    endloop
  endfacet
  facet normal  0.000000e+000 -6.000000e-001  8.000000e-001
    outer loop
      vertex -6.875000e-001 -6.875000e-001  3.828947e-001
      vertex  7.500000e-001 -7.500000e-001  3.360197e-001
      vertex  6.875000e-001 -6.875000e-001  3.828947e-001
    endloop
  endfacet
  facet normal  -0.000000e+000  0.000000e+000 -1.000000e+000
    outer loop
      vertex -7.500000e-001  7.500000e-001 -3.750000e-001
      vertex  7.500000e-001  7.500000e-001 -3.750000e-001
      vertex -7.500000e-001 -7.500000e-001 -3.750000e-001
    endloop
  endfacet
  facet normal  0.000000e+000  0.000000e+000 -1.000000e+000
    outer loop
      vertex -7.500000e-001 -7.500000e-001 -3.750000e-001
      vertex  7.500000e-001  7.500000e-001 -3.750000e-001
      vertex  7.500000e-001 -7.500000e-001 -3.750000e-001
    endloop
  endfacet
endsolid CATIA STL
