solid CATIA STL
  facet normal  0.000000e+000 -1.000000e+000  0.000000e+000
    outer loop
      vertex  3.827021e-017 -6.250000e-001  6.250000e-001
      vertex  0.000000e+000 -6.250000e-001  0.000000e+000
      vertex  6.250000e-001 -6.250000e-001 -3.827021e-017
    endloop
  endfacet
  facet normal  0.000000e+000 -1.000000e+000  0.000000e+000
    outer loop
      vertex  3.827021e-017 -6.250000e-001  6.250000e-001
      vertex  6.250000e-001 -6.250000e-001 -3.827021e-017
      vertex  6.250000e-001 -6.250000e-001  4.765625e-001
    endloop
  endfacet
  facet normal  0.000000e+000 -1.000000e+000  0.000000e+000
    outer loop
      vertex  3.827021e-017 -6.250000e-001  6.250000e-001
      vertex  6.250000e-001 -6.250000e-001  4.765625e-001
      vertex  6.221478e-001 -6.250000e-001  5.055212e-001
    endloop
  endfacet
  facet normal  0.000000e+000 -1.000000e+000  0.000000e+000
    outer loop
      vertex  3.827021e-017 -6.250000e-001  6.250000e-001
      vertex  6.221478e-001 -6.250000e-001  5.055212e-001
      vertex  6.137009e-001 -6.250000e-001  5.333671e-001
    endloop
  endfacet
  facet normal  0.000000e+000 -1.000000e+000  0.000000e+000
    outer loop
      vertex  3.827021e-017 -6.250000e-001  6.250000e-001
      vertex  6.137009e-001 -6.250000e-001  5.333671e-001
      vertex  5.999838e-001 -6.250000e-001  5.590299e-001
    endloop
  endfacet
  facet normal  0.000000e+000 -1.000000e+000  0.000000e+000
    outer loop
      vertex  3.827021e-017 -6.250000e-001  6.250000e-001
      vertex  5.999838e-001 -6.250000e-001  5.590299e-001
      vertex  5.815237e-001 -6.250000e-001  5.815237e-001
    endloop
  endfacet
  facet normal  0.000000e+000 -1.000000e+000  0.000000e+000
    outer loop
      vertex  3.827021e-017 -6.250000e-001  6.250000e-001
      vertex  5.815237e-001 -6.250000e-001  5.815237e-001
      vertex  5.590299e-001 -6.250000e-001  5.999838e-001
    endloop
  endfacet
  facet normal  0.000000e+000 -1.000000e+000  0.000000e+000
    outer loop
      vertex  3.827021e-017 -6.250000e-001  6.250000e-001
      vertex  5.590299e-001 -6.250000e-001  5.999838e-001
      vertex  5.333671e-001 -6.250000e-001  6.137009e-001
    endloop
  endfacet
  facet normal  0.000000e+000 -1.000000e+000  0.000000e+000
    outer loop
      vertex  3.827021e-017 -6.250000e-001  6.250000e-001
      vertex  5.333671e-001 -6.250000e-001  6.137009e-001
      vertex  5.055212e-001 -6.250000e-001  6.221478e-001
    endloop
  endfacet
  facet normal  0.000000e+000 -1.000000e+000  0.000000e+000
    outer loop
      vertex  3.827021e-017 -6.250000e-001  6.250000e-001
      vertex  5.055212e-001 -6.250000e-001  6.221478e-001
      vertex  4.765625e-001 -6.250000e-001  6.250000e-001
    endloop
  endfacet
  facet normal  0.000000e+000  1.000000e+000  0.000000e+000
    outer loop
      vertex  3.827021e-017  0.000000e+000  6.250000e-001
      vertex  4.765625e-001  0.000000e+000  6.250000e-001
      vertex  5.055212e-001  0.000000e+000  6.221478e-001
    endloop
  endfacet
  facet normal  0.000000e+000  1.000000e+000  0.000000e+000
    outer loop
      vertex  3.827021e-017  0.000000e+000  6.250000e-001
      vertex  5.055212e-001  0.000000e+000  6.221478e-001
      vertex  5.333671e-001  0.000000e+000  6.137009e-001
    endloop
  endfacet
  facet normal  0.000000e+000  1.000000e+000  0.000000e+000
    outer loop
      vertex  3.827021e-017  0.000000e+000  6.250000e-001
      vertex  5.333671e-001  0.000000e+000  6.137009e-001
      vertex  5.590299e-001  0.000000e+000  5.999838e-001
    endloop
  endfacet
  facet normal  0.000000e+000  1.000000e+000  0.000000e+000
    outer loop
      vertex  3.827021e-017  0.000000e+000  6.250000e-001
      vertex  5.590299e-001  0.000000e+000  5.999838e-001
      vertex  5.815237e-001  0.000000e+000  5.815237e-001
    endloop
  endfacet
  facet normal  0.000000e+000  1.000000e+000  0.000000e+000
    outer loop
      vertex  3.827021e-017  0.000000e+000  6.250000e-001
      vertex  5.815237e-001  0.000000e+000  5.815237e-001
      vertex  5.999838e-001  0.000000e+000  5.590299e-001
    endloop
  endfacet
  facet normal  0.000000e+000  1.000000e+000  0.000000e+000
    outer loop
      vertex  3.827021e-017  0.000000e+000  6.250000e-001
      vertex  5.999838e-001  0.000000e+000  5.590299e-001
      vertex  6.137009e-001  0.000000e+000  5.333671e-001
    endloop
  endfacet
  facet normal  0.000000e+000  1.000000e+000  0.000000e+000
    outer loop
      vertex  3.827021e-017  0.000000e+000  6.250000e-001
      vertex  6.137009e-001  0.000000e+000  5.333671e-001
      vertex  6.221478e-001  0.000000e+000  5.055212e-001
    endloop
  endfacet
  facet normal  0.000000e+000  1.000000e+000  0.000000e+000
    outer loop
      vertex  3.827021e-017  0.000000e+000  6.250000e-001
      vertex  6.221478e-001  0.000000e+000  5.055212e-001
      vertex  6.250000e-001  0.000000e+000  4.765625e-001
    endloop
  endfacet
  facet normal  0.000000e+000  1.000000e+000  0.000000e+000
    outer loop
      vertex  3.827021e-017  0.000000e+000  6.250000e-001
      vertex  6.250000e-001  0.000000e+000  4.765625e-001
      vertex  6.250000e-001  0.000000e+000 -3.827021e-017
    endloop
  endfacet
  facet normal  0.000000e+000  1.000000e+000  0.000000e+000
    outer loop
      vertex  3.827021e-017  0.000000e+000  6.250000e-001
      vertex  6.250000e-001  0.000000e+000 -3.827021e-017
      vertex  0.000000e+000  0.000000e+000  0.000000e+000
    endloop
  endfacet
  facet normal  -0.000000e+000  0.000000e+000  1.000000e+000
    outer loop
      vertex  4.765625e-001  0.000000e+000  6.250000e-001
      vertex  3.827021e-017  0.000000e+000  6.250000e-001
      vertex  4.765625e-001 -6.250000e-001  6.250000e-001
    endloop
  endfacet
  facet normal  0.000000e+000  0.000000e+000  1.000000e+000
    outer loop
      vertex  4.765625e-001 -6.250000e-001  6.250000e-001
      vertex  3.827021e-017  0.000000e+000  6.250000e-001
      vertex  3.827021e-017 -6.250000e-001  6.250000e-001
    endloop
  endfacet
  facet normal  1.000000e+000  0.000000e+000  0.000000e+000
    outer loop
      vertex  6.250000e-001  0.000000e+000 -3.827021e-017
      vertex  6.250000e-001  0.000000e+000  4.765625e-001
      vertex  6.250000e-001 -6.250000e-001 -3.827021e-017
    endloop
  endfacet
  facet normal  1.000000e+000  0.000000e+000  0.000000e+000
    outer loop
      vertex  6.250000e-001 -6.250000e-001 -3.827021e-017
      vertex  6.250000e-001  0.000000e+000  4.765625e-001
      vertex  6.250000e-001 -6.250000e-001  4.765625e-001
    endloop
  endfacet
  facet normal  9.801764e-002  -0.000000e+000  9.951847e-001
    outer loop
      vertex  4.765625e-001  0.000000e+000  6.250000e-001
      vertex  4.765625e-001 -6.250000e-001  6.250000e-001
      vertex  5.055212e-001  0.000000e+000  6.221478e-001
    endloop
  endfacet
  facet normal  9.801764e-002  0.000000e+000  9.951847e-001
    outer loop
      vertex  5.055212e-001  0.000000e+000  6.221478e-001
      vertex  4.765625e-001 -6.250000e-001  6.250000e-001
      vertex  5.055212e-001 -6.250000e-001  6.221478e-001
    endloop
  endfacet
  facet normal  2.902841e-001  -0.000000e+000  9.569405e-001
    outer loop
      vertex  5.055212e-001  0.000000e+000  6.221478e-001
      vertex  5.055212e-001 -6.250000e-001  6.221478e-001
      vertex  5.333671e-001  0.000000e+000  6.137009e-001
    endloop
  endfacet
  facet normal  2.902841e-001  0.000000e+000  9.569405e-001
    outer loop
      vertex  5.333671e-001  0.000000e+000  6.137009e-001
      vertex  5.055212e-001 -6.250000e-001  6.221478e-001
      vertex  5.333671e-001 -6.250000e-001  6.137009e-001
    endloop
  endfacet
  facet normal  4.713978e-001  -0.000000e+000  8.819206e-001
    outer loop
      vertex  5.333671e-001  0.000000e+000  6.137009e-001
      vertex  5.333671e-001 -6.250000e-001  6.137009e-001
      vertex  5.590299e-001  0.000000e+000  5.999838e-001
    endloop
  endfacet
  facet normal  4.713978e-001  0.000000e+000  8.819206e-001
    outer loop
      vertex  5.590299e-001  0.000000e+000  5.999838e-001
      vertex  5.333671e-001 -6.250000e-001  6.137009e-001
      vertex  5.590299e-001 -6.250000e-001  5.999838e-001
    endloop
  endfacet
  facet normal  6.343928e-001  -0.000000e+000  7.730108e-001
    outer loop
      vertex  5.590299e-001  0.000000e+000  5.999838e-001
      vertex  5.590299e-001 -6.250000e-001  5.999838e-001
      vertex  5.815237e-001  0.000000e+000  5.815237e-001
    endloop
  endfacet
  facet normal  6.343928e-001  0.000000e+000  7.730108e-001
    outer loop
      vertex  5.815237e-001  0.000000e+000  5.815237e-001
      vertex  5.590299e-001 -6.250000e-001  5.999838e-001
      vertex  5.815237e-001 -6.250000e-001  5.815237e-001
    endloop
  endfacet
  facet normal  7.730108e-001  -0.000000e+000  6.343928e-001
    outer loop
      vertex  5.815237e-001  0.000000e+000  5.815237e-001
      vertex  5.815237e-001 -6.250000e-001  5.815237e-001
      vertex  5.999838e-001  0.000000e+000  5.590299e-001
    endloop
  endfacet
  facet normal  7.730108e-001  0.000000e+000  6.343928e-001
    outer loop
      vertex  5.999838e-001  0.000000e+000  5.590299e-001
      vertex  5.815237e-001 -6.250000e-001  5.815237e-001
      vertex  5.999838e-001 -6.250000e-001  5.590299e-001
    endloop
  endfacet
  facet normal  8.819206e-001  -0.000000e+000  4.713978e-001
    outer loop
      vertex  5.999838e-001  0.000000e+000  5.590299e-001
      vertex  5.999838e-001 -6.250000e-001  5.590299e-001
      vertex  6.137009e-001  0.000000e+000  5.333671e-001
    endloop
  endfacet
  facet normal  8.819206e-001  0.000000e+000  4.713978e-001
    outer loop
      vertex  6.137009e-001  0.000000e+000  5.333671e-001
      vertex  5.999838e-001 -6.250000e-001  5.590299e-001
      vertex  6.137009e-001 -6.250000e-001  5.333671e-001
    endloop
  endfacet
  facet normal  9.569405e-001  -0.000000e+000  2.902841e-001
    outer loop
      vertex  6.137009e-001  0.000000e+000  5.333671e-001
      vertex  6.137009e-001 -6.250000e-001  5.333671e-001
      vertex  6.221478e-001  0.000000e+000  5.055212e-001
    endloop
  endfacet
  facet normal  9.569405e-001  0.000000e+000  2.902841e-001
    outer loop
      vertex  6.221478e-001  0.000000e+000  5.055212e-001
      vertex  6.137009e-001 -6.250000e-001  5.333671e-001
      vertex  6.221478e-001 -6.250000e-001  5.055212e-001
    endloop
  endfacet
  facet normal  9.951847e-001  -0.000000e+000  9.801764e-002
    outer loop
      vertex  6.221478e-001  0.000000e+000  5.055212e-001
      vertex  6.221478e-001 -6.250000e-001  5.055212e-001
      vertex  6.250000e-001  0.000000e+000  4.765625e-001
    endloop
  endfacet
  facet normal  9.951847e-001  0.000000e+000  9.801764e-002
    outer loop
      vertex  6.250000e-001  0.000000e+000  4.765625e-001
      vertex  6.221478e-001 -6.250000e-001  5.055212e-001
      vertex  6.250000e-001 -6.250000e-001  4.765625e-001
    endloop
  endfacet
  facet normal -1.000000e+000  0.000000e+000  6.123234e-017
    outer loop
      vertex  3.827021e-017  0.000000e+000  6.250000e-001
      vertex  0.000000e+000  0.000000e+000  0.000000e+000
      vertex  3.827021e-017 -6.250000e-001  6.250000e-001
    endloop
  endfacet
  facet normal -1.000000e+000  0.000000e+000  6.123234e-017
    outer loop
      vertex  3.827021e-017 -6.250000e-001  6.250000e-001
      vertex  0.000000e+000  0.000000e+000  0.000000e+000
      vertex  0.000000e+000 -6.250000e-001  0.000000e+000
    endloop
  endfacet
  facet normal -6.123234e-017  0.000000e+000 -1.000000e+000
    outer loop
      vertex  0.000000e+000  0.000000e+000  0.000000e+000
      vertex  6.250000e-001  0.000000e+000 -3.827021e-017
      vertex  0.000000e+000 -6.250000e-001  0.000000e+000
    endloop
  endfacet
  facet normal -6.123234e-017  0.000000e+000 -1.000000e+000
    outer loop
      vertex  0.000000e+000 -6.250000e-001  0.000000e+000
      vertex  6.250000e-001  0.000000e+000 -3.827021e-017
      vertex  6.250000e-001 -6.250000e-001 -3.827021e-017
    endloop
  endfacet
endsolid CATIA STL
