solid CATIA STL
  facet normal  0.000000e+000  0.000000e+000  1.000000e+000
    outer loop
      vertex  1.484375e-001  1.953125e-001  3.984375e-001
      vertex  1.663758e-001  1.917444e-001  3.984375e-001
      vertex  1.575824e-001  1.944118e-001  3.984375e-001
    endloop
  endfacet
  facet normal  0.000000e+000  0.000000e+000  1.000000e+000
    outer loop
      vertex -2.031250e-001  1.953125e-001  3.984375e-001
      vertex -2.031250e-001 -2.031250e-001  3.984375e-001
      vertex  1.953125e-001 -2.031250e-001  3.984375e-001
    endloop
  endfacet
  facet normal  0.000000e+000  -0.000000e+000  1.000000e+000
    outer loop
      vertex -2.031250e-001  1.953125e-001  3.984375e-001
      vertex  1.953125e-001 -2.031250e-001  3.984375e-001
      vertex  1.953125e-001  1.484375e-001  3.984375e-001
    endloop
  endfacet
  facet normal  0.000000e+000  0.000000e+000  9.999999e-001
    outer loop
      vertex -2.031250e-001  1.953125e-001  3.984375e-001
      vertex  1.953125e-001  1.484375e-001  3.984375e-001
      vertex  1.944118e-001  1.575824e-001  3.984375e-001
    endloop
  endfacet
  facet normal  0.000000e+000  0.000000e+000  1.000000e+000
    outer loop
      vertex -2.031250e-001  1.953125e-001  3.984375e-001
      vertex  1.944118e-001  1.575824e-001  3.984375e-001
      vertex  1.917444e-001  1.663758e-001  3.984375e-001
    endloop
  endfacet
  facet normal  0.000000e+000  0.000000e+000  1.000000e+000
    outer loop
      vertex -2.031250e-001  1.953125e-001  3.984375e-001
      vertex  1.917444e-001  1.663758e-001  3.984375e-001
      vertex  1.874126e-001  1.744799e-001  3.984375e-001
    endloop
  endfacet
  facet normal  0.000000e+000  0.000000e+000  1.000000e+000
    outer loop
      vertex -2.031250e-001  1.953125e-001  3.984375e-001
      vertex  1.874126e-001  1.744799e-001  3.984375e-001
      vertex  1.815831e-001  1.815831e-001  3.984375e-001
    endloop
  endfacet
  facet normal  0.000000e+000  0.000000e+000  1.000000e+000
    outer loop
      vertex -2.031250e-001  1.953125e-001  3.984375e-001
      vertex  1.815831e-001  1.815831e-001  3.984375e-001
      vertex  1.744799e-001  1.874126e-001  3.984375e-001
    endloop
  endfacet
  facet normal  0.000000e+000  0.000000e+000  1.000000e+000
    outer loop
      vertex -2.031250e-001  1.953125e-001  3.984375e-001
      vertex  1.744799e-001  1.874126e-001  3.984375e-001
      vertex  1.663758e-001  1.917444e-001  3.984375e-001
    endloop
  endfacet
  facet normal  0.000000e+000  0.000000e+000  1.000000e+000
    outer loop
      vertex -2.031250e-001  1.953125e-001  3.984375e-001
      vertex  1.663758e-001  1.917444e-001  3.984375e-001
      vertex  1.484375e-001  1.953125e-001  3.984375e-001
    endloop
  endfacet
  facet normal  0.000000e+000  0.000000e+000 -1.000000e+000
    outer loop
      vertex  1.575824e-001  1.944118e-001  0.000000e+000
      vertex  1.663758e-001  1.917444e-001  0.000000e+000
      vertex  1.484375e-001  1.953125e-001  0.000000e+000
    endloop
  endfacet
  facet normal  -0.000000e+000  -0.000000e+000 -1.000000e+000
    outer loop
      vertex -2.031250e-001  1.953125e-001  0.000000e+000
      vertex  1.484375e-001  1.953125e-001  0.000000e+000
      vertex  1.663758e-001  1.917444e-001  0.000000e+000
    endloop
  endfacet
  facet normal  -0.000000e+000  -0.000000e+000 -1.000000e+000
    outer loop
      vertex -2.031250e-001  1.953125e-001  0.000000e+000
      vertex  1.663758e-001  1.917444e-001  0.000000e+000
      vertex  1.744799e-001  1.874126e-001  0.000000e+000
    endloop
  endfacet
  facet normal  -0.000000e+000  -0.000000e+000 -1.000000e+000
    outer loop
      vertex -2.031250e-001  1.953125e-001  0.000000e+000
      vertex  1.744799e-001  1.874126e-001  0.000000e+000
      vertex  1.815831e-001  1.815831e-001  0.000000e+000
    endloop
  endfacet
  facet normal  -0.000000e+000  -0.000000e+000 -1.000000e+000
    outer loop
      vertex -2.031250e-001  1.953125e-001  0.000000e+000
      vertex  1.815831e-001  1.815831e-001  0.000000e+000
      vertex  1.874126e-001  1.744799e-001  0.000000e+000
    endloop
  endfacet
  facet normal  -0.000000e+000  -0.000000e+000 -1.000000e+000
    outer loop
      vertex -2.031250e-001  1.953125e-001  0.000000e+000
      vertex  1.874126e-001  1.744799e-001  0.000000e+000
      vertex  1.917444e-001  1.663758e-001  0.000000e+000
    endloop
  endfacet
  facet normal  -0.000000e+000  -0.000000e+000 -1.000000e+000
    outer loop
      vertex -2.031250e-001  1.953125e-001  0.000000e+000
      vertex  1.917444e-001  1.663758e-001  0.000000e+000
      vertex  1.944118e-001  1.575824e-001  0.000000e+000
    endloop
  endfacet
  facet normal  -0.000000e+000  -0.000000e+000 -9.999999e-001
    outer loop
      vertex -2.031250e-001  1.953125e-001  0.000000e+000
      vertex  1.944118e-001  1.575824e-001  0.000000e+000
      vertex  1.953125e-001  1.484375e-001  0.000000e+000
    endloop
  endfacet
  facet normal  -0.000000e+000  -0.000000e+000 -1.000000e+000
    outer loop
      vertex -2.031250e-001  1.953125e-001  0.000000e+000
      vertex  1.953125e-001  1.484375e-001  0.000000e+000
      vertex  1.953125e-001 -2.031250e-001  0.000000e+000
    endloop
  endfacet
  facet normal  0.000000e+000  0.000000e+000 -1.000000e+000
    outer loop
      vertex -2.031250e-001  1.953125e-001  0.000000e+000
      vertex  1.953125e-001 -2.031250e-001  0.000000e+000
      vertex -2.031250e-001 -2.031250e-001  0.000000e+000
    endloop
  endfacet
  facet normal  0.000000e+000  1.000000e+000  0.000000e+000
    outer loop
      vertex  1.484375e-001  1.953125e-001  0.000000e+000
      vertex -2.031250e-001  1.953125e-001  0.000000e+000
      vertex  1.484375e-001  1.953125e-001  3.984375e-001
    endloop
  endfacet
  facet normal  0.000000e+000  1.000000e+000  0.000000e+000
    outer loop
      vertex  1.484375e-001  1.953125e-001  3.984375e-001
      vertex -2.031250e-001  1.953125e-001  0.000000e+000
      vertex -2.031250e-001  1.953125e-001  3.984375e-001
    endloop
  endfacet
  facet normal  1.000000e+000  0.000000e+000  0.000000e+000
    outer loop
      vertex  1.953125e-001 -2.031250e-001  0.000000e+000
      vertex  1.953125e-001  1.484375e-001  0.000000e+000
      vertex  1.953125e-001 -2.031250e-001  3.984375e-001
    endloop
  endfacet
  facet normal  1.000000e+000  -0.000000e+000  0.000000e+000
    outer loop
      vertex  1.953125e-001 -2.031250e-001  3.984375e-001
      vertex  1.953125e-001  1.484375e-001  0.000000e+000
      vertex  1.953125e-001  1.484375e-001  3.984375e-001
    endloop
  endfacet
  facet normal  9.801669e-002  9.951848e-001  0.000000e+000
    outer loop
      vertex  1.484375e-001  1.953125e-001  0.000000e+000
      vertex  1.484375e-001  1.953125e-001  3.984375e-001
      vertex  1.575824e-001  1.944118e-001  0.000000e+000
    endloop
  endfacet
  facet normal  9.801669e-002  9.951848e-001  -0.000000e+000
    outer loop
      vertex  1.575824e-001  1.944118e-001  0.000000e+000
      vertex  1.484375e-001  1.953125e-001  3.984375e-001
      vertex  1.575824e-001  1.944118e-001  3.984375e-001
    endloop
  endfacet
  facet normal  2.902846e-001  9.569404e-001  0.000000e+000
    outer loop
      vertex  1.575824e-001  1.944118e-001  0.000000e+000
      vertex  1.575824e-001  1.944118e-001  3.984375e-001
      vertex  1.663758e-001  1.917444e-001  0.000000e+000
    endloop
  endfacet
  facet normal  2.902846e-001  9.569404e-001  -0.000000e+000
    outer loop
      vertex  1.663758e-001  1.917444e-001  0.000000e+000
      vertex  1.575824e-001  1.944118e-001  3.984375e-001
      vertex  1.663758e-001  1.917444e-001  3.984375e-001
    endloop
  endfacet
  facet normal  4.713973e-001  8.819209e-001  0.000000e+000
    outer loop
      vertex  1.663758e-001  1.917444e-001  0.000000e+000
      vertex  1.663758e-001  1.917444e-001  3.984375e-001
      vertex  1.744799e-001  1.874126e-001  0.000000e+000
    endloop
  endfacet
  facet normal  4.713973e-001  8.819209e-001  -0.000000e+000
    outer loop
      vertex  1.744799e-001  1.874126e-001  0.000000e+000
      vertex  1.663758e-001  1.917444e-001  3.984375e-001
      vertex  1.744799e-001  1.874126e-001  3.984375e-001
    endloop
  endfacet
  facet normal  6.343924e-001  7.730111e-001  0.000000e+000
    outer loop
      vertex  1.744799e-001  1.874126e-001  0.000000e+000
      vertex  1.744799e-001  1.874126e-001  3.984375e-001
      vertex  1.815831e-001  1.815831e-001  0.000000e+000
    endloop
  endfacet
  facet normal  6.343924e-001  7.730111e-001  -0.000000e+000
    outer loop
      vertex  1.815831e-001  1.815831e-001  0.000000e+000
      vertex  1.744799e-001  1.874126e-001  3.984375e-001
      vertex  1.815831e-001  1.815831e-001  3.984375e-001
    endloop
  endfacet
  facet normal  7.730111e-001  6.343924e-001  0.000000e+000
    outer loop
      vertex  1.815831e-001  1.815831e-001  0.000000e+000
      vertex  1.815831e-001  1.815831e-001  3.984375e-001
      vertex  1.874126e-001  1.744799e-001  0.000000e+000
    endloop
  endfacet
  facet normal  7.730111e-001  6.343924e-001  -0.000000e+000
    outer loop
      vertex  1.874126e-001  1.744799e-001  0.000000e+000
      vertex  1.815831e-001  1.815831e-001  3.984375e-001
      vertex  1.874126e-001  1.744799e-001  3.984375e-001
    endloop
  endfacet
  facet normal  8.819209e-001  4.713973e-001  0.000000e+000
    outer loop
      vertex  1.874126e-001  1.744799e-001  0.000000e+000
      vertex  1.874126e-001  1.744799e-001  3.984375e-001
      vertex  1.917444e-001  1.663758e-001  0.000000e+000
    endloop
  endfacet
  facet normal  8.819209e-001  4.713973e-001  -0.000000e+000
    outer loop
      vertex  1.917444e-001  1.663758e-001  0.000000e+000
      vertex  1.874126e-001  1.744799e-001  3.984375e-001
      vertex  1.917444e-001  1.663758e-001  3.984375e-001
    endloop
  endfacet
  facet normal  9.569404e-001  2.902846e-001  0.000000e+000
    outer loop
      vertex  1.917444e-001  1.663758e-001  0.000000e+000
      vertex  1.917444e-001  1.663758e-001  3.984375e-001
      vertex  1.944118e-001  1.575824e-001  0.000000e+000
    endloop
  endfacet
  facet normal  9.569404e-001  2.902846e-001  -0.000000e+000
    outer loop
      vertex  1.944118e-001  1.575824e-001  0.000000e+000
      vertex  1.917444e-001  1.663758e-001  3.984375e-001
      vertex  1.944118e-001  1.575824e-001  3.984375e-001
    endloop
  endfacet
  facet normal  9.951848e-001  9.801669e-002  0.000000e+000
    outer loop
      vertex  1.944118e-001  1.575824e-001  0.000000e+000
      vertex  1.944118e-001  1.575824e-001  3.984375e-001
      vertex  1.953125e-001  1.484375e-001  0.000000e+000
    endloop
  endfacet
  facet normal  9.951848e-001  9.801669e-002  -0.000000e+000
    outer loop
      vertex  1.953125e-001  1.484375e-001  0.000000e+000
      vertex  1.944118e-001  1.575824e-001  3.984375e-001
      vertex  1.953125e-001  1.484375e-001  3.984375e-001
    endloop
  endfacet
  facet normal -1.000000e+000  0.000000e+000  0.000000e+000
    outer loop
      vertex -2.031250e-001  1.953125e-001  0.000000e+000
      vertex -2.031250e-001 -2.031250e-001  0.000000e+000
      vertex -2.031250e-001  1.953125e-001  3.984375e-001
    endloop
  endfacet
  facet normal -1.000000e+000  -0.000000e+000  0.000000e+000
    outer loop
      vertex -2.031250e-001  1.953125e-001  3.984375e-001
      vertex -2.031250e-001 -2.031250e-001  0.000000e+000
      vertex -2.031250e-001 -2.031250e-001  3.984375e-001
    endloop
  endfacet
  facet normal  0.000000e+000 -1.000000e+000  0.000000e+000
    outer loop
      vertex -2.031250e-001 -2.031250e-001  0.000000e+000
      vertex  1.953125e-001 -2.031250e-001  0.000000e+000
      vertex -2.031250e-001 -2.031250e-001  3.984375e-001
    endloop
  endfacet
  facet normal  0.000000e+000 -1.000000e+000  0.000000e+000
    outer loop
      vertex -2.031250e-001 -2.031250e-001  3.984375e-001
      vertex  1.953125e-001 -2.031250e-001  0.000000e+000
      vertex  1.953125e-001 -2.031250e-001  3.984375e-001
    endloop
  endfacet
endsolid CATIA STL
