solid CATIA STL
  facet normal  0.000000e+000  0.000000e+000  1.000000e+000
    outer loop
      vertex  7.812500e-003  3.906250e-002  7.812500e-003
      vertex  7.421875e-001  3.906250e-002  7.812500e-003
      vertex  7.812500e-003  4.948191e-001  7.812500e-003
    endloop
  endfacet
  facet normal  -0.000000e+000  0.000000e+000  1.000000e+000
    outer loop
      vertex  7.812500e-003  4.948191e-001  7.812500e-003
      vertex  7.421875e-001  3.906250e-002  7.812500e-003
      vertex  7.421875e-001  4.948191e-001  7.812500e-003
    endloop
  endfacet
  facet normal  1.000000e+000  -0.000000e+000  -0.000000e+000
    outer loop
      vertex  7.812500e-003  7.812500e-003  3.906250e-002
      vertex  7.812500e-003  8.412960e-003  3.296593e-002
      vertex  7.812500e-003  1.019126e-002  2.710364e-002
    endloop
  endfacet
  facet normal  1.000000e+000  -0.000000e+000  0.000000e+000
    outer loop
      vertex  7.812500e-003  7.812500e-003  2.354911e-001
      vertex  7.812500e-003  7.812500e-003  3.906250e-002
      vertex  7.812500e-003  1.019126e-002  2.710364e-002
    endloop
  endfacet
  facet normal  9.999999e-001  -0.000000e+000  -0.000000e+000
    outer loop
      vertex  7.812500e-003  7.812500e-003  2.354911e-001
      vertex  7.812500e-003  1.019126e-002  2.710364e-002
      vertex  7.812500e-003  1.307907e-002  2.170093e-002
    endloop
  endfacet
  facet normal  1.000000e+000  -0.000000e+000  -0.000000e+000
    outer loop
      vertex  7.812500e-003  7.812500e-003  2.354911e-001
      vertex  7.812500e-003  1.307907e-002  2.170093e-002
      vertex  7.812500e-003  1.696541e-002  1.696541e-002
    endloop
  endfacet
  facet normal  1.000000e+000  -0.000000e+000  -0.000000e+000
    outer loop
      vertex  7.812500e-003  7.812500e-003  2.354911e-001
      vertex  7.812500e-003  1.696541e-002  1.696541e-002
      vertex  7.812500e-003  2.170093e-002  1.307907e-002
    endloop
  endfacet
  facet normal  1.000000e+000  -0.000000e+000  -0.000000e+000
    outer loop
      vertex  7.812500e-003  7.812500e-003  2.354911e-001
      vertex  7.812500e-003  2.170093e-002  1.307907e-002
      vertex  7.812500e-003  2.710364e-002  1.019126e-002
    endloop
  endfacet
  facet normal  1.000000e+000  -0.000000e+000  -0.000000e+000
    outer loop
      vertex  7.812500e-003  7.812500e-003  2.354911e-001
      vertex  7.812500e-003  2.710364e-002  1.019126e-002
      vertex  7.812500e-003  3.296593e-002  8.412960e-003
    endloop
  endfacet
  facet normal  1.000000e+000  -0.000000e+000  -0.000000e+000
    outer loop
      vertex  7.812500e-003  7.812500e-003  2.354911e-001
      vertex  7.812500e-003  3.296593e-002  8.412960e-003
      vertex  7.812500e-003  3.906250e-002  7.812500e-003
    endloop
  endfacet
  facet normal  1.000000e+000  0.000000e+000  -0.000000e+000
    outer loop
      vertex  7.812500e-003  7.812500e-003  2.354911e-001
      vertex  7.812500e-003  3.906250e-002  7.812500e-003
      vertex  7.812500e-003  5.468750e-002  2.890625e-001
    endloop
  endfacet
  facet normal  1.000000e+000  0.000000e+000  0.000000e+000
    outer loop
      vertex  7.812500e-003  4.948191e-001  7.812500e-003
      vertex  7.812500e-003  4.948191e-001  2.890625e-001
      vertex  7.812500e-003  3.906250e-002  7.812500e-003
    endloop
  endfacet
  facet normal  1.000000e+000  0.000000e+000  0.000000e+000
    outer loop
      vertex  7.812500e-003  3.906250e-002  7.812500e-003
      vertex  7.812500e-003  4.948191e-001  2.890625e-001
      vertex  7.812500e-003  5.468750e-002  2.890625e-001
    endloop
  endfacet
  facet normal -1.000000e+000  -0.000000e+000  -0.000000e+000
    outer loop
      vertex  7.421875e-001  5.468750e-002  2.890625e-001
      vertex  7.421875e-001  4.948191e-001  2.890625e-001
      vertex  7.421875e-001  4.948191e-001  7.812500e-003
    endloop
  endfacet
  facet normal -1.000000e+000  0.000000e+000  0.000000e+000
    outer loop
      vertex  7.421875e-001  5.468750e-002  2.890625e-001
      vertex  7.421875e-001  4.948191e-001  7.812500e-003
      vertex  7.421875e-001  3.906250e-002  7.812500e-003
    endloop
  endfacet
  facet normal -1.000000e+000  0.000000e+000  0.000000e+000
    outer loop
      vertex  7.421875e-001  5.468750e-002  2.890625e-001
      vertex  7.421875e-001  3.906250e-002  7.812500e-003
      vertex  7.421875e-001  3.296593e-002  8.412960e-003
    endloop
  endfacet
  facet normal -1.000000e+000  0.000000e+000  0.000000e+000
    outer loop
      vertex  7.421875e-001  5.468750e-002  2.890625e-001
      vertex  7.421875e-001  3.296593e-002  8.412960e-003
      vertex  7.421875e-001  2.710364e-002  1.019126e-002
    endloop
  endfacet
  facet normal -1.000000e+000  0.000000e+000  0.000000e+000
    outer loop
      vertex  7.421875e-001  5.468750e-002  2.890625e-001
      vertex  7.421875e-001  2.710364e-002  1.019126e-002
      vertex  7.421875e-001  2.170093e-002  1.307907e-002
    endloop
  endfacet
  facet normal -1.000000e+000  0.000000e+000  0.000000e+000
    outer loop
      vertex  7.421875e-001  5.468750e-002  2.890625e-001
      vertex  7.421875e-001  2.170093e-002  1.307907e-002
      vertex  7.421875e-001  1.696541e-002  1.696541e-002
    endloop
  endfacet
  facet normal -1.000000e+000  0.000000e+000  0.000000e+000
    outer loop
      vertex  7.421875e-001  5.468750e-002  2.890625e-001
      vertex  7.421875e-001  1.696541e-002  1.696541e-002
      vertex  7.421875e-001  1.307907e-002  2.170093e-002
    endloop
  endfacet
  facet normal -1.000000e+000  0.000000e+000  0.000000e+000
    outer loop
      vertex  7.421875e-001  5.468750e-002  2.890625e-001
      vertex  7.421875e-001  1.307907e-002  2.170093e-002
      vertex  7.421875e-001  1.019126e-002  2.710364e-002
    endloop
  endfacet
  facet normal -1.000000e+000  0.000000e+000  0.000000e+000
    outer loop
      vertex  7.421875e-001  5.468750e-002  2.890625e-001
      vertex  7.421875e-001  1.019126e-002  2.710364e-002
      vertex  7.421875e-001  8.412960e-003  3.296593e-002
    endloop
  endfacet
  facet normal -1.000000e+000  0.000000e+000  0.000000e+000
    outer loop
      vertex  7.421875e-001  5.468750e-002  2.890625e-001
      vertex  7.421875e-001  8.412960e-003  3.296593e-002
      vertex  7.421875e-001  7.812500e-003  3.906250e-002
    endloop
  endfacet
  facet normal -1.000000e+000  0.000000e+000  0.000000e+000
    outer loop
      vertex  7.421875e-001  5.468750e-002  2.890625e-001
      vertex  7.421875e-001  7.812500e-003  3.906250e-002
      vertex  7.421875e-001  7.812500e-003  2.354911e-001
    endloop
  endfacet
  facet normal  0.000000e+000  1.000000e+000  0.000000e+000
    outer loop
      vertex  7.812500e-003  7.812500e-003  3.906250e-002
      vertex  7.812500e-003  7.812500e-003  2.354911e-001
      vertex  7.421875e-001  7.812500e-003  3.906250e-002
    endloop
  endfacet
  facet normal  0.000000e+000  1.000000e+000  -0.000000e+000
    outer loop
      vertex  7.421875e-001  7.812500e-003  3.906250e-002
      vertex  7.812500e-003  7.812500e-003  2.354911e-001
      vertex  7.421875e-001  7.812500e-003  2.354911e-001
    endloop
  endfacet
  facet normal  0.000000e+000  6.343935e-001  7.730104e-001
    outer loop
      vertex  7.812500e-003  1.696541e-002  1.696541e-002
      vertex  7.421875e-001  2.170093e-002  1.307907e-002
      vertex  7.812500e-003  2.170093e-002  1.307907e-002
    endloop
  endfacet
  facet normal  -0.000000e+000  4.713967e-001  8.819212e-001
    outer loop
      vertex  7.812500e-003  2.170093e-002  1.307907e-002
      vertex  7.421875e-001  2.170093e-002  1.307907e-002
      vertex  7.421875e-001  2.710364e-002  1.019126e-002
    endloop
  endfacet
  facet normal  0.000000e+000  4.713967e-001  8.819212e-001
    outer loop
      vertex  7.812500e-003  2.170093e-002  1.307907e-002
      vertex  7.421875e-001  2.710364e-002  1.019126e-002
      vertex  7.812500e-003  2.710364e-002  1.019126e-002
    endloop
  endfacet
  facet normal  -0.000000e+000  2.902846e-001  9.569404e-001
    outer loop
      vertex  7.812500e-003  2.710364e-002  1.019126e-002
      vertex  7.421875e-001  2.710364e-002  1.019126e-002
      vertex  7.421875e-001  3.296593e-002  8.412960e-003
    endloop
  endfacet
  facet normal  0.000000e+000  2.902846e-001  9.569404e-001
    outer loop
      vertex  7.812500e-003  2.710364e-002  1.019126e-002
      vertex  7.421875e-001  3.296593e-002  8.412960e-003
      vertex  7.812500e-003  3.296593e-002  8.412960e-003
    endloop
  endfacet
  facet normal  -0.000000e+000  9.801716e-002  9.951848e-001
    outer loop
      vertex  7.812500e-003  3.296593e-002  8.412960e-003
      vertex  7.421875e-001  3.296593e-002  8.412960e-003
      vertex  7.421875e-001  3.906250e-002  7.812500e-003
    endloop
  endfacet
  facet normal  0.000000e+000  9.801716e-002  9.951848e-001
    outer loop
      vertex  7.812500e-003  3.296593e-002  8.412960e-003
      vertex  7.421875e-001  3.906250e-002  7.812500e-003
      vertex  7.812500e-003  3.906250e-002  7.812500e-003
    endloop
  endfacet
  facet normal  -0.000000e+000  6.343935e-001  7.730104e-001
    outer loop
      vertex  7.421875e-001  2.170093e-002  1.307907e-002
      vertex  7.812500e-003  1.696541e-002  1.696541e-002
      vertex  7.421875e-001  1.696541e-002  1.696541e-002
    endloop
  endfacet
  facet normal  0.000000e+000  7.730104e-001  6.343935e-001
    outer loop
      vertex  7.421875e-001  1.696541e-002  1.696541e-002
      vertex  7.812500e-003  1.696541e-002  1.696541e-002
      vertex  7.812500e-003  1.307907e-002  2.170093e-002
    endloop
  endfacet
  facet normal  -0.000000e+000  7.730104e-001  6.343935e-001
    outer loop
      vertex  7.421875e-001  1.696541e-002  1.696541e-002
      vertex  7.812500e-003  1.307907e-002  2.170093e-002
      vertex  7.421875e-001  1.307907e-002  2.170093e-002
    endloop
  endfacet
  facet normal  0.000000e+000  8.819212e-001  4.713967e-001
    outer loop
      vertex  7.421875e-001  1.307907e-002  2.170093e-002
      vertex  7.812500e-003  1.307907e-002  2.170093e-002
      vertex  7.812500e-003  1.019126e-002  2.710364e-002
    endloop
  endfacet
  facet normal  -0.000000e+000  8.819212e-001  4.713967e-001
    outer loop
      vertex  7.421875e-001  1.307907e-002  2.170093e-002
      vertex  7.812500e-003  1.019126e-002  2.710364e-002
      vertex  7.421875e-001  1.019126e-002  2.710364e-002
    endloop
  endfacet
  facet normal  0.000000e+000  9.569404e-001  2.902846e-001
    outer loop
      vertex  7.421875e-001  1.019126e-002  2.710364e-002
      vertex  7.812500e-003  1.019126e-002  2.710364e-002
      vertex  7.812500e-003  8.412960e-003  3.296593e-002
    endloop
  endfacet
  facet normal  -0.000000e+000  9.569404e-001  2.902846e-001
    outer loop
      vertex  7.421875e-001  1.019126e-002  2.710364e-002
      vertex  7.812500e-003  8.412960e-003  3.296593e-002
      vertex  7.421875e-001  8.412960e-003  3.296593e-002
    endloop
  endfacet
  facet normal  0.000000e+000  9.951848e-001  9.801716e-002
    outer loop
      vertex  7.421875e-001  8.412960e-003  3.296593e-002
      vertex  7.812500e-003  8.412960e-003  3.296593e-002
      vertex  7.812500e-003  7.812500e-003  3.906250e-002
    endloop
  endfacet
  facet normal  -0.000000e+000  9.951848e-001  9.801716e-002
    outer loop
      vertex  7.421875e-001  8.412960e-003  3.296593e-002
      vertex  7.812500e-003  7.812500e-003  3.906250e-002
      vertex  7.421875e-001  7.812500e-003  3.906250e-002
    endloop
  endfacet
  facet normal  0.000000e+000  0.000000e+000  1.000000e+000
    outer loop
      vertex  0.000000e+000  5.468750e-002  2.890625e-001
      vertex  7.812500e-003  4.948191e-001  2.890625e-001
      vertex  0.000000e+000  4.973684e-001  2.890625e-001
    endloop
  endfacet
  facet normal  0.000000e+000  -0.000000e+000  9.999999e-001
    outer loop
      vertex  0.000000e+000  5.468750e-002  2.890625e-001
      vertex  7.812500e-003  5.468750e-002  2.890625e-001
      vertex  7.812500e-003  4.948191e-001  2.890625e-001
    endloop
  endfacet
  facet normal  -0.000000e+000  0.000000e+000  1.000000e+000
    outer loop
      vertex  7.500000e-001  4.973684e-001  2.890625e-001
      vertex  0.000000e+000  4.973684e-001  2.890625e-001
      vertex  7.812500e-003  4.948191e-001  2.890625e-001
    endloop
  endfacet
  facet normal  0.000000e+000  0.000000e+000  9.999999e-001
    outer loop
      vertex  7.500000e-001  4.973684e-001  2.890625e-001
      vertex  7.812500e-003  4.948191e-001  2.890625e-001
      vertex  7.421875e-001  4.948191e-001  2.890625e-001
    endloop
  endfacet
  facet normal  -0.000000e+000  0.000000e+000  9.999999e-001
    outer loop
      vertex  7.500000e-001  4.973684e-001  2.890625e-001
      vertex  7.421875e-001  4.948191e-001  2.890625e-001
      vertex  7.421875e-001  5.468750e-002  2.890625e-001
    endloop
  endfacet
  facet normal  0.000000e+000  0.000000e+000  1.000000e+000
    outer loop
      vertex  7.500000e-001  4.973684e-001  2.890625e-001
      vertex  7.421875e-001  5.468750e-002  2.890625e-001
      vertex  7.500000e-001  5.468750e-002  2.890625e-001
    endloop
  endfacet
  facet normal  0.000000e+000 -7.525767e-001  6.585046e-001
    outer loop
      vertex  7.421875e-001  5.468750e-002  2.890625e-001
      vertex  7.421875e-001  7.812500e-003  2.354911e-001
      vertex  7.500000e-001  5.468750e-002  2.890625e-001
    endloop
  endfacet
  facet normal -3.588565e-007 -7.525767e-001  6.585046e-001
    outer loop
      vertex  7.421875e-001  7.812500e-003  2.354911e-001
      vertex  7.500000e-001  0.000000e+000  2.265625e-001
      vertex  7.500000e-001  5.468750e-002  2.890625e-001
    endloop
  endfacet
  facet normal  0.000000e+000 -7.525765e-001  6.585047e-001
    outer loop
      vertex  0.000000e+000  0.000000e+000  2.265625e-001
      vertex  7.500000e-001  0.000000e+000  2.265625e-001
      vertex  7.421875e-001  7.812500e-003  2.354911e-001
    endloop
  endfacet
  facet normal  0.000000e+000 -7.525765e-001  6.585048e-001
    outer loop
      vertex  0.000000e+000  0.000000e+000  2.265625e-001
      vertex  7.421875e-001  7.812500e-003  2.354911e-001
      vertex  7.812500e-003  7.812500e-003  2.354911e-001
    endloop
  endfacet
  facet normal  4.186659e-007 -7.525767e-001  6.585046e-001
    outer loop
      vertex  0.000000e+000  0.000000e+000  2.265625e-001
      vertex  7.812500e-003  7.812500e-003  2.354911e-001
      vertex  7.812500e-003  5.468750e-002  2.890625e-001
    endloop
  endfacet
  facet normal  0.000000e+000 -7.525767e-001  6.585046e-001
    outer loop
      vertex  0.000000e+000  0.000000e+000  2.265625e-001
      vertex  7.812500e-003  5.468750e-002  2.890625e-001
      vertex  0.000000e+000  5.468750e-002  2.890625e-001
    endloop
  endfacet
  facet normal  0.000000e+000 -1.000000e+000  -0.000000e+000
    outer loop
      vertex  7.421875e-001  4.948191e-001  7.812500e-003
      vertex  7.421875e-001  4.948191e-001  2.890625e-001
      vertex  7.812500e-003  4.948191e-001  7.812500e-003
    endloop
  endfacet
  facet normal  0.000000e+000 -1.000000e+000  0.000000e+000
    outer loop
      vertex  7.812500e-003  4.948191e-001  7.812500e-003
      vertex  7.421875e-001  4.948191e-001  2.890625e-001
      vertex  7.812500e-003  4.948191e-001  2.890625e-001
    endloop
  endfacet
  facet normal -1.000000e+000  0.000000e+000  0.000000e+000
    outer loop
      vertex  0.000000e+000  4.973684e-001  2.890625e-001
      vertex  0.000000e+000  4.973684e-001  0.000000e+000
      vertex  0.000000e+000  5.468750e-002  2.890625e-001
    endloop
  endfacet
  facet normal -1.000000e+000  0.000000e+000  -0.000000e+000
    outer loop
      vertex  0.000000e+000  5.468750e-002  2.890625e-001
      vertex  0.000000e+000  4.973684e-001  0.000000e+000
      vertex  0.000000e+000  0.000000e+000  0.000000e+000
    endloop
  endfacet
  facet normal -1.000000e+000  0.000000e+000  0.000000e+000
    outer loop
      vertex  0.000000e+000  5.468750e-002  2.890625e-001
      vertex  0.000000e+000  0.000000e+000  0.000000e+000
      vertex  0.000000e+000  0.000000e+000  2.265625e-001
    endloop
  endfacet
  facet normal  1.000000e+000  0.000000e+000  0.000000e+000
    outer loop
      vertex  7.500000e-001  4.973684e-001  0.000000e+000
      vertex  7.500000e-001  4.973684e-001  2.890625e-001
      vertex  7.500000e-001  0.000000e+000  0.000000e+000
    endloop
  endfacet
  facet normal  1.000000e+000  0.000000e+000  0.000000e+000
    outer loop
      vertex  7.500000e-001  0.000000e+000  0.000000e+000
      vertex  7.500000e-001  4.973684e-001  2.890625e-001
      vertex  7.500000e-001  5.468750e-002  2.890625e-001
    endloop
  endfacet
  facet normal  1.000000e+000  0.000000e+000  0.000000e+000
    outer loop
      vertex  7.500000e-001  0.000000e+000  0.000000e+000
      vertex  7.500000e-001  5.468750e-002  2.890625e-001
      vertex  7.500000e-001  0.000000e+000  2.265625e-001
    endloop
  endfacet
  facet normal  0.000000e+000 -1.000000e+000  0.000000e+000
    outer loop
      vertex  0.000000e+000  0.000000e+000  2.265625e-001
      vertex  0.000000e+000  0.000000e+000  0.000000e+000
      vertex  7.500000e-001  0.000000e+000  2.265625e-001
    endloop
  endfacet
  facet normal  0.000000e+000 -1.000000e+000  -0.000000e+000
    outer loop
      vertex  7.500000e-001  0.000000e+000  2.265625e-001
      vertex  0.000000e+000  0.000000e+000  0.000000e+000
      vertex  7.500000e-001  0.000000e+000  0.000000e+000
    endloop
  endfacet
  facet normal  0.000000e+000  0.000000e+000 -1.000000e+000
    outer loop
      vertex  0.000000e+000  0.000000e+000  0.000000e+000
      vertex  0.000000e+000  4.973684e-001  0.000000e+000
      vertex  7.500000e-001  0.000000e+000  0.000000e+000
    endloop
  endfacet
  facet normal  0.000000e+000  0.000000e+000 -1.000000e+000
    outer loop
      vertex  7.500000e-001  0.000000e+000  0.000000e+000
      vertex  0.000000e+000  4.973684e-001  0.000000e+000
      vertex  7.500000e-001  4.973684e-001  0.000000e+000
    endloop
  endfacet
  facet normal  0.000000e+000  1.000000e+000  -0.000000e+000
    outer loop
      vertex  7.500000e-001  4.973684e-001  2.890625e-001
      vertex  7.500000e-001  4.973684e-001  0.000000e+000
      vertex  0.000000e+000  4.973684e-001  2.890625e-001
    endloop
  endfacet
  facet normal  0.000000e+000  1.000000e+000  0.000000e+000
    outer loop
      vertex  0.000000e+000  4.973684e-001  2.890625e-001
      vertex  7.500000e-001  4.973684e-001  0.000000e+000
      vertex  0.000000e+000  4.973684e-001  0.000000e+000
    endloop
  endfacet
endsolid CATIA STL
