solid CATIA STL
  facet normal  0.000000e+000 -1.000000e+000  0.000000e+000
    outer loop
      vertex -7.031250e-001 -4.062500e-001 -2.812500e-001
      vertex  7.500000e-001 -4.062500e-001 -2.812500e-001
      vertex -7.031250e-001 -4.062500e-001  5.726973e-001
    endloop
  endfacet
  facet normal  0.000000e+000 -1.000000e+000  0.000000e+000
    outer loop
      vertex -7.031250e-001 -4.062500e-001  5.726973e-001
      vertex  7.500000e-001 -4.062500e-001 -2.812500e-001
      vertex  7.500000e-001 -4.062500e-001  5.648848e-001
    endloop
  endfacet
  facet normal  0.000000e+000 -1.000000e+000  0.000000e+000
    outer loop
      vertex -7.031250e-001 -4.062500e-001  5.726973e-001
      vertex  7.500000e-001 -4.062500e-001  5.648848e-001
      vertex  6.640625e-001 -4.062500e-001  5.726973e-001
    endloop
  endfacet
  facet normal  1.000000e+000  -0.000000e+000  -0.000000e+000
    outer loop
      vertex  7.500000e-001 -4.062500e-001 -2.812500e-001
      vertex  7.500000e-001 -4.038482e-001 -3.056363e-001
      vertex  7.500000e-001 -3.967350e-001 -3.290854e-001
    endloop
  endfacet
  facet normal  1.000000e+000  -0.000000e+000  -0.000000e+000
    outer loop
      vertex  7.500000e-001 -4.062500e-001 -2.812500e-001
      vertex  7.500000e-001 -3.967350e-001 -3.290854e-001
      vertex  7.500000e-001 -3.851837e-001 -3.506963e-001
    endloop
  endfacet
  facet normal  1.000000e+000  -0.000000e+000  -0.000000e+000
    outer loop
      vertex  7.500000e-001 -4.062500e-001 -2.812500e-001
      vertex  7.500000e-001 -3.851837e-001 -3.506963e-001
      vertex  7.500000e-001 -3.696384e-001 -3.696384e-001
    endloop
  endfacet
  facet normal  1.000000e+000  -0.000000e+000  -0.000000e+000
    outer loop
      vertex  7.500000e-001 -4.062500e-001 -2.812500e-001
      vertex  7.500000e-001 -3.696384e-001 -3.696384e-001
      vertex  7.500000e-001 -3.506963e-001 -3.851837e-001
    endloop
  endfacet
  facet normal  1.000000e+000  -0.000000e+000  -0.000000e+000
    outer loop
      vertex  7.500000e-001 -4.062500e-001 -2.812500e-001
      vertex  7.500000e-001 -3.506963e-001 -3.851837e-001
      vertex  7.500000e-001 -3.290854e-001 -3.967350e-001
    endloop
  endfacet
  facet normal  1.000000e+000  -0.000000e+000  -0.000000e+000
    outer loop
      vertex  7.500000e-001 -4.062500e-001 -2.812500e-001
      vertex  7.500000e-001 -3.290854e-001 -3.967350e-001
      vertex  7.500000e-001 -3.056363e-001 -4.038482e-001
    endloop
  endfacet
  facet normal  1.000000e+000  -0.000000e+000  -0.000000e+000
    outer loop
      vertex  7.500000e-001 -4.062500e-001 -2.812500e-001
      vertex  7.500000e-001 -3.056363e-001 -4.038482e-001
      vertex  7.500000e-001 -2.812500e-001 -4.062500e-001
    endloop
  endfacet
  facet normal  1.000000e+000  0.000000e+000  -0.000000e+000
    outer loop
      vertex  7.500000e-001 -4.062500e-001 -2.812500e-001
      vertex  7.500000e-001 -2.812500e-001 -4.062500e-001
      vertex  7.500000e-001  1.613293e-016 -4.062500e-001
    endloop
  endfacet
  facet normal  1.000000e+000  0.000000e+000  -0.000000e+000
    outer loop
      vertex  7.500000e-001 -4.062500e-001 -2.812500e-001
      vertex  7.500000e-001  1.613293e-016 -4.062500e-001
      vertex  7.500000e-001  2.152381e-016  5.648848e-001
    endloop
  endfacet
  facet normal  1.000000e+000  0.000000e+000  0.000000e+000
    outer loop
      vertex  7.500000e-001 -4.062500e-001 -2.812500e-001
      vertex  7.500000e-001  2.152381e-016  5.648848e-001
      vertex  7.500000e-001 -4.062500e-001  5.648848e-001
    endloop
  endfacet
  facet normal -1.110223e-016  1.000000e+000 -5.551115e-017
    outer loop
      vertex  6.640625e-001  2.061308e-016  5.726973e-001
      vertex  7.500000e-001  2.152381e-016  5.648848e-001
      vertex -7.031250e-001  5.434249e-017  5.726973e-001
    endloop
  endfacet
  facet normal -1.110223e-016  1.000000e+000 -5.551116e-017
    outer loop
      vertex -7.031250e-001  5.434249e-017  5.726973e-001
      vertex  7.500000e-001  2.152381e-016  5.648848e-001
      vertex  7.500000e-001  1.613293e-016 -4.062500e-001
    endloop
  endfacet
  facet normal -1.110223e-016  1.000000e+000 -5.551116e-017
    outer loop
      vertex -7.031250e-001  5.434249e-017  5.726973e-001
      vertex  7.500000e-001  1.613293e-016 -4.062500e-001
      vertex -7.031250e-001  0.000000e+000 -4.062500e-001
    endloop
  endfacet
  facet normal  0.000000e+000  0.000000e+000  1.000000e+000
    outer loop
      vertex  6.640625e-001 -4.062500e-001  5.726973e-001
      vertex  6.640625e-001  2.061308e-016  5.726973e-001
      vertex -7.031250e-001 -4.062500e-001  5.726973e-001
    endloop
  endfacet
  facet normal  0.000000e+000  0.000000e+000  1.000000e+000
    outer loop
      vertex -7.031250e-001 -4.062500e-001  5.726973e-001
      vertex  6.640625e-001  2.061308e-016  5.726973e-001
      vertex -7.031250e-001  5.434249e-017  5.726973e-001
    endloop
  endfacet
  facet normal  9.053575e-002  0.000000e+000  9.958932e-001
    outer loop
      vertex  7.500000e-001 -4.062500e-001  5.648848e-001
      vertex  7.500000e-001  2.152381e-016  5.648848e-001
      vertex  6.640625e-001 -4.062500e-001  5.726973e-001
    endloop
  endfacet
  facet normal  9.053575e-002  -0.000000e+000  9.958932e-001
    outer loop
      vertex  6.640625e-001 -4.062500e-001  5.726973e-001
      vertex  7.500000e-001  2.152381e-016  5.648848e-001
      vertex  6.640625e-001  2.061308e-016  5.726973e-001
    endloop
  endfacet
  facet normal -1.000000e+000  0.000000e+000  0.000000e+000
    outer loop
      vertex -7.031250e-001  0.000000e+000 -4.062500e-001
      vertex -7.031250e-001 -2.812500e-001 -4.062500e-001
      vertex -7.031250e-001 -3.056363e-001 -4.038482e-001
    endloop
  endfacet
  facet normal -1.000000e+000  0.000000e+000  0.000000e+000
    outer loop
      vertex -7.031250e-001  0.000000e+000 -4.062500e-001
      vertex -7.031250e-001 -3.056363e-001 -4.038482e-001
      vertex -7.031250e-001 -3.290854e-001 -3.967350e-001
    endloop
  endfacet
  facet normal -1.000000e+000  0.000000e+000  0.000000e+000
    outer loop
      vertex -7.031250e-001  0.000000e+000 -4.062500e-001
      vertex -7.031250e-001 -3.290854e-001 -3.967350e-001
      vertex -7.031250e-001 -3.506963e-001 -3.851837e-001
    endloop
  endfacet
  facet normal -1.000000e+000  0.000000e+000  0.000000e+000
    outer loop
      vertex -7.031250e-001  0.000000e+000 -4.062500e-001
      vertex -7.031250e-001 -3.506963e-001 -3.851837e-001
      vertex -7.031250e-001 -3.696384e-001 -3.696384e-001
    endloop
  endfacet
  facet normal -9.999999e-001  0.000000e+000  0.000000e+000
    outer loop
      vertex -7.031250e-001  0.000000e+000 -4.062500e-001
      vertex -7.031250e-001 -3.696384e-001 -3.696384e-001
      vertex -7.031250e-001 -3.851837e-001 -3.506963e-001
    endloop
  endfacet
  facet normal -1.000000e+000  0.000000e+000  0.000000e+000
    outer loop
      vertex -7.031250e-001  0.000000e+000 -4.062500e-001
      vertex -7.031250e-001 -3.851837e-001 -3.506963e-001
      vertex -7.031250e-001 -3.967350e-001 -3.290854e-001
    endloop
  endfacet
  facet normal -1.000000e+000  0.000000e+000  0.000000e+000
    outer loop
      vertex -7.031250e-001  0.000000e+000 -4.062500e-001
      vertex -7.031250e-001 -3.967350e-001 -3.290854e-001
      vertex -7.031250e-001 -4.038482e-001 -3.056363e-001
    endloop
  endfacet
  facet normal -1.000000e+000  0.000000e+000  0.000000e+000
    outer loop
      vertex -7.031250e-001  0.000000e+000 -4.062500e-001
      vertex -7.031250e-001 -4.038482e-001 -3.056363e-001
      vertex -7.031250e-001 -4.062500e-001 -2.812500e-001
    endloop
  endfacet
  facet normal -1.000000e+000  0.000000e+000  0.000000e+000
    outer loop
      vertex -7.031250e-001  0.000000e+000 -4.062500e-001
      vertex -7.031250e-001 -4.062500e-001 -2.812500e-001
      vertex -7.031250e-001 -4.062500e-001  5.726973e-001
    endloop
  endfacet
  facet normal -1.000000e+000  0.000000e+000  0.000000e+000
    outer loop
      vertex -7.031250e-001  0.000000e+000 -4.062500e-001
      vertex -7.031250e-001 -4.062500e-001  5.726973e-001
      vertex -7.031250e-001  5.434249e-017  5.726973e-001
    endloop
  endfacet
  facet normal  0.000000e+000  0.000000e+000 -9.999999e-001
    outer loop
      vertex -7.031250e-001 -2.812500e-001 -4.062500e-001
      vertex -7.031250e-001  0.000000e+000 -4.062500e-001
      vertex  7.500000e-001 -2.812500e-001 -4.062500e-001
    endloop
  endfacet
  facet normal  0.000000e+000  0.000000e+000 -9.999999e-001
    outer loop
      vertex  7.500000e-001 -2.812500e-001 -4.062500e-001
      vertex -7.031250e-001  0.000000e+000 -4.062500e-001
      vertex  7.500000e-001  1.613293e-016 -4.062500e-001
    endloop
  endfacet
  facet normal  -0.000000e+000 -9.801669e-002 -9.951847e-001
    outer loop
      vertex -7.031250e-001 -2.812500e-001 -4.062500e-001
      vertex  7.500000e-001 -2.812500e-001 -4.062500e-001
      vertex -7.031250e-001 -3.056363e-001 -4.038482e-001
    endloop
  endfacet
  facet normal  0.000000e+000 -9.801669e-002 -9.951847e-001
    outer loop
      vertex -7.031250e-001 -3.056363e-001 -4.038482e-001
      vertex  7.500000e-001 -2.812500e-001 -4.062500e-001
      vertex  7.500000e-001 -3.056363e-001 -4.038482e-001
    endloop
  endfacet
  facet normal  -0.000000e+000 -2.902845e-001 -9.569404e-001
    outer loop
      vertex -7.031250e-001 -3.056363e-001 -4.038482e-001
      vertex  7.500000e-001 -3.056363e-001 -4.038482e-001
      vertex -7.031250e-001 -3.290854e-001 -3.967350e-001
    endloop
  endfacet
  facet normal  0.000000e+000 -2.902845e-001 -9.569404e-001
    outer loop
      vertex -7.031250e-001 -3.290854e-001 -3.967350e-001
      vertex  7.500000e-001 -3.056363e-001 -4.038482e-001
      vertex  7.500000e-001 -3.290854e-001 -3.967350e-001
    endloop
  endfacet
  facet normal  -0.000000e+000 -4.713978e-001 -8.819207e-001
    outer loop
      vertex -7.031250e-001 -3.290854e-001 -3.967350e-001
      vertex  7.500000e-001 -3.290854e-001 -3.967350e-001
      vertex -7.031250e-001 -3.506963e-001 -3.851837e-001
    endloop
  endfacet
  facet normal  0.000000e+000 -4.713978e-001 -8.819207e-001
    outer loop
      vertex -7.031250e-001 -3.506963e-001 -3.851837e-001
      vertex  7.500000e-001 -3.290854e-001 -3.967350e-001
      vertex  7.500000e-001 -3.506963e-001 -3.851837e-001
    endloop
  endfacet
  facet normal  -0.000000e+000 -6.343926e-001 -7.730111e-001
    outer loop
      vertex -7.031250e-001 -3.506963e-001 -3.851837e-001
      vertex  7.500000e-001 -3.506963e-001 -3.851837e-001
      vertex -7.031250e-001 -3.696384e-001 -3.696384e-001
    endloop
  endfacet
  facet normal  0.000000e+000 -6.343926e-001 -7.730111e-001
    outer loop
      vertex -7.031250e-001 -3.696384e-001 -3.696384e-001
      vertex  7.500000e-001 -3.506963e-001 -3.851837e-001
      vertex  7.500000e-001 -3.696384e-001 -3.696384e-001
    endloop
  endfacet
  facet normal  -0.000000e+000 -7.730111e-001 -6.343926e-001
    outer loop
      vertex -7.031250e-001 -3.696384e-001 -3.696384e-001
      vertex  7.500000e-001 -3.696384e-001 -3.696384e-001
      vertex -7.031250e-001 -3.851837e-001 -3.506963e-001
    endloop
  endfacet
  facet normal  0.000000e+000 -7.730111e-001 -6.343926e-001
    outer loop
      vertex -7.031250e-001 -3.851837e-001 -3.506963e-001
      vertex  7.500000e-001 -3.696384e-001 -3.696384e-001
      vertex  7.500000e-001 -3.851837e-001 -3.506963e-001
    endloop
  endfacet
  facet normal  -0.000000e+000 -8.819207e-001 -4.713978e-001
    outer loop
      vertex -7.031250e-001 -3.851837e-001 -3.506963e-001
      vertex  7.500000e-001 -3.851837e-001 -3.506963e-001
      vertex -7.031250e-001 -3.967350e-001 -3.290854e-001
    endloop
  endfacet
  facet normal  0.000000e+000 -8.819207e-001 -4.713978e-001
    outer loop
      vertex -7.031250e-001 -3.967350e-001 -3.290854e-001
      vertex  7.500000e-001 -3.851837e-001 -3.506963e-001
      vertex  7.500000e-001 -3.967350e-001 -3.290854e-001
    endloop
  endfacet
  facet normal  -0.000000e+000 -9.569404e-001 -2.902845e-001
    outer loop
      vertex -7.031250e-001 -3.967350e-001 -3.290854e-001
      vertex  7.500000e-001 -3.967350e-001 -3.290854e-001
      vertex -7.031250e-001 -4.038482e-001 -3.056363e-001
    endloop
  endfacet
  facet normal  0.000000e+000 -9.569404e-001 -2.902845e-001
    outer loop
      vertex -7.031250e-001 -4.038482e-001 -3.056363e-001
      vertex  7.500000e-001 -3.967350e-001 -3.290854e-001
      vertex  7.500000e-001 -4.038482e-001 -3.056363e-001
    endloop
  endfacet
  facet normal  -0.000000e+000 -9.951847e-001 -9.801669e-002
    outer loop
      vertex -7.031250e-001 -4.038482e-001 -3.056363e-001
      vertex  7.500000e-001 -4.038482e-001 -3.056363e-001
      vertex -7.031250e-001 -4.062500e-001 -2.812500e-001
    endloop
  endfacet
  facet normal  0.000000e+000 -9.951847e-001 -9.801669e-002
    outer loop
      vertex -7.031250e-001 -4.062500e-001 -2.812500e-001
      vertex  7.500000e-001 -4.038482e-001 -3.056363e-001
      vertex  7.500000e-001 -4.062500e-001 -2.812500e-001
    endloop
  endfacet
endsolid CATIA STL
