solid CATIA STL
  facet normal -5.551115e-017  1.000000e+000 -5.551115e-017
    outer loop
      vertex -3.750000e-001  4.336809e-018 -2.968750e-001
      vertex -3.750000e-001  4.163336e-017  3.750000e-001
      vertex  2.500000e-001  7.632783e-017  3.750000e-001
    endloop
  endfacet
  facet normal -5.551115e-017  1.000000e+000 -5.551115e-017
    outer loop
      vertex -3.750000e-001  4.336809e-018 -2.968750e-001
      vertex  2.500000e-001  7.632783e-017  3.750000e-001
      vertex  2.500000e-001  3.469447e-017 -3.750000e-001
    endloop
  endfacet
  facet normal -5.551115e-017  1.000000e+000 -5.551115e-017
    outer loop
      vertex -3.750000e-001  4.336809e-018 -2.968750e-001
      vertex  2.500000e-001  3.469447e-017 -3.750000e-001
      vertex -2.968750e-001  4.336809e-018 -3.750000e-001
    endloop
  endfacet
  facet normal -5.551106e-017  9.999999e-001 -5.551106e-017
    outer loop
      vertex -3.750000e-001  4.336809e-018 -2.968750e-001
      vertex -2.968750e-001  4.336809e-018 -3.750000e-001
      vertex -3.121164e-001  3.574070e-018 -3.734989e-001
    endloop
  endfacet
  facet normal -5.551116e-017  1.000000e+000 -5.551115e-017
    outer loop
      vertex -3.750000e-001  4.336809e-018 -2.968750e-001
      vertex -3.121164e-001  3.574070e-018 -3.734989e-001
      vertex -3.267722e-001  3.007304e-018 -3.690531e-001
    endloop
  endfacet
  facet normal -5.551121e-017  1.000000e+000 -5.551118e-017
    outer loop
      vertex -3.750000e-001  4.336809e-018 -2.968750e-001
      vertex -3.267722e-001  3.007304e-018 -3.690531e-001
      vertex -3.402789e-001  2.658291e-018 -3.618336e-001
    endloop
  endfacet
  facet normal -5.551120e-017  1.000000e+000 -5.551117e-017
    outer loop
      vertex -3.750000e-001  4.336809e-018 -2.968750e-001
      vertex -3.402789e-001  2.658291e-018 -3.618336e-001
      vertex -3.521177e-001  2.540444e-018 -3.521177e-001
    endloop
  endfacet
  facet normal -5.551106e-017  1.000000e+000 -5.551111e-017
    outer loop
      vertex -3.750000e-001  4.336809e-018 -2.968750e-001
      vertex -3.521177e-001  2.540444e-018 -3.521177e-001
      vertex -3.618336e-001  2.658291e-018 -3.402789e-001
    endloop
  endfacet
  facet normal -5.551091e-017  1.000000e+000 -5.551107e-017
    outer loop
      vertex -3.750000e-001  4.336809e-018 -2.968750e-001
      vertex -3.618336e-001  2.658291e-018 -3.402789e-001
      vertex -3.690531e-001  3.007304e-018 -3.267722e-001
    endloop
  endfacet
  facet normal -5.551069e-017  1.000000e+000 -5.551102e-017
    outer loop
      vertex -3.750000e-001  4.336809e-018 -2.968750e-001
      vertex -3.690531e-001  3.007304e-018 -3.267722e-001
      vertex -3.734989e-001  3.574070e-018 -3.121164e-001
    endloop
  endfacet
  facet normal  0.000000e+000  0.000000e+000 -1.000000e+000
    outer loop
      vertex  3.750000e-001 -7.500000e-001 -3.750000e-001
      vertex -2.968750e-001 -7.500000e-001 -3.750000e-001
      vertex  3.750000e-001 -1.406250e-001 -3.750000e-001
    endloop
  endfacet
  facet normal  -0.000000e+000  0.000000e+000 -1.000000e+000
    outer loop
      vertex  3.750000e-001 -1.406250e-001 -3.750000e-001
      vertex -2.968750e-001 -7.500000e-001 -3.750000e-001
      vertex -2.968750e-001  4.336809e-018 -3.750000e-001
    endloop
  endfacet
  facet normal  0.000000e+000  0.000000e+000 -1.000000e+000
    outer loop
      vertex  3.750000e-001 -1.406250e-001 -3.750000e-001
      vertex -2.968750e-001  4.336809e-018 -3.750000e-001
      vertex  2.500000e-001  3.469447e-017 -3.750000e-001
    endloop
  endfacet
  facet normal  0.000000e+000 -1.000000e+000  0.000000e+000
    outer loop
      vertex -3.750000e-001 -7.500000e-001 -2.968750e-001
      vertex -3.734989e-001 -7.500000e-001 -3.121164e-001
      vertex -3.690531e-001 -7.500000e-001 -3.267722e-001
    endloop
  endfacet
  facet normal  0.000000e+000 -1.000000e+000  0.000000e+000
    outer loop
      vertex -3.750000e-001 -7.500000e-001 -2.968750e-001
      vertex -3.690531e-001 -7.500000e-001 -3.267722e-001
      vertex -3.618336e-001 -7.500000e-001 -3.402789e-001
    endloop
  endfacet
  facet normal  0.000000e+000 -1.000000e+000  0.000000e+000
    outer loop
      vertex -3.750000e-001 -7.500000e-001 -2.968750e-001
      vertex -3.618336e-001 -7.500000e-001 -3.402789e-001
      vertex -3.521177e-001 -7.500000e-001 -3.521177e-001
    endloop
  endfacet
  facet normal  0.000000e+000 -1.000000e+000  0.000000e+000
    outer loop
      vertex -3.750000e-001 -7.500000e-001 -2.968750e-001
      vertex -3.521177e-001 -7.500000e-001 -3.521177e-001
      vertex -3.402789e-001 -7.500000e-001 -3.618336e-001
    endloop
  endfacet
  facet normal  0.000000e+000 -1.000000e+000  0.000000e+000
    outer loop
      vertex -3.750000e-001 -7.500000e-001 -2.968750e-001
      vertex -3.402789e-001 -7.500000e-001 -3.618336e-001
      vertex -3.267722e-001 -7.500000e-001 -3.690531e-001
    endloop
  endfacet
  facet normal  0.000000e+000 -1.000000e+000  0.000000e+000
    outer loop
      vertex -3.750000e-001 -7.500000e-001 -2.968750e-001
      vertex -3.267722e-001 -7.500000e-001 -3.690531e-001
      vertex -3.121164e-001 -7.500000e-001 -3.734989e-001
    endloop
  endfacet
  facet normal  0.000000e+000 -9.999999e-001  0.000000e+000
    outer loop
      vertex -3.750000e-001 -7.500000e-001 -2.968750e-001
      vertex -3.121164e-001 -7.500000e-001 -3.734989e-001
      vertex -2.968750e-001 -7.500000e-001 -3.750000e-001
    endloop
  endfacet
  facet normal  0.000000e+000 -1.000000e+000  0.000000e+000
    outer loop
      vertex -3.750000e-001 -7.500000e-001 -2.968750e-001
      vertex -2.968750e-001 -7.500000e-001 -3.750000e-001
      vertex  3.750000e-001 -7.500000e-001 -3.750000e-001
    endloop
  endfacet
  facet normal  0.000000e+000 -1.000000e+000  0.000000e+000
    outer loop
      vertex -3.750000e-001 -7.500000e-001 -2.968750e-001
      vertex  3.750000e-001 -7.500000e-001 -3.750000e-001
      vertex  3.750000e-001 -7.500000e-001  3.750000e-001
    endloop
  endfacet
  facet normal  -0.000000e+000 -1.000000e+000  0.000000e+000
    outer loop
      vertex -3.750000e-001 -7.500000e-001 -2.968750e-001
      vertex  3.750000e-001 -7.500000e-001  3.750000e-001
      vertex -3.750000e-001 -7.500000e-001  3.750000e-001
    endloop
  endfacet
  facet normal -1.000000e+000  0.000000e+000  0.000000e+000
    outer loop
      vertex -3.750000e-001  4.163336e-017  3.750000e-001
      vertex -3.750000e-001  4.336809e-018 -2.968750e-001
      vertex -3.750000e-001 -7.500000e-001  3.750000e-001
    endloop
  endfacet
  facet normal -1.000000e+000  0.000000e+000  0.000000e+000
    outer loop
      vertex -3.750000e-001 -7.500000e-001  3.750000e-001
      vertex -3.750000e-001  4.336809e-018 -2.968750e-001
      vertex -3.750000e-001 -7.500000e-001 -2.968750e-001
    endloop
  endfacet
  facet normal -9.801661e-002  0.000000e+000 -9.951848e-001
    outer loop
      vertex -2.968750e-001  4.336809e-018 -3.750000e-001
      vertex -2.968750e-001 -7.500000e-001 -3.750000e-001
      vertex -3.121164e-001  3.574070e-018 -3.734989e-001
    endloop
  endfacet
  facet normal -9.801661e-002  -0.000000e+000 -9.951848e-001
    outer loop
      vertex -3.121164e-001  3.574070e-018 -3.734989e-001
      vertex -2.968750e-001 -7.500000e-001 -3.750000e-001
      vertex -3.121164e-001 -7.500000e-001 -3.734989e-001
    endloop
  endfacet
  facet normal -2.902848e-001  0.000000e+000 -9.569404e-001
    outer loop
      vertex -3.121164e-001  3.574070e-018 -3.734989e-001
      vertex -3.121164e-001 -7.500000e-001 -3.734989e-001
      vertex -3.267722e-001  3.007304e-018 -3.690531e-001
    endloop
  endfacet
  facet normal -2.902848e-001  -0.000000e+000 -9.569404e-001
    outer loop
      vertex -3.267722e-001  3.007304e-018 -3.690531e-001
      vertex -3.121164e-001 -7.500000e-001 -3.734989e-001
      vertex -3.267722e-001 -7.500000e-001 -3.690531e-001
    endloop
  endfacet
  facet normal -4.713969e-001  0.000000e+000 -8.819211e-001
    outer loop
      vertex -3.267722e-001  3.007304e-018 -3.690531e-001
      vertex -3.267722e-001 -7.500000e-001 -3.690531e-001
      vertex -3.402789e-001  2.658291e-018 -3.618336e-001
    endloop
  endfacet
  facet normal -4.713969e-001  -0.000000e+000 -8.819211e-001
    outer loop
      vertex -3.402789e-001  2.658291e-018 -3.618336e-001
      vertex -3.267722e-001 -7.500000e-001 -3.690531e-001
      vertex -3.402789e-001 -7.500000e-001 -3.618336e-001
    endloop
  endfacet
  facet normal -6.343936e-001  0.000000e+000 -7.730101e-001
    outer loop
      vertex -3.402789e-001  2.658291e-018 -3.618336e-001
      vertex -3.402789e-001 -7.500000e-001 -3.618336e-001
      vertex -3.521177e-001  2.540444e-018 -3.521177e-001
    endloop
  endfacet
  facet normal -6.343936e-001  -0.000000e+000 -7.730101e-001
    outer loop
      vertex -3.521177e-001  2.540444e-018 -3.521177e-001
      vertex -3.402789e-001 -7.500000e-001 -3.618336e-001
      vertex -3.521177e-001 -7.500000e-001 -3.521177e-001
    endloop
  endfacet
  facet normal -7.730101e-001  0.000000e+000 -6.343936e-001
    outer loop
      vertex -3.521177e-001  2.540444e-018 -3.521177e-001
      vertex -3.521177e-001 -7.500000e-001 -3.521177e-001
      vertex -3.618336e-001  2.658291e-018 -3.402789e-001
    endloop
  endfacet
  facet normal -7.730101e-001  -0.000000e+000 -6.343936e-001
    outer loop
      vertex -3.618336e-001  2.658291e-018 -3.402789e-001
      vertex -3.521177e-001 -7.500000e-001 -3.521177e-001
      vertex -3.618336e-001 -7.500000e-001 -3.402789e-001
    endloop
  endfacet
  facet normal -8.819211e-001  0.000000e+000 -4.713969e-001
    outer loop
      vertex -3.618336e-001  2.658291e-018 -3.402789e-001
      vertex -3.618336e-001 -7.500000e-001 -3.402789e-001
      vertex -3.690531e-001  3.007304e-018 -3.267722e-001
    endloop
  endfacet
  facet normal -8.819211e-001  -0.000000e+000 -4.713969e-001
    outer loop
      vertex -3.690531e-001  3.007304e-018 -3.267722e-001
      vertex -3.618336e-001 -7.500000e-001 -3.402789e-001
      vertex -3.690531e-001 -7.500000e-001 -3.267722e-001
    endloop
  endfacet
  facet normal -9.569404e-001  0.000000e+000 -2.902848e-001
    outer loop
      vertex -3.690531e-001  3.007304e-018 -3.267722e-001
      vertex -3.690531e-001 -7.500000e-001 -3.267722e-001
      vertex -3.734989e-001  3.574070e-018 -3.121164e-001
    endloop
  endfacet
  facet normal -9.569404e-001  -0.000000e+000 -2.902848e-001
    outer loop
      vertex -3.734989e-001  3.574070e-018 -3.121164e-001
      vertex -3.690531e-001 -7.500000e-001 -3.267722e-001
      vertex -3.734989e-001 -7.500000e-001 -3.121164e-001
    endloop
  endfacet
  facet normal -9.951848e-001  0.000000e+000 -9.801661e-002
    outer loop
      vertex -3.734989e-001  3.574070e-018 -3.121164e-001
      vertex -3.734989e-001 -7.500000e-001 -3.121164e-001
      vertex -3.750000e-001  4.336809e-018 -2.968750e-001
    endloop
  endfacet
  facet normal -9.951848e-001  -0.000000e+000 -9.801661e-002
    outer loop
      vertex -3.750000e-001  4.336809e-018 -2.968750e-001
      vertex -3.734989e-001 -7.500000e-001 -3.121164e-001
      vertex -3.750000e-001 -7.500000e-001 -2.968750e-001
    endloop
  endfacet
  facet normal  0.000000e+000  0.000000e+000  1.000000e+000
    outer loop
      vertex -3.750000e-001 -7.500000e-001  3.750000e-001
      vertex  3.750000e-001 -7.500000e-001  3.750000e-001
      vertex -3.750000e-001  4.163336e-017  3.750000e-001
    endloop
  endfacet
  facet normal  0.000000e+000  0.000000e+000  1.000000e+000
    outer loop
      vertex -3.750000e-001  4.163336e-017  3.750000e-001
      vertex  3.750000e-001 -7.500000e-001  3.750000e-001
      vertex  3.750000e-001 -1.406250e-001  3.750000e-001
    endloop
  endfacet
  facet normal  0.000000e+000  0.000000e+000  1.000000e+000
    outer loop
      vertex -3.750000e-001  4.163336e-017  3.750000e-001
      vertex  3.750000e-001 -1.406250e-001  3.750000e-001
      vertex  2.500000e-001  7.632783e-017  3.750000e-001
    endloop
  endfacet
  facet normal  1.000000e+000  0.000000e+000  0.000000e+000
    outer loop
      vertex  3.750000e-001 -1.406250e-001 -3.750000e-001
      vertex  3.750000e-001 -1.406250e-001  3.750000e-001
      vertex  3.750000e-001 -7.500000e-001 -3.750000e-001
    endloop
  endfacet
  facet normal  1.000000e+000  0.000000e+000  0.000000e+000
    outer loop
      vertex  3.750000e-001 -7.500000e-001 -3.750000e-001
      vertex  3.750000e-001 -1.406250e-001  3.750000e-001
      vertex  3.750000e-001 -7.500000e-001  3.750000e-001
    endloop
  endfacet
  facet normal  7.474093e-001  6.643639e-001  0.000000e+000
    outer loop
      vertex  3.750000e-001 -1.406250e-001 -3.750000e-001
      vertex  2.500000e-001  3.469447e-017 -3.750000e-001
      vertex  3.750000e-001 -1.406250e-001  3.750000e-001
    endloop
  endfacet
  facet normal  7.474093e-001  6.643639e-001  0.000000e+000
    outer loop
      vertex  3.750000e-001 -1.406250e-001  3.750000e-001
      vertex  2.500000e-001  3.469447e-017 -3.750000e-001
      vertex  2.500000e-001  7.632783e-017  3.750000e-001
    endloop
  endfacet
endsolid CATIA STL
