solid CATIA STL
  facet normal  0.000000e+000  0.000000e+000 -1.000000e+000
    outer loop
      vertex -7.500000e-001 -3.750000e-001 -7.500000e-001
      vertex -7.500000e-001  7.500000e-001 -7.500000e-001
      vertex  7.500000e-001 -3.750000e-001 -7.500000e-001
    endloop
  endfacet
  facet normal  0.000000e+000  0.000000e+000 -1.000000e+000
    outer loop
      vertex  7.500000e-001 -3.750000e-001 -7.500000e-001
      vertex -7.500000e-001  7.500000e-001 -7.500000e-001
      vertex  7.500000e-001  7.500000e-001 -7.500000e-001
    endloop
  endfacet
  facet normal -1.000000e+000  0.000000e+000  0.000000e+000
    outer loop
      vertex -7.500000e-001  7.500000e-001 -7.500000e-001
      vertex -7.500000e-001 -3.750000e-001 -7.500000e-001
      vertex -7.500000e-001 -4.481589e-001 -7.427945e-001
    endloop
  endfacet
  facet normal -1.000000e+000  0.000000e+000  0.000000e+000
    outer loop
      vertex -7.500000e-001  7.500000e-001 -7.500000e-001
      vertex -7.500000e-001 -4.481589e-001 -7.427945e-001
      vertex -7.500000e-001 -5.185063e-001 -7.214548e-001
    endloop
  endfacet
  facet normal -1.000000e+000  0.000000e+000  0.000000e+000
    outer loop
      vertex -7.500000e-001  7.500000e-001 -7.500000e-001
      vertex -7.500000e-001 -5.185063e-001 -7.214548e-001
      vertex -7.500000e-001 -5.833389e-001 -6.868011e-001
    endloop
  endfacet
  facet normal -1.000000e+000  0.000000e+000  0.000000e+000
    outer loop
      vertex -7.500000e-001  7.500000e-001 -7.500000e-001
      vertex -7.500000e-001 -5.833389e-001 -6.868011e-001
      vertex -7.500000e-001 -6.401650e-001 -6.401650e-001
    endloop
  endfacet
  facet normal -1.000000e+000  0.000000e+000  0.000000e+000
    outer loop
      vertex -7.500000e-001  7.500000e-001 -7.500000e-001
      vertex -7.500000e-001 -6.401650e-001 -6.401650e-001
      vertex -7.500000e-001 -6.868011e-001 -5.833389e-001
    endloop
  endfacet
  facet normal -9.999999e-001  0.000000e+000  0.000000e+000
    outer loop
      vertex -7.500000e-001  7.500000e-001 -7.500000e-001
      vertex -7.500000e-001 -6.868011e-001 -5.833389e-001
      vertex -7.500000e-001 -7.214548e-001 -5.185063e-001
    endloop
  endfacet
  facet normal -1.000000e+000  0.000000e+000  0.000000e+000
    outer loop
      vertex -7.500000e-001  7.500000e-001 -7.500000e-001
      vertex -7.500000e-001 -7.214548e-001 -5.185063e-001
      vertex -7.500000e-001 -7.427945e-001 -4.481589e-001
    endloop
  endfacet
  facet normal -1.000000e+000  0.000000e+000  0.000000e+000
    outer loop
      vertex -7.500000e-001  7.500000e-001 -7.500000e-001
      vertex -7.500000e-001 -7.427945e-001 -4.481589e-001
      vertex -7.500000e-001 -7.500000e-001 -3.750000e-001
    endloop
  endfacet
  facet normal -1.000000e+000  0.000000e+000  0.000000e+000
    outer loop
      vertex -7.500000e-001  7.500000e-001 -7.500000e-001
      vertex -7.500000e-001 -7.500000e-001 -3.750000e-001
      vertex -7.500000e-001 -7.500000e-001  7.500000e-001
    endloop
  endfacet
  facet normal -1.000000e+000  0.000000e+000  0.000000e+000
    outer loop
      vertex -7.500000e-001  7.500000e-001 -7.500000e-001
      vertex -7.500000e-001 -7.500000e-001  7.500000e-001
      vertex -7.500000e-001  7.500000e-001  7.500000e-001
    endloop
  endfacet
  facet normal  1.000000e+000  -0.000000e+000  -0.000000e+000
    outer loop
      vertex  7.500000e-001 -7.500000e-001 -3.750000e-001
      vertex  7.500000e-001 -7.427945e-001 -4.481589e-001
      vertex  7.500000e-001 -7.214548e-001 -5.185063e-001
    endloop
  endfacet
  facet normal  1.000000e+000  -0.000000e+000  -0.000000e+000
    outer loop
      vertex  7.500000e-001 -7.500000e-001 -3.750000e-001
      vertex  7.500000e-001 -7.214548e-001 -5.185063e-001
      vertex  7.500000e-001 -6.868011e-001 -5.833389e-001
    endloop
  endfacet
  facet normal  1.000000e+000  -0.000000e+000  -0.000000e+000
    outer loop
      vertex  7.500000e-001 -7.500000e-001 -3.750000e-001
      vertex  7.500000e-001 -6.868011e-001 -5.833389e-001
      vertex  7.500000e-001 -6.401650e-001 -6.401650e-001
    endloop
  endfacet
  facet normal  1.000000e+000  -0.000000e+000  -0.000000e+000
    outer loop
      vertex  7.500000e-001 -7.500000e-001 -3.750000e-001
      vertex  7.500000e-001 -6.401650e-001 -6.401650e-001
      vertex  7.500000e-001 -5.833389e-001 -6.868011e-001
    endloop
  endfacet
  facet normal  1.000000e+000  -0.000000e+000  -0.000000e+000
    outer loop
      vertex  7.500000e-001 -7.500000e-001 -3.750000e-001
      vertex  7.500000e-001 -5.833389e-001 -6.868011e-001
      vertex  7.500000e-001 -5.185063e-001 -7.214548e-001
    endloop
  endfacet
  facet normal  1.000000e+000  -0.000000e+000  -0.000000e+000
    outer loop
      vertex  7.500000e-001 -7.500000e-001 -3.750000e-001
      vertex  7.500000e-001 -5.185063e-001 -7.214548e-001
      vertex  7.500000e-001 -4.481589e-001 -7.427945e-001
    endloop
  endfacet
  facet normal  1.000000e+000  -0.000000e+000  -0.000000e+000
    outer loop
      vertex  7.500000e-001 -7.500000e-001 -3.750000e-001
      vertex  7.500000e-001 -4.481589e-001 -7.427945e-001
      vertex  7.500000e-001 -3.750000e-001 -7.500000e-001
    endloop
  endfacet
  facet normal  1.000000e+000  0.000000e+000  -0.000000e+000
    outer loop
      vertex  7.500000e-001 -7.500000e-001 -3.750000e-001
      vertex  7.500000e-001 -3.750000e-001 -7.500000e-001
      vertex  7.500000e-001  7.500000e-001 -7.500000e-001
    endloop
  endfacet
  facet normal  1.000000e+000  0.000000e+000  -0.000000e+000
    outer loop
      vertex  7.500000e-001 -7.500000e-001 -3.750000e-001
      vertex  7.500000e-001  7.500000e-001 -7.500000e-001
      vertex  7.500000e-001  7.500000e-001  7.500000e-001
    endloop
  endfacet
  facet normal  1.000000e+000  0.000000e+000  0.000000e+000
    outer loop
      vertex  7.500000e-001 -7.500000e-001 -3.750000e-001
      vertex  7.500000e-001  7.500000e-001  7.500000e-001
      vertex  7.500000e-001 -7.500000e-001  7.500000e-001
    endloop
  endfacet
  facet normal  0.000000e+000 -1.000000e+000  0.000000e+000
    outer loop
      vertex -7.500000e-001 -7.500000e-001 -3.750000e-001
      vertex  7.500000e-001 -7.500000e-001 -3.750000e-001
      vertex -7.500000e-001 -7.500000e-001  7.500000e-001
    endloop
  endfacet
  facet normal  0.000000e+000 -1.000000e+000  0.000000e+000
    outer loop
      vertex -7.500000e-001 -7.500000e-001  7.500000e-001
      vertex  7.500000e-001 -7.500000e-001 -3.750000e-001
      vertex  7.500000e-001 -7.500000e-001  7.500000e-001
    endloop
  endfacet
  facet normal  -0.000000e+000 -9.801750e-002 -9.951847e-001
    outer loop
      vertex -7.500000e-001 -3.750000e-001 -7.500000e-001
      vertex  7.500000e-001 -3.750000e-001 -7.500000e-001
      vertex -7.500000e-001 -4.481589e-001 -7.427945e-001
    endloop
  endfacet
  facet normal  0.000000e+000 -9.801750e-002 -9.951847e-001
    outer loop
      vertex -7.500000e-001 -4.481589e-001 -7.427945e-001
      vertex  7.500000e-001 -3.750000e-001 -7.500000e-001
      vertex  7.500000e-001 -4.481589e-001 -7.427945e-001
    endloop
  endfacet
  facet normal  -0.000000e+000 -2.902846e-001 -9.569404e-001
    outer loop
      vertex -7.500000e-001 -4.481589e-001 -7.427945e-001
      vertex  7.500000e-001 -4.481589e-001 -7.427945e-001
      vertex -7.500000e-001 -5.185063e-001 -7.214548e-001
    endloop
  endfacet
  facet normal  0.000000e+000 -2.902846e-001 -9.569404e-001
    outer loop
      vertex -7.500000e-001 -5.185063e-001 -7.214548e-001
      vertex  7.500000e-001 -4.481589e-001 -7.427945e-001
      vertex  7.500000e-001 -5.185063e-001 -7.214548e-001
    endloop
  endfacet
  facet normal  -0.000000e+000 -4.713967e-001 -8.819213e-001
    outer loop
      vertex -7.500000e-001 -5.185063e-001 -7.214548e-001
      vertex  7.500000e-001 -5.185063e-001 -7.214548e-001
      vertex -7.500000e-001 -5.833389e-001 -6.868011e-001
    endloop
  endfacet
  facet normal  0.000000e+000 -4.713967e-001 -8.819213e-001
    outer loop
      vertex -7.500000e-001 -5.833389e-001 -6.868011e-001
      vertex  7.500000e-001 -5.185063e-001 -7.214548e-001
      vertex  7.500000e-001 -5.833389e-001 -6.868011e-001
    endloop
  endfacet
  facet normal  -0.000000e+000 -6.343934e-001 -7.730104e-001
    outer loop
      vertex -7.500000e-001 -5.833389e-001 -6.868011e-001
      vertex  7.500000e-001 -5.833389e-001 -6.868011e-001
      vertex -7.500000e-001 -6.401650e-001 -6.401650e-001
    endloop
  endfacet
  facet normal  0.000000e+000 -6.343934e-001 -7.730104e-001
    outer loop
      vertex -7.500000e-001 -6.401650e-001 -6.401650e-001
      vertex  7.500000e-001 -5.833389e-001 -6.868011e-001
      vertex  7.500000e-001 -6.401650e-001 -6.401650e-001
    endloop
  endfacet
  facet normal  -0.000000e+000 -7.730104e-001 -6.343934e-001
    outer loop
      vertex -7.500000e-001 -6.401650e-001 -6.401650e-001
      vertex  7.500000e-001 -6.401650e-001 -6.401650e-001
      vertex -7.500000e-001 -6.868011e-001 -5.833389e-001
    endloop
  endfacet
  facet normal  0.000000e+000 -7.730104e-001 -6.343934e-001
    outer loop
      vertex -7.500000e-001 -6.868011e-001 -5.833389e-001
      vertex  7.500000e-001 -6.401650e-001 -6.401650e-001
      vertex  7.500000e-001 -6.868011e-001 -5.833389e-001
    endloop
  endfacet
  facet normal  -0.000000e+000 -8.819213e-001 -4.713967e-001
    outer loop
      vertex -7.500000e-001 -6.868011e-001 -5.833389e-001
      vertex  7.500000e-001 -6.868011e-001 -5.833389e-001
      vertex -7.500000e-001 -7.214548e-001 -5.185063e-001
    endloop
  endfacet
  facet normal  0.000000e+000 -8.819213e-001 -4.713967e-001
    outer loop
      vertex -7.500000e-001 -7.214548e-001 -5.185063e-001
      vertex  7.500000e-001 -6.868011e-001 -5.833389e-001
      vertex  7.500000e-001 -7.214548e-001 -5.185063e-001
    endloop
  endfacet
  facet normal  -0.000000e+000 -9.569404e-001 -2.902846e-001
    outer loop
      vertex -7.500000e-001 -7.214548e-001 -5.185063e-001
      vertex  7.500000e-001 -7.214548e-001 -5.185063e-001
      vertex -7.500000e-001 -7.427945e-001 -4.481589e-001
    endloop
  endfacet
  facet normal  0.000000e+000 -9.569404e-001 -2.902846e-001
    outer loop
      vertex -7.500000e-001 -7.427945e-001 -4.481589e-001
      vertex  7.500000e-001 -7.214548e-001 -5.185063e-001
      vertex  7.500000e-001 -7.427945e-001 -4.481589e-001
    endloop
  endfacet
  facet normal  -0.000000e+000 -9.951847e-001 -9.801750e-002
    outer loop
      vertex -7.500000e-001 -7.427945e-001 -4.481589e-001
      vertex  7.500000e-001 -7.427945e-001 -4.481589e-001
      vertex -7.500000e-001 -7.500000e-001 -3.750000e-001
    endloop
  endfacet
  facet normal  0.000000e+000 -9.951847e-001 -9.801750e-002
    outer loop
      vertex -7.500000e-001 -7.500000e-001 -3.750000e-001
      vertex  7.500000e-001 -7.427945e-001 -4.481589e-001
      vertex  7.500000e-001 -7.500000e-001 -3.750000e-001
    endloop
  endfacet
  facet normal  0.000000e+000  0.000000e+000  1.000000e+000
    outer loop
      vertex -7.500000e-001 -7.500000e-001  7.500000e-001
      vertex  7.500000e-001 -7.500000e-001  7.500000e-001
      vertex -7.500000e-001  7.500000e-001  7.500000e-001
    endloop
  endfacet
  facet normal  -0.000000e+000  0.000000e+000  1.000000e+000
    outer loop
      vertex -7.500000e-001  7.500000e-001  7.500000e-001
      vertex  7.500000e-001 -7.500000e-001  7.500000e-001
      vertex  7.500000e-001  7.500000e-001  7.500000e-001
    endloop
  endfacet
  facet normal  0.000000e+000  1.000000e+000  0.000000e+000
    outer loop
      vertex  7.500000e-001  7.500000e-001 -7.500000e-001
      vertex -7.500000e-001  7.500000e-001 -7.500000e-001
      vertex  7.500000e-001  7.500000e-001  7.500000e-001
    endloop
  endfacet
  facet normal  0.000000e+000  1.000000e+000  0.000000e+000
    outer loop
      vertex  7.500000e-001  7.500000e-001  7.500000e-001
      vertex -7.500000e-001  7.500000e-001 -7.500000e-001
      vertex -7.500000e-001  7.500000e-001  7.500000e-001
    endloop
  endfacet
endsolid CATIA STL
