solid CATIA STL
  facet normal  0.000000e+000 -1.000000e+000  0.000000e+000
    outer loop
      vertex -7.500000e-001 -7.500000e-001 -1.718750e-001
      vertex  7.500000e-001 -7.500000e-001 -1.718750e-001
      vertex -7.500000e-001 -7.500000e-001  7.500000e-001
    endloop
  endfacet
  facet normal  0.000000e+000 -1.000000e+000  0.000000e+000
    outer loop
      vertex -7.500000e-001 -7.500000e-001  7.500000e-001
      vertex  7.500000e-001 -7.500000e-001 -1.718750e-001
      vertex  7.500000e-001 -7.500000e-001  7.500000e-001
    endloop
  endfacet
  facet normal -1.000000e+000  0.000000e+000  0.000000e+000
    outer loop
      vertex -7.500000e-001  0.000000e+000 -7.500000e-001
      vertex -7.500000e-001 -1.718750e-001 -7.500000e-001
      vertex -7.500000e-001 -2.846616e-001 -7.388915e-001
    endloop
  endfacet
  facet normal -1.000000e+000  0.000000e+000  0.000000e+000
    outer loop
      vertex -7.500000e-001  0.000000e+000 -7.500000e-001
      vertex -7.500000e-001 -2.846616e-001 -7.388915e-001
      vertex -7.500000e-001 -7.500000e-001 -1.718750e-001
    endloop
  endfacet
  facet normal -1.000000e+000  0.000000e+000  0.000000e+000
    outer loop
      vertex -7.500000e-001  0.000000e+000 -7.500000e-001
      vertex -7.500000e-001 -7.500000e-001 -1.718750e-001
      vertex -7.500000e-001 -7.500000e-001  7.500000e-001
    endloop
  endfacet
  facet normal -1.000000e+000  0.000000e+000  0.000000e+000
    outer loop
      vertex -7.500000e-001  0.000000e+000 -7.500000e-001
      vertex -7.500000e-001 -7.500000e-001  7.500000e-001
      vertex -7.500000e-001  1.665335e-016  7.500000e-001
    endloop
  endfacet
  facet normal -1.000000e+000  0.000000e+000  0.000000e+000
    outer loop
      vertex -7.500000e-001 -7.500000e-001 -1.718750e-001
      vertex -7.500000e-001 -2.846616e-001 -7.388915e-001
      vertex -7.500000e-001 -3.931139e-001 -7.059929e-001
    endloop
  endfacet
  facet normal -1.000000e+000  0.000000e+000  0.000000e+000
    outer loop
      vertex -7.500000e-001 -7.500000e-001 -1.718750e-001
      vertex -7.500000e-001 -3.931139e-001 -7.059929e-001
      vertex -7.500000e-001 -4.930640e-001 -6.525683e-001
    endloop
  endfacet
  facet normal -9.999999e-001  0.000000e+000  0.000000e+000
    outer loop
      vertex -7.500000e-001 -7.500000e-001 -1.718750e-001
      vertex -7.500000e-001 -4.930640e-001 -6.525683e-001
      vertex -7.500000e-001 -5.806711e-001 -5.806711e-001
    endloop
  endfacet
  facet normal -1.000000e+000  0.000000e+000  0.000000e+000
    outer loop
      vertex -7.500000e-001 -7.500000e-001 -1.718750e-001
      vertex -7.500000e-001 -5.806711e-001 -5.806711e-001
      vertex -7.500000e-001 -6.525683e-001 -4.930640e-001
    endloop
  endfacet
  facet normal -1.000000e+000  0.000000e+000  0.000000e+000
    outer loop
      vertex -7.500000e-001 -7.500000e-001 -1.718750e-001
      vertex -7.500000e-001 -6.525683e-001 -4.930640e-001
      vertex -7.500000e-001 -7.059929e-001 -3.931139e-001
    endloop
  endfacet
  facet normal -1.000000e+000  0.000000e+000  0.000000e+000
    outer loop
      vertex -7.500000e-001 -7.500000e-001 -1.718750e-001
      vertex -7.500000e-001 -7.059929e-001 -3.931139e-001
      vertex -7.500000e-001 -7.388915e-001 -2.846616e-001
    endloop
  endfacet
  facet normal  1.000000e+000  0.000000e+000  0.000000e+000
    outer loop
      vertex  7.500000e-001 -1.718750e-001 -7.500000e-001
      vertex  7.500000e-001 -3.931139e-001 -7.059929e-001
      vertex  7.500000e-001 -2.846616e-001 -7.388915e-001
    endloop
  endfacet
  facet normal  1.000000e+000  0.000000e+000  0.000000e+000
    outer loop
      vertex  7.500000e-001  1.665335e-016 -7.500000e-001
      vertex  7.500000e-001  3.330669e-016  7.500000e-001
      vertex  7.500000e-001 -7.500000e-001  7.500000e-001
    endloop
  endfacet
  facet normal  1.000000e+000  0.000000e+000  0.000000e+000
    outer loop
      vertex  7.500000e-001  1.665335e-016 -7.500000e-001
      vertex  7.500000e-001 -7.500000e-001  7.500000e-001
      vertex  7.500000e-001 -7.500000e-001 -1.718750e-001
    endloop
  endfacet
  facet normal  1.000000e+000  0.000000e+000  0.000000e+000
    outer loop
      vertex  7.500000e-001  1.665335e-016 -7.500000e-001
      vertex  7.500000e-001 -7.500000e-001 -1.718750e-001
      vertex  7.500000e-001 -7.388915e-001 -2.846616e-001
    endloop
  endfacet
  facet normal  1.000000e+000  0.000000e+000  0.000000e+000
    outer loop
      vertex  7.500000e-001  1.665335e-016 -7.500000e-001
      vertex  7.500000e-001 -7.388915e-001 -2.846616e-001
      vertex  7.500000e-001 -7.059929e-001 -3.931139e-001
    endloop
  endfacet
  facet normal  1.000000e+000  0.000000e+000  0.000000e+000
    outer loop
      vertex  7.500000e-001  1.665335e-016 -7.500000e-001
      vertex  7.500000e-001 -7.059929e-001 -3.931139e-001
      vertex  7.500000e-001 -6.525683e-001 -4.930640e-001
    endloop
  endfacet
  facet normal  1.000000e+000  0.000000e+000  0.000000e+000
    outer loop
      vertex  7.500000e-001  1.665335e-016 -7.500000e-001
      vertex  7.500000e-001 -6.525683e-001 -4.930640e-001
      vertex  7.500000e-001 -5.806711e-001 -5.806711e-001
    endloop
  endfacet
  facet normal  1.000000e+000  0.000000e+000  0.000000e+000
    outer loop
      vertex  7.500000e-001  1.665335e-016 -7.500000e-001
      vertex  7.500000e-001 -5.806711e-001 -5.806711e-001
      vertex  7.500000e-001 -4.930640e-001 -6.525683e-001
    endloop
  endfacet
  facet normal  1.000000e+000  0.000000e+000  0.000000e+000
    outer loop
      vertex  7.500000e-001  1.665335e-016 -7.500000e-001
      vertex  7.500000e-001 -4.930640e-001 -6.525683e-001
      vertex  7.500000e-001 -3.931139e-001 -7.059929e-001
    endloop
  endfacet
  facet normal  1.000000e+000  0.000000e+000  0.000000e+000
    outer loop
      vertex  7.500000e-001  1.665335e-016 -7.500000e-001
      vertex  7.500000e-001 -3.931139e-001 -7.059929e-001
      vertex  7.500000e-001 -1.718750e-001 -7.500000e-001
    endloop
  endfacet
  facet normal  0.000000e+000  0.000000e+000 -1.000000e+000
    outer loop
      vertex -7.500000e-001 -1.718750e-001 -7.500000e-001
      vertex -7.500000e-001  0.000000e+000 -7.500000e-001
      vertex  7.500000e-001 -1.718750e-001 -7.500000e-001
    endloop
  endfacet
  facet normal  0.000000e+000  0.000000e+000 -1.000000e+000
    outer loop
      vertex  7.500000e-001 -1.718750e-001 -7.500000e-001
      vertex -7.500000e-001  0.000000e+000 -7.500000e-001
      vertex  7.500000e-001  1.665335e-016 -7.500000e-001
    endloop
  endfacet
  facet normal  -0.000000e+000 -9.801720e-002 -9.951847e-001
    outer loop
      vertex -7.500000e-001 -1.718750e-001 -7.500000e-001
      vertex  7.500000e-001 -1.718750e-001 -7.500000e-001
      vertex -7.500000e-001 -2.846616e-001 -7.388915e-001
    endloop
  endfacet
  facet normal  0.000000e+000 -9.801720e-002 -9.951847e-001
    outer loop
      vertex -7.500000e-001 -2.846616e-001 -7.388915e-001
      vertex  7.500000e-001 -1.718750e-001 -7.500000e-001
      vertex  7.500000e-001 -2.846616e-001 -7.388915e-001
    endloop
  endfacet
  facet normal  -0.000000e+000 -2.902845e-001 -9.569405e-001
    outer loop
      vertex -7.500000e-001 -2.846616e-001 -7.388915e-001
      vertex  7.500000e-001 -2.846616e-001 -7.388915e-001
      vertex -7.500000e-001 -3.931139e-001 -7.059929e-001
    endloop
  endfacet
  facet normal  0.000000e+000 -2.902845e-001 -9.569405e-001
    outer loop
      vertex -7.500000e-001 -3.931139e-001 -7.059929e-001
      vertex  7.500000e-001 -2.846616e-001 -7.388915e-001
      vertex  7.500000e-001 -3.931139e-001 -7.059929e-001
    endloop
  endfacet
  facet normal  -0.000000e+000 -4.713970e-001 -8.819211e-001
    outer loop
      vertex -7.500000e-001 -3.931139e-001 -7.059929e-001
      vertex  7.500000e-001 -3.931139e-001 -7.059929e-001
      vertex -7.500000e-001 -4.930640e-001 -6.525683e-001
    endloop
  endfacet
  facet normal  0.000000e+000 -4.713970e-001 -8.819211e-001
    outer loop
      vertex -7.500000e-001 -4.930640e-001 -6.525683e-001
      vertex  7.500000e-001 -3.931139e-001 -7.059929e-001
      vertex  7.500000e-001 -4.930640e-001 -6.525683e-001
    endloop
  endfacet
  facet normal  -0.000000e+000 -6.343929e-001 -7.730108e-001
    outer loop
      vertex -7.500000e-001 -4.930640e-001 -6.525683e-001
      vertex  7.500000e-001 -4.930640e-001 -6.525683e-001
      vertex -7.500000e-001 -5.806711e-001 -5.806711e-001
    endloop
  endfacet
  facet normal  0.000000e+000 -6.343929e-001 -7.730108e-001
    outer loop
      vertex -7.500000e-001 -5.806711e-001 -5.806711e-001
      vertex  7.500000e-001 -4.930640e-001 -6.525683e-001
      vertex  7.500000e-001 -5.806711e-001 -5.806711e-001
    endloop
  endfacet
  facet normal  -0.000000e+000 -7.730108e-001 -6.343929e-001
    outer loop
      vertex -7.500000e-001 -5.806711e-001 -5.806711e-001
      vertex  7.500000e-001 -5.806711e-001 -5.806711e-001
      vertex -7.500000e-001 -6.525683e-001 -4.930640e-001
    endloop
  endfacet
  facet normal  0.000000e+000 -7.730108e-001 -6.343929e-001
    outer loop
      vertex -7.500000e-001 -6.525683e-001 -4.930640e-001
      vertex  7.500000e-001 -5.806711e-001 -5.806711e-001
      vertex  7.500000e-001 -6.525683e-001 -4.930640e-001
    endloop
  endfacet
  facet normal  -0.000000e+000 -8.819211e-001 -4.713970e-001
    outer loop
      vertex -7.500000e-001 -6.525683e-001 -4.930640e-001
      vertex  7.500000e-001 -6.525683e-001 -4.930640e-001
      vertex -7.500000e-001 -7.059929e-001 -3.931139e-001
    endloop
  endfacet
  facet normal  0.000000e+000 -8.819211e-001 -4.713970e-001
    outer loop
      vertex -7.500000e-001 -7.059929e-001 -3.931139e-001
      vertex  7.500000e-001 -6.525683e-001 -4.930640e-001
      vertex  7.500000e-001 -7.059929e-001 -3.931139e-001
    endloop
  endfacet
  facet normal  -0.000000e+000 -9.569405e-001 -2.902845e-001
    outer loop
      vertex -7.500000e-001 -7.059929e-001 -3.931139e-001
      vertex  7.500000e-001 -7.059929e-001 -3.931139e-001
      vertex -7.500000e-001 -7.388915e-001 -2.846616e-001
    endloop
  endfacet
  facet normal  0.000000e+000 -9.569405e-001 -2.902845e-001
    outer loop
      vertex -7.500000e-001 -7.388915e-001 -2.846616e-001
      vertex  7.500000e-001 -7.059929e-001 -3.931139e-001
      vertex  7.500000e-001 -7.388915e-001 -2.846616e-001
    endloop
  endfacet
  facet normal  -0.000000e+000 -9.951847e-001 -9.801720e-002
    outer loop
      vertex -7.500000e-001 -7.388915e-001 -2.846616e-001
      vertex  7.500000e-001 -7.388915e-001 -2.846616e-001
      vertex -7.500000e-001 -7.500000e-001 -1.718750e-001
    endloop
  endfacet
  facet normal  0.000000e+000 -9.951847e-001 -9.801720e-002
    outer loop
      vertex -7.500000e-001 -7.500000e-001 -1.718750e-001
      vertex  7.500000e-001 -7.388915e-001 -2.846616e-001
      vertex  7.500000e-001 -7.500000e-001 -1.718750e-001
    endloop
  endfacet
  facet normal -1.110223e-016  1.000000e+000 -1.110223e-016
    outer loop
      vertex -7.500000e-001  0.000000e+000 -7.500000e-001
      vertex -7.500000e-001  1.665335e-016  7.500000e-001
      vertex  7.500000e-001  1.665335e-016 -7.500000e-001
    endloop
  endfacet
  facet normal -1.110223e-016  1.000000e+000 -1.110223e-016
    outer loop
      vertex  7.500000e-001  1.665335e-016 -7.500000e-001
      vertex -7.500000e-001  1.665335e-016  7.500000e-001
      vertex  7.500000e-001  3.330669e-016  7.500000e-001
    endloop
  endfacet
  facet normal  0.000000e+000  0.000000e+000  1.000000e+000
    outer loop
      vertex  7.500000e-001 -7.500000e-001  7.500000e-001
      vertex  7.500000e-001  3.330669e-016  7.500000e-001
      vertex -7.500000e-001 -7.500000e-001  7.500000e-001
    endloop
  endfacet
  facet normal  0.000000e+000  0.000000e+000  1.000000e+000
    outer loop
      vertex -7.500000e-001 -7.500000e-001  7.500000e-001
      vertex  7.500000e-001  3.330669e-016  7.500000e-001
      vertex -7.500000e-001  1.665335e-016  7.500000e-001
    endloop
  endfacet
endsolid CATIA STL
