solid CATIA STL
  facet normal  0.000000e+000  1.000000e+000  -0.000000e+000
    outer loop
      vertex  7.500000e-001  3.828125e-001  3.394737e-001
      vertex  7.500000e-001  3.828125e-001 -4.592425e-017
      vertex  2.187500e-001  3.828125e-001 -1.339457e-017
    endloop
  endfacet
  facet normal  0.000000e+000  1.000000e+000  -0.000000e+000
    outer loop
      vertex  7.500000e-001  3.828125e-001  3.394737e-001
      vertex  2.187500e-001  3.828125e-001 -1.339457e-017
      vertex  1.760740e-001  3.828125e-001  4.203220e-003
    endloop
  endfacet
  facet normal  0.000000e+000  9.999999e-001  -0.000000e+000
    outer loop
      vertex  7.500000e-001  3.828125e-001  3.394737e-001
      vertex  1.760740e-001  3.828125e-001  4.203220e-003
      vertex  1.350380e-001  3.828125e-001  1.665135e-002
    endloop
  endfacet
  facet normal  0.000000e+000  1.000000e+000  -0.000000e+000
    outer loop
      vertex  7.500000e-001  3.828125e-001  3.394737e-001
      vertex  1.350380e-001  3.828125e-001  1.665135e-002
      vertex  9.721901e-002  3.828125e-001  3.686602e-002
    endloop
  endfacet
  facet normal  0.000000e+000  9.999999e-001  -0.000000e+000
    outer loop
      vertex  7.500000e-001  3.828125e-001  3.394737e-001
      vertex  9.721901e-002  3.828125e-001  3.686602e-002
      vertex  6.407039e-002  3.828125e-001  6.407039e-002
    endloop
  endfacet
  facet normal  0.000000e+000  1.000000e+000  -0.000000e+000
    outer loop
      vertex  7.500000e-001  3.828125e-001  3.394737e-001
      vertex  6.407039e-002  3.828125e-001  6.407039e-002
      vertex  3.686602e-002  3.828125e-001  9.721901e-002
    endloop
  endfacet
  facet normal  0.000000e+000  1.000000e+000  -0.000000e+000
    outer loop
      vertex  7.500000e-001  3.828125e-001  3.394737e-001
      vertex  3.686602e-002  3.828125e-001  9.721901e-002
      vertex  1.665135e-002  3.828125e-001  1.350380e-001
    endloop
  endfacet
  facet normal  0.000000e+000  1.000000e+000  -0.000000e+000
    outer loop
      vertex  7.500000e-001  3.828125e-001  3.394737e-001
      vertex  1.665135e-002  3.828125e-001  1.350380e-001
      vertex  4.203220e-003  3.828125e-001  1.760740e-001
    endloop
  endfacet
  facet normal  0.000000e+000  1.000000e+000  -0.000000e+000
    outer loop
      vertex  7.500000e-001  3.828125e-001  3.394737e-001
      vertex  4.203220e-003  3.828125e-001  1.760740e-001
      vertex  1.339457e-017  3.828125e-001  2.187500e-001
    endloop
  endfacet
  facet normal  0.000000e+000  1.000000e+000  0.000000e+000
    outer loop
      vertex  7.500000e-001  3.828125e-001  3.394737e-001
      vertex  1.339457e-017  3.828125e-001  2.187500e-001
      vertex  2.078677e-017  3.828125e-001  3.394737e-001
    endloop
  endfacet
  facet normal  0.000000e+000 -1.000000e+000  -0.000000e+000
    outer loop
      vertex  7.500000e-001  0.000000e+000  3.394737e-001
      vertex  2.078677e-017  0.000000e+000  3.394737e-001
      vertex  1.339457e-017  0.000000e+000  2.187500e-001
    endloop
  endfacet
  facet normal  0.000000e+000 -1.000000e+000  0.000000e+000
    outer loop
      vertex  7.500000e-001  0.000000e+000  3.394737e-001
      vertex  1.339457e-017  0.000000e+000  2.187500e-001
      vertex  4.203220e-003  0.000000e+000  1.760740e-001
    endloop
  endfacet
  facet normal  0.000000e+000 -1.000000e+000  0.000000e+000
    outer loop
      vertex  7.500000e-001  0.000000e+000  3.394737e-001
      vertex  4.203220e-003  0.000000e+000  1.760740e-001
      vertex  1.665135e-002  0.000000e+000  1.350380e-001
    endloop
  endfacet
  facet normal  0.000000e+000 -1.000000e+000  0.000000e+000
    outer loop
      vertex  7.500000e-001  0.000000e+000  3.394737e-001
      vertex  1.665135e-002  0.000000e+000  1.350380e-001
      vertex  3.686602e-002  0.000000e+000  9.721901e-002
    endloop
  endfacet
  facet normal  0.000000e+000 -9.999999e-001  0.000000e+000
    outer loop
      vertex  7.500000e-001  0.000000e+000  3.394737e-001
      vertex  3.686602e-002  0.000000e+000  9.721901e-002
      vertex  6.407039e-002  0.000000e+000  6.407039e-002
    endloop
  endfacet
  facet normal  0.000000e+000 -9.999999e-001  0.000000e+000
    outer loop
      vertex  7.500000e-001  0.000000e+000  3.394737e-001
      vertex  6.407039e-002  0.000000e+000  6.407039e-002
      vertex  9.721901e-002  0.000000e+000  3.686602e-002
    endloop
  endfacet
  facet normal  0.000000e+000 -1.000000e+000  0.000000e+000
    outer loop
      vertex  7.500000e-001  0.000000e+000  3.394737e-001
      vertex  9.721901e-002  0.000000e+000  3.686602e-002
      vertex  1.350380e-001  0.000000e+000  1.665135e-002
    endloop
  endfacet
  facet normal  0.000000e+000 -9.999999e-001  0.000000e+000
    outer loop
      vertex  7.500000e-001  0.000000e+000  3.394737e-001
      vertex  1.350380e-001  0.000000e+000  1.665135e-002
      vertex  1.760740e-001  0.000000e+000  4.203220e-003
    endloop
  endfacet
  facet normal  0.000000e+000 -1.000000e+000  0.000000e+000
    outer loop
      vertex  7.500000e-001  0.000000e+000  3.394737e-001
      vertex  1.760740e-001  0.000000e+000  4.203220e-003
      vertex  2.187500e-001  0.000000e+000 -1.339457e-017
    endloop
  endfacet
  facet normal  0.000000e+000 -1.000000e+000  0.000000e+000
    outer loop
      vertex  7.500000e-001  0.000000e+000  3.394737e-001
      vertex  2.187500e-001  0.000000e+000 -1.339457e-017
      vertex  7.500000e-001  0.000000e+000 -4.592425e-017
    endloop
  endfacet
  facet normal -1.000000e+000  0.000000e+000  6.123233e-017
    outer loop
      vertex  2.078677e-017  0.000000e+000  3.394737e-001
      vertex  2.078677e-017  3.828125e-001  3.394737e-001
      vertex  1.339457e-017  0.000000e+000  2.187500e-001
    endloop
  endfacet
  facet normal -1.000000e+000  0.000000e+000  6.123233e-017
    outer loop
      vertex  1.339457e-017  0.000000e+000  2.187500e-001
      vertex  2.078677e-017  3.828125e-001  3.394737e-001
      vertex  1.339457e-017  3.828125e-001  2.187500e-001
    endloop
  endfacet
  facet normal -6.123234e-017  0.000000e+000 -9.999999e-001
    outer loop
      vertex  2.187500e-001  3.828125e-001 -1.339457e-017
      vertex  7.500000e-001  3.828125e-001 -4.592425e-017
      vertex  2.187500e-001  0.000000e+000 -1.339457e-017
    endloop
  endfacet
  facet normal -6.123234e-017  0.000000e+000 -9.999999e-001
    outer loop
      vertex  2.187500e-001  0.000000e+000 -1.339457e-017
      vertex  7.500000e-001  3.828125e-001 -4.592425e-017
      vertex  7.500000e-001  0.000000e+000 -4.592425e-017
    endloop
  endfacet
  facet normal -9.951847e-001  -0.000000e+000 -9.801716e-002
    outer loop
      vertex  1.339457e-017  0.000000e+000  2.187500e-001
      vertex  1.339457e-017  3.828125e-001  2.187500e-001
      vertex  4.203220e-003  0.000000e+000  1.760740e-001
    endloop
  endfacet
  facet normal -9.951847e-001  0.000000e+000 -9.801716e-002
    outer loop
      vertex  4.203220e-003  0.000000e+000  1.760740e-001
      vertex  1.339457e-017  3.828125e-001  2.187500e-001
      vertex  4.203220e-003  3.828125e-001  1.760740e-001
    endloop
  endfacet
  facet normal -9.569403e-001  -0.000000e+000 -2.902847e-001
    outer loop
      vertex  4.203220e-003  0.000000e+000  1.760740e-001
      vertex  4.203220e-003  3.828125e-001  1.760740e-001
      vertex  1.665135e-002  0.000000e+000  1.350380e-001
    endloop
  endfacet
  facet normal -9.569403e-001  0.000000e+000 -2.902847e-001
    outer loop
      vertex  1.665135e-002  0.000000e+000  1.350380e-001
      vertex  4.203220e-003  3.828125e-001  1.760740e-001
      vertex  1.665135e-002  3.828125e-001  1.350380e-001
    endloop
  endfacet
  facet normal -8.819212e-001  -0.000000e+000 -4.713967e-001
    outer loop
      vertex  1.665135e-002  0.000000e+000  1.350380e-001
      vertex  1.665135e-002  3.828125e-001  1.350380e-001
      vertex  3.686602e-002  0.000000e+000  9.721901e-002
    endloop
  endfacet
  facet normal -8.819212e-001  0.000000e+000 -4.713967e-001
    outer loop
      vertex  3.686602e-002  0.000000e+000  9.721901e-002
      vertex  1.665135e-002  3.828125e-001  1.350380e-001
      vertex  3.686602e-002  3.828125e-001  9.721901e-002
    endloop
  endfacet
  facet normal -7.730105e-001  -0.000000e+000 -6.343932e-001
    outer loop
      vertex  3.686602e-002  0.000000e+000  9.721901e-002
      vertex  3.686602e-002  3.828125e-001  9.721901e-002
      vertex  6.407039e-002  0.000000e+000  6.407039e-002
    endloop
  endfacet
  facet normal -7.730105e-001  0.000000e+000 -6.343932e-001
    outer loop
      vertex  6.407039e-002  0.000000e+000  6.407039e-002
      vertex  3.686602e-002  3.828125e-001  9.721901e-002
      vertex  6.407039e-002  3.828125e-001  6.407039e-002
    endloop
  endfacet
  facet normal -6.343932e-001  -0.000000e+000 -7.730105e-001
    outer loop
      vertex  6.407039e-002  0.000000e+000  6.407039e-002
      vertex  6.407039e-002  3.828125e-001  6.407039e-002
      vertex  9.721901e-002  0.000000e+000  3.686602e-002
    endloop
  endfacet
  facet normal -6.343932e-001  0.000000e+000 -7.730105e-001
    outer loop
      vertex  9.721901e-002  0.000000e+000  3.686602e-002
      vertex  6.407039e-002  3.828125e-001  6.407039e-002
      vertex  9.721901e-002  3.828125e-001  3.686602e-002
    endloop
  endfacet
  facet normal -4.713967e-001  -0.000000e+000 -8.819212e-001
    outer loop
      vertex  9.721901e-002  0.000000e+000  3.686602e-002
      vertex  9.721901e-002  3.828125e-001  3.686602e-002
      vertex  1.350380e-001  0.000000e+000  1.665135e-002
    endloop
  endfacet
  facet normal -4.713967e-001  0.000000e+000 -8.819212e-001
    outer loop
      vertex  1.350380e-001  0.000000e+000  1.665135e-002
      vertex  9.721901e-002  3.828125e-001  3.686602e-002
      vertex  1.350380e-001  3.828125e-001  1.665135e-002
    endloop
  endfacet
  facet normal -2.902847e-001  -0.000000e+000 -9.569403e-001
    outer loop
      vertex  1.350380e-001  0.000000e+000  1.665135e-002
      vertex  1.350380e-001  3.828125e-001  1.665135e-002
      vertex  1.760740e-001  0.000000e+000  4.203220e-003
    endloop
  endfacet
  facet normal -2.902847e-001  0.000000e+000 -9.569403e-001
    outer loop
      vertex  1.760740e-001  0.000000e+000  4.203220e-003
      vertex  1.350380e-001  3.828125e-001  1.665135e-002
      vertex  1.760740e-001  3.828125e-001  4.203220e-003
    endloop
  endfacet
  facet normal -9.801716e-002  -0.000000e+000 -9.951847e-001
    outer loop
      vertex  1.760740e-001  0.000000e+000  4.203220e-003
      vertex  1.760740e-001  3.828125e-001  4.203220e-003
      vertex  2.187500e-001  0.000000e+000 -1.339457e-017
    endloop
  endfacet
  facet normal -9.801716e-002  0.000000e+000 -9.951847e-001
    outer loop
      vertex  2.187500e-001  0.000000e+000 -1.339457e-017
      vertex  1.760740e-001  3.828125e-001  4.203220e-003
      vertex  2.187500e-001  3.828125e-001 -1.339457e-017
    endloop
  endfacet
  facet normal  -0.000000e+000  0.000000e+000  1.000000e+000
    outer loop
      vertex  7.500000e-001  3.828125e-001  3.394737e-001
      vertex  2.078677e-017  3.828125e-001  3.394737e-001
      vertex  7.500000e-001  0.000000e+000  3.394737e-001
    endloop
  endfacet
  facet normal  0.000000e+000  0.000000e+000  1.000000e+000
    outer loop
      vertex  7.500000e-001  0.000000e+000  3.394737e-001
      vertex  2.078677e-017  3.828125e-001  3.394737e-001
      vertex  2.078677e-017  0.000000e+000  3.394737e-001
    endloop
  endfacet
  facet normal  1.000000e+000  0.000000e+000  0.000000e+000
    outer loop
      vertex  7.500000e-001  0.000000e+000 -4.592425e-017
      vertex  7.500000e-001  3.828125e-001 -4.592425e-017
      vertex  7.500000e-001  0.000000e+000  3.394737e-001
    endloop
  endfacet
  facet normal  1.000000e+000  -0.000000e+000  0.000000e+000
    outer loop
      vertex  7.500000e-001  0.000000e+000  3.394737e-001
      vertex  7.500000e-001  3.828125e-001 -4.592425e-017
      vertex  7.500000e-001  3.828125e-001  3.394737e-001
    endloop
  endfacet
endsolid CATIA STL
