solid CATIA STL
  facet normal  0.000000e+000 -1.000000e+000  0.000000e+000
    outer loop
      vertex -5.468750e-002 -3.593750e-001  2.343750e-002
      vertex -5.318635e-002 -3.593750e-001  8.196069e-003
      vertex -4.874059e-002 -3.593750e-001 -6.459643e-003
    endloop
  endfacet
  facet normal  0.000000e+000 -1.000000e+000  0.000000e+000
    outer loop
      vertex -5.468750e-002 -3.593750e-001  2.343750e-002
      vertex -4.874059e-002 -3.593750e-001 -6.459643e-003
      vertex -4.152106e-002 -3.593750e-001 -1.996643e-002
    endloop
  endfacet
  facet normal  0.000000e+000 -1.000000e+000  0.000000e+000
    outer loop
      vertex -5.468750e-002 -3.593750e-001  2.343750e-002
      vertex -4.152106e-002 -3.593750e-001 -1.996643e-002
      vertex -3.180522e-002 -3.593750e-001 -3.180522e-002
    endloop
  endfacet
  facet normal  0.000000e+000 -9.999999e-001  0.000000e+000
    outer loop
      vertex -5.468750e-002 -3.593750e-001  2.343750e-002
      vertex -3.180522e-002 -3.593750e-001 -3.180522e-002
      vertex -1.996643e-002 -3.593750e-001 -4.152106e-002
    endloop
  endfacet
  facet normal  0.000000e+000 -1.000000e+000  0.000000e+000
    outer loop
      vertex -5.468750e-002 -3.593750e-001  2.343750e-002
      vertex -1.996643e-002 -3.593750e-001 -4.152106e-002
      vertex -6.459643e-003 -3.593750e-001 -4.874059e-002
    endloop
  endfacet
  facet normal  0.000000e+000 -1.000000e+000  0.000000e+000
    outer loop
      vertex -5.468750e-002 -3.593750e-001  2.343750e-002
      vertex -6.459643e-003 -3.593750e-001 -4.874059e-002
      vertex  8.196069e-003 -3.593750e-001 -5.318635e-002
    endloop
  endfacet
  facet normal  0.000000e+000 -1.000000e+000  0.000000e+000
    outer loop
      vertex -5.468750e-002 -3.593750e-001  2.343750e-002
      vertex  8.196069e-003 -3.593750e-001 -5.318635e-002
      vertex  2.343750e-002 -3.593750e-001 -5.468750e-002
    endloop
  endfacet
  facet normal  0.000000e+000 -1.000000e+000  0.000000e+000
    outer loop
      vertex -5.468750e-002 -3.593750e-001  2.343750e-002
      vertex  2.343750e-002 -3.593750e-001 -5.468750e-002
      vertex  1.231908e-001 -3.593750e-001 -5.468750e-002
    endloop
  endfacet
  facet normal  0.000000e+000 -1.000000e+000  0.000000e+000
    outer loop
      vertex -5.468750e-002 -3.593750e-001  2.343750e-002
      vertex  1.231908e-001 -3.593750e-001 -5.468750e-002
      vertex  1.231908e-001 -3.593750e-001  7.500000e-001
    endloop
  endfacet
  facet normal  -0.000000e+000 -1.000000e+000  0.000000e+000
    outer loop
      vertex -5.468750e-002 -3.593750e-001  2.343750e-002
      vertex  1.231908e-001 -3.593750e-001  7.500000e-001
      vertex -5.468750e-002 -3.593750e-001  7.500000e-001
    endloop
  endfacet
  facet normal -6.245004e-017  1.000000e+000 -6.245005e-017
    outer loop
      vertex -5.468750e-002  4.878910e-018  2.343750e-002
      vertex -5.468750e-002  5.025277e-017  7.500000e-001
      vertex  1.231908e-001  6.136128e-017  7.500000e-001
    endloop
  endfacet
  facet normal -6.245004e-017  1.000000e+000 -6.245004e-017
    outer loop
      vertex -5.468750e-002  4.878910e-018  2.343750e-002
      vertex  1.231908e-001  6.136128e-017  7.500000e-001
      vertex  1.231908e-001  1.110851e-017 -5.468750e-002
    endloop
  endfacet
  facet normal -6.245005e-017  1.000000e+000 -6.245005e-017
    outer loop
      vertex -5.468750e-002  4.878910e-018  2.343750e-002
      vertex  1.231908e-001  1.110851e-017 -5.468750e-002
      vertex  2.343750e-002  4.878910e-018 -5.468750e-002
    endloop
  endfacet
  facet normal -6.245005e-017  1.000000e+000 -6.245005e-017
    outer loop
      vertex -5.468750e-002  4.878910e-018  2.343750e-002
      vertex  2.343750e-002  4.878910e-018 -5.468750e-002
      vertex  8.196069e-003  4.020829e-018 -5.318635e-002
    endloop
  endfacet
  facet normal -6.245005e-017  1.000000e+000 -6.245005e-017
    outer loop
      vertex -5.468750e-002  4.878910e-018  2.343750e-002
      vertex  8.196069e-003  4.020829e-018 -5.318635e-002
      vertex -6.459643e-003  3.383217e-018 -4.874059e-002
    endloop
  endfacet
  facet normal -6.245003e-017  1.000000e+000 -6.245004e-017
    outer loop
      vertex -5.468750e-002  4.878910e-018  2.343750e-002
      vertex -6.459643e-003  3.383217e-018 -4.874059e-002
      vertex -1.996643e-002  2.990577e-018 -4.152106e-002
    endloop
  endfacet
  facet normal -6.245006e-017  1.000000e+000 -6.245005e-017
    outer loop
      vertex -5.468750e-002  4.878910e-018  2.343750e-002
      vertex -1.996643e-002  2.990577e-018 -4.152106e-002
      vertex -3.180522e-002  2.857999e-018 -3.180522e-002
    endloop
  endfacet
  facet normal -6.245003e-017  1.000000e+000 -6.245005e-017
    outer loop
      vertex -5.468750e-002  4.878910e-018  2.343750e-002
      vertex -3.180522e-002  2.857999e-018 -3.180522e-002
      vertex -4.152106e-002  2.990577e-018 -1.996643e-002
    endloop
  endfacet
  facet normal -6.245010e-017  1.000000e+000 -6.245006e-017
    outer loop
      vertex -5.468750e-002  4.878910e-018  2.343750e-002
      vertex -4.152106e-002  2.990577e-018 -1.996643e-002
      vertex -4.874059e-002  3.383217e-018 -6.459643e-003
    endloop
  endfacet
  facet normal -6.245006e-017  1.000000e+000 -6.245006e-017
    outer loop
      vertex -5.468750e-002  4.878910e-018  2.343750e-002
      vertex -4.874059e-002  3.383217e-018 -6.459643e-003
      vertex -5.318635e-002  4.020829e-018  8.196069e-003
    endloop
  endfacet
  facet normal -1.000000e+000  -0.000000e+000  0.000000e+000
    outer loop
      vertex -5.468750e-002 -3.593750e-001  7.500000e-001
      vertex -5.468750e-002  5.025277e-017  7.500000e-001
      vertex -5.468750e-002 -3.593750e-001  2.343750e-002
    endloop
  endfacet
  facet normal -1.000000e+000  0.000000e+000  0.000000e+000
    outer loop
      vertex -5.468750e-002 -3.593750e-001  2.343750e-002
      vertex -5.468750e-002  5.025277e-017  7.500000e-001
      vertex -5.468750e-002  4.878910e-018  2.343750e-002
    endloop
  endfacet
  facet normal  0.000000e+000  0.000000e+000 -1.000000e+000
    outer loop
      vertex  2.343750e-002  4.878910e-018 -5.468750e-002
      vertex  1.231908e-001  1.110851e-017 -5.468750e-002
      vertex  2.343750e-002 -3.593750e-001 -5.468750e-002
    endloop
  endfacet
  facet normal  0.000000e+000  0.000000e+000 -1.000000e+000
    outer loop
      vertex  2.343750e-002 -3.593750e-001 -5.468750e-002
      vertex  1.231908e-001  1.110851e-017 -5.468750e-002
      vertex  1.231908e-001 -3.593750e-001 -5.468750e-002
    endloop
  endfacet
  facet normal -9.801717e-002  0.000000e+000 -9.951847e-001
    outer loop
      vertex  2.343750e-002  4.878910e-018 -5.468750e-002
      vertex  2.343750e-002 -3.593750e-001 -5.468750e-002
      vertex  8.196069e-003  4.020829e-018 -5.318635e-002
    endloop
  endfacet
  facet normal -9.801717e-002  -0.000000e+000 -9.951847e-001
    outer loop
      vertex  8.196069e-003  4.020829e-018 -5.318635e-002
      vertex  2.343750e-002 -3.593750e-001 -5.468750e-002
      vertex  8.196069e-003 -3.593750e-001 -5.318635e-002
    endloop
  endfacet
  facet normal -2.902847e-001  0.000000e+000 -9.569404e-001
    outer loop
      vertex  8.196069e-003  4.020829e-018 -5.318635e-002
      vertex  8.196069e-003 -3.593750e-001 -5.318635e-002
      vertex -6.459643e-003  3.383217e-018 -4.874059e-002
    endloop
  endfacet
  facet normal -2.902847e-001  -0.000000e+000 -9.569404e-001
    outer loop
      vertex -6.459643e-003  3.383217e-018 -4.874059e-002
      vertex  8.196069e-003 -3.593750e-001 -5.318635e-002
      vertex -6.459643e-003 -3.593750e-001 -4.874059e-002
    endloop
  endfacet
  facet normal -4.713966e-001  0.000000e+000 -8.819213e-001
    outer loop
      vertex -6.459643e-003  3.383217e-018 -4.874059e-002
      vertex -6.459643e-003 -3.593750e-001 -4.874059e-002
      vertex -1.996643e-002  2.990577e-018 -4.152106e-002
    endloop
  endfacet
  facet normal -4.713966e-001  -0.000000e+000 -8.819213e-001
    outer loop
      vertex -1.996643e-002  2.990577e-018 -4.152106e-002
      vertex -6.459643e-003 -3.593750e-001 -4.874059e-002
      vertex -1.996643e-002 -3.593750e-001 -4.152106e-002
    endloop
  endfacet
  facet normal -6.343933e-001  0.000000e+000 -7.730104e-001
    outer loop
      vertex -1.996643e-002  2.990577e-018 -4.152106e-002
      vertex -1.996643e-002 -3.593750e-001 -4.152106e-002
      vertex -3.180522e-002  2.857999e-018 -3.180522e-002
    endloop
  endfacet
  facet normal -6.343933e-001  -0.000000e+000 -7.730104e-001
    outer loop
      vertex -3.180522e-002  2.857999e-018 -3.180522e-002
      vertex -1.996643e-002 -3.593750e-001 -4.152106e-002
      vertex -3.180522e-002 -3.593750e-001 -3.180522e-002
    endloop
  endfacet
  facet normal -7.730104e-001  0.000000e+000 -6.343933e-001
    outer loop
      vertex -3.180522e-002  2.857999e-018 -3.180522e-002
      vertex -3.180522e-002 -3.593750e-001 -3.180522e-002
      vertex -4.152106e-002  2.990577e-018 -1.996643e-002
    endloop
  endfacet
  facet normal -7.730104e-001  -0.000000e+000 -6.343933e-001
    outer loop
      vertex -4.152106e-002  2.990577e-018 -1.996643e-002
      vertex -3.180522e-002 -3.593750e-001 -3.180522e-002
      vertex -4.152106e-002 -3.593750e-001 -1.996643e-002
    endloop
  endfacet
  facet normal -8.819213e-001  0.000000e+000 -4.713966e-001
    outer loop
      vertex -4.152106e-002  2.990577e-018 -1.996643e-002
      vertex -4.152106e-002 -3.593750e-001 -1.996643e-002
      vertex -4.874059e-002  3.383217e-018 -6.459643e-003
    endloop
  endfacet
  facet normal -8.819213e-001  -0.000000e+000 -4.713966e-001
    outer loop
      vertex -4.874059e-002  3.383217e-018 -6.459643e-003
      vertex -4.152106e-002 -3.593750e-001 -1.996643e-002
      vertex -4.874059e-002 -3.593750e-001 -6.459643e-003
    endloop
  endfacet
  facet normal -9.569404e-001  0.000000e+000 -2.902847e-001
    outer loop
      vertex -4.874059e-002  3.383217e-018 -6.459643e-003
      vertex -4.874059e-002 -3.593750e-001 -6.459643e-003
      vertex -5.318635e-002  4.020829e-018  8.196069e-003
    endloop
  endfacet
  facet normal -9.569404e-001  -0.000000e+000 -2.902847e-001
    outer loop
      vertex -5.318635e-002  4.020829e-018  8.196069e-003
      vertex -4.874059e-002 -3.593750e-001 -6.459643e-003
      vertex -5.318635e-002 -3.593750e-001  8.196069e-003
    endloop
  endfacet
  facet normal -9.951847e-001  0.000000e+000 -9.801717e-002
    outer loop
      vertex -5.318635e-002  4.020829e-018  8.196069e-003
      vertex -5.318635e-002 -3.593750e-001  8.196069e-003
      vertex -5.468750e-002  4.878910e-018  2.343750e-002
    endloop
  endfacet
  facet normal -9.951847e-001  -0.000000e+000 -9.801717e-002
    outer loop
      vertex -5.468750e-002  4.878910e-018  2.343750e-002
      vertex -5.318635e-002 -3.593750e-001  8.196069e-003
      vertex -5.468750e-002 -3.593750e-001  2.343750e-002
    endloop
  endfacet
  facet normal  -0.000000e+000  0.000000e+000  1.000000e+000
    outer loop
      vertex  1.231908e-001  6.136128e-017  7.500000e-001
      vertex -5.468750e-002  5.025277e-017  7.500000e-001
      vertex  1.231908e-001 -3.593750e-001  7.500000e-001
    endloop
  endfacet
  facet normal  0.000000e+000  0.000000e+000  1.000000e+000
    outer loop
      vertex  1.231908e-001 -3.593750e-001  7.500000e-001
      vertex -5.468750e-002  5.025277e-017  7.500000e-001
      vertex -5.468750e-002 -3.593750e-001  7.500000e-001
    endloop
  endfacet
  facet normal  1.000000e+000  0.000000e+000  0.000000e+000
    outer loop
      vertex  1.231908e-001 -3.593750e-001 -5.468750e-002
      vertex  1.231908e-001  1.110851e-017 -5.468750e-002
      vertex  1.231908e-001 -3.593750e-001  7.500000e-001
    endloop
  endfacet
  facet normal  1.000000e+000  -0.000000e+000  0.000000e+000
    outer loop
      vertex  1.231908e-001 -3.593750e-001  7.500000e-001
      vertex  1.231908e-001  1.110851e-017 -5.468750e-002
      vertex  1.231908e-001  6.136128e-017  7.500000e-001
    endloop
  endfacet
endsolid CATIA STL
