solid CATIA STL
  facet normal  0.000000e+000 -9.999999e-001  0.000000e+000
    outer loop
      vertex  7.175664e-018 -1.562500e-002  1.171875e-001
      vertex  2.251725e-003 -1.562500e-002  9.432536e-002
      vertex  8.920367e-003 -1.562500e-002  7.234178e-002
    endloop
  endfacet
  facet normal  0.000000e+000 -1.000000e+000  0.000000e+000
    outer loop
      vertex  7.175664e-018 -1.562500e-002  1.171875e-001
      vertex  8.920367e-003 -1.562500e-002  7.234178e-002
      vertex  1.974965e-002 -1.562500e-002  5.208161e-002
    endloop
  endfacet
  facet normal  0.000000e+000 -1.000000e+000  0.000000e+000
    outer loop
      vertex  7.175664e-018 -1.562500e-002  1.171875e-001
      vertex  1.974965e-002 -1.562500e-002  5.208161e-002
      vertex  3.432342e-002 -1.562500e-002  3.432342e-002
    endloop
  endfacet
  facet normal  0.000000e+000 -9.999999e-001  0.000000e+000
    outer loop
      vertex  7.175664e-018 -1.562500e-002  1.171875e-001
      vertex  3.432342e-002 -1.562500e-002  3.432342e-002
      vertex  5.208161e-002 -1.562500e-002  1.974965e-002
    endloop
  endfacet
  facet normal  0.000000e+000 -1.000000e+000  0.000000e+000
    outer loop
      vertex  7.175664e-018 -1.562500e-002  1.171875e-001
      vertex  5.208161e-002 -1.562500e-002  1.974965e-002
      vertex  7.234178e-002 -1.562500e-002  8.920367e-003
    endloop
  endfacet
  facet normal  0.000000e+000 -9.999999e-001  0.000000e+000
    outer loop
      vertex  7.175664e-018 -1.562500e-002  1.171875e-001
      vertex  7.234178e-002 -1.562500e-002  8.920367e-003
      vertex  9.432536e-002 -1.562500e-002  2.251725e-003
    endloop
  endfacet
  facet normal  0.000000e+000 -1.000000e+000  0.000000e+000
    outer loop
      vertex  7.175664e-018 -1.562500e-002  1.171875e-001
      vertex  9.432536e-002 -1.562500e-002  2.251725e-003
      vertex  1.171875e-001 -1.562500e-002 -7.175664e-018
    endloop
  endfacet
  facet normal  0.000000e+000 -1.000000e+000  0.000000e+000
    outer loop
      vertex  7.175664e-018 -1.562500e-002  1.171875e-001
      vertex  1.171875e-001 -1.562500e-002 -7.175664e-018
      vertex  6.000000e-001 -1.562500e-002 -3.673941e-017
    endloop
  endfacet
  facet normal  0.000000e+000 -1.000000e+000  0.000000e+000
    outer loop
      vertex  7.175664e-018 -1.562500e-002  1.171875e-001
      vertex  6.000000e-001 -1.562500e-002 -3.673941e-017
      vertex  6.000000e-001 -1.562500e-002  7.500000e-001
    endloop
  endfacet
  facet normal  -0.000000e+000 -1.000000e+000  0.000000e+000
    outer loop
      vertex  7.175664e-018 -1.562500e-002  1.171875e-001
      vertex  6.000000e-001 -1.562500e-002  7.500000e-001
      vertex  4.592425e-017 -1.562500e-002  7.500000e-001
    endloop
  endfacet
  facet normal  -0.000000e+000  1.000000e+000  0.000000e+000
    outer loop
      vertex  7.175664e-018  0.000000e+000  1.171875e-001
      vertex  4.592425e-017  0.000000e+000  7.500000e-001
      vertex  6.000000e-001  0.000000e+000  7.500000e-001
    endloop
  endfacet
  facet normal  0.000000e+000  1.000000e+000  0.000000e+000
    outer loop
      vertex  7.175664e-018  0.000000e+000  1.171875e-001
      vertex  6.000000e-001  0.000000e+000  7.500000e-001
      vertex  6.000000e-001  0.000000e+000 -3.673941e-017
    endloop
  endfacet
  facet normal  0.000000e+000  1.000000e+000  0.000000e+000
    outer loop
      vertex  7.175664e-018  0.000000e+000  1.171875e-001
      vertex  6.000000e-001  0.000000e+000 -3.673941e-017
      vertex  1.171875e-001  0.000000e+000 -7.175664e-018
    endloop
  endfacet
  facet normal  0.000000e+000  1.000000e+000  0.000000e+000
    outer loop
      vertex  7.175664e-018  0.000000e+000  1.171875e-001
      vertex  1.171875e-001  0.000000e+000 -7.175664e-018
      vertex  9.432536e-002  0.000000e+000  2.251725e-003
    endloop
  endfacet
  facet normal  0.000000e+000  9.999999e-001  0.000000e+000
    outer loop
      vertex  7.175664e-018  0.000000e+000  1.171875e-001
      vertex  9.432536e-002  0.000000e+000  2.251725e-003
      vertex  7.234178e-002  0.000000e+000  8.920367e-003
    endloop
  endfacet
  facet normal  0.000000e+000  1.000000e+000  0.000000e+000
    outer loop
      vertex  7.175664e-018  0.000000e+000  1.171875e-001
      vertex  7.234178e-002  0.000000e+000  8.920367e-003
      vertex  5.208161e-002  0.000000e+000  1.974965e-002
    endloop
  endfacet
  facet normal  0.000000e+000  9.999999e-001  0.000000e+000
    outer loop
      vertex  7.175664e-018  0.000000e+000  1.171875e-001
      vertex  5.208161e-002  0.000000e+000  1.974965e-002
      vertex  3.432342e-002  0.000000e+000  3.432342e-002
    endloop
  endfacet
  facet normal  0.000000e+000  1.000000e+000  0.000000e+000
    outer loop
      vertex  7.175664e-018  0.000000e+000  1.171875e-001
      vertex  3.432342e-002  0.000000e+000  3.432342e-002
      vertex  1.974965e-002  0.000000e+000  5.208161e-002
    endloop
  endfacet
  facet normal  0.000000e+000  1.000000e+000  0.000000e+000
    outer loop
      vertex  7.175664e-018  0.000000e+000  1.171875e-001
      vertex  1.974965e-002  0.000000e+000  5.208161e-002
      vertex  8.920367e-003  0.000000e+000  7.234178e-002
    endloop
  endfacet
  facet normal  0.000000e+000  9.999999e-001  0.000000e+000
    outer loop
      vertex  7.175664e-018  0.000000e+000  1.171875e-001
      vertex  8.920367e-003  0.000000e+000  7.234178e-002
      vertex  2.251725e-003  0.000000e+000  9.432536e-002
    endloop
  endfacet
  facet normal -1.000000e+000  0.000000e+000  6.123234e-017
    outer loop
      vertex  4.592425e-017 -1.562500e-002  7.500000e-001
      vertex  4.592425e-017  0.000000e+000  7.500000e-001
      vertex  7.175664e-018 -1.562500e-002  1.171875e-001
    endloop
  endfacet
  facet normal -1.000000e+000  0.000000e+000  6.123234e-017
    outer loop
      vertex  7.175664e-018 -1.562500e-002  1.171875e-001
      vertex  4.592425e-017  0.000000e+000  7.500000e-001
      vertex  7.175664e-018  0.000000e+000  1.171875e-001
    endloop
  endfacet
  facet normal -6.123234e-017  -0.000000e+000 -1.000000e+000
    outer loop
      vertex  1.171875e-001 -1.562500e-002 -7.175664e-018
      vertex  1.171875e-001  0.000000e+000 -7.175664e-018
      vertex  6.000000e-001 -1.562500e-002 -3.673941e-017
    endloop
  endfacet
  facet normal -6.123234e-017  0.000000e+000 -1.000000e+000
    outer loop
      vertex  6.000000e-001 -1.562500e-002 -3.673941e-017
      vertex  1.171875e-001  0.000000e+000 -7.175664e-018
      vertex  6.000000e-001  0.000000e+000 -3.673941e-017
    endloop
  endfacet
  facet normal -9.801716e-002  0.000000e+000 -9.951847e-001
    outer loop
      vertex  1.171875e-001  0.000000e+000 -7.175664e-018
      vertex  1.171875e-001 -1.562500e-002 -7.175664e-018
      vertex  9.432536e-002  0.000000e+000  2.251725e-003
    endloop
  endfacet
  facet normal -9.801716e-002  -0.000000e+000 -9.951847e-001
    outer loop
      vertex  9.432536e-002  0.000000e+000  2.251725e-003
      vertex  1.171875e-001 -1.562500e-002 -7.175664e-018
      vertex  9.432536e-002 -1.562500e-002  2.251725e-003
    endloop
  endfacet
  facet normal -2.902846e-001  0.000000e+000 -9.569404e-001
    outer loop
      vertex  9.432536e-002  0.000000e+000  2.251725e-003
      vertex  9.432536e-002 -1.562500e-002  2.251725e-003
      vertex  7.234178e-002  0.000000e+000  8.920367e-003
    endloop
  endfacet
  facet normal -2.902846e-001  -0.000000e+000 -9.569404e-001
    outer loop
      vertex  7.234178e-002  0.000000e+000  8.920367e-003
      vertex  9.432536e-002 -1.562500e-002  2.251725e-003
      vertex  7.234178e-002 -1.562500e-002  8.920367e-003
    endloop
  endfacet
  facet normal -4.713968e-001  0.000000e+000 -8.819212e-001
    outer loop
      vertex  7.234178e-002  0.000000e+000  8.920367e-003
      vertex  7.234178e-002 -1.562500e-002  8.920367e-003
      vertex  5.208161e-002  0.000000e+000  1.974965e-002
    endloop
  endfacet
  facet normal -4.713968e-001  -0.000000e+000 -8.819212e-001
    outer loop
      vertex  5.208161e-002  0.000000e+000  1.974965e-002
      vertex  7.234178e-002 -1.562500e-002  8.920367e-003
      vertex  5.208161e-002 -1.562500e-002  1.974965e-002
    endloop
  endfacet
  facet normal -6.343933e-001  0.000000e+000 -7.730105e-001
    outer loop
      vertex  5.208161e-002  0.000000e+000  1.974965e-002
      vertex  5.208161e-002 -1.562500e-002  1.974965e-002
      vertex  3.432342e-002  0.000000e+000  3.432342e-002
    endloop
  endfacet
  facet normal -6.343933e-001  -0.000000e+000 -7.730105e-001
    outer loop
      vertex  3.432342e-002  0.000000e+000  3.432342e-002
      vertex  5.208161e-002 -1.562500e-002  1.974965e-002
      vertex  3.432342e-002 -1.562500e-002  3.432342e-002
    endloop
  endfacet
  facet normal -7.730105e-001  0.000000e+000 -6.343933e-001
    outer loop
      vertex  3.432342e-002  0.000000e+000  3.432342e-002
      vertex  3.432342e-002 -1.562500e-002  3.432342e-002
      vertex  1.974965e-002  0.000000e+000  5.208161e-002
    endloop
  endfacet
  facet normal -7.730105e-001  -0.000000e+000 -6.343933e-001
    outer loop
      vertex  1.974965e-002  0.000000e+000  5.208161e-002
      vertex  3.432342e-002 -1.562500e-002  3.432342e-002
      vertex  1.974965e-002 -1.562500e-002  5.208161e-002
    endloop
  endfacet
  facet normal -8.819212e-001  0.000000e+000 -4.713968e-001
    outer loop
      vertex  1.974965e-002  0.000000e+000  5.208161e-002
      vertex  1.974965e-002 -1.562500e-002  5.208161e-002
      vertex  8.920367e-003  0.000000e+000  7.234178e-002
    endloop
  endfacet
  facet normal -8.819212e-001  -0.000000e+000 -4.713968e-001
    outer loop
      vertex  8.920367e-003  0.000000e+000  7.234178e-002
      vertex  1.974965e-002 -1.562500e-002  5.208161e-002
      vertex  8.920367e-003 -1.562500e-002  7.234178e-002
    endloop
  endfacet
  facet normal -9.569404e-001  0.000000e+000 -2.902846e-001
    outer loop
      vertex  8.920367e-003  0.000000e+000  7.234178e-002
      vertex  8.920367e-003 -1.562500e-002  7.234178e-002
      vertex  2.251725e-003  0.000000e+000  9.432536e-002
    endloop
  endfacet
  facet normal -9.569404e-001  -0.000000e+000 -2.902846e-001
    outer loop
      vertex  2.251725e-003  0.000000e+000  9.432536e-002
      vertex  8.920367e-003 -1.562500e-002  7.234178e-002
      vertex  2.251725e-003 -1.562500e-002  9.432536e-002
    endloop
  endfacet
  facet normal -9.951847e-001  0.000000e+000 -9.801716e-002
    outer loop
      vertex  2.251725e-003  0.000000e+000  9.432536e-002
      vertex  2.251725e-003 -1.562500e-002  9.432536e-002
      vertex  7.175664e-018  0.000000e+000  1.171875e-001
    endloop
  endfacet
  facet normal -9.951847e-001  -0.000000e+000 -9.801716e-002
    outer loop
      vertex  7.175664e-018  0.000000e+000  1.171875e-001
      vertex  2.251725e-003 -1.562500e-002  9.432536e-002
      vertex  7.175664e-018 -1.562500e-002  1.171875e-001
    endloop
  endfacet
  facet normal  0.000000e+000  0.000000e+000  1.000000e+000
    outer loop
      vertex  6.000000e-001 -1.562500e-002  7.500000e-001
      vertex  6.000000e-001  0.000000e+000  7.500000e-001
      vertex  4.592425e-017 -1.562500e-002  7.500000e-001
    endloop
  endfacet
  facet normal  0.000000e+000  0.000000e+000  1.000000e+000
    outer loop
      vertex  4.592425e-017 -1.562500e-002  7.500000e-001
      vertex  6.000000e-001  0.000000e+000  7.500000e-001
      vertex  4.592425e-017  0.000000e+000  7.500000e-001
    endloop
  endfacet
  facet normal  1.000000e+000  0.000000e+000  0.000000e+000
    outer loop
      vertex  6.000000e-001 -1.562500e-002 -3.673941e-017
      vertex  6.000000e-001  0.000000e+000 -3.673941e-017
      vertex  6.000000e-001 -1.562500e-002  7.500000e-001
    endloop
  endfacet
  facet normal  1.000000e+000  -0.000000e+000  0.000000e+000
    outer loop
      vertex  6.000000e-001 -1.562500e-002  7.500000e-001
      vertex  6.000000e-001  0.000000e+000 -3.673941e-017
      vertex  6.000000e-001  0.000000e+000  7.500000e-001
    endloop
  endfacet
endsolid CATIA STL
