solid CATIA STL
  facet normal  9.486833e-001  0.000000e+000 -3.162278e-001
    outer loop
      vertex  0.000000e+000  5.858209e-002 -2.065789e-001
      vertex -1.562500e-002  7.187500e-002 -2.534539e-001
      vertex  0.000000e+000  3.007929e-001 -2.065789e-001
    endloop
  endfacet
  facet normal  9.486833e-001  0.000000e+000 -3.162278e-001
    outer loop
      vertex  0.000000e+000  3.007929e-001 -2.065789e-001
      vertex -1.562500e-002  7.187500e-002 -2.534539e-001
      vertex -1.562500e-002  1.815789e-001 -2.534539e-001
    endloop
  endfacet
  facet normal  9.486834e-001  0.000000e+000 -3.162278e-001
    outer loop
      vertex  0.000000e+000  3.007929e-001 -2.065789e-001
      vertex -1.562500e-002  1.815789e-001 -2.534539e-001
      vertex -1.562500e-002  2.875000e-001 -2.534539e-001
    endloop
  endfacet
  facet normal  1.000000e+000  0.000000e+000  0.000000e+000
    outer loop
      vertex  0.000000e+000  5.858209e-002 -2.065789e-001
      vertex  0.000000e+000  3.007929e-001 -2.065789e-001
      vertex  0.000000e+000  0.000000e+000  0.000000e+000
    endloop
  endfacet
  facet normal  1.000000e+000  0.000000e+000  0.000000e+000
    outer loop
      vertex  0.000000e+000  0.000000e+000  0.000000e+000
      vertex  0.000000e+000  3.007929e-001 -2.065789e-001
      vertex  0.000000e+000  3.593750e-001 -7.751652e-017
    endloop
  endfacet
  facet normal  0.000000e+000  9.620639e-001 -2.728240e-001
    outer loop
      vertex -1.562500e-002  2.875000e-001 -2.534539e-001
      vertex -3.906250e-002  2.875000e-001 -2.534539e-001
      vertex  0.000000e+000  3.007929e-001 -2.065789e-001
    endloop
  endfacet
  facet normal  8.029053e-008  9.620638e-001 -2.728241e-001
    outer loop
      vertex  0.000000e+000  3.007929e-001 -2.065789e-001
      vertex -3.906250e-002  2.875000e-001 -2.534539e-001
      vertex -3.906250e-002  3.593750e-001 -7.751652e-017
    endloop
  endfacet
  facet normal  0.000000e+000  9.620640e-001 -2.728241e-001
    outer loop
      vertex  0.000000e+000  3.007929e-001 -2.065789e-001
      vertex -3.906250e-002  3.593750e-001 -7.751652e-017
      vertex  0.000000e+000  3.593750e-001 -7.751652e-017
    endloop
  endfacet
  facet normal  0.000000e+000  0.000000e+000 -1.000000e+000
    outer loop
      vertex -3.906250e-002  1.815789e-001 -2.534539e-001
      vertex -3.906250e-002  2.875000e-001 -2.534539e-001
      vertex -1.562500e-002  1.815789e-001 -2.534539e-001
    endloop
  endfacet
  facet normal  0.000000e+000  0.000000e+000 -1.000000e+000
    outer loop
      vertex -1.562500e-002  1.815789e-001 -2.534539e-001
      vertex -3.906250e-002  2.875000e-001 -2.534539e-001
      vertex -1.562500e-002  2.875000e-001 -2.534539e-001
    endloop
  endfacet
  facet normal  0.000000e+000  0.000000e+000 -1.000000e+000
    outer loop
      vertex -3.906250e-002  7.187500e-002 -2.534539e-001
      vertex -3.906250e-002  1.815789e-001 -2.534539e-001
      vertex -1.562500e-002  7.187500e-002 -2.534539e-001
    endloop
  endfacet
  facet normal  0.000000e+000  0.000000e+000 -1.000000e+000
    outer loop
      vertex -1.562500e-002  7.187500e-002 -2.534539e-001
      vertex -3.906250e-002  1.815789e-001 -2.534539e-001
      vertex -1.562500e-002  1.815789e-001 -2.534539e-001
    endloop
  endfacet
  facet normal  0.000000e+000 -9.620639e-001 -2.728240e-001
    outer loop
      vertex -1.562500e-002  7.187500e-002 -2.534539e-001
      vertex  0.000000e+000  5.858209e-002 -2.065789e-001
      vertex -3.906250e-002  7.187500e-002 -2.534539e-001
    endloop
  endfacet
  facet normal  5.687139e-008 -9.620640e-001 -2.728241e-001
    outer loop
      vertex -3.906250e-002  7.187500e-002 -2.534539e-001
      vertex  0.000000e+000  5.858209e-002 -2.065789e-001
      vertex  0.000000e+000  0.000000e+000  0.000000e+000
    endloop
  endfacet
  facet normal  -0.000000e+000 -9.620640e-001 -2.728241e-001
    outer loop
      vertex -3.906250e-002  7.187500e-002 -2.534539e-001
      vertex  0.000000e+000  0.000000e+000  0.000000e+000
      vertex -3.906250e-002  0.000000e+000  0.000000e+000
    endloop
  endfacet
  facet normal -1.000000e+000  0.000000e+000  0.000000e+000
    outer loop
      vertex -3.906250e-002  2.875000e-001 -2.534539e-001
      vertex -3.906250e-002  1.815789e-001 -2.534539e-001
      vertex -3.906250e-002  3.593750e-001 -7.751652e-017
    endloop
  endfacet
  facet normal -1.000000e+000  0.000000e+000  0.000000e+000
    outer loop
      vertex -3.906250e-002  3.593750e-001 -7.751652e-017
      vertex -3.906250e-002  1.815789e-001 -2.534539e-001
      vertex -3.906250e-002  7.187500e-002 -2.534539e-001
    endloop
  endfacet
  facet normal -1.000000e+000  0.000000e+000  0.000000e+000
    outer loop
      vertex -3.906250e-002  3.593750e-001 -7.751652e-017
      vertex -3.906250e-002  7.187500e-002 -2.534539e-001
      vertex -3.906250e-002  0.000000e+000  0.000000e+000
    endloop
  endfacet
  facet normal  0.000000e+000  2.156982e-016  9.999999e-001
    outer loop
      vertex -3.906250e-002  3.593750e-001 -7.751652e-017
      vertex -3.906250e-002  0.000000e+000  0.000000e+000
      vertex  0.000000e+000  3.593750e-001 -7.751652e-017
    endloop
  endfacet
  facet normal  0.000000e+000  2.156982e-016  9.999999e-001
    outer loop
      vertex  0.000000e+000  3.593750e-001 -7.751652e-017
      vertex -3.906250e-002  0.000000e+000  0.000000e+000
      vertex  0.000000e+000  0.000000e+000  0.000000e+000
    endloop
  endfacet
  facet normal  0.000000e+000  0.000000e+000 -1.000000e+000
    outer loop
      vertex  7.812500e-003  0.000000e+000  0.000000e+000
      vertex  7.812500e-003  3.631579e-001  0.000000e+000
      vertex  7.500000e-001  0.000000e+000  0.000000e+000
    endloop
  endfacet
  facet normal  0.000000e+000  0.000000e+000 -1.000000e+000
    outer loop
      vertex  7.500000e-001  0.000000e+000  0.000000e+000
      vertex  7.812500e-003  3.631579e-001  0.000000e+000
      vertex  7.500000e-001  3.631579e-001  0.000000e+000
    endloop
  endfacet
  facet normal -1.000000e+000  0.000000e+000  0.000000e+000
    outer loop
      vertex  0.000000e+000  3.631579e-001  3.906250e-002
      vertex  0.000000e+000  3.631579e-001  7.812500e-003
      vertex  0.000000e+000  0.000000e+000  3.906250e-002
    endloop
  endfacet
  facet normal -1.000000e+000  0.000000e+000  0.000000e+000
    outer loop
      vertex  0.000000e+000  0.000000e+000  3.906250e-002
      vertex  0.000000e+000  3.631579e-001  7.812500e-003
      vertex  0.000000e+000  0.000000e+000  7.812500e-003
    endloop
  endfacet
  facet normal  0.000000e+000  9.999999e-001  0.000000e+000
    outer loop
      vertex  7.812500e-003  3.631579e-001  0.000000e+000
      vertex  7.500000e-001  3.631579e-001  3.906250e-002
      vertex  7.500000e-001  3.631579e-001  0.000000e+000
    endloop
  endfacet
  facet normal  -0.000000e+000  1.000000e+000  -0.000000e+000
    outer loop
      vertex  6.288357e-003  3.631579e-001  1.501150e-004
      vertex  4.822786e-003  3.631579e-001  5.946911e-004
      vertex  3.472107e-003  3.631579e-001  1.316644e-003
    endloop
  endfacet
  facet normal  -0.000000e+000  9.999999e-001  -0.000000e+000
    outer loop
      vertex  6.288357e-003  3.631579e-001  1.501150e-004
      vertex  3.472107e-003  3.631579e-001  1.316644e-003
      vertex  2.288228e-003  3.631579e-001  2.288228e-003
    endloop
  endfacet
  facet normal  -0.000000e+000  1.000000e+000  -0.000000e+000
    outer loop
      vertex  6.288357e-003  3.631579e-001  1.501150e-004
      vertex  2.288228e-003  3.631579e-001  2.288228e-003
      vertex  1.316644e-003  3.631579e-001  3.472107e-003
    endloop
  endfacet
  facet normal  -0.000000e+000  1.000000e+000  -0.000000e+000
    outer loop
      vertex  6.288357e-003  3.631579e-001  1.501150e-004
      vertex  1.316644e-003  3.631579e-001  3.472107e-003
      vertex  5.946911e-004  3.631579e-001  4.822786e-003
    endloop
  endfacet
  facet normal  -0.000000e+000  1.000000e+000  -0.000000e+000
    outer loop
      vertex  6.288357e-003  3.631579e-001  1.501150e-004
      vertex  5.946911e-004  3.631579e-001  4.822786e-003
      vertex  1.501150e-004  3.631579e-001  6.288357e-003
    endloop
  endfacet
  facet normal  -0.000000e+000  1.000000e+000  -0.000000e+000
    outer loop
      vertex  6.288357e-003  3.631579e-001  1.501150e-004
      vertex  1.501150e-004  3.631579e-001  6.288357e-003
      vertex  0.000000e+000  3.631579e-001  7.812500e-003
    endloop
  endfacet
  facet normal  0.000000e+000  1.000000e+000  0.000000e+000
    outer loop
      vertex  0.000000e+000  3.631579e-001  3.906250e-002
      vertex  7.500000e-001  3.631579e-001  3.906250e-002
      vertex  7.812500e-003  3.631579e-001  0.000000e+000
    endloop
  endfacet
  facet normal  0.000000e+000  9.999999e-001  0.000000e+000
    outer loop
      vertex  0.000000e+000  3.631579e-001  3.906250e-002
      vertex  7.812500e-003  3.631579e-001  0.000000e+000
      vertex  6.288357e-003  3.631579e-001  1.501150e-004
    endloop
  endfacet
  facet normal  0.000000e+000  1.000000e+000  0.000000e+000
    outer loop
      vertex  0.000000e+000  3.631579e-001  3.906250e-002
      vertex  6.288357e-003  3.631579e-001  1.501150e-004
      vertex  0.000000e+000  3.631579e-001  7.812500e-003
    endloop
  endfacet
  facet normal  0.000000e+000 -1.000000e+000  0.000000e+000
    outer loop
      vertex  7.812500e-003  0.000000e+000  0.000000e+000
      vertex  3.472107e-003  0.000000e+000  1.316644e-003
      vertex  6.288357e-003  0.000000e+000  1.501150e-004
    endloop
  endfacet
  facet normal  0.000000e+000 -1.000000e+000  0.000000e+000
    outer loop
      vertex  3.472107e-003  0.000000e+000  1.316644e-003
      vertex  4.822786e-003  0.000000e+000  5.946911e-004
      vertex  6.288357e-003  0.000000e+000  1.501150e-004
    endloop
  endfacet
  facet normal  0.000000e+000 -1.000000e+000  0.000000e+000
    outer loop
      vertex  1.316644e-003  0.000000e+000  3.472107e-003
      vertex  0.000000e+000  0.000000e+000  3.906250e-002
      vertex  0.000000e+000  0.000000e+000  7.812500e-003
    endloop
  endfacet
  facet normal  0.000000e+000 -1.000000e+000  0.000000e+000
    outer loop
      vertex  1.316644e-003  0.000000e+000  3.472107e-003
      vertex  0.000000e+000  0.000000e+000  7.812500e-003
      vertex  1.501150e-004  0.000000e+000  6.288357e-003
    endloop
  endfacet
  facet normal  0.000000e+000 -1.000000e+000  0.000000e+000
    outer loop
      vertex  1.316644e-003  0.000000e+000  3.472107e-003
      vertex  1.501150e-004  0.000000e+000  6.288357e-003
      vertex  5.946911e-004  0.000000e+000  4.822786e-003
    endloop
  endfacet
  facet normal  0.000000e+000 -9.999999e-001  0.000000e+000
    outer loop
      vertex  7.500000e-001  0.000000e+000  3.906250e-002
      vertex  0.000000e+000  0.000000e+000  3.906250e-002
      vertex  1.316644e-003  0.000000e+000  3.472107e-003
    endloop
  endfacet
  facet normal  0.000000e+000 -1.000000e+000  0.000000e+000
    outer loop
      vertex  7.500000e-001  0.000000e+000  3.906250e-002
      vertex  1.316644e-003  0.000000e+000  3.472107e-003
      vertex  2.288228e-003  0.000000e+000  2.288228e-003
    endloop
  endfacet
  facet normal  0.000000e+000 -1.000000e+000  0.000000e+000
    outer loop
      vertex  7.500000e-001  0.000000e+000  3.906250e-002
      vertex  2.288228e-003  0.000000e+000  2.288228e-003
      vertex  3.472107e-003  0.000000e+000  1.316644e-003
    endloop
  endfacet
  facet normal  0.000000e+000 -1.000000e+000  0.000000e+000
    outer loop
      vertex  7.500000e-001  0.000000e+000  3.906250e-002
      vertex  3.472107e-003  0.000000e+000  1.316644e-003
      vertex  7.812500e-003  0.000000e+000  0.000000e+000
    endloop
  endfacet
  facet normal  0.000000e+000 -9.999999e-001  0.000000e+000
    outer loop
      vertex  7.500000e-001  0.000000e+000  3.906250e-002
      vertex  7.812500e-003  0.000000e+000  0.000000e+000
      vertex  7.500000e-001  0.000000e+000  0.000000e+000
    endloop
  endfacet
  facet normal -9.801715e-002  0.000000e+000 -9.951847e-001
    outer loop
      vertex  7.812500e-003  3.631579e-001  0.000000e+000
      vertex  7.812500e-003  0.000000e+000  0.000000e+000
      vertex  6.288357e-003  3.631579e-001  1.501150e-004
    endloop
  endfacet
  facet normal -9.801715e-002  -0.000000e+000 -9.951847e-001
    outer loop
      vertex  6.288357e-003  3.631579e-001  1.501150e-004
      vertex  7.812500e-003  0.000000e+000  0.000000e+000
      vertex  6.288357e-003  0.000000e+000  1.501150e-004
    endloop
  endfacet
  facet normal -2.902846e-001  0.000000e+000 -9.569404e-001
    outer loop
      vertex  6.288357e-003  3.631579e-001  1.501150e-004
      vertex  6.288357e-003  0.000000e+000  1.501150e-004
      vertex  4.822786e-003  3.631579e-001  5.946911e-004
    endloop
  endfacet
  facet normal -2.902846e-001  -0.000000e+000 -9.569404e-001
    outer loop
      vertex  4.822786e-003  3.631579e-001  5.946911e-004
      vertex  6.288357e-003  0.000000e+000  1.501150e-004
      vertex  4.822786e-003  0.000000e+000  5.946911e-004
    endloop
  endfacet
  facet normal -4.713968e-001  0.000000e+000 -8.819212e-001
    outer loop
      vertex  4.822786e-003  3.631579e-001  5.946911e-004
      vertex  4.822786e-003  0.000000e+000  5.946911e-004
      vertex  3.472107e-003  3.631579e-001  1.316644e-003
    endloop
  endfacet
  facet normal -4.713968e-001  -0.000000e+000 -8.819212e-001
    outer loop
      vertex  3.472107e-003  3.631579e-001  1.316644e-003
      vertex  4.822786e-003  0.000000e+000  5.946911e-004
      vertex  3.472107e-003  0.000000e+000  1.316644e-003
    endloop
  endfacet
  facet normal -6.343934e-001  0.000000e+000 -7.730104e-001
    outer loop
      vertex  3.472107e-003  3.631579e-001  1.316644e-003
      vertex  3.472107e-003  0.000000e+000  1.316644e-003
      vertex  2.288228e-003  3.631579e-001  2.288228e-003
    endloop
  endfacet
  facet normal -6.343934e-001  -0.000000e+000 -7.730104e-001
    outer loop
      vertex  2.288228e-003  3.631579e-001  2.288228e-003
      vertex  3.472107e-003  0.000000e+000  1.316644e-003
      vertex  2.288228e-003  0.000000e+000  2.288228e-003
    endloop
  endfacet
  facet normal -7.730104e-001  0.000000e+000 -6.343934e-001
    outer loop
      vertex  2.288228e-003  3.631579e-001  2.288228e-003
      vertex  2.288228e-003  0.000000e+000  2.288228e-003
      vertex  1.316644e-003  3.631579e-001  3.472107e-003
    endloop
  endfacet
  facet normal -7.730104e-001  -0.000000e+000 -6.343934e-001
    outer loop
      vertex  1.316644e-003  3.631579e-001  3.472107e-003
      vertex  2.288228e-003  0.000000e+000  2.288228e-003
      vertex  1.316644e-003  0.000000e+000  3.472107e-003
    endloop
  endfacet
  facet normal -8.819212e-001  0.000000e+000 -4.713968e-001
    outer loop
      vertex  1.316644e-003  3.631579e-001  3.472107e-003
      vertex  1.316644e-003  0.000000e+000  3.472107e-003
      vertex  5.946911e-004  3.631579e-001  4.822786e-003
    endloop
  endfacet
  facet normal -8.819212e-001  -0.000000e+000 -4.713968e-001
    outer loop
      vertex  5.946911e-004  3.631579e-001  4.822786e-003
      vertex  1.316644e-003  0.000000e+000  3.472107e-003
      vertex  5.946911e-004  0.000000e+000  4.822786e-003
    endloop
  endfacet
  facet normal -9.569404e-001  0.000000e+000 -2.902846e-001
    outer loop
      vertex  5.946911e-004  3.631579e-001  4.822786e-003
      vertex  5.946911e-004  0.000000e+000  4.822786e-003
      vertex  1.501150e-004  3.631579e-001  6.288357e-003
    endloop
  endfacet
  facet normal -9.569404e-001  -0.000000e+000 -2.902846e-001
    outer loop
      vertex  1.501150e-004  3.631579e-001  6.288357e-003
      vertex  5.946911e-004  0.000000e+000  4.822786e-003
      vertex  1.501150e-004  0.000000e+000  6.288357e-003
    endloop
  endfacet
  facet normal -9.951847e-001  0.000000e+000 -9.801715e-002
    outer loop
      vertex  1.501150e-004  3.631579e-001  6.288357e-003
      vertex  1.501150e-004  0.000000e+000  6.288357e-003
      vertex  0.000000e+000  3.631579e-001  7.812500e-003
    endloop
  endfacet
  facet normal -9.951847e-001  -0.000000e+000 -9.801715e-002
    outer loop
      vertex  0.000000e+000  3.631579e-001  7.812500e-003
      vertex  1.501150e-004  0.000000e+000  6.288357e-003
      vertex  0.000000e+000  0.000000e+000  7.812500e-003
    endloop
  endfacet
  facet normal  0.000000e+000  0.000000e+000  1.000000e+000
    outer loop
      vertex  0.000000e+000  0.000000e+000  3.906250e-002
      vertex  7.500000e-001  0.000000e+000  3.906250e-002
      vertex  0.000000e+000  3.631579e-001  3.906250e-002
    endloop
  endfacet
  facet normal  -0.000000e+000  0.000000e+000  1.000000e+000
    outer loop
      vertex  0.000000e+000  3.631579e-001  3.906250e-002
      vertex  7.500000e-001  0.000000e+000  3.906250e-002
      vertex  7.500000e-001  3.631579e-001  3.906250e-002
    endloop
  endfacet
  facet normal  1.000000e+000  0.000000e+000  0.000000e+000
    outer loop
      vertex  7.500000e-001  0.000000e+000  3.906250e-002
      vertex  7.500000e-001  0.000000e+000  0.000000e+000
      vertex  7.500000e-001  3.631579e-001  3.906250e-002
    endloop
  endfacet
  facet normal  1.000000e+000  0.000000e+000  0.000000e+000
    outer loop
      vertex  7.500000e-001  3.631579e-001  3.906250e-002
      vertex  7.500000e-001  0.000000e+000  0.000000e+000
      vertex  7.500000e-001  3.631579e-001  0.000000e+000
    endloop
  endfacet
endsolid CATIA STL
