solid CATIA STL
  facet normal  0.000000e+000 -1.000000e+000  0.000000e+000
    outer loop
      vertex -7.500000e-001 -3.125000e-002  7.500000e-001
      vertex -7.500000e-001 -3.125000e-002 -7.500000e-001
      vertex  7.500000e-001 -3.125000e-002 -7.500000e-001
    endloop
  endfacet
  facet normal  0.000000e+000 -1.000000e+000  0.000000e+000
    outer loop
      vertex -7.500000e-001 -3.125000e-002  7.500000e-001
      vertex  7.500000e-001 -3.125000e-002 -7.500000e-001
      vertex  7.500000e-001 -3.125000e-002  6.328125e-001
    endloop
  endfacet
  facet normal  0.000000e+000 -1.000000e+000  0.000000e+000
    outer loop
      vertex -7.500000e-001 -3.125000e-002  7.500000e-001
      vertex  7.500000e-001 -3.125000e-002  6.328125e-001
      vertex  7.477483e-001 -3.125000e-002  6.556746e-001
    endloop
  endfacet
  facet normal  0.000000e+000 -1.000000e+000  0.000000e+000
    outer loop
      vertex -7.500000e-001 -3.125000e-002  7.500000e-001
      vertex  7.477483e-001 -3.125000e-002  6.556746e-001
      vertex  7.410796e-001 -3.125000e-002  6.776582e-001
    endloop
  endfacet
  facet normal  0.000000e+000 -1.000000e+000  0.000000e+000
    outer loop
      vertex -7.500000e-001 -3.125000e-002  7.500000e-001
      vertex  7.410796e-001 -3.125000e-002  6.776582e-001
      vertex  7.302504e-001 -3.125000e-002  6.979184e-001
    endloop
  endfacet
  facet normal  0.000000e+000 -1.000000e+000  0.000000e+000
    outer loop
      vertex -7.500000e-001 -3.125000e-002  7.500000e-001
      vertex  7.302504e-001 -3.125000e-002  6.979184e-001
      vertex  7.156766e-001 -3.125000e-002  7.156766e-001
    endloop
  endfacet
  facet normal  0.000000e+000 -9.999999e-001  0.000000e+000
    outer loop
      vertex -7.500000e-001 -3.125000e-002  7.500000e-001
      vertex  7.156766e-001 -3.125000e-002  7.156766e-001
      vertex  6.979184e-001 -3.125000e-002  7.302504e-001
    endloop
  endfacet
  facet normal  0.000000e+000 -1.000000e+000  0.000000e+000
    outer loop
      vertex -7.500000e-001 -3.125000e-002  7.500000e-001
      vertex  6.979184e-001 -3.125000e-002  7.302504e-001
      vertex  6.776582e-001 -3.125000e-002  7.410796e-001
    endloop
  endfacet
  facet normal  0.000000e+000 -1.000000e+000  0.000000e+000
    outer loop
      vertex -7.500000e-001 -3.125000e-002  7.500000e-001
      vertex  6.776582e-001 -3.125000e-002  7.410796e-001
      vertex  6.556746e-001 -3.125000e-002  7.477483e-001
    endloop
  endfacet
  facet normal  0.000000e+000 -1.000000e+000  0.000000e+000
    outer loop
      vertex -7.500000e-001 -3.125000e-002  7.500000e-001
      vertex  6.556746e-001 -3.125000e-002  7.477483e-001
      vertex  6.328125e-001 -3.125000e-002  7.500000e-001
    endloop
  endfacet
  facet normal -1.110223e-016  1.000000e+000 -1.110252e-016
    outer loop
      vertex -7.500000e-001  1.665335e-016  7.500000e-001
      vertex  6.328125e-001  3.200565e-016  7.500000e-001
      vertex  6.556746e-001  3.223447e-016  7.477483e-001
    endloop
  endfacet
  facet normal -1.110223e-016  1.000000e+000 -1.110203e-016
    outer loop
      vertex -7.500000e-001  1.665335e-016  7.500000e-001
      vertex  6.556746e-001  3.223447e-016  7.477483e-001
      vertex  6.776582e-001  3.240450e-016  7.410796e-001
    endloop
  endfacet
  facet normal -1.110223e-016  1.000000e+000 -1.110229e-016
    outer loop
      vertex -7.500000e-001  1.665335e-016  7.500000e-001
      vertex  6.776582e-001  3.240450e-016  7.410796e-001
      vertex  6.979184e-001  3.250920e-016  7.302504e-001
    endloop
  endfacet
  facet normal -1.110223e-016  1.000000e+000 -1.110232e-016
    outer loop
      vertex -7.500000e-001  1.665335e-016  7.500000e-001
      vertex  6.979184e-001  3.250920e-016  7.302504e-001
      vertex  7.156766e-001  3.254456e-016  7.156766e-001
    endloop
  endfacet
  facet normal -1.110223e-016  1.000000e+000 -1.110215e-016
    outer loop
      vertex -7.500000e-001  1.665335e-016  7.500000e-001
      vertex  7.156766e-001  3.254456e-016  7.156766e-001
      vertex  7.302504e-001  3.250920e-016  6.979184e-001
    endloop
  endfacet
  facet normal -1.110223e-016  1.000000e+000 -1.110220e-016
    outer loop
      vertex -7.500000e-001  1.665335e-016  7.500000e-001
      vertex  7.302504e-001  3.250920e-016  6.979184e-001
      vertex  7.410796e-001  3.240450e-016  6.776582e-001
    endloop
  endfacet
  facet normal -1.110223e-016  1.000000e+000 -1.110229e-016
    outer loop
      vertex -7.500000e-001  1.665335e-016  7.500000e-001
      vertex  7.410796e-001  3.240450e-016  6.776582e-001
      vertex  7.477483e-001  3.223447e-016  6.556746e-001
    endloop
  endfacet
  facet normal -1.110223e-016  1.000000e+000 -1.110220e-016
    outer loop
      vertex -7.500000e-001  1.665335e-016  7.500000e-001
      vertex  7.477483e-001  3.223447e-016  6.556746e-001
      vertex  7.500000e-001  3.200565e-016  6.328125e-001
    endloop
  endfacet
  facet normal -1.110223e-016  1.000000e+000 -1.110223e-016
    outer loop
      vertex -7.500000e-001  1.665335e-016  7.500000e-001
      vertex  7.500000e-001  3.200565e-016  6.328125e-001
      vertex  7.500000e-001  1.665335e-016 -7.500000e-001
    endloop
  endfacet
  facet normal -1.110223e-016  1.000000e+000 -1.110223e-016
    outer loop
      vertex -7.500000e-001  1.665335e-016  7.500000e-001
      vertex  7.500000e-001  1.665335e-016 -7.500000e-001
      vertex -7.500000e-001  0.000000e+000 -7.500000e-001
    endloop
  endfacet
  facet normal  0.000000e+000  0.000000e+000  1.000000e+000
    outer loop
      vertex  6.328125e-001 -3.125000e-002  7.500000e-001
      vertex  6.328125e-001  3.200565e-016  7.500000e-001
      vertex -7.500000e-001 -3.125000e-002  7.500000e-001
    endloop
  endfacet
  facet normal  0.000000e+000  0.000000e+000  1.000000e+000
    outer loop
      vertex -7.500000e-001 -3.125000e-002  7.500000e-001
      vertex  6.328125e-001  3.200565e-016  7.500000e-001
      vertex -7.500000e-001  1.665335e-016  7.500000e-001
    endloop
  endfacet
  facet normal  1.000000e+000  0.000000e+000  0.000000e+000
    outer loop
      vertex  7.500000e-001 -3.125000e-002 -7.500000e-001
      vertex  7.500000e-001  1.665335e-016 -7.500000e-001
      vertex  7.500000e-001 -3.125000e-002  6.328125e-001
    endloop
  endfacet
  facet normal  1.000000e+000  -0.000000e+000  0.000000e+000
    outer loop
      vertex  7.500000e-001 -3.125000e-002  6.328125e-001
      vertex  7.500000e-001  1.665335e-016 -7.500000e-001
      vertex  7.500000e-001  3.200565e-016  6.328125e-001
    endloop
  endfacet
  facet normal  9.801801e-002  -0.000000e+000  9.951846e-001
    outer loop
      vertex  6.328125e-001  3.200565e-016  7.500000e-001
      vertex  6.328125e-001 -3.125000e-002  7.500000e-001
      vertex  6.556746e-001  3.223447e-016  7.477483e-001
    endloop
  endfacet
  facet normal  9.801801e-002  0.000000e+000  9.951846e-001
    outer loop
      vertex  6.556746e-001  3.223447e-016  7.477483e-001
      vertex  6.328125e-001 -3.125000e-002  7.500000e-001
      vertex  6.556746e-001 -3.125000e-002  7.477483e-001
    endloop
  endfacet
  facet normal  2.902841e-001  -0.000000e+000  9.569405e-001
    outer loop
      vertex  6.556746e-001  3.223447e-016  7.477483e-001
      vertex  6.556746e-001 -3.125000e-002  7.477483e-001
      vertex  6.776582e-001  3.240450e-016  7.410796e-001
    endloop
  endfacet
  facet normal  2.902841e-001  0.000000e+000  9.569405e-001
    outer loop
      vertex  6.776582e-001  3.240450e-016  7.410796e-001
      vertex  6.556746e-001 -3.125000e-002  7.477483e-001
      vertex  6.776582e-001 -3.125000e-002  7.410796e-001
    endloop
  endfacet
  facet normal  4.713954e-001  -0.000000e+000  8.819220e-001
    outer loop
      vertex  6.776582e-001  3.240450e-016  7.410796e-001
      vertex  6.776582e-001 -3.125000e-002  7.410796e-001
      vertex  6.979184e-001  3.250920e-016  7.302504e-001
    endloop
  endfacet
  facet normal  4.713954e-001  0.000000e+000  8.819220e-001
    outer loop
      vertex  6.979184e-001  3.250920e-016  7.302504e-001
      vertex  6.776582e-001 -3.125000e-002  7.410796e-001
      vertex  6.979184e-001 -3.125000e-002  7.302504e-001
    endloop
  endfacet
  facet normal  6.343928e-001  -0.000000e+000  7.730108e-001
    outer loop
      vertex  6.979184e-001  3.250920e-016  7.302504e-001
      vertex  6.979184e-001 -3.125000e-002  7.302504e-001
      vertex  7.156766e-001  3.254456e-016  7.156766e-001
    endloop
  endfacet
  facet normal  6.343928e-001  0.000000e+000  7.730108e-001
    outer loop
      vertex  7.156766e-001  3.254456e-016  7.156766e-001
      vertex  6.979184e-001 -3.125000e-002  7.302504e-001
      vertex  7.156766e-001 -3.125000e-002  7.156766e-001
    endloop
  endfacet
  facet normal  7.730108e-001  -0.000000e+000  6.343928e-001
    outer loop
      vertex  7.156766e-001  3.254456e-016  7.156766e-001
      vertex  7.156766e-001 -3.125000e-002  7.156766e-001
      vertex  7.302504e-001  3.250920e-016  6.979184e-001
    endloop
  endfacet
  facet normal  7.730108e-001  0.000000e+000  6.343928e-001
    outer loop
      vertex  7.302504e-001  3.250920e-016  6.979184e-001
      vertex  7.156766e-001 -3.125000e-002  7.156766e-001
      vertex  7.302504e-001 -3.125000e-002  6.979184e-001
    endloop
  endfacet
  facet normal  8.819220e-001  -0.000000e+000  4.713954e-001
    outer loop
      vertex  7.302504e-001  3.250920e-016  6.979184e-001
      vertex  7.302504e-001 -3.125000e-002  6.979184e-001
      vertex  7.410796e-001  3.240450e-016  6.776582e-001
    endloop
  endfacet
  facet normal  8.819220e-001  0.000000e+000  4.713954e-001
    outer loop
      vertex  7.410796e-001  3.240450e-016  6.776582e-001
      vertex  7.302504e-001 -3.125000e-002  6.979184e-001
      vertex  7.410796e-001 -3.125000e-002  6.776582e-001
    endloop
  endfacet
  facet normal  9.569405e-001  -0.000000e+000  2.902841e-001
    outer loop
      vertex  7.410796e-001  3.240450e-016  6.776582e-001
      vertex  7.410796e-001 -3.125000e-002  6.776582e-001
      vertex  7.477483e-001  3.223447e-016  6.556746e-001
    endloop
  endfacet
  facet normal  9.569405e-001  0.000000e+000  2.902841e-001
    outer loop
      vertex  7.477483e-001  3.223447e-016  6.556746e-001
      vertex  7.410796e-001 -3.125000e-002  6.776582e-001
      vertex  7.477483e-001 -3.125000e-002  6.556746e-001
    endloop
  endfacet
  facet normal  9.951846e-001  -0.000000e+000  9.801801e-002
    outer loop
      vertex  7.477483e-001  3.223447e-016  6.556746e-001
      vertex  7.477483e-001 -3.125000e-002  6.556746e-001
      vertex  7.500000e-001  3.200565e-016  6.328125e-001
    endloop
  endfacet
  facet normal  9.951846e-001  0.000000e+000  9.801801e-002
    outer loop
      vertex  7.500000e-001  3.200565e-016  6.328125e-001
      vertex  7.477483e-001 -3.125000e-002  6.556746e-001
      vertex  7.500000e-001 -3.125000e-002  6.328125e-001
    endloop
  endfacet
  facet normal -1.000000e+000  -0.000000e+000  0.000000e+000
    outer loop
      vertex -7.500000e-001 -3.125000e-002  7.500000e-001
      vertex -7.500000e-001  1.665335e-016  7.500000e-001
      vertex -7.500000e-001 -3.125000e-002 -7.500000e-001
    endloop
  endfacet
  facet normal -1.000000e+000  0.000000e+000  0.000000e+000
    outer loop
      vertex -7.500000e-001 -3.125000e-002 -7.500000e-001
      vertex -7.500000e-001  1.665335e-016  7.500000e-001
      vertex -7.500000e-001  0.000000e+000 -7.500000e-001
    endloop
  endfacet
  facet normal  0.000000e+000  0.000000e+000 -1.000000e+000
    outer loop
      vertex -7.500000e-001 -3.125000e-002 -7.500000e-001
      vertex -7.500000e-001  0.000000e+000 -7.500000e-001
      vertex  7.500000e-001 -3.125000e-002 -7.500000e-001
    endloop
  endfacet
  facet normal  0.000000e+000  0.000000e+000 -1.000000e+000
    outer loop
      vertex  7.500000e-001 -3.125000e-002 -7.500000e-001
      vertex -7.500000e-001  0.000000e+000 -7.500000e-001
      vertex  7.500000e-001  1.665335e-016 -7.500000e-001
    endloop
  endfacet
endsolid CATIA STL
