solid CATIA STL
  facet normal  -0.000000e+000  -0.000000e+000  1.000000e+000
    outer loop
      vertex -4.687500e-001 -4.062500e-001  9.921875e-001
      vertex -4.675491e-001 -4.184431e-001  9.921875e-001
      vertex -4.639925e-001 -4.301677e-001  9.921875e-001
    endloop
  endfacet
  facet normal  -0.000000e+000  -0.000000e+000  1.000000e+000
    outer loop
      vertex -4.687500e-001 -4.062500e-001  9.921875e-001
      vertex -4.639925e-001 -4.301677e-001  9.921875e-001
      vertex -4.582168e-001 -4.409731e-001  9.921875e-001
    endloop
  endfacet
  facet normal  -0.000000e+000  -0.000000e+000  1.000000e+000
    outer loop
      vertex -4.687500e-001 -4.062500e-001  9.921875e-001
      vertex -4.582168e-001 -4.409731e-001  9.921875e-001
      vertex -4.504442e-001 -4.504442e-001  9.921875e-001
    endloop
  endfacet
  facet normal  -0.000000e+000  -0.000000e+000  1.000000e+000
    outer loop
      vertex -4.687500e-001 -4.062500e-001  9.921875e-001
      vertex -4.504442e-001 -4.504442e-001  9.921875e-001
      vertex -4.409731e-001 -4.582168e-001  9.921875e-001
    endloop
  endfacet
  facet normal  -0.000000e+000  -0.000000e+000  9.999999e-001
    outer loop
      vertex -4.687500e-001 -4.062500e-001  9.921875e-001
      vertex -4.409731e-001 -4.582168e-001  9.921875e-001
      vertex -4.301677e-001 -4.639925e-001  9.921875e-001
    endloop
  endfacet
  facet normal  -0.000000e+000  -0.000000e+000  1.000000e+000
    outer loop
      vertex -4.687500e-001 -4.062500e-001  9.921875e-001
      vertex -4.301677e-001 -4.639925e-001  9.921875e-001
      vertex -4.184431e-001 -4.675491e-001  9.921875e-001
    endloop
  endfacet
  facet normal  -0.000000e+000  -0.000000e+000  1.000000e+000
    outer loop
      vertex -4.687500e-001 -4.062500e-001  9.921875e-001
      vertex -4.184431e-001 -4.675491e-001  9.921875e-001
      vertex -4.062500e-001 -4.687500e-001  9.921875e-001
    endloop
  endfacet
  facet normal  0.000000e+000  -0.000000e+000  1.000000e+000
    outer loop
      vertex -4.687500e-001 -4.062500e-001  9.921875e-001
      vertex -4.062500e-001 -4.687500e-001  9.921875e-001
      vertex  4.687500e-001 -4.687500e-001  9.921875e-001
    endloop
  endfacet
  facet normal  0.000000e+000  -0.000000e+000  1.000000e+000
    outer loop
      vertex -4.687500e-001 -4.062500e-001  9.921875e-001
      vertex  4.687500e-001 -4.687500e-001  9.921875e-001
      vertex  4.687500e-001  4.687500e-001  9.921875e-001
    endloop
  endfacet
  facet normal  0.000000e+000  0.000000e+000  1.000000e+000
    outer loop
      vertex -4.687500e-001 -4.062500e-001  9.921875e-001
      vertex  4.687500e-001  4.687500e-001  9.921875e-001
      vertex -4.687500e-001  4.687500e-001  9.921875e-001
    endloop
  endfacet
  facet normal  0.000000e+000  0.000000e+000 -1.000000e+000
    outer loop
      vertex -4.687500e-001 -4.062500e-001 -9.218750e-001
      vertex -4.687500e-001  4.687500e-001 -9.218750e-001
      vertex  4.687500e-001  4.687500e-001 -9.218750e-001
    endloop
  endfacet
  facet normal  0.000000e+000  -0.000000e+000 -1.000000e+000
    outer loop
      vertex -4.687500e-001 -4.062500e-001 -9.218750e-001
      vertex  4.687500e-001  4.687500e-001 -9.218750e-001
      vertex  4.687500e-001 -4.687500e-001 -9.218750e-001
    endloop
  endfacet
  facet normal  0.000000e+000  0.000000e+000 -1.000000e+000
    outer loop
      vertex -4.687500e-001 -4.062500e-001 -9.218750e-001
      vertex  4.687500e-001 -4.687500e-001 -9.218750e-001
      vertex -4.062500e-001 -4.687500e-001 -9.218750e-001
    endloop
  endfacet
  facet normal  0.000000e+000  0.000000e+000 -1.000000e+000
    outer loop
      vertex -4.687500e-001 -4.062500e-001 -9.218750e-001
      vertex -4.062500e-001 -4.687500e-001 -9.218750e-001
      vertex -4.184431e-001 -4.675491e-001 -9.218750e-001
    endloop
  endfacet
  facet normal  0.000000e+000  0.000000e+000 -1.000000e+000
    outer loop
      vertex -4.687500e-001 -4.062500e-001 -9.218750e-001
      vertex -4.184431e-001 -4.675491e-001 -9.218750e-001
      vertex -4.301677e-001 -4.639925e-001 -9.218750e-001
    endloop
  endfacet
  facet normal  0.000000e+000  0.000000e+000 -9.999999e-001
    outer loop
      vertex -4.687500e-001 -4.062500e-001 -9.218750e-001
      vertex -4.301677e-001 -4.639925e-001 -9.218750e-001
      vertex -4.409731e-001 -4.582168e-001 -9.218750e-001
    endloop
  endfacet
  facet normal  0.000000e+000  0.000000e+000 -1.000000e+000
    outer loop
      vertex -4.687500e-001 -4.062500e-001 -9.218750e-001
      vertex -4.409731e-001 -4.582168e-001 -9.218750e-001
      vertex -4.504442e-001 -4.504442e-001 -9.218750e-001
    endloop
  endfacet
  facet normal  0.000000e+000  0.000000e+000 -1.000000e+000
    outer loop
      vertex -4.687500e-001 -4.062500e-001 -9.218750e-001
      vertex -4.504442e-001 -4.504442e-001 -9.218750e-001
      vertex -4.582168e-001 -4.409731e-001 -9.218750e-001
    endloop
  endfacet
  facet normal  0.000000e+000  0.000000e+000 -1.000000e+000
    outer loop
      vertex -4.687500e-001 -4.062500e-001 -9.218750e-001
      vertex -4.582168e-001 -4.409731e-001 -9.218750e-001
      vertex -4.639925e-001 -4.301677e-001 -9.218750e-001
    endloop
  endfacet
  facet normal  0.000000e+000  0.000000e+000 -1.000000e+000
    outer loop
      vertex -4.687500e-001 -4.062500e-001 -9.218750e-001
      vertex -4.639925e-001 -4.301677e-001 -9.218750e-001
      vertex -4.675491e-001 -4.184431e-001 -9.218750e-001
    endloop
  endfacet
  facet normal -9.999999e-001  0.000000e+000  0.000000e+000
    outer loop
      vertex -4.687500e-001  4.687500e-001 -9.218750e-001
      vertex -4.687500e-001 -4.062500e-001 -9.218750e-001
      vertex -4.687500e-001  4.687500e-001  9.921875e-001
    endloop
  endfacet
  facet normal -9.999999e-001  -0.000000e+000  0.000000e+000
    outer loop
      vertex -4.687500e-001  4.687500e-001  9.921875e-001
      vertex -4.687500e-001 -4.062500e-001 -9.218750e-001
      vertex -4.687500e-001 -4.062500e-001  9.921875e-001
    endloop
  endfacet
  facet normal  0.000000e+000 -9.999999e-001  0.000000e+000
    outer loop
      vertex -4.062500e-001 -4.687500e-001 -9.218750e-001
      vertex  4.687500e-001 -4.687500e-001 -9.218750e-001
      vertex -4.062500e-001 -4.687500e-001  9.921875e-001
    endloop
  endfacet
  facet normal  0.000000e+000 -9.999999e-001  0.000000e+000
    outer loop
      vertex -4.062500e-001 -4.687500e-001  9.921875e-001
      vertex  4.687500e-001 -4.687500e-001 -9.218750e-001
      vertex  4.687500e-001 -4.687500e-001  9.921875e-001
    endloop
  endfacet
  facet normal -9.801670e-002 -9.951848e-001  -0.000000e+000
    outer loop
      vertex -4.062500e-001 -4.687500e-001 -9.218750e-001
      vertex -4.062500e-001 -4.687500e-001  9.921875e-001
      vertex -4.184431e-001 -4.675491e-001 -9.218750e-001
    endloop
  endfacet
  facet normal -9.801670e-002 -9.951848e-001  0.000000e+000
    outer loop
      vertex -4.184431e-001 -4.675491e-001 -9.218750e-001
      vertex -4.062500e-001 -4.687500e-001  9.921875e-001
      vertex -4.184431e-001 -4.675491e-001  9.921875e-001
    endloop
  endfacet
  facet normal -2.902848e-001 -9.569403e-001  -0.000000e+000
    outer loop
      vertex -4.184431e-001 -4.675491e-001 -9.218750e-001
      vertex -4.184431e-001 -4.675491e-001  9.921875e-001
      vertex -4.301677e-001 -4.639925e-001 -9.218750e-001
    endloop
  endfacet
  facet normal -2.902848e-001 -9.569403e-001  0.000000e+000
    outer loop
      vertex -4.301677e-001 -4.639925e-001 -9.218750e-001
      vertex -4.184431e-001 -4.675491e-001  9.921875e-001
      vertex -4.301677e-001 -4.639925e-001  9.921875e-001
    endloop
  endfacet
  facet normal -4.713973e-001 -8.819210e-001  -0.000000e+000
    outer loop
      vertex -4.301677e-001 -4.639925e-001 -9.218750e-001
      vertex -4.301677e-001 -4.639925e-001  9.921875e-001
      vertex -4.409731e-001 -4.582168e-001 -9.218750e-001
    endloop
  endfacet
  facet normal -4.713973e-001 -8.819210e-001  0.000000e+000
    outer loop
      vertex -4.409731e-001 -4.582168e-001 -9.218750e-001
      vertex -4.301677e-001 -4.639925e-001  9.921875e-001
      vertex -4.409731e-001 -4.582168e-001  9.921875e-001
    endloop
  endfacet
  facet normal -6.343939e-001 -7.730100e-001  -0.000000e+000
    outer loop
      vertex -4.409731e-001 -4.582168e-001 -9.218750e-001
      vertex -4.409731e-001 -4.582168e-001  9.921875e-001
      vertex -4.504442e-001 -4.504442e-001 -9.218750e-001
    endloop
  endfacet
  facet normal -6.343939e-001 -7.730100e-001  0.000000e+000
    outer loop
      vertex -4.504442e-001 -4.504442e-001 -9.218750e-001
      vertex -4.409731e-001 -4.582168e-001  9.921875e-001
      vertex -4.504442e-001 -4.504442e-001  9.921875e-001
    endloop
  endfacet
  facet normal -7.730100e-001 -6.343939e-001  -0.000000e+000
    outer loop
      vertex -4.504442e-001 -4.504442e-001 -9.218750e-001
      vertex -4.504442e-001 -4.504442e-001  9.921875e-001
      vertex -4.582168e-001 -4.409731e-001 -9.218750e-001
    endloop
  endfacet
  facet normal -7.730100e-001 -6.343939e-001  0.000000e+000
    outer loop
      vertex -4.582168e-001 -4.409731e-001 -9.218750e-001
      vertex -4.504442e-001 -4.504442e-001  9.921875e-001
      vertex -4.582168e-001 -4.409731e-001  9.921875e-001
    endloop
  endfacet
  facet normal -8.819210e-001 -4.713973e-001  -0.000000e+000
    outer loop
      vertex -4.582168e-001 -4.409731e-001 -9.218750e-001
      vertex -4.582168e-001 -4.409731e-001  9.921875e-001
      vertex -4.639925e-001 -4.301677e-001 -9.218750e-001
    endloop
  endfacet
  facet normal -8.819210e-001 -4.713973e-001  0.000000e+000
    outer loop
      vertex -4.639925e-001 -4.301677e-001 -9.218750e-001
      vertex -4.582168e-001 -4.409731e-001  9.921875e-001
      vertex -4.639925e-001 -4.301677e-001  9.921875e-001
    endloop
  endfacet
  facet normal -9.569403e-001 -2.902848e-001  -0.000000e+000
    outer loop
      vertex -4.639925e-001 -4.301677e-001 -9.218750e-001
      vertex -4.639925e-001 -4.301677e-001  9.921875e-001
      vertex -4.675491e-001 -4.184431e-001 -9.218750e-001
    endloop
  endfacet
  facet normal -9.569403e-001 -2.902848e-001  0.000000e+000
    outer loop
      vertex -4.675491e-001 -4.184431e-001 -9.218750e-001
      vertex -4.639925e-001 -4.301677e-001  9.921875e-001
      vertex -4.675491e-001 -4.184431e-001  9.921875e-001
    endloop
  endfacet
  facet normal -9.951848e-001 -9.801670e-002  -0.000000e+000
    outer loop
      vertex -4.675491e-001 -4.184431e-001 -9.218750e-001
      vertex -4.675491e-001 -4.184431e-001  9.921875e-001
      vertex -4.687500e-001 -4.062500e-001 -9.218750e-001
    endloop
  endfacet
  facet normal -9.951848e-001 -9.801670e-002  0.000000e+000
    outer loop
      vertex -4.687500e-001 -4.062500e-001 -9.218750e-001
      vertex -4.675491e-001 -4.184431e-001  9.921875e-001
      vertex -4.687500e-001 -4.062500e-001  9.921875e-001
    endloop
  endfacet
  facet normal  0.000000e+000  1.000000e+000  0.000000e+000
    outer loop
      vertex  4.687500e-001  4.687500e-001 -9.218750e-001
      vertex -4.687500e-001  4.687500e-001 -9.218750e-001
      vertex  4.687500e-001  4.687500e-001  9.921875e-001
    endloop
  endfacet
  facet normal  0.000000e+000  1.000000e+000  0.000000e+000
    outer loop
      vertex  4.687500e-001  4.687500e-001  9.921875e-001
      vertex -4.687500e-001  4.687500e-001 -9.218750e-001
      vertex -4.687500e-001  4.687500e-001  9.921875e-001
    endloop
  endfacet
  facet normal  1.000000e+000  0.000000e+000  0.000000e+000
    outer loop
      vertex  4.687500e-001 -4.687500e-001 -9.218750e-001
      vertex  4.687500e-001  4.687500e-001 -9.218750e-001
      vertex  4.687500e-001 -4.687500e-001  9.921875e-001
    endloop
  endfacet
  facet normal  1.000000e+000  -0.000000e+000  0.000000e+000
    outer loop
      vertex  4.687500e-001 -4.687500e-001  9.921875e-001
      vertex  4.687500e-001  4.687500e-001 -9.218750e-001
      vertex  4.687500e-001  4.687500e-001  9.921875e-001
    endloop
  endfacet
endsolid CATIA STL
