solid CATIA STL
  facet normal  0.000000e+000 -1.000000e+000  0.000000e+000
    outer loop
      vertex -9.375000e-002 -1.875000e-001 -1.875000e-001
      vertex  1.875000e-001 -1.875000e-001 -1.875000e-001
      vertex -9.375000e-002 -1.875000e-001  1.875000e-001
    endloop
  endfacet
  facet normal  0.000000e+000 -1.000000e+000  0.000000e+000
    outer loop
      vertex -9.375000e-002 -1.875000e-001  1.875000e-001
      vertex  1.875000e-001 -1.875000e-001 -1.875000e-001
      vertex  1.875000e-001 -1.875000e-001  1.875000e-001
    endloop
  endfacet
  facet normal -1.000000e+000  0.000000e+000  0.000000e+000
    outer loop
      vertex -1.875000e-001  1.875000e-001  1.875000e-001
      vertex -1.875000e-001  1.875000e-001 -1.875000e-001
      vertex -1.875000e-001 -9.375000e-002  1.875000e-001
    endloop
  endfacet
  facet normal -1.000000e+000  0.000000e+000  0.000000e+000
    outer loop
      vertex -1.875000e-001 -9.375000e-002  1.875000e-001
      vertex -1.875000e-001  1.875000e-001 -1.875000e-001
      vertex -1.875000e-001 -9.375000e-002 -1.875000e-001
    endloop
  endfacet
  facet normal  0.000000e+000  0.000000e+000  1.000000e+000
    outer loop
      vertex  1.875000e-001 -1.875000e-001  1.875000e-001
      vertex  1.875000e-001  1.875000e-001  1.875000e-001
      vertex -1.875000e-001  1.875000e-001  1.875000e-001
    endloop
  endfacet
  facet normal  0.000000e+000  0.000000e+000  1.000000e+000
    outer loop
      vertex  1.875000e-001 -1.875000e-001  1.875000e-001
      vertex -1.875000e-001  1.875000e-001  1.875000e-001
      vertex -1.875000e-001 -9.375000e-002  1.875000e-001
    endloop
  endfacet
  facet normal  0.000000e+000  0.000000e+000  9.999999e-001
    outer loop
      vertex  1.875000e-001 -1.875000e-001  1.875000e-001
      vertex -1.875000e-001 -9.375000e-002  1.875000e-001
      vertex -1.856986e-001 -1.120397e-001  1.875000e-001
    endloop
  endfacet
  facet normal  0.000000e+000  0.000000e+000  1.000000e+000
    outer loop
      vertex  1.875000e-001 -1.875000e-001  1.875000e-001
      vertex -1.856986e-001 -1.120397e-001  1.875000e-001
      vertex -1.803637e-001 -1.296266e-001  1.875000e-001
    endloop
  endfacet
  facet normal  0.000000e+000  0.000000e+000  9.999999e-001
    outer loop
      vertex  1.875000e-001 -1.875000e-001  1.875000e-001
      vertex -1.803637e-001 -1.296266e-001  1.875000e-001
      vertex -1.717003e-001 -1.458347e-001  1.875000e-001
    endloop
  endfacet
  facet normal  0.000000e+000  0.000000e+000  1.000000e+000
    outer loop
      vertex  1.875000e-001 -1.875000e-001  1.875000e-001
      vertex -1.717003e-001 -1.458347e-001  1.875000e-001
      vertex -1.600413e-001 -1.600413e-001  1.875000e-001
    endloop
  endfacet
  facet normal  0.000000e+000  0.000000e+000  9.999999e-001
    outer loop
      vertex  1.875000e-001 -1.875000e-001  1.875000e-001
      vertex -1.600413e-001 -1.600413e-001  1.875000e-001
      vertex -1.458347e-001 -1.717003e-001  1.875000e-001
    endloop
  endfacet
  facet normal  0.000000e+000  0.000000e+000  1.000000e+000
    outer loop
      vertex  1.875000e-001 -1.875000e-001  1.875000e-001
      vertex -1.458347e-001 -1.717003e-001  1.875000e-001
      vertex -1.296266e-001 -1.803637e-001  1.875000e-001
    endloop
  endfacet
  facet normal  0.000000e+000  0.000000e+000  1.000000e+000
    outer loop
      vertex  1.875000e-001 -1.875000e-001  1.875000e-001
      vertex -1.296266e-001 -1.803637e-001  1.875000e-001
      vertex -1.120397e-001 -1.856986e-001  1.875000e-001
    endloop
  endfacet
  facet normal  0.000000e+000  0.000000e+000  1.000000e+000
    outer loop
      vertex  1.875000e-001 -1.875000e-001  1.875000e-001
      vertex -1.120397e-001 -1.856986e-001  1.875000e-001
      vertex -9.375000e-002 -1.875000e-001  1.875000e-001
    endloop
  endfacet
  facet normal  0.000000e+000  0.000000e+000 -1.000000e+000
    outer loop
      vertex  1.875000e-001 -1.875000e-001 -1.875000e-001
      vertex -9.375000e-002 -1.875000e-001 -1.875000e-001
      vertex -1.120397e-001 -1.856986e-001 -1.875000e-001
    endloop
  endfacet
  facet normal  0.000000e+000  0.000000e+000 -1.000000e+000
    outer loop
      vertex  1.875000e-001 -1.875000e-001 -1.875000e-001
      vertex -1.120397e-001 -1.856986e-001 -1.875000e-001
      vertex -1.296266e-001 -1.803637e-001 -1.875000e-001
    endloop
  endfacet
  facet normal  0.000000e+000  0.000000e+000 -1.000000e+000
    outer loop
      vertex  1.875000e-001 -1.875000e-001 -1.875000e-001
      vertex -1.296266e-001 -1.803637e-001 -1.875000e-001
      vertex -1.458347e-001 -1.717003e-001 -1.875000e-001
    endloop
  endfacet
  facet normal  0.000000e+000  0.000000e+000 -1.000000e+000
    outer loop
      vertex  1.875000e-001 -1.875000e-001 -1.875000e-001
      vertex -1.458347e-001 -1.717003e-001 -1.875000e-001
      vertex -1.600413e-001 -1.600413e-001 -1.875000e-001
    endloop
  endfacet
  facet normal  0.000000e+000  0.000000e+000 -1.000000e+000
    outer loop
      vertex  1.875000e-001 -1.875000e-001 -1.875000e-001
      vertex -1.600413e-001 -1.600413e-001 -1.875000e-001
      vertex -1.717003e-001 -1.458347e-001 -1.875000e-001
    endloop
  endfacet
  facet normal  0.000000e+000  0.000000e+000 -9.999999e-001
    outer loop
      vertex  1.875000e-001 -1.875000e-001 -1.875000e-001
      vertex -1.717003e-001 -1.458347e-001 -1.875000e-001
      vertex -1.803637e-001 -1.296266e-001 -1.875000e-001
    endloop
  endfacet
  facet normal  0.000000e+000  0.000000e+000 -1.000000e+000
    outer loop
      vertex  1.875000e-001 -1.875000e-001 -1.875000e-001
      vertex -1.803637e-001 -1.296266e-001 -1.875000e-001
      vertex -1.856986e-001 -1.120397e-001 -1.875000e-001
    endloop
  endfacet
  facet normal  0.000000e+000  0.000000e+000 -1.000000e+000
    outer loop
      vertex  1.875000e-001 -1.875000e-001 -1.875000e-001
      vertex -1.856986e-001 -1.120397e-001 -1.875000e-001
      vertex -1.875000e-001 -9.375000e-002 -1.875000e-001
    endloop
  endfacet
  facet normal  0.000000e+000  0.000000e+000 -1.000000e+000
    outer loop
      vertex  1.875000e-001 -1.875000e-001 -1.875000e-001
      vertex -1.875000e-001 -9.375000e-002 -1.875000e-001
      vertex -1.875000e-001  1.875000e-001 -1.875000e-001
    endloop
  endfacet
  facet normal  0.000000e+000  0.000000e+000 -1.000000e+000
    outer loop
      vertex  1.875000e-001 -1.875000e-001 -1.875000e-001
      vertex -1.875000e-001  1.875000e-001 -1.875000e-001
      vertex  1.875000e-001  1.875000e-001 -1.875000e-001
    endloop
  endfacet
  facet normal -9.951847e-001 -9.801750e-002  0.000000e+000
    outer loop
      vertex -1.875000e-001 -9.375000e-002  1.875000e-001
      vertex -1.875000e-001 -9.375000e-002 -1.875000e-001
      vertex -1.856986e-001 -1.120397e-001  1.875000e-001
    endloop
  endfacet
  facet normal -9.951847e-001 -9.801750e-002  -0.000000e+000
    outer loop
      vertex -1.856986e-001 -1.120397e-001  1.875000e-001
      vertex -1.875000e-001 -9.375000e-002 -1.875000e-001
      vertex -1.856986e-001 -1.120397e-001 -1.875000e-001
    endloop
  endfacet
  facet normal -9.569404e-001 -2.902846e-001  0.000000e+000
    outer loop
      vertex -1.856986e-001 -1.120397e-001  1.875000e-001
      vertex -1.856986e-001 -1.120397e-001 -1.875000e-001
      vertex -1.803637e-001 -1.296266e-001  1.875000e-001
    endloop
  endfacet
  facet normal -9.569404e-001 -2.902846e-001  -0.000000e+000
    outer loop
      vertex -1.803637e-001 -1.296266e-001  1.875000e-001
      vertex -1.856986e-001 -1.120397e-001 -1.875000e-001
      vertex -1.803637e-001 -1.296266e-001 -1.875000e-001
    endloop
  endfacet
  facet normal -8.819213e-001 -4.713967e-001  0.000000e+000
    outer loop
      vertex -1.803637e-001 -1.296266e-001  1.875000e-001
      vertex -1.803637e-001 -1.296266e-001 -1.875000e-001
      vertex -1.717003e-001 -1.458347e-001  1.875000e-001
    endloop
  endfacet
  facet normal -8.819213e-001 -4.713967e-001  -0.000000e+000
    outer loop
      vertex -1.717003e-001 -1.458347e-001  1.875000e-001
      vertex -1.803637e-001 -1.296266e-001 -1.875000e-001
      vertex -1.717003e-001 -1.458347e-001 -1.875000e-001
    endloop
  endfacet
  facet normal -7.730104e-001 -6.343934e-001  0.000000e+000
    outer loop
      vertex -1.717003e-001 -1.458347e-001  1.875000e-001
      vertex -1.717003e-001 -1.458347e-001 -1.875000e-001
      vertex -1.600413e-001 -1.600413e-001  1.875000e-001
    endloop
  endfacet
  facet normal -7.730104e-001 -6.343934e-001  -0.000000e+000
    outer loop
      vertex -1.600413e-001 -1.600413e-001  1.875000e-001
      vertex -1.717003e-001 -1.458347e-001 -1.875000e-001
      vertex -1.600413e-001 -1.600413e-001 -1.875000e-001
    endloop
  endfacet
  facet normal -6.343934e-001 -7.730104e-001  0.000000e+000
    outer loop
      vertex -1.600413e-001 -1.600413e-001  1.875000e-001
      vertex -1.600413e-001 -1.600413e-001 -1.875000e-001
      vertex -1.458347e-001 -1.717003e-001  1.875000e-001
    endloop
  endfacet
  facet normal -6.343934e-001 -7.730104e-001  -0.000000e+000
    outer loop
      vertex -1.458347e-001 -1.717003e-001  1.875000e-001
      vertex -1.600413e-001 -1.600413e-001 -1.875000e-001
      vertex -1.458347e-001 -1.717003e-001 -1.875000e-001
    endloop
  endfacet
  facet normal -4.713967e-001 -8.819213e-001  0.000000e+000
    outer loop
      vertex -1.458347e-001 -1.717003e-001  1.875000e-001
      vertex -1.458347e-001 -1.717003e-001 -1.875000e-001
      vertex -1.296266e-001 -1.803637e-001  1.875000e-001
    endloop
  endfacet
  facet normal -4.713967e-001 -8.819213e-001  -0.000000e+000
    outer loop
      vertex -1.296266e-001 -1.803637e-001  1.875000e-001
      vertex -1.458347e-001 -1.717003e-001 -1.875000e-001
      vertex -1.296266e-001 -1.803637e-001 -1.875000e-001
    endloop
  endfacet
  facet normal -2.902846e-001 -9.569404e-001  0.000000e+000
    outer loop
      vertex -1.296266e-001 -1.803637e-001  1.875000e-001
      vertex -1.296266e-001 -1.803637e-001 -1.875000e-001
      vertex -1.120397e-001 -1.856986e-001  1.875000e-001
    endloop
  endfacet
  facet normal -2.902846e-001 -9.569404e-001  -0.000000e+000
    outer loop
      vertex -1.120397e-001 -1.856986e-001  1.875000e-001
      vertex -1.296266e-001 -1.803637e-001 -1.875000e-001
      vertex -1.120397e-001 -1.856986e-001 -1.875000e-001
    endloop
  endfacet
  facet normal -9.801750e-002 -9.951847e-001  0.000000e+000
    outer loop
      vertex -1.120397e-001 -1.856986e-001  1.875000e-001
      vertex -1.120397e-001 -1.856986e-001 -1.875000e-001
      vertex -9.375000e-002 -1.875000e-001  1.875000e-001
    endloop
  endfacet
  facet normal -9.801750e-002 -9.951847e-001  -0.000000e+000
    outer loop
      vertex -9.375000e-002 -1.875000e-001  1.875000e-001
      vertex -1.120397e-001 -1.856986e-001 -1.875000e-001
      vertex -9.375000e-002 -1.875000e-001 -1.875000e-001
    endloop
  endfacet
  facet normal  0.000000e+000  1.000000e+000  0.000000e+000
    outer loop
      vertex -1.875000e-001  1.875000e-001 -1.875000e-001
      vertex -1.875000e-001  1.875000e-001  1.875000e-001
      vertex  1.875000e-001  1.875000e-001 -1.875000e-001
    endloop
  endfacet
  facet normal  0.000000e+000  1.000000e+000  -0.000000e+000
    outer loop
      vertex  1.875000e-001  1.875000e-001 -1.875000e-001
      vertex -1.875000e-001  1.875000e-001  1.875000e-001
      vertex  1.875000e-001  1.875000e-001  1.875000e-001
    endloop
  endfacet
  facet normal  1.000000e+000  0.000000e+000  0.000000e+000
    outer loop
      vertex  1.875000e-001  1.875000e-001 -1.875000e-001
      vertex  1.875000e-001  1.875000e-001  1.875000e-001
      vertex  1.875000e-001 -1.875000e-001 -1.875000e-001
    endloop
  endfacet
  facet normal  1.000000e+000  0.000000e+000  0.000000e+000
    outer loop
      vertex  1.875000e-001 -1.875000e-001 -1.875000e-001
      vertex  1.875000e-001  1.875000e-001  1.875000e-001
      vertex  1.875000e-001 -1.875000e-001  1.875000e-001
    endloop
  endfacet
endsolid CATIA STL
