solid CATIA STL
  facet normal  0.000000e+000  0.000000e+000  1.000000e+000
    outer loop
      vertex  0.000000e+000  7.500000e-001  2.343750e-002
      vertex  5.605263e-001  6.796875e-001  2.343750e-002
      vertex  4.824013e-001  7.500000e-001  2.343750e-002
    endloop
  endfacet
  facet normal  -0.000000e+000  -0.000000e+000  1.000000e+000
    outer loop
      vertex  0.000000e+000  1.250000e-001  2.343750e-002
      vertex  2.401840e-003  1.006137e-001  2.343750e-002
      vertex  9.515058e-003  7.716457e-002  2.343750e-002
    endloop
  endfacet
  facet normal  -0.000000e+000  -0.000000e+000  1.000000e+000
    outer loop
      vertex  0.000000e+000  1.250000e-001  2.343750e-002
      vertex  9.515058e-003  7.716457e-002  2.343750e-002
      vertex  2.106630e-002  5.555372e-002  2.343750e-002
    endloop
  endfacet
  facet normal  -0.000000e+000  -0.000000e+000  1.000000e+000
    outer loop
      vertex  0.000000e+000  1.250000e-001  2.343750e-002
      vertex  2.106630e-002  5.555372e-002  2.343750e-002
      vertex  3.661165e-002  3.661165e-002  2.343750e-002
    endloop
  endfacet
  facet normal  -0.000000e+000  -0.000000e+000  1.000000e+000
    outer loop
      vertex  0.000000e+000  1.250000e-001  2.343750e-002
      vertex  3.661165e-002  3.661165e-002  2.343750e-002
      vertex  5.555372e-002  2.106630e-002  2.343750e-002
    endloop
  endfacet
  facet normal  -0.000000e+000  -0.000000e+000  1.000000e+000
    outer loop
      vertex  0.000000e+000  1.250000e-001  2.343750e-002
      vertex  5.555372e-002  2.106630e-002  2.343750e-002
      vertex  7.716457e-002  9.515058e-003  2.343750e-002
    endloop
  endfacet
  facet normal  -0.000000e+000  -0.000000e+000  1.000000e+000
    outer loop
      vertex  0.000000e+000  1.250000e-001  2.343750e-002
      vertex  7.716457e-002  9.515058e-003  2.343750e-002
      vertex  1.006137e-001  2.401840e-003  2.343750e-002
    endloop
  endfacet
  facet normal  -0.000000e+000  -0.000000e+000  1.000000e+000
    outer loop
      vertex  0.000000e+000  1.250000e-001  2.343750e-002
      vertex  1.006137e-001  2.401840e-003  2.343750e-002
      vertex  1.250000e-001  0.000000e+000  2.343750e-002
    endloop
  endfacet
  facet normal  0.000000e+000  -0.000000e+000  1.000000e+000
    outer loop
      vertex  0.000000e+000  1.250000e-001  2.343750e-002
      vertex  1.250000e-001  0.000000e+000  2.343750e-002
      vertex  5.605263e-001  0.000000e+000  2.343750e-002
    endloop
  endfacet
  facet normal  0.000000e+000  -0.000000e+000  1.000000e+000
    outer loop
      vertex  0.000000e+000  1.250000e-001  2.343750e-002
      vertex  5.605263e-001  0.000000e+000  2.343750e-002
      vertex  5.605263e-001  6.796875e-001  2.343750e-002
    endloop
  endfacet
  facet normal  0.000000e+000  0.000000e+000  1.000000e+000
    outer loop
      vertex  0.000000e+000  1.250000e-001  2.343750e-002
      vertex  5.605263e-001  6.796875e-001  2.343750e-002
      vertex  0.000000e+000  7.500000e-001  2.343750e-002
    endloop
  endfacet
  facet normal  0.000000e+000  0.000000e+000 -1.000000e+000
    outer loop
      vertex  4.824013e-001  7.500000e-001  0.000000e+000
      vertex  5.605263e-001  6.796875e-001  0.000000e+000
      vertex  0.000000e+000  7.500000e-001  0.000000e+000
    endloop
  endfacet
  facet normal  0.000000e+000  0.000000e+000 -1.000000e+000
    outer loop
      vertex  0.000000e+000  1.250000e-001  0.000000e+000
      vertex  0.000000e+000  7.500000e-001  0.000000e+000
      vertex  5.605263e-001  6.796875e-001  0.000000e+000
    endloop
  endfacet
  facet normal  0.000000e+000  -0.000000e+000 -1.000000e+000
    outer loop
      vertex  0.000000e+000  1.250000e-001  0.000000e+000
      vertex  5.605263e-001  6.796875e-001  0.000000e+000
      vertex  5.605263e-001  0.000000e+000  0.000000e+000
    endloop
  endfacet
  facet normal  0.000000e+000  0.000000e+000 -1.000000e+000
    outer loop
      vertex  0.000000e+000  1.250000e-001  0.000000e+000
      vertex  5.605263e-001  0.000000e+000  0.000000e+000
      vertex  1.250000e-001  0.000000e+000  0.000000e+000
    endloop
  endfacet
  facet normal  0.000000e+000  0.000000e+000 -1.000000e+000
    outer loop
      vertex  0.000000e+000  1.250000e-001  0.000000e+000
      vertex  1.250000e-001  0.000000e+000  0.000000e+000
      vertex  1.006137e-001  2.401840e-003  0.000000e+000
    endloop
  endfacet
  facet normal  0.000000e+000  0.000000e+000 -1.000000e+000
    outer loop
      vertex  0.000000e+000  1.250000e-001  0.000000e+000
      vertex  1.006137e-001  2.401840e-003  0.000000e+000
      vertex  7.716457e-002  9.515058e-003  0.000000e+000
    endloop
  endfacet
  facet normal  0.000000e+000  0.000000e+000 -1.000000e+000
    outer loop
      vertex  0.000000e+000  1.250000e-001  0.000000e+000
      vertex  7.716457e-002  9.515058e-003  0.000000e+000
      vertex  5.555372e-002  2.106630e-002  0.000000e+000
    endloop
  endfacet
  facet normal  0.000000e+000  0.000000e+000 -1.000000e+000
    outer loop
      vertex  0.000000e+000  1.250000e-001  0.000000e+000
      vertex  5.555372e-002  2.106630e-002  0.000000e+000
      vertex  3.661165e-002  3.661165e-002  0.000000e+000
    endloop
  endfacet
  facet normal  0.000000e+000  0.000000e+000 -1.000000e+000
    outer loop
      vertex  0.000000e+000  1.250000e-001  0.000000e+000
      vertex  3.661165e-002  3.661165e-002  0.000000e+000
      vertex  2.106630e-002  5.555372e-002  0.000000e+000
    endloop
  endfacet
  facet normal  0.000000e+000  0.000000e+000 -1.000000e+000
    outer loop
      vertex  0.000000e+000  1.250000e-001  0.000000e+000
      vertex  2.106630e-002  5.555372e-002  0.000000e+000
      vertex  9.515058e-003  7.716457e-002  0.000000e+000
    endloop
  endfacet
  facet normal  0.000000e+000  0.000000e+000 -1.000000e+000
    outer loop
      vertex  0.000000e+000  1.250000e-001  0.000000e+000
      vertex  9.515058e-003  7.716457e-002  0.000000e+000
      vertex  2.401840e-003  1.006137e-001  0.000000e+000
    endloop
  endfacet
  facet normal -1.000000e+000  0.000000e+000  0.000000e+000
    outer loop
      vertex  0.000000e+000  7.500000e-001  2.343750e-002
      vertex  0.000000e+000  7.500000e-001  0.000000e+000
      vertex  0.000000e+000  1.250000e-001  2.343750e-002
    endloop
  endfacet
  facet normal -1.000000e+000  0.000000e+000  0.000000e+000
    outer loop
      vertex  0.000000e+000  1.250000e-001  2.343750e-002
      vertex  0.000000e+000  7.500000e-001  0.000000e+000
      vertex  0.000000e+000  1.250000e-001  0.000000e+000
    endloop
  endfacet
  facet normal  0.000000e+000 -1.000000e+000  0.000000e+000
    outer loop
      vertex  1.250000e-001  0.000000e+000  2.343750e-002
      vertex  1.250000e-001  0.000000e+000  0.000000e+000
      vertex  5.605263e-001  0.000000e+000  2.343750e-002
    endloop
  endfacet
  facet normal  0.000000e+000 -1.000000e+000  -0.000000e+000
    outer loop
      vertex  5.605263e-001  0.000000e+000  2.343750e-002
      vertex  1.250000e-001  0.000000e+000  0.000000e+000
      vertex  5.605263e-001  0.000000e+000  0.000000e+000
    endloop
  endfacet
  facet normal -9.801715e-002 -9.951847e-001  -0.000000e+000
    outer loop
      vertex  1.250000e-001  0.000000e+000  0.000000e+000
      vertex  1.250000e-001  0.000000e+000  2.343750e-002
      vertex  1.006137e-001  2.401840e-003  0.000000e+000
    endloop
  endfacet
  facet normal -9.801715e-002 -9.951847e-001  0.000000e+000
    outer loop
      vertex  1.006137e-001  2.401840e-003  0.000000e+000
      vertex  1.250000e-001  0.000000e+000  2.343750e-002
      vertex  1.006137e-001  2.401840e-003  2.343750e-002
    endloop
  endfacet
  facet normal -2.902846e-001 -9.569404e-001  -0.000000e+000
    outer loop
      vertex  1.006137e-001  2.401840e-003  0.000000e+000
      vertex  1.006137e-001  2.401840e-003  2.343750e-002
      vertex  7.716457e-002  9.515058e-003  0.000000e+000
    endloop
  endfacet
  facet normal -2.902846e-001 -9.569404e-001  0.000000e+000
    outer loop
      vertex  7.716457e-002  9.515058e-003  0.000000e+000
      vertex  1.006137e-001  2.401840e-003  2.343750e-002
      vertex  7.716457e-002  9.515058e-003  2.343750e-002
    endloop
  endfacet
  facet normal -4.713968e-001 -8.819212e-001  -0.000000e+000
    outer loop
      vertex  7.716457e-002  9.515058e-003  0.000000e+000
      vertex  7.716457e-002  9.515058e-003  2.343750e-002
      vertex  5.555372e-002  2.106630e-002  0.000000e+000
    endloop
  endfacet
  facet normal -4.713968e-001 -8.819212e-001  0.000000e+000
    outer loop
      vertex  5.555372e-002  2.106630e-002  0.000000e+000
      vertex  7.716457e-002  9.515058e-003  2.343750e-002
      vertex  5.555372e-002  2.106630e-002  2.343750e-002
    endloop
  endfacet
  facet normal -6.343934e-001 -7.730104e-001  -0.000000e+000
    outer loop
      vertex  5.555372e-002  2.106630e-002  0.000000e+000
      vertex  5.555372e-002  2.106630e-002  2.343750e-002
      vertex  3.661165e-002  3.661165e-002  0.000000e+000
    endloop
  endfacet
  facet normal -6.343934e-001 -7.730104e-001  0.000000e+000
    outer loop
      vertex  3.661165e-002  3.661165e-002  0.000000e+000
      vertex  5.555372e-002  2.106630e-002  2.343750e-002
      vertex  3.661165e-002  3.661165e-002  2.343750e-002
    endloop
  endfacet
  facet normal -7.730104e-001 -6.343934e-001  -0.000000e+000
    outer loop
      vertex  3.661165e-002  3.661165e-002  0.000000e+000
      vertex  3.661165e-002  3.661165e-002  2.343750e-002
      vertex  2.106630e-002  5.555372e-002  0.000000e+000
    endloop
  endfacet
  facet normal -7.730104e-001 -6.343934e-001  0.000000e+000
    outer loop
      vertex  2.106630e-002  5.555372e-002  0.000000e+000
      vertex  3.661165e-002  3.661165e-002  2.343750e-002
      vertex  2.106630e-002  5.555372e-002  2.343750e-002
    endloop
  endfacet
  facet normal -8.819212e-001 -4.713968e-001  -0.000000e+000
    outer loop
      vertex  2.106630e-002  5.555372e-002  0.000000e+000
      vertex  2.106630e-002  5.555372e-002  2.343750e-002
      vertex  9.515058e-003  7.716457e-002  0.000000e+000
    endloop
  endfacet
  facet normal -8.819212e-001 -4.713968e-001  0.000000e+000
    outer loop
      vertex  9.515058e-003  7.716457e-002  0.000000e+000
      vertex  2.106630e-002  5.555372e-002  2.343750e-002
      vertex  9.515058e-003  7.716457e-002  2.343750e-002
    endloop
  endfacet
  facet normal -9.569404e-001 -2.902846e-001  -0.000000e+000
    outer loop
      vertex  9.515058e-003  7.716457e-002  0.000000e+000
      vertex  9.515058e-003  7.716457e-002  2.343750e-002
      vertex  2.401840e-003  1.006137e-001  0.000000e+000
    endloop
  endfacet
  facet normal -9.569404e-001 -2.902846e-001  0.000000e+000
    outer loop
      vertex  2.401840e-003  1.006137e-001  0.000000e+000
      vertex  9.515058e-003  7.716457e-002  2.343750e-002
      vertex  2.401840e-003  1.006137e-001  2.343750e-002
    endloop
  endfacet
  facet normal -9.951847e-001 -9.801715e-002  -0.000000e+000
    outer loop
      vertex  2.401840e-003  1.006137e-001  0.000000e+000
      vertex  2.401840e-003  1.006137e-001  2.343750e-002
      vertex  0.000000e+000  1.250000e-001  0.000000e+000
    endloop
  endfacet
  facet normal -9.951847e-001 -9.801715e-002  0.000000e+000
    outer loop
      vertex  0.000000e+000  1.250000e-001  0.000000e+000
      vertex  2.401840e-003  1.006137e-001  2.343750e-002
      vertex  0.000000e+000  1.250000e-001  2.343750e-002
    endloop
  endfacet
  facet normal  0.000000e+000  1.000000e+000  -0.000000e+000
    outer loop
      vertex  4.824013e-001  7.500000e-001  2.343750e-002
      vertex  4.824013e-001  7.500000e-001  0.000000e+000
      vertex  0.000000e+000  7.500000e-001  2.343750e-002
    endloop
  endfacet
  facet normal  0.000000e+000  1.000000e+000  0.000000e+000
    outer loop
      vertex  0.000000e+000  7.500000e-001  2.343750e-002
      vertex  4.824013e-001  7.500000e-001  0.000000e+000
      vertex  0.000000e+000  7.500000e-001  0.000000e+000
    endloop
  endfacet
  facet normal  1.000000e+000  0.000000e+000  0.000000e+000
    outer loop
      vertex  5.605263e-001  0.000000e+000  2.343750e-002
      vertex  5.605263e-001  0.000000e+000  0.000000e+000
      vertex  5.605263e-001  6.796875e-001  2.343750e-002
    endloop
  endfacet
  facet normal  1.000000e+000  0.000000e+000  0.000000e+000
    outer loop
      vertex  5.605263e-001  6.796875e-001  2.343750e-002
      vertex  5.605263e-001  0.000000e+000  0.000000e+000
      vertex  5.605263e-001  6.796875e-001  0.000000e+000
    endloop
  endfacet
  facet normal  6.689647e-001  7.432942e-001  0.000000e+000
    outer loop
      vertex  4.824013e-001  7.500000e-001  2.343750e-002
      vertex  5.605263e-001  6.796875e-001  2.343750e-002
      vertex  4.824013e-001  7.500000e-001  0.000000e+000
    endloop
  endfacet
  facet normal  6.689647e-001  7.432942e-001  0.000000e+000
    outer loop
      vertex  4.824013e-001  7.500000e-001  0.000000e+000
      vertex  5.605263e-001  6.796875e-001  2.343750e-002
      vertex  5.605263e-001  6.796875e-001  0.000000e+000
    endloop
  endfacet
endsolid CATIA STL
