solid CATIA STL
  facet normal  0.000000e+000 -1.000000e+000  0.000000e+000
    outer loop
      vertex  4.111842e-004 -7.500000e-001  3.166118e-002
      vertex  1.237004e-002 -7.500000e-001  2.928242e-002
      vertex  6.507757e-003 -7.500000e-001  3.106072e-002
    endloop
  endfacet
  facet normal  0.000000e+000 -1.000000e+000  0.000000e+000
    outer loop
      vertex -3.083882e-002 -7.500000e-001  3.166118e-002
      vertex -3.083882e-002 -7.500000e-001 -3.083882e-002
      vertex  3.166118e-002 -7.500000e-001 -3.083882e-002
    endloop
  endfacet
  facet normal  0.000000e+000 -1.000000e+000  0.000000e+000
    outer loop
      vertex -3.083882e-002 -7.500000e-001  3.166118e-002
      vertex  3.166118e-002 -7.500000e-001 -3.083882e-002
      vertex  3.166118e-002 -7.500000e-001  4.111842e-004
    endloop
  endfacet
  facet normal  0.000000e+000 -1.000000e+000  0.000000e+000
    outer loop
      vertex -3.083882e-002 -7.500000e-001  3.166118e-002
      vertex  3.166118e-002 -7.500000e-001  4.111842e-004
      vertex  3.106072e-002 -7.500000e-001  6.507757e-003
    endloop
  endfacet
  facet normal  0.000000e+000 -1.000000e+000  0.000000e+000
    outer loop
      vertex -3.083882e-002 -7.500000e-001  3.166118e-002
      vertex  3.106072e-002 -7.500000e-001  6.507757e-003
      vertex  2.928242e-002 -7.500000e-001  1.237004e-002
    endloop
  endfacet
  facet normal  0.000000e+000 -9.999999e-001  0.000000e+000
    outer loop
      vertex -3.083882e-002 -7.500000e-001  3.166118e-002
      vertex  2.928242e-002 -7.500000e-001  1.237004e-002
      vertex  2.639461e-002 -7.500000e-001  1.777275e-002
    endloop
  endfacet
  facet normal  0.000000e+000 -9.999999e-001  0.000000e+000
    outer loop
      vertex -3.083882e-002 -7.500000e-001  3.166118e-002
      vertex  2.639461e-002 -7.500000e-001  1.777275e-002
      vertex  2.250827e-002 -7.500000e-001  2.250827e-002
    endloop
  endfacet
  facet normal  0.000000e+000 -1.000000e+000  0.000000e+000
    outer loop
      vertex -3.083882e-002 -7.500000e-001  3.166118e-002
      vertex  2.250827e-002 -7.500000e-001  2.250827e-002
      vertex  1.777275e-002 -7.500000e-001  2.639461e-002
    endloop
  endfacet
  facet normal  0.000000e+000 -1.000000e+000  0.000000e+000
    outer loop
      vertex -3.083882e-002 -7.500000e-001  3.166118e-002
      vertex  1.777275e-002 -7.500000e-001  2.639461e-002
      vertex  1.237004e-002 -7.500000e-001  2.928242e-002
    endloop
  endfacet
  facet normal  0.000000e+000 -1.000000e+000  0.000000e+000
    outer loop
      vertex -3.083882e-002 -7.500000e-001  3.166118e-002
      vertex  1.237004e-002 -7.500000e-001  2.928242e-002
      vertex  4.111842e-004 -7.500000e-001  3.166118e-002
    endloop
  endfacet
  facet normal  0.000000e+000  1.000000e+000  0.000000e+000
    outer loop
      vertex  6.507757e-003  7.500000e-001  3.106072e-002
      vertex  1.237004e-002  7.500000e-001  2.928242e-002
      vertex  4.111842e-004  7.500000e-001  3.166118e-002
    endloop
  endfacet
  facet normal  0.000000e+000  1.000000e+000  0.000000e+000
    outer loop
      vertex -3.083882e-002  7.500000e-001  3.166118e-002
      vertex  4.111842e-004  7.500000e-001  3.166118e-002
      vertex  1.237004e-002  7.500000e-001  2.928242e-002
    endloop
  endfacet
  facet normal  0.000000e+000  1.000000e+000  0.000000e+000
    outer loop
      vertex -3.083882e-002  7.500000e-001  3.166118e-002
      vertex  1.237004e-002  7.500000e-001  2.928242e-002
      vertex  1.777275e-002  7.500000e-001  2.639461e-002
    endloop
  endfacet
  facet normal  0.000000e+000  1.000000e+000  0.000000e+000
    outer loop
      vertex -3.083882e-002  7.500000e-001  3.166118e-002
      vertex  1.777275e-002  7.500000e-001  2.639461e-002
      vertex  2.250827e-002  7.500000e-001  2.250827e-002
    endloop
  endfacet
  facet normal  0.000000e+000  1.000000e+000  0.000000e+000
    outer loop
      vertex -3.083882e-002  7.500000e-001  3.166118e-002
      vertex  2.250827e-002  7.500000e-001  2.250827e-002
      vertex  2.639461e-002  7.500000e-001  1.777275e-002
    endloop
  endfacet
  facet normal  0.000000e+000  9.999999e-001  0.000000e+000
    outer loop
      vertex -3.083882e-002  7.500000e-001  3.166118e-002
      vertex  2.639461e-002  7.500000e-001  1.777275e-002
      vertex  2.928242e-002  7.500000e-001  1.237004e-002
    endloop
  endfacet
  facet normal  0.000000e+000  1.000000e+000  0.000000e+000
    outer loop
      vertex -3.083882e-002  7.500000e-001  3.166118e-002
      vertex  2.928242e-002  7.500000e-001  1.237004e-002
      vertex  3.106072e-002  7.500000e-001  6.507757e-003
    endloop
  endfacet
  facet normal  0.000000e+000  1.000000e+000  0.000000e+000
    outer loop
      vertex -3.083882e-002  7.500000e-001  3.166118e-002
      vertex  3.106072e-002  7.500000e-001  6.507757e-003
      vertex  3.166118e-002  7.500000e-001  4.111842e-004
    endloop
  endfacet
  facet normal  0.000000e+000  1.000000e+000  0.000000e+000
    outer loop
      vertex -3.083882e-002  7.500000e-001  3.166118e-002
      vertex  3.166118e-002  7.500000e-001  4.111842e-004
      vertex  3.166118e-002  7.500000e-001 -3.083882e-002
    endloop
  endfacet
  facet normal  0.000000e+000  1.000000e+000  0.000000e+000
    outer loop
      vertex -3.083882e-002  7.500000e-001  3.166118e-002
      vertex  3.166118e-002  7.500000e-001 -3.083882e-002
      vertex -3.083882e-002  7.500000e-001 -3.083882e-002
    endloop
  endfacet
  facet normal  -0.000000e+000  0.000000e+000  1.000000e+000
    outer loop
      vertex  4.111842e-004  7.500000e-001  3.166118e-002
      vertex -3.083882e-002  7.500000e-001  3.166118e-002
      vertex  4.111842e-004 -7.500000e-001  3.166118e-002
    endloop
  endfacet
  facet normal  0.000000e+000  0.000000e+000  1.000000e+000
    outer loop
      vertex  4.111842e-004 -7.500000e-001  3.166118e-002
      vertex -3.083882e-002  7.500000e-001  3.166118e-002
      vertex -3.083882e-002 -7.500000e-001  3.166118e-002
    endloop
  endfacet
  facet normal  1.000000e+000  0.000000e+000  0.000000e+000
    outer loop
      vertex  3.166118e-002  7.500000e-001 -3.083882e-002
      vertex  3.166118e-002  7.500000e-001  4.111842e-004
      vertex  3.166118e-002 -7.500000e-001 -3.083882e-002
    endloop
  endfacet
  facet normal  1.000000e+000  0.000000e+000  0.000000e+000
    outer loop
      vertex  3.166118e-002 -7.500000e-001 -3.083882e-002
      vertex  3.166118e-002  7.500000e-001  4.111842e-004
      vertex  3.166118e-002 -7.500000e-001  4.111842e-004
    endloop
  endfacet
  facet normal  9.801698e-002  -0.000000e+000  9.951848e-001
    outer loop
      vertex  4.111842e-004  7.500000e-001  3.166118e-002
      vertex  4.111842e-004 -7.500000e-001  3.166118e-002
      vertex  6.507757e-003  7.500000e-001  3.106072e-002
    endloop
  endfacet
  facet normal  9.801698e-002  0.000000e+000  9.951848e-001
    outer loop
      vertex  6.507757e-003  7.500000e-001  3.106072e-002
      vertex  4.111842e-004 -7.500000e-001  3.166118e-002
      vertex  6.507757e-003 -7.500000e-001  3.106072e-002
    endloop
  endfacet
  facet normal  2.902847e-001  -0.000000e+000  9.569404e-001
    outer loop
      vertex  6.507757e-003  7.500000e-001  3.106072e-002
      vertex  6.507757e-003 -7.500000e-001  3.106072e-002
      vertex  1.237004e-002  7.500000e-001  2.928242e-002
    endloop
  endfacet
  facet normal  2.902847e-001  0.000000e+000  9.569404e-001
    outer loop
      vertex  1.237004e-002  7.500000e-001  2.928242e-002
      vertex  6.507757e-003 -7.500000e-001  3.106072e-002
      vertex  1.237004e-002 -7.500000e-001  2.928242e-002
    endloop
  endfacet
  facet normal  4.713967e-001  -0.000000e+000  8.819214e-001
    outer loop
      vertex  1.237004e-002  7.500000e-001  2.928242e-002
      vertex  1.237004e-002 -7.500000e-001  2.928242e-002
      vertex  1.777275e-002  7.500000e-001  2.639461e-002
    endloop
  endfacet
  facet normal  4.713967e-001  0.000000e+000  8.819214e-001
    outer loop
      vertex  1.777275e-002  7.500000e-001  2.639461e-002
      vertex  1.237004e-002 -7.500000e-001  2.928242e-002
      vertex  1.777275e-002 -7.500000e-001  2.639461e-002
    endloop
  endfacet
  facet normal  6.343933e-001  -0.000000e+000  7.730104e-001
    outer loop
      vertex  1.777275e-002  7.500000e-001  2.639461e-002
      vertex  1.777275e-002 -7.500000e-001  2.639461e-002
      vertex  2.250827e-002  7.500000e-001  2.250827e-002
    endloop
  endfacet
  facet normal  6.343933e-001  0.000000e+000  7.730104e-001
    outer loop
      vertex  2.250827e-002  7.500000e-001  2.250827e-002
      vertex  1.777275e-002 -7.500000e-001  2.639461e-002
      vertex  2.250827e-002 -7.500000e-001  2.250827e-002
    endloop
  endfacet
  facet normal  7.730104e-001  -0.000000e+000  6.343933e-001
    outer loop
      vertex  2.250827e-002  7.500000e-001  2.250827e-002
      vertex  2.250827e-002 -7.500000e-001  2.250827e-002
      vertex  2.639461e-002  7.500000e-001  1.777275e-002
    endloop
  endfacet
  facet normal  7.730104e-001  0.000000e+000  6.343933e-001
    outer loop
      vertex  2.639461e-002  7.500000e-001  1.777275e-002
      vertex  2.250827e-002 -7.500000e-001  2.250827e-002
      vertex  2.639461e-002 -7.500000e-001  1.777275e-002
    endloop
  endfacet
  facet normal  8.819214e-001  -0.000000e+000  4.713967e-001
    outer loop
      vertex  2.639461e-002  7.500000e-001  1.777275e-002
      vertex  2.639461e-002 -7.500000e-001  1.777275e-002
      vertex  2.928242e-002  7.500000e-001  1.237004e-002
    endloop
  endfacet
  facet normal  8.819214e-001  0.000000e+000  4.713967e-001
    outer loop
      vertex  2.928242e-002  7.500000e-001  1.237004e-002
      vertex  2.639461e-002 -7.500000e-001  1.777275e-002
      vertex  2.928242e-002 -7.500000e-001  1.237004e-002
    endloop
  endfacet
  facet normal  9.569404e-001  -0.000000e+000  2.902847e-001
    outer loop
      vertex  2.928242e-002  7.500000e-001  1.237004e-002
      vertex  2.928242e-002 -7.500000e-001  1.237004e-002
      vertex  3.106072e-002  7.500000e-001  6.507757e-003
    endloop
  endfacet
  facet normal  9.569404e-001  0.000000e+000  2.902847e-001
    outer loop
      vertex  3.106072e-002  7.500000e-001  6.507757e-003
      vertex  2.928242e-002 -7.500000e-001  1.237004e-002
      vertex  3.106072e-002 -7.500000e-001  6.507757e-003
    endloop
  endfacet
  facet normal  9.951848e-001  -0.000000e+000  9.801698e-002
    outer loop
      vertex  3.106072e-002  7.500000e-001  6.507757e-003
      vertex  3.106072e-002 -7.500000e-001  6.507757e-003
      vertex  3.166118e-002  7.500000e-001  4.111842e-004
    endloop
  endfacet
  facet normal  9.951848e-001  0.000000e+000  9.801698e-002
    outer loop
      vertex  3.166118e-002  7.500000e-001  4.111842e-004
      vertex  3.106072e-002 -7.500000e-001  6.507757e-003
      vertex  3.166118e-002 -7.500000e-001  4.111842e-004
    endloop
  endfacet
  facet normal -1.000000e+000  0.000000e+000  0.000000e+000
    outer loop
      vertex -3.083882e-002  7.500000e-001  3.166118e-002
      vertex -3.083882e-002  7.500000e-001 -3.083882e-002
      vertex -3.083882e-002 -7.500000e-001  3.166118e-002
    endloop
  endfacet
  facet normal -1.000000e+000  0.000000e+000  0.000000e+000
    outer loop
      vertex -3.083882e-002 -7.500000e-001  3.166118e-002
      vertex -3.083882e-002  7.500000e-001 -3.083882e-002
      vertex -3.083882e-002 -7.500000e-001 -3.083882e-002
    endloop
  endfacet
  facet normal  -0.000000e+000  0.000000e+000 -1.000000e+000
    outer loop
      vertex -3.083882e-002  7.500000e-001 -3.083882e-002
      vertex  3.166118e-002  7.500000e-001 -3.083882e-002
      vertex -3.083882e-002 -7.500000e-001 -3.083882e-002
    endloop
  endfacet
  facet normal  0.000000e+000  0.000000e+000 -1.000000e+000
    outer loop
      vertex -3.083882e-002 -7.500000e-001 -3.083882e-002
      vertex  3.166118e-002  7.500000e-001 -3.083882e-002
      vertex  3.166118e-002 -7.500000e-001 -3.083882e-002
    endloop
  endfacet
endsolid CATIA STL
