solid CATIA STL
  facet normal  0.000000e+000  0.000000e+000  1.000000e+000
    outer loop
      vertex -4.393956e-001 -4.393956e-001  5.937500e-001
      vertex -4.495569e-001 -4.241883e-001  5.937500e-001
      vertex -4.452251e-001 -4.322923e-001  5.937500e-001
    endloop
  endfacet
  facet normal  -0.000000e+000  0.000000e+000  1.000000e+000
    outer loop
      vertex  4.453125e-001  4.453125e-001  5.937500e-001
      vertex -4.531250e-001  4.453125e-001  5.937500e-001
      vertex -4.531250e-001 -4.062500e-001  5.937500e-001
    endloop
  endfacet
  facet normal  -0.000000e+000  0.000000e+000  1.000000e+000
    outer loop
      vertex  4.453125e-001  4.453125e-001  5.937500e-001
      vertex -4.531250e-001 -4.062500e-001  5.937500e-001
      vertex -4.522243e-001 -4.153949e-001  5.937500e-001
    endloop
  endfacet
  facet normal  -0.000000e+000  0.000000e+000  1.000000e+000
    outer loop
      vertex  4.453125e-001  4.453125e-001  5.937500e-001
      vertex -4.522243e-001 -4.153949e-001  5.937500e-001
      vertex  4.453125e-001 -4.531250e-001  5.937500e-001
    endloop
  endfacet
  facet normal  -0.000000e+000  -0.000000e+000  9.999999e-001
    outer loop
      vertex -4.522243e-001 -4.153949e-001  5.937500e-001
      vertex -4.495569e-001 -4.241883e-001  5.937500e-001
      vertex -4.393956e-001 -4.393956e-001  5.937500e-001
    endloop
  endfacet
  facet normal  -0.000000e+000  -0.000000e+000  1.000000e+000
    outer loop
      vertex -4.522243e-001 -4.153949e-001  5.937500e-001
      vertex -4.393956e-001 -4.393956e-001  5.937500e-001
      vertex -4.322923e-001 -4.452251e-001  5.937500e-001
    endloop
  endfacet
  facet normal  -0.000000e+000  -0.000000e+000  1.000000e+000
    outer loop
      vertex -4.522243e-001 -4.153949e-001  5.937500e-001
      vertex -4.322923e-001 -4.452251e-001  5.937500e-001
      vertex -4.241883e-001 -4.495569e-001  5.937500e-001
    endloop
  endfacet
  facet normal  -0.000000e+000  -0.000000e+000  1.000000e+000
    outer loop
      vertex -4.522243e-001 -4.153949e-001  5.937500e-001
      vertex -4.241883e-001 -4.495569e-001  5.937500e-001
      vertex -4.153949e-001 -4.522243e-001  5.937500e-001
    endloop
  endfacet
  facet normal  -0.000000e+000  -0.000000e+000  1.000000e+000
    outer loop
      vertex -4.522243e-001 -4.153949e-001  5.937500e-001
      vertex -4.153949e-001 -4.522243e-001  5.937500e-001
      vertex -4.062500e-001 -4.531250e-001  5.937500e-001
    endloop
  endfacet
  facet normal  0.000000e+000  -0.000000e+000  1.000000e+000
    outer loop
      vertex -4.522243e-001 -4.153949e-001  5.937500e-001
      vertex -4.062500e-001 -4.531250e-001  5.937500e-001
      vertex  4.453125e-001 -4.531250e-001  5.937500e-001
    endloop
  endfacet
  facet normal  0.000000e+000 -1.000000e+000  0.000000e+000
    outer loop
      vertex -4.062500e-001 -4.531250e-001  5.937500e-001
      vertex -4.062500e-001 -4.531250e-001  2.968750e-001
      vertex  4.453125e-001 -4.531250e-001  5.937500e-001
    endloop
  endfacet
  facet normal  0.000000e+000 -1.000000e+000  -0.000000e+000
    outer loop
      vertex  4.453125e-001 -4.531250e-001  5.937500e-001
      vertex -4.062500e-001 -4.531250e-001  2.968750e-001
      vertex  4.453125e-001 -4.531250e-001  2.968750e-001
    endloop
  endfacet
  facet normal -1.000000e+000  0.000000e+000  0.000000e+000
    outer loop
      vertex -4.531250e-001 -7.500000e-001  0.000000e+000
      vertex -4.531250e-001 -7.500000e-001  2.968750e-001
      vertex -4.531250e-001 -4.531250e-001  2.968750e-001
    endloop
  endfacet
  facet normal -9.994307e-001  2.385820e-002 -2.385820e-002
    outer loop
      vertex -4.531250e-001 -7.500000e-001  0.000000e+000
      vertex -4.531250e-001 -4.531250e-001  2.968750e-001
      vertex -4.522243e-001 -4.153949e-001  2.968750e-001
    endloop
  endfacet
  facet normal -9.888368e-001 -9.739132e-002  1.127689e-001
    outer loop
      vertex -4.531250e-001 -7.500000e-001  0.000000e+000
      vertex -4.522243e-001 -4.153949e-001  2.968750e-001
      vertex -4.531250e-001 -4.062500e-001  2.968750e-001
    endloop
  endfacet
  facet normal -1.000000e+000  0.000000e+000  -0.000000e+000
    outer loop
      vertex -4.531250e-001 -7.500000e-001  0.000000e+000
      vertex -4.531250e-001 -4.062500e-001  2.968750e-001
      vertex -4.531250e-001  4.453125e-001  2.968750e-001
    endloop
  endfacet
  facet normal -9.999999e-001  0.000000e+000  -0.000000e+000
    outer loop
      vertex -4.531250e-001 -7.500000e-001  0.000000e+000
      vertex -4.531250e-001  4.453125e-001  2.968750e-001
      vertex -4.531250e-001  7.500000e-001  2.968750e-001
    endloop
  endfacet
  facet normal -1.000000e+000  0.000000e+000  -0.000000e+000
    outer loop
      vertex -4.531250e-001 -7.500000e-001  0.000000e+000
      vertex -4.531250e-001  7.500000e-001  2.968750e-001
      vertex -4.531250e-001  7.500000e-001  0.000000e+000
    endloop
  endfacet
  facet normal -1.000000e+000  -0.000000e+000  0.000000e+000
    outer loop
      vertex -4.531250e-001 -4.062500e-001  5.937500e-001
      vertex -4.531250e-001  4.453125e-001  5.937500e-001
      vertex -4.531250e-001 -4.062500e-001  2.968750e-001
    endloop
  endfacet
  facet normal -1.000000e+000  0.000000e+000  0.000000e+000
    outer loop
      vertex -4.531250e-001 -4.062500e-001  2.968750e-001
      vertex -4.531250e-001  4.453125e-001  5.937500e-001
      vertex -4.531250e-001  4.453125e-001  2.968750e-001
    endloop
  endfacet
  facet normal  -0.000000e+000  0.000000e+000  1.000000e+000
    outer loop
      vertex  4.468750e-001  7.500000e-001  2.968750e-001
      vertex -4.531250e-001  7.500000e-001  2.968750e-001
      vertex -4.531250e-001  4.453125e-001  2.968750e-001
    endloop
  endfacet
  facet normal  0.000000e+000  0.000000e+000  1.000000e+000
    outer loop
      vertex  4.468750e-001  7.500000e-001  2.968750e-001
      vertex -4.531250e-001  4.453125e-001  2.968750e-001
      vertex  4.453125e-001  4.453125e-001  2.968750e-001
    endloop
  endfacet
  facet normal  -0.000000e+000  0.000000e+000  1.000000e+000
    outer loop
      vertex  4.468750e-001  7.500000e-001  2.968750e-001
      vertex  4.453125e-001  4.453125e-001  2.968750e-001
      vertex  4.453125e-001 -4.531250e-001  2.968750e-001
    endloop
  endfacet
  facet normal  -0.000000e+000  0.000000e+000  1.000000e+000
    outer loop
      vertex  4.468750e-001  7.500000e-001  2.968750e-001
      vertex  4.453125e-001 -4.531250e-001  2.968750e-001
      vertex  4.468750e-001 -7.500000e-001  2.968750e-001
    endloop
  endfacet
  facet normal  0.000000e+000  0.000000e+000  1.000000e+000
    outer loop
      vertex -4.531250e-001 -4.531250e-001  2.968750e-001
      vertex -4.531250e-001 -7.500000e-001  2.968750e-001
      vertex -4.153949e-001 -4.522243e-001  2.968750e-001
    endloop
  endfacet
  facet normal  0.000000e+000  0.000000e+000  1.000000e+000
    outer loop
      vertex -4.531250e-001 -4.531250e-001  2.968750e-001
      vertex -4.153949e-001 -4.522243e-001  2.968750e-001
      vertex -4.241883e-001 -4.495569e-001  2.968750e-001
    endloop
  endfacet
  facet normal  0.000000e+000  0.000000e+000  1.000000e+000
    outer loop
      vertex -4.531250e-001 -4.531250e-001  2.968750e-001
      vertex -4.241883e-001 -4.495569e-001  2.968750e-001
      vertex -4.322923e-001 -4.452251e-001  2.968750e-001
    endloop
  endfacet
  facet normal  0.000000e+000  0.000000e+000  1.000000e+000
    outer loop
      vertex -4.531250e-001 -4.531250e-001  2.968750e-001
      vertex -4.322923e-001 -4.452251e-001  2.968750e-001
      vertex -4.393956e-001 -4.393956e-001  2.968750e-001
    endloop
  endfacet
  facet normal  0.000000e+000  0.000000e+000  1.000000e+000
    outer loop
      vertex -4.531250e-001 -4.531250e-001  2.968750e-001
      vertex -4.393956e-001 -4.393956e-001  2.968750e-001
      vertex -4.452251e-001 -4.322923e-001  2.968750e-001
    endloop
  endfacet
  facet normal  0.000000e+000  0.000000e+000  1.000000e+000
    outer loop
      vertex -4.531250e-001 -4.531250e-001  2.968750e-001
      vertex -4.452251e-001 -4.322923e-001  2.968750e-001
      vertex -4.495569e-001 -4.241883e-001  2.968750e-001
    endloop
  endfacet
  facet normal  0.000000e+000  0.000000e+000  1.000000e+000
    outer loop
      vertex -4.531250e-001 -4.531250e-001  2.968750e-001
      vertex -4.495569e-001 -4.241883e-001  2.968750e-001
      vertex -4.522243e-001 -4.153949e-001  2.968750e-001
    endloop
  endfacet
  facet normal  0.000000e+000  0.000000e+000  1.000000e+000
    outer loop
      vertex  4.468750e-001 -7.500000e-001  2.968750e-001
      vertex  4.453125e-001 -4.531250e-001  2.968750e-001
      vertex -4.531250e-001 -7.500000e-001  2.968750e-001
    endloop
  endfacet
  facet normal  0.000000e+000  0.000000e+000  1.000000e+000
    outer loop
      vertex -4.531250e-001 -7.500000e-001  2.968750e-001
      vertex  4.453125e-001 -4.531250e-001  2.968750e-001
      vertex -4.062500e-001 -4.531250e-001  2.968750e-001
    endloop
  endfacet
  facet normal  0.000000e+000  0.000000e+000  1.000000e+000
    outer loop
      vertex -4.531250e-001 -7.500000e-001  2.968750e-001
      vertex -4.062500e-001 -4.531250e-001  2.968750e-001
      vertex -4.153949e-001 -4.522243e-001  2.968750e-001
    endloop
  endfacet
  facet normal  0.000000e+000  0.000000e+000 -1.000000e+000
    outer loop
      vertex -4.531250e-001 -7.500000e-001  0.000000e+000
      vertex -4.531250e-001  7.500000e-001  0.000000e+000
      vertex  4.468750e-001 -7.500000e-001  0.000000e+000
    endloop
  endfacet
  facet normal  0.000000e+000  0.000000e+000 -1.000000e+000
    outer loop
      vertex  4.468750e-001 -7.500000e-001  0.000000e+000
      vertex -4.531250e-001  7.500000e-001  0.000000e+000
      vertex  4.468750e-001  7.500000e-001  0.000000e+000
    endloop
  endfacet
  facet normal -9.801655e-002 -9.951848e-001  -0.000000e+000
    outer loop
      vertex -4.062500e-001 -4.531250e-001  2.968750e-001
      vertex -4.062500e-001 -4.531250e-001  5.937500e-001
      vertex -4.153949e-001 -4.522243e-001  2.968750e-001
    endloop
  endfacet
  facet normal -9.801655e-002 -9.951848e-001  0.000000e+000
    outer loop
      vertex -4.153949e-001 -4.522243e-001  2.968750e-001
      vertex -4.062500e-001 -4.531250e-001  5.937500e-001
      vertex -4.153949e-001 -4.522243e-001  5.937500e-001
    endloop
  endfacet
  facet normal -2.902851e-001 -9.569403e-001  -0.000000e+000
    outer loop
      vertex -4.153949e-001 -4.522243e-001  2.968750e-001
      vertex -4.153949e-001 -4.522243e-001  5.937500e-001
      vertex -4.241883e-001 -4.495569e-001  2.968750e-001
    endloop
  endfacet
  facet normal -2.902851e-001 -9.569403e-001  0.000000e+000
    outer loop
      vertex -4.241883e-001 -4.495569e-001  2.968750e-001
      vertex -4.153949e-001 -4.522243e-001  5.937500e-001
      vertex -4.241883e-001 -4.495569e-001  5.937500e-001
    endloop
  endfacet
  facet normal -4.713967e-001 -8.819213e-001  -0.000000e+000
    outer loop
      vertex -4.241883e-001 -4.495569e-001  2.968750e-001
      vertex -4.241883e-001 -4.495569e-001  5.937500e-001
      vertex -4.322923e-001 -4.452251e-001  2.968750e-001
    endloop
  endfacet
  facet normal -4.713967e-001 -8.819213e-001  0.000000e+000
    outer loop
      vertex -4.322923e-001 -4.452251e-001  2.968750e-001
      vertex -4.241883e-001 -4.495569e-001  5.937500e-001
      vertex -4.322923e-001 -4.452251e-001  5.937500e-001
    endloop
  endfacet
  facet normal -6.343927e-001 -7.730110e-001  -0.000000e+000
    outer loop
      vertex -4.322923e-001 -4.452251e-001  2.968750e-001
      vertex -4.322923e-001 -4.452251e-001  5.937500e-001
      vertex -4.393956e-001 -4.393956e-001  2.968750e-001
    endloop
  endfacet
  facet normal -6.343927e-001 -7.730110e-001  0.000000e+000
    outer loop
      vertex -4.393956e-001 -4.393956e-001  2.968750e-001
      vertex -4.322923e-001 -4.452251e-001  5.937500e-001
      vertex -4.393956e-001 -4.393956e-001  5.937500e-001
    endloop
  endfacet
  facet normal -7.730110e-001 -6.343927e-001  -0.000000e+000
    outer loop
      vertex -4.393956e-001 -4.393956e-001  2.968750e-001
      vertex -4.393956e-001 -4.393956e-001  5.937500e-001
      vertex -4.452251e-001 -4.322923e-001  2.968750e-001
    endloop
  endfacet
  facet normal -7.730110e-001 -6.343927e-001  0.000000e+000
    outer loop
      vertex -4.452251e-001 -4.322923e-001  2.968750e-001
      vertex -4.393956e-001 -4.393956e-001  5.937500e-001
      vertex -4.452251e-001 -4.322923e-001  5.937500e-001
    endloop
  endfacet
  facet normal -8.819213e-001 -4.713967e-001  -0.000000e+000
    outer loop
      vertex -4.452251e-001 -4.322923e-001  2.968750e-001
      vertex -4.452251e-001 -4.322923e-001  5.937500e-001
      vertex -4.495569e-001 -4.241883e-001  2.968750e-001
    endloop
  endfacet
  facet normal -8.819213e-001 -4.713967e-001  0.000000e+000
    outer loop
      vertex -4.495569e-001 -4.241883e-001  2.968750e-001
      vertex -4.452251e-001 -4.322923e-001  5.937500e-001
      vertex -4.495569e-001 -4.241883e-001  5.937500e-001
    endloop
  endfacet
  facet normal -9.569403e-001 -2.902851e-001  -0.000000e+000
    outer loop
      vertex -4.495569e-001 -4.241883e-001  2.968750e-001
      vertex -4.495569e-001 -4.241883e-001  5.937500e-001
      vertex -4.522243e-001 -4.153949e-001  2.968750e-001
    endloop
  endfacet
  facet normal -9.569403e-001 -2.902851e-001  0.000000e+000
    outer loop
      vertex -4.522243e-001 -4.153949e-001  2.968750e-001
      vertex -4.495569e-001 -4.241883e-001  5.937500e-001
      vertex -4.522243e-001 -4.153949e-001  5.937500e-001
    endloop
  endfacet
  facet normal -9.951848e-001 -9.801655e-002  -0.000000e+000
    outer loop
      vertex -4.522243e-001 -4.153949e-001  2.968750e-001
      vertex -4.522243e-001 -4.153949e-001  5.937500e-001
      vertex -4.531250e-001 -4.062500e-001  2.968750e-001
    endloop
  endfacet
  facet normal -9.951848e-001 -9.801655e-002  0.000000e+000
    outer loop
      vertex -4.531250e-001 -4.062500e-001  2.968750e-001
      vertex -4.522243e-001 -4.153949e-001  5.937500e-001
      vertex -4.531250e-001 -4.062500e-001  5.937500e-001
    endloop
  endfacet
  facet normal  0.000000e+000  1.000000e+000  -0.000000e+000
    outer loop
      vertex  4.453125e-001  4.453125e-001  5.937500e-001
      vertex  4.453125e-001  4.453125e-001  2.968750e-001
      vertex -4.531250e-001  4.453125e-001  5.937500e-001
    endloop
  endfacet
  facet normal  0.000000e+000  1.000000e+000  0.000000e+000
    outer loop
      vertex -4.531250e-001  4.453125e-001  5.937500e-001
      vertex  4.453125e-001  4.453125e-001  2.968750e-001
      vertex -4.531250e-001  4.453125e-001  2.968750e-001
    endloop
  endfacet
  facet normal  1.000000e+000  0.000000e+000  0.000000e+000
    outer loop
      vertex  4.453125e-001 -4.531250e-001  5.937500e-001
      vertex  4.453125e-001 -4.531250e-001  2.968750e-001
      vertex  4.453125e-001  4.453125e-001  5.937500e-001
    endloop
  endfacet
  facet normal  1.000000e+000  0.000000e+000  0.000000e+000
    outer loop
      vertex  4.453125e-001  4.453125e-001  5.937500e-001
      vertex  4.453125e-001 -4.531250e-001  2.968750e-001
      vertex  4.453125e-001  4.453125e-001  2.968750e-001
    endloop
  endfacet
  facet normal  0.000000e+000  1.000000e+000  0.000000e+000
    outer loop
      vertex -4.531250e-001  7.500000e-001  2.968750e-001
      vertex -4.218750e-001  7.500000e-001  2.656250e-001
      vertex -4.531250e-001  7.500000e-001  0.000000e+000
    endloop
  endfacet
  facet normal  0.000000e+000  1.000000e+000  0.000000e+000
    outer loop
      vertex -4.531250e-001  7.500000e-001  0.000000e+000
      vertex -4.218750e-001  7.500000e-001  2.656250e-001
      vertex -4.218750e-001  7.500000e-001  3.125000e-002
    endloop
  endfacet
  facet normal  0.000000e+000  1.000000e+000  0.000000e+000
    outer loop
      vertex -4.531250e-001  7.500000e-001  0.000000e+000
      vertex -4.218750e-001  7.500000e-001  3.125000e-002
      vertex  4.468750e-001  7.500000e-001  0.000000e+000
    endloop
  endfacet
  facet normal  0.000000e+000  1.000000e+000  0.000000e+000
    outer loop
      vertex  4.468750e-001  7.500000e-001  0.000000e+000
      vertex -4.218750e-001  7.500000e-001  3.125000e-002
      vertex  4.156250e-001  7.500000e-001  3.125000e-002
    endloop
  endfacet
  facet normal  -0.000000e+000  1.000000e+000  0.000000e+000
    outer loop
      vertex  4.468750e-001  7.500000e-001  0.000000e+000
      vertex  4.156250e-001  7.500000e-001  3.125000e-002
      vertex  4.468750e-001  7.500000e-001  2.968750e-001
    endloop
  endfacet
  facet normal  0.000000e+000  1.000000e+000  0.000000e+000
    outer loop
      vertex  4.468750e-001  7.500000e-001  2.968750e-001
      vertex  4.156250e-001  7.500000e-001  3.125000e-002
      vertex  4.156250e-001  7.500000e-001  2.656250e-001
    endloop
  endfacet
  facet normal  0.000000e+000  1.000000e+000  -0.000000e+000
    outer loop
      vertex  4.468750e-001  7.500000e-001  2.968750e-001
      vertex  4.156250e-001  7.500000e-001  2.656250e-001
      vertex -4.531250e-001  7.500000e-001  2.968750e-001
    endloop
  endfacet
  facet normal  0.000000e+000  1.000000e+000  0.000000e+000
    outer loop
      vertex -4.531250e-001  7.500000e-001  2.968750e-001
      vertex  4.156250e-001  7.500000e-001  2.656250e-001
      vertex -4.218750e-001  7.500000e-001  2.656250e-001
    endloop
  endfacet
  facet normal -9.999999e-001  -0.000000e+000  0.000000e+000
    outer loop
      vertex  4.156250e-001 -7.187500e-001  2.656250e-001
      vertex  4.156250e-001  7.500000e-001  2.656250e-001
      vertex  4.156250e-001 -7.187500e-001  3.125000e-002
    endloop
  endfacet
  facet normal -9.999999e-001  0.000000e+000  0.000000e+000
    outer loop
      vertex  4.156250e-001 -7.187500e-001  3.125000e-002
      vertex  4.156250e-001  7.500000e-001  2.656250e-001
      vertex  4.156250e-001  7.500000e-001  3.125000e-002
    endloop
  endfacet
  facet normal  9.999999e-001  -0.000000e+000  0.000000e+000
    outer loop
      vertex -4.218750e-001  7.500000e-001  2.656250e-001
      vertex -4.218750e-001 -7.187500e-001  2.656250e-001
      vertex -4.218750e-001  7.500000e-001  3.125000e-002
    endloop
  endfacet
  facet normal  9.999999e-001  0.000000e+000  0.000000e+000
    outer loop
      vertex -4.218750e-001  7.500000e-001  3.125000e-002
      vertex -4.218750e-001 -7.187500e-001  2.656250e-001
      vertex -4.218750e-001 -7.187500e-001  3.125000e-002
    endloop
  endfacet
  facet normal  0.000000e+000  0.000000e+000  1.000000e+000
    outer loop
      vertex -4.218750e-001 -7.187500e-001  3.125000e-002
      vertex  4.156250e-001 -7.187500e-001  3.125000e-002
      vertex -4.218750e-001  7.500000e-001  3.125000e-002
    endloop
  endfacet
  facet normal  -0.000000e+000  0.000000e+000  1.000000e+000
    outer loop
      vertex -4.218750e-001  7.500000e-001  3.125000e-002
      vertex  4.156250e-001 -7.187500e-001  3.125000e-002
      vertex  4.156250e-001  7.500000e-001  3.125000e-002
    endloop
  endfacet
  facet normal  0.000000e+000  0.000000e+000 -1.000000e+000
    outer loop
      vertex -4.218750e-001 -7.187500e-001  2.656250e-001
      vertex -4.218750e-001  7.500000e-001  2.656250e-001
      vertex  4.156250e-001 -7.187500e-001  2.656250e-001
    endloop
  endfacet
  facet normal  0.000000e+000  0.000000e+000 -1.000000e+000
    outer loop
      vertex  4.156250e-001 -7.187500e-001  2.656250e-001
      vertex -4.218750e-001  7.500000e-001  2.656250e-001
      vertex  4.156250e-001  7.500000e-001  2.656250e-001
    endloop
  endfacet
  facet normal  0.000000e+000  1.000000e+000  0.000000e+000
    outer loop
      vertex -4.218750e-001 -7.187500e-001  2.656250e-001
      vertex  4.156250e-001 -7.187500e-001  2.656250e-001
      vertex -4.218750e-001 -7.187500e-001  3.125000e-002
    endloop
  endfacet
  facet normal  0.000000e+000  1.000000e+000  0.000000e+000
    outer loop
      vertex -4.218750e-001 -7.187500e-001  3.125000e-002
      vertex  4.156250e-001 -7.187500e-001  2.656250e-001
      vertex  4.156250e-001 -7.187500e-001  3.125000e-002
    endloop
  endfacet
  facet normal  1.000000e+000  0.000000e+000  0.000000e+000
    outer loop
      vertex  4.468750e-001 -7.500000e-001  2.968750e-001
      vertex  4.468750e-001 -7.500000e-001  0.000000e+000
      vertex  4.468750e-001  7.500000e-001  2.968750e-001
    endloop
  endfacet
  facet normal  1.000000e+000  0.000000e+000  0.000000e+000
    outer loop
      vertex  4.468750e-001  7.500000e-001  2.968750e-001
      vertex  4.468750e-001 -7.500000e-001  0.000000e+000
      vertex  4.468750e-001  7.500000e-001  0.000000e+000
    endloop
  endfacet
  facet normal  0.000000e+000 -1.000000e+000  0.000000e+000
    outer loop
      vertex -4.531250e-001 -7.500000e-001  2.968750e-001
      vertex -4.531250e-001 -7.500000e-001  0.000000e+000
      vertex  4.468750e-001 -7.500000e-001  2.968750e-001
    endloop
  endfacet
  facet normal  0.000000e+000 -1.000000e+000  -0.000000e+000
    outer loop
      vertex  4.468750e-001 -7.500000e-001  2.968750e-001
      vertex -4.531250e-001 -7.500000e-001  0.000000e+000
      vertex  4.468750e-001 -7.500000e-001  0.000000e+000
    endloop
  endfacet
endsolid CATIA STL
