solid CATIA STL
  facet normal  9.971641e-001  7.525766e-002  0.000000e+000
    outer loop
      vertex  1.171875e-001  4.921875e-001  0.000000e+000
      vertex  1.171875e-001  4.921875e-001  2.187500e-001
      vertex  1.369243e-001  2.306743e-001  0.000000e+000
    endloop
  endfacet
  facet normal  9.971641e-001  7.525766e-002  -0.000000e+000
    outer loop
      vertex  1.369243e-001  2.306743e-001  0.000000e+000
      vertex  1.171875e-001  4.921875e-001  2.187500e-001
      vertex  1.369243e-001  2.306743e-001  2.187500e-001
    endloop
  endfacet
  facet normal  4.395529e-001  8.982167e-001  0.000000e+000
    outer loop
      vertex  1.369243e-001  2.306743e-001  0.000000e+000
      vertex  1.369243e-001  2.306743e-001  2.187500e-001
      vertex  3.688322e-001  1.171875e-001  0.000000e+000
    endloop
  endfacet
  facet normal  4.395529e-001  8.982167e-001  -0.000000e+000
    outer loop
      vertex  3.688322e-001  1.171875e-001  0.000000e+000
      vertex  1.369243e-001  2.306743e-001  2.187500e-001
      vertex  3.688322e-001  1.171875e-001  2.187500e-001
    endloop
  endfacet
  facet normal -5.503133e-001  8.349583e-001  0.000000e+000
    outer loop
      vertex  3.688322e-001  1.171875e-001  0.000000e+000
      vertex  3.688322e-001  1.171875e-001  2.187500e-001
      vertex  5.859375e-001  2.602796e-001  0.000000e+000
    endloop
  endfacet
  facet normal -5.503133e-001  8.349583e-001  0.000000e+000
    outer loop
      vertex  5.859375e-001  2.602796e-001  0.000000e+000
      vertex  3.688322e-001  1.171875e-001  2.187500e-001
      vertex  5.859375e-001  2.602796e-001  2.187500e-001
    endloop
  endfacet
  facet normal -9.971641e-001 -7.525761e-002  -0.000000e+000
    outer loop
      vertex  5.859375e-001  2.602796e-001  0.000000e+000
      vertex  5.859375e-001  2.602796e-001  2.187500e-001
      vertex  5.662007e-001  5.217928e-001  0.000000e+000
    endloop
  endfacet
  facet normal -9.971641e-001 -7.525761e-002  0.000000e+000
    outer loop
      vertex  5.662007e-001  5.217928e-001  0.000000e+000
      vertex  5.859375e-001  2.602796e-001  2.187500e-001
      vertex  5.662007e-001  5.217928e-001  2.187500e-001
    endloop
  endfacet
  facet normal -4.547770e-001 -8.906053e-001  -0.000000e+000
    outer loop
      vertex  5.662007e-001  5.217928e-001  0.000000e+000
      vertex  5.662007e-001  5.217928e-001  2.187500e-001
      vertex  3.342928e-001  6.402138e-001  0.000000e+000
    endloop
  endfacet
  facet normal -4.547770e-001 -8.906053e-001  0.000000e+000
    outer loop
      vertex  3.342928e-001  6.402138e-001  0.000000e+000
      vertex  5.662007e-001  5.217928e-001  2.187500e-001
      vertex  3.342928e-001  6.402138e-001  2.187500e-001
    endloop
  endfacet
  facet normal  5.633367e-001 -8.262274e-001  0.000000e+000
    outer loop
      vertex  3.342928e-001  6.402138e-001  0.000000e+000
      vertex  3.342928e-001  6.402138e-001  2.187500e-001
      vertex  1.171875e-001  4.921875e-001  0.000000e+000
    endloop
  endfacet
  facet normal  5.633367e-001 -8.262274e-001  0.000000e+000
    outer loop
      vertex  1.171875e-001  4.921875e-001  0.000000e+000
      vertex  3.342928e-001  6.402138e-001  2.187500e-001
      vertex  1.171875e-001  4.921875e-001  2.187500e-001
    endloop
  endfacet
  facet normal  0.000000e+000  -0.000000e+000 -1.000000e+000
    outer loop
      vertex  1.015625e-001  0.000000e+000  0.000000e+000
      vertex  3.688322e-001  1.171875e-001  0.000000e+000
      vertex  7.342106e-001  0.000000e+000  0.000000e+000
    endloop
  endfacet
  facet normal  0.000000e+000  -0.000000e+000 -1.000000e+000
    outer loop
      vertex  3.688322e-001  1.171875e-001  0.000000e+000
      vertex  5.859375e-001  2.602796e-001  0.000000e+000
      vertex  7.342106e-001  0.000000e+000  0.000000e+000
    endloop
  endfacet
  facet normal  0.000000e+000  0.000000e+000 -1.000000e+000
    outer loop
      vertex  3.342928e-001  6.402138e-001  0.000000e+000
      vertex  1.171875e-001  4.921875e-001  0.000000e+000
      vertex  0.000000e+000  7.500000e-001  0.000000e+000
    endloop
  endfacet
  facet normal  0.000000e+000  0.000000e+000 -1.000000e+000
    outer loop
      vertex  1.171875e-001  4.921875e-001  0.000000e+000
      vertex  0.000000e+000  1.015625e-001  0.000000e+000
      vertex  0.000000e+000  7.500000e-001  0.000000e+000
    endloop
  endfacet
  facet normal  0.000000e+000  0.000000e+000 -1.000000e+000
    outer loop
      vertex  7.342106e-001  7.500000e-001  0.000000e+000
      vertex  7.342106e-001  0.000000e+000  0.000000e+000
      vertex  5.859375e-001  2.602796e-001  0.000000e+000
    endloop
  endfacet
  facet normal  0.000000e+000  0.000000e+000 -1.000000e+000
    outer loop
      vertex  7.342106e-001  7.500000e-001  0.000000e+000
      vertex  5.859375e-001  2.602796e-001  0.000000e+000
      vertex  5.662007e-001  5.217928e-001  0.000000e+000
    endloop
  endfacet
  facet normal  0.000000e+000  0.000000e+000 -1.000000e+000
    outer loop
      vertex  7.342106e-001  7.500000e-001  0.000000e+000
      vertex  5.662007e-001  5.217928e-001  0.000000e+000
      vertex  3.342928e-001  6.402138e-001  0.000000e+000
    endloop
  endfacet
  facet normal  0.000000e+000  0.000000e+000 -1.000000e+000
    outer loop
      vertex  7.342106e-001  7.500000e-001  0.000000e+000
      vertex  3.342928e-001  6.402138e-001  0.000000e+000
      vertex  0.000000e+000  7.500000e-001  0.000000e+000
    endloop
  endfacet
  facet normal  -0.000000e+000  0.000000e+000 -9.999999e-001
    outer loop
      vertex  1.369243e-001  2.306743e-001  0.000000e+000
      vertex  3.688322e-001  1.171875e-001  0.000000e+000
      vertex  1.015625e-001  0.000000e+000  0.000000e+000
    endloop
  endfacet
  facet normal  0.000000e+000  0.000000e+000 -1.000000e+000
    outer loop
      vertex  1.369243e-001  2.306743e-001  0.000000e+000
      vertex  1.015625e-001  0.000000e+000  0.000000e+000
      vertex  8.174864e-002  1.951495e-003  0.000000e+000
    endloop
  endfacet
  facet normal  0.000000e+000  0.000000e+000 -1.000000e+000
    outer loop
      vertex  1.369243e-001  2.306743e-001  0.000000e+000
      vertex  8.174864e-002  1.951495e-003  0.000000e+000
      vertex  6.269621e-002  7.730985e-003  0.000000e+000
    endloop
  endfacet
  facet normal  0.000000e+000  0.000000e+000 -1.000000e+000
    outer loop
      vertex  1.369243e-001  2.306743e-001  0.000000e+000
      vertex  6.269621e-002  7.730985e-003  0.000000e+000
      vertex  4.513740e-002  1.711637e-002  0.000000e+000
    endloop
  endfacet
  facet normal  0.000000e+000  0.000000e+000 -1.000000e+000
    outer loop
      vertex  1.369243e-001  2.306743e-001  0.000000e+000
      vertex  4.513740e-002  1.711637e-002  0.000000e+000
      vertex  2.974697e-002  2.974697e-002  0.000000e+000
    endloop
  endfacet
  facet normal  0.000000e+000  0.000000e+000 -1.000000e+000
    outer loop
      vertex  1.369243e-001  2.306743e-001  0.000000e+000
      vertex  2.974697e-002  2.974697e-002  0.000000e+000
      vertex  1.711637e-002  4.513740e-002  0.000000e+000
    endloop
  endfacet
  facet normal  0.000000e+000  0.000000e+000 -1.000000e+000
    outer loop
      vertex  1.369243e-001  2.306743e-001  0.000000e+000
      vertex  1.711637e-002  4.513740e-002  0.000000e+000
      vertex  7.730985e-003  6.269621e-002  0.000000e+000
    endloop
  endfacet
  facet normal  0.000000e+000  0.000000e+000 -1.000000e+000
    outer loop
      vertex  1.369243e-001  2.306743e-001  0.000000e+000
      vertex  7.730985e-003  6.269621e-002  0.000000e+000
      vertex  1.951495e-003  8.174864e-002  0.000000e+000
    endloop
  endfacet
  facet normal  0.000000e+000  0.000000e+000 -1.000000e+000
    outer loop
      vertex  1.369243e-001  2.306743e-001  0.000000e+000
      vertex  1.951495e-003  8.174864e-002  0.000000e+000
      vertex  0.000000e+000  1.015625e-001  0.000000e+000
    endloop
  endfacet
  facet normal  0.000000e+000  0.000000e+000 -1.000000e+000
    outer loop
      vertex  1.369243e-001  2.306743e-001  0.000000e+000
      vertex  0.000000e+000  1.015625e-001  0.000000e+000
      vertex  1.171875e-001  4.921875e-001  0.000000e+000
    endloop
  endfacet
  facet normal  0.000000e+000  0.000000e+000  1.000000e+000
    outer loop
      vertex  7.342106e-001  0.000000e+000  2.187500e-001
      vertex  3.688322e-001  1.171875e-001  2.187500e-001
      vertex  1.015625e-001  0.000000e+000  2.187500e-001
    endloop
  endfacet
  facet normal  0.000000e+000  0.000000e+000  1.000000e+000
    outer loop
      vertex  7.342106e-001  0.000000e+000  2.187500e-001
      vertex  5.859375e-001  2.602796e-001  2.187500e-001
      vertex  3.688322e-001  1.171875e-001  2.187500e-001
    endloop
  endfacet
  facet normal  0.000000e+000  -0.000000e+000  1.000000e+000
    outer loop
      vertex  0.000000e+000  7.500000e-001  2.187500e-001
      vertex  1.171875e-001  4.921875e-001  2.187500e-001
      vertex  3.342928e-001  6.402138e-001  2.187500e-001
    endloop
  endfacet
  facet normal  0.000000e+000  0.000000e+000  1.000000e+000
    outer loop
      vertex  0.000000e+000  7.500000e-001  2.187500e-001
      vertex  0.000000e+000  1.015625e-001  2.187500e-001
      vertex  1.171875e-001  4.921875e-001  2.187500e-001
    endloop
  endfacet
  facet normal  -0.000000e+000  0.000000e+000  1.000000e+000
    outer loop
      vertex  7.342106e-001  7.500000e-001  2.187500e-001
      vertex  0.000000e+000  7.500000e-001  2.187500e-001
      vertex  3.342928e-001  6.402138e-001  2.187500e-001
    endloop
  endfacet
  facet normal  -0.000000e+000  0.000000e+000  1.000000e+000
    outer loop
      vertex  7.342106e-001  7.500000e-001  2.187500e-001
      vertex  3.342928e-001  6.402138e-001  2.187500e-001
      vertex  5.662007e-001  5.217928e-001  2.187500e-001
    endloop
  endfacet
  facet normal  -0.000000e+000  0.000000e+000  1.000000e+000
    outer loop
      vertex  7.342106e-001  7.500000e-001  2.187500e-001
      vertex  5.662007e-001  5.217928e-001  2.187500e-001
      vertex  5.859375e-001  2.602796e-001  2.187500e-001
    endloop
  endfacet
  facet normal  -0.000000e+000  0.000000e+000  1.000000e+000
    outer loop
      vertex  7.342106e-001  7.500000e-001  2.187500e-001
      vertex  5.859375e-001  2.602796e-001  2.187500e-001
      vertex  7.342106e-001  0.000000e+000  2.187500e-001
    endloop
  endfacet
  facet normal  0.000000e+000  0.000000e+000  1.000000e+000
    outer loop
      vertex  1.369243e-001  2.306743e-001  2.187500e-001
      vertex  1.171875e-001  4.921875e-001  2.187500e-001
      vertex  0.000000e+000  1.015625e-001  2.187500e-001
    endloop
  endfacet
  facet normal  -0.000000e+000  0.000000e+000  1.000000e+000
    outer loop
      vertex  1.369243e-001  2.306743e-001  2.187500e-001
      vertex  0.000000e+000  1.015625e-001  2.187500e-001
      vertex  1.951495e-003  8.174864e-002  2.187500e-001
    endloop
  endfacet
  facet normal  -0.000000e+000  0.000000e+000  1.000000e+000
    outer loop
      vertex  1.369243e-001  2.306743e-001  2.187500e-001
      vertex  1.951495e-003  8.174864e-002  2.187500e-001
      vertex  7.730985e-003  6.269621e-002  2.187500e-001
    endloop
  endfacet
  facet normal  -0.000000e+000  0.000000e+000  1.000000e+000
    outer loop
      vertex  1.369243e-001  2.306743e-001  2.187500e-001
      vertex  7.730985e-003  6.269621e-002  2.187500e-001
      vertex  1.711637e-002  4.513740e-002  2.187500e-001
    endloop
  endfacet
  facet normal  -0.000000e+000  0.000000e+000  1.000000e+000
    outer loop
      vertex  1.369243e-001  2.306743e-001  2.187500e-001
      vertex  1.711637e-002  4.513740e-002  2.187500e-001
      vertex  2.974697e-002  2.974697e-002  2.187500e-001
    endloop
  endfacet
  facet normal  -0.000000e+000  0.000000e+000  1.000000e+000
    outer loop
      vertex  1.369243e-001  2.306743e-001  2.187500e-001
      vertex  2.974697e-002  2.974697e-002  2.187500e-001
      vertex  4.513740e-002  1.711637e-002  2.187500e-001
    endloop
  endfacet
  facet normal  -0.000000e+000  0.000000e+000  1.000000e+000
    outer loop
      vertex  1.369243e-001  2.306743e-001  2.187500e-001
      vertex  4.513740e-002  1.711637e-002  2.187500e-001
      vertex  6.269621e-002  7.730985e-003  2.187500e-001
    endloop
  endfacet
  facet normal  -0.000000e+000  0.000000e+000  1.000000e+000
    outer loop
      vertex  1.369243e-001  2.306743e-001  2.187500e-001
      vertex  6.269621e-002  7.730985e-003  2.187500e-001
      vertex  8.174864e-002  1.951495e-003  2.187500e-001
    endloop
  endfacet
  facet normal  -0.000000e+000  0.000000e+000  1.000000e+000
    outer loop
      vertex  1.369243e-001  2.306743e-001  2.187500e-001
      vertex  8.174864e-002  1.951495e-003  2.187500e-001
      vertex  1.015625e-001  0.000000e+000  2.187500e-001
    endloop
  endfacet
  facet normal  0.000000e+000  0.000000e+000  9.999999e-001
    outer loop
      vertex  1.369243e-001  2.306743e-001  2.187500e-001
      vertex  1.015625e-001  0.000000e+000  2.187500e-001
      vertex  3.688322e-001  1.171875e-001  2.187500e-001
    endloop
  endfacet
  facet normal -1.000000e+000  0.000000e+000  0.000000e+000
    outer loop
      vertex  0.000000e+000  7.500000e-001  2.187500e-001
      vertex  0.000000e+000  7.500000e-001  0.000000e+000
      vertex  0.000000e+000  1.015625e-001  2.187500e-001
    endloop
  endfacet
  facet normal -1.000000e+000  0.000000e+000  0.000000e+000
    outer loop
      vertex  0.000000e+000  1.015625e-001  2.187500e-001
      vertex  0.000000e+000  7.500000e-001  0.000000e+000
      vertex  0.000000e+000  1.015625e-001  0.000000e+000
    endloop
  endfacet
  facet normal  0.000000e+000 -1.000000e+000  0.000000e+000
    outer loop
      vertex  1.015625e-001  0.000000e+000  2.187500e-001
      vertex  1.015625e-001  0.000000e+000  0.000000e+000
      vertex  7.342106e-001  0.000000e+000  2.187500e-001
    endloop
  endfacet
  facet normal  0.000000e+000 -1.000000e+000  -0.000000e+000
    outer loop
      vertex  7.342106e-001  0.000000e+000  2.187500e-001
      vertex  1.015625e-001  0.000000e+000  0.000000e+000
      vertex  7.342106e-001  0.000000e+000  0.000000e+000
    endloop
  endfacet
  facet normal -9.801715e-002 -9.951847e-001  -0.000000e+000
    outer loop
      vertex  1.015625e-001  0.000000e+000  0.000000e+000
      vertex  1.015625e-001  0.000000e+000  2.187500e-001
      vertex  8.174864e-002  1.951495e-003  0.000000e+000
    endloop
  endfacet
  facet normal -9.801715e-002 -9.951847e-001  0.000000e+000
    outer loop
      vertex  8.174864e-002  1.951495e-003  0.000000e+000
      vertex  1.015625e-001  0.000000e+000  2.187500e-001
      vertex  8.174864e-002  1.951495e-003  2.187500e-001
    endloop
  endfacet
  facet normal -2.902846e-001 -9.569404e-001  -0.000000e+000
    outer loop
      vertex  8.174864e-002  1.951495e-003  0.000000e+000
      vertex  8.174864e-002  1.951495e-003  2.187500e-001
      vertex  6.269621e-002  7.730985e-003  0.000000e+000
    endloop
  endfacet
  facet normal -2.902846e-001 -9.569404e-001  0.000000e+000
    outer loop
      vertex  6.269621e-002  7.730985e-003  0.000000e+000
      vertex  8.174864e-002  1.951495e-003  2.187500e-001
      vertex  6.269621e-002  7.730985e-003  2.187500e-001
    endloop
  endfacet
  facet normal -4.713968e-001 -8.819212e-001  -0.000000e+000
    outer loop
      vertex  6.269621e-002  7.730985e-003  0.000000e+000
      vertex  6.269621e-002  7.730985e-003  2.187500e-001
      vertex  4.513740e-002  1.711637e-002  0.000000e+000
    endloop
  endfacet
  facet normal -4.713968e-001 -8.819212e-001  0.000000e+000
    outer loop
      vertex  4.513740e-002  1.711637e-002  0.000000e+000
      vertex  6.269621e-002  7.730985e-003  2.187500e-001
      vertex  4.513740e-002  1.711637e-002  2.187500e-001
    endloop
  endfacet
  facet normal -6.343934e-001 -7.730105e-001  -0.000000e+000
    outer loop
      vertex  4.513740e-002  1.711637e-002  0.000000e+000
      vertex  4.513740e-002  1.711637e-002  2.187500e-001
      vertex  2.974697e-002  2.974697e-002  0.000000e+000
    endloop
  endfacet
  facet normal -6.343934e-001 -7.730105e-001  0.000000e+000
    outer loop
      vertex  2.974697e-002  2.974697e-002  0.000000e+000
      vertex  4.513740e-002  1.711637e-002  2.187500e-001
      vertex  2.974697e-002  2.974697e-002  2.187500e-001
    endloop
  endfacet
  facet normal -7.730105e-001 -6.343934e-001  -0.000000e+000
    outer loop
      vertex  2.974697e-002  2.974697e-002  0.000000e+000
      vertex  2.974697e-002  2.974697e-002  2.187500e-001
      vertex  1.711637e-002  4.513740e-002  0.000000e+000
    endloop
  endfacet
  facet normal -7.730105e-001 -6.343934e-001  0.000000e+000
    outer loop
      vertex  1.711637e-002  4.513740e-002  0.000000e+000
      vertex  2.974697e-002  2.974697e-002  2.187500e-001
      vertex  1.711637e-002  4.513740e-002  2.187500e-001
    endloop
  endfacet
  facet normal -8.819212e-001 -4.713968e-001  -0.000000e+000
    outer loop
      vertex  1.711637e-002  4.513740e-002  0.000000e+000
      vertex  1.711637e-002  4.513740e-002  2.187500e-001
      vertex  7.730985e-003  6.269621e-002  0.000000e+000
    endloop
  endfacet
  facet normal -8.819212e-001 -4.713968e-001  0.000000e+000
    outer loop
      vertex  7.730985e-003  6.269621e-002  0.000000e+000
      vertex  1.711637e-002  4.513740e-002  2.187500e-001
      vertex  7.730985e-003  6.269621e-002  2.187500e-001
    endloop
  endfacet
  facet normal -9.569404e-001 -2.902846e-001  -0.000000e+000
    outer loop
      vertex  7.730985e-003  6.269621e-002  0.000000e+000
      vertex  7.730985e-003  6.269621e-002  2.187500e-001
      vertex  1.951495e-003  8.174864e-002  0.000000e+000
    endloop
  endfacet
  facet normal -9.569404e-001 -2.902846e-001  0.000000e+000
    outer loop
      vertex  1.951495e-003  8.174864e-002  0.000000e+000
      vertex  7.730985e-003  6.269621e-002  2.187500e-001
      vertex  1.951495e-003  8.174864e-002  2.187500e-001
    endloop
  endfacet
  facet normal -9.951847e-001 -9.801715e-002  -0.000000e+000
    outer loop
      vertex  1.951495e-003  8.174864e-002  0.000000e+000
      vertex  1.951495e-003  8.174864e-002  2.187500e-001
      vertex  0.000000e+000  1.015625e-001  0.000000e+000
    endloop
  endfacet
  facet normal -9.951847e-001 -9.801715e-002  0.000000e+000
    outer loop
      vertex  0.000000e+000  1.015625e-001  0.000000e+000
      vertex  1.951495e-003  8.174864e-002  2.187500e-001
      vertex  0.000000e+000  1.015625e-001  2.187500e-001
    endloop
  endfacet
  facet normal  0.000000e+000  1.000000e+000  -0.000000e+000
    outer loop
      vertex  7.342106e-001  7.500000e-001  2.187500e-001
      vertex  7.342106e-001  7.500000e-001  0.000000e+000
      vertex  0.000000e+000  7.500000e-001  2.187500e-001
    endloop
  endfacet
  facet normal  0.000000e+000  1.000000e+000  0.000000e+000
    outer loop
      vertex  0.000000e+000  7.500000e-001  2.187500e-001
      vertex  7.342106e-001  7.500000e-001  0.000000e+000
      vertex  0.000000e+000  7.500000e-001  0.000000e+000
    endloop
  endfacet
  facet normal  1.000000e+000  0.000000e+000  0.000000e+000
    outer loop
      vertex  7.342106e-001  0.000000e+000  2.187500e-001
      vertex  7.342106e-001  0.000000e+000  0.000000e+000
      vertex  7.342106e-001  7.500000e-001  2.187500e-001
    endloop
  endfacet
  facet normal  1.000000e+000  0.000000e+000  0.000000e+000
    outer loop
      vertex  7.342106e-001  7.500000e-001  2.187500e-001
      vertex  7.342106e-001  0.000000e+000  0.000000e+000
      vertex  7.342106e-001  7.500000e-001  0.000000e+000
    endloop
  endfacet
endsolid CATIA STL
