solid CATIA STL
  facet normal  -0.000000e+000  0.000000e+000  1.000000e+000
    outer loop
      vertex  1.718750e-001  1.718750e-001  7.500000e-001
      vertex -1.796875e-001  1.718750e-001  7.500000e-001
      vertex -1.796875e-001  7.031250e-002  7.500000e-001
    endloop
  endfacet
  facet normal  -0.000000e+000  0.000000e+000  1.000000e+000
    outer loop
      vertex  1.718750e-001  1.718750e-001  7.500000e-001
      vertex -1.796875e-001  7.031250e-002  7.500000e-001
      vertex -1.748838e-001  2.153992e-002  7.500000e-001
    endloop
  endfacet
  facet normal  -0.000000e+000  0.000000e+000  1.000000e+000
    outer loop
      vertex  1.718750e-001  1.718750e-001  7.500000e-001
      vertex -1.748838e-001  2.153992e-002  7.500000e-001
      vertex -1.606574e-001 -2.535836e-002  7.500000e-001
    endloop
  endfacet
  facet normal  -0.000000e+000  0.000000e+000  1.000000e+000
    outer loop
      vertex  1.718750e-001  1.718750e-001  7.500000e-001
      vertex -1.606574e-001 -2.535836e-002  7.500000e-001
      vertex -1.375549e-001 -6.858006e-002  7.500000e-001
    endloop
  endfacet
  facet normal  -0.000000e+000  0.000000e+000  1.000000e+000
    outer loop
      vertex  1.718750e-001  1.718750e-001  7.500000e-001
      vertex -1.375549e-001 -6.858006e-002  7.500000e-001
      vertex -1.064642e-001 -1.064642e-001  7.500000e-001
    endloop
  endfacet
  facet normal  -0.000000e+000  0.000000e+000  1.000000e+000
    outer loop
      vertex  1.718750e-001  1.718750e-001  7.500000e-001
      vertex -1.064642e-001 -1.064642e-001  7.500000e-001
      vertex -6.858006e-002 -1.375549e-001  7.500000e-001
    endloop
  endfacet
  facet normal  -0.000000e+000  0.000000e+000  1.000000e+000
    outer loop
      vertex  1.718750e-001  1.718750e-001  7.500000e-001
      vertex -6.858006e-002 -1.375549e-001  7.500000e-001
      vertex -2.535836e-002 -1.606574e-001  7.500000e-001
    endloop
  endfacet
  facet normal  -0.000000e+000  0.000000e+000  1.000000e+000
    outer loop
      vertex  1.718750e-001  1.718750e-001  7.500000e-001
      vertex -2.535836e-002 -1.606574e-001  7.500000e-001
      vertex  2.153992e-002 -1.748838e-001  7.500000e-001
    endloop
  endfacet
  facet normal  -0.000000e+000  0.000000e+000  1.000000e+000
    outer loop
      vertex  1.718750e-001  1.718750e-001  7.500000e-001
      vertex  2.153992e-002 -1.748838e-001  7.500000e-001
      vertex  7.031250e-002 -1.796875e-001  7.500000e-001
    endloop
  endfacet
  facet normal  0.000000e+000  0.000000e+000  1.000000e+000
    outer loop
      vertex  1.718750e-001  1.718750e-001  7.500000e-001
      vertex  7.031250e-002 -1.796875e-001  7.500000e-001
      vertex  1.718750e-001 -1.796875e-001  7.500000e-001
    endloop
  endfacet
  facet normal  0.000000e+000  0.000000e+000 -1.000000e+000
    outer loop
      vertex  1.718750e-001  1.718750e-001  0.000000e+000
      vertex  1.718750e-001 -1.796875e-001  0.000000e+000
      vertex  7.031250e-002 -1.796875e-001  0.000000e+000
    endloop
  endfacet
  facet normal  0.000000e+000  0.000000e+000 -1.000000e+000
    outer loop
      vertex  1.718750e-001  1.718750e-001  0.000000e+000
      vertex  7.031250e-002 -1.796875e-001  0.000000e+000
      vertex  2.153992e-002 -1.748838e-001  0.000000e+000
    endloop
  endfacet
  facet normal  0.000000e+000  0.000000e+000 -1.000000e+000
    outer loop
      vertex  1.718750e-001  1.718750e-001  0.000000e+000
      vertex  2.153992e-002 -1.748838e-001  0.000000e+000
      vertex -2.535836e-002 -1.606574e-001  0.000000e+000
    endloop
  endfacet
  facet normal  0.000000e+000  0.000000e+000 -1.000000e+000
    outer loop
      vertex  1.718750e-001  1.718750e-001  0.000000e+000
      vertex -2.535836e-002 -1.606574e-001  0.000000e+000
      vertex -6.858006e-002 -1.375549e-001  0.000000e+000
    endloop
  endfacet
  facet normal  0.000000e+000  0.000000e+000 -1.000000e+000
    outer loop
      vertex  1.718750e-001  1.718750e-001  0.000000e+000
      vertex -6.858006e-002 -1.375549e-001  0.000000e+000
      vertex -1.064642e-001 -1.064642e-001  0.000000e+000
    endloop
  endfacet
  facet normal  0.000000e+000  0.000000e+000 -1.000000e+000
    outer loop
      vertex  1.718750e-001  1.718750e-001  0.000000e+000
      vertex -1.064642e-001 -1.064642e-001  0.000000e+000
      vertex -1.375549e-001 -6.858006e-002  0.000000e+000
    endloop
  endfacet
  facet normal  0.000000e+000  0.000000e+000 -1.000000e+000
    outer loop
      vertex  1.718750e-001  1.718750e-001  0.000000e+000
      vertex -1.375549e-001 -6.858006e-002  0.000000e+000
      vertex -1.606574e-001 -2.535836e-002  0.000000e+000
    endloop
  endfacet
  facet normal  0.000000e+000  0.000000e+000 -1.000000e+000
    outer loop
      vertex  1.718750e-001  1.718750e-001  0.000000e+000
      vertex -1.606574e-001 -2.535836e-002  0.000000e+000
      vertex -1.748838e-001  2.153992e-002  0.000000e+000
    endloop
  endfacet
  facet normal  0.000000e+000  0.000000e+000 -1.000000e+000
    outer loop
      vertex  1.718750e-001  1.718750e-001  0.000000e+000
      vertex -1.748838e-001  2.153992e-002  0.000000e+000
      vertex -1.796875e-001  7.031250e-002  0.000000e+000
    endloop
  endfacet
  facet normal  0.000000e+000  0.000000e+000 -1.000000e+000
    outer loop
      vertex  1.718750e-001  1.718750e-001  0.000000e+000
      vertex -1.796875e-001  7.031250e-002  0.000000e+000
      vertex -1.796875e-001  1.718750e-001  0.000000e+000
    endloop
  endfacet
  facet normal -1.000000e+000  0.000000e+000  0.000000e+000
    outer loop
      vertex -1.796875e-001  1.718750e-001  0.000000e+000
      vertex -1.796875e-001  7.031250e-002  0.000000e+000
      vertex -1.796875e-001  1.718750e-001  7.500000e-001
    endloop
  endfacet
  facet normal -1.000000e+000  -0.000000e+000  0.000000e+000
    outer loop
      vertex -1.796875e-001  1.718750e-001  7.500000e-001
      vertex -1.796875e-001  7.031250e-002  0.000000e+000
      vertex -1.796875e-001  7.031250e-002  7.500000e-001
    endloop
  endfacet
  facet normal  0.000000e+000 -1.000000e+000  0.000000e+000
    outer loop
      vertex  7.031250e-002 -1.796875e-001  0.000000e+000
      vertex  1.718750e-001 -1.796875e-001  0.000000e+000
      vertex  7.031250e-002 -1.796875e-001  7.500000e-001
    endloop
  endfacet
  facet normal  0.000000e+000 -1.000000e+000  0.000000e+000
    outer loop
      vertex  7.031250e-002 -1.796875e-001  7.500000e-001
      vertex  1.718750e-001 -1.796875e-001  0.000000e+000
      vertex  1.718750e-001 -1.796875e-001  7.500000e-001
    endloop
  endfacet
  facet normal -9.801729e-002 -9.951848e-001  -0.000000e+000
    outer loop
      vertex  7.031250e-002 -1.796875e-001  0.000000e+000
      vertex  7.031250e-002 -1.796875e-001  7.500000e-001
      vertex  2.153992e-002 -1.748838e-001  0.000000e+000
    endloop
  endfacet
  facet normal -9.801729e-002 -9.951848e-001  0.000000e+000
    outer loop
      vertex  2.153992e-002 -1.748838e-001  0.000000e+000
      vertex  7.031250e-002 -1.796875e-001  7.500000e-001
      vertex  2.153992e-002 -1.748838e-001  7.500000e-001
    endloop
  endfacet
  facet normal -2.902847e-001 -9.569404e-001  -0.000000e+000
    outer loop
      vertex  2.153992e-002 -1.748838e-001  0.000000e+000
      vertex  2.153992e-002 -1.748838e-001  7.500000e-001
      vertex -2.535836e-002 -1.606574e-001  0.000000e+000
    endloop
  endfacet
  facet normal -2.902847e-001 -9.569404e-001  0.000000e+000
    outer loop
      vertex -2.535836e-002 -1.606574e-001  0.000000e+000
      vertex  2.153992e-002 -1.748838e-001  7.500000e-001
      vertex -2.535836e-002 -1.606574e-001  7.500000e-001
    endloop
  endfacet
  facet normal -4.713967e-001 -8.819214e-001  -0.000000e+000
    outer loop
      vertex -2.535836e-002 -1.606574e-001  0.000000e+000
      vertex -2.535836e-002 -1.606574e-001  7.500000e-001
      vertex -6.858006e-002 -1.375549e-001  0.000000e+000
    endloop
  endfacet
  facet normal -4.713967e-001 -8.819214e-001  0.000000e+000
    outer loop
      vertex -6.858006e-002 -1.375549e-001  0.000000e+000
      vertex -2.535836e-002 -1.606574e-001  7.500000e-001
      vertex -6.858006e-002 -1.375549e-001  7.500000e-001
    endloop
  endfacet
  facet normal -6.343933e-001 -7.730104e-001  -0.000000e+000
    outer loop
      vertex -6.858006e-002 -1.375549e-001  0.000000e+000
      vertex -6.858006e-002 -1.375549e-001  7.500000e-001
      vertex -1.064642e-001 -1.064642e-001  0.000000e+000
    endloop
  endfacet
  facet normal -6.343933e-001 -7.730104e-001  0.000000e+000
    outer loop
      vertex -1.064642e-001 -1.064642e-001  0.000000e+000
      vertex -6.858006e-002 -1.375549e-001  7.500000e-001
      vertex -1.064642e-001 -1.064642e-001  7.500000e-001
    endloop
  endfacet
  facet normal -7.730104e-001 -6.343933e-001  -0.000000e+000
    outer loop
      vertex -1.064642e-001 -1.064642e-001  0.000000e+000
      vertex -1.064642e-001 -1.064642e-001  7.500000e-001
      vertex -1.375549e-001 -6.858006e-002  0.000000e+000
    endloop
  endfacet
  facet normal -7.730104e-001 -6.343933e-001  0.000000e+000
    outer loop
      vertex -1.375549e-001 -6.858006e-002  0.000000e+000
      vertex -1.064642e-001 -1.064642e-001  7.500000e-001
      vertex -1.375549e-001 -6.858006e-002  7.500000e-001
    endloop
  endfacet
  facet normal -8.819214e-001 -4.713967e-001  -0.000000e+000
    outer loop
      vertex -1.375549e-001 -6.858006e-002  0.000000e+000
      vertex -1.375549e-001 -6.858006e-002  7.500000e-001
      vertex -1.606574e-001 -2.535836e-002  0.000000e+000
    endloop
  endfacet
  facet normal -8.819214e-001 -4.713967e-001  0.000000e+000
    outer loop
      vertex -1.606574e-001 -2.535836e-002  0.000000e+000
      vertex -1.375549e-001 -6.858006e-002  7.500000e-001
      vertex -1.606574e-001 -2.535836e-002  7.500000e-001
    endloop
  endfacet
  facet normal -9.569404e-001 -2.902847e-001  -0.000000e+000
    outer loop
      vertex -1.606574e-001 -2.535836e-002  0.000000e+000
      vertex -1.606574e-001 -2.535836e-002  7.500000e-001
      vertex -1.748838e-001  2.153992e-002  0.000000e+000
    endloop
  endfacet
  facet normal -9.569404e-001 -2.902847e-001  0.000000e+000
    outer loop
      vertex -1.748838e-001  2.153992e-002  0.000000e+000
      vertex -1.606574e-001 -2.535836e-002  7.500000e-001
      vertex -1.748838e-001  2.153992e-002  7.500000e-001
    endloop
  endfacet
  facet normal -9.951848e-001 -9.801729e-002  -0.000000e+000
    outer loop
      vertex -1.748838e-001  2.153992e-002  0.000000e+000
      vertex -1.748838e-001  2.153992e-002  7.500000e-001
      vertex -1.796875e-001  7.031250e-002  0.000000e+000
    endloop
  endfacet
  facet normal -9.951848e-001 -9.801729e-002  0.000000e+000
    outer loop
      vertex -1.796875e-001  7.031250e-002  0.000000e+000
      vertex -1.748838e-001  2.153992e-002  7.500000e-001
      vertex -1.796875e-001  7.031250e-002  7.500000e-001
    endloop
  endfacet
  facet normal  0.000000e+000  1.000000e+000  0.000000e+000
    outer loop
      vertex  1.718750e-001  1.718750e-001  0.000000e+000
      vertex -1.796875e-001  1.718750e-001  0.000000e+000
      vertex  1.718750e-001  1.718750e-001  7.500000e-001
    endloop
  endfacet
  facet normal  0.000000e+000  1.000000e+000  0.000000e+000
    outer loop
      vertex  1.718750e-001  1.718750e-001  7.500000e-001
      vertex -1.796875e-001  1.718750e-001  0.000000e+000
      vertex -1.796875e-001  1.718750e-001  7.500000e-001
    endloop
  endfacet
  facet normal  1.000000e+000  0.000000e+000  0.000000e+000
    outer loop
      vertex  1.718750e-001 -1.796875e-001  0.000000e+000
      vertex  1.718750e-001  1.718750e-001  0.000000e+000
      vertex  1.718750e-001 -1.796875e-001  7.500000e-001
    endloop
  endfacet
  facet normal  1.000000e+000  -0.000000e+000  0.000000e+000
    outer loop
      vertex  1.718750e-001 -1.796875e-001  7.500000e-001
      vertex  1.718750e-001  1.718750e-001  0.000000e+000
      vertex  1.718750e-001  1.718750e-001  7.500000e-001
    endloop
  endfacet
endsolid CATIA STL
