solid CATIA STL
  facet normal  -0.000000e+000  0.000000e+000  1.000000e+000
    outer loop
      vertex  7.500000e-001  7.184210e-001  1.562500e-002
      vertex  0.000000e+000  7.184210e-001  1.562500e-002
      vertex  0.000000e+000  5.156250e-001  1.562500e-002
    endloop
  endfacet
  facet normal  -0.000000e+000  0.000000e+000  1.000000e+000
    outer loop
      vertex  7.500000e-001  7.184210e-001  1.562500e-002
      vertex  0.000000e+000  5.156250e-001  1.562500e-002
      vertex  9.907590e-003  4.150316e-001  1.562500e-002
    endloop
  endfacet
  facet normal  -0.000000e+000  0.000000e+000  1.000000e+000
    outer loop
      vertex  7.500000e-001  7.184210e-001  1.562500e-002
      vertex  9.907590e-003  4.150316e-001  1.562500e-002
      vertex  3.924962e-002  3.183039e-001  1.562500e-002
    endloop
  endfacet
  facet normal  -0.000000e+000  0.000000e+000  1.000000e+000
    outer loop
      vertex  7.500000e-001  7.184210e-001  1.562500e-002
      vertex  3.924962e-002  3.183039e-001  1.562500e-002
      vertex  8.689848e-002  2.291591e-001  1.562500e-002
    endloop
  endfacet
  facet normal  -0.000000e+000  0.000000e+000  1.000000e+000
    outer loop
      vertex  7.500000e-001  7.184210e-001  1.562500e-002
      vertex  8.689848e-002  2.291591e-001  1.562500e-002
      vertex  1.510231e-001  1.510231e-001  1.562500e-002
    endloop
  endfacet
  facet normal  -0.000000e+000  0.000000e+000  1.000000e+000
    outer loop
      vertex  7.500000e-001  7.184210e-001  1.562500e-002
      vertex  1.510231e-001  1.510231e-001  1.562500e-002
      vertex  2.291591e-001  8.689848e-002  1.562500e-002
    endloop
  endfacet
  facet normal  -0.000000e+000  0.000000e+000  1.000000e+000
    outer loop
      vertex  7.500000e-001  7.184210e-001  1.562500e-002
      vertex  2.291591e-001  8.689848e-002  1.562500e-002
      vertex  3.183039e-001  3.924962e-002  1.562500e-002
    endloop
  endfacet
  facet normal  -0.000000e+000  0.000000e+000  1.000000e+000
    outer loop
      vertex  7.500000e-001  7.184210e-001  1.562500e-002
      vertex  3.183039e-001  3.924962e-002  1.562500e-002
      vertex  4.150316e-001  9.907590e-003  1.562500e-002
    endloop
  endfacet
  facet normal  -0.000000e+000  0.000000e+000  1.000000e+000
    outer loop
      vertex  7.500000e-001  7.184210e-001  1.562500e-002
      vertex  4.150316e-001  9.907590e-003  1.562500e-002
      vertex  5.156250e-001  0.000000e+000  1.562500e-002
    endloop
  endfacet
  facet normal  0.000000e+000  0.000000e+000  1.000000e+000
    outer loop
      vertex  7.500000e-001  7.184210e-001  1.562500e-002
      vertex  5.156250e-001  0.000000e+000  1.562500e-002
      vertex  7.500000e-001  0.000000e+000  1.562500e-002
    endloop
  endfacet
  facet normal  0.000000e+000  0.000000e+000 -1.000000e+000
    outer loop
      vertex  7.500000e-001  7.184210e-001  0.000000e+000
      vertex  7.500000e-001  0.000000e+000  0.000000e+000
      vertex  5.156250e-001  0.000000e+000  0.000000e+000
    endloop
  endfacet
  facet normal  0.000000e+000  0.000000e+000 -1.000000e+000
    outer loop
      vertex  7.500000e-001  7.184210e-001  0.000000e+000
      vertex  5.156250e-001  0.000000e+000  0.000000e+000
      vertex  4.150316e-001  9.907590e-003  0.000000e+000
    endloop
  endfacet
  facet normal  0.000000e+000  0.000000e+000 -1.000000e+000
    outer loop
      vertex  7.500000e-001  7.184210e-001  0.000000e+000
      vertex  4.150316e-001  9.907590e-003  0.000000e+000
      vertex  3.183039e-001  3.924962e-002  0.000000e+000
    endloop
  endfacet
  facet normal  0.000000e+000  0.000000e+000 -1.000000e+000
    outer loop
      vertex  7.500000e-001  7.184210e-001  0.000000e+000
      vertex  3.183039e-001  3.924962e-002  0.000000e+000
      vertex  2.291591e-001  8.689848e-002  0.000000e+000
    endloop
  endfacet
  facet normal  0.000000e+000  0.000000e+000 -1.000000e+000
    outer loop
      vertex  7.500000e-001  7.184210e-001  0.000000e+000
      vertex  2.291591e-001  8.689848e-002  0.000000e+000
      vertex  1.510231e-001  1.510231e-001  0.000000e+000
    endloop
  endfacet
  facet normal  0.000000e+000  0.000000e+000 -1.000000e+000
    outer loop
      vertex  7.500000e-001  7.184210e-001  0.000000e+000
      vertex  1.510231e-001  1.510231e-001  0.000000e+000
      vertex  8.689848e-002  2.291591e-001  0.000000e+000
    endloop
  endfacet
  facet normal  0.000000e+000  0.000000e+000 -1.000000e+000
    outer loop
      vertex  7.500000e-001  7.184210e-001  0.000000e+000
      vertex  8.689848e-002  2.291591e-001  0.000000e+000
      vertex  3.924962e-002  3.183039e-001  0.000000e+000
    endloop
  endfacet
  facet normal  0.000000e+000  0.000000e+000 -1.000000e+000
    outer loop
      vertex  7.500000e-001  7.184210e-001  0.000000e+000
      vertex  3.924962e-002  3.183039e-001  0.000000e+000
      vertex  9.907590e-003  4.150316e-001  0.000000e+000
    endloop
  endfacet
  facet normal  0.000000e+000  0.000000e+000 -1.000000e+000
    outer loop
      vertex  7.500000e-001  7.184210e-001  0.000000e+000
      vertex  9.907590e-003  4.150316e-001  0.000000e+000
      vertex  0.000000e+000  5.156250e-001  0.000000e+000
    endloop
  endfacet
  facet normal  0.000000e+000  0.000000e+000 -1.000000e+000
    outer loop
      vertex  7.500000e-001  7.184210e-001  0.000000e+000
      vertex  0.000000e+000  5.156250e-001  0.000000e+000
      vertex  0.000000e+000  7.184210e-001  0.000000e+000
    endloop
  endfacet
  facet normal -1.000000e+000  0.000000e+000  0.000000e+000
    outer loop
      vertex  0.000000e+000  7.184210e-001  1.562500e-002
      vertex  0.000000e+000  7.184210e-001  0.000000e+000
      vertex  0.000000e+000  5.156250e-001  1.562500e-002
    endloop
  endfacet
  facet normal -1.000000e+000  0.000000e+000  0.000000e+000
    outer loop
      vertex  0.000000e+000  5.156250e-001  1.562500e-002
      vertex  0.000000e+000  7.184210e-001  0.000000e+000
      vertex  0.000000e+000  5.156250e-001  0.000000e+000
    endloop
  endfacet
  facet normal  0.000000e+000 -1.000000e+000  0.000000e+000
    outer loop
      vertex  5.156250e-001  0.000000e+000  1.562500e-002
      vertex  5.156250e-001  0.000000e+000  0.000000e+000
      vertex  7.500000e-001  0.000000e+000  1.562500e-002
    endloop
  endfacet
  facet normal  0.000000e+000 -1.000000e+000  -0.000000e+000
    outer loop
      vertex  7.500000e-001  0.000000e+000  1.562500e-002
      vertex  5.156250e-001  0.000000e+000  0.000000e+000
      vertex  7.500000e-001  0.000000e+000  0.000000e+000
    endloop
  endfacet
  facet normal -9.801714e-002 -9.951847e-001  -0.000000e+000
    outer loop
      vertex  5.156250e-001  0.000000e+000  0.000000e+000
      vertex  5.156250e-001  0.000000e+000  1.562500e-002
      vertex  4.150316e-001  9.907590e-003  0.000000e+000
    endloop
  endfacet
  facet normal -9.801714e-002 -9.951847e-001  0.000000e+000
    outer loop
      vertex  4.150316e-001  9.907590e-003  0.000000e+000
      vertex  5.156250e-001  0.000000e+000  1.562500e-002
      vertex  4.150316e-001  9.907590e-003  1.562500e-002
    endloop
  endfacet
  facet normal -2.902847e-001 -9.569403e-001  -0.000000e+000
    outer loop
      vertex  4.150316e-001  9.907590e-003  0.000000e+000
      vertex  4.150316e-001  9.907590e-003  1.562500e-002
      vertex  3.183039e-001  3.924962e-002  0.000000e+000
    endloop
  endfacet
  facet normal -2.902847e-001 -9.569403e-001  0.000000e+000
    outer loop
      vertex  3.183039e-001  3.924962e-002  0.000000e+000
      vertex  4.150316e-001  9.907590e-003  1.562500e-002
      vertex  3.183039e-001  3.924962e-002  1.562500e-002
    endloop
  endfacet
  facet normal -4.713967e-001 -8.819212e-001  -0.000000e+000
    outer loop
      vertex  3.183039e-001  3.924962e-002  0.000000e+000
      vertex  3.183039e-001  3.924962e-002  1.562500e-002
      vertex  2.291591e-001  8.689848e-002  0.000000e+000
    endloop
  endfacet
  facet normal -4.713967e-001 -8.819212e-001  0.000000e+000
    outer loop
      vertex  2.291591e-001  8.689848e-002  0.000000e+000
      vertex  3.183039e-001  3.924962e-002  1.562500e-002
      vertex  2.291591e-001  8.689848e-002  1.562500e-002
    endloop
  endfacet
  facet normal -6.343932e-001 -7.730105e-001  -0.000000e+000
    outer loop
      vertex  2.291591e-001  8.689848e-002  0.000000e+000
      vertex  2.291591e-001  8.689848e-002  1.562500e-002
      vertex  1.510231e-001  1.510231e-001  0.000000e+000
    endloop
  endfacet
  facet normal -6.343932e-001 -7.730105e-001  0.000000e+000
    outer loop
      vertex  1.510231e-001  1.510231e-001  0.000000e+000
      vertex  2.291591e-001  8.689848e-002  1.562500e-002
      vertex  1.510231e-001  1.510231e-001  1.562500e-002
    endloop
  endfacet
  facet normal -7.730105e-001 -6.343932e-001  -0.000000e+000
    outer loop
      vertex  1.510231e-001  1.510231e-001  0.000000e+000
      vertex  1.510231e-001  1.510231e-001  1.562500e-002
      vertex  8.689848e-002  2.291591e-001  0.000000e+000
    endloop
  endfacet
  facet normal -7.730105e-001 -6.343932e-001  0.000000e+000
    outer loop
      vertex  8.689848e-002  2.291591e-001  0.000000e+000
      vertex  1.510231e-001  1.510231e-001  1.562500e-002
      vertex  8.689848e-002  2.291591e-001  1.562500e-002
    endloop
  endfacet
  facet normal -8.819212e-001 -4.713967e-001  -0.000000e+000
    outer loop
      vertex  8.689848e-002  2.291591e-001  0.000000e+000
      vertex  8.689848e-002  2.291591e-001  1.562500e-002
      vertex  3.924962e-002  3.183039e-001  0.000000e+000
    endloop
  endfacet
  facet normal -8.819212e-001 -4.713967e-001  0.000000e+000
    outer loop
      vertex  3.924962e-002  3.183039e-001  0.000000e+000
      vertex  8.689848e-002  2.291591e-001  1.562500e-002
      vertex  3.924962e-002  3.183039e-001  1.562500e-002
    endloop
  endfacet
  facet normal -9.569403e-001 -2.902847e-001  -0.000000e+000
    outer loop
      vertex  3.924962e-002  3.183039e-001  0.000000e+000
      vertex  3.924962e-002  3.183039e-001  1.562500e-002
      vertex  9.907590e-003  4.150316e-001  0.000000e+000
    endloop
  endfacet
  facet normal -9.569403e-001 -2.902847e-001  0.000000e+000
    outer loop
      vertex  9.907590e-003  4.150316e-001  0.000000e+000
      vertex  3.924962e-002  3.183039e-001  1.562500e-002
      vertex  9.907590e-003  4.150316e-001  1.562500e-002
    endloop
  endfacet
  facet normal -9.951847e-001 -9.801714e-002  -0.000000e+000
    outer loop
      vertex  9.907590e-003  4.150316e-001  0.000000e+000
      vertex  9.907590e-003  4.150316e-001  1.562500e-002
      vertex  0.000000e+000  5.156250e-001  0.000000e+000
    endloop
  endfacet
  facet normal -9.951847e-001 -9.801714e-002  0.000000e+000
    outer loop
      vertex  0.000000e+000  5.156250e-001  0.000000e+000
      vertex  9.907590e-003  4.150316e-001  1.562500e-002
      vertex  0.000000e+000  5.156250e-001  1.562500e-002
    endloop
  endfacet
  facet normal  0.000000e+000  1.000000e+000  -0.000000e+000
    outer loop
      vertex  7.500000e-001  7.184210e-001  1.562500e-002
      vertex  7.500000e-001  7.184210e-001  0.000000e+000
      vertex  0.000000e+000  7.184210e-001  1.562500e-002
    endloop
  endfacet
  facet normal  0.000000e+000  1.000000e+000  0.000000e+000
    outer loop
      vertex  0.000000e+000  7.184210e-001  1.562500e-002
      vertex  7.500000e-001  7.184210e-001  0.000000e+000
      vertex  0.000000e+000  7.184210e-001  0.000000e+000
    endloop
  endfacet
  facet normal  1.000000e+000  0.000000e+000  0.000000e+000
    outer loop
      vertex  7.500000e-001  0.000000e+000  1.562500e-002
      vertex  7.500000e-001  0.000000e+000  0.000000e+000
      vertex  7.500000e-001  7.184210e-001  1.562500e-002
    endloop
  endfacet
  facet normal  1.000000e+000  0.000000e+000  0.000000e+000
    outer loop
      vertex  7.500000e-001  7.184210e-001  1.562500e-002
      vertex  7.500000e-001  0.000000e+000  0.000000e+000
      vertex  7.500000e-001  7.184210e-001  0.000000e+000
    endloop
  endfacet
endsolid CATIA STL
