solid CATIA STL
  facet normal  0.000000e+000  0.000000e+000  1.000000e+000
    outer loop
      vertex -7.500000e-001  5.098616e-033  7.500000e-001
      vertex -7.500000e-001 -7.500000e-001  7.500000e-001
      vertex  1.569466e-016 -7.500000e-001  7.500000e-001
    endloop
  endfacet
  facet normal  0.000000e+000  0.000000e+000  1.000000e+000
    outer loop
      vertex -7.500000e-001  5.098616e-033  7.500000e-001
      vertex  1.569466e-016 -7.500000e-001  7.500000e-001
      vertex  1.075069e-016 -5.546875e-001  7.500000e-001
    endloop
  endfacet
  facet normal  0.000000e+000  0.000000e+000  1.000000e+000
    outer loop
      vertex -7.500000e-001  5.098616e-033  7.500000e-001
      vertex  1.075069e-016 -5.546875e-001  7.500000e-001
      vertex -1.065816e-002 -4.464733e-001  7.500000e-001
    endloop
  endfacet
  facet normal  0.000000e+000  0.000000e+000  1.000000e+000
    outer loop
      vertex -7.500000e-001  5.098616e-033  7.500000e-001
      vertex -1.065816e-002 -4.464733e-001  7.500000e-001
      vertex -4.222307e-002 -3.424178e-001  7.500000e-001
    endloop
  endfacet
  facet normal  0.000000e+000  0.000000e+000  1.000000e+000
    outer loop
      vertex -7.500000e-001  5.098616e-033  7.500000e-001
      vertex -4.222307e-002 -3.424178e-001  7.500000e-001
      vertex -9.348170e-002 -2.465196e-001  7.500000e-001
    endloop
  endfacet
  facet normal  0.000000e+000  0.000000e+000  1.000000e+000
    outer loop
      vertex -7.500000e-001  5.098616e-033  7.500000e-001
      vertex -9.348170e-002 -2.465196e-001  7.500000e-001
      vertex -1.624642e-001 -1.624642e-001  7.500000e-001
    endloop
  endfacet
  facet normal  0.000000e+000  0.000000e+000  9.999999e-001
    outer loop
      vertex -7.500000e-001  5.098616e-033  7.500000e-001
      vertex -1.624642e-001 -1.624642e-001  7.500000e-001
      vertex -2.465196e-001 -9.348170e-002  7.500000e-001
    endloop
  endfacet
  facet normal  0.000000e+000  0.000000e+000  1.000000e+000
    outer loop
      vertex -7.500000e-001  5.098616e-033  7.500000e-001
      vertex -2.465196e-001 -9.348170e-002  7.500000e-001
      vertex -3.424178e-001 -4.222307e-002  7.500000e-001
    endloop
  endfacet
  facet normal  0.000000e+000  0.000000e+000  1.000000e+000
    outer loop
      vertex -7.500000e-001  5.098616e-033  7.500000e-001
      vertex -3.424178e-001 -4.222307e-002  7.500000e-001
      vertex -4.464733e-001 -1.065816e-002  7.500000e-001
    endloop
  endfacet
  facet normal  0.000000e+000  0.000000e+000  1.000000e+000
    outer loop
      vertex -7.500000e-001  5.098616e-033  7.500000e-001
      vertex -4.464733e-001 -1.065816e-002  7.500000e-001
      vertex -5.546875e-001  2.168404e-017  7.500000e-001
    endloop
  endfacet
  facet normal -1.110223e-016  1.000000e+000 -6.798156e-033
    outer loop
      vertex -7.500000e-001  0.000000e+000  0.000000e+000
      vertex -7.500000e-001  5.098616e-033  7.500000e-001
      vertex -5.546875e-001  2.168404e-017 -1.195944e-017
    endloop
  endfacet
  facet normal -1.110223e-016  1.000000e+000  0.000000e+000
    outer loop
      vertex -5.546875e-001  2.168404e-017 -1.195944e-017
      vertex -7.500000e-001  5.098616e-033  7.500000e-001
      vertex -5.546875e-001  2.168404e-017  7.500000e-001
    endloop
  endfacet
  facet normal  1.000000e+000  2.531308e-016 -6.123234e-017
    outer loop
      vertex  6.158268e-017 -5.546875e-001 -4.592425e-017
      vertex  1.075069e-016 -5.546875e-001  7.500000e-001
      vertex  1.110223e-016 -7.500000e-001 -4.592425e-017
    endloop
  endfacet
  facet normal  1.000000e+000  2.531309e-016 -6.123235e-017
    outer loop
      vertex  1.110223e-016 -7.500000e-001 -4.592425e-017
      vertex  1.075069e-016 -5.546875e-001  7.500000e-001
      vertex  1.569466e-016 -7.500000e-001  7.500000e-001
    endloop
  endfacet
  facet normal -6.123234e-017  5.829748e-023 -1.000000e+000
    outer loop
      vertex -7.500000e-001  0.000000e+000  0.000000e+000
      vertex -5.546875e-001  2.168404e-017 -1.195944e-017
      vertex -4.464733e-001 -1.065816e-002 -1.858565e-017
    endloop
  endfacet
  facet normal -6.123234e-017 -4.382980e-023 -1.000000e+000
    outer loop
      vertex -7.500000e-001  0.000000e+000  0.000000e+000
      vertex -4.464733e-001 -1.065816e-002 -1.858565e-017
      vertex -3.424178e-001 -4.222307e-002 -2.495721e-017
    endloop
  endfacet
  facet normal -6.123234e-017  1.172049e-023 -1.000000e+000
    outer loop
      vertex -7.500000e-001  0.000000e+000  0.000000e+000
      vertex -3.424178e-001 -4.222307e-002 -2.495721e-017
      vertex -2.465196e-001 -9.348170e-002 -3.082928e-017
    endloop
  endfacet
  facet normal -6.123233e-017  3.971061e-023 -1.000000e+000
    outer loop
      vertex -7.500000e-001  0.000000e+000  0.000000e+000
      vertex -2.465196e-001 -9.348170e-002 -3.082928e-017
      vertex -1.624642e-001 -1.624642e-001 -3.597619e-017
    endloop
  endfacet
  facet normal -6.123235e-017 -3.306717e-023 -1.000000e+000
    outer loop
      vertex -7.500000e-001  0.000000e+000  0.000000e+000
      vertex -1.624642e-001 -1.624642e-001 -3.597619e-017
      vertex -9.348170e-002 -2.465196e-001 -4.020015e-017
    endloop
  endfacet
  facet normal -6.123233e-017  2.261720e-023 -1.000000e+000
    outer loop
      vertex -7.500000e-001  0.000000e+000  0.000000e+000
      vertex -9.348170e-002 -2.465196e-001 -4.020015e-017
      vertex -4.222307e-002 -3.424178e-001 -4.333884e-017
    endloop
  endfacet
  facet normal -6.123234e-017  1.696700e-024 -1.000000e+000
    outer loop
      vertex -7.500000e-001  0.000000e+000  0.000000e+000
      vertex -4.222307e-002 -3.424178e-001 -4.333884e-017
      vertex -1.065816e-002 -4.464733e-001 -4.527163e-017
    endloop
  endfacet
  facet normal -6.123235e-017 -1.968181e-023 -1.000000e+000
    outer loop
      vertex -7.500000e-001  0.000000e+000  0.000000e+000
      vertex -1.065816e-002 -4.464733e-001 -4.527163e-017
      vertex  6.158268e-017 -5.546875e-001 -4.592425e-017
    endloop
  endfacet
  facet normal -6.123234e-017 -1.549979e-032 -1.000000e+000
    outer loop
      vertex -7.500000e-001  0.000000e+000  0.000000e+000
      vertex  6.158268e-017 -5.546875e-001 -4.592425e-017
      vertex  1.110223e-016 -7.500000e-001 -4.592425e-017
    endloop
  endfacet
  facet normal -6.123234e-017  0.000000e+000 -1.000000e+000
    outer loop
      vertex -7.500000e-001  0.000000e+000  0.000000e+000
      vertex  1.110223e-016 -7.500000e-001 -4.592425e-017
      vertex -7.500000e-001 -7.500000e-001  0.000000e+000
    endloop
  endfacet
  facet normal  9.801713e-002  9.951847e-001  0.000000e+000
    outer loop
      vertex -5.546875e-001  2.168404e-017 -1.195944e-017
      vertex -5.546875e-001  2.168404e-017  7.500000e-001
      vertex -4.464733e-001 -1.065816e-002 -1.858565e-017
    endloop
  endfacet
  facet normal  9.801713e-002  9.951847e-001  -0.000000e+000
    outer loop
      vertex -4.464733e-001 -1.065816e-002 -1.858565e-017
      vertex -5.546875e-001  2.168404e-017  7.500000e-001
      vertex -4.464733e-001 -1.065816e-002  7.500000e-001
    endloop
  endfacet
  facet normal  2.902847e-001  9.569404e-001  0.000000e+000
    outer loop
      vertex -4.464733e-001 -1.065816e-002 -1.858565e-017
      vertex -4.464733e-001 -1.065816e-002  7.500000e-001
      vertex -3.424178e-001 -4.222307e-002 -2.495721e-017
    endloop
  endfacet
  facet normal  2.902847e-001  9.569404e-001  -0.000000e+000
    outer loop
      vertex -3.424178e-001 -4.222307e-002 -2.495721e-017
      vertex -4.464733e-001 -1.065816e-002  7.500000e-001
      vertex -3.424178e-001 -4.222307e-002  7.500000e-001
    endloop
  endfacet
  facet normal  4.713968e-001  8.819213e-001  0.000000e+000
    outer loop
      vertex -3.424178e-001 -4.222307e-002 -2.495721e-017
      vertex -3.424178e-001 -4.222307e-002  7.500000e-001
      vertex -2.465196e-001 -9.348170e-002 -3.082928e-017
    endloop
  endfacet
  facet normal  4.713968e-001  8.819213e-001  -0.000000e+000
    outer loop
      vertex -2.465196e-001 -9.348170e-002 -3.082928e-017
      vertex -3.424178e-001 -4.222307e-002  7.500000e-001
      vertex -2.465196e-001 -9.348170e-002  7.500000e-001
    endloop
  endfacet
  facet normal  6.343932e-001  7.730105e-001  0.000000e+000
    outer loop
      vertex -2.465196e-001 -9.348170e-002 -3.082928e-017
      vertex -2.465196e-001 -9.348170e-002  7.500000e-001
      vertex -1.624642e-001 -1.624642e-001 -3.597619e-017
    endloop
  endfacet
  facet normal  6.343932e-001  7.730105e-001  -0.000000e+000
    outer loop
      vertex -1.624642e-001 -1.624642e-001 -3.597619e-017
      vertex -2.465196e-001 -9.348170e-002  7.500000e-001
      vertex -1.624642e-001 -1.624642e-001  7.500000e-001
    endloop
  endfacet
  facet normal  7.730105e-001  6.343932e-001  0.000000e+000
    outer loop
      vertex -1.624642e-001 -1.624642e-001 -3.597619e-017
      vertex -1.624642e-001 -1.624642e-001  7.500000e-001
      vertex -9.348170e-002 -2.465196e-001 -4.020015e-017
    endloop
  endfacet
  facet normal  7.730105e-001  6.343932e-001  -0.000000e+000
    outer loop
      vertex -9.348170e-002 -2.465196e-001 -4.020015e-017
      vertex -1.624642e-001 -1.624642e-001  7.500000e-001
      vertex -9.348170e-002 -2.465196e-001  7.500000e-001
    endloop
  endfacet
  facet normal  8.819213e-001  4.713968e-001  0.000000e+000
    outer loop
      vertex -9.348170e-002 -2.465196e-001 -4.020015e-017
      vertex -9.348170e-002 -2.465196e-001  7.500000e-001
      vertex -4.222307e-002 -3.424178e-001 -4.333884e-017
    endloop
  endfacet
  facet normal  8.819213e-001  4.713968e-001  -0.000000e+000
    outer loop
      vertex -4.222307e-002 -3.424178e-001 -4.333884e-017
      vertex -9.348170e-002 -2.465196e-001  7.500000e-001
      vertex -4.222307e-002 -3.424178e-001  7.500000e-001
    endloop
  endfacet
  facet normal  9.569404e-001  2.902847e-001  0.000000e+000
    outer loop
      vertex -4.222307e-002 -3.424178e-001 -4.333884e-017
      vertex -4.222307e-002 -3.424178e-001  7.500000e-001
      vertex -1.065816e-002 -4.464733e-001 -4.527163e-017
    endloop
  endfacet
  facet normal  9.569404e-001  2.902847e-001  -0.000000e+000
    outer loop
      vertex -1.065816e-002 -4.464733e-001 -4.527163e-017
      vertex -4.222307e-002 -3.424178e-001  7.500000e-001
      vertex -1.065816e-002 -4.464733e-001  7.500000e-001
    endloop
  endfacet
  facet normal  9.951847e-001  9.801713e-002  0.000000e+000
    outer loop
      vertex -1.065816e-002 -4.464733e-001 -4.527163e-017
      vertex -1.065816e-002 -4.464733e-001  7.500000e-001
      vertex  6.158268e-017 -5.546875e-001 -4.592425e-017
    endloop
  endfacet
  facet normal  9.951847e-001  9.801713e-002 -6.093748e-017
    outer loop
      vertex  6.158268e-017 -5.546875e-001 -4.592425e-017
      vertex -1.065816e-002 -4.464733e-001  7.500000e-001
      vertex  1.075069e-016 -5.546875e-001  7.500000e-001
    endloop
  endfacet
  facet normal  0.000000e+000 -1.000000e+000  0.000000e+000
    outer loop
      vertex -7.500000e-001 -7.500000e-001  0.000000e+000
      vertex  1.110223e-016 -7.500000e-001 -4.592425e-017
      vertex -7.500000e-001 -7.500000e-001  7.500000e-001
    endloop
  endfacet
  facet normal  0.000000e+000 -1.000000e+000  0.000000e+000
    outer loop
      vertex -7.500000e-001 -7.500000e-001  7.500000e-001
      vertex  1.110223e-016 -7.500000e-001 -4.592425e-017
      vertex  1.569466e-016 -7.500000e-001  7.500000e-001
    endloop
  endfacet
  facet normal -1.000000e+000  0.000000e+000  0.000000e+000
    outer loop
      vertex -7.500000e-001  0.000000e+000  0.000000e+000
      vertex -7.500000e-001 -7.500000e-001  0.000000e+000
      vertex -7.500000e-001  5.098616e-033  7.500000e-001
    endloop
  endfacet
  facet normal -1.000000e+000  -0.000000e+000  0.000000e+000
    outer loop
      vertex -7.500000e-001  5.098616e-033  7.500000e-001
      vertex -7.500000e-001 -7.500000e-001  0.000000e+000
      vertex -7.500000e-001 -7.500000e-001  7.500000e-001
    endloop
  endfacet
endsolid CATIA STL
