solid CATIA STL
  facet normal  0.000000e+000 -1.000000e+000  0.000000e+000
    outer loop
      vertex -3.281250e-001 -7.500000e-001 -2.583239e-017
      vertex  1.110223e-016 -7.500000e-001 -4.592425e-017
      vertex -3.281250e-001 -7.500000e-001  7.500000e-001
    endloop
  endfacet
  facet normal  0.000000e+000 -1.000000e+000  0.000000e+000
    outer loop
      vertex -3.281250e-001 -7.500000e-001  7.500000e-001
      vertex  1.110223e-016 -7.500000e-001 -4.592425e-017
      vertex  1.569466e-016 -7.500000e-001  7.500000e-001
    endloop
  endfacet
  facet normal -1.000000e+000  0.000000e+000  0.000000e+000
    outer loop
      vertex -7.500000e-001  5.098616e-033  7.500000e-001
      vertex -7.500000e-001  0.000000e+000  0.000000e+000
      vertex -7.500000e-001 -3.281250e-001  7.500000e-001
    endloop
  endfacet
  facet normal -1.000000e+000  0.000000e+000  0.000000e+000
    outer loop
      vertex -7.500000e-001 -3.281250e-001  7.500000e-001
      vertex -7.500000e-001  0.000000e+000  0.000000e+000
      vertex -7.500000e-001 -3.281250e-001  0.000000e+000
    endloop
  endfacet
  facet normal  0.000000e+000  0.000000e+000  1.000000e+000
    outer loop
      vertex  1.569466e-016 -7.500000e-001  7.500000e-001
      vertex  4.592425e-017  8.326673e-017  7.500000e-001
      vertex -7.500000e-001  5.098616e-033  7.500000e-001
    endloop
  endfacet
  facet normal  0.000000e+000  0.000000e+000  1.000000e+000
    outer loop
      vertex  1.569466e-016 -7.500000e-001  7.500000e-001
      vertex -7.500000e-001  5.098616e-033  7.500000e-001
      vertex -7.500000e-001 -3.281250e-001  7.500000e-001
    endloop
  endfacet
  facet normal  0.000000e+000  0.000000e+000  1.000000e+000
    outer loop
      vertex  1.569466e-016 -7.500000e-001  7.500000e-001
      vertex -7.500000e-001 -3.281250e-001  7.500000e-001
      vertex -7.418938e-001 -4.104287e-001  7.500000e-001
    endloop
  endfacet
  facet normal  0.000000e+000  0.000000e+000  1.000000e+000
    outer loop
      vertex  1.569466e-016 -7.500000e-001  7.500000e-001
      vertex -7.418938e-001 -4.104287e-001  7.500000e-001
      vertex -7.178867e-001 -4.895696e-001  7.500000e-001
    endloop
  endfacet
  facet normal  0.000000e+000  0.000000e+000  1.000000e+000
    outer loop
      vertex  1.569466e-016 -7.500000e-001  7.500000e-001
      vertex -7.178867e-001 -4.895696e-001  7.500000e-001
      vertex -6.789013e-001 -5.625062e-001  7.500000e-001
    endloop
  endfacet
  facet normal  0.000000e+000  0.000000e+000  1.000000e+000
    outer loop
      vertex  1.569466e-016 -7.500000e-001  7.500000e-001
      vertex -6.789013e-001 -5.625062e-001  7.500000e-001
      vertex -6.264357e-001 -6.264357e-001  7.500000e-001
    endloop
  endfacet
  facet normal  0.000000e+000  0.000000e+000  1.000000e+000
    outer loop
      vertex  1.569466e-016 -7.500000e-001  7.500000e-001
      vertex -6.264357e-001 -6.264357e-001  7.500000e-001
      vertex -5.625062e-001 -6.789013e-001  7.500000e-001
    endloop
  endfacet
  facet normal  0.000000e+000  0.000000e+000  1.000000e+000
    outer loop
      vertex  1.569466e-016 -7.500000e-001  7.500000e-001
      vertex -5.625062e-001 -6.789013e-001  7.500000e-001
      vertex -4.895696e-001 -7.178867e-001  7.500000e-001
    endloop
  endfacet
  facet normal  0.000000e+000  0.000000e+000  9.999999e-001
    outer loop
      vertex  1.569466e-016 -7.500000e-001  7.500000e-001
      vertex -4.895696e-001 -7.178867e-001  7.500000e-001
      vertex -4.104287e-001 -7.418938e-001  7.500000e-001
    endloop
  endfacet
  facet normal  0.000000e+000  0.000000e+000  1.000000e+000
    outer loop
      vertex  1.569466e-016 -7.500000e-001  7.500000e-001
      vertex -4.104287e-001 -7.418938e-001  7.500000e-001
      vertex -3.281250e-001 -7.500000e-001  7.500000e-001
    endloop
  endfacet
  facet normal -6.123233e-017  1.405793e-022 -1.000000e+000
    outer loop
      vertex  1.110223e-016 -7.500000e-001 -4.592425e-017
      vertex -3.281250e-001 -7.500000e-001 -2.583239e-017
      vertex -4.104287e-001 -7.418938e-001 -2.079274e-017
    endloop
  endfacet
  facet normal -6.123234e-017 -2.943390e-023 -9.999999e-001
    outer loop
      vertex  1.110223e-016 -7.500000e-001 -4.592425e-017
      vertex -4.104287e-001 -7.418938e-001 -2.079274e-017
      vertex -4.895696e-001 -7.178867e-001 -1.594677e-017
    endloop
  endfacet
  facet normal -6.123234e-017  1.756939e-023 -1.000000e+000
    outer loop
      vertex  1.110223e-016 -7.500000e-001 -4.592425e-017
      vertex -4.895696e-001 -7.178867e-001 -1.594677e-017
      vertex -5.625062e-001 -6.789013e-001 -1.148068e-017
    endloop
  endfacet
  facet normal -6.123234e-017 -1.263933e-023 -1.000000e+000
    outer loop
      vertex  1.110223e-016 -7.500000e-001 -4.592425e-017
      vertex -5.625062e-001 -6.789013e-001 -1.148068e-017
      vertex -6.264357e-001 -6.264357e-001 -7.566133e-018
    endloop
  endfacet
  facet normal -6.123234e-017  7.904699e-024 -1.000000e+000
    outer loop
      vertex  1.110223e-016 -7.500000e-001 -4.592425e-017
      vertex -6.264357e-001 -6.264357e-001 -7.566133e-018
      vertex -6.789013e-001 -5.625062e-001 -4.353543e-018
    endloop
  endfacet
  facet normal -6.123234e-017  6.719607e-024 -1.000000e+000
    outer loop
      vertex  1.110223e-016 -7.500000e-001 -4.592425e-017
      vertex -6.789013e-001 -5.625062e-001 -4.353543e-018
      vertex -7.178867e-001 -4.895696e-001 -1.966374e-018
    endloop
  endfacet
  facet normal -6.123233e-017  2.948360e-023 -1.000000e+000
    outer loop
      vertex  1.110223e-016 -7.500000e-001 -4.592425e-017
      vertex -7.178867e-001 -4.895696e-001 -1.966374e-018
      vertex -7.418938e-001 -4.104287e-001 -4.963622e-019
    endloop
  endfacet
  facet normal -6.123235e-017 -1.728761e-023 -1.000000e+000
    outer loop
      vertex  1.110223e-016 -7.500000e-001 -4.592425e-017
      vertex -7.418938e-001 -4.104287e-001 -4.963622e-019
      vertex -7.500000e-001 -3.281250e-001  0.000000e+000
    endloop
  endfacet
  facet normal -6.123234e-017  0.000000e+000 -1.000000e+000
    outer loop
      vertex  1.110223e-016 -7.500000e-001 -4.592425e-017
      vertex -7.500000e-001 -3.281250e-001  0.000000e+000
      vertex -7.500000e-001  0.000000e+000  0.000000e+000
    endloop
  endfacet
  facet normal -6.123234e-017  0.000000e+000 -1.000000e+000
    outer loop
      vertex  1.110223e-016 -7.500000e-001 -4.592425e-017
      vertex -7.500000e-001  0.000000e+000  0.000000e+000
      vertex  0.000000e+000  8.326673e-017 -4.592425e-017
    endloop
  endfacet
  facet normal -9.951848e-001 -9.801740e-002  0.000000e+000
    outer loop
      vertex -7.500000e-001 -3.281250e-001  7.500000e-001
      vertex -7.500000e-001 -3.281250e-001  0.000000e+000
      vertex -7.418938e-001 -4.104287e-001  7.500000e-001
    endloop
  endfacet
  facet normal -9.951848e-001 -9.801740e-002  -0.000000e+000
    outer loop
      vertex -7.418938e-001 -4.104287e-001  7.500000e-001
      vertex -7.500000e-001 -3.281250e-001  0.000000e+000
      vertex -7.418938e-001 -4.104287e-001 -4.963622e-019
    endloop
  endfacet
  facet normal -9.569404e-001 -2.902843e-001  0.000000e+000
    outer loop
      vertex -7.418938e-001 -4.104287e-001  7.500000e-001
      vertex -7.418938e-001 -4.104287e-001 -4.963622e-019
      vertex -7.178867e-001 -4.895696e-001  7.500000e-001
    endloop
  endfacet
  facet normal -9.569404e-001 -2.902843e-001  -0.000000e+000
    outer loop
      vertex -7.178867e-001 -4.895696e-001  7.500000e-001
      vertex -7.418938e-001 -4.104287e-001 -4.963622e-019
      vertex -7.178867e-001 -4.895696e-001 -1.966374e-018
    endloop
  endfacet
  facet normal -8.819213e-001 -4.713967e-001  0.000000e+000
    outer loop
      vertex -7.178867e-001 -4.895696e-001  7.500000e-001
      vertex -7.178867e-001 -4.895696e-001 -1.966374e-018
      vertex -6.789013e-001 -5.625062e-001  7.500000e-001
    endloop
  endfacet
  facet normal -8.819213e-001 -4.713967e-001  -0.000000e+000
    outer loop
      vertex -6.789013e-001 -5.625062e-001  7.500000e-001
      vertex -7.178867e-001 -4.895696e-001 -1.966374e-018
      vertex -6.789013e-001 -5.625062e-001 -4.353543e-018
    endloop
  endfacet
  facet normal -7.730107e-001 -6.343932e-001  0.000000e+000
    outer loop
      vertex -6.789013e-001 -5.625062e-001  7.500000e-001
      vertex -6.789013e-001 -5.625062e-001 -4.353543e-018
      vertex -6.264357e-001 -6.264357e-001  7.500000e-001
    endloop
  endfacet
  facet normal -7.730107e-001 -6.343932e-001  -0.000000e+000
    outer loop
      vertex -6.264357e-001 -6.264357e-001  7.500000e-001
      vertex -6.789013e-001 -5.625062e-001 -4.353543e-018
      vertex -6.264357e-001 -6.264357e-001 -7.566133e-018
    endloop
  endfacet
  facet normal -6.343932e-001 -7.730107e-001  0.000000e+000
    outer loop
      vertex -6.264357e-001 -6.264357e-001  7.500000e-001
      vertex -6.264357e-001 -6.264357e-001 -7.566133e-018
      vertex -5.625062e-001 -6.789013e-001  7.500000e-001
    endloop
  endfacet
  facet normal -6.343932e-001 -7.730107e-001  -0.000000e+000
    outer loop
      vertex -5.625062e-001 -6.789013e-001  7.500000e-001
      vertex -6.264357e-001 -6.264357e-001 -7.566133e-018
      vertex -5.625062e-001 -6.789013e-001 -1.148068e-017
    endloop
  endfacet
  facet normal -4.713967e-001 -8.819213e-001  0.000000e+000
    outer loop
      vertex -5.625062e-001 -6.789013e-001  7.500000e-001
      vertex -5.625062e-001 -6.789013e-001 -1.148068e-017
      vertex -4.895696e-001 -7.178867e-001  7.500000e-001
    endloop
  endfacet
  facet normal -4.713967e-001 -8.819213e-001  -0.000000e+000
    outer loop
      vertex -4.895696e-001 -7.178867e-001  7.500000e-001
      vertex -5.625062e-001 -6.789013e-001 -1.148068e-017
      vertex -4.895696e-001 -7.178867e-001 -1.594677e-017
    endloop
  endfacet
  facet normal -2.902843e-001 -9.569404e-001  0.000000e+000
    outer loop
      vertex -4.895696e-001 -7.178867e-001  7.500000e-001
      vertex -4.895696e-001 -7.178867e-001 -1.594677e-017
      vertex -4.104287e-001 -7.418938e-001  7.500000e-001
    endloop
  endfacet
  facet normal -2.902843e-001 -9.569404e-001  -0.000000e+000
    outer loop
      vertex -4.104287e-001 -7.418938e-001  7.500000e-001
      vertex -4.895696e-001 -7.178867e-001 -1.594677e-017
      vertex -4.104287e-001 -7.418938e-001 -2.079274e-017
    endloop
  endfacet
  facet normal -9.801740e-002 -9.951848e-001  0.000000e+000
    outer loop
      vertex -4.104287e-001 -7.418938e-001  7.500000e-001
      vertex -4.104287e-001 -7.418938e-001 -2.079274e-017
      vertex -3.281250e-001 -7.500000e-001  7.500000e-001
    endloop
  endfacet
  facet normal -9.801740e-002 -9.951848e-001  -0.000000e+000
    outer loop
      vertex -3.281250e-001 -7.500000e-001  7.500000e-001
      vertex -4.104287e-001 -7.418938e-001 -2.079274e-017
      vertex -3.281250e-001 -7.500000e-001 -2.583239e-017
    endloop
  endfacet
  facet normal -1.110223e-016  1.000000e+000 -6.798156e-033
    outer loop
      vertex -7.500000e-001  0.000000e+000  0.000000e+000
      vertex -7.500000e-001  5.098616e-033  7.500000e-001
      vertex  0.000000e+000  8.326673e-017 -4.592425e-017
    endloop
  endfacet
  facet normal -1.110223e-016  1.000000e+000  6.798156e-033
    outer loop
      vertex  0.000000e+000  8.326673e-017 -4.592425e-017
      vertex -7.500000e-001  5.098616e-033  7.500000e-001
      vertex  4.592425e-017  8.326673e-017  7.500000e-001
    endloop
  endfacet
  facet normal  1.000000e+000  1.480297e-016 -6.123234e-017
    outer loop
      vertex  0.000000e+000  8.326673e-017 -4.592425e-017
      vertex  4.592425e-017  8.326673e-017  7.500000e-001
      vertex  1.110223e-016 -7.500000e-001 -4.592425e-017
    endloop
  endfacet
  facet normal  1.000000e+000  1.480298e-016 -6.123235e-017
    outer loop
      vertex  1.110223e-016 -7.500000e-001 -4.592425e-017
      vertex  4.592425e-017  8.326673e-017  7.500000e-001
      vertex  1.569466e-016 -7.500000e-001  7.500000e-001
    endloop
  endfacet
endsolid CATIA STL
