solid CATIA STL
  facet normal  0.000000e+000 -1.000000e+000  0.000000e+000
    outer loop
      vertex  3.157292e-017 -2.500000e-001 -3.125000e-002
      vertex -4.062500e-001 -2.500000e-001 -5.468750e-001
      vertex  3.359375e-001 -2.500000e-001 -5.468750e-001
    endloop
  endfacet
  facet normal  0.000000e+000 -1.000000e+000  0.000000e+000
    outer loop
      vertex  3.157292e-017 -2.500000e-001 -3.125000e-002
      vertex  3.348644e-017 -2.500000e-001  0.000000e+000
      vertex -4.062500e-001 -2.500000e-001 -5.468750e-001
    endloop
  endfacet
  facet normal -5.551115e-017  1.000000e+000 -1.110223e-016
    outer loop
      vertex  3.359375e-001  4.119968e-017 -5.468750e-001
      vertex -4.062500e-001  0.000000e+000 -5.468750e-001
      vertex  3.157292e-017  7.979728e-017 -3.125000e-002
    endloop
  endfacet
  facet normal -7.248475e-016  1.000000e+000  4.163337e-016
    outer loop
      vertex -4.062500e-001  0.000000e+000 -5.468750e-001
      vertex  0.000000e+000  6.678685e-017 -3.683508e-017
      vertex  3.157292e-017  7.979728e-017 -3.125000e-002
    endloop
  endfacet
  facet normal -8.027438e-001 -1.966155e-017  5.963240e-001
    outer loop
      vertex  3.348644e-017 -2.500000e-001  0.000000e+000
      vertex  0.000000e+000  6.678685e-017 -3.683508e-017
      vertex -4.062500e-001 -2.500000e-001 -5.468750e-001
    endloop
  endfacet
  facet normal -8.027438e-001  0.000000e+000  5.963240e-001
    outer loop
      vertex -4.062500e-001 -2.500000e-001 -5.468750e-001
      vertex  0.000000e+000  6.678685e-017 -3.683508e-017
      vertex -4.062500e-001  0.000000e+000 -5.468750e-001
    endloop
  endfacet
  facet normal  1.000000e+000  0.000000e+000  1.010334e-015
    outer loop
      vertex  3.157292e-017  7.979728e-017 -3.125000e-002
      vertex  0.000000e+000  6.678685e-017 -3.683508e-017
      vertex  3.157292e-017 -2.500000e-001 -3.125000e-002
    endloop
  endfacet
  facet normal  1.000000e+000  1.339457e-016 -6.123233e-017
    outer loop
      vertex  3.157292e-017 -2.500000e-001 -3.125000e-002
      vertex  0.000000e+000  6.678685e-017 -3.683508e-017
      vertex  3.348644e-017 -2.500000e-001  0.000000e+000
    endloop
  endfacet
  facet normal  0.000000e+000 -1.000000e+000  0.000000e+000
    outer loop
      vertex -6.015625e-001 -2.500000e-001  0.000000e+000
      vertex  3.348644e-017 -2.500000e-001  0.000000e+000
      vertex -4.685855e-001 -2.500000e-001  5.319079e-001
    endloop
  endfacet
  facet normal  0.000000e+000 -9.999999e-001  0.000000e+000
    outer loop
      vertex -4.685855e-001 -2.500000e-001  5.319079e-001
      vertex  3.348644e-017 -2.500000e-001  0.000000e+000
      vertex -1.519737e-001 -2.500000e-001  5.319079e-001
    endloop
  endfacet
  facet normal -1.110223e-016  1.000000e+000  0.000000e+000
    outer loop
      vertex -6.015625e-001  0.000000e+000  0.000000e+000
      vertex -4.685855e-001  1.476341e-017  5.319079e-001
      vertex  0.000000e+000  6.678685e-017 -3.683508e-017
    endloop
  endfacet
  facet normal -1.110223e-016  1.000000e+000  4.603155e-024
    outer loop
      vertex  0.000000e+000  6.678685e-017 -3.683508e-017
      vertex -4.685855e-001  1.476341e-017  5.319079e-001
      vertex -1.519737e-001  4.991438e-017  5.319079e-001
    endloop
  endfacet
  facet normal  9.615240e-001  1.692695e-016  2.747211e-001
    outer loop
      vertex  3.348644e-017 -2.500000e-001  0.000000e+000
      vertex  0.000000e+000  6.678685e-017 -3.683508e-017
      vertex -1.519737e-001 -2.500000e-001  5.319079e-001
    endloop
  endfacet
  facet normal  9.615240e-001  -0.000000e+000  2.747211e-001
    outer loop
      vertex -1.519737e-001 -2.500000e-001  5.319079e-001
      vertex  0.000000e+000  6.678685e-017 -3.683508e-017
      vertex -1.519737e-001  4.991438e-017  5.319079e-001
    endloop
  endfacet
  facet normal  0.000000e+000  0.000000e+000 -1.000000e+000
    outer loop
      vertex -6.015625e-001 -2.500000e-001  0.000000e+000
      vertex -6.015625e-001  0.000000e+000  0.000000e+000
      vertex  3.348644e-017 -2.500000e-001  0.000000e+000
    endloop
  endfacet
  facet normal -6.123234e-017 -1.473403e-016 -1.000000e+000
    outer loop
      vertex  3.348644e-017 -2.500000e-001  0.000000e+000
      vertex -6.015625e-001  0.000000e+000  0.000000e+000
      vertex  0.000000e+000  6.678685e-017 -3.683508e-017
    endloop
  endfacet
  facet normal -9.701425e-001  0.000000e+000  2.425356e-001
    outer loop
      vertex -4.685855e-001 -2.500000e-001  5.319079e-001
      vertex -4.685855e-001  1.476341e-017  5.319079e-001
      vertex -6.015625e-001 -2.500000e-001  0.000000e+000
    endloop
  endfacet
  facet normal -9.701425e-001  0.000000e+000  2.425356e-001
    outer loop
      vertex -6.015625e-001 -2.500000e-001  0.000000e+000
      vertex -4.685855e-001  1.476341e-017  5.319079e-001
      vertex -6.015625e-001  0.000000e+000  0.000000e+000
    endloop
  endfacet
  facet normal  0.000000e+000  0.000000e+000  1.000000e+000
    outer loop
      vertex -1.519737e-001 -2.500000e-001  5.319079e-001
      vertex -1.519737e-001  4.991438e-017  5.319079e-001
      vertex -4.685855e-001 -2.500000e-001  5.319079e-001
    endloop
  endfacet
  facet normal  0.000000e+000  0.000000e+000  1.000000e+000
    outer loop
      vertex -4.685855e-001 -2.500000e-001  5.319079e-001
      vertex -1.519737e-001  4.991438e-017  5.319079e-001
      vertex -4.685855e-001  1.476341e-017  5.319079e-001
    endloop
  endfacet
  facet normal  8.378631e-001  0.000000e+000  5.458805e-001
    outer loop
      vertex  3.359375e-001 -2.500000e-001 -5.468750e-001
      vertex  3.359375e-001  4.119968e-017 -5.468750e-001
      vertex  3.157292e-017 -2.500000e-001 -3.125000e-002
    endloop
  endfacet
  facet normal  8.378631e-001  -0.000000e+000  5.458805e-001
    outer loop
      vertex  3.157292e-017 -2.500000e-001 -3.125000e-002
      vertex  3.359375e-001  4.119968e-017 -5.468750e-001
      vertex  3.157292e-017  7.979728e-017 -3.125000e-002
    endloop
  endfacet
  facet normal  0.000000e+000  0.000000e+000 -1.000000e+000
    outer loop
      vertex -4.062500e-001 -2.500000e-001 -5.468750e-001
      vertex -4.062500e-001  0.000000e+000 -5.468750e-001
      vertex  3.359375e-001 -2.500000e-001 -5.468750e-001
    endloop
  endfacet
  facet normal  0.000000e+000  0.000000e+000 -1.000000e+000
    outer loop
      vertex  3.359375e-001 -2.500000e-001 -5.468750e-001
      vertex -4.062500e-001  0.000000e+000 -5.468750e-001
      vertex  3.359375e-001  4.119968e-017 -5.468750e-001
    endloop
  endfacet
  facet normal  0.000000e+000 -1.000000e+000  0.000000e+000
    outer loop
      vertex  1.052431e-017 -2.500000e-001  1.718750e-001
      vertex  3.302530e-003 -2.500000e-001  1.383439e-001
      vertex  1.308321e-002 -2.500000e-001  1.061013e-001
    endloop
  endfacet
  facet normal  0.000000e+000 -1.000000e+000  0.000000e+000
    outer loop
      vertex  1.052431e-017 -2.500000e-001  1.718750e-001
      vertex  1.308321e-002 -2.500000e-001  1.061013e-001
      vertex  2.896616e-002 -2.500000e-001  7.638637e-002
    endloop
  endfacet
  facet normal  0.000000e+000 -1.000000e+000  0.000000e+000
    outer loop
      vertex  1.052431e-017 -2.500000e-001  1.718750e-001
      vertex  2.896616e-002 -2.500000e-001  7.638637e-002
      vertex  5.034102e-002 -2.500000e-001  5.034102e-002
    endloop
  endfacet
  facet normal  0.000000e+000 -1.000000e+000  0.000000e+000
    outer loop
      vertex  1.052431e-017 -2.500000e-001  1.718750e-001
      vertex  5.034102e-002 -2.500000e-001  5.034102e-002
      vertex  7.638637e-002 -2.500000e-001  2.896616e-002
    endloop
  endfacet
  facet normal  0.000000e+000 -1.000000e+000  0.000000e+000
    outer loop
      vertex  1.052431e-017 -2.500000e-001  1.718750e-001
      vertex  7.638637e-002 -2.500000e-001  2.896616e-002
      vertex  1.061013e-001 -2.500000e-001  1.308321e-002
    endloop
  endfacet
  facet normal  0.000000e+000 -1.000000e+000  0.000000e+000
    outer loop
      vertex  1.052431e-017 -2.500000e-001  1.718750e-001
      vertex  1.061013e-001 -2.500000e-001  1.308321e-002
      vertex  1.383439e-001 -2.500000e-001  3.302530e-003
    endloop
  endfacet
  facet normal  0.000000e+000 -1.000000e+000  0.000000e+000
    outer loop
      vertex  1.052431e-017 -2.500000e-001  1.718750e-001
      vertex  1.383439e-001 -2.500000e-001  3.302530e-003
      vertex  1.718750e-001 -2.500000e-001 -1.052431e-017
    endloop
  endfacet
  facet normal  0.000000e+000 -1.000000e+000  0.000000e+000
    outer loop
      vertex  1.052431e-017 -2.500000e-001  1.718750e-001
      vertex  1.718750e-001 -2.500000e-001 -1.052431e-017
      vertex  7.500000e-001 -2.500000e-001 -4.592425e-017
    endloop
  endfacet
  facet normal  0.000000e+000 -1.000000e+000  0.000000e+000
    outer loop
      vertex  1.052431e-017 -2.500000e-001  1.718750e-001
      vertex  7.500000e-001 -2.500000e-001 -4.592425e-017
      vertex  7.500000e-001 -2.500000e-001  7.342106e-001
    endloop
  endfacet
  facet normal  -0.000000e+000 -1.000000e+000  0.000000e+000
    outer loop
      vertex  1.052431e-017 -2.500000e-001  1.718750e-001
      vertex  7.500000e-001 -2.500000e-001  7.342106e-001
      vertex  4.495743e-017 -2.500000e-001  7.342106e-001
    endloop
  endfacet
  facet normal  -0.000000e+000  1.000000e+000  0.000000e+000
    outer loop
      vertex  1.052431e-017  0.000000e+000  1.718750e-001
      vertex  4.495743e-017  0.000000e+000  7.342106e-001
      vertex  7.500000e-001  0.000000e+000  7.342106e-001
    endloop
  endfacet
  facet normal  0.000000e+000  1.000000e+000  0.000000e+000
    outer loop
      vertex  1.052431e-017  0.000000e+000  1.718750e-001
      vertex  7.500000e-001  0.000000e+000  7.342106e-001
      vertex  7.500000e-001  0.000000e+000 -4.592425e-017
    endloop
  endfacet
  facet normal  0.000000e+000  1.000000e+000  0.000000e+000
    outer loop
      vertex  1.052431e-017  0.000000e+000  1.718750e-001
      vertex  7.500000e-001  0.000000e+000 -4.592425e-017
      vertex  1.718750e-001  0.000000e+000 -1.052431e-017
    endloop
  endfacet
  facet normal  0.000000e+000  1.000000e+000  0.000000e+000
    outer loop
      vertex  1.052431e-017  0.000000e+000  1.718750e-001
      vertex  1.718750e-001  0.000000e+000 -1.052431e-017
      vertex  1.383439e-001  0.000000e+000  3.302530e-003
    endloop
  endfacet
  facet normal  0.000000e+000  1.000000e+000  0.000000e+000
    outer loop
      vertex  1.052431e-017  0.000000e+000  1.718750e-001
      vertex  1.383439e-001  0.000000e+000  3.302530e-003
      vertex  1.061013e-001  0.000000e+000  1.308321e-002
    endloop
  endfacet
  facet normal  0.000000e+000  1.000000e+000  0.000000e+000
    outer loop
      vertex  1.052431e-017  0.000000e+000  1.718750e-001
      vertex  1.061013e-001  0.000000e+000  1.308321e-002
      vertex  7.638637e-002  0.000000e+000  2.896616e-002
    endloop
  endfacet
  facet normal  0.000000e+000  1.000000e+000  0.000000e+000
    outer loop
      vertex  1.052431e-017  0.000000e+000  1.718750e-001
      vertex  7.638637e-002  0.000000e+000  2.896616e-002
      vertex  5.034102e-002  0.000000e+000  5.034102e-002
    endloop
  endfacet
  facet normal  0.000000e+000  1.000000e+000  0.000000e+000
    outer loop
      vertex  1.052431e-017  0.000000e+000  1.718750e-001
      vertex  5.034102e-002  0.000000e+000  5.034102e-002
      vertex  2.896616e-002  0.000000e+000  7.638637e-002
    endloop
  endfacet
  facet normal  0.000000e+000  1.000000e+000  0.000000e+000
    outer loop
      vertex  1.052431e-017  0.000000e+000  1.718750e-001
      vertex  2.896616e-002  0.000000e+000  7.638637e-002
      vertex  1.308321e-002  0.000000e+000  1.061013e-001
    endloop
  endfacet
  facet normal  0.000000e+000  9.999999e-001  0.000000e+000
    outer loop
      vertex  1.052431e-017  0.000000e+000  1.718750e-001
      vertex  1.308321e-002  0.000000e+000  1.061013e-001
      vertex  3.302530e-003  0.000000e+000  1.383439e-001
    endloop
  endfacet
  facet normal -1.000000e+000  0.000000e+000  6.123234e-017
    outer loop
      vertex  4.495743e-017 -2.500000e-001  7.342106e-001
      vertex  4.495743e-017  0.000000e+000  7.342106e-001
      vertex  1.052431e-017 -2.500000e-001  1.718750e-001
    endloop
  endfacet
  facet normal -1.000000e+000  0.000000e+000  6.123234e-017
    outer loop
      vertex  1.052431e-017 -2.500000e-001  1.718750e-001
      vertex  4.495743e-017  0.000000e+000  7.342106e-001
      vertex  1.052431e-017  0.000000e+000  1.718750e-001
    endloop
  endfacet
  facet normal -6.123234e-017  -0.000000e+000 -1.000000e+000
    outer loop
      vertex  1.718750e-001 -2.500000e-001 -1.052431e-017
      vertex  1.718750e-001  0.000000e+000 -1.052431e-017
      vertex  7.500000e-001 -2.500000e-001 -4.592425e-017
    endloop
  endfacet
  facet normal -6.123234e-017  0.000000e+000 -1.000000e+000
    outer loop
      vertex  7.500000e-001 -2.500000e-001 -4.592425e-017
      vertex  1.718750e-001  0.000000e+000 -1.052431e-017
      vertex  7.500000e-001  0.000000e+000 -4.592425e-017
    endloop
  endfacet
  facet normal -9.801715e-002  0.000000e+000 -9.951847e-001
    outer loop
      vertex  1.718750e-001  0.000000e+000 -1.052431e-017
      vertex  1.718750e-001 -2.500000e-001 -1.052431e-017
      vertex  1.383439e-001  0.000000e+000  3.302530e-003
    endloop
  endfacet
  facet normal -9.801715e-002  -0.000000e+000 -9.951847e-001
    outer loop
      vertex  1.383439e-001  0.000000e+000  3.302530e-003
      vertex  1.718750e-001 -2.500000e-001 -1.052431e-017
      vertex  1.383439e-001 -2.500000e-001  3.302530e-003
    endloop
  endfacet
  facet normal -2.902846e-001  0.000000e+000 -9.569404e-001
    outer loop
      vertex  1.383439e-001  0.000000e+000  3.302530e-003
      vertex  1.383439e-001 -2.500000e-001  3.302530e-003
      vertex  1.061013e-001  0.000000e+000  1.308321e-002
    endloop
  endfacet
  facet normal -2.902846e-001  -0.000000e+000 -9.569404e-001
    outer loop
      vertex  1.061013e-001  0.000000e+000  1.308321e-002
      vertex  1.383439e-001 -2.500000e-001  3.302530e-003
      vertex  1.061013e-001 -2.500000e-001  1.308321e-002
    endloop
  endfacet
  facet normal -4.713968e-001  0.000000e+000 -8.819212e-001
    outer loop
      vertex  1.061013e-001  0.000000e+000  1.308321e-002
      vertex  1.061013e-001 -2.500000e-001  1.308321e-002
      vertex  7.638637e-002  0.000000e+000  2.896616e-002
    endloop
  endfacet
  facet normal -4.713968e-001  -0.000000e+000 -8.819212e-001
    outer loop
      vertex  7.638637e-002  0.000000e+000  2.896616e-002
      vertex  1.061013e-001 -2.500000e-001  1.308321e-002
      vertex  7.638637e-002 -2.500000e-001  2.896616e-002
    endloop
  endfacet
  facet normal -6.343932e-001  0.000000e+000 -7.730105e-001
    outer loop
      vertex  7.638637e-002  0.000000e+000  2.896616e-002
      vertex  7.638637e-002 -2.500000e-001  2.896616e-002
      vertex  5.034102e-002  0.000000e+000  5.034102e-002
    endloop
  endfacet
  facet normal -6.343932e-001  -0.000000e+000 -7.730105e-001
    outer loop
      vertex  5.034102e-002  0.000000e+000  5.034102e-002
      vertex  7.638637e-002 -2.500000e-001  2.896616e-002
      vertex  5.034102e-002 -2.500000e-001  5.034102e-002
    endloop
  endfacet
  facet normal -7.730105e-001  0.000000e+000 -6.343932e-001
    outer loop
      vertex  5.034102e-002  0.000000e+000  5.034102e-002
      vertex  5.034102e-002 -2.500000e-001  5.034102e-002
      vertex  2.896616e-002  0.000000e+000  7.638637e-002
    endloop
  endfacet
  facet normal -7.730105e-001  -0.000000e+000 -6.343932e-001
    outer loop
      vertex  2.896616e-002  0.000000e+000  7.638637e-002
      vertex  5.034102e-002 -2.500000e-001  5.034102e-002
      vertex  2.896616e-002 -2.500000e-001  7.638637e-002
    endloop
  endfacet
  facet normal -8.819212e-001  0.000000e+000 -4.713968e-001
    outer loop
      vertex  2.896616e-002  0.000000e+000  7.638637e-002
      vertex  2.896616e-002 -2.500000e-001  7.638637e-002
      vertex  1.308321e-002  0.000000e+000  1.061013e-001
    endloop
  endfacet
  facet normal -8.819212e-001  -0.000000e+000 -4.713968e-001
    outer loop
      vertex  1.308321e-002  0.000000e+000  1.061013e-001
      vertex  2.896616e-002 -2.500000e-001  7.638637e-002
      vertex  1.308321e-002 -2.500000e-001  1.061013e-001
    endloop
  endfacet
  facet normal -9.569404e-001  0.000000e+000 -2.902846e-001
    outer loop
      vertex  1.308321e-002  0.000000e+000  1.061013e-001
      vertex  1.308321e-002 -2.500000e-001  1.061013e-001
      vertex  3.302530e-003  0.000000e+000  1.383439e-001
    endloop
  endfacet
  facet normal -9.569404e-001  -0.000000e+000 -2.902846e-001
    outer loop
      vertex  3.302530e-003  0.000000e+000  1.383439e-001
      vertex  1.308321e-002 -2.500000e-001  1.061013e-001
      vertex  3.302530e-003 -2.500000e-001  1.383439e-001
    endloop
  endfacet
  facet normal -9.951847e-001  0.000000e+000 -9.801715e-002
    outer loop
      vertex  3.302530e-003  0.000000e+000  1.383439e-001
      vertex  3.302530e-003 -2.500000e-001  1.383439e-001
      vertex  1.052431e-017  0.000000e+000  1.718750e-001
    endloop
  endfacet
  facet normal -9.951847e-001  -0.000000e+000 -9.801715e-002
    outer loop
      vertex  1.052431e-017  0.000000e+000  1.718750e-001
      vertex  3.302530e-003 -2.500000e-001  1.383439e-001
      vertex  1.052431e-017 -2.500000e-001  1.718750e-001
    endloop
  endfacet
  facet normal  0.000000e+000  0.000000e+000  1.000000e+000
    outer loop
      vertex  7.500000e-001 -2.500000e-001  7.342106e-001
      vertex  7.500000e-001  0.000000e+000  7.342106e-001
      vertex  4.495743e-017 -2.500000e-001  7.342106e-001
    endloop
  endfacet
  facet normal  0.000000e+000  0.000000e+000  1.000000e+000
    outer loop
      vertex  4.495743e-017 -2.500000e-001  7.342106e-001
      vertex  7.500000e-001  0.000000e+000  7.342106e-001
      vertex  4.495743e-017  0.000000e+000  7.342106e-001
    endloop
  endfacet
  facet normal  1.000000e+000  0.000000e+000  0.000000e+000
    outer loop
      vertex  7.500000e-001 -2.500000e-001 -4.592425e-017
      vertex  7.500000e-001  0.000000e+000 -4.592425e-017
      vertex  7.500000e-001 -2.500000e-001  7.342106e-001
    endloop
  endfacet
  facet normal  1.000000e+000  -0.000000e+000  0.000000e+000
    outer loop
      vertex  7.500000e-001 -2.500000e-001  7.342106e-001
      vertex  7.500000e-001  0.000000e+000 -4.592425e-017
      vertex  7.500000e-001  0.000000e+000  7.342106e-001
    endloop
  endfacet
endsolid CATIA STL
