solid CATIA STL
  facet normal  0.000000e+000  0.000000e+000  1.000000e+000
    outer loop
      vertex -2.500000e-001  2.500000e-001  7.500000e-001
      vertex -2.500000e-001 -2.500000e-001  7.500000e-001
      vertex  2.500000e-001 -2.500000e-001  7.500000e-001
    endloop
  endfacet
  facet normal  0.000000e+000  -0.000000e+000  1.000000e+000
    outer loop
      vertex -2.500000e-001  2.500000e-001  7.500000e-001
      vertex  2.500000e-001 -2.500000e-001  7.500000e-001
      vertex  2.500000e-001  1.015625e-001  7.500000e-001
    endloop
  endfacet
  facet normal  0.000000e+000  0.000000e+000  1.000000e+000
    outer loop
      vertex -2.500000e-001  2.500000e-001  7.500000e-001
      vertex  2.500000e-001  1.015625e-001  7.500000e-001
      vertex  2.471478e-001  1.305212e-001  7.500000e-001
    endloop
  endfacet
  facet normal  0.000000e+000  0.000000e+000  1.000000e+000
    outer loop
      vertex -2.500000e-001  2.500000e-001  7.500000e-001
      vertex  2.471478e-001  1.305212e-001  7.500000e-001
      vertex  2.387009e-001  1.583671e-001  7.500000e-001
    endloop
  endfacet
  facet normal  0.000000e+000  0.000000e+000  1.000000e+000
    outer loop
      vertex -2.500000e-001  2.500000e-001  7.500000e-001
      vertex  2.387009e-001  1.583671e-001  7.500000e-001
      vertex  2.249838e-001  1.840300e-001  7.500000e-001
    endloop
  endfacet
  facet normal  0.000000e+000  0.000000e+000  9.999999e-001
    outer loop
      vertex -2.500000e-001  2.500000e-001  7.500000e-001
      vertex  2.249838e-001  1.840300e-001  7.500000e-001
      vertex  2.065237e-001  2.065237e-001  7.500000e-001
    endloop
  endfacet
  facet normal  0.000000e+000  0.000000e+000  1.000000e+000
    outer loop
      vertex -2.500000e-001  2.500000e-001  7.500000e-001
      vertex  2.065237e-001  2.065237e-001  7.500000e-001
      vertex  1.840300e-001  2.249838e-001  7.500000e-001
    endloop
  endfacet
  facet normal  0.000000e+000  0.000000e+000  1.000000e+000
    outer loop
      vertex -2.500000e-001  2.500000e-001  7.500000e-001
      vertex  1.840300e-001  2.249838e-001  7.500000e-001
      vertex  1.583671e-001  2.387009e-001  7.500000e-001
    endloop
  endfacet
  facet normal  0.000000e+000  0.000000e+000  1.000000e+000
    outer loop
      vertex -2.500000e-001  2.500000e-001  7.500000e-001
      vertex  1.583671e-001  2.387009e-001  7.500000e-001
      vertex  1.305212e-001  2.471478e-001  7.500000e-001
    endloop
  endfacet
  facet normal  0.000000e+000  0.000000e+000  1.000000e+000
    outer loop
      vertex -2.500000e-001  2.500000e-001  7.500000e-001
      vertex  1.305212e-001  2.471478e-001  7.500000e-001
      vertex  1.015625e-001  2.500000e-001  7.500000e-001
    endloop
  endfacet
  facet normal  -0.000000e+000  -0.000000e+000 -1.000000e+000
    outer loop
      vertex -2.500000e-001  2.500000e-001  0.000000e+000
      vertex  1.015625e-001  2.500000e-001  0.000000e+000
      vertex  1.305212e-001  2.471478e-001  0.000000e+000
    endloop
  endfacet
  facet normal  -0.000000e+000  -0.000000e+000 -1.000000e+000
    outer loop
      vertex -2.500000e-001  2.500000e-001  0.000000e+000
      vertex  1.305212e-001  2.471478e-001  0.000000e+000
      vertex  1.583671e-001  2.387009e-001  0.000000e+000
    endloop
  endfacet
  facet normal  -0.000000e+000  -0.000000e+000 -1.000000e+000
    outer loop
      vertex -2.500000e-001  2.500000e-001  0.000000e+000
      vertex  1.583671e-001  2.387009e-001  0.000000e+000
      vertex  1.840300e-001  2.249838e-001  0.000000e+000
    endloop
  endfacet
  facet normal  -0.000000e+000  -0.000000e+000 -1.000000e+000
    outer loop
      vertex -2.500000e-001  2.500000e-001  0.000000e+000
      vertex  1.840300e-001  2.249838e-001  0.000000e+000
      vertex  2.065237e-001  2.065237e-001  0.000000e+000
    endloop
  endfacet
  facet normal  -0.000000e+000  -0.000000e+000 -9.999999e-001
    outer loop
      vertex -2.500000e-001  2.500000e-001  0.000000e+000
      vertex  2.065237e-001  2.065237e-001  0.000000e+000
      vertex  2.249838e-001  1.840300e-001  0.000000e+000
    endloop
  endfacet
  facet normal  -0.000000e+000  -0.000000e+000 -1.000000e+000
    outer loop
      vertex -2.500000e-001  2.500000e-001  0.000000e+000
      vertex  2.249838e-001  1.840300e-001  0.000000e+000
      vertex  2.387009e-001  1.583671e-001  0.000000e+000
    endloop
  endfacet
  facet normal  -0.000000e+000  -0.000000e+000 -1.000000e+000
    outer loop
      vertex -2.500000e-001  2.500000e-001  0.000000e+000
      vertex  2.387009e-001  1.583671e-001  0.000000e+000
      vertex  2.471478e-001  1.305212e-001  0.000000e+000
    endloop
  endfacet
  facet normal  -0.000000e+000  -0.000000e+000 -1.000000e+000
    outer loop
      vertex -2.500000e-001  2.500000e-001  0.000000e+000
      vertex  2.471478e-001  1.305212e-001  0.000000e+000
      vertex  2.500000e-001  1.015625e-001  0.000000e+000
    endloop
  endfacet
  facet normal  -0.000000e+000  -0.000000e+000 -1.000000e+000
    outer loop
      vertex -2.500000e-001  2.500000e-001  0.000000e+000
      vertex  2.500000e-001  1.015625e-001  0.000000e+000
      vertex  2.500000e-001 -2.500000e-001  0.000000e+000
    endloop
  endfacet
  facet normal  0.000000e+000  0.000000e+000 -1.000000e+000
    outer loop
      vertex -2.500000e-001  2.500000e-001  0.000000e+000
      vertex  2.500000e-001 -2.500000e-001  0.000000e+000
      vertex -2.500000e-001 -2.500000e-001  0.000000e+000
    endloop
  endfacet
  facet normal  0.000000e+000  1.000000e+000  0.000000e+000
    outer loop
      vertex  1.015625e-001  2.500000e-001  0.000000e+000
      vertex -2.500000e-001  2.500000e-001  0.000000e+000
      vertex  1.015625e-001  2.500000e-001  7.500000e-001
    endloop
  endfacet
  facet normal  0.000000e+000  1.000000e+000  0.000000e+000
    outer loop
      vertex  1.015625e-001  2.500000e-001  7.500000e-001
      vertex -2.500000e-001  2.500000e-001  0.000000e+000
      vertex -2.500000e-001  2.500000e-001  7.500000e-001
    endloop
  endfacet
  facet normal  1.000000e+000  0.000000e+000  0.000000e+000
    outer loop
      vertex  2.500000e-001 -2.500000e-001  0.000000e+000
      vertex  2.500000e-001  1.015625e-001  0.000000e+000
      vertex  2.500000e-001 -2.500000e-001  7.500000e-001
    endloop
  endfacet
  facet normal  1.000000e+000  -0.000000e+000  0.000000e+000
    outer loop
      vertex  2.500000e-001 -2.500000e-001  7.500000e-001
      vertex  2.500000e-001  1.015625e-001  0.000000e+000
      vertex  2.500000e-001  1.015625e-001  7.500000e-001
    endloop
  endfacet
  facet normal  9.801719e-002  9.951847e-001  0.000000e+000
    outer loop
      vertex  1.015625e-001  2.500000e-001  0.000000e+000
      vertex  1.015625e-001  2.500000e-001  7.500000e-001
      vertex  1.305212e-001  2.471478e-001  0.000000e+000
    endloop
  endfacet
  facet normal  9.801719e-002  9.951847e-001  -0.000000e+000
    outer loop
      vertex  1.305212e-001  2.471478e-001  0.000000e+000
      vertex  1.015625e-001  2.500000e-001  7.500000e-001
      vertex  1.305212e-001  2.471478e-001  7.500000e-001
    endloop
  endfacet
  facet normal  2.902847e-001  9.569403e-001  0.000000e+000
    outer loop
      vertex  1.305212e-001  2.471478e-001  0.000000e+000
      vertex  1.305212e-001  2.471478e-001  7.500000e-001
      vertex  1.583671e-001  2.387009e-001  0.000000e+000
    endloop
  endfacet
  facet normal  2.902847e-001  9.569403e-001  -0.000000e+000
    outer loop
      vertex  1.583671e-001  2.387009e-001  0.000000e+000
      vertex  1.305212e-001  2.471478e-001  7.500000e-001
      vertex  1.583671e-001  2.387009e-001  7.500000e-001
    endloop
  endfacet
  facet normal  4.713968e-001  8.819212e-001  0.000000e+000
    outer loop
      vertex  1.583671e-001  2.387009e-001  0.000000e+000
      vertex  1.583671e-001  2.387009e-001  7.500000e-001
      vertex  1.840300e-001  2.249838e-001  0.000000e+000
    endloop
  endfacet
  facet normal  4.713968e-001  8.819212e-001  -0.000000e+000
    outer loop
      vertex  1.840300e-001  2.249838e-001  0.000000e+000
      vertex  1.583671e-001  2.387009e-001  7.500000e-001
      vertex  1.840300e-001  2.249838e-001  7.500000e-001
    endloop
  endfacet
  facet normal  6.343933e-001  7.730104e-001  0.000000e+000
    outer loop
      vertex  1.840300e-001  2.249838e-001  0.000000e+000
      vertex  1.840300e-001  2.249838e-001  7.500000e-001
      vertex  2.065237e-001  2.065237e-001  0.000000e+000
    endloop
  endfacet
  facet normal  6.343933e-001  7.730104e-001  -0.000000e+000
    outer loop
      vertex  2.065237e-001  2.065237e-001  0.000000e+000
      vertex  1.840300e-001  2.249838e-001  7.500000e-001
      vertex  2.065237e-001  2.065237e-001  7.500000e-001
    endloop
  endfacet
  facet normal  7.730104e-001  6.343933e-001  0.000000e+000
    outer loop
      vertex  2.065237e-001  2.065237e-001  0.000000e+000
      vertex  2.065237e-001  2.065237e-001  7.500000e-001
      vertex  2.249838e-001  1.840300e-001  0.000000e+000
    endloop
  endfacet
  facet normal  7.730104e-001  6.343933e-001  -0.000000e+000
    outer loop
      vertex  2.249838e-001  1.840300e-001  0.000000e+000
      vertex  2.065237e-001  2.065237e-001  7.500000e-001
      vertex  2.249838e-001  1.840300e-001  7.500000e-001
    endloop
  endfacet
  facet normal  8.819212e-001  4.713968e-001  0.000000e+000
    outer loop
      vertex  2.249838e-001  1.840300e-001  0.000000e+000
      vertex  2.249838e-001  1.840300e-001  7.500000e-001
      vertex  2.387009e-001  1.583671e-001  0.000000e+000
    endloop
  endfacet
  facet normal  8.819212e-001  4.713968e-001  -0.000000e+000
    outer loop
      vertex  2.387009e-001  1.583671e-001  0.000000e+000
      vertex  2.249838e-001  1.840300e-001  7.500000e-001
      vertex  2.387009e-001  1.583671e-001  7.500000e-001
    endloop
  endfacet
  facet normal  9.569403e-001  2.902847e-001  0.000000e+000
    outer loop
      vertex  2.387009e-001  1.583671e-001  0.000000e+000
      vertex  2.387009e-001  1.583671e-001  7.500000e-001
      vertex  2.471478e-001  1.305212e-001  0.000000e+000
    endloop
  endfacet
  facet normal  9.569403e-001  2.902847e-001  -0.000000e+000
    outer loop
      vertex  2.471478e-001  1.305212e-001  0.000000e+000
      vertex  2.387009e-001  1.583671e-001  7.500000e-001
      vertex  2.471478e-001  1.305212e-001  7.500000e-001
    endloop
  endfacet
  facet normal  9.951847e-001  9.801719e-002  0.000000e+000
    outer loop
      vertex  2.471478e-001  1.305212e-001  0.000000e+000
      vertex  2.471478e-001  1.305212e-001  7.500000e-001
      vertex  2.500000e-001  1.015625e-001  0.000000e+000
    endloop
  endfacet
  facet normal  9.951847e-001  9.801719e-002  -0.000000e+000
    outer loop
      vertex  2.500000e-001  1.015625e-001  0.000000e+000
      vertex  2.471478e-001  1.305212e-001  7.500000e-001
      vertex  2.500000e-001  1.015625e-001  7.500000e-001
    endloop
  endfacet
  facet normal -1.000000e+000  0.000000e+000  0.000000e+000
    outer loop
      vertex -2.500000e-001  2.500000e-001  0.000000e+000
      vertex -2.500000e-001 -2.500000e-001  0.000000e+000
      vertex -2.500000e-001  2.500000e-001  7.500000e-001
    endloop
  endfacet
  facet normal -1.000000e+000  -0.000000e+000  0.000000e+000
    outer loop
      vertex -2.500000e-001  2.500000e-001  7.500000e-001
      vertex -2.500000e-001 -2.500000e-001  0.000000e+000
      vertex -2.500000e-001 -2.500000e-001  7.500000e-001
    endloop
  endfacet
  facet normal  0.000000e+000 -1.000000e+000  0.000000e+000
    outer loop
      vertex -2.500000e-001 -2.500000e-001  0.000000e+000
      vertex  2.500000e-001 -2.500000e-001  0.000000e+000
      vertex -2.500000e-001 -2.500000e-001  7.500000e-001
    endloop
  endfacet
  facet normal  0.000000e+000 -1.000000e+000  0.000000e+000
    outer loop
      vertex -2.500000e-001 -2.500000e-001  7.500000e-001
      vertex  2.500000e-001 -2.500000e-001  0.000000e+000
      vertex  2.500000e-001 -2.500000e-001  7.500000e-001
    endloop
  endfacet
endsolid CATIA STL
