solid CATIA STL
  facet normal  0.000000e+000  0.000000e+000  1.000000e+000
    outer loop
      vertex  1.562500e-002  0.000000e+000  7.812500e-003
      vertex  7.500000e-001  0.000000e+000  7.812500e-003
      vertex  1.189382e-003  9.645571e-003  7.812500e-003
    endloop
  endfacet
  facet normal  -0.000000e+000  0.000000e+000  1.000000e+000
    outer loop
      vertex  7.500000e-001  2.526316e-001  7.812500e-003
      vertex  0.000000e+000  2.526316e-001  7.812500e-003
      vertex  0.000000e+000  1.562500e-002  7.812500e-003
    endloop
  endfacet
  facet normal  -0.000000e+000  0.000000e+000  1.000000e+000
    outer loop
      vertex  7.500000e-001  2.526316e-001  7.812500e-003
      vertex  0.000000e+000  1.562500e-002  7.812500e-003
      vertex  3.002300e-004  1.257671e-002  7.812500e-003
    endloop
  endfacet
  facet normal  -0.000000e+000  0.000000e+000  1.000000e+000
    outer loop
      vertex  7.500000e-001  2.526316e-001  7.812500e-003
      vertex  3.002300e-004  1.257671e-002  7.812500e-003
      vertex  1.189382e-003  9.645571e-003  7.812500e-003
    endloop
  endfacet
  facet normal  -0.000000e+000  0.000000e+000  1.000000e+000
    outer loop
      vertex  7.500000e-001  2.526316e-001  7.812500e-003
      vertex  1.189382e-003  9.645571e-003  7.812500e-003
      vertex  7.500000e-001  0.000000e+000  7.812500e-003
    endloop
  endfacet
  facet normal  0.000000e+000  0.000000e+000  1.000000e+000
    outer loop
      vertex  1.257671e-002  3.002300e-004  7.812500e-003
      vertex  1.562500e-002  0.000000e+000  7.812500e-003
      vertex  1.189382e-003  9.645571e-003  7.812500e-003
    endloop
  endfacet
  facet normal  0.000000e+000  0.000000e+000  1.000000e+000
    outer loop
      vertex  1.257671e-002  3.002300e-004  7.812500e-003
      vertex  1.189382e-003  9.645571e-003  7.812500e-003
      vertex  2.633287e-003  6.944215e-003  7.812500e-003
    endloop
  endfacet
  facet normal  0.000000e+000  0.000000e+000  1.000000e+000
    outer loop
      vertex  1.257671e-002  3.002300e-004  7.812500e-003
      vertex  2.633287e-003  6.944215e-003  7.812500e-003
      vertex  4.576457e-003  4.576457e-003  7.812500e-003
    endloop
  endfacet
  facet normal  0.000000e+000  0.000000e+000  9.999999e-001
    outer loop
      vertex  1.257671e-002  3.002300e-004  7.812500e-003
      vertex  4.576457e-003  4.576457e-003  7.812500e-003
      vertex  6.944215e-003  2.633287e-003  7.812500e-003
    endloop
  endfacet
  facet normal  0.000000e+000  0.000000e+000  1.000000e+000
    outer loop
      vertex  1.257671e-002  3.002300e-004  7.812500e-003
      vertex  6.944215e-003  2.633287e-003  7.812500e-003
      vertex  9.645571e-003  1.189382e-003  7.812500e-003
    endloop
  endfacet
  facet normal  0.000000e+000  0.000000e+000 -1.000000e+000
    outer loop
      vertex  1.189382e-003  9.645571e-003  0.000000e+000
      vertex  7.500000e-001  0.000000e+000  0.000000e+000
      vertex  1.562500e-002  0.000000e+000  0.000000e+000
    endloop
  endfacet
  facet normal  0.000000e+000  0.000000e+000 -1.000000e+000
    outer loop
      vertex  7.500000e-001  2.526316e-001  0.000000e+000
      vertex  7.500000e-001  0.000000e+000  0.000000e+000
      vertex  1.189382e-003  9.645571e-003  0.000000e+000
    endloop
  endfacet
  facet normal  0.000000e+000  0.000000e+000 -1.000000e+000
    outer loop
      vertex  7.500000e-001  2.526316e-001  0.000000e+000
      vertex  1.189382e-003  9.645571e-003  0.000000e+000
      vertex  3.002300e-004  1.257671e-002  0.000000e+000
    endloop
  endfacet
  facet normal  0.000000e+000  0.000000e+000 -1.000000e+000
    outer loop
      vertex  7.500000e-001  2.526316e-001  0.000000e+000
      vertex  3.002300e-004  1.257671e-002  0.000000e+000
      vertex  0.000000e+000  1.562500e-002  0.000000e+000
    endloop
  endfacet
  facet normal  0.000000e+000  0.000000e+000 -1.000000e+000
    outer loop
      vertex  7.500000e-001  2.526316e-001  0.000000e+000
      vertex  0.000000e+000  1.562500e-002  0.000000e+000
      vertex  0.000000e+000  2.526316e-001  0.000000e+000
    endloop
  endfacet
  facet normal  0.000000e+000  0.000000e+000 -1.000000e+000
    outer loop
      vertex  1.257671e-002  3.002300e-004  0.000000e+000
      vertex  9.645571e-003  1.189382e-003  0.000000e+000
      vertex  6.944215e-003  2.633287e-003  0.000000e+000
    endloop
  endfacet
  facet normal  0.000000e+000  0.000000e+000 -9.999999e-001
    outer loop
      vertex  1.257671e-002  3.002300e-004  0.000000e+000
      vertex  6.944215e-003  2.633287e-003  0.000000e+000
      vertex  4.576457e-003  4.576457e-003  0.000000e+000
    endloop
  endfacet
  facet normal  0.000000e+000  0.000000e+000 -1.000000e+000
    outer loop
      vertex  1.257671e-002  3.002300e-004  0.000000e+000
      vertex  4.576457e-003  4.576457e-003  0.000000e+000
      vertex  2.633287e-003  6.944215e-003  0.000000e+000
    endloop
  endfacet
  facet normal  0.000000e+000  0.000000e+000 -1.000000e+000
    outer loop
      vertex  1.257671e-002  3.002300e-004  0.000000e+000
      vertex  2.633287e-003  6.944215e-003  0.000000e+000
      vertex  1.189382e-003  9.645571e-003  0.000000e+000
    endloop
  endfacet
  facet normal  0.000000e+000  0.000000e+000 -1.000000e+000
    outer loop
      vertex  1.257671e-002  3.002300e-004  0.000000e+000
      vertex  1.189382e-003  9.645571e-003  0.000000e+000
      vertex  1.562500e-002  0.000000e+000  0.000000e+000
    endloop
  endfacet
  facet normal -1.000000e+000  0.000000e+000  0.000000e+000
    outer loop
      vertex  0.000000e+000  2.526316e-001  7.812500e-003
      vertex  0.000000e+000  2.526316e-001  0.000000e+000
      vertex  0.000000e+000  1.562500e-002  7.812500e-003
    endloop
  endfacet
  facet normal -1.000000e+000  0.000000e+000  0.000000e+000
    outer loop
      vertex  0.000000e+000  1.562500e-002  7.812500e-003
      vertex  0.000000e+000  2.526316e-001  0.000000e+000
      vertex  0.000000e+000  1.562500e-002  0.000000e+000
    endloop
  endfacet
  facet normal  0.000000e+000 -9.999999e-001  0.000000e+000
    outer loop
      vertex  1.562500e-002  0.000000e+000  7.812500e-003
      vertex  1.562500e-002  0.000000e+000  0.000000e+000
      vertex  7.500000e-001  0.000000e+000  7.812500e-003
    endloop
  endfacet
  facet normal  0.000000e+000 -9.999999e-001  -0.000000e+000
    outer loop
      vertex  7.500000e-001  0.000000e+000  7.812500e-003
      vertex  1.562500e-002  0.000000e+000  0.000000e+000
      vertex  7.500000e-001  0.000000e+000  0.000000e+000
    endloop
  endfacet
  facet normal -9.801716e-002 -9.951848e-001  -0.000000e+000
    outer loop
      vertex  1.562500e-002  0.000000e+000  0.000000e+000
      vertex  1.562500e-002  0.000000e+000  7.812500e-003
      vertex  1.257671e-002  3.002300e-004  0.000000e+000
    endloop
  endfacet
  facet normal -9.801716e-002 -9.951848e-001  0.000000e+000
    outer loop
      vertex  1.257671e-002  3.002300e-004  0.000000e+000
      vertex  1.562500e-002  0.000000e+000  7.812500e-003
      vertex  1.257671e-002  3.002300e-004  7.812500e-003
    endloop
  endfacet
  facet normal -2.902846e-001 -9.569404e-001  -0.000000e+000
    outer loop
      vertex  1.257671e-002  3.002300e-004  0.000000e+000
      vertex  1.257671e-002  3.002300e-004  7.812500e-003
      vertex  9.645571e-003  1.189382e-003  0.000000e+000
    endloop
  endfacet
  facet normal -2.902846e-001 -9.569404e-001  0.000000e+000
    outer loop
      vertex  9.645571e-003  1.189382e-003  0.000000e+000
      vertex  1.257671e-002  3.002300e-004  7.812500e-003
      vertex  9.645571e-003  1.189382e-003  7.812500e-003
    endloop
  endfacet
  facet normal -4.713968e-001 -8.819213e-001  -0.000000e+000
    outer loop
      vertex  9.645571e-003  1.189382e-003  0.000000e+000
      vertex  9.645571e-003  1.189382e-003  7.812500e-003
      vertex  6.944215e-003  2.633287e-003  0.000000e+000
    endloop
  endfacet
  facet normal -4.713968e-001 -8.819213e-001  0.000000e+000
    outer loop
      vertex  6.944215e-003  2.633287e-003  0.000000e+000
      vertex  9.645571e-003  1.189382e-003  7.812500e-003
      vertex  6.944215e-003  2.633287e-003  7.812500e-003
    endloop
  endfacet
  facet normal -6.343934e-001 -7.730104e-001  -0.000000e+000
    outer loop
      vertex  6.944215e-003  2.633287e-003  0.000000e+000
      vertex  6.944215e-003  2.633287e-003  7.812500e-003
      vertex  4.576457e-003  4.576457e-003  0.000000e+000
    endloop
  endfacet
  facet normal -6.343934e-001 -7.730104e-001  0.000000e+000
    outer loop
      vertex  4.576457e-003  4.576457e-003  0.000000e+000
      vertex  6.944215e-003  2.633287e-003  7.812500e-003
      vertex  4.576457e-003  4.576457e-003  7.812500e-003
    endloop
  endfacet
  facet normal -7.730104e-001 -6.343934e-001  -0.000000e+000
    outer loop
      vertex  4.576457e-003  4.576457e-003  0.000000e+000
      vertex  4.576457e-003  4.576457e-003  7.812500e-003
      vertex  2.633287e-003  6.944215e-003  0.000000e+000
    endloop
  endfacet
  facet normal -7.730104e-001 -6.343934e-001  0.000000e+000
    outer loop
      vertex  2.633287e-003  6.944215e-003  0.000000e+000
      vertex  4.576457e-003  4.576457e-003  7.812500e-003
      vertex  2.633287e-003  6.944215e-003  7.812500e-003
    endloop
  endfacet
  facet normal -8.819213e-001 -4.713968e-001  -0.000000e+000
    outer loop
      vertex  2.633287e-003  6.944215e-003  0.000000e+000
      vertex  2.633287e-003  6.944215e-003  7.812500e-003
      vertex  1.189382e-003  9.645571e-003  0.000000e+000
    endloop
  endfacet
  facet normal -8.819213e-001 -4.713968e-001  0.000000e+000
    outer loop
      vertex  1.189382e-003  9.645571e-003  0.000000e+000
      vertex  2.633287e-003  6.944215e-003  7.812500e-003
      vertex  1.189382e-003  9.645571e-003  7.812500e-003
    endloop
  endfacet
  facet normal -9.569404e-001 -2.902846e-001  -0.000000e+000
    outer loop
      vertex  1.189382e-003  9.645571e-003  0.000000e+000
      vertex  1.189382e-003  9.645571e-003  7.812500e-003
      vertex  3.002300e-004  1.257671e-002  0.000000e+000
    endloop
  endfacet
  facet normal -9.569404e-001 -2.902846e-001  0.000000e+000
    outer loop
      vertex  3.002300e-004  1.257671e-002  0.000000e+000
      vertex  1.189382e-003  9.645571e-003  7.812500e-003
      vertex  3.002300e-004  1.257671e-002  7.812500e-003
    endloop
  endfacet
  facet normal -9.951848e-001 -9.801716e-002  -0.000000e+000
    outer loop
      vertex  3.002300e-004  1.257671e-002  0.000000e+000
      vertex  3.002300e-004  1.257671e-002  7.812500e-003
      vertex  0.000000e+000  1.562500e-002  0.000000e+000
    endloop
  endfacet
  facet normal -9.951848e-001 -9.801716e-002  0.000000e+000
    outer loop
      vertex  0.000000e+000  1.562500e-002  0.000000e+000
      vertex  3.002300e-004  1.257671e-002  7.812500e-003
      vertex  0.000000e+000  1.562500e-002  7.812500e-003
    endloop
  endfacet
  facet normal  0.000000e+000  1.000000e+000  -0.000000e+000
    outer loop
      vertex  7.500000e-001  2.526316e-001  7.812500e-003
      vertex  7.500000e-001  2.526316e-001  0.000000e+000
      vertex  0.000000e+000  2.526316e-001  7.812500e-003
    endloop
  endfacet
  facet normal  0.000000e+000  1.000000e+000  0.000000e+000
    outer loop
      vertex  0.000000e+000  2.526316e-001  7.812500e-003
      vertex  7.500000e-001  2.526316e-001  0.000000e+000
      vertex  0.000000e+000  2.526316e-001  0.000000e+000
    endloop
  endfacet
  facet normal  1.000000e+000  0.000000e+000  0.000000e+000
    outer loop
      vertex  7.500000e-001  0.000000e+000  7.812500e-003
      vertex  7.500000e-001  0.000000e+000  0.000000e+000
      vertex  7.500000e-001  2.526316e-001  7.812500e-003
    endloop
  endfacet
  facet normal  1.000000e+000  0.000000e+000  0.000000e+000
    outer loop
      vertex  7.500000e-001  2.526316e-001  7.812500e-003
      vertex  7.500000e-001  0.000000e+000  0.000000e+000
      vertex  7.500000e-001  2.526316e-001  0.000000e+000
    endloop
  endfacet
endsolid CATIA STL
