solid CATIA STL
  facet normal  0.000000e+000 -1.000000e+000  0.000000e+000
    outer loop
      vertex  7.812500e-002 -7.500000e-001  1.093750e-001
      vertex  9.008386e-002 -7.500000e-001  1.069962e-001
      vertex  8.422157e-002 -7.500000e-001  1.087745e-001
    endloop
  endfacet
  facet normal  0.000000e+000 -1.000000e+000  0.000000e+000
    outer loop
      vertex  6.697287e-018 -7.500000e-001  1.093750e-001
      vertex  0.000000e+000 -7.500000e-001  0.000000e+000
      vertex  1.093750e-001 -7.500000e-001 -6.697287e-018
    endloop
  endfacet
  facet normal  0.000000e+000 -1.000000e+000  0.000000e+000
    outer loop
      vertex  6.697287e-018 -7.500000e-001  1.093750e-001
      vertex  1.093750e-001 -7.500000e-001 -6.697287e-018
      vertex  1.093750e-001 -7.500000e-001  7.812500e-002
    endloop
  endfacet
  facet normal  0.000000e+000 -1.000000e+000  0.000000e+000
    outer loop
      vertex  6.697287e-018 -7.500000e-001  1.093750e-001
      vertex  1.093750e-001 -7.500000e-001  7.812500e-002
      vertex  1.087745e-001 -7.500000e-001  8.422157e-002
    endloop
  endfacet
  facet normal  0.000000e+000 -1.000000e+000  0.000000e+000
    outer loop
      vertex  6.697287e-018 -7.500000e-001  1.093750e-001
      vertex  1.087745e-001 -7.500000e-001  8.422157e-002
      vertex  1.069962e-001 -7.500000e-001  9.008386e-002
    endloop
  endfacet
  facet normal  0.000000e+000 -1.000000e+000  0.000000e+000
    outer loop
      vertex  6.697287e-018 -7.500000e-001  1.093750e-001
      vertex  1.069962e-001 -7.500000e-001  9.008386e-002
      vertex  1.041084e-001 -7.500000e-001  9.548657e-002
    endloop
  endfacet
  facet normal  0.000000e+000 -1.000000e+000  0.000000e+000
    outer loop
      vertex  6.697287e-018 -7.500000e-001  1.093750e-001
      vertex  1.041084e-001 -7.500000e-001  9.548657e-002
      vertex  1.002221e-001 -7.500000e-001  1.002221e-001
    endloop
  endfacet
  facet normal  0.000000e+000 -1.000000e+000  0.000000e+000
    outer loop
      vertex  6.697287e-018 -7.500000e-001  1.093750e-001
      vertex  1.002221e-001 -7.500000e-001  1.002221e-001
      vertex  9.548657e-002 -7.500000e-001  1.041084e-001
    endloop
  endfacet
  facet normal  0.000000e+000 -1.000000e+000  0.000000e+000
    outer loop
      vertex  6.697287e-018 -7.500000e-001  1.093750e-001
      vertex  9.548657e-002 -7.500000e-001  1.041084e-001
      vertex  9.008386e-002 -7.500000e-001  1.069962e-001
    endloop
  endfacet
  facet normal  0.000000e+000 -1.000000e+000  0.000000e+000
    outer loop
      vertex  6.697287e-018 -7.500000e-001  1.093750e-001
      vertex  9.008386e-002 -7.500000e-001  1.069962e-001
      vertex  7.812500e-002 -7.500000e-001  1.093750e-001
    endloop
  endfacet
  facet normal  0.000000e+000  1.000000e+000  0.000000e+000
    outer loop
      vertex  8.422157e-002  0.000000e+000  1.087745e-001
      vertex  9.008386e-002  0.000000e+000  1.069962e-001
      vertex  7.812500e-002  0.000000e+000  1.093750e-001
    endloop
  endfacet
  facet normal  0.000000e+000  1.000000e+000  0.000000e+000
    outer loop
      vertex  6.697287e-018  0.000000e+000  1.093750e-001
      vertex  7.812500e-002  0.000000e+000  1.093750e-001
      vertex  9.008386e-002  0.000000e+000  1.069962e-001
    endloop
  endfacet
  facet normal  0.000000e+000  1.000000e+000  0.000000e+000
    outer loop
      vertex  6.697287e-018  0.000000e+000  1.093750e-001
      vertex  9.008386e-002  0.000000e+000  1.069962e-001
      vertex  9.548657e-002  0.000000e+000  1.041084e-001
    endloop
  endfacet
  facet normal  0.000000e+000  1.000000e+000  0.000000e+000
    outer loop
      vertex  6.697287e-018  0.000000e+000  1.093750e-001
      vertex  9.548657e-002  0.000000e+000  1.041084e-001
      vertex  1.002221e-001  0.000000e+000  1.002221e-001
    endloop
  endfacet
  facet normal  0.000000e+000  1.000000e+000  0.000000e+000
    outer loop
      vertex  6.697287e-018  0.000000e+000  1.093750e-001
      vertex  1.002221e-001  0.000000e+000  1.002221e-001
      vertex  1.041084e-001  0.000000e+000  9.548657e-002
    endloop
  endfacet
  facet normal  0.000000e+000  1.000000e+000  0.000000e+000
    outer loop
      vertex  6.697287e-018  0.000000e+000  1.093750e-001
      vertex  1.041084e-001  0.000000e+000  9.548657e-002
      vertex  1.069962e-001  0.000000e+000  9.008386e-002
    endloop
  endfacet
  facet normal  0.000000e+000  1.000000e+000  0.000000e+000
    outer loop
      vertex  6.697287e-018  0.000000e+000  1.093750e-001
      vertex  1.069962e-001  0.000000e+000  9.008386e-002
      vertex  1.087745e-001  0.000000e+000  8.422157e-002
    endloop
  endfacet
  facet normal  0.000000e+000  1.000000e+000  0.000000e+000
    outer loop
      vertex  6.697287e-018  0.000000e+000  1.093750e-001
      vertex  1.087745e-001  0.000000e+000  8.422157e-002
      vertex  1.093750e-001  0.000000e+000  7.812500e-002
    endloop
  endfacet
  facet normal  0.000000e+000  1.000000e+000  0.000000e+000
    outer loop
      vertex  6.697287e-018  0.000000e+000  1.093750e-001
      vertex  1.093750e-001  0.000000e+000  7.812500e-002
      vertex  1.093750e-001  0.000000e+000 -6.697287e-018
    endloop
  endfacet
  facet normal  0.000000e+000  1.000000e+000  0.000000e+000
    outer loop
      vertex  6.697287e-018  0.000000e+000  1.093750e-001
      vertex  1.093750e-001  0.000000e+000 -6.697287e-018
      vertex  0.000000e+000  0.000000e+000  0.000000e+000
    endloop
  endfacet
  facet normal  -0.000000e+000  0.000000e+000  1.000000e+000
    outer loop
      vertex  7.812500e-002  0.000000e+000  1.093750e-001
      vertex  6.697287e-018  0.000000e+000  1.093750e-001
      vertex  7.812500e-002 -7.500000e-001  1.093750e-001
    endloop
  endfacet
  facet normal  0.000000e+000  0.000000e+000  1.000000e+000
    outer loop
      vertex  7.812500e-002 -7.500000e-001  1.093750e-001
      vertex  6.697287e-018  0.000000e+000  1.093750e-001
      vertex  6.697287e-018 -7.500000e-001  1.093750e-001
    endloop
  endfacet
  facet normal  1.000000e+000  0.000000e+000  0.000000e+000
    outer loop
      vertex  1.093750e-001  0.000000e+000 -6.697287e-018
      vertex  1.093750e-001  0.000000e+000  7.812500e-002
      vertex  1.093750e-001 -7.500000e-001 -6.697287e-018
    endloop
  endfacet
  facet normal  1.000000e+000  0.000000e+000  0.000000e+000
    outer loop
      vertex  1.093750e-001 -7.500000e-001 -6.697287e-018
      vertex  1.093750e-001  0.000000e+000  7.812500e-002
      vertex  1.093750e-001 -7.500000e-001  7.812500e-002
    endloop
  endfacet
  facet normal  9.801669e-002  -0.000000e+000  9.951847e-001
    outer loop
      vertex  7.812500e-002  0.000000e+000  1.093750e-001
      vertex  7.812500e-002 -7.500000e-001  1.093750e-001
      vertex  8.422157e-002  0.000000e+000  1.087745e-001
    endloop
  endfacet
  facet normal  9.801669e-002  0.000000e+000  9.951847e-001
    outer loop
      vertex  8.422157e-002  0.000000e+000  1.087745e-001
      vertex  7.812500e-002 -7.500000e-001  1.093750e-001
      vertex  8.422157e-002 -7.500000e-001  1.087745e-001
    endloop
  endfacet
  facet normal  2.902845e-001  -0.000000e+000  9.569404e-001
    outer loop
      vertex  8.422157e-002  0.000000e+000  1.087745e-001
      vertex  8.422157e-002 -7.500000e-001  1.087745e-001
      vertex  9.008386e-002  0.000000e+000  1.069962e-001
    endloop
  endfacet
  facet normal  2.902845e-001  0.000000e+000  9.569404e-001
    outer loop
      vertex  9.008386e-002  0.000000e+000  1.069962e-001
      vertex  8.422157e-002 -7.500000e-001  1.087745e-001
      vertex  9.008386e-002 -7.500000e-001  1.069962e-001
    endloop
  endfacet
  facet normal  4.713978e-001  -0.000000e+000  8.819207e-001
    outer loop
      vertex  9.008386e-002  0.000000e+000  1.069962e-001
      vertex  9.008386e-002 -7.500000e-001  1.069962e-001
      vertex  9.548657e-002  0.000000e+000  1.041084e-001
    endloop
  endfacet
  facet normal  4.713978e-001  0.000000e+000  8.819207e-001
    outer loop
      vertex  9.548657e-002  0.000000e+000  1.041084e-001
      vertex  9.008386e-002 -7.500000e-001  1.069962e-001
      vertex  9.548657e-002 -7.500000e-001  1.041084e-001
    endloop
  endfacet
  facet normal  6.343925e-001  -0.000000e+000  7.730111e-001
    outer loop
      vertex  9.548657e-002  0.000000e+000  1.041084e-001
      vertex  9.548657e-002 -7.500000e-001  1.041084e-001
      vertex  1.002221e-001  0.000000e+000  1.002221e-001
    endloop
  endfacet
  facet normal  6.343925e-001  0.000000e+000  7.730111e-001
    outer loop
      vertex  1.002221e-001  0.000000e+000  1.002221e-001
      vertex  9.548657e-002 -7.500000e-001  1.041084e-001
      vertex  1.002221e-001 -7.500000e-001  1.002221e-001
    endloop
  endfacet
  facet normal  7.730111e-001  -0.000000e+000  6.343925e-001
    outer loop
      vertex  1.002221e-001  0.000000e+000  1.002221e-001
      vertex  1.002221e-001 -7.500000e-001  1.002221e-001
      vertex  1.041084e-001  0.000000e+000  9.548657e-002
    endloop
  endfacet
  facet normal  7.730111e-001  0.000000e+000  6.343925e-001
    outer loop
      vertex  1.041084e-001  0.000000e+000  9.548657e-002
      vertex  1.002221e-001 -7.500000e-001  1.002221e-001
      vertex  1.041084e-001 -7.500000e-001  9.548657e-002
    endloop
  endfacet
  facet normal  8.819207e-001  -0.000000e+000  4.713978e-001
    outer loop
      vertex  1.041084e-001  0.000000e+000  9.548657e-002
      vertex  1.041084e-001 -7.500000e-001  9.548657e-002
      vertex  1.069962e-001  0.000000e+000  9.008386e-002
    endloop
  endfacet
  facet normal  8.819207e-001  0.000000e+000  4.713978e-001
    outer loop
      vertex  1.069962e-001  0.000000e+000  9.008386e-002
      vertex  1.041084e-001 -7.500000e-001  9.548657e-002
      vertex  1.069962e-001 -7.500000e-001  9.008386e-002
    endloop
  endfacet
  facet normal  9.569404e-001  -0.000000e+000  2.902845e-001
    outer loop
      vertex  1.069962e-001  0.000000e+000  9.008386e-002
      vertex  1.069962e-001 -7.500000e-001  9.008386e-002
      vertex  1.087745e-001  0.000000e+000  8.422157e-002
    endloop
  endfacet
  facet normal  9.569404e-001  0.000000e+000  2.902845e-001
    outer loop
      vertex  1.087745e-001  0.000000e+000  8.422157e-002
      vertex  1.069962e-001 -7.500000e-001  9.008386e-002
      vertex  1.087745e-001 -7.500000e-001  8.422157e-002
    endloop
  endfacet
  facet normal  9.951847e-001  -0.000000e+000  9.801669e-002
    outer loop
      vertex  1.087745e-001  0.000000e+000  8.422157e-002
      vertex  1.087745e-001 -7.500000e-001  8.422157e-002
      vertex  1.093750e-001  0.000000e+000  7.812500e-002
    endloop
  endfacet
  facet normal  9.951847e-001  0.000000e+000  9.801669e-002
    outer loop
      vertex  1.093750e-001  0.000000e+000  7.812500e-002
      vertex  1.087745e-001 -7.500000e-001  8.422157e-002
      vertex  1.093750e-001 -7.500000e-001  7.812500e-002
    endloop
  endfacet
  facet normal -1.000000e+000  0.000000e+000  6.123234e-017
    outer loop
      vertex  6.697287e-018  0.000000e+000  1.093750e-001
      vertex  0.000000e+000  0.000000e+000  0.000000e+000
      vertex  6.697287e-018 -7.500000e-001  1.093750e-001
    endloop
  endfacet
  facet normal -1.000000e+000  0.000000e+000  6.123234e-017
    outer loop
      vertex  6.697287e-018 -7.500000e-001  1.093750e-001
      vertex  0.000000e+000  0.000000e+000  0.000000e+000
      vertex  0.000000e+000 -7.500000e-001  0.000000e+000
    endloop
  endfacet
  facet normal -6.123234e-017  0.000000e+000 -1.000000e+000
    outer loop
      vertex  0.000000e+000  0.000000e+000  0.000000e+000
      vertex  1.093750e-001  0.000000e+000 -6.697287e-018
      vertex  0.000000e+000 -7.500000e-001  0.000000e+000
    endloop
  endfacet
  facet normal -6.123234e-017  0.000000e+000 -1.000000e+000
    outer loop
      vertex  0.000000e+000 -7.500000e-001  0.000000e+000
      vertex  1.093750e-001  0.000000e+000 -6.697287e-018
      vertex  1.093750e-001 -7.500000e-001 -6.697287e-018
    endloop
  endfacet
endsolid CATIA STL
