solid CATIA STL
  facet normal  5.551115e-017  1.000000e+000 -4.773959e-016
    outer loop
      vertex  1.484375e-001 -1.647987e-017  1.484375e-001
      vertex -1.484375e-001  0.000000e+000  1.484375e-001
      vertex -1.875000e-001  2.081668e-017  1.875000e-001
    endloop
  endfacet
  facet normal -5.551115e-017  1.000000e+000 -1.432188e-015
    outer loop
      vertex  1.484375e-001 -1.647987e-017  1.484375e-001
      vertex -1.875000e-001  2.081668e-017  1.875000e-001
      vertex  1.406250e-001  3.903128e-017  1.875000e-001
    endloop
  endfacet
  facet normal -1.938258e-016  1.000000e+000 -1.459851e-015
    outer loop
      vertex  1.484375e-001 -1.647987e-017  1.484375e-001
      vertex  1.406250e-001  3.903128e-017  1.875000e-001
      vertex  1.497699e-001  3.948892e-017  1.865993e-001
    endloop
  endfacet
  facet normal -4.784980e-016  1.000000e+000 -1.449912e-015
    outer loop
      vertex  1.484375e-001 -1.647987e-017  1.484375e-001
      vertex  1.497699e-001  3.948892e-017  1.865993e-001
      vertex  1.585633e-001  3.982898e-017  1.839319e-001
    endloop
  endfacet
  facet normal -7.581868e-016  1.000000e+000 -1.370122e-015
    outer loop
      vertex  1.484375e-001 -1.647987e-017  1.484375e-001
      vertex  1.585633e-001  3.982898e-017  1.839319e-001
      vertex  1.666674e-001  4.003839e-017  1.796001e-001
    endloop
  endfacet
  facet normal -1.012358e-015  1.000000e+000 -1.221435e-015
    outer loop
      vertex  1.484375e-001 -1.647987e-017  1.484375e-001
      vertex  1.666674e-001  4.003839e-017  1.796001e-001
      vertex  1.737706e-001  4.010910e-017  1.737706e-001
    endloop
  endfacet
  facet normal -1.221435e-015  1.000000e+000 -1.012358e-015
    outer loop
      vertex  1.484375e-001 -1.647987e-017  1.484375e-001
      vertex  1.737706e-001  4.010910e-017  1.737706e-001
      vertex  1.796001e-001  4.003839e-017  1.666674e-001
    endloop
  endfacet
  facet normal -1.370122e-015  1.000000e+000 -7.581868e-016
    outer loop
      vertex  1.484375e-001 -1.647987e-017  1.484375e-001
      vertex  1.796001e-001  4.003839e-017  1.666674e-001
      vertex  1.839319e-001  3.982898e-017  1.585633e-001
    endloop
  endfacet
  facet normal -1.449912e-015  1.000000e+000 -4.784980e-016
    outer loop
      vertex  1.484375e-001 -1.647987e-017  1.484375e-001
      vertex  1.839319e-001  3.982898e-017  1.585633e-001
      vertex  1.865993e-001  3.948892e-017  1.497699e-001
    endloop
  endfacet
  facet normal -1.459851e-015  1.000000e+000 -1.938258e-016
    outer loop
      vertex  1.484375e-001 -1.647987e-017  1.484375e-001
      vertex  1.865993e-001  3.948892e-017  1.497699e-001
      vertex  1.875000e-001  3.903128e-017  1.406250e-001
    endloop
  endfacet
  facet normal -1.432188e-015  1.000000e+000 -5.551115e-017
    outer loop
      vertex  1.484375e-001 -1.647987e-017  1.484375e-001
      vertex  1.875000e-001  3.903128e-017  1.406250e-001
      vertex  1.875000e-001  2.081668e-017 -1.875000e-001
    endloop
  endfacet
  facet normal -4.773959e-016  1.000000e+000  5.551115e-017
    outer loop
      vertex  1.484375e-001 -1.647987e-017  1.484375e-001
      vertex  1.875000e-001  2.081668e-017 -1.875000e-001
      vertex  1.484375e-001  7.703720e-034 -1.484375e-001
    endloop
  endfacet
  facet normal -5.551115e-017  1.000000e+000  4.773959e-016
    outer loop
      vertex  1.875000e-001  2.081668e-017 -1.875000e-001
      vertex -1.875000e-001  0.000000e+000 -1.875000e-001
      vertex  1.484375e-001  7.703720e-034 -1.484375e-001
    endloop
  endfacet
  facet normal  5.551115e-017  1.000000e+000 -4.773959e-016
    outer loop
      vertex  1.484375e-001  7.703720e-034 -1.484375e-001
      vertex -1.875000e-001  0.000000e+000 -1.875000e-001
      vertex -1.484375e-001  1.647987e-017 -1.484375e-001
    endloop
  endfacet
  facet normal -3.663736e-016  1.000000e+000 -5.551115e-017
    outer loop
      vertex -1.875000e-001  0.000000e+000 -1.875000e-001
      vertex -1.875000e-001  2.081668e-017  1.875000e-001
      vertex -1.484375e-001  1.647987e-017 -1.484375e-001
    endloop
  endfacet
  facet normal  5.884182e-016  1.000000e+000  5.551115e-017
    outer loop
      vertex -1.484375e-001  1.647987e-017 -1.484375e-001
      vertex -1.875000e-001  2.081668e-017  1.875000e-001
      vertex -1.484375e-001  0.000000e+000  1.484375e-001
    endloop
  endfacet
  facet normal  0.000000e+000 -1.000000e+000  0.000000e+000
    outer loop
      vertex  1.484375e-001 -7.500000e-001  1.484375e-001
      vertex  1.484375e-001 -7.500000e-001 -1.484375e-001
      vertex  1.875000e-001 -7.500000e-001 -1.875000e-001
    endloop
  endfacet
  facet normal  0.000000e+000 -1.000000e+000  0.000000e+000
    outer loop
      vertex  1.484375e-001 -7.500000e-001  1.484375e-001
      vertex  1.875000e-001 -7.500000e-001 -1.875000e-001
      vertex  1.875000e-001 -7.500000e-001  1.406250e-001
    endloop
  endfacet
  facet normal  0.000000e+000 -1.000000e+000  0.000000e+000
    outer loop
      vertex  1.484375e-001 -7.500000e-001  1.484375e-001
      vertex  1.875000e-001 -7.500000e-001  1.406250e-001
      vertex  1.865993e-001 -7.500000e-001  1.497699e-001
    endloop
  endfacet
  facet normal  -0.000000e+000 -1.000000e+000  0.000000e+000
    outer loop
      vertex  1.484375e-001 -7.500000e-001  1.484375e-001
      vertex  1.865993e-001 -7.500000e-001  1.497699e-001
      vertex  1.839319e-001 -7.500000e-001  1.585633e-001
    endloop
  endfacet
  facet normal  -0.000000e+000 -1.000000e+000  0.000000e+000
    outer loop
      vertex  1.484375e-001 -7.500000e-001  1.484375e-001
      vertex  1.839319e-001 -7.500000e-001  1.585633e-001
      vertex  1.796001e-001 -7.500000e-001  1.666674e-001
    endloop
  endfacet
  facet normal  -0.000000e+000 -1.000000e+000  0.000000e+000
    outer loop
      vertex  1.484375e-001 -7.500000e-001  1.484375e-001
      vertex  1.796001e-001 -7.500000e-001  1.666674e-001
      vertex  1.737706e-001 -7.500000e-001  1.737706e-001
    endloop
  endfacet
  facet normal  -0.000000e+000 -1.000000e+000  0.000000e+000
    outer loop
      vertex  1.484375e-001 -7.500000e-001  1.484375e-001
      vertex  1.737706e-001 -7.500000e-001  1.737706e-001
      vertex  1.666674e-001 -7.500000e-001  1.796001e-001
    endloop
  endfacet
  facet normal  -0.000000e+000 -1.000000e+000  0.000000e+000
    outer loop
      vertex  1.484375e-001 -7.500000e-001  1.484375e-001
      vertex  1.666674e-001 -7.500000e-001  1.796001e-001
      vertex  1.585633e-001 -7.500000e-001  1.839319e-001
    endloop
  endfacet
  facet normal  -0.000000e+000 -1.000000e+000  0.000000e+000
    outer loop
      vertex  1.484375e-001 -7.500000e-001  1.484375e-001
      vertex  1.585633e-001 -7.500000e-001  1.839319e-001
      vertex  1.497699e-001 -7.500000e-001  1.865993e-001
    endloop
  endfacet
  facet normal  -0.000000e+000 -1.000000e+000  0.000000e+000
    outer loop
      vertex  1.484375e-001 -7.500000e-001  1.484375e-001
      vertex  1.497699e-001 -7.500000e-001  1.865993e-001
      vertex  1.406250e-001 -7.500000e-001  1.875000e-001
    endloop
  endfacet
  facet normal  -0.000000e+000 -1.000000e+000  -0.000000e+000
    outer loop
      vertex  1.484375e-001 -7.500000e-001  1.484375e-001
      vertex  1.406250e-001 -7.500000e-001  1.875000e-001
      vertex -1.875000e-001 -7.500000e-001  1.875000e-001
    endloop
  endfacet
  facet normal  0.000000e+000 -1.000000e+000  0.000000e+000
    outer loop
      vertex  1.484375e-001 -7.500000e-001  1.484375e-001
      vertex -1.875000e-001 -7.500000e-001  1.875000e-001
      vertex -1.484375e-001 -7.500000e-001  1.484375e-001
    endloop
  endfacet
  facet normal  0.000000e+000 -1.000000e+000  -0.000000e+000
    outer loop
      vertex  1.875000e-001 -7.500000e-001 -1.875000e-001
      vertex  1.484375e-001 -7.500000e-001 -1.484375e-001
      vertex -1.875000e-001 -7.500000e-001 -1.875000e-001
    endloop
  endfacet
  facet normal  0.000000e+000 -1.000000e+000  0.000000e+000
    outer loop
      vertex -1.875000e-001 -7.500000e-001 -1.875000e-001
      vertex  1.484375e-001 -7.500000e-001 -1.484375e-001
      vertex -1.484375e-001 -7.500000e-001 -1.484375e-001
    endloop
  endfacet
  facet normal  -0.000000e+000 -1.000000e+000  0.000000e+000
    outer loop
      vertex -1.875000e-001 -7.500000e-001 -1.875000e-001
      vertex -1.484375e-001 -7.500000e-001 -1.484375e-001
      vertex -1.875000e-001 -7.500000e-001  1.875000e-001
    endloop
  endfacet
  facet normal  0.000000e+000 -1.000000e+000  0.000000e+000
    outer loop
      vertex -1.875000e-001 -7.500000e-001  1.875000e-001
      vertex -1.484375e-001 -7.500000e-001 -1.484375e-001
      vertex -1.484375e-001 -7.500000e-001  1.484375e-001
    endloop
  endfacet
  facet normal -1.000000e+000  0.000000e+000  0.000000e+000
    outer loop
      vertex  1.484375e-001 -1.647987e-017  1.484375e-001
      vertex  1.484375e-001  7.703720e-034 -1.484375e-001
      vertex  1.484375e-001 -7.500000e-001  1.484375e-001
    endloop
  endfacet
  facet normal -1.000000e+000  0.000000e+000  0.000000e+000
    outer loop
      vertex  1.484375e-001 -7.500000e-001  1.484375e-001
      vertex  1.484375e-001  7.703720e-034 -1.484375e-001
      vertex  1.484375e-001 -7.500000e-001 -1.484375e-001
    endloop
  endfacet
  facet normal  -0.000000e+000  0.000000e+000 -1.000000e+000
    outer loop
      vertex -1.484375e-001  0.000000e+000  1.484375e-001
      vertex  1.484375e-001 -1.647987e-017  1.484375e-001
      vertex -1.484375e-001 -7.500000e-001  1.484375e-001
    endloop
  endfacet
  facet normal  0.000000e+000  0.000000e+000 -1.000000e+000
    outer loop
      vertex -1.484375e-001 -7.500000e-001  1.484375e-001
      vertex  1.484375e-001 -1.647987e-017  1.484375e-001
      vertex  1.484375e-001 -7.500000e-001  1.484375e-001
    endloop
  endfacet
  facet normal  1.000000e+000  0.000000e+000  0.000000e+000
    outer loop
      vertex -1.484375e-001  1.647987e-017 -1.484375e-001
      vertex -1.484375e-001  0.000000e+000  1.484375e-001
      vertex -1.484375e-001 -7.500000e-001 -1.484375e-001
    endloop
  endfacet
  facet normal  1.000000e+000  0.000000e+000  0.000000e+000
    outer loop
      vertex -1.484375e-001 -7.500000e-001 -1.484375e-001
      vertex -1.484375e-001  0.000000e+000  1.484375e-001
      vertex -1.484375e-001 -7.500000e-001  1.484375e-001
    endloop
  endfacet
  facet normal  0.000000e+000  0.000000e+000  1.000000e+000
    outer loop
      vertex  1.484375e-001  7.703720e-034 -1.484375e-001
      vertex -1.484375e-001  1.647987e-017 -1.484375e-001
      vertex  1.484375e-001 -7.500000e-001 -1.484375e-001
    endloop
  endfacet
  facet normal  0.000000e+000  0.000000e+000  1.000000e+000
    outer loop
      vertex  1.484375e-001 -7.500000e-001 -1.484375e-001
      vertex -1.484375e-001  1.647987e-017 -1.484375e-001
      vertex -1.484375e-001 -7.500000e-001 -1.484375e-001
    endloop
  endfacet
  facet normal  -0.000000e+000  0.000000e+000  1.000000e+000
    outer loop
      vertex  1.406250e-001  3.903128e-017  1.875000e-001
      vertex -1.875000e-001  2.081668e-017  1.875000e-001
      vertex  1.406250e-001 -7.500000e-001  1.875000e-001
    endloop
  endfacet
  facet normal  0.000000e+000  0.000000e+000  1.000000e+000
    outer loop
      vertex  1.406250e-001 -7.500000e-001  1.875000e-001
      vertex -1.875000e-001  2.081668e-017  1.875000e-001
      vertex -1.875000e-001 -7.500000e-001  1.875000e-001
    endloop
  endfacet
  facet normal  1.000000e+000  0.000000e+000  0.000000e+000
    outer loop
      vertex  1.875000e-001  2.081668e-017 -1.875000e-001
      vertex  1.875000e-001  3.903128e-017  1.406250e-001
      vertex  1.875000e-001 -7.500000e-001 -1.875000e-001
    endloop
  endfacet
  facet normal  1.000000e+000  0.000000e+000  0.000000e+000
    outer loop
      vertex  1.875000e-001 -7.500000e-001 -1.875000e-001
      vertex  1.875000e-001  3.903128e-017  1.406250e-001
      vertex  1.875000e-001 -7.500000e-001  1.406250e-001
    endloop
  endfacet
  facet normal  9.801670e-002  -0.000000e+000  9.951848e-001
    outer loop
      vertex  1.406250e-001  3.903128e-017  1.875000e-001
      vertex  1.406250e-001 -7.500000e-001  1.875000e-001
      vertex  1.497699e-001  3.948892e-017  1.865993e-001
    endloop
  endfacet
  facet normal  9.801670e-002  0.000000e+000  9.951848e-001
    outer loop
      vertex  1.497699e-001  3.948892e-017  1.865993e-001
      vertex  1.406250e-001 -7.500000e-001  1.875000e-001
      vertex  1.497699e-001 -7.500000e-001  1.865993e-001
    endloop
  endfacet
  facet normal  2.902846e-001  -0.000000e+000  9.569404e-001
    outer loop
      vertex  1.497699e-001  3.948892e-017  1.865993e-001
      vertex  1.497699e-001 -7.500000e-001  1.865993e-001
      vertex  1.585633e-001  3.982898e-017  1.839319e-001
    endloop
  endfacet
  facet normal  2.902846e-001  0.000000e+000  9.569404e-001
    outer loop
      vertex  1.585633e-001  3.982898e-017  1.839319e-001
      vertex  1.497699e-001 -7.500000e-001  1.865993e-001
      vertex  1.585633e-001 -7.500000e-001  1.839319e-001
    endloop
  endfacet
  facet normal  4.713973e-001  -0.000000e+000  8.819209e-001
    outer loop
      vertex  1.585633e-001  3.982898e-017  1.839319e-001
      vertex  1.585633e-001 -7.500000e-001  1.839319e-001
      vertex  1.666674e-001  4.003839e-017  1.796001e-001
    endloop
  endfacet
  facet normal  4.713973e-001  0.000000e+000  8.819209e-001
    outer loop
      vertex  1.666674e-001  4.003839e-017  1.796001e-001
      vertex  1.585633e-001 -7.500000e-001  1.839319e-001
      vertex  1.666674e-001 -7.500000e-001  1.796001e-001
    endloop
  endfacet
  facet normal  6.343925e-001  -0.000000e+000  7.730111e-001
    outer loop
      vertex  1.666674e-001  4.003839e-017  1.796001e-001
      vertex  1.666674e-001 -7.500000e-001  1.796001e-001
      vertex  1.737706e-001  4.010910e-017  1.737706e-001
    endloop
  endfacet
  facet normal  6.343925e-001  0.000000e+000  7.730111e-001
    outer loop
      vertex  1.737706e-001  4.010910e-017  1.737706e-001
      vertex  1.666674e-001 -7.500000e-001  1.796001e-001
      vertex  1.737706e-001 -7.500000e-001  1.737706e-001
    endloop
  endfacet
  facet normal  7.730111e-001  -0.000000e+000  6.343925e-001
    outer loop
      vertex  1.737706e-001  4.010910e-017  1.737706e-001
      vertex  1.737706e-001 -7.500000e-001  1.737706e-001
      vertex  1.796001e-001  4.003839e-017  1.666674e-001
    endloop
  endfacet
  facet normal  7.730111e-001  0.000000e+000  6.343925e-001
    outer loop
      vertex  1.796001e-001  4.003839e-017  1.666674e-001
      vertex  1.737706e-001 -7.500000e-001  1.737706e-001
      vertex  1.796001e-001 -7.500000e-001  1.666674e-001
    endloop
  endfacet
  facet normal  8.819209e-001  -0.000000e+000  4.713973e-001
    outer loop
      vertex  1.796001e-001  4.003839e-017  1.666674e-001
      vertex  1.796001e-001 -7.500000e-001  1.666674e-001
      vertex  1.839319e-001  3.982898e-017  1.585633e-001
    endloop
  endfacet
  facet normal  8.819209e-001  0.000000e+000  4.713973e-001
    outer loop
      vertex  1.839319e-001  3.982898e-017  1.585633e-001
      vertex  1.796001e-001 -7.500000e-001  1.666674e-001
      vertex  1.839319e-001 -7.500000e-001  1.585633e-001
    endloop
  endfacet
  facet normal  9.569404e-001  -0.000000e+000  2.902846e-001
    outer loop
      vertex  1.839319e-001  3.982898e-017  1.585633e-001
      vertex  1.839319e-001 -7.500000e-001  1.585633e-001
      vertex  1.865993e-001  3.948892e-017  1.497699e-001
    endloop
  endfacet
  facet normal  9.569404e-001  0.000000e+000  2.902846e-001
    outer loop
      vertex  1.865993e-001  3.948892e-017  1.497699e-001
      vertex  1.839319e-001 -7.500000e-001  1.585633e-001
      vertex  1.865993e-001 -7.500000e-001  1.497699e-001
    endloop
  endfacet
  facet normal  9.951848e-001  -0.000000e+000  9.801670e-002
    outer loop
      vertex  1.865993e-001  3.948892e-017  1.497699e-001
      vertex  1.865993e-001 -7.500000e-001  1.497699e-001
      vertex  1.875000e-001  3.903128e-017  1.406250e-001
    endloop
  endfacet
  facet normal  9.951848e-001  0.000000e+000  9.801670e-002
    outer loop
      vertex  1.875000e-001  3.903128e-017  1.406250e-001
      vertex  1.865993e-001 -7.500000e-001  1.497699e-001
      vertex  1.875000e-001 -7.500000e-001  1.406250e-001
    endloop
  endfacet
  facet normal -1.000000e+000  0.000000e+000  0.000000e+000
    outer loop
      vertex -1.875000e-001  2.081668e-017  1.875000e-001
      vertex -1.875000e-001  0.000000e+000 -1.875000e-001
      vertex -1.875000e-001 -7.500000e-001  1.875000e-001
    endloop
  endfacet
  facet normal -1.000000e+000  0.000000e+000  0.000000e+000
    outer loop
      vertex -1.875000e-001 -7.500000e-001  1.875000e-001
      vertex -1.875000e-001  0.000000e+000 -1.875000e-001
      vertex -1.875000e-001 -7.500000e-001 -1.875000e-001
    endloop
  endfacet
  facet normal  0.000000e+000  0.000000e+000 -1.000000e+000
    outer loop
      vertex -1.875000e-001  0.000000e+000 -1.875000e-001
      vertex  1.875000e-001  2.081668e-017 -1.875000e-001
      vertex -1.875000e-001 -7.500000e-001 -1.875000e-001
    endloop
  endfacet
  facet normal  0.000000e+000  0.000000e+000 -1.000000e+000
    outer loop
      vertex -1.875000e-001 -7.500000e-001 -1.875000e-001
      vertex  1.875000e-001  2.081668e-017 -1.875000e-001
      vertex  1.875000e-001 -7.500000e-001 -1.875000e-001
    endloop
  endfacet
endsolid CATIA STL
