solid CATIA STL
  facet normal  1.000000e+000  -0.000000e+000  0.000000e+000
    outer loop
      vertex  1.250000e-001  7.500000e-001  6.332237e-002
      vertex  1.250000e-001  3.877377e-018  6.332237e-002
      vertex  1.250000e-001  4.783777e-019  7.812500e-003
    endloop
  endfacet
  facet normal  1.000000e+000  -0.000000e+000  0.000000e+000
    outer loop
      vertex  1.250000e-001  7.500000e-001  6.332237e-002
      vertex  1.250000e-001  4.783777e-019  7.812500e-003
      vertex  1.250000e-001  1.501150e-004  6.288357e-003
    endloop
  endfacet
  facet normal  1.000000e+000  -0.000000e+000  0.000000e+000
    outer loop
      vertex  1.250000e-001  7.500000e-001  6.332237e-002
      vertex  1.250000e-001  1.501150e-004  6.288357e-003
      vertex  1.250000e-001  5.946911e-004  4.822786e-003
    endloop
  endfacet
  facet normal  1.000000e+000  -0.000000e+000  0.000000e+000
    outer loop
      vertex  1.250000e-001  7.500000e-001  6.332237e-002
      vertex  1.250000e-001  5.946911e-004  4.822786e-003
      vertex  1.250000e-001  1.316644e-003  3.472107e-003
    endloop
  endfacet
  facet normal  1.000000e+000  -0.000000e+000  0.000000e+000
    outer loop
      vertex  1.250000e-001  7.500000e-001  6.332237e-002
      vertex  1.250000e-001  1.316644e-003  3.472107e-003
      vertex  1.250000e-001  2.288228e-003  2.288228e-003
    endloop
  endfacet
  facet normal  1.000000e+000  -0.000000e+000  0.000000e+000
    outer loop
      vertex  1.250000e-001  7.500000e-001  6.332237e-002
      vertex  1.250000e-001  2.288228e-003  2.288228e-003
      vertex  1.250000e-001  3.472107e-003  1.316644e-003
    endloop
  endfacet
  facet normal  1.000000e+000  -0.000000e+000  0.000000e+000
    outer loop
      vertex  1.250000e-001  7.500000e-001  6.332237e-002
      vertex  1.250000e-001  3.472107e-003  1.316644e-003
      vertex  1.250000e-001  4.822786e-003  5.946911e-004
    endloop
  endfacet
  facet normal  1.000000e+000  -0.000000e+000  0.000000e+000
    outer loop
      vertex  1.250000e-001  7.500000e-001  6.332237e-002
      vertex  1.250000e-001  4.822786e-003  5.946911e-004
      vertex  1.250000e-001  6.288357e-003  1.501150e-004
    endloop
  endfacet
  facet normal  1.000000e+000  -0.000000e+000  0.000000e+000
    outer loop
      vertex  1.250000e-001  7.500000e-001  6.332237e-002
      vertex  1.250000e-001  6.288357e-003  1.501150e-004
      vertex  1.250000e-001  7.812500e-003 -4.783777e-019
    endloop
  endfacet
  facet normal  1.000000e+000  -0.000000e+000  0.000000e+000
    outer loop
      vertex  1.250000e-001  7.500000e-001  6.332237e-002
      vertex  1.250000e-001  7.812500e-003 -4.783777e-019
      vertex  1.250000e-001  7.500000e-001 -4.592425e-017
    endloop
  endfacet
  facet normal -4.419778e-017 -9.999999e-001  6.123234e-017
    outer loop
      vertex  0.000000e+000  4.834132e-018  7.894737e-002
      vertex  0.000000e+000  4.783777e-019  7.812500e-003
      vertex  1.093750e-001  0.000000e+000  7.894737e-002
    endloop
  endfacet
  facet normal  0.000000e+000 -1.000000e+000 -6.724940e-018
    outer loop
      vertex  1.093750e-001  0.000000e+000  7.894737e-002
      vertex  0.000000e+000  4.783777e-019  7.812500e-003
      vertex  1.250000e-001  4.783777e-019  7.812500e-003
    endloop
  endfacet
  facet normal  3.093845e-016 -1.000000e+000  6.123235e-017
    outer loop
      vertex  1.093750e-001  0.000000e+000  7.894737e-002
      vertex  1.250000e-001  4.783777e-019  7.812500e-003
      vertex  1.250000e-001  3.877377e-018  6.332237e-002
    endloop
  endfacet
  facet normal -1.000000e+000  0.000000e+000  0.000000e+000
    outer loop
      vertex  0.000000e+000  7.500000e-001  7.894737e-002
      vertex  0.000000e+000  7.500000e-001 -4.592425e-017
      vertex  0.000000e+000  7.812500e-003 -4.783777e-019
    endloop
  endfacet
  facet normal -1.000000e+000  0.000000e+000  0.000000e+000
    outer loop
      vertex  0.000000e+000  7.500000e-001  7.894737e-002
      vertex  0.000000e+000  7.812500e-003 -4.783777e-019
      vertex  0.000000e+000  6.288357e-003  1.501150e-004
    endloop
  endfacet
  facet normal -1.000000e+000  0.000000e+000  0.000000e+000
    outer loop
      vertex  0.000000e+000  7.500000e-001  7.894737e-002
      vertex  0.000000e+000  6.288357e-003  1.501150e-004
      vertex  0.000000e+000  4.822786e-003  5.946911e-004
    endloop
  endfacet
  facet normal -1.000000e+000  0.000000e+000  0.000000e+000
    outer loop
      vertex  0.000000e+000  7.500000e-001  7.894737e-002
      vertex  0.000000e+000  4.822786e-003  5.946911e-004
      vertex  0.000000e+000  3.472107e-003  1.316644e-003
    endloop
  endfacet
  facet normal -1.000000e+000  0.000000e+000  0.000000e+000
    outer loop
      vertex  0.000000e+000  7.500000e-001  7.894737e-002
      vertex  0.000000e+000  3.472107e-003  1.316644e-003
      vertex  0.000000e+000  2.288228e-003  2.288228e-003
    endloop
  endfacet
  facet normal -9.999999e-001  0.000000e+000  0.000000e+000
    outer loop
      vertex  0.000000e+000  7.500000e-001  7.894737e-002
      vertex  0.000000e+000  2.288228e-003  2.288228e-003
      vertex  0.000000e+000  1.316644e-003  3.472107e-003
    endloop
  endfacet
  facet normal -1.000000e+000  0.000000e+000  0.000000e+000
    outer loop
      vertex  0.000000e+000  7.500000e-001  7.894737e-002
      vertex  0.000000e+000  1.316644e-003  3.472107e-003
      vertex  0.000000e+000  5.946911e-004  4.822786e-003
    endloop
  endfacet
  facet normal -1.000000e+000  0.000000e+000  0.000000e+000
    outer loop
      vertex  0.000000e+000  7.500000e-001  7.894737e-002
      vertex  0.000000e+000  5.946911e-004  4.822786e-003
      vertex  0.000000e+000  1.501150e-004  6.288357e-003
    endloop
  endfacet
  facet normal -1.000000e+000  0.000000e+000  0.000000e+000
    outer loop
      vertex  0.000000e+000  7.500000e-001  7.894737e-002
      vertex  0.000000e+000  1.501150e-004  6.288357e-003
      vertex  0.000000e+000  4.783777e-019  7.812500e-003
    endloop
  endfacet
  facet normal -9.999999e-001  0.000000e+000  0.000000e+000
    outer loop
      vertex  0.000000e+000  7.500000e-001  7.894737e-002
      vertex  0.000000e+000  4.783777e-019  7.812500e-003
      vertex  0.000000e+000  4.834132e-018  7.894737e-002
    endloop
  endfacet
  facet normal  0.000000e+000 -6.123234e-017 -1.000000e+000
    outer loop
      vertex  1.250000e-001  7.812500e-003 -4.783777e-019
      vertex  0.000000e+000  7.812500e-003 -4.783777e-019
      vertex  1.250000e-001  7.500000e-001 -4.592425e-017
    endloop
  endfacet
  facet normal  -0.000000e+000 -6.123234e-017 -1.000000e+000
    outer loop
      vertex  1.250000e-001  7.500000e-001 -4.592425e-017
      vertex  0.000000e+000  7.812500e-003 -4.783777e-019
      vertex  0.000000e+000  7.500000e-001 -4.592425e-017
    endloop
  endfacet
  facet normal  -0.000000e+000 -9.801716e-002 -9.951848e-001
    outer loop
      vertex  0.000000e+000  7.812500e-003 -4.783777e-019
      vertex  1.250000e-001  7.812500e-003 -4.783777e-019
      vertex  0.000000e+000  6.288357e-003  1.501150e-004
    endloop
  endfacet
  facet normal  0.000000e+000 -9.801716e-002 -9.951848e-001
    outer loop
      vertex  0.000000e+000  6.288357e-003  1.501150e-004
      vertex  1.250000e-001  7.812500e-003 -4.783777e-019
      vertex  1.250000e-001  6.288357e-003  1.501150e-004
    endloop
  endfacet
  facet normal  -0.000000e+000 -2.902846e-001 -9.569404e-001
    outer loop
      vertex  0.000000e+000  6.288357e-003  1.501150e-004
      vertex  1.250000e-001  6.288357e-003  1.501150e-004
      vertex  0.000000e+000  4.822786e-003  5.946911e-004
    endloop
  endfacet
  facet normal  0.000000e+000 -2.902846e-001 -9.569404e-001
    outer loop
      vertex  0.000000e+000  4.822786e-003  5.946911e-004
      vertex  1.250000e-001  6.288357e-003  1.501150e-004
      vertex  1.250000e-001  4.822786e-003  5.946911e-004
    endloop
  endfacet
  facet normal  -0.000000e+000 -4.713968e-001 -8.819213e-001
    outer loop
      vertex  0.000000e+000  4.822786e-003  5.946911e-004
      vertex  1.250000e-001  4.822786e-003  5.946911e-004
      vertex  0.000000e+000  3.472107e-003  1.316644e-003
    endloop
  endfacet
  facet normal  0.000000e+000 -4.713968e-001 -8.819213e-001
    outer loop
      vertex  0.000000e+000  3.472107e-003  1.316644e-003
      vertex  1.250000e-001  4.822786e-003  5.946911e-004
      vertex  1.250000e-001  3.472107e-003  1.316644e-003
    endloop
  endfacet
  facet normal  -0.000000e+000 -6.343934e-001 -7.730104e-001
    outer loop
      vertex  0.000000e+000  3.472107e-003  1.316644e-003
      vertex  1.250000e-001  3.472107e-003  1.316644e-003
      vertex  0.000000e+000  2.288228e-003  2.288228e-003
    endloop
  endfacet
  facet normal  0.000000e+000 -6.343934e-001 -7.730104e-001
    outer loop
      vertex  0.000000e+000  2.288228e-003  2.288228e-003
      vertex  1.250000e-001  3.472107e-003  1.316644e-003
      vertex  1.250000e-001  2.288228e-003  2.288228e-003
    endloop
  endfacet
  facet normal  -0.000000e+000 -7.730104e-001 -6.343934e-001
    outer loop
      vertex  0.000000e+000  2.288228e-003  2.288228e-003
      vertex  1.250000e-001  2.288228e-003  2.288228e-003
      vertex  0.000000e+000  1.316644e-003  3.472107e-003
    endloop
  endfacet
  facet normal  0.000000e+000 -7.730104e-001 -6.343934e-001
    outer loop
      vertex  0.000000e+000  1.316644e-003  3.472107e-003
      vertex  1.250000e-001  2.288228e-003  2.288228e-003
      vertex  1.250000e-001  1.316644e-003  3.472107e-003
    endloop
  endfacet
  facet normal  -0.000000e+000 -8.819213e-001 -4.713968e-001
    outer loop
      vertex  0.000000e+000  1.316644e-003  3.472107e-003
      vertex  1.250000e-001  1.316644e-003  3.472107e-003
      vertex  0.000000e+000  5.946911e-004  4.822786e-003
    endloop
  endfacet
  facet normal  0.000000e+000 -8.819213e-001 -4.713968e-001
    outer loop
      vertex  0.000000e+000  5.946911e-004  4.822786e-003
      vertex  1.250000e-001  1.316644e-003  3.472107e-003
      vertex  1.250000e-001  5.946911e-004  4.822786e-003
    endloop
  endfacet
  facet normal  -0.000000e+000 -9.569404e-001 -2.902846e-001
    outer loop
      vertex  0.000000e+000  5.946911e-004  4.822786e-003
      vertex  1.250000e-001  5.946911e-004  4.822786e-003
      vertex  0.000000e+000  1.501150e-004  6.288357e-003
    endloop
  endfacet
  facet normal  0.000000e+000 -9.569404e-001 -2.902846e-001
    outer loop
      vertex  0.000000e+000  1.501150e-004  6.288357e-003
      vertex  1.250000e-001  5.946911e-004  4.822786e-003
      vertex  1.250000e-001  1.501150e-004  6.288357e-003
    endloop
  endfacet
  facet normal  -0.000000e+000 -9.951848e-001 -9.801716e-002
    outer loop
      vertex  0.000000e+000  1.501150e-004  6.288357e-003
      vertex  1.250000e-001  1.501150e-004  6.288357e-003
      vertex  0.000000e+000  4.783777e-019  7.812500e-003
    endloop
  endfacet
  facet normal  0.000000e+000 -9.951848e-001 -9.801716e-002
    outer loop
      vertex  0.000000e+000  4.783777e-019  7.812500e-003
      vertex  1.250000e-001  1.501150e-004  6.288357e-003
      vertex  1.250000e-001  4.783777e-019  7.812500e-003
    endloop
  endfacet
  facet normal  -0.000000e+000  0.000000e+000  1.000000e+000
    outer loop
      vertex  1.093750e-001  7.500000e-001  7.894737e-002
      vertex  0.000000e+000  7.500000e-001  7.894737e-002
      vertex  1.093750e-001  0.000000e+000  7.894737e-002
    endloop
  endfacet
  facet normal  0.000000e+000  0.000000e+000  1.000000e+000
    outer loop
      vertex  1.093750e-001  0.000000e+000  7.894737e-002
      vertex  0.000000e+000  7.500000e-001  7.894737e-002
      vertex  0.000000e+000  4.834132e-018  7.894737e-002
    endloop
  endfacet
  facet normal  0.000000e+000  1.000000e+000  0.000000e+000
    outer loop
      vertex  0.000000e+000  7.500000e-001 -4.592425e-017
      vertex  0.000000e+000  7.500000e-001  7.894737e-002
      vertex  1.250000e-001  7.500000e-001 -4.592425e-017
    endloop
  endfacet
  facet normal  0.000000e+000  1.000000e+000  0.000000e+000
    outer loop
      vertex  1.250000e-001  7.500000e-001 -4.592425e-017
      vertex  0.000000e+000  7.500000e-001  7.894737e-002
      vertex  1.093750e-001  7.500000e-001  7.894737e-002
    endloop
  endfacet
  facet normal  0.000000e+000  1.000000e+000  0.000000e+000
    outer loop
      vertex  1.250000e-001  7.500000e-001 -4.592425e-017
      vertex  1.093750e-001  7.500000e-001  7.894737e-002
      vertex  1.250000e-001  7.500000e-001  6.332237e-002
    endloop
  endfacet
  facet normal  7.071068e-001  0.000000e+000  7.071068e-001
    outer loop
      vertex  1.250000e-001  7.500000e-001  6.332237e-002
      vertex  1.093750e-001  7.500000e-001  7.894737e-002
      vertex  1.250000e-001  3.877377e-018  6.332237e-002
    endloop
  endfacet
  facet normal  7.071068e-001  0.000000e+000  7.071068e-001
    outer loop
      vertex  1.250000e-001  3.877377e-018  6.332237e-002
      vertex  1.093750e-001  7.500000e-001  7.894737e-002
      vertex  1.093750e-001  0.000000e+000  7.894737e-002
    endloop
  endfacet
endsolid CATIA STL
