solid CATIA STL
  facet normal  0.000000e+000 -1.000000e+000  0.000000e+000
    outer loop
      vertex  7.654043e-018 -3.359375e-001  1.250000e-001
      vertex  2.401840e-003 -3.359375e-001  1.006137e-001
      vertex  9.515058e-003 -3.359375e-001  7.716457e-002
    endloop
  endfacet
  facet normal  0.000000e+000 -1.000000e+000  0.000000e+000
    outer loop
      vertex  7.654043e-018 -3.359375e-001  1.250000e-001
      vertex  9.515058e-003 -3.359375e-001  7.716457e-002
      vertex  2.106630e-002 -3.359375e-001  5.555372e-002
    endloop
  endfacet
  facet normal  0.000000e+000 -1.000000e+000  0.000000e+000
    outer loop
      vertex  7.654043e-018 -3.359375e-001  1.250000e-001
      vertex  2.106630e-002 -3.359375e-001  5.555372e-002
      vertex  3.661165e-002 -3.359375e-001  3.661165e-002
    endloop
  endfacet
  facet normal  0.000000e+000 -1.000000e+000  0.000000e+000
    outer loop
      vertex  7.654043e-018 -3.359375e-001  1.250000e-001
      vertex  3.661165e-002 -3.359375e-001  3.661165e-002
      vertex  5.555372e-002 -3.359375e-001  2.106630e-002
    endloop
  endfacet
  facet normal  0.000000e+000 -1.000000e+000  0.000000e+000
    outer loop
      vertex  7.654043e-018 -3.359375e-001  1.250000e-001
      vertex  5.555372e-002 -3.359375e-001  2.106630e-002
      vertex  7.716457e-002 -3.359375e-001  9.515058e-003
    endloop
  endfacet
  facet normal  0.000000e+000 -1.000000e+000  0.000000e+000
    outer loop
      vertex  7.654043e-018 -3.359375e-001  1.250000e-001
      vertex  7.716457e-002 -3.359375e-001  9.515058e-003
      vertex  1.006137e-001 -3.359375e-001  2.401840e-003
    endloop
  endfacet
  facet normal  0.000000e+000 -1.000000e+000  0.000000e+000
    outer loop
      vertex  7.654043e-018 -3.359375e-001  1.250000e-001
      vertex  1.006137e-001 -3.359375e-001  2.401840e-003
      vertex  1.250000e-001 -3.359375e-001 -7.654043e-018
    endloop
  endfacet
  facet normal  0.000000e+000 -1.000000e+000  0.000000e+000
    outer loop
      vertex  7.654043e-018 -3.359375e-001  1.250000e-001
      vertex  1.250000e-001 -3.359375e-001 -7.654043e-018
      vertex  7.500000e-001 -3.359375e-001 -4.592425e-017
    endloop
  endfacet
  facet normal  0.000000e+000 -1.000000e+000  0.000000e+000
    outer loop
      vertex  7.654043e-018 -3.359375e-001  1.250000e-001
      vertex  7.500000e-001 -3.359375e-001 -4.592425e-017
      vertex  7.500000e-001 -3.359375e-001  5.842105e-001
    endloop
  endfacet
  facet normal  -0.000000e+000 -1.000000e+000  0.000000e+000
    outer loop
      vertex  7.654043e-018 -3.359375e-001  1.250000e-001
      vertex  7.500000e-001 -3.359375e-001  5.842105e-001
      vertex  3.577258e-017 -3.359375e-001  5.842105e-001
    endloop
  endfacet
  facet normal  -0.000000e+000  1.000000e+000  0.000000e+000
    outer loop
      vertex  7.654043e-018  0.000000e+000  1.250000e-001
      vertex  3.577258e-017  0.000000e+000  5.842105e-001
      vertex  7.500000e-001  0.000000e+000  5.842105e-001
    endloop
  endfacet
  facet normal  0.000000e+000  1.000000e+000  0.000000e+000
    outer loop
      vertex  7.654043e-018  0.000000e+000  1.250000e-001
      vertex  7.500000e-001  0.000000e+000  5.842105e-001
      vertex  7.500000e-001  0.000000e+000 -4.592425e-017
    endloop
  endfacet
  facet normal  0.000000e+000  1.000000e+000  0.000000e+000
    outer loop
      vertex  7.654043e-018  0.000000e+000  1.250000e-001
      vertex  7.500000e-001  0.000000e+000 -4.592425e-017
      vertex  1.250000e-001  0.000000e+000 -7.654043e-018
    endloop
  endfacet
  facet normal  0.000000e+000  1.000000e+000  0.000000e+000
    outer loop
      vertex  7.654043e-018  0.000000e+000  1.250000e-001
      vertex  1.250000e-001  0.000000e+000 -7.654043e-018
      vertex  1.006137e-001  0.000000e+000  2.401840e-003
    endloop
  endfacet
  facet normal  0.000000e+000  1.000000e+000  0.000000e+000
    outer loop
      vertex  7.654043e-018  0.000000e+000  1.250000e-001
      vertex  1.006137e-001  0.000000e+000  2.401840e-003
      vertex  7.716457e-002  0.000000e+000  9.515058e-003
    endloop
  endfacet
  facet normal  0.000000e+000  1.000000e+000  0.000000e+000
    outer loop
      vertex  7.654043e-018  0.000000e+000  1.250000e-001
      vertex  7.716457e-002  0.000000e+000  9.515058e-003
      vertex  5.555372e-002  0.000000e+000  2.106630e-002
    endloop
  endfacet
  facet normal  0.000000e+000  1.000000e+000  0.000000e+000
    outer loop
      vertex  7.654043e-018  0.000000e+000  1.250000e-001
      vertex  5.555372e-002  0.000000e+000  2.106630e-002
      vertex  3.661165e-002  0.000000e+000  3.661165e-002
    endloop
  endfacet
  facet normal  0.000000e+000  1.000000e+000  0.000000e+000
    outer loop
      vertex  7.654043e-018  0.000000e+000  1.250000e-001
      vertex  3.661165e-002  0.000000e+000  3.661165e-002
      vertex  2.106630e-002  0.000000e+000  5.555372e-002
    endloop
  endfacet
  facet normal  0.000000e+000  1.000000e+000  0.000000e+000
    outer loop
      vertex  7.654043e-018  0.000000e+000  1.250000e-001
      vertex  2.106630e-002  0.000000e+000  5.555372e-002
      vertex  9.515058e-003  0.000000e+000  7.716457e-002
    endloop
  endfacet
  facet normal  0.000000e+000  1.000000e+000  0.000000e+000
    outer loop
      vertex  7.654043e-018  0.000000e+000  1.250000e-001
      vertex  9.515058e-003  0.000000e+000  7.716457e-002
      vertex  2.401840e-003  0.000000e+000  1.006137e-001
    endloop
  endfacet
  facet normal -1.000000e+000  0.000000e+000  6.123234e-017
    outer loop
      vertex  3.577258e-017 -3.359375e-001  5.842105e-001
      vertex  3.577258e-017  0.000000e+000  5.842105e-001
      vertex  7.654043e-018 -3.359375e-001  1.250000e-001
    endloop
  endfacet
  facet normal -1.000000e+000  0.000000e+000  6.123234e-017
    outer loop
      vertex  7.654043e-018 -3.359375e-001  1.250000e-001
      vertex  3.577258e-017  0.000000e+000  5.842105e-001
      vertex  7.654043e-018  0.000000e+000  1.250000e-001
    endloop
  endfacet
  facet normal -6.123234e-017  -0.000000e+000 -1.000000e+000
    outer loop
      vertex  1.250000e-001 -3.359375e-001 -7.654043e-018
      vertex  1.250000e-001  0.000000e+000 -7.654043e-018
      vertex  7.500000e-001 -3.359375e-001 -4.592425e-017
    endloop
  endfacet
  facet normal -6.123234e-017  0.000000e+000 -1.000000e+000
    outer loop
      vertex  7.500000e-001 -3.359375e-001 -4.592425e-017
      vertex  1.250000e-001  0.000000e+000 -7.654043e-018
      vertex  7.500000e-001  0.000000e+000 -4.592425e-017
    endloop
  endfacet
  facet normal -9.801715e-002  0.000000e+000 -9.951847e-001
    outer loop
      vertex  1.250000e-001  0.000000e+000 -7.654043e-018
      vertex  1.250000e-001 -3.359375e-001 -7.654043e-018
      vertex  1.006137e-001  0.000000e+000  2.401840e-003
    endloop
  endfacet
  facet normal -9.801715e-002  -0.000000e+000 -9.951847e-001
    outer loop
      vertex  1.006137e-001  0.000000e+000  2.401840e-003
      vertex  1.250000e-001 -3.359375e-001 -7.654043e-018
      vertex  1.006137e-001 -3.359375e-001  2.401840e-003
    endloop
  endfacet
  facet normal -2.902846e-001  0.000000e+000 -9.569404e-001
    outer loop
      vertex  1.006137e-001  0.000000e+000  2.401840e-003
      vertex  1.006137e-001 -3.359375e-001  2.401840e-003
      vertex  7.716457e-002  0.000000e+000  9.515058e-003
    endloop
  endfacet
  facet normal -2.902846e-001  -0.000000e+000 -9.569404e-001
    outer loop
      vertex  7.716457e-002  0.000000e+000  9.515058e-003
      vertex  1.006137e-001 -3.359375e-001  2.401840e-003
      vertex  7.716457e-002 -3.359375e-001  9.515058e-003
    endloop
  endfacet
  facet normal -4.713967e-001  0.000000e+000 -8.819212e-001
    outer loop
      vertex  7.716457e-002  0.000000e+000  9.515058e-003
      vertex  7.716457e-002 -3.359375e-001  9.515058e-003
      vertex  5.555372e-002  0.000000e+000  2.106630e-002
    endloop
  endfacet
  facet normal -4.713967e-001  -0.000000e+000 -8.819212e-001
    outer loop
      vertex  5.555372e-002  0.000000e+000  2.106630e-002
      vertex  7.716457e-002 -3.359375e-001  9.515058e-003
      vertex  5.555372e-002 -3.359375e-001  2.106630e-002
    endloop
  endfacet
  facet normal -6.343933e-001  0.000000e+000 -7.730103e-001
    outer loop
      vertex  5.555372e-002  0.000000e+000  2.106630e-002
      vertex  5.555372e-002 -3.359375e-001  2.106630e-002
      vertex  3.661165e-002  0.000000e+000  3.661165e-002
    endloop
  endfacet
  facet normal -6.343933e-001  -0.000000e+000 -7.730103e-001
    outer loop
      vertex  3.661165e-002  0.000000e+000  3.661165e-002
      vertex  5.555372e-002 -3.359375e-001  2.106630e-002
      vertex  3.661165e-002 -3.359375e-001  3.661165e-002
    endloop
  endfacet
  facet normal -7.730103e-001  0.000000e+000 -6.343933e-001
    outer loop
      vertex  3.661165e-002  0.000000e+000  3.661165e-002
      vertex  3.661165e-002 -3.359375e-001  3.661165e-002
      vertex  2.106630e-002  0.000000e+000  5.555372e-002
    endloop
  endfacet
  facet normal -7.730103e-001  -0.000000e+000 -6.343933e-001
    outer loop
      vertex  2.106630e-002  0.000000e+000  5.555372e-002
      vertex  3.661165e-002 -3.359375e-001  3.661165e-002
      vertex  2.106630e-002 -3.359375e-001  5.555372e-002
    endloop
  endfacet
  facet normal -8.819212e-001  0.000000e+000 -4.713967e-001
    outer loop
      vertex  2.106630e-002  0.000000e+000  5.555372e-002
      vertex  2.106630e-002 -3.359375e-001  5.555372e-002
      vertex  9.515058e-003  0.000000e+000  7.716457e-002
    endloop
  endfacet
  facet normal -8.819212e-001  -0.000000e+000 -4.713967e-001
    outer loop
      vertex  9.515058e-003  0.000000e+000  7.716457e-002
      vertex  2.106630e-002 -3.359375e-001  5.555372e-002
      vertex  9.515058e-003 -3.359375e-001  7.716457e-002
    endloop
  endfacet
  facet normal -9.569404e-001  0.000000e+000 -2.902846e-001
    outer loop
      vertex  9.515058e-003  0.000000e+000  7.716457e-002
      vertex  9.515058e-003 -3.359375e-001  7.716457e-002
      vertex  2.401840e-003  0.000000e+000  1.006137e-001
    endloop
  endfacet
  facet normal -9.569404e-001  -0.000000e+000 -2.902846e-001
    outer loop
      vertex  2.401840e-003  0.000000e+000  1.006137e-001
      vertex  9.515058e-003 -3.359375e-001  7.716457e-002
      vertex  2.401840e-003 -3.359375e-001  1.006137e-001
    endloop
  endfacet
  facet normal -9.951847e-001  0.000000e+000 -9.801715e-002
    outer loop
      vertex  2.401840e-003  0.000000e+000  1.006137e-001
      vertex  2.401840e-003 -3.359375e-001  1.006137e-001
      vertex  7.654043e-018  0.000000e+000  1.250000e-001
    endloop
  endfacet
  facet normal -9.951847e-001  -0.000000e+000 -9.801715e-002
    outer loop
      vertex  7.654043e-018  0.000000e+000  1.250000e-001
      vertex  2.401840e-003 -3.359375e-001  1.006137e-001
      vertex  7.654043e-018 -3.359375e-001  1.250000e-001
    endloop
  endfacet
  facet normal  0.000000e+000  0.000000e+000  1.000000e+000
    outer loop
      vertex  7.500000e-001 -3.359375e-001  5.842105e-001
      vertex  7.500000e-001  0.000000e+000  5.842105e-001
      vertex  3.577258e-017 -3.359375e-001  5.842105e-001
    endloop
  endfacet
  facet normal  0.000000e+000  0.000000e+000  1.000000e+000
    outer loop
      vertex  3.577258e-017 -3.359375e-001  5.842105e-001
      vertex  7.500000e-001  0.000000e+000  5.842105e-001
      vertex  3.577258e-017  0.000000e+000  5.842105e-001
    endloop
  endfacet
  facet normal  9.999999e-001  0.000000e+000  0.000000e+000
    outer loop
      vertex  7.500000e-001 -3.359375e-001 -4.592425e-017
      vertex  7.500000e-001  0.000000e+000 -4.592425e-017
      vertex  7.500000e-001 -3.359375e-001  5.842105e-001
    endloop
  endfacet
  facet normal  9.999999e-001  -0.000000e+000  0.000000e+000
    outer loop
      vertex  7.500000e-001 -3.359375e-001  5.842105e-001
      vertex  7.500000e-001  0.000000e+000 -4.592425e-017
      vertex  7.500000e-001  0.000000e+000  5.842105e-001
    endloop
  endfacet
endsolid CATIA STL
