solid CATIA STL
  facet normal  9.268497e-001  0.000000e+000  3.754328e-001
    outer loop
      vertex  2.500000e-001 -1.640625e-001  4.140625e-001
      vertex  4.177215e-001 -1.640625e-001 -5.551115e-017
      vertex  2.500000e-001  0.000000e+000  4.140625e-001
    endloop
  endfacet
  facet normal  9.268497e-001  0.000000e+000  3.754328e-001
    outer loop
      vertex  2.500000e-001  0.000000e+000  4.140625e-001
      vertex  4.177215e-001 -1.640625e-001 -5.551115e-017
      vertex  4.177215e-001 -1.367467e-017 -5.551115e-017
    endloop
  endfacet
  facet normal -9.268424e-001  3.951910e-003 -3.754298e-001
    outer loop
      vertex  7.493991e-001 -1.640625e-001 -2.434165e-004
      vertex  5.815790e-001 -1.640625e-001  4.140625e-001
      vertex  7.500000e-001  0.000000e+000 -4.592425e-017
    endloop
  endfacet
  facet normal -9.263042e-001  0.000000e+000 -3.767767e-001
    outer loop
      vertex  7.500000e-001  0.000000e+000 -4.592425e-017
      vertex  5.815790e-001 -1.640625e-001  4.140625e-001
      vertex  5.815790e-001  1.840633e-017  4.140625e-001
    endloop
  endfacet
  facet normal  0.000000e+000  1.000000e+000  0.000000e+000
    outer loop
      vertex  4.177215e-001 -1.640625e-001 -5.551115e-017
      vertex  2.500000e-001 -1.640625e-001  4.140625e-001
      vertex  7.493991e-001 -1.640625e-001 -2.434165e-004
    endloop
  endfacet
  facet normal  0.000000e+000  1.000000e+000  0.000000e+000
    outer loop
      vertex  7.493991e-001 -1.640625e-001 -2.434165e-004
      vertex  2.500000e-001 -1.640625e-001  4.140625e-001
      vertex  5.815790e-001 -1.640625e-001  4.140625e-001
    endloop
  endfacet
  facet normal  1.092876e-016  1.000000e+000  -0.000000e+000
    outer loop
      vertex  7.500000e-001  0.000000e+000  4.184211e-001
      vertex  7.500000e-001  0.000000e+000 -4.592425e-017
      vertex  5.815790e-001  1.840633e-017  4.140625e-001
    endloop
  endfacet
  facet normal -5.551115e-017  1.000000e+000  6.368061e-015
    outer loop
      vertex  7.500000e-001  0.000000e+000  4.184211e-001
      vertex  5.815790e-001  1.840633e-017  4.140625e-001
      vertex  2.500000e-001  0.000000e+000  4.140625e-001
    endloop
  endfacet
  facet normal  0.000000e+000  1.000000e+000  -0.000000e+000
    outer loop
      vertex  7.500000e-001  0.000000e+000  4.184211e-001
      vertex  2.500000e-001  0.000000e+000  4.140625e-001
      vertex  2.562090e-017  0.000000e+000  4.184211e-001
    endloop
  endfacet
  facet normal  4.026740e-017  1.000000e+000 -1.671477e-017
    outer loop
      vertex  2.500000e-001  0.000000e+000  4.140625e-001
      vertex  4.177215e-001 -1.367467e-017 -5.551115e-017
      vertex  7.812500e-002  0.000000e+000 -4.783777e-018
    endloop
  endfacet
  facet normal  0.000000e+000  1.000000e+000  -0.000000e+000
    outer loop
      vertex  2.500000e-001  0.000000e+000  4.140625e-001
      vertex  7.812500e-002  0.000000e+000 -4.783777e-018
      vertex  6.288357e-002  0.000000e+000  1.501150e-003
    endloop
  endfacet
  facet normal  0.000000e+000  1.000000e+000  -0.000000e+000
    outer loop
      vertex  2.500000e-001  0.000000e+000  4.140625e-001
      vertex  6.288357e-002  0.000000e+000  1.501150e-003
      vertex  4.822786e-002  0.000000e+000  5.946911e-003
    endloop
  endfacet
  facet normal  0.000000e+000  1.000000e+000  -0.000000e+000
    outer loop
      vertex  2.500000e-001  0.000000e+000  4.140625e-001
      vertex  4.822786e-002  0.000000e+000  5.946911e-003
      vertex  3.472108e-002  0.000000e+000  1.316644e-002
    endloop
  endfacet
  facet normal  0.000000e+000  9.999999e-001  -0.000000e+000
    outer loop
      vertex  2.500000e-001  0.000000e+000  4.140625e-001
      vertex  3.472108e-002  0.000000e+000  1.316644e-002
      vertex  2.288228e-002  0.000000e+000  2.288228e-002
    endloop
  endfacet
  facet normal  0.000000e+000  9.999999e-001  -0.000000e+000
    outer loop
      vertex  2.500000e-001  0.000000e+000  4.140625e-001
      vertex  2.288228e-002  0.000000e+000  2.288228e-002
      vertex  1.316644e-002  0.000000e+000  3.472108e-002
    endloop
  endfacet
  facet normal  0.000000e+000  1.000000e+000  -0.000000e+000
    outer loop
      vertex  2.500000e-001  0.000000e+000  4.140625e-001
      vertex  1.316644e-002  0.000000e+000  3.472108e-002
      vertex  5.946911e-003  0.000000e+000  4.822786e-002
    endloop
  endfacet
  facet normal  0.000000e+000  1.000000e+000  -0.000000e+000
    outer loop
      vertex  2.500000e-001  0.000000e+000  4.140625e-001
      vertex  5.946911e-003  0.000000e+000  4.822786e-002
      vertex  1.501150e-003  0.000000e+000  6.288357e-002
    endloop
  endfacet
  facet normal  0.000000e+000  1.000000e+000  -0.000000e+000
    outer loop
      vertex  2.500000e-001  0.000000e+000  4.140625e-001
      vertex  1.501150e-003  0.000000e+000  6.288357e-002
      vertex  4.783777e-018  0.000000e+000  7.812500e-002
    endloop
  endfacet
  facet normal  0.000000e+000  1.000000e+000  0.000000e+000
    outer loop
      vertex  2.500000e-001  0.000000e+000  4.140625e-001
      vertex  4.783777e-018  0.000000e+000  7.812500e-002
      vertex  2.562090e-017  0.000000e+000  4.184211e-001
    endloop
  endfacet
  facet normal -1.493754e-016  0.000000e+000 -9.999999e-001
    outer loop
      vertex  7.812500e-002  0.000000e+000 -4.783777e-018
      vertex  4.177215e-001 -1.367467e-017 -5.551115e-017
      vertex  7.812500e-002 -5.000000e-001 -4.783777e-018
    endloop
  endfacet
  facet normal -1.493754e-016  0.000000e+000 -1.000000e+000
    outer loop
      vertex  7.812500e-002 -5.000000e-001 -4.783777e-018
      vertex  4.177215e-001 -1.367467e-017 -5.551115e-017
      vertex  4.177215e-001 -1.640625e-001 -5.551115e-017
    endloop
  endfacet
  facet normal -6.123234e-017 -8.910314e-017 -1.000000e+000
    outer loop
      vertex  7.812500e-002 -5.000000e-001 -4.783777e-018
      vertex  4.177215e-001 -1.640625e-001 -5.551115e-017
      vertex  7.343750e-001 -5.000000e-001 -4.496750e-017
    endloop
  endfacet
  facet normal  1.348125e-017 -1.867837e-017 -9.999999e-001
    outer loop
      vertex  7.343750e-001 -5.000000e-001 -4.496750e-017
      vertex  4.177215e-001 -1.640625e-001 -5.551115e-017
      vertex  7.500000e-001 -4.375000e-001 -4.592425e-017
    endloop
  endfacet
  facet normal -7.338946e-004 -8.918213e-004 -9.999993e-001
    outer loop
      vertex  7.500000e-001 -4.375000e-001 -4.592425e-017
      vertex  4.177215e-001 -1.640625e-001 -5.551115e-017
      vertex  7.493991e-001 -1.640625e-001 -2.434165e-004
    endloop
  endfacet
  facet normal  1.000000e+000  0.000000e+000  0.000000e+000
    outer loop
      vertex  7.500000e-001 -4.375000e-001  4.184211e-001
      vertex  7.500000e-001 -4.375000e-001 -4.592425e-017
      vertex  7.500000e-001  0.000000e+000  4.184211e-001
    endloop
  endfacet
  facet normal  9.999950e-001  2.195647e-003 -2.295763e-003
    outer loop
      vertex  7.500000e-001  0.000000e+000  4.184211e-001
      vertex  7.500000e-001 -4.375000e-001 -4.592425e-017
      vertex  7.493991e-001 -1.640625e-001 -2.434165e-004
    endloop
  endfacet
  facet normal  9.999933e-001 -3.662811e-003  0.000000e+000
    outer loop
      vertex  7.500000e-001  0.000000e+000  4.184211e-001
      vertex  7.493991e-001 -1.640625e-001 -2.434165e-004
      vertex  7.500000e-001  0.000000e+000 -4.592425e-017
    endloop
  endfacet
  facet normal  0.000000e+000  0.000000e+000 -9.999999e-001
    outer loop
      vertex  5.815790e-001 -1.640625e-001  4.140625e-001
      vertex  2.500000e-001 -1.640625e-001  4.140625e-001
      vertex  5.815790e-001  1.840633e-017  4.140625e-001
    endloop
  endfacet
  facet normal  0.000000e+000  0.000000e+000 -1.000000e+000
    outer loop
      vertex  5.815790e-001  1.840633e-017  4.140625e-001
      vertex  2.500000e-001 -1.640625e-001  4.140625e-001
      vertex  2.500000e-001  0.000000e+000  4.140625e-001
    endloop
  endfacet
  facet normal  0.000000e+000 -1.000000e+000  0.000000e+000
    outer loop
      vertex  4.783777e-018 -5.000000e-001  7.812500e-002
      vertex  1.501150e-003 -5.000000e-001  6.288357e-002
      vertex  5.946911e-003 -5.000000e-001  4.822786e-002
    endloop
  endfacet
  facet normal  0.000000e+000 -1.000000e+000  0.000000e+000
    outer loop
      vertex  4.783777e-018 -5.000000e-001  7.812500e-002
      vertex  5.946911e-003 -5.000000e-001  4.822786e-002
      vertex  1.316644e-002 -5.000000e-001  3.472108e-002
    endloop
  endfacet
  facet normal  0.000000e+000 -1.000000e+000  0.000000e+000
    outer loop
      vertex  4.783777e-018 -5.000000e-001  7.812500e-002
      vertex  1.316644e-002 -5.000000e-001  3.472108e-002
      vertex  2.288228e-002 -5.000000e-001  2.288228e-002
    endloop
  endfacet
  facet normal  0.000000e+000 -1.000000e+000  0.000000e+000
    outer loop
      vertex  4.783777e-018 -5.000000e-001  7.812500e-002
      vertex  2.288228e-002 -5.000000e-001  2.288228e-002
      vertex  3.472108e-002 -5.000000e-001  1.316644e-002
    endloop
  endfacet
  facet normal  0.000000e+000 -1.000000e+000  0.000000e+000
    outer loop
      vertex  4.783777e-018 -5.000000e-001  7.812500e-002
      vertex  3.472108e-002 -5.000000e-001  1.316644e-002
      vertex  4.822786e-002 -5.000000e-001  5.946911e-003
    endloop
  endfacet
  facet normal  0.000000e+000 -1.000000e+000  0.000000e+000
    outer loop
      vertex  4.783777e-018 -5.000000e-001  7.812500e-002
      vertex  4.822786e-002 -5.000000e-001  5.946911e-003
      vertex  6.288357e-002 -5.000000e-001  1.501150e-003
    endloop
  endfacet
  facet normal  0.000000e+000 -1.000000e+000  0.000000e+000
    outer loop
      vertex  4.783777e-018 -5.000000e-001  7.812500e-002
      vertex  6.288357e-002 -5.000000e-001  1.501150e-003
      vertex  7.812500e-002 -5.000000e-001 -4.783777e-018
    endloop
  endfacet
  facet normal  0.000000e+000 -1.000000e+000  0.000000e+000
    outer loop
      vertex  4.783777e-018 -5.000000e-001  7.812500e-002
      vertex  7.812500e-002 -5.000000e-001 -4.783777e-018
      vertex  7.343750e-001 -5.000000e-001 -4.496750e-017
    endloop
  endfacet
  facet normal  0.000000e+000 -1.000000e+000  0.000000e+000
    outer loop
      vertex  4.783777e-018 -5.000000e-001  7.812500e-002
      vertex  7.343750e-001 -5.000000e-001 -4.496750e-017
      vertex  7.343750e-001 -5.000000e-001  4.184211e-001
    endloop
  endfacet
  facet normal  -0.000000e+000 -1.000000e+000  0.000000e+000
    outer loop
      vertex  4.783777e-018 -5.000000e-001  7.812500e-002
      vertex  7.343750e-001 -5.000000e-001  4.184211e-001
      vertex  2.562090e-017 -5.000000e-001  4.184211e-001
    endloop
  endfacet
  facet normal -1.000000e+000  0.000000e+000  6.123234e-017
    outer loop
      vertex  2.562090e-017  0.000000e+000  4.184211e-001
      vertex  4.783777e-018  0.000000e+000  7.812500e-002
      vertex  2.562090e-017 -5.000000e-001  4.184211e-001
    endloop
  endfacet
  facet normal -1.000000e+000  0.000000e+000  6.123234e-017
    outer loop
      vertex  2.562090e-017 -5.000000e-001  4.184211e-001
      vertex  4.783777e-018  0.000000e+000  7.812500e-002
      vertex  4.783777e-018 -5.000000e-001  7.812500e-002
    endloop
  endfacet
  facet normal -9.801715e-002  0.000000e+000 -9.951847e-001
    outer loop
      vertex  7.812500e-002  0.000000e+000 -4.783777e-018
      vertex  7.812500e-002 -5.000000e-001 -4.783777e-018
      vertex  6.288357e-002  0.000000e+000  1.501150e-003
    endloop
  endfacet
  facet normal -9.801715e-002  -0.000000e+000 -9.951847e-001
    outer loop
      vertex  6.288357e-002  0.000000e+000  1.501150e-003
      vertex  7.812500e-002 -5.000000e-001 -4.783777e-018
      vertex  6.288357e-002 -5.000000e-001  1.501150e-003
    endloop
  endfacet
  facet normal -2.902847e-001  0.000000e+000 -9.569404e-001
    outer loop
      vertex  6.288357e-002  0.000000e+000  1.501150e-003
      vertex  6.288357e-002 -5.000000e-001  1.501150e-003
      vertex  4.822786e-002  0.000000e+000  5.946911e-003
    endloop
  endfacet
  facet normal -2.902847e-001  -0.000000e+000 -9.569404e-001
    outer loop
      vertex  4.822786e-002  0.000000e+000  5.946911e-003
      vertex  6.288357e-002 -5.000000e-001  1.501150e-003
      vertex  4.822786e-002 -5.000000e-001  5.946911e-003
    endloop
  endfacet
  facet normal -4.713967e-001  0.000000e+000 -8.819212e-001
    outer loop
      vertex  4.822786e-002  0.000000e+000  5.946911e-003
      vertex  4.822786e-002 -5.000000e-001  5.946911e-003
      vertex  3.472108e-002  0.000000e+000  1.316644e-002
    endloop
  endfacet
  facet normal -4.713967e-001  -0.000000e+000 -8.819212e-001
    outer loop
      vertex  3.472108e-002  0.000000e+000  1.316644e-002
      vertex  4.822786e-002 -5.000000e-001  5.946911e-003
      vertex  3.472108e-002 -5.000000e-001  1.316644e-002
    endloop
  endfacet
  facet normal -6.343932e-001  0.000000e+000 -7.730105e-001
    outer loop
      vertex  3.472108e-002  0.000000e+000  1.316644e-002
      vertex  3.472108e-002 -5.000000e-001  1.316644e-002
      vertex  2.288228e-002  0.000000e+000  2.288228e-002
    endloop
  endfacet
  facet normal -6.343932e-001  -0.000000e+000 -7.730105e-001
    outer loop
      vertex  2.288228e-002  0.000000e+000  2.288228e-002
      vertex  3.472108e-002 -5.000000e-001  1.316644e-002
      vertex  2.288228e-002 -5.000000e-001  2.288228e-002
    endloop
  endfacet
  facet normal -7.730105e-001  0.000000e+000 -6.343932e-001
    outer loop
      vertex  2.288228e-002  0.000000e+000  2.288228e-002
      vertex  2.288228e-002 -5.000000e-001  2.288228e-002
      vertex  1.316644e-002  0.000000e+000  3.472108e-002
    endloop
  endfacet
  facet normal -7.730105e-001  -0.000000e+000 -6.343932e-001
    outer loop
      vertex  1.316644e-002  0.000000e+000  3.472108e-002
      vertex  2.288228e-002 -5.000000e-001  2.288228e-002
      vertex  1.316644e-002 -5.000000e-001  3.472108e-002
    endloop
  endfacet
  facet normal -8.819212e-001  0.000000e+000 -4.713967e-001
    outer loop
      vertex  1.316644e-002  0.000000e+000  3.472108e-002
      vertex  1.316644e-002 -5.000000e-001  3.472108e-002
      vertex  5.946911e-003  0.000000e+000  4.822786e-002
    endloop
  endfacet
  facet normal -8.819212e-001  -0.000000e+000 -4.713967e-001
    outer loop
      vertex  5.946911e-003  0.000000e+000  4.822786e-002
      vertex  1.316644e-002 -5.000000e-001  3.472108e-002
      vertex  5.946911e-003 -5.000000e-001  4.822786e-002
    endloop
  endfacet
  facet normal -9.569404e-001  0.000000e+000 -2.902847e-001
    outer loop
      vertex  5.946911e-003  0.000000e+000  4.822786e-002
      vertex  5.946911e-003 -5.000000e-001  4.822786e-002
      vertex  1.501150e-003  0.000000e+000  6.288357e-002
    endloop
  endfacet
  facet normal -9.569404e-001  -0.000000e+000 -2.902847e-001
    outer loop
      vertex  1.501150e-003  0.000000e+000  6.288357e-002
      vertex  5.946911e-003 -5.000000e-001  4.822786e-002
      vertex  1.501150e-003 -5.000000e-001  6.288357e-002
    endloop
  endfacet
  facet normal -9.951847e-001  0.000000e+000 -9.801715e-002
    outer loop
      vertex  1.501150e-003  0.000000e+000  6.288357e-002
      vertex  1.501150e-003 -5.000000e-001  6.288357e-002
      vertex  4.783777e-018  0.000000e+000  7.812500e-002
    endloop
  endfacet
  facet normal -9.951847e-001  -0.000000e+000 -9.801715e-002
    outer loop
      vertex  4.783777e-018  0.000000e+000  7.812500e-002
      vertex  1.501150e-003 -5.000000e-001  6.288357e-002
      vertex  4.783777e-018 -5.000000e-001  7.812500e-002
    endloop
  endfacet
  facet normal  0.000000e+000  0.000000e+000  1.000000e+000
    outer loop
      vertex  2.562090e-017  0.000000e+000  4.184211e-001
      vertex  2.562090e-017 -5.000000e-001  4.184211e-001
      vertex  7.500000e-001  0.000000e+000  4.184211e-001
    endloop
  endfacet
  facet normal  0.000000e+000  0.000000e+000  9.999999e-001
    outer loop
      vertex  7.500000e-001  0.000000e+000  4.184211e-001
      vertex  2.562090e-017 -5.000000e-001  4.184211e-001
      vertex  7.343750e-001 -5.000000e-001  4.184211e-001
    endloop
  endfacet
  facet normal  0.000000e+000  0.000000e+000  1.000000e+000
    outer loop
      vertex  7.500000e-001  0.000000e+000  4.184211e-001
      vertex  7.343750e-001 -5.000000e-001  4.184211e-001
      vertex  7.500000e-001 -4.375000e-001  4.184211e-001
    endloop
  endfacet
  facet normal  9.701425e-001 -2.425356e-001  0.000000e+000
    outer loop
      vertex  7.343750e-001 -5.000000e-001  4.184211e-001
      vertex  7.343750e-001 -5.000000e-001 -4.496750e-017
      vertex  7.500000e-001 -4.375000e-001  4.184211e-001
    endloop
  endfacet
  facet normal  9.701425e-001 -2.425356e-001  0.000000e+000
    outer loop
      vertex  7.500000e-001 -4.375000e-001  4.184211e-001
      vertex  7.343750e-001 -5.000000e-001 -4.496750e-017
      vertex  7.500000e-001 -4.375000e-001 -4.592425e-017
    endloop
  endfacet
endsolid CATIA STL
