solid CATIA STL
  facet normal  0.000000e+000 -9.999999e-001  0.000000e+000
    outer loop
      vertex  7.109375e-001 -4.687500e-001  4.657895e-001
      vertex  7.258860e-001 -4.687500e-001  4.628160e-001
      vertex  7.185582e-001 -4.687500e-001  4.650389e-001
    endloop
  endfacet
  facet normal  0.000000e+000 -1.000000e+000  0.000000e+000
    outer loop
      vertex  2.852138e-017 -4.687500e-001  4.657895e-001
      vertex  4.783777e-018 -4.687500e-001  7.812500e-002
      vertex  7.500000e-001 -4.687500e-001 -4.592425e-017
    endloop
  endfacet
  facet normal  0.000000e+000 -1.000000e+000  0.000000e+000
    outer loop
      vertex  2.852138e-017 -4.687500e-001  4.657895e-001
      vertex  7.500000e-001 -4.687500e-001 -4.592425e-017
      vertex  7.500000e-001 -4.687500e-001  4.267270e-001
    endloop
  endfacet
  facet normal  0.000000e+000 -1.000000e+000  0.000000e+000
    outer loop
      vertex  2.852138e-017 -4.687500e-001  4.657895e-001
      vertex  7.500000e-001 -4.687500e-001  4.267270e-001
      vertex  7.492494e-001 -4.687500e-001  4.343477e-001
    endloop
  endfacet
  facet normal  0.000000e+000 -1.000000e+000  0.000000e+000
    outer loop
      vertex  2.852138e-017 -4.687500e-001  4.657895e-001
      vertex  7.492494e-001 -4.687500e-001  4.343477e-001
      vertex  7.470266e-001 -4.687500e-001  4.416755e-001
    endloop
  endfacet
  facet normal  0.000000e+000 -1.000000e+000  0.000000e+000
    outer loop
      vertex  2.852138e-017 -4.687500e-001  4.657895e-001
      vertex  7.470266e-001 -4.687500e-001  4.416755e-001
      vertex  7.434168e-001 -4.687500e-001  4.484289e-001
    endloop
  endfacet
  facet normal  0.000000e+000 -1.000000e+000  0.000000e+000
    outer loop
      vertex  2.852138e-017 -4.687500e-001  4.657895e-001
      vertex  7.434168e-001 -4.687500e-001  4.484289e-001
      vertex  7.385589e-001 -4.687500e-001  4.543483e-001
    endloop
  endfacet
  facet normal  0.000000e+000 -9.999999e-001  0.000000e+000
    outer loop
      vertex  2.852138e-017 -4.687500e-001  4.657895e-001
      vertex  7.385589e-001 -4.687500e-001  4.543483e-001
      vertex  7.326395e-001 -4.687500e-001  4.592063e-001
    endloop
  endfacet
  facet normal  0.000000e+000 -1.000000e+000  0.000000e+000
    outer loop
      vertex  2.852138e-017 -4.687500e-001  4.657895e-001
      vertex  7.326395e-001 -4.687500e-001  4.592063e-001
      vertex  7.258860e-001 -4.687500e-001  4.628160e-001
    endloop
  endfacet
  facet normal  0.000000e+000 -1.000000e+000  0.000000e+000
    outer loop
      vertex  2.852138e-017 -4.687500e-001  4.657895e-001
      vertex  7.258860e-001 -4.687500e-001  4.628160e-001
      vertex  7.109375e-001 -4.687500e-001  4.657895e-001
    endloop
  endfacet
  facet normal  0.000000e+000 -1.000000e+000  0.000000e+000
    outer loop
      vertex  4.783777e-018 -4.687500e-001  7.812500e-002
      vertex  1.501150e-003 -4.687500e-001  6.288357e-002
      vertex  5.946911e-003 -4.687500e-001  4.822786e-002
    endloop
  endfacet
  facet normal  0.000000e+000 -1.000000e+000  0.000000e+000
    outer loop
      vertex  4.783777e-018 -4.687500e-001  7.812500e-002
      vertex  5.946911e-003 -4.687500e-001  4.822786e-002
      vertex  1.316644e-002 -4.687500e-001  3.472108e-002
    endloop
  endfacet
  facet normal  0.000000e+000 -1.000000e+000  0.000000e+000
    outer loop
      vertex  4.783777e-018 -4.687500e-001  7.812500e-002
      vertex  1.316644e-002 -4.687500e-001  3.472108e-002
      vertex  2.288228e-002 -4.687500e-001  2.288228e-002
    endloop
  endfacet
  facet normal  0.000000e+000 -1.000000e+000  0.000000e+000
    outer loop
      vertex  4.783777e-018 -4.687500e-001  7.812500e-002
      vertex  2.288228e-002 -4.687500e-001  2.288228e-002
      vertex  3.472108e-002 -4.687500e-001  1.316644e-002
    endloop
  endfacet
  facet normal  0.000000e+000 -1.000000e+000  0.000000e+000
    outer loop
      vertex  4.783777e-018 -4.687500e-001  7.812500e-002
      vertex  3.472108e-002 -4.687500e-001  1.316644e-002
      vertex  4.822786e-002 -4.687500e-001  5.946911e-003
    endloop
  endfacet
  facet normal  0.000000e+000 -1.000000e+000  0.000000e+000
    outer loop
      vertex  4.783777e-018 -4.687500e-001  7.812500e-002
      vertex  4.822786e-002 -4.687500e-001  5.946911e-003
      vertex  6.288357e-002 -4.687500e-001  1.501150e-003
    endloop
  endfacet
  facet normal  0.000000e+000 -1.000000e+000  0.000000e+000
    outer loop
      vertex  4.783777e-018 -4.687500e-001  7.812500e-002
      vertex  6.288357e-002 -4.687500e-001  1.501150e-003
      vertex  7.812500e-002 -4.687500e-001 -4.783777e-018
    endloop
  endfacet
  facet normal  0.000000e+000 -1.000000e+000  0.000000e+000
    outer loop
      vertex  4.783777e-018 -4.687500e-001  7.812500e-002
      vertex  7.812500e-002 -4.687500e-001 -4.783777e-018
      vertex  7.500000e-001 -4.687500e-001 -4.592425e-017
    endloop
  endfacet
  facet normal  0.000000e+000  9.999999e-001  0.000000e+000
    outer loop
      vertex  7.185582e-001  0.000000e+000  4.650389e-001
      vertex  7.258860e-001  0.000000e+000  4.628160e-001
      vertex  7.109375e-001  0.000000e+000  4.657895e-001
    endloop
  endfacet
  facet normal  0.000000e+000  1.000000e+000  0.000000e+000
    outer loop
      vertex  2.852138e-017  0.000000e+000  4.657895e-001
      vertex  7.109375e-001  0.000000e+000  4.657895e-001
      vertex  7.258860e-001  0.000000e+000  4.628160e-001
    endloop
  endfacet
  facet normal  0.000000e+000  1.000000e+000  0.000000e+000
    outer loop
      vertex  2.852138e-017  0.000000e+000  4.657895e-001
      vertex  7.258860e-001  0.000000e+000  4.628160e-001
      vertex  7.326395e-001  0.000000e+000  4.592063e-001
    endloop
  endfacet
  facet normal  0.000000e+000  9.999999e-001  0.000000e+000
    outer loop
      vertex  2.852138e-017  0.000000e+000  4.657895e-001
      vertex  7.326395e-001  0.000000e+000  4.592063e-001
      vertex  7.385589e-001  0.000000e+000  4.543483e-001
    endloop
  endfacet
  facet normal  0.000000e+000  1.000000e+000  0.000000e+000
    outer loop
      vertex  2.852138e-017  0.000000e+000  4.657895e-001
      vertex  7.385589e-001  0.000000e+000  4.543483e-001
      vertex  7.434168e-001  0.000000e+000  4.484289e-001
    endloop
  endfacet
  facet normal  0.000000e+000  1.000000e+000  0.000000e+000
    outer loop
      vertex  2.852138e-017  0.000000e+000  4.657895e-001
      vertex  7.434168e-001  0.000000e+000  4.484289e-001
      vertex  7.470266e-001  0.000000e+000  4.416755e-001
    endloop
  endfacet
  facet normal  0.000000e+000  1.000000e+000  0.000000e+000
    outer loop
      vertex  2.852138e-017  0.000000e+000  4.657895e-001
      vertex  7.470266e-001  0.000000e+000  4.416755e-001
      vertex  7.492494e-001  0.000000e+000  4.343477e-001
    endloop
  endfacet
  facet normal  0.000000e+000  1.000000e+000  0.000000e+000
    outer loop
      vertex  2.852138e-017  0.000000e+000  4.657895e-001
      vertex  7.492494e-001  0.000000e+000  4.343477e-001
      vertex  7.500000e-001  0.000000e+000  4.267270e-001
    endloop
  endfacet
  facet normal  0.000000e+000  1.000000e+000  0.000000e+000
    outer loop
      vertex  2.852138e-017  0.000000e+000  4.657895e-001
      vertex  7.500000e-001  0.000000e+000  4.267270e-001
      vertex  7.500000e-001  0.000000e+000 -4.592425e-017
    endloop
  endfacet
  facet normal  0.000000e+000  1.000000e+000  0.000000e+000
    outer loop
      vertex  2.852138e-017  0.000000e+000  4.657895e-001
      vertex  7.500000e-001  0.000000e+000 -4.592425e-017
      vertex  4.783777e-018  0.000000e+000  7.812500e-002
    endloop
  endfacet
  facet normal  0.000000e+000  1.000000e+000  0.000000e+000
    outer loop
      vertex  4.783777e-018  0.000000e+000  7.812500e-002
      vertex  7.500000e-001  0.000000e+000 -4.592425e-017
      vertex  7.812500e-002  0.000000e+000 -4.783777e-018
    endloop
  endfacet
  facet normal  0.000000e+000  1.000000e+000  0.000000e+000
    outer loop
      vertex  4.783777e-018  0.000000e+000  7.812500e-002
      vertex  7.812500e-002  0.000000e+000 -4.783777e-018
      vertex  6.288357e-002  0.000000e+000  1.501150e-003
    endloop
  endfacet
  facet normal  0.000000e+000  1.000000e+000  0.000000e+000
    outer loop
      vertex  4.783777e-018  0.000000e+000  7.812500e-002
      vertex  6.288357e-002  0.000000e+000  1.501150e-003
      vertex  4.822786e-002  0.000000e+000  5.946911e-003
    endloop
  endfacet
  facet normal  0.000000e+000  1.000000e+000  0.000000e+000
    outer loop
      vertex  4.783777e-018  0.000000e+000  7.812500e-002
      vertex  4.822786e-002  0.000000e+000  5.946911e-003
      vertex  3.472108e-002  0.000000e+000  1.316644e-002
    endloop
  endfacet
  facet normal  0.000000e+000  1.000000e+000  0.000000e+000
    outer loop
      vertex  4.783777e-018  0.000000e+000  7.812500e-002
      vertex  3.472108e-002  0.000000e+000  1.316644e-002
      vertex  2.288228e-002  0.000000e+000  2.288228e-002
    endloop
  endfacet
  facet normal  0.000000e+000  1.000000e+000  0.000000e+000
    outer loop
      vertex  4.783777e-018  0.000000e+000  7.812500e-002
      vertex  2.288228e-002  0.000000e+000  2.288228e-002
      vertex  1.316644e-002  0.000000e+000  3.472108e-002
    endloop
  endfacet
  facet normal  0.000000e+000  1.000000e+000  0.000000e+000
    outer loop
      vertex  4.783777e-018  0.000000e+000  7.812500e-002
      vertex  1.316644e-002  0.000000e+000  3.472108e-002
      vertex  5.946911e-003  0.000000e+000  4.822786e-002
    endloop
  endfacet
  facet normal  0.000000e+000  1.000000e+000  0.000000e+000
    outer loop
      vertex  4.783777e-018  0.000000e+000  7.812500e-002
      vertex  5.946911e-003  0.000000e+000  4.822786e-002
      vertex  1.501150e-003  0.000000e+000  6.288357e-002
    endloop
  endfacet
  facet normal -9.999999e-001  0.000000e+000  6.123234e-017
    outer loop
      vertex  2.852138e-017  0.000000e+000  4.657895e-001
      vertex  4.783777e-018  0.000000e+000  7.812500e-002
      vertex  2.852138e-017 -4.687500e-001  4.657895e-001
    endloop
  endfacet
  facet normal -9.999999e-001  0.000000e+000  6.123234e-017
    outer loop
      vertex  2.852138e-017 -4.687500e-001  4.657895e-001
      vertex  4.783777e-018  0.000000e+000  7.812500e-002
      vertex  4.783777e-018 -4.687500e-001  7.812500e-002
    endloop
  endfacet
  facet normal -6.123234e-017  -0.000000e+000 -1.000000e+000
    outer loop
      vertex  7.812500e-002 -4.687500e-001 -4.783777e-018
      vertex  7.812500e-002  0.000000e+000 -4.783777e-018
      vertex  7.500000e-001 -4.687500e-001 -4.592425e-017
    endloop
  endfacet
  facet normal -6.123234e-017  0.000000e+000 -1.000000e+000
    outer loop
      vertex  7.500000e-001 -4.687500e-001 -4.592425e-017
      vertex  7.812500e-002  0.000000e+000 -4.783777e-018
      vertex  7.500000e-001  0.000000e+000 -4.592425e-017
    endloop
  endfacet
  facet normal -9.801715e-002  0.000000e+000 -9.951847e-001
    outer loop
      vertex  7.812500e-002  0.000000e+000 -4.783777e-018
      vertex  7.812500e-002 -4.687500e-001 -4.783777e-018
      vertex  6.288357e-002  0.000000e+000  1.501150e-003
    endloop
  endfacet
  facet normal -9.801715e-002  -0.000000e+000 -9.951847e-001
    outer loop
      vertex  6.288357e-002  0.000000e+000  1.501150e-003
      vertex  7.812500e-002 -4.687500e-001 -4.783777e-018
      vertex  6.288357e-002 -4.687500e-001  1.501150e-003
    endloop
  endfacet
  facet normal -2.902846e-001  0.000000e+000 -9.569404e-001
    outer loop
      vertex  6.288357e-002  0.000000e+000  1.501150e-003
      vertex  6.288357e-002 -4.687500e-001  1.501150e-003
      vertex  4.822786e-002  0.000000e+000  5.946911e-003
    endloop
  endfacet
  facet normal -2.902846e-001  -0.000000e+000 -9.569404e-001
    outer loop
      vertex  4.822786e-002  0.000000e+000  5.946911e-003
      vertex  6.288357e-002 -4.687500e-001  1.501150e-003
      vertex  4.822786e-002 -4.687500e-001  5.946911e-003
    endloop
  endfacet
  facet normal -4.713968e-001  0.000000e+000 -8.819212e-001
    outer loop
      vertex  4.822786e-002  0.000000e+000  5.946911e-003
      vertex  4.822786e-002 -4.687500e-001  5.946911e-003
      vertex  3.472108e-002  0.000000e+000  1.316644e-002
    endloop
  endfacet
  facet normal -4.713968e-001  -0.000000e+000 -8.819212e-001
    outer loop
      vertex  3.472108e-002  0.000000e+000  1.316644e-002
      vertex  4.822786e-002 -4.687500e-001  5.946911e-003
      vertex  3.472108e-002 -4.687500e-001  1.316644e-002
    endloop
  endfacet
  facet normal -6.343933e-001  0.000000e+000 -7.730105e-001
    outer loop
      vertex  3.472108e-002  0.000000e+000  1.316644e-002
      vertex  3.472108e-002 -4.687500e-001  1.316644e-002
      vertex  2.288228e-002  0.000000e+000  2.288228e-002
    endloop
  endfacet
  facet normal -6.343933e-001  -0.000000e+000 -7.730105e-001
    outer loop
      vertex  2.288228e-002  0.000000e+000  2.288228e-002
      vertex  3.472108e-002 -4.687500e-001  1.316644e-002
      vertex  2.288228e-002 -4.687500e-001  2.288228e-002
    endloop
  endfacet
  facet normal -7.730105e-001  0.000000e+000 -6.343933e-001
    outer loop
      vertex  2.288228e-002  0.000000e+000  2.288228e-002
      vertex  2.288228e-002 -4.687500e-001  2.288228e-002
      vertex  1.316644e-002  0.000000e+000  3.472108e-002
    endloop
  endfacet
  facet normal -7.730105e-001  -0.000000e+000 -6.343933e-001
    outer loop
      vertex  1.316644e-002  0.000000e+000  3.472108e-002
      vertex  2.288228e-002 -4.687500e-001  2.288228e-002
      vertex  1.316644e-002 -4.687500e-001  3.472108e-002
    endloop
  endfacet
  facet normal -8.819212e-001  0.000000e+000 -4.713968e-001
    outer loop
      vertex  1.316644e-002  0.000000e+000  3.472108e-002
      vertex  1.316644e-002 -4.687500e-001  3.472108e-002
      vertex  5.946911e-003  0.000000e+000  4.822786e-002
    endloop
  endfacet
  facet normal -8.819212e-001  -0.000000e+000 -4.713968e-001
    outer loop
      vertex  5.946911e-003  0.000000e+000  4.822786e-002
      vertex  1.316644e-002 -4.687500e-001  3.472108e-002
      vertex  5.946911e-003 -4.687500e-001  4.822786e-002
    endloop
  endfacet
  facet normal -9.569404e-001  0.000000e+000 -2.902846e-001
    outer loop
      vertex  5.946911e-003  0.000000e+000  4.822786e-002
      vertex  5.946911e-003 -4.687500e-001  4.822786e-002
      vertex  1.501150e-003  0.000000e+000  6.288357e-002
    endloop
  endfacet
  facet normal -9.569404e-001  -0.000000e+000 -2.902846e-001
    outer loop
      vertex  1.501150e-003  0.000000e+000  6.288357e-002
      vertex  5.946911e-003 -4.687500e-001  4.822786e-002
      vertex  1.501150e-003 -4.687500e-001  6.288357e-002
    endloop
  endfacet
  facet normal -9.951847e-001  0.000000e+000 -9.801715e-002
    outer loop
      vertex  1.501150e-003  0.000000e+000  6.288357e-002
      vertex  1.501150e-003 -4.687500e-001  6.288357e-002
      vertex  4.783777e-018  0.000000e+000  7.812500e-002
    endloop
  endfacet
  facet normal -9.951847e-001  -0.000000e+000 -9.801715e-002
    outer loop
      vertex  4.783777e-018  0.000000e+000  7.812500e-002
      vertex  1.501150e-003 -4.687500e-001  6.288357e-002
      vertex  4.783777e-018 -4.687500e-001  7.812500e-002
    endloop
  endfacet
  facet normal  0.000000e+000  0.000000e+000  1.000000e+000
    outer loop
      vertex  7.109375e-001 -4.687500e-001  4.657895e-001
      vertex  7.109375e-001  0.000000e+000  4.657895e-001
      vertex  2.852138e-017 -4.687500e-001  4.657895e-001
    endloop
  endfacet
  facet normal  0.000000e+000  0.000000e+000  1.000000e+000
    outer loop
      vertex  2.852138e-017 -4.687500e-001  4.657895e-001
      vertex  7.109375e-001  0.000000e+000  4.657895e-001
      vertex  2.852138e-017  0.000000e+000  4.657895e-001
    endloop
  endfacet
  facet normal  1.000000e+000  0.000000e+000  0.000000e+000
    outer loop
      vertex  7.500000e-001  0.000000e+000 -4.592425e-017
      vertex  7.500000e-001  0.000000e+000  4.267270e-001
      vertex  7.500000e-001 -4.687500e-001 -4.592425e-017
    endloop
  endfacet
  facet normal  1.000000e+000  0.000000e+000  0.000000e+000
    outer loop
      vertex  7.500000e-001 -4.687500e-001 -4.592425e-017
      vertex  7.500000e-001  0.000000e+000  4.267270e-001
      vertex  7.500000e-001 -4.687500e-001  4.267270e-001
    endloop
  endfacet
  facet normal  9.801698e-002  -0.000000e+000  9.951847e-001
    outer loop
      vertex  7.109375e-001  0.000000e+000  4.657895e-001
      vertex  7.109375e-001 -4.687500e-001  4.657895e-001
      vertex  7.185582e-001  0.000000e+000  4.650389e-001
    endloop
  endfacet
  facet normal  9.801698e-002  0.000000e+000  9.951847e-001
    outer loop
      vertex  7.185582e-001  0.000000e+000  4.650389e-001
      vertex  7.109375e-001 -4.687500e-001  4.657895e-001
      vertex  7.185582e-001 -4.687500e-001  4.650389e-001
    endloop
  endfacet
  facet normal  2.902829e-001  -0.000000e+000  9.569409e-001
    outer loop
      vertex  7.185582e-001  0.000000e+000  4.650389e-001
      vertex  7.185582e-001 -4.687500e-001  4.650389e-001
      vertex  7.258860e-001  0.000000e+000  4.628160e-001
    endloop
  endfacet
  facet normal  2.902829e-001  0.000000e+000  9.569409e-001
    outer loop
      vertex  7.258860e-001  0.000000e+000  4.628160e-001
      vertex  7.185582e-001 -4.687500e-001  4.650389e-001
      vertex  7.258860e-001 -4.687500e-001  4.628160e-001
    endloop
  endfacet
  facet normal  4.713953e-001  -0.000000e+000  8.819221e-001
    outer loop
      vertex  7.258860e-001  0.000000e+000  4.628160e-001
      vertex  7.258860e-001 -4.687500e-001  4.628160e-001
      vertex  7.326395e-001  0.000000e+000  4.592063e-001
    endloop
  endfacet
  facet normal  4.713953e-001  0.000000e+000  8.819221e-001
    outer loop
      vertex  7.326395e-001  0.000000e+000  4.592063e-001
      vertex  7.258860e-001 -4.687500e-001  4.628160e-001
      vertex  7.326395e-001 -4.687500e-001  4.592063e-001
    endloop
  endfacet
  facet normal  6.343936e-001  -0.000000e+000  7.730103e-001
    outer loop
      vertex  7.326395e-001  0.000000e+000  4.592063e-001
      vertex  7.326395e-001 -4.687500e-001  4.592063e-001
      vertex  7.385589e-001  0.000000e+000  4.543483e-001
    endloop
  endfacet
  facet normal  6.343936e-001  0.000000e+000  7.730103e-001
    outer loop
      vertex  7.385589e-001  0.000000e+000  4.543483e-001
      vertex  7.326395e-001 -4.687500e-001  4.592063e-001
      vertex  7.385589e-001 -4.687500e-001  4.543483e-001
    endloop
  endfacet
  facet normal  7.730121e-001  -0.000000e+000  6.343913e-001
    outer loop
      vertex  7.385589e-001  0.000000e+000  4.543483e-001
      vertex  7.385589e-001 -4.687500e-001  4.543483e-001
      vertex  7.434168e-001  0.000000e+000  4.484289e-001
    endloop
  endfacet
  facet normal  7.730121e-001  0.000000e+000  6.343913e-001
    outer loop
      vertex  7.434168e-001  0.000000e+000  4.484289e-001
      vertex  7.385589e-001 -4.687500e-001  4.543483e-001
      vertex  7.434168e-001 -4.687500e-001  4.484289e-001
    endloop
  endfacet
  facet normal  8.819203e-001  -0.000000e+000  4.713985e-001
    outer loop
      vertex  7.434168e-001  0.000000e+000  4.484289e-001
      vertex  7.434168e-001 -4.687500e-001  4.484289e-001
      vertex  7.470266e-001  0.000000e+000  4.416755e-001
    endloop
  endfacet
  facet normal  8.819203e-001  0.000000e+000  4.713985e-001
    outer loop
      vertex  7.470266e-001  0.000000e+000  4.416755e-001
      vertex  7.434168e-001 -4.687500e-001  4.484289e-001
      vertex  7.470266e-001 -4.687500e-001  4.416755e-001
    endloop
  endfacet
  facet normal  9.569420e-001  -0.000000e+000  2.902794e-001
    outer loop
      vertex  7.470266e-001  0.000000e+000  4.416755e-001
      vertex  7.470266e-001 -4.687500e-001  4.416755e-001
      vertex  7.492494e-001  0.000000e+000  4.343477e-001
    endloop
  endfacet
  facet normal  9.569420e-001  0.000000e+000  2.902794e-001
    outer loop
      vertex  7.492494e-001  0.000000e+000  4.343477e-001
      vertex  7.470266e-001 -4.687500e-001  4.416755e-001
      vertex  7.492494e-001 -4.687500e-001  4.343477e-001
    endloop
  endfacet
  facet normal  9.951844e-001  -0.000000e+000  9.802046e-002
    outer loop
      vertex  7.492494e-001  0.000000e+000  4.343477e-001
      vertex  7.492494e-001 -4.687500e-001  4.343477e-001
      vertex  7.500000e-001  0.000000e+000  4.267270e-001
    endloop
  endfacet
  facet normal  9.951844e-001  0.000000e+000  9.802046e-002
    outer loop
      vertex  7.500000e-001  0.000000e+000  4.267270e-001
      vertex  7.492494e-001 -4.687500e-001  4.343477e-001
      vertex  7.500000e-001 -4.687500e-001  4.267270e-001
    endloop
  endfacet
endsolid CATIA STL
