solid CATIA STL
  facet normal  0.000000e+000 -1.000000e+000  0.000000e+000
    outer loop
      vertex  2.097039e-002 -7.500000e-001  1.192434e-002
      vertex -1.315789e-002 -7.500000e-001  1.192434e-002
      vertex -1.315789e-002 -7.500000e-001  1.027961e-002
    endloop
  endfacet
  facet normal  0.000000e+000 -1.000000e+000  0.000000e+000
    outer loop
      vertex  2.097039e-002 -7.500000e-001  1.192434e-002
      vertex -1.315789e-002 -7.500000e-001  1.027961e-002
      vertex -1.270755e-002 -7.500000e-001  5.707176e-003
    endloop
  endfacet
  facet normal  0.000000e+000 -1.000000e+000  0.000000e+000
    outer loop
      vertex  2.097039e-002 -7.500000e-001  1.192434e-002
      vertex -1.270755e-002 -7.500000e-001  5.707176e-003
      vertex -1.137382e-002 -7.500000e-001  1.310462e-003
    endloop
  endfacet
  facet normal  0.000000e+000 -1.000000e+000  0.000000e+000
    outer loop
      vertex  2.097039e-002 -7.500000e-001  1.192434e-002
      vertex -1.137382e-002 -7.500000e-001  1.310462e-003
      vertex -9.207964e-003 -7.500000e-001 -2.741572e-003
    endloop
  endfacet
  facet normal  0.000000e+000 -1.000000e+000  0.000000e+000
    outer loop
      vertex  2.097039e-002 -7.500000e-001  1.192434e-002
      vertex -9.207964e-003 -7.500000e-001 -2.741572e-003
      vertex -6.293210e-003 -7.500000e-001 -6.293210e-003
    endloop
  endfacet
  facet normal  0.000000e+000 -1.000000e+000  0.000000e+000
    outer loop
      vertex  2.097039e-002 -7.500000e-001  1.192434e-002
      vertex -6.293210e-003 -7.500000e-001 -6.293210e-003
      vertex -2.741572e-003 -7.500000e-001 -9.207964e-003
    endloop
  endfacet
  facet normal  0.000000e+000 -1.000000e+000  0.000000e+000
    outer loop
      vertex  2.097039e-002 -7.500000e-001  1.192434e-002
      vertex -2.741572e-003 -7.500000e-001 -9.207964e-003
      vertex  1.310462e-003 -7.500000e-001 -1.137382e-002
    endloop
  endfacet
  facet normal  0.000000e+000 -1.000000e+000  0.000000e+000
    outer loop
      vertex  2.097039e-002 -7.500000e-001  1.192434e-002
      vertex  1.310462e-003 -7.500000e-001 -1.137382e-002
      vertex  5.707176e-003 -7.500000e-001 -1.270755e-002
    endloop
  endfacet
  facet normal  0.000000e+000 -9.999999e-001  0.000000e+000
    outer loop
      vertex  2.097039e-002 -7.500000e-001  1.192434e-002
      vertex  5.707176e-003 -7.500000e-001 -1.270755e-002
      vertex  1.027961e-002 -7.500000e-001 -1.315789e-002
    endloop
  endfacet
  facet normal  0.000000e+000 -1.000000e+000  0.000000e+000
    outer loop
      vertex  2.097039e-002 -7.500000e-001  1.192434e-002
      vertex  1.027961e-002 -7.500000e-001 -1.315789e-002
      vertex  2.097039e-002 -7.500000e-001 -1.315789e-002
    endloop
  endfacet
  facet normal -6.071532e-017  1.000000e+000 -6.071532e-017
    outer loop
      vertex  2.097039e-002  3.894568e-018  1.192434e-002
      vertex  2.097039e-002  2.371692e-018 -1.315789e-002
      vertex  1.027961e-002  1.722598e-018 -1.315789e-002
    endloop
  endfacet
  facet normal -6.071530e-017  1.000000e+000 -6.071532e-017
    outer loop
      vertex  2.097039e-002  3.894568e-018  1.192434e-002
      vertex  1.027961e-002  1.722598e-018 -1.315789e-002
      vertex  5.707176e-003  1.472324e-018 -1.270755e-002
    endloop
  endfacet
  facet normal -6.071533e-017  1.000000e+000 -6.071531e-017
    outer loop
      vertex  2.097039e-002  3.894568e-018  1.192434e-002
      vertex  5.707176e-003  1.472324e-018 -1.270755e-002
      vertex  1.310462e-003  1.286354e-018 -1.137382e-002
    endloop
  endfacet
  facet normal -6.071532e-017  1.000000e+000 -6.071532e-017
    outer loop
      vertex  2.097039e-002  3.894568e-018  1.192434e-002
      vertex  1.310462e-003  1.286354e-018 -1.137382e-002
      vertex -2.741572e-003  1.171834e-018 -9.207964e-003
    endloop
  endfacet
  facet normal -6.071532e-017  1.000000e+000 -6.071531e-017
    outer loop
      vertex  2.097039e-002  3.894568e-018  1.192434e-002
      vertex -2.741572e-003  1.171834e-018 -9.207964e-003
      vertex -6.293210e-003  1.133165e-018 -6.293210e-003
    endloop
  endfacet
  facet normal -6.071532e-017  1.000000e+000 -6.071532e-017
    outer loop
      vertex  2.097039e-002  3.894568e-018  1.192434e-002
      vertex -6.293210e-003  1.133165e-018 -6.293210e-003
      vertex -9.207964e-003  1.171834e-018 -2.741572e-003
    endloop
  endfacet
  facet normal -6.071532e-017  1.000000e+000 -6.071532e-017
    outer loop
      vertex  2.097039e-002  3.894568e-018  1.192434e-002
      vertex -9.207964e-003  1.171834e-018 -2.741572e-003
      vertex -1.137382e-002  1.286354e-018  1.310462e-003
    endloop
  endfacet
  facet normal -6.071532e-017  1.000000e+000 -6.071533e-017
    outer loop
      vertex  2.097039e-002  3.894568e-018  1.192434e-002
      vertex -1.137382e-002  1.286354e-018  1.310462e-003
      vertex -1.270755e-002  1.472324e-018  5.707176e-003
    endloop
  endfacet
  facet normal -6.071532e-017  1.000000e+000 -6.071531e-017
    outer loop
      vertex  2.097039e-002  3.894568e-018  1.192434e-002
      vertex -1.270755e-002  1.472324e-018  5.707176e-003
      vertex -1.315789e-002  1.722598e-018  1.027961e-002
    endloop
  endfacet
  facet normal -6.071532e-017  1.000000e+000 -6.071528e-017
    outer loop
      vertex  2.097039e-002  3.894568e-018  1.192434e-002
      vertex -1.315789e-002  1.722598e-018  1.027961e-002
      vertex -1.315789e-002  1.822458e-018  1.192434e-002
    endloop
  endfacet
  facet normal -1.000000e+000  0.000000e+000  0.000000e+000
    outer loop
      vertex -1.315789e-002  1.822458e-018  1.192434e-002
      vertex -1.315789e-002  1.722598e-018  1.027961e-002
      vertex -1.315789e-002 -7.500000e-001  1.192434e-002
    endloop
  endfacet
  facet normal -1.000000e+000  0.000000e+000  0.000000e+000
    outer loop
      vertex -1.315789e-002 -7.500000e-001  1.192434e-002
      vertex -1.315789e-002  1.722598e-018  1.027961e-002
      vertex -1.315789e-002 -7.500000e-001  1.027961e-002
    endloop
  endfacet
  facet normal  0.000000e+000  0.000000e+000 -1.000000e+000
    outer loop
      vertex  1.027961e-002  1.722598e-018 -1.315789e-002
      vertex  2.097039e-002  2.371692e-018 -1.315789e-002
      vertex  1.027961e-002 -7.500000e-001 -1.315789e-002
    endloop
  endfacet
  facet normal  0.000000e+000  0.000000e+000 -1.000000e+000
    outer loop
      vertex  1.027961e-002 -7.500000e-001 -1.315789e-002
      vertex  2.097039e-002  2.371692e-018 -1.315789e-002
      vertex  2.097039e-002 -7.500000e-001 -1.315789e-002
    endloop
  endfacet
  facet normal -9.801710e-002  0.000000e+000 -9.951848e-001
    outer loop
      vertex  1.027961e-002  1.722598e-018 -1.315789e-002
      vertex  1.027961e-002 -7.500000e-001 -1.315789e-002
      vertex  5.707176e-003  1.472324e-018 -1.270755e-002
    endloop
  endfacet
  facet normal -9.801710e-002  -0.000000e+000 -9.951848e-001
    outer loop
      vertex  5.707176e-003  1.472324e-018 -1.270755e-002
      vertex  1.027961e-002 -7.500000e-001 -1.315789e-002
      vertex  5.707176e-003 -7.500000e-001 -1.270755e-002
    endloop
  endfacet
  facet normal -2.902847e-001  0.000000e+000 -9.569404e-001
    outer loop
      vertex  5.707176e-003  1.472324e-018 -1.270755e-002
      vertex  5.707176e-003 -7.500000e-001 -1.270755e-002
      vertex  1.310462e-003  1.286354e-018 -1.137382e-002
    endloop
  endfacet
  facet normal -2.902847e-001  -0.000000e+000 -9.569404e-001
    outer loop
      vertex  1.310462e-003  1.286354e-018 -1.137382e-002
      vertex  5.707176e-003 -7.500000e-001 -1.270755e-002
      vertex  1.310462e-003 -7.500000e-001 -1.137382e-002
    endloop
  endfacet
  facet normal -4.713968e-001  0.000000e+000 -8.819213e-001
    outer loop
      vertex  1.310462e-003  1.286354e-018 -1.137382e-002
      vertex  1.310462e-003 -7.500000e-001 -1.137382e-002
      vertex -2.741572e-003  1.171834e-018 -9.207964e-003
    endloop
  endfacet
  facet normal -4.713968e-001  -0.000000e+000 -8.819213e-001
    outer loop
      vertex -2.741572e-003  1.171834e-018 -9.207964e-003
      vertex  1.310462e-003 -7.500000e-001 -1.137382e-002
      vertex -2.741572e-003 -7.500000e-001 -9.207964e-003
    endloop
  endfacet
  facet normal -6.343933e-001  0.000000e+000 -7.730104e-001
    outer loop
      vertex -2.741572e-003  1.171834e-018 -9.207964e-003
      vertex -2.741572e-003 -7.500000e-001 -9.207964e-003
      vertex -6.293210e-003  1.133165e-018 -6.293210e-003
    endloop
  endfacet
  facet normal -6.343933e-001  -0.000000e+000 -7.730104e-001
    outer loop
      vertex -6.293210e-003  1.133165e-018 -6.293210e-003
      vertex -2.741572e-003 -7.500000e-001 -9.207964e-003
      vertex -6.293210e-003 -7.500000e-001 -6.293210e-003
    endloop
  endfacet
  facet normal -7.730104e-001  0.000000e+000 -6.343933e-001
    outer loop
      vertex -6.293210e-003  1.133165e-018 -6.293210e-003
      vertex -6.293210e-003 -7.500000e-001 -6.293210e-003
      vertex -9.207964e-003  1.171834e-018 -2.741572e-003
    endloop
  endfacet
  facet normal -7.730104e-001  -0.000000e+000 -6.343933e-001
    outer loop
      vertex -9.207964e-003  1.171834e-018 -2.741572e-003
      vertex -6.293210e-003 -7.500000e-001 -6.293210e-003
      vertex -9.207964e-003 -7.500000e-001 -2.741572e-003
    endloop
  endfacet
  facet normal -8.819213e-001  0.000000e+000 -4.713968e-001
    outer loop
      vertex -9.207964e-003  1.171834e-018 -2.741572e-003
      vertex -9.207964e-003 -7.500000e-001 -2.741572e-003
      vertex -1.137382e-002  1.286354e-018  1.310462e-003
    endloop
  endfacet
  facet normal -8.819213e-001  -0.000000e+000 -4.713968e-001
    outer loop
      vertex -1.137382e-002  1.286354e-018  1.310462e-003
      vertex -9.207964e-003 -7.500000e-001 -2.741572e-003
      vertex -1.137382e-002 -7.500000e-001  1.310462e-003
    endloop
  endfacet
  facet normal -9.569404e-001  0.000000e+000 -2.902847e-001
    outer loop
      vertex -1.137382e-002  1.286354e-018  1.310462e-003
      vertex -1.137382e-002 -7.500000e-001  1.310462e-003
      vertex -1.270755e-002  1.472324e-018  5.707176e-003
    endloop
  endfacet
  facet normal -9.569404e-001  -0.000000e+000 -2.902847e-001
    outer loop
      vertex -1.270755e-002  1.472324e-018  5.707176e-003
      vertex -1.137382e-002 -7.500000e-001  1.310462e-003
      vertex -1.270755e-002 -7.500000e-001  5.707176e-003
    endloop
  endfacet
  facet normal -9.951848e-001  0.000000e+000 -9.801710e-002
    outer loop
      vertex -1.270755e-002  1.472324e-018  5.707176e-003
      vertex -1.270755e-002 -7.500000e-001  5.707176e-003
      vertex -1.315789e-002  1.722598e-018  1.027961e-002
    endloop
  endfacet
  facet normal -9.951848e-001  -0.000000e+000 -9.801710e-002
    outer loop
      vertex -1.315789e-002  1.722598e-018  1.027961e-002
      vertex -1.270755e-002 -7.500000e-001  5.707176e-003
      vertex -1.315789e-002 -7.500000e-001  1.027961e-002
    endloop
  endfacet
  facet normal  -0.000000e+000  0.000000e+000  1.000000e+000
    outer loop
      vertex  2.097039e-002  3.894568e-018  1.192434e-002
      vertex -1.315789e-002  1.822458e-018  1.192434e-002
      vertex  2.097039e-002 -7.500000e-001  1.192434e-002
    endloop
  endfacet
  facet normal  0.000000e+000  0.000000e+000  1.000000e+000
    outer loop
      vertex  2.097039e-002 -7.500000e-001  1.192434e-002
      vertex -1.315789e-002  1.822458e-018  1.192434e-002
      vertex -1.315789e-002 -7.500000e-001  1.192434e-002
    endloop
  endfacet
  facet normal  1.000000e+000  0.000000e+000  0.000000e+000
    outer loop
      vertex  2.097039e-002  2.371692e-018 -1.315789e-002
      vertex  2.097039e-002  3.894568e-018  1.192434e-002
      vertex  2.097039e-002 -7.500000e-001 -1.315789e-002
    endloop
  endfacet
  facet normal  1.000000e+000  0.000000e+000  0.000000e+000
    outer loop
      vertex  2.097039e-002 -7.500000e-001 -1.315789e-002
      vertex  2.097039e-002  3.894568e-018  1.192434e-002
      vertex  2.097039e-002 -7.500000e-001  1.192434e-002
    endloop
  endfacet
endsolid CATIA STL
