solid CATIA STL
  facet normal  0.000000e+000  0.000000e+000  1.000000e+000
    outer loop
      vertex  9.473684e-002  6.552632e-001  9.375000e-002
      vertex  9.473684e-002  9.473684e-002  9.375000e-002
      vertex  6.552632e-001  9.473684e-002  9.375000e-002
    endloop
  endfacet
  facet normal  0.000000e+000  -0.000000e+000  1.000000e+000
    outer loop
      vertex  9.473684e-002  6.552632e-001  9.375000e-002
      vertex  6.552632e-001  9.473684e-002  9.375000e-002
      vertex  6.552632e-001  5.458882e-001  9.375000e-002
    endloop
  endfacet
  facet normal  0.000000e+000  0.000000e+000  1.000000e+000
    outer loop
      vertex  9.473684e-002  6.552632e-001  9.375000e-002
      vertex  6.552632e-001  5.458882e-001  9.375000e-002
      vertex  6.531615e-001  5.672262e-001  9.375000e-002
    endloop
  endfacet
  facet normal  0.000000e+000  0.000000e+000  1.000000e+000
    outer loop
      vertex  9.473684e-002  6.552632e-001  9.375000e-002
      vertex  6.531615e-001  5.672262e-001  9.375000e-002
      vertex  6.469375e-001  5.877442e-001  9.375000e-002
    endloop
  endfacet
  facet normal  0.000000e+000  0.000000e+000  1.000000e+000
    outer loop
      vertex  9.473684e-002  6.552632e-001  9.375000e-002
      vertex  6.469375e-001  5.877442e-001  9.375000e-002
      vertex  6.368302e-001  6.066536e-001  9.375000e-002
    endloop
  endfacet
  facet normal  0.000000e+000  0.000000e+000  1.000000e+000
    outer loop
      vertex  9.473684e-002  6.552632e-001  9.375000e-002
      vertex  6.368302e-001  6.066536e-001  9.375000e-002
      vertex  6.232280e-001  6.232280e-001  9.375000e-002
    endloop
  endfacet
  facet normal  0.000000e+000  0.000000e+000  1.000000e+000
    outer loop
      vertex  9.473684e-002  6.552632e-001  9.375000e-002
      vertex  6.232280e-001  6.232280e-001  9.375000e-002
      vertex  6.066536e-001  6.368302e-001  9.375000e-002
    endloop
  endfacet
  facet normal  0.000000e+000  0.000000e+000  1.000000e+000
    outer loop
      vertex  9.473684e-002  6.552632e-001  9.375000e-002
      vertex  6.066536e-001  6.368302e-001  9.375000e-002
      vertex  5.877442e-001  6.469375e-001  9.375000e-002
    endloop
  endfacet
  facet normal  0.000000e+000  0.000000e+000  9.999999e-001
    outer loop
      vertex  9.473684e-002  6.552632e-001  9.375000e-002
      vertex  5.877442e-001  6.469375e-001  9.375000e-002
      vertex  5.672262e-001  6.531615e-001  9.375000e-002
    endloop
  endfacet
  facet normal  0.000000e+000  0.000000e+000  9.999999e-001
    outer loop
      vertex  9.473684e-002  6.552632e-001  9.375000e-002
      vertex  5.672262e-001  6.531615e-001  9.375000e-002
      vertex  5.458882e-001  6.552632e-001  9.375000e-002
    endloop
  endfacet
  facet normal  -0.000000e+000  -0.000000e+000 -9.999999e-001
    outer loop
      vertex  9.473684e-002  6.552632e-001  0.000000e+000
      vertex  5.458882e-001  6.552632e-001  0.000000e+000
      vertex  5.672262e-001  6.531615e-001  0.000000e+000
    endloop
  endfacet
  facet normal  -0.000000e+000  -0.000000e+000 -9.999999e-001
    outer loop
      vertex  9.473684e-002  6.552632e-001  0.000000e+000
      vertex  5.672262e-001  6.531615e-001  0.000000e+000
      vertex  5.877442e-001  6.469375e-001  0.000000e+000
    endloop
  endfacet
  facet normal  -0.000000e+000  -0.000000e+000 -1.000000e+000
    outer loop
      vertex  9.473684e-002  6.552632e-001  0.000000e+000
      vertex  5.877442e-001  6.469375e-001  0.000000e+000
      vertex  6.066536e-001  6.368302e-001  0.000000e+000
    endloop
  endfacet
  facet normal  -0.000000e+000  -0.000000e+000 -1.000000e+000
    outer loop
      vertex  9.473684e-002  6.552632e-001  0.000000e+000
      vertex  6.066536e-001  6.368302e-001  0.000000e+000
      vertex  6.232280e-001  6.232280e-001  0.000000e+000
    endloop
  endfacet
  facet normal  -0.000000e+000  -0.000000e+000 -1.000000e+000
    outer loop
      vertex  9.473684e-002  6.552632e-001  0.000000e+000
      vertex  6.232280e-001  6.232280e-001  0.000000e+000
      vertex  6.368302e-001  6.066536e-001  0.000000e+000
    endloop
  endfacet
  facet normal  -0.000000e+000  -0.000000e+000 -1.000000e+000
    outer loop
      vertex  9.473684e-002  6.552632e-001  0.000000e+000
      vertex  6.368302e-001  6.066536e-001  0.000000e+000
      vertex  6.469375e-001  5.877442e-001  0.000000e+000
    endloop
  endfacet
  facet normal  -0.000000e+000  -0.000000e+000 -1.000000e+000
    outer loop
      vertex  9.473684e-002  6.552632e-001  0.000000e+000
      vertex  6.469375e-001  5.877442e-001  0.000000e+000
      vertex  6.531615e-001  5.672262e-001  0.000000e+000
    endloop
  endfacet
  facet normal  -0.000000e+000  -0.000000e+000 -1.000000e+000
    outer loop
      vertex  9.473684e-002  6.552632e-001  0.000000e+000
      vertex  6.531615e-001  5.672262e-001  0.000000e+000
      vertex  6.552632e-001  5.458882e-001  0.000000e+000
    endloop
  endfacet
  facet normal  -0.000000e+000  -0.000000e+000 -1.000000e+000
    outer loop
      vertex  9.473684e-002  6.552632e-001  0.000000e+000
      vertex  6.552632e-001  5.458882e-001  0.000000e+000
      vertex  6.552632e-001  9.473684e-002  0.000000e+000
    endloop
  endfacet
  facet normal  0.000000e+000  0.000000e+000 -1.000000e+000
    outer loop
      vertex  9.473684e-002  6.552632e-001  0.000000e+000
      vertex  6.552632e-001  9.473684e-002  0.000000e+000
      vertex  9.473684e-002  9.473684e-002  0.000000e+000
    endloop
  endfacet
  facet normal  0.000000e+000  9.999999e-001  -0.000000e+000
    outer loop
      vertex  5.458882e-001  6.552632e-001  9.375000e-002
      vertex  5.458882e-001  6.552632e-001  0.000000e+000
      vertex  9.473684e-002  6.552632e-001  9.375000e-002
    endloop
  endfacet
  facet normal  0.000000e+000  9.999999e-001  0.000000e+000
    outer loop
      vertex  9.473684e-002  6.552632e-001  9.375000e-002
      vertex  5.458882e-001  6.552632e-001  0.000000e+000
      vertex  9.473684e-002  6.552632e-001  0.000000e+000
    endloop
  endfacet
  facet normal  9.999999e-001  0.000000e+000  0.000000e+000
    outer loop
      vertex  6.552632e-001  9.473684e-002  9.375000e-002
      vertex  6.552632e-001  9.473684e-002  0.000000e+000
      vertex  6.552632e-001  5.458882e-001  9.375000e-002
    endloop
  endfacet
  facet normal  9.999999e-001  0.000000e+000  0.000000e+000
    outer loop
      vertex  6.552632e-001  5.458882e-001  9.375000e-002
      vertex  6.552632e-001  9.473684e-002  0.000000e+000
      vertex  6.552632e-001  5.458882e-001  0.000000e+000
    endloop
  endfacet
  facet normal  9.801953e-002  9.951845e-001  0.000000e+000
    outer loop
      vertex  5.458882e-001  6.552632e-001  0.000000e+000
      vertex  5.458882e-001  6.552632e-001  9.375000e-002
      vertex  5.672262e-001  6.531615e-001  0.000000e+000
    endloop
  endfacet
  facet normal  9.801953e-002  9.951845e-001  -0.000000e+000
    outer loop
      vertex  5.672262e-001  6.531615e-001  0.000000e+000
      vertex  5.458882e-001  6.552632e-001  9.375000e-002
      vertex  5.672262e-001  6.531615e-001  9.375000e-002
    endloop
  endfacet
  facet normal  2.902833e-001  9.569408e-001  0.000000e+000
    outer loop
      vertex  5.672262e-001  6.531615e-001  0.000000e+000
      vertex  5.672262e-001  6.531615e-001  9.375000e-002
      vertex  5.877442e-001  6.469375e-001  0.000000e+000
    endloop
  endfacet
  facet normal  2.902833e-001  9.569408e-001  -0.000000e+000
    outer loop
      vertex  5.877442e-001  6.469375e-001  0.000000e+000
      vertex  5.672262e-001  6.531615e-001  9.375000e-002
      vertex  5.877442e-001  6.469375e-001  9.375000e-002
    endloop
  endfacet
  facet normal  4.713976e-001  8.819208e-001  0.000000e+000
    outer loop
      vertex  5.877442e-001  6.469375e-001  0.000000e+000
      vertex  5.877442e-001  6.469375e-001  9.375000e-002
      vertex  6.066536e-001  6.368302e-001  0.000000e+000
    endloop
  endfacet
  facet normal  4.713976e-001  8.819208e-001  -0.000000e+000
    outer loop
      vertex  6.066536e-001  6.368302e-001  0.000000e+000
      vertex  5.877442e-001  6.469375e-001  9.375000e-002
      vertex  6.066536e-001  6.368302e-001  9.375000e-002
    endloop
  endfacet
  facet normal  6.343934e-001  7.730105e-001  0.000000e+000
    outer loop
      vertex  6.066536e-001  6.368302e-001  0.000000e+000
      vertex  6.066536e-001  6.368302e-001  9.375000e-002
      vertex  6.232280e-001  6.232280e-001  0.000000e+000
    endloop
  endfacet
  facet normal  6.343934e-001  7.730105e-001  -0.000000e+000
    outer loop
      vertex  6.232280e-001  6.232280e-001  0.000000e+000
      vertex  6.066536e-001  6.368302e-001  9.375000e-002
      vertex  6.232280e-001  6.232280e-001  9.375000e-002
    endloop
  endfacet
  facet normal  7.730105e-001  6.343934e-001  0.000000e+000
    outer loop
      vertex  6.232280e-001  6.232280e-001  0.000000e+000
      vertex  6.232280e-001  6.232280e-001  9.375000e-002
      vertex  6.368302e-001  6.066536e-001  0.000000e+000
    endloop
  endfacet
  facet normal  7.730105e-001  6.343934e-001  -0.000000e+000
    outer loop
      vertex  6.368302e-001  6.066536e-001  0.000000e+000
      vertex  6.232280e-001  6.232280e-001  9.375000e-002
      vertex  6.368302e-001  6.066536e-001  9.375000e-002
    endloop
  endfacet
  facet normal  8.819208e-001  4.713976e-001  0.000000e+000
    outer loop
      vertex  6.368302e-001  6.066536e-001  0.000000e+000
      vertex  6.368302e-001  6.066536e-001  9.375000e-002
      vertex  6.469375e-001  5.877442e-001  0.000000e+000
    endloop
  endfacet
  facet normal  8.819208e-001  4.713976e-001  -0.000000e+000
    outer loop
      vertex  6.469375e-001  5.877442e-001  0.000000e+000
      vertex  6.368302e-001  6.066536e-001  9.375000e-002
      vertex  6.469375e-001  5.877442e-001  9.375000e-002
    endloop
  endfacet
  facet normal  9.569408e-001  2.902833e-001  0.000000e+000
    outer loop
      vertex  6.469375e-001  5.877442e-001  0.000000e+000
      vertex  6.469375e-001  5.877442e-001  9.375000e-002
      vertex  6.531615e-001  5.672262e-001  0.000000e+000
    endloop
  endfacet
  facet normal  9.569408e-001  2.902833e-001  -0.000000e+000
    outer loop
      vertex  6.531615e-001  5.672262e-001  0.000000e+000
      vertex  6.469375e-001  5.877442e-001  9.375000e-002
      vertex  6.531615e-001  5.672262e-001  9.375000e-002
    endloop
  endfacet
  facet normal  9.951845e-001  9.801953e-002  0.000000e+000
    outer loop
      vertex  6.531615e-001  5.672262e-001  0.000000e+000
      vertex  6.531615e-001  5.672262e-001  9.375000e-002
      vertex  6.552632e-001  5.458882e-001  0.000000e+000
    endloop
  endfacet
  facet normal  9.951845e-001  9.801953e-002  -0.000000e+000
    outer loop
      vertex  6.552632e-001  5.458882e-001  0.000000e+000
      vertex  6.531615e-001  5.672262e-001  9.375000e-002
      vertex  6.552632e-001  5.458882e-001  9.375000e-002
    endloop
  endfacet
  facet normal -1.000000e+000  0.000000e+000  0.000000e+000
    outer loop
      vertex  9.473684e-002  6.552632e-001  9.375000e-002
      vertex  9.473684e-002  6.552632e-001  0.000000e+000
      vertex  9.473684e-002  9.473684e-002  9.375000e-002
    endloop
  endfacet
  facet normal -1.000000e+000  0.000000e+000  0.000000e+000
    outer loop
      vertex  9.473684e-002  9.473684e-002  9.375000e-002
      vertex  9.473684e-002  6.552632e-001  0.000000e+000
      vertex  9.473684e-002  9.473684e-002  0.000000e+000
    endloop
  endfacet
  facet normal  0.000000e+000 -1.000000e+000  0.000000e+000
    outer loop
      vertex  9.473684e-002  9.473684e-002  9.375000e-002
      vertex  9.473684e-002  9.473684e-002  0.000000e+000
      vertex  6.552632e-001  9.473684e-002  9.375000e-002
    endloop
  endfacet
  facet normal  0.000000e+000 -1.000000e+000  -0.000000e+000
    outer loop
      vertex  6.552632e-001  9.473684e-002  9.375000e-002
      vertex  9.473684e-002  9.473684e-002  0.000000e+000
      vertex  6.552632e-001  9.473684e-002  0.000000e+000
    endloop
  endfacet
endsolid CATIA STL
