solid CATIA STL
  facet normal  0.000000e+000  0.000000e+000  1.000000e+000
    outer loop
      vertex  7.343750e-001  7.344573e-001  7.812500e-003
      vertex  7.421052e-001  7.421875e-001  7.812500e-003
      vertex  1.562500e-002  7.344573e-001  7.812500e-003
    endloop
  endfacet
  facet normal  0.000000e+000  0.000000e+000  1.000000e+000
    outer loop
      vertex  7.343750e-001  7.344573e-001  7.812500e-003
      vertex  7.343750e-001  7.812500e-003  7.812500e-003
      vertex  7.421052e-001  7.421875e-001  7.812500e-003
    endloop
  endfacet
  facet normal  0.000000e+000  0.000000e+000 -1.000000e+000
    outer loop
      vertex  7.343750e-001  7.419408e-001  7.812500e-003
      vertex  1.562500e-002  7.344573e-001  7.812500e-003
      vertex  7.421052e-001  7.421875e-001  7.812500e-003
    endloop
  endfacet
  facet normal  -0.000000e+000  0.000000e+000  1.000000e+000
    outer loop
      vertex  7.343750e-001  7.419408e-001  7.812500e-003
      vertex  1.562500e-002  7.419408e-001  7.812500e-003
      vertex  1.562500e-002  7.344573e-001  7.812500e-003
    endloop
  endfacet
  facet normal  0.000000e+000  0.000000e+000  1.000000e+000
    outer loop
      vertex  7.421052e-001  7.421875e-001  7.812500e-003
      vertex  7.343750e-001  7.812500e-003  7.812500e-003
      vertex  7.421052e-001  7.812500e-003  7.812500e-003
    endloop
  endfacet
  facet normal  0.000000e+000  0.000000e+000  9.999999e-001
    outer loop
      vertex  7.812500e-003  7.812500e-003  1.562500e-002
      vertex  0.000000e+000  0.000000e+000  1.562500e-002
      vertex  1.554276e-002  7.812500e-003  1.562500e-002
    endloop
  endfacet
  facet normal  0.000000e+000  0.000000e+000  1.000000e+000
    outer loop
      vertex  0.000000e+000  7.500000e-001  1.562500e-002
      vertex  0.000000e+000  0.000000e+000  1.562500e-002
      vertex  7.812500e-003  7.812500e-003  1.562500e-002
    endloop
  endfacet
  facet normal  0.000000e+000  -0.000000e+000  9.999999e-001
    outer loop
      vertex  0.000000e+000  7.500000e-001  1.562500e-002
      vertex  7.812500e-003  7.812500e-003  1.562500e-002
      vertex  7.812500e-003  7.421875e-001  1.562500e-002
    endloop
  endfacet
  facet normal  -0.000000e+000  -0.000000e+000  1.000000e+000
    outer loop
      vertex  0.000000e+000  7.500000e-001  1.562500e-002
      vertex  7.812500e-003  7.421875e-001  1.562500e-002
      vertex  1.562500e-002  7.419408e-001  1.562500e-002
    endloop
  endfacet
  facet normal  -0.000000e+000  0.000000e+000  1.000000e+000
    outer loop
      vertex  7.500000e-001  7.500000e-001  1.562500e-002
      vertex  0.000000e+000  7.500000e-001  1.562500e-002
      vertex  1.562500e-002  7.419408e-001  1.562500e-002
    endloop
  endfacet
  facet normal  0.000000e+000  0.000000e+000  1.000000e+000
    outer loop
      vertex  7.500000e-001  7.500000e-001  1.562500e-002
      vertex  1.562500e-002  7.419408e-001  1.562500e-002
      vertex  7.343750e-001  7.419408e-001  1.562500e-002
    endloop
  endfacet
  facet normal  0.000000e+000  0.000000e+000  1.000000e+000
    outer loop
      vertex  7.500000e-001  7.500000e-001  1.562500e-002
      vertex  7.343750e-001  7.419408e-001  1.562500e-002
      vertex  7.421052e-001  7.421875e-001  1.562500e-002
    endloop
  endfacet
  facet normal  -0.000000e+000  0.000000e+000  1.000000e+000
    outer loop
      vertex  7.500000e-001  7.500000e-001  1.562500e-002
      vertex  7.421052e-001  7.421875e-001  1.562500e-002
      vertex  7.421052e-001  7.812500e-003  1.562500e-002
    endloop
  endfacet
  facet normal  -0.000000e+000  0.000000e+000  1.000000e+000
    outer loop
      vertex  7.500000e-001  7.500000e-001  1.562500e-002
      vertex  7.421052e-001  7.812500e-003  1.562500e-002
      vertex  7.500000e-001  0.000000e+000  1.562500e-002
    endloop
  endfacet
  facet normal  0.000000e+000  0.000000e+000  1.000000e+000
    outer loop
      vertex  7.500000e-001  0.000000e+000  1.562500e-002
      vertex  7.421052e-001  7.812500e-003  1.562500e-002
      vertex  7.343750e-001  7.812500e-003  1.562500e-002
    endloop
  endfacet
  facet normal  0.000000e+000  0.000000e+000  1.000000e+000
    outer loop
      vertex  7.500000e-001  0.000000e+000  1.562500e-002
      vertex  7.343750e-001  7.812500e-003  1.562500e-002
      vertex  1.554276e-002  7.812500e-003  1.562500e-002
    endloop
  endfacet
  facet normal  0.000000e+000  0.000000e+000  1.000000e+000
    outer loop
      vertex  7.500000e-001  0.000000e+000  1.562500e-002
      vertex  1.554276e-002  7.812500e-003  1.562500e-002
      vertex  0.000000e+000  0.000000e+000  1.562500e-002
    endloop
  endfacet
  facet normal  -0.000000e+000  0.000000e+000  1.000000e+000
    outer loop
      vertex  7.343750e-001  7.343750e-001  1.562500e-002
      vertex  1.562500e-002  7.343750e-001  1.562500e-002
      vertex  7.343750e-001  7.812500e-003  1.562500e-002
    endloop
  endfacet
  facet normal  0.000000e+000  0.000000e+000  1.000000e+000
    outer loop
      vertex  7.343750e-001  7.812500e-003  1.562500e-002
      vertex  1.562500e-002  7.343750e-001  1.562500e-002
      vertex  1.554276e-002  7.812500e-003  1.562500e-002
    endloop
  endfacet
  facet normal  0.000000e+000 -1.000000e+000  -0.000000e+000
    outer loop
      vertex  7.343750e-001  7.419408e-001  7.812500e-003
      vertex  7.343750e-001  7.419408e-001  1.562500e-002
      vertex  1.562500e-002  7.419408e-001  7.812500e-003
    endloop
  endfacet
  facet normal  0.000000e+000 -1.000000e+000  0.000000e+000
    outer loop
      vertex  1.562500e-002  7.419408e-001  7.812500e-003
      vertex  7.343750e-001  7.419408e-001  1.562500e-002
      vertex  1.562500e-002  7.419408e-001  1.562500e-002
    endloop
  endfacet
  facet normal  0.000000e+000  9.999445e-001  1.052798e-002
    outer loop
      vertex  1.562500e-002  7.344573e-001  7.812500e-003
      vertex  1.562500e-002  7.343750e-001  1.562500e-002
      vertex  7.343750e-001  7.344573e-001  7.812500e-003
    endloop
  endfacet
  facet normal  0.000000e+000  9.999445e-001  1.052798e-002
    outer loop
      vertex  7.343750e-001  7.344573e-001  7.812500e-003
      vertex  1.562500e-002  7.343750e-001  1.562500e-002
      vertex  7.343750e-001  7.343750e-001  1.562500e-002
    endloop
  endfacet
  facet normal  1.000000e+000  0.000000e+000  0.000000e+000
    outer loop
      vertex  7.343750e-001  7.344573e-001  7.812500e-003
      vertex  7.343750e-001  7.343750e-001  1.562500e-002
      vertex  7.343750e-001  7.812500e-003  7.812500e-003
    endloop
  endfacet
  facet normal  1.000000e+000  0.000000e+000  0.000000e+000
    outer loop
      vertex  7.343750e-001  7.812500e-003  7.812500e-003
      vertex  7.343750e-001  7.343750e-001  1.562500e-002
      vertex  7.343750e-001  7.812500e-003  1.562500e-002
    endloop
  endfacet
  facet normal  3.189784e-002 -9.994912e-001  0.000000e+000
    outer loop
      vertex  7.421052e-001  7.421875e-001  1.562500e-002
      vertex  7.343750e-001  7.419408e-001  1.562500e-002
      vertex  7.421052e-001  7.421875e-001  7.812500e-003
    endloop
  endfacet
  facet normal  3.189784e-002 -9.994912e-001  0.000000e+000
    outer loop
      vertex  7.421052e-001  7.421875e-001  7.812500e-003
      vertex  7.343750e-001  7.419408e-001  1.562500e-002
      vertex  7.343750e-001  7.419408e-001  7.812500e-003
    endloop
  endfacet
  facet normal -9.999999e-001  0.000000e+000  0.000000e+000
    outer loop
      vertex  7.421052e-001  7.812500e-003  7.812500e-003
      vertex  7.421052e-001  7.812500e-003  1.562500e-002
      vertex  7.421052e-001  7.421875e-001  7.812500e-003
    endloop
  endfacet
  facet normal -9.999999e-001  0.000000e+000  0.000000e+000
    outer loop
      vertex  7.421052e-001  7.421875e-001  7.812500e-003
      vertex  7.421052e-001  7.812500e-003  1.562500e-002
      vertex  7.421052e-001  7.421875e-001  1.562500e-002
    endloop
  endfacet
  facet normal  0.000000e+000  1.000000e+000  0.000000e+000
    outer loop
      vertex  7.343750e-001  7.812500e-003  1.562500e-002
      vertex  7.421052e-001  7.812500e-003  1.562500e-002
      vertex  7.343750e-001  7.812500e-003  7.812500e-003
    endloop
  endfacet
  facet normal  0.000000e+000  1.000000e+000  0.000000e+000
    outer loop
      vertex  7.343750e-001  7.812500e-003  7.812500e-003
      vertex  7.421052e-001  7.812500e-003  1.562500e-002
      vertex  7.421052e-001  7.812500e-003  7.812500e-003
    endloop
  endfacet
  facet normal -3.156218e-002 -9.994970e-001 -3.108609e-003
    outer loop
      vertex  1.562500e-002  7.419408e-001  1.562500e-002
      vertex  7.812500e-003  7.421875e-001  1.562500e-002
      vertex  7.962615e-003  7.421875e-001  1.410086e-002
    endloop
  endfacet
  facet normal -3.034926e-002 -9.994970e-001 -9.206348e-003
    outer loop
      vertex  1.562500e-002  7.419408e-001  1.562500e-002
      vertex  7.962615e-003  7.421875e-001  1.410086e-002
      vertex  8.407191e-003  7.421875e-001  1.263529e-002
    endloop
  endfacet
  facet normal -2.797005e-002 -9.994970e-001 -1.495029e-002
    outer loop
      vertex  1.562500e-002  7.419408e-001  1.562500e-002
      vertex  8.407191e-003  7.421875e-001  1.263529e-002
      vertex  9.129143e-003  7.421875e-001  1.128461e-002
    endloop
  endfacet
  facet normal -2.451595e-002 -9.994969e-001 -2.011971e-002
    outer loop
      vertex  1.562500e-002  7.419408e-001  1.562500e-002
      vertex  9.129143e-003  7.421875e-001  1.128461e-002
      vertex  1.010073e-002  7.421875e-001  1.010073e-002
    endloop
  endfacet
  facet normal -2.011971e-002 -9.994969e-001 -2.451595e-002
    outer loop
      vertex  1.562500e-002  7.419408e-001  1.562500e-002
      vertex  1.010073e-002  7.421875e-001  1.010073e-002
      vertex  1.128461e-002  7.421875e-001  9.129143e-003
    endloop
  endfacet
  facet normal -1.495029e-002 -9.994970e-001 -2.797005e-002
    outer loop
      vertex  1.562500e-002  7.419408e-001  1.562500e-002
      vertex  1.128461e-002  7.421875e-001  9.129143e-003
      vertex  1.263529e-002  7.421875e-001  8.407191e-003
    endloop
  endfacet
  facet normal -9.206348e-003 -9.994970e-001 -3.034926e-002
    outer loop
      vertex  1.562500e-002  7.419408e-001  1.562500e-002
      vertex  1.263529e-002  7.421875e-001  8.407191e-003
      vertex  1.410086e-002  7.421875e-001  7.962615e-003
    endloop
  endfacet
  facet normal -1.597842e-001 -9.871520e-001  0.000000e+000
    outer loop
      vertex  1.562500e-002  7.419408e-001  1.562500e-002
      vertex  1.410086e-002  7.421875e-001  7.962615e-003
      vertex  1.562500e-002  7.419408e-001  7.812500e-003
    endloop
  endfacet
  facet normal  0.000000e+000  1.000000e+000  -0.000000e+000
    outer loop
      vertex  1.554276e-002  7.812500e-003  1.562500e-002
      vertex  1.554276e-002  7.812500e-003  7.812500e-003
      vertex  1.410086e-002  7.812500e-003  7.962615e-003
    endloop
  endfacet
  facet normal  0.000000e+000  1.000000e+000  -0.000000e+000
    outer loop
      vertex  1.554276e-002  7.812500e-003  1.562500e-002
      vertex  1.410086e-002  7.812500e-003  7.962615e-003
      vertex  1.263529e-002  7.812500e-003  8.407191e-003
    endloop
  endfacet
  facet normal  0.000000e+000  9.999999e-001  -0.000000e+000
    outer loop
      vertex  1.554276e-002  7.812500e-003  1.562500e-002
      vertex  1.263529e-002  7.812500e-003  8.407191e-003
      vertex  1.128461e-002  7.812500e-003  9.129143e-003
    endloop
  endfacet
  facet normal  0.000000e+000  1.000000e+000  -0.000000e+000
    outer loop
      vertex  1.554276e-002  7.812500e-003  1.562500e-002
      vertex  1.128461e-002  7.812500e-003  9.129143e-003
      vertex  1.010073e-002  7.812500e-003  1.010073e-002
    endloop
  endfacet
  facet normal  0.000000e+000  1.000000e+000  -0.000000e+000
    outer loop
      vertex  1.554276e-002  7.812500e-003  1.562500e-002
      vertex  1.010073e-002  7.812500e-003  1.010073e-002
      vertex  9.129143e-003  7.812500e-003  1.128461e-002
    endloop
  endfacet
  facet normal  0.000000e+000  1.000000e+000  -0.000000e+000
    outer loop
      vertex  1.554276e-002  7.812500e-003  1.562500e-002
      vertex  9.129143e-003  7.812500e-003  1.128461e-002
      vertex  8.407191e-003  7.812500e-003  1.263529e-002
    endloop
  endfacet
  facet normal  0.000000e+000  1.000000e+000  -0.000000e+000
    outer loop
      vertex  1.554276e-002  7.812500e-003  1.562500e-002
      vertex  8.407191e-003  7.812500e-003  1.263529e-002
      vertex  7.962615e-003  7.812500e-003  1.410086e-002
    endloop
  endfacet
  facet normal  0.000000e+000  1.000000e+000  -0.000000e+000
    outer loop
      vertex  1.554276e-002  7.812500e-003  1.562500e-002
      vertex  7.962615e-003  7.812500e-003  1.410086e-002
      vertex  7.812500e-003  7.812500e-003  1.562500e-002
    endloop
  endfacet
  facet normal -1.000000e+000  1.131732e-004  0.000000e+000
    outer loop
      vertex  1.554276e-002  7.812500e-003  7.812500e-003
      vertex  1.554276e-002  7.812500e-003  1.562500e-002
      vertex  1.562500e-002  7.344573e-001  7.812500e-003
    endloop
  endfacet
  facet normal -1.000000e+000  1.131860e-004  1.191686e-006
    outer loop
      vertex  1.562500e-002  7.344573e-001  7.812500e-003
      vertex  1.554276e-002  7.812500e-003  1.562500e-002
      vertex  1.562500e-002  7.343750e-001  1.562500e-002
    endloop
  endfacet
  facet normal  9.801731e-002  -0.000000e+000  9.951848e-001
    outer loop
      vertex  1.410086e-002  7.421875e-001  7.962615e-003
      vertex  1.410086e-002  7.812500e-003  7.962615e-003
      vertex  1.562500e-002  7.419408e-001  7.812500e-003
    endloop
  endfacet
  facet normal  9.801731e-002  -0.000000e+000  9.951847e-001
    outer loop
      vertex  1.410086e-002  7.812500e-003  7.962615e-003
      vertex  1.562500e-002  7.344573e-001  7.812500e-003
      vertex  1.562500e-002  7.419408e-001  7.812500e-003
    endloop
  endfacet
  facet normal  9.951848e-001  0.000000e+000  9.801731e-002
    outer loop
      vertex  7.962615e-003  7.812500e-003  1.410086e-002
      vertex  7.962615e-003  7.421875e-001  1.410086e-002
      vertex  7.812500e-003  7.812500e-003  1.562500e-002
    endloop
  endfacet
  facet normal  9.951848e-001  0.000000e+000  9.801731e-002
    outer loop
      vertex  7.962615e-003  7.421875e-001  1.410086e-002
      vertex  7.812500e-003  7.421875e-001  1.562500e-002
      vertex  7.812500e-003  7.812500e-003  1.562500e-002
    endloop
  endfacet
  facet normal  1.035492e-001 -1.171900e-005  9.946244e-001
    outer loop
      vertex  1.562500e-002  7.344573e-001  7.812500e-003
      vertex  1.410086e-002  7.812500e-003  7.962615e-003
      vertex  1.554276e-002  7.812500e-003  7.812500e-003
    endloop
  endfacet
  facet normal  2.902847e-001  0.000000e+000  9.569403e-001
    outer loop
      vertex  1.410086e-002  7.421875e-001  7.962615e-003
      vertex  1.263529e-002  7.812500e-003  8.407191e-003
      vertex  1.410086e-002  7.812500e-003  7.962615e-003
    endloop
  endfacet
  facet normal  2.902847e-001  -0.000000e+000  9.569403e-001
    outer loop
      vertex  1.263529e-002  7.421875e-001  8.407191e-003
      vertex  1.263529e-002  7.812500e-003  8.407191e-003
      vertex  1.410086e-002  7.421875e-001  7.962615e-003
    endloop
  endfacet
  facet normal  4.713963e-001  0.000000e+000  8.819215e-001
    outer loop
      vertex  1.263529e-002  7.421875e-001  8.407191e-003
      vertex  1.128461e-002  7.812500e-003  9.129143e-003
      vertex  1.263529e-002  7.812500e-003  8.407191e-003
    endloop
  endfacet
  facet normal  4.713963e-001  -0.000000e+000  8.819215e-001
    outer loop
      vertex  1.128461e-002  7.421875e-001  9.129143e-003
      vertex  1.128461e-002  7.812500e-003  9.129143e-003
      vertex  1.263529e-002  7.421875e-001  8.407191e-003
    endloop
  endfacet
  facet normal  6.343932e-001  0.000000e+000  7.730105e-001
    outer loop
      vertex  1.128461e-002  7.421875e-001  9.129143e-003
      vertex  1.010073e-002  7.812500e-003  1.010073e-002
      vertex  1.128461e-002  7.812500e-003  9.129143e-003
    endloop
  endfacet
  facet normal  6.343932e-001  -0.000000e+000  7.730105e-001
    outer loop
      vertex  1.010073e-002  7.421875e-001  1.010073e-002
      vertex  1.010073e-002  7.812500e-003  1.010073e-002
      vertex  1.128461e-002  7.421875e-001  9.129143e-003
    endloop
  endfacet
  facet normal  7.730105e-001  0.000000e+000  6.343932e-001
    outer loop
      vertex  1.010073e-002  7.421875e-001  1.010073e-002
      vertex  9.129143e-003  7.812500e-003  1.128461e-002
      vertex  1.010073e-002  7.812500e-003  1.010073e-002
    endloop
  endfacet
  facet normal  7.730105e-001  -0.000000e+000  6.343932e-001
    outer loop
      vertex  9.129143e-003  7.421875e-001  1.128461e-002
      vertex  9.129143e-003  7.812500e-003  1.128461e-002
      vertex  1.010073e-002  7.421875e-001  1.010073e-002
    endloop
  endfacet
  facet normal  8.819215e-001  0.000000e+000  4.713963e-001
    outer loop
      vertex  9.129143e-003  7.421875e-001  1.128461e-002
      vertex  8.407191e-003  7.812500e-003  1.263529e-002
      vertex  9.129143e-003  7.812500e-003  1.128461e-002
    endloop
  endfacet
  facet normal  8.819215e-001  -0.000000e+000  4.713963e-001
    outer loop
      vertex  8.407191e-003  7.421875e-001  1.263529e-002
      vertex  8.407191e-003  7.812500e-003  1.263529e-002
      vertex  9.129143e-003  7.421875e-001  1.128461e-002
    endloop
  endfacet
  facet normal  9.569403e-001  0.000000e+000  2.902847e-001
    outer loop
      vertex  8.407191e-003  7.421875e-001  1.263529e-002
      vertex  7.962615e-003  7.812500e-003  1.410086e-002
      vertex  8.407191e-003  7.812500e-003  1.263529e-002
    endloop
  endfacet
  facet normal  9.569403e-001  -0.000000e+000  2.902847e-001
    outer loop
      vertex  7.962615e-003  7.421875e-001  1.410086e-002
      vertex  7.962615e-003  7.812500e-003  1.410086e-002
      vertex  8.407191e-003  7.421875e-001  1.263529e-002
    endloop
  endfacet
  facet normal  0.000000e+000  0.000000e+000 -1.000000e+000
    outer loop
      vertex  0.000000e+000  0.000000e+000  0.000000e+000
      vertex  0.000000e+000  7.500000e-001  0.000000e+000
      vertex  7.500000e-001  0.000000e+000  0.000000e+000
    endloop
  endfacet
  facet normal  0.000000e+000  0.000000e+000 -1.000000e+000
    outer loop
      vertex  7.500000e-001  0.000000e+000  0.000000e+000
      vertex  0.000000e+000  7.500000e-001  0.000000e+000
      vertex  7.500000e-001  7.500000e-001  0.000000e+000
    endloop
  endfacet
  facet normal -1.000000e+000  0.000000e+000  0.000000e+000
    outer loop
      vertex  0.000000e+000  7.500000e-001  1.562500e-002
      vertex  0.000000e+000  7.500000e-001  0.000000e+000
      vertex  0.000000e+000  0.000000e+000  1.562500e-002
    endloop
  endfacet
  facet normal -1.000000e+000  0.000000e+000  0.000000e+000
    outer loop
      vertex  0.000000e+000  0.000000e+000  1.562500e-002
      vertex  0.000000e+000  7.500000e-001  0.000000e+000
      vertex  0.000000e+000  0.000000e+000  0.000000e+000
    endloop
  endfacet
  facet normal  0.000000e+000  1.000000e+000  -0.000000e+000
    outer loop
      vertex  7.500000e-001  7.500000e-001  1.562500e-002
      vertex  7.500000e-001  7.500000e-001  0.000000e+000
      vertex  0.000000e+000  7.500000e-001  1.562500e-002
    endloop
  endfacet
  facet normal  0.000000e+000  1.000000e+000  0.000000e+000
    outer loop
      vertex  0.000000e+000  7.500000e-001  1.562500e-002
      vertex  7.500000e-001  7.500000e-001  0.000000e+000
      vertex  0.000000e+000  7.500000e-001  0.000000e+000
    endloop
  endfacet
  facet normal  1.000000e+000  0.000000e+000  0.000000e+000
    outer loop
      vertex  7.500000e-001  0.000000e+000  1.562500e-002
      vertex  7.500000e-001  0.000000e+000  0.000000e+000
      vertex  7.500000e-001  7.500000e-001  1.562500e-002
    endloop
  endfacet
  facet normal  1.000000e+000  0.000000e+000  0.000000e+000
    outer loop
      vertex  7.500000e-001  7.500000e-001  1.562500e-002
      vertex  7.500000e-001  0.000000e+000  0.000000e+000
      vertex  7.500000e-001  7.500000e-001  0.000000e+000
    endloop
  endfacet
  facet normal  0.000000e+000 -1.000000e+000  0.000000e+000
    outer loop
      vertex  0.000000e+000  0.000000e+000  1.562500e-002
      vertex  0.000000e+000  0.000000e+000  0.000000e+000
      vertex  7.500000e-001  0.000000e+000  1.562500e-002
    endloop
  endfacet
  facet normal  0.000000e+000 -1.000000e+000  -0.000000e+000
    outer loop
      vertex  7.500000e-001  0.000000e+000  1.562500e-002
      vertex  0.000000e+000  0.000000e+000  0.000000e+000
      vertex  7.500000e-001  0.000000e+000  0.000000e+000
    endloop
  endfacet
endsolid CATIA STL
