solid CATIA STL
  facet normal  -0.000000e+000  0.000000e+000  9.999999e-001
    outer loop
      vertex  7.500000e-001  2.763158e-001  2.343750e-002
      vertex  0.000000e+000  2.763158e-001  2.343750e-002
      vertex  0.000000e+000  2.109375e-001  2.343750e-002
    endloop
  endfacet
  facet normal  -0.000000e+000  0.000000e+000  1.000000e+000
    outer loop
      vertex  7.500000e-001  2.763158e-001  2.343750e-002
      vertex  0.000000e+000  2.109375e-001  2.343750e-002
      vertex  4.053105e-003  1.697856e-001  2.343750e-002
    endloop
  endfacet
  facet normal  -0.000000e+000  0.000000e+000  1.000000e+000
    outer loop
      vertex  7.500000e-001  2.763158e-001  2.343750e-002
      vertex  4.053105e-003  1.697856e-001  2.343750e-002
      vertex  1.605666e-002  1.302152e-001  2.343750e-002
    endloop
  endfacet
  facet normal  -0.000000e+000  0.000000e+000  1.000000e+000
    outer loop
      vertex  7.500000e-001  2.763158e-001  2.343750e-002
      vertex  1.605666e-002  1.302152e-001  2.343750e-002
      vertex  3.554938e-002  9.374690e-002  2.343750e-002
    endloop
  endfacet
  facet normal  -0.000000e+000  0.000000e+000  1.000000e+000
    outer loop
      vertex  7.500000e-001  2.763158e-001  2.343750e-002
      vertex  3.554938e-002  9.374690e-002  2.343750e-002
      vertex  6.178216e-002  6.178216e-002  2.343750e-002
    endloop
  endfacet
  facet normal  -0.000000e+000  0.000000e+000  9.999999e-001
    outer loop
      vertex  7.500000e-001  2.763158e-001  2.343750e-002
      vertex  6.178216e-002  6.178216e-002  2.343750e-002
      vertex  9.374690e-002  3.554938e-002  2.343750e-002
    endloop
  endfacet
  facet normal  -0.000000e+000  0.000000e+000  1.000000e+000
    outer loop
      vertex  7.500000e-001  2.763158e-001  2.343750e-002
      vertex  9.374690e-002  3.554938e-002  2.343750e-002
      vertex  1.302152e-001  1.605666e-002  2.343750e-002
    endloop
  endfacet
  facet normal  -0.000000e+000  0.000000e+000  1.000000e+000
    outer loop
      vertex  7.500000e-001  2.763158e-001  2.343750e-002
      vertex  1.302152e-001  1.605666e-002  2.343750e-002
      vertex  1.697856e-001  4.053105e-003  2.343750e-002
    endloop
  endfacet
  facet normal  -0.000000e+000  0.000000e+000  1.000000e+000
    outer loop
      vertex  7.500000e-001  2.763158e-001  2.343750e-002
      vertex  1.697856e-001  4.053105e-003  2.343750e-002
      vertex  2.109375e-001  0.000000e+000  2.343750e-002
    endloop
  endfacet
  facet normal  0.000000e+000  0.000000e+000  1.000000e+000
    outer loop
      vertex  7.500000e-001  2.763158e-001  2.343750e-002
      vertex  2.109375e-001  0.000000e+000  2.343750e-002
      vertex  7.500000e-001  0.000000e+000  2.343750e-002
    endloop
  endfacet
  facet normal  0.000000e+000  0.000000e+000 -1.000000e+000
    outer loop
      vertex  7.500000e-001  2.763158e-001  0.000000e+000
      vertex  7.500000e-001  0.000000e+000  0.000000e+000
      vertex  2.109375e-001  0.000000e+000  0.000000e+000
    endloop
  endfacet
  facet normal  0.000000e+000  0.000000e+000 -1.000000e+000
    outer loop
      vertex  7.500000e-001  2.763158e-001  0.000000e+000
      vertex  2.109375e-001  0.000000e+000  0.000000e+000
      vertex  1.697856e-001  4.053105e-003  0.000000e+000
    endloop
  endfacet
  facet normal  0.000000e+000  0.000000e+000 -1.000000e+000
    outer loop
      vertex  7.500000e-001  2.763158e-001  0.000000e+000
      vertex  1.697856e-001  4.053105e-003  0.000000e+000
      vertex  1.302152e-001  1.605666e-002  0.000000e+000
    endloop
  endfacet
  facet normal  0.000000e+000  0.000000e+000 -1.000000e+000
    outer loop
      vertex  7.500000e-001  2.763158e-001  0.000000e+000
      vertex  1.302152e-001  1.605666e-002  0.000000e+000
      vertex  9.374690e-002  3.554938e-002  0.000000e+000
    endloop
  endfacet
  facet normal  0.000000e+000  0.000000e+000 -9.999999e-001
    outer loop
      vertex  7.500000e-001  2.763158e-001  0.000000e+000
      vertex  9.374690e-002  3.554938e-002  0.000000e+000
      vertex  6.178216e-002  6.178216e-002  0.000000e+000
    endloop
  endfacet
  facet normal  0.000000e+000  0.000000e+000 -1.000000e+000
    outer loop
      vertex  7.500000e-001  2.763158e-001  0.000000e+000
      vertex  6.178216e-002  6.178216e-002  0.000000e+000
      vertex  3.554938e-002  9.374690e-002  0.000000e+000
    endloop
  endfacet
  facet normal  0.000000e+000  0.000000e+000 -1.000000e+000
    outer loop
      vertex  7.500000e-001  2.763158e-001  0.000000e+000
      vertex  3.554938e-002  9.374690e-002  0.000000e+000
      vertex  1.605666e-002  1.302152e-001  0.000000e+000
    endloop
  endfacet
  facet normal  0.000000e+000  0.000000e+000 -1.000000e+000
    outer loop
      vertex  7.500000e-001  2.763158e-001  0.000000e+000
      vertex  1.605666e-002  1.302152e-001  0.000000e+000
      vertex  4.053105e-003  1.697856e-001  0.000000e+000
    endloop
  endfacet
  facet normal  0.000000e+000  0.000000e+000 -1.000000e+000
    outer loop
      vertex  7.500000e-001  2.763158e-001  0.000000e+000
      vertex  4.053105e-003  1.697856e-001  0.000000e+000
      vertex  0.000000e+000  2.109375e-001  0.000000e+000
    endloop
  endfacet
  facet normal  0.000000e+000  0.000000e+000 -9.999999e-001
    outer loop
      vertex  7.500000e-001  2.763158e-001  0.000000e+000
      vertex  0.000000e+000  2.109375e-001  0.000000e+000
      vertex  0.000000e+000  2.763158e-001  0.000000e+000
    endloop
  endfacet
  facet normal -9.999999e-001  0.000000e+000  0.000000e+000
    outer loop
      vertex  0.000000e+000  2.763158e-001  2.343750e-002
      vertex  0.000000e+000  2.763158e-001  0.000000e+000
      vertex  0.000000e+000  2.109375e-001  2.343750e-002
    endloop
  endfacet
  facet normal -9.999999e-001  0.000000e+000  0.000000e+000
    outer loop
      vertex  0.000000e+000  2.109375e-001  2.343750e-002
      vertex  0.000000e+000  2.763158e-001  0.000000e+000
      vertex  0.000000e+000  2.109375e-001  0.000000e+000
    endloop
  endfacet
  facet normal  0.000000e+000 -1.000000e+000  0.000000e+000
    outer loop
      vertex  2.109375e-001  0.000000e+000  2.343750e-002
      vertex  2.109375e-001  0.000000e+000  0.000000e+000
      vertex  7.500000e-001  0.000000e+000  2.343750e-002
    endloop
  endfacet
  facet normal  0.000000e+000 -1.000000e+000  -0.000000e+000
    outer loop
      vertex  7.500000e-001  0.000000e+000  2.343750e-002
      vertex  2.109375e-001  0.000000e+000  0.000000e+000
      vertex  7.500000e-001  0.000000e+000  0.000000e+000
    endloop
  endfacet
  facet normal -9.801715e-002 -9.951848e-001  -0.000000e+000
    outer loop
      vertex  2.109375e-001  0.000000e+000  0.000000e+000
      vertex  2.109375e-001  0.000000e+000  2.343750e-002
      vertex  1.697856e-001  4.053105e-003  0.000000e+000
    endloop
  endfacet
  facet normal -9.801715e-002 -9.951848e-001  0.000000e+000
    outer loop
      vertex  1.697856e-001  4.053105e-003  0.000000e+000
      vertex  2.109375e-001  0.000000e+000  2.343750e-002
      vertex  1.697856e-001  4.053105e-003  2.343750e-002
    endloop
  endfacet
  facet normal -2.902847e-001 -9.569403e-001  -0.000000e+000
    outer loop
      vertex  1.697856e-001  4.053105e-003  0.000000e+000
      vertex  1.697856e-001  4.053105e-003  2.343750e-002
      vertex  1.302152e-001  1.605666e-002  0.000000e+000
    endloop
  endfacet
  facet normal -2.902847e-001 -9.569403e-001  0.000000e+000
    outer loop
      vertex  1.302152e-001  1.605666e-002  0.000000e+000
      vertex  1.697856e-001  4.053105e-003  2.343750e-002
      vertex  1.302152e-001  1.605666e-002  2.343750e-002
    endloop
  endfacet
  facet normal -4.713968e-001 -8.819213e-001  -0.000000e+000
    outer loop
      vertex  1.302152e-001  1.605666e-002  0.000000e+000
      vertex  1.302152e-001  1.605666e-002  2.343750e-002
      vertex  9.374690e-002  3.554938e-002  0.000000e+000
    endloop
  endfacet
  facet normal -4.713968e-001 -8.819213e-001  0.000000e+000
    outer loop
      vertex  9.374690e-002  3.554938e-002  0.000000e+000
      vertex  1.302152e-001  1.605666e-002  2.343750e-002
      vertex  9.374690e-002  3.554938e-002  2.343750e-002
    endloop
  endfacet
  facet normal -6.343933e-001 -7.730105e-001  -0.000000e+000
    outer loop
      vertex  9.374690e-002  3.554938e-002  0.000000e+000
      vertex  9.374690e-002  3.554938e-002  2.343750e-002
      vertex  6.178216e-002  6.178216e-002  0.000000e+000
    endloop
  endfacet
  facet normal -6.343933e-001 -7.730105e-001  0.000000e+000
    outer loop
      vertex  6.178216e-002  6.178216e-002  0.000000e+000
      vertex  9.374690e-002  3.554938e-002  2.343750e-002
      vertex  6.178216e-002  6.178216e-002  2.343750e-002
    endloop
  endfacet
  facet normal -7.730105e-001 -6.343933e-001  -0.000000e+000
    outer loop
      vertex  6.178216e-002  6.178216e-002  0.000000e+000
      vertex  6.178216e-002  6.178216e-002  2.343750e-002
      vertex  3.554938e-002  9.374690e-002  0.000000e+000
    endloop
  endfacet
  facet normal -7.730105e-001 -6.343933e-001  0.000000e+000
    outer loop
      vertex  3.554938e-002  9.374690e-002  0.000000e+000
      vertex  6.178216e-002  6.178216e-002  2.343750e-002
      vertex  3.554938e-002  9.374690e-002  2.343750e-002
    endloop
  endfacet
  facet normal -8.819213e-001 -4.713968e-001  -0.000000e+000
    outer loop
      vertex  3.554938e-002  9.374690e-002  0.000000e+000
      vertex  3.554938e-002  9.374690e-002  2.343750e-002
      vertex  1.605666e-002  1.302152e-001  0.000000e+000
    endloop
  endfacet
  facet normal -8.819213e-001 -4.713968e-001  0.000000e+000
    outer loop
      vertex  1.605666e-002  1.302152e-001  0.000000e+000
      vertex  3.554938e-002  9.374690e-002  2.343750e-002
      vertex  1.605666e-002  1.302152e-001  2.343750e-002
    endloop
  endfacet
  facet normal -9.569403e-001 -2.902847e-001  -0.000000e+000
    outer loop
      vertex  1.605666e-002  1.302152e-001  0.000000e+000
      vertex  1.605666e-002  1.302152e-001  2.343750e-002
      vertex  4.053105e-003  1.697856e-001  0.000000e+000
    endloop
  endfacet
  facet normal -9.569403e-001 -2.902847e-001  0.000000e+000
    outer loop
      vertex  4.053105e-003  1.697856e-001  0.000000e+000
      vertex  1.605666e-002  1.302152e-001  2.343750e-002
      vertex  4.053105e-003  1.697856e-001  2.343750e-002
    endloop
  endfacet
  facet normal -9.951848e-001 -9.801715e-002  -0.000000e+000
    outer loop
      vertex  4.053105e-003  1.697856e-001  0.000000e+000
      vertex  4.053105e-003  1.697856e-001  2.343750e-002
      vertex  0.000000e+000  2.109375e-001  0.000000e+000
    endloop
  endfacet
  facet normal -9.951848e-001 -9.801715e-002  0.000000e+000
    outer loop
      vertex  0.000000e+000  2.109375e-001  0.000000e+000
      vertex  4.053105e-003  1.697856e-001  2.343750e-002
      vertex  0.000000e+000  2.109375e-001  2.343750e-002
    endloop
  endfacet
  facet normal  0.000000e+000  1.000000e+000  -0.000000e+000
    outer loop
      vertex  7.500000e-001  2.763158e-001  2.343750e-002
      vertex  7.500000e-001  2.763158e-001  0.000000e+000
      vertex  0.000000e+000  2.763158e-001  2.343750e-002
    endloop
  endfacet
  facet normal  0.000000e+000  1.000000e+000  0.000000e+000
    outer loop
      vertex  0.000000e+000  2.763158e-001  2.343750e-002
      vertex  7.500000e-001  2.763158e-001  0.000000e+000
      vertex  0.000000e+000  2.763158e-001  0.000000e+000
    endloop
  endfacet
  facet normal  9.999999e-001  0.000000e+000  0.000000e+000
    outer loop
      vertex  7.500000e-001  0.000000e+000  2.343750e-002
      vertex  7.500000e-001  0.000000e+000  0.000000e+000
      vertex  7.500000e-001  2.763158e-001  2.343750e-002
    endloop
  endfacet
  facet normal  9.999999e-001  0.000000e+000  0.000000e+000
    outer loop
      vertex  7.500000e-001  2.763158e-001  2.343750e-002
      vertex  7.500000e-001  0.000000e+000  0.000000e+000
      vertex  7.500000e-001  2.763158e-001  0.000000e+000
    endloop
  endfacet
endsolid CATIA STL
