solid CATIA STL
  facet normal -5.551110e-017  1.000000e+000 -5.551102e-017
    outer loop
      vertex  3.105822e-002  1.295811e-017  6.174942e-002
      vertex  3.838607e-002  1.324150e-017  5.952654e-002
      vertex  2.343750e-002  1.257675e-017  6.250000e-002
    endloop
  endfacet
  facet normal -5.551115e-017  1.000000e+000 -5.551129e-017
    outer loop
      vertex -5.468750e-002  8.239937e-018  6.250000e-002
      vertex  2.343750e-002  1.257675e-017  6.250000e-002
      vertex  3.838607e-002  1.324150e-017  5.952654e-002
    endloop
  endfacet
  facet normal -5.551114e-017  1.000000e+000 -5.551096e-017
    outer loop
      vertex -5.468750e-002  8.239937e-018  6.250000e-002
      vertex  3.838607e-002  1.324150e-017  5.952654e-002
      vertex  4.513946e-002  1.341600e-017  5.591678e-002
    endloop
  endfacet
  facet normal -5.551115e-017  9.999999e-001 -5.551120e-017
    outer loop
      vertex -5.468750e-002  8.239937e-018  6.250000e-002
      vertex  4.513946e-002  1.341600e-017  5.591678e-002
      vertex  5.105886e-002  1.347493e-017  5.105886e-002
    endloop
  endfacet
  facet normal -5.551114e-017  1.000000e+000 -5.551111e-017
    outer loop
      vertex -5.468750e-002  8.239937e-018  6.250000e-002
      vertex  5.105886e-002  1.347493e-017  5.105886e-002
      vertex  5.591678e-002  1.341600e-017  4.513946e-002
    endloop
  endfacet
  facet normal -5.551116e-017  9.999999e-001 -5.551125e-017
    outer loop
      vertex -5.468750e-002  8.239937e-018  6.250000e-002
      vertex  5.591678e-002  1.341600e-017  4.513946e-002
      vertex  5.952654e-002  1.324150e-017  3.838607e-002
    endloop
  endfacet
  facet normal -5.551114e-017  1.000000e+000 -5.551113e-017
    outer loop
      vertex -5.468750e-002  8.239937e-018  6.250000e-002
      vertex  5.952654e-002  1.324150e-017  3.838607e-002
      vertex  6.174942e-002  1.295811e-017  3.105822e-002
    endloop
  endfacet
  facet normal -5.551114e-017  1.000000e+000 -5.551111e-017
    outer loop
      vertex -5.468750e-002  8.239937e-018  6.250000e-002
      vertex  6.174942e-002  1.295811e-017  3.105822e-002
      vertex  6.250000e-002  1.257675e-017  2.343750e-002
    endloop
  endfacet
  facet normal -5.551115e-017  1.000000e+000 -5.551115e-017
    outer loop
      vertex -5.468750e-002  8.239937e-018  6.250000e-002
      vertex  6.250000e-002  1.257675e-017  2.343750e-002
      vertex  6.250000e-002  7.372575e-018 -7.031250e-002
    endloop
  endfacet
  facet normal -5.551115e-017  1.000000e+000 -5.551115e-017
    outer loop
      vertex -5.468750e-002  8.239937e-018  6.250000e-002
      vertex  6.250000e-002  7.372575e-018 -7.031250e-002
      vertex -5.468750e-002  8.673617e-019 -7.031250e-002
    endloop
  endfacet
  facet normal  0.000000e+000  0.000000e+000  1.000000e+000
    outer loop
      vertex -7.031250e-002 -2.734375e-001  6.250000e-002
      vertex  2.343750e-002 -2.734375e-001  6.250000e-002
      vertex -7.031250e-002 -2.109375e-001  6.250000e-002
    endloop
  endfacet
  facet normal  -0.000000e+000  0.000000e+000  1.000000e+000
    outer loop
      vertex -7.031250e-002 -2.109375e-001  6.250000e-002
      vertex  2.343750e-002 -2.734375e-001  6.250000e-002
      vertex  2.343750e-002  1.257675e-017  6.250000e-002
    endloop
  endfacet
  facet normal  0.000000e+000  0.000000e+000  1.000000e+000
    outer loop
      vertex -7.031250e-002 -2.109375e-001  6.250000e-002
      vertex  2.343750e-002  1.257675e-017  6.250000e-002
      vertex -5.468750e-002  8.239937e-018  6.250000e-002
    endloop
  endfacet
  facet normal  0.000000e+000 -1.000000e+000  0.000000e+000
    outer loop
      vertex  2.343750e-002 -2.734375e-001  6.250000e-002
      vertex  3.838607e-002 -2.734375e-001  5.952654e-002
      vertex  3.105822e-002 -2.734375e-001  6.174942e-002
    endloop
  endfacet
  facet normal  0.000000e+000 -1.000000e+000  0.000000e+000
    outer loop
      vertex -7.031250e-002 -2.734375e-001  6.250000e-002
      vertex -7.031250e-002 -2.734375e-001 -7.031250e-002
      vertex  6.250000e-002 -2.734375e-001 -7.031250e-002
    endloop
  endfacet
  facet normal  0.000000e+000 -1.000000e+000  0.000000e+000
    outer loop
      vertex -7.031250e-002 -2.734375e-001  6.250000e-002
      vertex  6.250000e-002 -2.734375e-001 -7.031250e-002
      vertex  6.250000e-002 -2.734375e-001  2.343750e-002
    endloop
  endfacet
  facet normal  0.000000e+000 -1.000000e+000  0.000000e+000
    outer loop
      vertex -7.031250e-002 -2.734375e-001  6.250000e-002
      vertex  6.250000e-002 -2.734375e-001  2.343750e-002
      vertex  6.174942e-002 -2.734375e-001  3.105822e-002
    endloop
  endfacet
  facet normal  0.000000e+000 -1.000000e+000  0.000000e+000
    outer loop
      vertex -7.031250e-002 -2.734375e-001  6.250000e-002
      vertex  6.174942e-002 -2.734375e-001  3.105822e-002
      vertex  5.952654e-002 -2.734375e-001  3.838607e-002
    endloop
  endfacet
  facet normal  0.000000e+000 -9.999999e-001  0.000000e+000
    outer loop
      vertex -7.031250e-002 -2.734375e-001  6.250000e-002
      vertex  5.952654e-002 -2.734375e-001  3.838607e-002
      vertex  5.591678e-002 -2.734375e-001  4.513946e-002
    endloop
  endfacet
  facet normal  0.000000e+000 -1.000000e+000  0.000000e+000
    outer loop
      vertex -7.031250e-002 -2.734375e-001  6.250000e-002
      vertex  5.591678e-002 -2.734375e-001  4.513946e-002
      vertex  5.105886e-002 -2.734375e-001  5.105886e-002
    endloop
  endfacet
  facet normal  0.000000e+000 -1.000000e+000  0.000000e+000
    outer loop
      vertex -7.031250e-002 -2.734375e-001  6.250000e-002
      vertex  5.105886e-002 -2.734375e-001  5.105886e-002
      vertex  4.513946e-002 -2.734375e-001  5.591678e-002
    endloop
  endfacet
  facet normal  0.000000e+000 -1.000000e+000  0.000000e+000
    outer loop
      vertex -7.031250e-002 -2.734375e-001  6.250000e-002
      vertex  4.513946e-002 -2.734375e-001  5.591678e-002
      vertex  3.838607e-002 -2.734375e-001  5.952654e-002
    endloop
  endfacet
  facet normal  0.000000e+000 -1.000000e+000  0.000000e+000
    outer loop
      vertex -7.031250e-002 -2.734375e-001  6.250000e-002
      vertex  3.838607e-002 -2.734375e-001  5.952654e-002
      vertex  2.343750e-002 -2.734375e-001  6.250000e-002
    endloop
  endfacet
  facet normal  1.000000e+000  0.000000e+000  0.000000e+000
    outer loop
      vertex  6.250000e-002  7.372575e-018 -7.031250e-002
      vertex  6.250000e-002  1.257675e-017  2.343750e-002
      vertex  6.250000e-002 -2.734375e-001 -7.031250e-002
    endloop
  endfacet
  facet normal  1.000000e+000  0.000000e+000  0.000000e+000
    outer loop
      vertex  6.250000e-002 -2.734375e-001 -7.031250e-002
      vertex  6.250000e-002  1.257675e-017  2.343750e-002
      vertex  6.250000e-002 -2.734375e-001  2.343750e-002
    endloop
  endfacet
  facet normal  9.801717e-002  -0.000000e+000  9.951848e-001
    outer loop
      vertex  2.343750e-002  1.257675e-017  6.250000e-002
      vertex  2.343750e-002 -2.734375e-001  6.250000e-002
      vertex  3.105822e-002  1.295811e-017  6.174942e-002
    endloop
  endfacet
  facet normal  9.801717e-002  0.000000e+000  9.951848e-001
    outer loop
      vertex  3.105822e-002  1.295811e-017  6.174942e-002
      vertex  2.343750e-002 -2.734375e-001  6.250000e-002
      vertex  3.105822e-002 -2.734375e-001  6.174942e-002
    endloop
  endfacet
  facet normal  2.902847e-001  -0.000000e+000  9.569404e-001
    outer loop
      vertex  3.105822e-002  1.295811e-017  6.174942e-002
      vertex  3.105822e-002 -2.734375e-001  6.174942e-002
      vertex  3.838607e-002  1.324150e-017  5.952654e-002
    endloop
  endfacet
  facet normal  2.902847e-001  0.000000e+000  9.569404e-001
    outer loop
      vertex  3.838607e-002  1.324150e-017  5.952654e-002
      vertex  3.105822e-002 -2.734375e-001  6.174942e-002
      vertex  3.838607e-002 -2.734375e-001  5.952654e-002
    endloop
  endfacet
  facet normal  4.713967e-001  -0.000000e+000  8.819212e-001
    outer loop
      vertex  3.838607e-002  1.324150e-017  5.952654e-002
      vertex  3.838607e-002 -2.734375e-001  5.952654e-002
      vertex  4.513946e-002  1.341600e-017  5.591678e-002
    endloop
  endfacet
  facet normal  4.713967e-001  0.000000e+000  8.819212e-001
    outer loop
      vertex  4.513946e-002  1.341600e-017  5.591678e-002
      vertex  3.838607e-002 -2.734375e-001  5.952654e-002
      vertex  4.513946e-002 -2.734375e-001  5.591678e-002
    endloop
  endfacet
  facet normal  6.343933e-001  -0.000000e+000  7.730104e-001
    outer loop
      vertex  4.513946e-002  1.341600e-017  5.591678e-002
      vertex  4.513946e-002 -2.734375e-001  5.591678e-002
      vertex  5.105886e-002  1.347493e-017  5.105886e-002
    endloop
  endfacet
  facet normal  6.343933e-001  0.000000e+000  7.730104e-001
    outer loop
      vertex  5.105886e-002  1.347493e-017  5.105886e-002
      vertex  4.513946e-002 -2.734375e-001  5.591678e-002
      vertex  5.105886e-002 -2.734375e-001  5.105886e-002
    endloop
  endfacet
  facet normal  7.730104e-001  -0.000000e+000  6.343933e-001
    outer loop
      vertex  5.105886e-002  1.347493e-017  5.105886e-002
      vertex  5.105886e-002 -2.734375e-001  5.105886e-002
      vertex  5.591678e-002  1.341600e-017  4.513946e-002
    endloop
  endfacet
  facet normal  7.730104e-001  0.000000e+000  6.343933e-001
    outer loop
      vertex  5.591678e-002  1.341600e-017  4.513946e-002
      vertex  5.105886e-002 -2.734375e-001  5.105886e-002
      vertex  5.591678e-002 -2.734375e-001  4.513946e-002
    endloop
  endfacet
  facet normal  8.819212e-001  -0.000000e+000  4.713967e-001
    outer loop
      vertex  5.591678e-002  1.341600e-017  4.513946e-002
      vertex  5.591678e-002 -2.734375e-001  4.513946e-002
      vertex  5.952654e-002  1.324150e-017  3.838607e-002
    endloop
  endfacet
  facet normal  8.819212e-001  0.000000e+000  4.713967e-001
    outer loop
      vertex  5.952654e-002  1.324150e-017  3.838607e-002
      vertex  5.591678e-002 -2.734375e-001  4.513946e-002
      vertex  5.952654e-002 -2.734375e-001  3.838607e-002
    endloop
  endfacet
  facet normal  9.569404e-001  -0.000000e+000  2.902847e-001
    outer loop
      vertex  5.952654e-002  1.324150e-017  3.838607e-002
      vertex  5.952654e-002 -2.734375e-001  3.838607e-002
      vertex  6.174942e-002  1.295811e-017  3.105822e-002
    endloop
  endfacet
  facet normal  9.569404e-001  0.000000e+000  2.902847e-001
    outer loop
      vertex  6.174942e-002  1.295811e-017  3.105822e-002
      vertex  5.952654e-002 -2.734375e-001  3.838607e-002
      vertex  6.174942e-002 -2.734375e-001  3.105822e-002
    endloop
  endfacet
  facet normal  9.951848e-001  -0.000000e+000  9.801717e-002
    outer loop
      vertex  6.174942e-002  1.295811e-017  3.105822e-002
      vertex  6.174942e-002 -2.734375e-001  3.105822e-002
      vertex  6.250000e-002  1.257675e-017  2.343750e-002
    endloop
  endfacet
  facet normal  9.951848e-001  0.000000e+000  9.801717e-002
    outer loop
      vertex  6.250000e-002  1.257675e-017  2.343750e-002
      vertex  6.174942e-002 -2.734375e-001  3.105822e-002
      vertex  6.250000e-002 -2.734375e-001  2.343750e-002
    endloop
  endfacet
  facet normal -1.000000e+000  0.000000e+000  0.000000e+000
    outer loop
      vertex -7.031250e-002 -2.109375e-001  6.250000e-002
      vertex -7.031250e-002 -2.109375e-001 -7.031250e-002
      vertex -7.031250e-002 -2.734375e-001  6.250000e-002
    endloop
  endfacet
  facet normal -1.000000e+000  0.000000e+000  0.000000e+000
    outer loop
      vertex -7.031250e-002 -2.734375e-001  6.250000e-002
      vertex -7.031250e-002 -2.109375e-001 -7.031250e-002
      vertex -7.031250e-002 -2.734375e-001 -7.031250e-002
    endloop
  endfacet
  facet normal  0.000000e+000  0.000000e+000 -1.000000e+000
    outer loop
      vertex  6.250000e-002 -2.734375e-001 -7.031250e-002
      vertex -7.031250e-002 -2.734375e-001 -7.031250e-002
      vertex  6.250000e-002  7.372575e-018 -7.031250e-002
    endloop
  endfacet
  facet normal  0.000000e+000  0.000000e+000 -1.000000e+000
    outer loop
      vertex  6.250000e-002  7.372575e-018 -7.031250e-002
      vertex -7.031250e-002 -2.734375e-001 -7.031250e-002
      vertex -7.031250e-002 -2.109375e-001 -7.031250e-002
    endloop
  endfacet
  facet normal  0.000000e+000  0.000000e+000 -1.000000e+000
    outer loop
      vertex  6.250000e-002  7.372575e-018 -7.031250e-002
      vertex -7.031250e-002 -2.109375e-001 -7.031250e-002
      vertex -5.468750e-002  8.673617e-019 -7.031250e-002
    endloop
  endfacet
  facet normal -9.972678e-001  7.387169e-002 -4.100702e-018
    outer loop
      vertex -5.468750e-002  8.239937e-018  6.250000e-002
      vertex -5.468750e-002  8.673617e-019 -7.031250e-002
      vertex -7.031250e-002 -2.109375e-001  6.250000e-002
    endloop
  endfacet
  facet normal -9.972678e-001  7.387169e-002  0.000000e+000
    outer loop
      vertex -7.031250e-002 -2.109375e-001  6.250000e-002
      vertex -5.468750e-002  8.673617e-019 -7.031250e-002
      vertex -7.031250e-002 -2.109375e-001 -7.031250e-002
    endloop
  endfacet
endsolid CATIA STL
