solid CATIA STL
  facet normal  0.000000e+000 -1.000000e+000  0.000000e+000
    outer loop
      vertex -3.750000e-001 -7.500000e-001  3.750000e-001
      vertex -3.750000e-001 -7.500000e-001 -3.750000e-001
      vertex  3.750000e-001 -7.500000e-001 -3.750000e-001
    endloop
  endfacet
  facet normal  0.000000e+000 -1.000000e+000  0.000000e+000
    outer loop
      vertex -3.750000e-001 -7.500000e-001  3.750000e-001
      vertex  3.750000e-001 -7.500000e-001 -3.750000e-001
      vertex  3.750000e-001 -7.500000e-001 -1.406250e-001
    endloop
  endfacet
  facet normal  0.000000e+000 -1.000000e+000  0.000000e+000
    outer loop
      vertex -3.750000e-001 -7.500000e-001  3.750000e-001
      vertex  3.750000e-001 -7.500000e-001 -1.406250e-001
      vertex  3.650924e-001 -7.500000e-001 -4.003155e-002
    endloop
  endfacet
  facet normal  0.000000e+000 -1.000000e+000  0.000000e+000
    outer loop
      vertex -3.750000e-001 -7.500000e-001  3.750000e-001
      vertex  3.650924e-001 -7.500000e-001 -4.003155e-002
      vertex  3.357504e-001 -7.500000e-001  5.669614e-002
    endloop
  endfacet
  facet normal  0.000000e+000 -1.000000e+000  0.000000e+000
    outer loop
      vertex -3.750000e-001 -7.500000e-001  3.750000e-001
      vertex  3.357504e-001 -7.500000e-001  5.669614e-002
      vertex  2.881015e-001 -7.500000e-001  1.458409e-001
    endloop
  endfacet
  facet normal  0.000000e+000 -1.000000e+000  0.000000e+000
    outer loop
      vertex -3.750000e-001 -7.500000e-001  3.750000e-001
      vertex  2.881015e-001 -7.500000e-001  1.458409e-001
      vertex  2.239769e-001 -7.500000e-001  2.239769e-001
    endloop
  endfacet
  facet normal  0.000000e+000 -1.000000e+000  0.000000e+000
    outer loop
      vertex -3.750000e-001 -7.500000e-001  3.750000e-001
      vertex  2.239769e-001 -7.500000e-001  2.239769e-001
      vertex  1.458409e-001 -7.500000e-001  2.881015e-001
    endloop
  endfacet
  facet normal  0.000000e+000 -1.000000e+000  0.000000e+000
    outer loop
      vertex -3.750000e-001 -7.500000e-001  3.750000e-001
      vertex  1.458409e-001 -7.500000e-001  2.881015e-001
      vertex  5.669614e-002 -7.500000e-001  3.357504e-001
    endloop
  endfacet
  facet normal  0.000000e+000 -1.000000e+000  0.000000e+000
    outer loop
      vertex -3.750000e-001 -7.500000e-001  3.750000e-001
      vertex  5.669614e-002 -7.500000e-001  3.357504e-001
      vertex -4.003155e-002 -7.500000e-001  3.650924e-001
    endloop
  endfacet
  facet normal  0.000000e+000 -1.000000e+000  0.000000e+000
    outer loop
      vertex -3.750000e-001 -7.500000e-001  3.750000e-001
      vertex -4.003155e-002 -7.500000e-001  3.650924e-001
      vertex -1.406250e-001 -7.500000e-001  3.750000e-001
    endloop
  endfacet
  facet normal -5.551115e-017  1.000000e+000 -5.551115e-017
    outer loop
      vertex -3.750000e-001  4.163336e-017  3.750000e-001
      vertex -1.406250e-001  5.464379e-017  3.750000e-001
      vertex -4.003155e-002  5.967787e-017  3.650924e-001
    endloop
  endfacet
  facet normal -5.551115e-017  1.000000e+000 -5.551115e-017
    outer loop
      vertex -3.750000e-001  4.163336e-017  3.750000e-001
      vertex -4.003155e-002  5.967787e-017  3.650924e-001
      vertex  5.669614e-002  6.341852e-017  3.357504e-001
    endloop
  endfacet
  facet normal -5.551115e-017  1.000000e+000 -5.551113e-017
    outer loop
      vertex -3.750000e-001  4.163336e-017  3.750000e-001
      vertex  5.669614e-002  6.341852e-017  3.357504e-001
      vertex  1.458409e-001  6.572201e-017  2.881015e-001
    endloop
  endfacet
  facet normal -5.551116e-017  9.999999e-001 -5.551124e-017
    outer loop
      vertex -3.750000e-001  4.163336e-017  3.750000e-001
      vertex  1.458409e-001  6.572201e-017  2.881015e-001
      vertex  2.239769e-001  6.649980e-017  2.239769e-001
    endloop
  endfacet
  facet normal -5.551112e-017  1.000000e+000 -5.551108e-017
    outer loop
      vertex -3.750000e-001  4.163336e-017  3.750000e-001
      vertex  2.239769e-001  6.649980e-017  2.239769e-001
      vertex  2.881015e-001  6.572201e-017  1.458409e-001
    endloop
  endfacet
  facet normal -5.551116e-017  1.000000e+000 -5.551116e-017
    outer loop
      vertex -3.750000e-001  4.163336e-017  3.750000e-001
      vertex  2.881015e-001  6.572201e-017  1.458409e-001
      vertex  3.357504e-001  6.341852e-017  5.669614e-002
    endloop
  endfacet
  facet normal -5.551115e-017  1.000000e+000 -5.551115e-017
    outer loop
      vertex -3.750000e-001  4.163336e-017  3.750000e-001
      vertex  3.357504e-001  6.341852e-017  5.669614e-002
      vertex  3.650924e-001  5.967787e-017 -4.003155e-002
    endloop
  endfacet
  facet normal -5.551115e-017  1.000000e+000 -5.551115e-017
    outer loop
      vertex -3.750000e-001  4.163336e-017  3.750000e-001
      vertex  3.650924e-001  5.967787e-017 -4.003155e-002
      vertex  3.750000e-001  5.464379e-017 -1.406250e-001
    endloop
  endfacet
  facet normal -5.551115e-017  1.000000e+000 -5.551115e-017
    outer loop
      vertex -3.750000e-001  4.163336e-017  3.750000e-001
      vertex  3.750000e-001  5.464379e-017 -1.406250e-001
      vertex  3.750000e-001  4.163336e-017 -3.750000e-001
    endloop
  endfacet
  facet normal -5.551115e-017  1.000000e+000 -5.551115e-017
    outer loop
      vertex -3.750000e-001  4.163336e-017  3.750000e-001
      vertex  3.750000e-001  4.163336e-017 -3.750000e-001
      vertex -3.750000e-001  0.000000e+000 -3.750000e-001
    endloop
  endfacet
  facet normal  -0.000000e+000  0.000000e+000  1.000000e+000
    outer loop
      vertex -1.406250e-001  5.464379e-017  3.750000e-001
      vertex -3.750000e-001  4.163336e-017  3.750000e-001
      vertex -1.406250e-001 -7.500000e-001  3.750000e-001
    endloop
  endfacet
  facet normal  0.000000e+000  0.000000e+000  1.000000e+000
    outer loop
      vertex -1.406250e-001 -7.500000e-001  3.750000e-001
      vertex -3.750000e-001  4.163336e-017  3.750000e-001
      vertex -3.750000e-001 -7.500000e-001  3.750000e-001
    endloop
  endfacet
  facet normal  1.000000e+000  0.000000e+000  0.000000e+000
    outer loop
      vertex  3.750000e-001  4.163336e-017 -3.750000e-001
      vertex  3.750000e-001  5.464379e-017 -1.406250e-001
      vertex  3.750000e-001 -7.500000e-001 -3.750000e-001
    endloop
  endfacet
  facet normal  1.000000e+000  0.000000e+000  0.000000e+000
    outer loop
      vertex  3.750000e-001 -7.500000e-001 -3.750000e-001
      vertex  3.750000e-001  5.464379e-017 -1.406250e-001
      vertex  3.750000e-001 -7.500000e-001 -1.406250e-001
    endloop
  endfacet
  facet normal  9.801727e-002  -0.000000e+000  9.951847e-001
    outer loop
      vertex -1.406250e-001  5.464379e-017  3.750000e-001
      vertex -1.406250e-001 -7.500000e-001  3.750000e-001
      vertex -4.003155e-002  5.967787e-017  3.650924e-001
    endloop
  endfacet
  facet normal  9.801727e-002  0.000000e+000  9.951847e-001
    outer loop
      vertex -4.003155e-002  5.967787e-017  3.650924e-001
      vertex -1.406250e-001 -7.500000e-001  3.750000e-001
      vertex -4.003155e-002 -7.500000e-001  3.650924e-001
    endloop
  endfacet
  facet normal  2.902847e-001  -0.000000e+000  9.569403e-001
    outer loop
      vertex -4.003155e-002  5.967787e-017  3.650924e-001
      vertex -4.003155e-002 -7.500000e-001  3.650924e-001
      vertex  5.669614e-002  6.341852e-017  3.357504e-001
    endloop
  endfacet
  facet normal  2.902847e-001  0.000000e+000  9.569403e-001
    outer loop
      vertex  5.669614e-002  6.341852e-017  3.357504e-001
      vertex -4.003155e-002 -7.500000e-001  3.650924e-001
      vertex  5.669614e-002 -7.500000e-001  3.357504e-001
    endloop
  endfacet
  facet normal  4.713966e-001  -0.000000e+000  8.819213e-001
    outer loop
      vertex  5.669614e-002  6.341852e-017  3.357504e-001
      vertex  5.669614e-002 -7.500000e-001  3.357504e-001
      vertex  1.458409e-001  6.572201e-017  2.881015e-001
    endloop
  endfacet
  facet normal  4.713966e-001  0.000000e+000  8.819213e-001
    outer loop
      vertex  1.458409e-001  6.572201e-017  2.881015e-001
      vertex  5.669614e-002 -7.500000e-001  3.357504e-001
      vertex  1.458409e-001 -7.500000e-001  2.881015e-001
    endloop
  endfacet
  facet normal  6.343933e-001  -0.000000e+000  7.730105e-001
    outer loop
      vertex  1.458409e-001  6.572201e-017  2.881015e-001
      vertex  1.458409e-001 -7.500000e-001  2.881015e-001
      vertex  2.239769e-001  6.649980e-017  2.239769e-001
    endloop
  endfacet
  facet normal  6.343933e-001  0.000000e+000  7.730105e-001
    outer loop
      vertex  2.239769e-001  6.649980e-017  2.239769e-001
      vertex  1.458409e-001 -7.500000e-001  2.881015e-001
      vertex  2.239769e-001 -7.500000e-001  2.239769e-001
    endloop
  endfacet
  facet normal  7.730105e-001  -0.000000e+000  6.343933e-001
    outer loop
      vertex  2.239769e-001  6.649980e-017  2.239769e-001
      vertex  2.239769e-001 -7.500000e-001  2.239769e-001
      vertex  2.881015e-001  6.572201e-017  1.458409e-001
    endloop
  endfacet
  facet normal  7.730105e-001  0.000000e+000  6.343933e-001
    outer loop
      vertex  2.881015e-001  6.572201e-017  1.458409e-001
      vertex  2.239769e-001 -7.500000e-001  2.239769e-001
      vertex  2.881015e-001 -7.500000e-001  1.458409e-001
    endloop
  endfacet
  facet normal  8.819213e-001  -0.000000e+000  4.713966e-001
    outer loop
      vertex  2.881015e-001  6.572201e-017  1.458409e-001
      vertex  2.881015e-001 -7.500000e-001  1.458409e-001
      vertex  3.357504e-001  6.341852e-017  5.669614e-002
    endloop
  endfacet
  facet normal  8.819213e-001  0.000000e+000  4.713966e-001
    outer loop
      vertex  3.357504e-001  6.341852e-017  5.669614e-002
      vertex  2.881015e-001 -7.500000e-001  1.458409e-001
      vertex  3.357504e-001 -7.500000e-001  5.669614e-002
    endloop
  endfacet
  facet normal  9.569403e-001  -0.000000e+000  2.902847e-001
    outer loop
      vertex  3.357504e-001  6.341852e-017  5.669614e-002
      vertex  3.357504e-001 -7.500000e-001  5.669614e-002
      vertex  3.650924e-001  5.967787e-017 -4.003155e-002
    endloop
  endfacet
  facet normal  9.569403e-001  0.000000e+000  2.902847e-001
    outer loop
      vertex  3.650924e-001  5.967787e-017 -4.003155e-002
      vertex  3.357504e-001 -7.500000e-001  5.669614e-002
      vertex  3.650924e-001 -7.500000e-001 -4.003155e-002
    endloop
  endfacet
  facet normal  9.951847e-001  -0.000000e+000  9.801727e-002
    outer loop
      vertex  3.650924e-001  5.967787e-017 -4.003155e-002
      vertex  3.650924e-001 -7.500000e-001 -4.003155e-002
      vertex  3.750000e-001  5.464379e-017 -1.406250e-001
    endloop
  endfacet
  facet normal  9.951847e-001  0.000000e+000  9.801727e-002
    outer loop
      vertex  3.750000e-001  5.464379e-017 -1.406250e-001
      vertex  3.650924e-001 -7.500000e-001 -4.003155e-002
      vertex  3.750000e-001 -7.500000e-001 -1.406250e-001
    endloop
  endfacet
  facet normal -1.000000e+000  0.000000e+000  0.000000e+000
    outer loop
      vertex -3.750000e-001  4.163336e-017  3.750000e-001
      vertex -3.750000e-001  0.000000e+000 -3.750000e-001
      vertex -3.750000e-001 -7.500000e-001  3.750000e-001
    endloop
  endfacet
  facet normal -1.000000e+000  0.000000e+000  0.000000e+000
    outer loop
      vertex -3.750000e-001 -7.500000e-001  3.750000e-001
      vertex -3.750000e-001  0.000000e+000 -3.750000e-001
      vertex -3.750000e-001 -7.500000e-001 -3.750000e-001
    endloop
  endfacet
  facet normal  0.000000e+000  0.000000e+000 -1.000000e+000
    outer loop
      vertex -3.750000e-001  0.000000e+000 -3.750000e-001
      vertex  3.750000e-001  4.163336e-017 -3.750000e-001
      vertex -3.750000e-001 -7.500000e-001 -3.750000e-001
    endloop
  endfacet
  facet normal  0.000000e+000  0.000000e+000 -1.000000e+000
    outer loop
      vertex -3.750000e-001 -7.500000e-001 -3.750000e-001
      vertex  3.750000e-001  4.163336e-017 -3.750000e-001
      vertex  3.750000e-001 -7.500000e-001 -3.750000e-001
    endloop
  endfacet
endsolid CATIA STL
