solid CATIA STL
  facet normal  0.000000e+000 -1.000000e+000  -0.000000e+000
    outer loop
      vertex  2.397204e-001 -7.500000e-001  3.947368e-003
      vertex  2.878289e-002 -7.500000e-001  3.947368e-003
      vertex  2.830569e-002 -7.500000e-001 -8.978024e-004
    endloop
  endfacet
  facet normal  0.000000e+000 -1.000000e+000  0.000000e+000
    outer loop
      vertex -2.318257e-001 -7.500000e-001  3.947368e-003
      vertex -2.272953e-001 -7.500000e-001 -4.204967e-002
      vertex -2.041095e-002 -7.500000e-001 -8.978024e-004
    endloop
  endfacet
  facet normal  0.000000e+000 -1.000000e+000  0.000000e+000
    outer loop
      vertex -2.318257e-001 -7.500000e-001  3.947368e-003
      vertex -2.041095e-002 -7.500000e-001 -8.978024e-004
      vertex -2.088816e-002 -7.500000e-001  3.947368e-003
    endloop
  endfacet
  facet normal  0.000000e+000 -1.000000e+000  0.000000e+000
    outer loop
      vertex -2.318257e-001 -7.500000e-001  3.947368e-003
      vertex -2.088816e-002 -7.500000e-001  3.947368e-003
      vertex -2.041095e-002 -7.500000e-001  8.792539e-003
    endloop
  endfacet
  facet normal  0.000000e+000 -1.000000e+000  0.000000e+000
    outer loop
      vertex -2.272953e-001 -7.500000e-001  4.994440e-002
      vertex -2.318257e-001 -7.500000e-001  3.947368e-003
      vertex -2.041095e-002 -7.500000e-001  8.792539e-003
    endloop
  endfacet
  facet normal  0.000000e+000 -1.000000e+000  0.000000e+000
    outer loop
      vertex -2.272953e-001 -7.500000e-001  4.994440e-002
      vertex -2.041095e-002 -7.500000e-001  8.792539e-003
      vertex -1.899767e-002 -7.500000e-001  1.345151e-002
    endloop
  endfacet
  facet normal  0.000000e+000 -1.000000e+000  0.000000e+000
    outer loop
      vertex -2.272953e-001 -7.500000e-001  4.994440e-002
      vertex -1.899767e-002 -7.500000e-001  1.345151e-002
      vertex -1.670262e-002 -7.500000e-001  1.774525e-002
    endloop
  endfacet
  facet normal  0.000000e+000 -1.000000e+000  0.000000e+000
    outer loop
      vertex -2.272953e-001 -7.500000e-001  4.994440e-002
      vertex -1.670262e-002 -7.500000e-001  1.774525e-002
      vertex -1.361400e-002 -7.500000e-001  2.150874e-002
    endloop
  endfacet
  facet normal  0.000000e+000 -9.999999e-001  0.000000e+000
    outer loop
      vertex -2.272953e-001 -7.500000e-001  4.994440e-002
      vertex -1.361400e-002 -7.500000e-001  2.150874e-002
      vertex -9.850510e-003 -7.500000e-001  2.459735e-002
    endloop
  endfacet
  facet normal  0.000000e+000 -1.000000e+000  0.000000e+000
    outer loop
      vertex -2.272953e-001 -7.500000e-001  4.994440e-002
      vertex -9.850510e-003 -7.500000e-001  2.459735e-002
      vertex -5.556776e-003 -7.500000e-001  2.689240e-002
    endloop
  endfacet
  facet normal  0.000000e+000 -1.000000e+000  0.000000e+000
    outer loop
      vertex -2.272953e-001 -7.500000e-001  4.994440e-002
      vertex -5.556776e-003 -7.500000e-001  2.689240e-002
      vertex -8.978024e-004 -7.500000e-001  2.830569e-002
    endloop
  endfacet
  facet normal  0.000000e+000 -1.000000e+000  0.000000e+000
    outer loop
      vertex -2.272953e-001 -7.500000e-001  4.994440e-002
      vertex -8.978024e-004 -7.500000e-001  2.830569e-002
      vertex  3.947368e-003 -7.500000e-001  2.878289e-002
    endloop
  endfacet
  facet normal  -0.000000e+000 -1.000000e+000  0.000000e+000
    outer loop
      vertex  3.947368e-003 -7.500000e-001  2.878289e-002
      vertex  2.351901e-001 -7.500000e-001  4.994440e-002
      vertex  2.217732e-001 -7.500000e-001  9.417380e-002
    endloop
  endfacet
  facet normal  -0.000000e+000 -1.000000e+000  0.000000e+000
    outer loop
      vertex  3.947368e-003 -7.500000e-001  2.878289e-002
      vertex  2.217732e-001 -7.500000e-001  9.417380e-002
      vertex  1.999855e-001 -7.500000e-001  1.349358e-001
    endloop
  endfacet
  facet normal  -0.000000e+000 -1.000000e+000  0.000000e+000
    outer loop
      vertex  3.947368e-003 -7.500000e-001  2.878289e-002
      vertex  1.999855e-001 -7.500000e-001  1.349358e-001
      vertex  1.706641e-001 -7.500000e-001  1.706641e-001
    endloop
  endfacet
  facet normal  -0.000000e+000 -1.000000e+000  0.000000e+000
    outer loop
      vertex  3.947368e-003 -7.500000e-001  2.878289e-002
      vertex  1.706641e-001 -7.500000e-001  1.706641e-001
      vertex  1.349358e-001 -7.500000e-001  1.999855e-001
    endloop
  endfacet
  facet normal  -0.000000e+000 -1.000000e+000  0.000000e+000
    outer loop
      vertex  3.947368e-003 -7.500000e-001  2.878289e-002
      vertex  1.349358e-001 -7.500000e-001  1.999855e-001
      vertex  9.417380e-002 -7.500000e-001  2.217732e-001
    endloop
  endfacet
  facet normal  -0.000000e+000 -1.000000e+000  0.000000e+000
    outer loop
      vertex  3.947368e-003 -7.500000e-001  2.878289e-002
      vertex  9.417380e-002 -7.500000e-001  2.217732e-001
      vertex  4.994440e-002 -7.500000e-001  2.351901e-001
    endloop
  endfacet
  facet normal  -0.000000e+000 -1.000000e+000  0.000000e+000
    outer loop
      vertex  3.947368e-003 -7.500000e-001  2.878289e-002
      vertex  4.994440e-002 -7.500000e-001  2.351901e-001
      vertex  3.947368e-003 -7.500000e-001  2.397204e-001
    endloop
  endfacet
  facet normal  0.000000e+000 -1.000000e+000  -0.000000e+000
    outer loop
      vertex  3.947368e-003 -7.500000e-001  2.878289e-002
      vertex  3.947368e-003 -7.500000e-001  2.397204e-001
      vertex -4.204967e-002 -7.500000e-001  2.351901e-001
    endloop
  endfacet
  facet normal  0.000000e+000 -1.000000e+000  -0.000000e+000
    outer loop
      vertex  3.947368e-003 -7.500000e-001  2.878289e-002
      vertex -4.204967e-002 -7.500000e-001  2.351901e-001
      vertex -8.627906e-002 -7.500000e-001  2.217732e-001
    endloop
  endfacet
  facet normal  0.000000e+000 -1.000000e+000  -0.000000e+000
    outer loop
      vertex  3.947368e-003 -7.500000e-001  2.878289e-002
      vertex -8.627906e-002 -7.500000e-001  2.217732e-001
      vertex -1.270411e-001 -7.500000e-001  1.999855e-001
    endloop
  endfacet
  facet normal  0.000000e+000 -1.000000e+000  -0.000000e+000
    outer loop
      vertex  3.947368e-003 -7.500000e-001  2.878289e-002
      vertex -1.270411e-001 -7.500000e-001  1.999855e-001
      vertex -1.627693e-001 -7.500000e-001  1.706641e-001
    endloop
  endfacet
  facet normal  0.000000e+000 -1.000000e+000  -0.000000e+000
    outer loop
      vertex  3.947368e-003 -7.500000e-001  2.878289e-002
      vertex -1.627693e-001 -7.500000e-001  1.706641e-001
      vertex -1.920907e-001 -7.500000e-001  1.349358e-001
    endloop
  endfacet
  facet normal  0.000000e+000 -1.000000e+000  -0.000000e+000
    outer loop
      vertex  3.947368e-003 -7.500000e-001  2.878289e-002
      vertex -1.920907e-001 -7.500000e-001  1.349358e-001
      vertex -2.138785e-001 -7.500000e-001  9.417380e-002
    endloop
  endfacet
  facet normal  0.000000e+000 -1.000000e+000  -0.000000e+000
    outer loop
      vertex  3.947368e-003 -7.500000e-001  2.878289e-002
      vertex -2.138785e-001 -7.500000e-001  9.417380e-002
      vertex -2.272953e-001 -7.500000e-001  4.994440e-002
    endloop
  endfacet
  facet normal  0.000000e+000 -9.999999e-001  0.000000e+000
    outer loop
      vertex  3.947368e-003 -7.500000e-001 -2.088816e-002
      vertex -2.272953e-001 -7.500000e-001 -4.204967e-002
      vertex -2.138785e-001 -7.500000e-001 -8.627906e-002
    endloop
  endfacet
  facet normal  0.000000e+000 -1.000000e+000  0.000000e+000
    outer loop
      vertex  3.947368e-003 -7.500000e-001 -2.088816e-002
      vertex -2.138785e-001 -7.500000e-001 -8.627906e-002
      vertex -1.920907e-001 -7.500000e-001 -1.270411e-001
    endloop
  endfacet
  facet normal  0.000000e+000 -1.000000e+000  0.000000e+000
    outer loop
      vertex  3.947368e-003 -7.500000e-001 -2.088816e-002
      vertex -1.920907e-001 -7.500000e-001 -1.270411e-001
      vertex -1.627693e-001 -7.500000e-001 -1.627693e-001
    endloop
  endfacet
  facet normal  0.000000e+000 -1.000000e+000  0.000000e+000
    outer loop
      vertex  3.947368e-003 -7.500000e-001 -2.088816e-002
      vertex -1.627693e-001 -7.500000e-001 -1.627693e-001
      vertex -1.270411e-001 -7.500000e-001 -1.920907e-001
    endloop
  endfacet
  facet normal  0.000000e+000 -1.000000e+000  0.000000e+000
    outer loop
      vertex  3.947368e-003 -7.500000e-001 -2.088816e-002
      vertex -1.270411e-001 -7.500000e-001 -1.920907e-001
      vertex -8.627906e-002 -7.500000e-001 -2.138785e-001
    endloop
  endfacet
  facet normal  0.000000e+000 -1.000000e+000  0.000000e+000
    outer loop
      vertex  3.947368e-003 -7.500000e-001 -2.088816e-002
      vertex -8.627906e-002 -7.500000e-001 -2.138785e-001
      vertex -4.204967e-002 -7.500000e-001 -2.272953e-001
    endloop
  endfacet
  facet normal  0.000000e+000 -1.000000e+000  0.000000e+000
    outer loop
      vertex  3.947368e-003 -7.500000e-001 -2.088816e-002
      vertex -4.204967e-002 -7.500000e-001 -2.272953e-001
      vertex  3.947368e-003 -7.500000e-001 -2.318257e-001
    endloop
  endfacet
  facet normal  0.000000e+000 -1.000000e+000  0.000000e+000
    outer loop
      vertex  3.947368e-003 -7.500000e-001 -2.088816e-002
      vertex  3.947368e-003 -7.500000e-001 -2.318257e-001
      vertex  4.994440e-002 -7.500000e-001 -2.272953e-001
    endloop
  endfacet
  facet normal  0.000000e+000 -1.000000e+000  0.000000e+000
    outer loop
      vertex  3.947368e-003 -7.500000e-001 -2.088816e-002
      vertex  4.994440e-002 -7.500000e-001 -2.272953e-001
      vertex  9.417380e-002 -7.500000e-001 -2.138785e-001
    endloop
  endfacet
  facet normal  0.000000e+000 -1.000000e+000  0.000000e+000
    outer loop
      vertex  3.947368e-003 -7.500000e-001 -2.088816e-002
      vertex  9.417380e-002 -7.500000e-001 -2.138785e-001
      vertex  1.349358e-001 -7.500000e-001 -1.920907e-001
    endloop
  endfacet
  facet normal  0.000000e+000 -1.000000e+000  0.000000e+000
    outer loop
      vertex  3.947368e-003 -7.500000e-001 -2.088816e-002
      vertex  1.349358e-001 -7.500000e-001 -1.920907e-001
      vertex  1.706641e-001 -7.500000e-001 -1.627693e-001
    endloop
  endfacet
  facet normal  0.000000e+000 -1.000000e+000  0.000000e+000
    outer loop
      vertex  3.947368e-003 -7.500000e-001 -2.088816e-002
      vertex  1.706641e-001 -7.500000e-001 -1.627693e-001
      vertex  1.999855e-001 -7.500000e-001 -1.270411e-001
    endloop
  endfacet
  facet normal  0.000000e+000 -1.000000e+000  0.000000e+000
    outer loop
      vertex  3.947368e-003 -7.500000e-001 -2.088816e-002
      vertex  1.999855e-001 -7.500000e-001 -1.270411e-001
      vertex  2.217732e-001 -7.500000e-001 -8.627906e-002
    endloop
  endfacet
  facet normal  0.000000e+000 -9.999999e-001  0.000000e+000
    outer loop
      vertex  3.947368e-003 -7.500000e-001 -2.088816e-002
      vertex  2.217732e-001 -7.500000e-001 -8.627906e-002
      vertex  2.351901e-001 -7.500000e-001 -4.204967e-002
    endloop
  endfacet
  facet normal  -0.000000e+000 -1.000000e+000  0.000000e+000
    outer loop
      vertex -2.272953e-001 -7.500000e-001 -4.204967e-002
      vertex  3.947368e-003 -7.500000e-001 -2.088816e-002
      vertex -8.978024e-004 -7.500000e-001 -2.041095e-002
    endloop
  endfacet
  facet normal  -0.000000e+000 -1.000000e+000  0.000000e+000
    outer loop
      vertex -2.272953e-001 -7.500000e-001 -4.204967e-002
      vertex -8.978024e-004 -7.500000e-001 -2.041095e-002
      vertex -5.556776e-003 -7.500000e-001 -1.899767e-002
    endloop
  endfacet
  facet normal  -0.000000e+000 -1.000000e+000  0.000000e+000
    outer loop
      vertex -2.272953e-001 -7.500000e-001 -4.204967e-002
      vertex -5.556776e-003 -7.500000e-001 -1.899767e-002
      vertex -9.850510e-003 -7.500000e-001 -1.670262e-002
    endloop
  endfacet
  facet normal  -0.000000e+000 -9.999999e-001  0.000000e+000
    outer loop
      vertex -2.272953e-001 -7.500000e-001 -4.204967e-002
      vertex -9.850510e-003 -7.500000e-001 -1.670262e-002
      vertex -1.361400e-002 -7.500000e-001 -1.361400e-002
    endloop
  endfacet
  facet normal  -0.000000e+000 -1.000000e+000  0.000000e+000
    outer loop
      vertex -2.272953e-001 -7.500000e-001 -4.204967e-002
      vertex -1.361400e-002 -7.500000e-001 -1.361400e-002
      vertex -1.670262e-002 -7.500000e-001 -9.850510e-003
    endloop
  endfacet
  facet normal  -0.000000e+000 -1.000000e+000  0.000000e+000
    outer loop
      vertex -2.272953e-001 -7.500000e-001 -4.204967e-002
      vertex -1.670262e-002 -7.500000e-001 -9.850510e-003
      vertex -1.899767e-002 -7.500000e-001 -5.556776e-003
    endloop
  endfacet
  facet normal  -0.000000e+000 -1.000000e+000  0.000000e+000
    outer loop
      vertex -2.272953e-001 -7.500000e-001 -4.204967e-002
      vertex -1.899767e-002 -7.500000e-001 -5.556776e-003
      vertex -2.041095e-002 -7.500000e-001 -8.978024e-004
    endloop
  endfacet
  facet normal  0.000000e+000 -1.000000e+000  0.000000e+000
    outer loop
      vertex  2.351901e-001 -7.500000e-001  4.994440e-002
      vertex  3.947368e-003 -7.500000e-001  2.878289e-002
      vertex  8.792539e-003 -7.500000e-001  2.830569e-002
    endloop
  endfacet
  facet normal  0.000000e+000 -1.000000e+000  0.000000e+000
    outer loop
      vertex  2.351901e-001 -7.500000e-001  4.994440e-002
      vertex  8.792539e-003 -7.500000e-001  2.830569e-002
      vertex  1.345151e-002 -7.500000e-001  2.689240e-002
    endloop
  endfacet
  facet normal  0.000000e+000 -1.000000e+000  0.000000e+000
    outer loop
      vertex  2.351901e-001 -7.500000e-001  4.994440e-002
      vertex  1.345151e-002 -7.500000e-001  2.689240e-002
      vertex  1.774525e-002 -7.500000e-001  2.459735e-002
    endloop
  endfacet
  facet normal  0.000000e+000 -1.000000e+000  0.000000e+000
    outer loop
      vertex  2.351901e-001 -7.500000e-001  4.994440e-002
      vertex  1.774525e-002 -7.500000e-001  2.459735e-002
      vertex  2.150874e-002 -7.500000e-001  2.150874e-002
    endloop
  endfacet
  facet normal  0.000000e+000 -1.000000e+000  0.000000e+000
    outer loop
      vertex  2.351901e-001 -7.500000e-001  4.994440e-002
      vertex  2.150874e-002 -7.500000e-001  2.150874e-002
      vertex  2.459735e-002 -7.500000e-001  1.774525e-002
    endloop
  endfacet
  facet normal  0.000000e+000 -1.000000e+000  0.000000e+000
    outer loop
      vertex  2.351901e-001 -7.500000e-001  4.994440e-002
      vertex  2.459735e-002 -7.500000e-001  1.774525e-002
      vertex  2.689240e-002 -7.500000e-001  1.345151e-002
    endloop
  endfacet
  facet normal  0.000000e+000 -1.000000e+000  0.000000e+000
    outer loop
      vertex  2.351901e-001 -7.500000e-001  4.994440e-002
      vertex  2.689240e-002 -7.500000e-001  1.345151e-002
      vertex  2.830569e-002 -7.500000e-001  8.792539e-003
    endloop
  endfacet
  facet normal  0.000000e+000 -1.000000e+000  0.000000e+000
    outer loop
      vertex  2.351901e-001 -7.500000e-001  4.994440e-002
      vertex  2.830569e-002 -7.500000e-001  8.792539e-003
      vertex  2.878289e-002 -7.500000e-001  3.947368e-003
    endloop
  endfacet
  facet normal  0.000000e+000 -1.000000e+000  0.000000e+000
    outer loop
      vertex  2.351901e-001 -7.500000e-001  4.994440e-002
      vertex  2.878289e-002 -7.500000e-001  3.947368e-003
      vertex  2.397204e-001 -7.500000e-001  3.947368e-003
    endloop
  endfacet
  facet normal  0.000000e+000 -1.000000e+000  0.000000e+000
    outer loop
      vertex  2.351901e-001 -7.500000e-001 -4.204967e-002
      vertex  2.397204e-001 -7.500000e-001  3.947368e-003
      vertex  2.830569e-002 -7.500000e-001 -8.978024e-004
    endloop
  endfacet
  facet normal  0.000000e+000 -1.000000e+000  -0.000000e+000
    outer loop
      vertex  2.351901e-001 -7.500000e-001 -4.204967e-002
      vertex  2.830569e-002 -7.500000e-001 -8.978024e-004
      vertex  2.689240e-002 -7.500000e-001 -5.556776e-003
    endloop
  endfacet
  facet normal  0.000000e+000 -1.000000e+000  -0.000000e+000
    outer loop
      vertex  2.351901e-001 -7.500000e-001 -4.204967e-002
      vertex  2.689240e-002 -7.500000e-001 -5.556776e-003
      vertex  2.459735e-002 -7.500000e-001 -9.850510e-003
    endloop
  endfacet
  facet normal  0.000000e+000 -9.999999e-001  -0.000000e+000
    outer loop
      vertex  2.351901e-001 -7.500000e-001 -4.204967e-002
      vertex  2.459735e-002 -7.500000e-001 -9.850510e-003
      vertex  2.150874e-002 -7.500000e-001 -1.361400e-002
    endloop
  endfacet
  facet normal  0.000000e+000 -9.999999e-001  -0.000000e+000
    outer loop
      vertex  2.351901e-001 -7.500000e-001 -4.204967e-002
      vertex  2.150874e-002 -7.500000e-001 -1.361400e-002
      vertex  1.774525e-002 -7.500000e-001 -1.670262e-002
    endloop
  endfacet
  facet normal  0.000000e+000 -1.000000e+000  -0.000000e+000
    outer loop
      vertex  2.351901e-001 -7.500000e-001 -4.204967e-002
      vertex  1.774525e-002 -7.500000e-001 -1.670262e-002
      vertex  1.345151e-002 -7.500000e-001 -1.899767e-002
    endloop
  endfacet
  facet normal  0.000000e+000 -1.000000e+000  -0.000000e+000
    outer loop
      vertex  2.351901e-001 -7.500000e-001 -4.204967e-002
      vertex  1.345151e-002 -7.500000e-001 -1.899767e-002
      vertex  8.792539e-003 -7.500000e-001 -2.041095e-002
    endloop
  endfacet
  facet normal  0.000000e+000 -1.000000e+000  -0.000000e+000
    outer loop
      vertex  2.351901e-001 -7.500000e-001 -4.204967e-002
      vertex  8.792539e-003 -7.500000e-001 -2.041095e-002
      vertex  3.947368e-003 -7.500000e-001 -2.088816e-002
    endloop
  endfacet
  facet normal -9.801718e-002  0.000000e+000  9.951847e-001
    outer loop
      vertex  3.947368e-003 -1.349366e-001 -2.088816e-002
      vertex  8.792539e-003 -7.500000e-001 -2.041095e-002
      vertex  8.792539e-003 -1.349366e-001 -2.041095e-002
    endloop
  endfacet
  facet normal -2.902846e-001  0.000000e+000  9.569403e-001
    outer loop
      vertex  8.792539e-003 -1.349366e-001 -2.041095e-002
      vertex  8.792539e-003 -7.500000e-001 -2.041095e-002
      vertex  1.345151e-002 -7.500000e-001 -1.899767e-002
    endloop
  endfacet
  facet normal -2.902846e-001  0.000000e+000  9.569403e-001
    outer loop
      vertex  8.792539e-003 -1.349366e-001 -2.041095e-002
      vertex  1.345151e-002 -7.500000e-001 -1.899767e-002
      vertex  1.345151e-002 -1.349366e-001 -1.899767e-002
    endloop
  endfacet
  facet normal -4.713968e-001  0.000000e+000  8.819212e-001
    outer loop
      vertex  1.345151e-002 -1.349366e-001 -1.899767e-002
      vertex  1.345151e-002 -7.500000e-001 -1.899767e-002
      vertex  1.774525e-002 -7.500000e-001 -1.670262e-002
    endloop
  endfacet
  facet normal -4.713968e-001  0.000000e+000  8.819212e-001
    outer loop
      vertex  1.345151e-002 -1.349366e-001 -1.899767e-002
      vertex  1.774525e-002 -7.500000e-001 -1.670262e-002
      vertex  1.774525e-002 -1.349366e-001 -1.670262e-002
    endloop
  endfacet
  facet normal -6.343930e-001  0.000000e+000  7.730106e-001
    outer loop
      vertex  1.774525e-002 -1.349366e-001 -1.670262e-002
      vertex  1.774525e-002 -7.500000e-001 -1.670262e-002
      vertex  2.150874e-002 -7.500000e-001 -1.361400e-002
    endloop
  endfacet
  facet normal -6.343930e-001  0.000000e+000  7.730106e-001
    outer loop
      vertex  1.774525e-002 -1.349366e-001 -1.670262e-002
      vertex  2.150874e-002 -7.500000e-001 -1.361400e-002
      vertex  2.150874e-002 -1.349366e-001 -1.361400e-002
    endloop
  endfacet
  facet normal -7.730106e-001  0.000000e+000  6.343932e-001
    outer loop
      vertex  2.150874e-002 -1.349366e-001 -1.361400e-002
      vertex  2.150874e-002 -7.500000e-001 -1.361400e-002
      vertex  2.459735e-002 -7.500000e-001 -9.850510e-003
    endloop
  endfacet
  facet normal -7.730106e-001  0.000000e+000  6.343932e-001
    outer loop
      vertex  2.150874e-002 -1.349366e-001 -1.361400e-002
      vertex  2.459735e-002 -7.500000e-001 -9.850510e-003
      vertex  2.459735e-002 -1.349366e-001 -9.850510e-003
    endloop
  endfacet
  facet normal -8.819212e-001  0.000000e+000  4.713968e-001
    outer loop
      vertex  2.459735e-002 -1.349366e-001 -9.850510e-003
      vertex  2.459735e-002 -7.500000e-001 -9.850510e-003
      vertex  2.689240e-002 -7.500000e-001 -5.556776e-003
    endloop
  endfacet
  facet normal -8.819212e-001  0.000000e+000  4.713968e-001
    outer loop
      vertex  2.459735e-002 -1.349366e-001 -9.850510e-003
      vertex  2.689240e-002 -7.500000e-001 -5.556776e-003
      vertex  2.689240e-002 -1.349366e-001 -5.556776e-003
    endloop
  endfacet
  facet normal -9.569403e-001  0.000000e+000  2.902846e-001
    outer loop
      vertex  2.689240e-002 -1.349366e-001 -5.556776e-003
      vertex  2.689240e-002 -7.500000e-001 -5.556776e-003
      vertex  2.830569e-002 -7.500000e-001 -8.978024e-004
    endloop
  endfacet
  facet normal -9.569403e-001  0.000000e+000  2.902846e-001
    outer loop
      vertex  2.689240e-002 -1.349366e-001 -5.556776e-003
      vertex  2.830569e-002 -7.500000e-001 -8.978024e-004
      vertex  2.830569e-002 -1.349366e-001 -8.978024e-004
    endloop
  endfacet
  facet normal -9.951847e-001  0.000000e+000  9.801718e-002
    outer loop
      vertex  2.830569e-002 -1.349366e-001 -8.978024e-004
      vertex  2.830569e-002 -7.500000e-001 -8.978024e-004
      vertex  2.878289e-002 -7.500000e-001  3.947368e-003
    endloop
  endfacet
  facet normal -9.951847e-001  0.000000e+000  9.801718e-002
    outer loop
      vertex  2.830569e-002 -1.349366e-001 -8.978024e-004
      vertex  2.878289e-002 -7.500000e-001  3.947368e-003
      vertex  2.878289e-002 -1.349366e-001  3.947368e-003
    endloop
  endfacet
  facet normal -9.801718e-002  0.000000e+000  9.951847e-001
    outer loop
      vertex  8.792539e-003 -7.500000e-001 -2.041095e-002
      vertex  3.947368e-003 -1.349366e-001 -2.088816e-002
      vertex  3.947368e-003 -7.500000e-001 -2.088816e-002
    endloop
  endfacet
  facet normal  9.801718e-002  -0.000000e+000  9.951847e-001
    outer loop
      vertex  3.947368e-003 -7.500000e-001 -2.088816e-002
      vertex  3.947368e-003 -1.349366e-001 -2.088816e-002
      vertex -8.978024e-004 -1.349366e-001 -2.041095e-002
    endloop
  endfacet
  facet normal  9.801718e-002  0.000000e+000  9.951847e-001
    outer loop
      vertex  3.947368e-003 -7.500000e-001 -2.088816e-002
      vertex -8.978024e-004 -1.349366e-001 -2.041095e-002
      vertex -8.978024e-004 -7.500000e-001 -2.041095e-002
    endloop
  endfacet
  facet normal  2.902846e-001  -0.000000e+000  9.569403e-001
    outer loop
      vertex -8.978024e-004 -7.500000e-001 -2.041095e-002
      vertex -8.978024e-004 -1.349366e-001 -2.041095e-002
      vertex -5.556776e-003 -1.349366e-001 -1.899767e-002
    endloop
  endfacet
  facet normal  2.902846e-001  0.000000e+000  9.569403e-001
    outer loop
      vertex -8.978024e-004 -7.500000e-001 -2.041095e-002
      vertex -5.556776e-003 -1.349366e-001 -1.899767e-002
      vertex -5.556776e-003 -7.500000e-001 -1.899767e-002
    endloop
  endfacet
  facet normal  4.713968e-001  -0.000000e+000  8.819212e-001
    outer loop
      vertex -5.556776e-003 -7.500000e-001 -1.899767e-002
      vertex -5.556776e-003 -1.349366e-001 -1.899767e-002
      vertex -9.850510e-003 -1.349366e-001 -1.670262e-002
    endloop
  endfacet
  facet normal  4.713968e-001  0.000000e+000  8.819212e-001
    outer loop
      vertex -5.556776e-003 -7.500000e-001 -1.899767e-002
      vertex -9.850510e-003 -1.349366e-001 -1.670262e-002
      vertex -9.850510e-003 -7.500000e-001 -1.670262e-002
    endloop
  endfacet
  facet normal  6.343932e-001  -0.000000e+000  7.730106e-001
    outer loop
      vertex -9.850510e-003 -7.500000e-001 -1.670262e-002
      vertex -9.850510e-003 -1.349366e-001 -1.670262e-002
      vertex -1.361400e-002 -1.349366e-001 -1.361400e-002
    endloop
  endfacet
  facet normal  6.343932e-001  0.000000e+000  7.730106e-001
    outer loop
      vertex -9.850510e-003 -7.500000e-001 -1.670262e-002
      vertex -1.361400e-002 -1.349366e-001 -1.361400e-002
      vertex -1.361400e-002 -7.500000e-001 -1.361400e-002
    endloop
  endfacet
  facet normal  7.730106e-001  -0.000000e+000  6.343932e-001
    outer loop
      vertex -1.361400e-002 -7.500000e-001 -1.361400e-002
      vertex -1.361400e-002 -1.349366e-001 -1.361400e-002
      vertex -1.670262e-002 -1.349366e-001 -9.850510e-003
    endloop
  endfacet
  facet normal  7.730106e-001  0.000000e+000  6.343932e-001
    outer loop
      vertex -1.361400e-002 -7.500000e-001 -1.361400e-002
      vertex -1.670262e-002 -1.349366e-001 -9.850510e-003
      vertex -1.670262e-002 -7.500000e-001 -9.850510e-003
    endloop
  endfacet
  facet normal  8.819212e-001  -0.000000e+000  4.713968e-001
    outer loop
      vertex -1.670262e-002 -7.500000e-001 -9.850510e-003
      vertex -1.670262e-002 -1.349366e-001 -9.850510e-003
      vertex -1.899767e-002 -1.349366e-001 -5.556776e-003
    endloop
  endfacet
  facet normal  8.819212e-001  0.000000e+000  4.713968e-001
    outer loop
      vertex -1.670262e-002 -7.500000e-001 -9.850510e-003
      vertex -1.899767e-002 -1.349366e-001 -5.556776e-003
      vertex -1.899767e-002 -7.500000e-001 -5.556776e-003
    endloop
  endfacet
  facet normal  9.569403e-001  -0.000000e+000  2.902846e-001
    outer loop
      vertex -1.899767e-002 -7.500000e-001 -5.556776e-003
      vertex -1.899767e-002 -1.349366e-001 -5.556776e-003
      vertex -2.041095e-002 -1.349366e-001 -8.978024e-004
    endloop
  endfacet
  facet normal  9.569403e-001  0.000000e+000  2.902846e-001
    outer loop
      vertex -1.899767e-002 -7.500000e-001 -5.556776e-003
      vertex -2.041095e-002 -1.349366e-001 -8.978024e-004
      vertex -2.041095e-002 -7.500000e-001 -8.978024e-004
    endloop
  endfacet
  facet normal  9.951847e-001  -0.000000e+000  9.801718e-002
    outer loop
      vertex -2.041095e-002 -7.500000e-001 -8.978024e-004
      vertex -2.041095e-002 -1.349366e-001 -8.978024e-004
      vertex -2.088816e-002 -1.349366e-001  3.947368e-003
    endloop
  endfacet
  facet normal  9.951847e-001  0.000000e+000  9.801718e-002
    outer loop
      vertex -2.041095e-002 -7.500000e-001 -8.978024e-004
      vertex -2.088816e-002 -1.349366e-001  3.947368e-003
      vertex -2.088816e-002 -7.500000e-001  3.947368e-003
    endloop
  endfacet
  facet normal  9.957344e-001  0.000000e+000 -9.226678e-002
    outer loop
      vertex -2.088816e-002 -1.349366e-001  3.947368e-003
      vertex -2.046530e-002 -1.349366e-001  8.510809e-003
      vertex -2.088816e-002 -7.500000e-001  3.947368e-003
    endloop
  endfacet
  facet normal  9.951847e-001  4.304282e-005 -9.801718e-002
    outer loop
      vertex -2.046530e-002 -1.349366e-001  8.510809e-003
      vertex -2.041095e-002 -7.500000e-001  8.792539e-003
      vertex -2.088816e-002 -7.500000e-001  3.947368e-003
    endloop
  endfacet
  facet normal -9.951847e-001  4.303147e-005 -9.801718e-002
    outer loop
      vertex  2.830569e-002 -7.500000e-001  8.792539e-003
      vertex  2.836002e-002 -1.349366e-001  8.510889e-003
      vertex  2.878289e-002 -7.500000e-001  3.947368e-003
    endloop
  endfacet
  facet normal -9.957342e-001  -0.000000e+000 -9.226838e-002
    outer loop
      vertex  2.836002e-002 -1.349366e-001  8.510889e-003
      vertex  2.878289e-002 -1.349366e-001  3.947368e-003
      vertex  2.878289e-002 -7.500000e-001  3.947368e-003
    endloop
  endfacet
  facet normal  9.618265e-001 -4.035803e-005 -2.736599e-001
    outer loop
      vertex -2.041095e-002 -7.500000e-001  8.792539e-003
      vertex -2.046530e-002 -1.349366e-001  8.510809e-003
      vertex -1.921110e-002 -1.349366e-001  1.291893e-002
    endloop
  endfacet
  facet normal  9.569403e-001  8.070698e-005 -2.902846e-001
    outer loop
      vertex -1.921110e-002 -1.349366e-001  1.291893e-002
      vertex -1.899767e-002 -7.500000e-001  1.345151e-002
      vertex -2.041095e-002 -7.500000e-001  8.792539e-003
    endloop
  endfacet
  facet normal  8.951645e-001 -7.533515e-005 -4.457359e-001
    outer loop
      vertex -1.899767e-002 -7.500000e-001  1.345151e-002
      vertex -1.921110e-002 -1.349366e-001  1.291893e-002
      vertex -1.716826e-002 -1.349366e-001  1.702153e-002
    endloop
  endfacet
  facet normal  8.819212e-001  1.129984e-004 -4.713968e-001
    outer loop
      vertex -1.716826e-002 -1.349366e-001  1.702153e-002
      vertex -1.670262e-002 -7.500000e-001  1.774525e-002
      vertex -1.899767e-002 -7.500000e-001  1.345151e-002
    endloop
  endfacet
  facet normal  7.980186e-001 -1.049401e-004 -6.026327e-001
    outer loop
      vertex -1.670262e-002 -7.500000e-001  1.774525e-002
      vertex -1.716826e-002 -1.349366e-001  1.702153e-002
      vertex -1.440635e-002 -1.349366e-001  2.067891e-002
    endloop
  endfacet
  facet normal  7.730106e-001  1.399114e-004 -6.343930e-001
    outer loop
      vertex -1.440635e-002 -1.349366e-001  2.067891e-002
      vertex -1.361400e-002 -7.500000e-001  2.150874e-002
      vertex -1.670262e-002 -7.500000e-001  1.774525e-002
    endloop
  endfacet
  facet normal  6.736975e-001 -1.291706e-004 -7.390071e-001
    outer loop
      vertex -1.361400e-002 -7.500000e-001  2.150874e-002
      vertex -1.440635e-002 -1.349366e-001  2.067891e-002
      vertex -1.101943e-002 -1.349366e-001  2.376651e-002
    endloop
  endfacet
  facet normal  6.343932e-001  1.614500e-004 -7.730105e-001
    outer loop
      vertex -1.101943e-002 -1.349366e-001  2.376651e-002
      vertex -9.850510e-003 -7.500000e-001  2.459735e-002
      vertex -1.361400e-002 -7.500000e-001  2.150874e-002
    endloop
  endfacet
  facet normal  5.264339e-001 -1.480151e-004 -8.502160e-001
    outer loop
      vertex -9.850510e-003 -7.500000e-001  2.459735e-002
      vertex -1.101943e-002 -1.349366e-001  2.376651e-002
      vertex -7.122825e-003 -1.349366e-001  2.617920e-002
    endloop
  endfacet
  facet normal  4.713968e-001  1.776049e-004 -8.819212e-001
    outer loop
      vertex -7.122825e-003 -1.349366e-001  2.617920e-002
      vertex -5.556776e-003 -7.500000e-001  2.689240e-002
      vertex -9.850510e-003 -7.500000e-001  2.459735e-002
    endloop
  endfacet
  facet normal  3.612435e-001 -1.614792e-004 -9.324715e-001
    outer loop
      vertex -5.556776e-003 -7.500000e-001  2.689240e-002
      vertex -7.122825e-003 -1.349366e-001  2.617920e-002
      vertex -2.849242e-003 -1.349366e-001  2.783480e-002
    endloop
  endfacet
  facet normal  2.902846e-001  1.883759e-004 -9.569403e-001
    outer loop
      vertex -2.849242e-003 -1.349366e-001  2.783480e-002
      vertex -8.978024e-004 -7.500000e-001  2.830569e-002
      vertex -5.556776e-003 -7.500000e-001  2.689240e-002
    endloop
  endfacet
  facet normal  1.837516e-001 -1.695565e-004 -9.829727e-001
    outer loop
      vertex -8.978024e-004 -7.500000e-001  2.830569e-002
      vertex -2.849242e-003 -1.349366e-001  2.783480e-002
      vertex  1.655792e-003 -1.349366e-001  2.867695e-002
    endloop
  endfacet
  facet normal  9.801718e-002  1.937633e-004 -9.951847e-001
    outer loop
      vertex  1.655792e-003 -1.349366e-001  2.867695e-002
      vertex  3.947368e-003 -7.500000e-001  2.878289e-002
      vertex -8.978024e-004 -7.500000e-001  2.830569e-002
    endloop
  endfacet
  facet normal  1.625674e-006 -1.722482e-004 -1.000000e+000
    outer loop
      vertex  6.238863e-003 -1.349366e-001  2.867696e-002
      vertex  3.947368e-003 -7.500000e-001  2.878289e-002
      vertex  1.655792e-003 -1.349366e-001  2.867695e-002
    endloop
  endfacet
  facet normal -9.801718e-002  1.937624e-004 -9.951847e-001
    outer loop
      vertex  8.792539e-003 -7.500000e-001  2.830569e-002
      vertex  3.947368e-003 -7.500000e-001  2.878289e-002
      vertex  6.238863e-003 -1.349366e-001  2.867696e-002
    endloop
  endfacet
  facet normal -1.837483e-001 -1.695550e-004 -9.829733e-001
    outer loop
      vertex  1.074390e-002 -1.349366e-001  2.783482e-002
      vertex  8.792539e-003 -7.500000e-001  2.830569e-002
      vertex  6.238863e-003 -1.349366e-001  2.867696e-002
    endloop
  endfacet
  facet normal -2.902846e-001  1.883735e-004 -9.569403e-001
    outer loop
      vertex  1.345151e-002 -7.500000e-001  2.689240e-002
      vertex  8.792539e-003 -7.500000e-001  2.830569e-002
      vertex  1.074390e-002 -1.349366e-001  2.783482e-002
    endloop
  endfacet
  facet normal -3.612403e-001 -1.614754e-004 -9.324727e-001
    outer loop
      vertex  1.501749e-002 -1.349366e-001  2.617923e-002
      vertex  1.345151e-002 -7.500000e-001  2.689240e-002
      vertex  1.074390e-002 -1.349366e-001  2.783482e-002
    endloop
  endfacet
  facet normal -4.713968e-001  1.776023e-004 -8.819212e-001
    outer loop
      vertex  1.774525e-002 -7.500000e-001  2.459735e-002
      vertex  1.345151e-002 -7.500000e-001  2.689240e-002
      vertex  1.501749e-002 -1.349366e-001  2.617923e-002
    endloop
  endfacet
  facet normal -5.264314e-001 -1.480104e-004 -8.502176e-001
    outer loop
      vertex  1.891410e-002 -1.349366e-001  2.376656e-002
      vertex  1.774525e-002 -7.500000e-001  2.459735e-002
      vertex  1.501749e-002 -1.349366e-001  2.617923e-002
    endloop
  endfacet
  facet normal -6.343930e-001  1.614443e-004 -7.730106e-001
    outer loop
      vertex  2.150874e-002 -7.500000e-001  2.150874e-002
      vertex  1.774525e-002 -7.500000e-001  2.459735e-002
      vertex  1.891410e-002 -1.349366e-001  2.376656e-002
    endloop
  endfacet
  facet normal -6.736949e-001 -1.291636e-004 -7.390096e-001
    outer loop
      vertex  2.230103e-002 -1.349366e-001  2.067897e-002
      vertex  2.150874e-002 -7.500000e-001  2.150874e-002
      vertex  1.891410e-002 -1.349366e-001  2.376656e-002
    endloop
  endfacet
  facet normal -7.730106e-001  1.399058e-004 -6.343930e-001
    outer loop
      vertex  2.459735e-002 -7.500000e-001  1.774525e-002
      vertex  2.150874e-002 -7.500000e-001  2.150874e-002
      vertex  2.230103e-002 -1.349366e-001  2.067897e-002
    endloop
  endfacet
  facet normal -7.980170e-001 -1.049345e-004 -6.026349e-001
    outer loop
      vertex  2.506295e-002 -1.349366e-001  1.702160e-002
      vertex  2.459735e-002 -7.500000e-001  1.774525e-002
      vertex  2.230103e-002 -1.349366e-001  2.067897e-002
    endloop
  endfacet
  facet normal -8.819212e-001  1.129872e-004 -4.713968e-001
    outer loop
      vertex  2.689240e-002 -7.500000e-001  1.345151e-002
      vertex  2.459735e-002 -7.500000e-001  1.774525e-002
      vertex  2.506295e-002 -1.349366e-001  1.702160e-002
    endloop
  endfacet
  facet normal -8.951631e-001 -7.532952e-005 -4.457387e-001
    outer loop
      vertex  2.710580e-002 -1.349366e-001  1.291900e-002
      vertex  2.689240e-002 -7.500000e-001  1.345151e-002
      vertex  2.506295e-002 -1.349366e-001  1.702160e-002
    endloop
  endfacet
  facet normal -9.569403e-001  8.069332e-005 -2.902846e-001
    outer loop
      vertex  2.830569e-002 -7.500000e-001  8.792539e-003
      vertex  2.689240e-002 -7.500000e-001  1.345151e-002
      vertex  2.710580e-002 -1.349366e-001  1.291900e-002
    endloop
  endfacet
  facet normal -9.618254e-001 -4.034746e-005 -2.736636e-001
    outer loop
      vertex  2.836002e-002 -1.349366e-001  8.510889e-003
      vertex  2.830569e-002 -7.500000e-001  8.792539e-003
      vertex  2.710580e-002 -1.349366e-001  1.291900e-002
    endloop
  endfacet
  facet normal  9.569401e-001 -7.257016e-004 -2.902846e-001
    outer loop
      vertex  2.351901e-001 -7.500000e-001 -4.204967e-002
      vertex  2.217732e-001 -7.500000e-001 -8.627906e-002
      vertex  2.237992e-001 -1.007062e-001 -8.122367e-002
    endloop
  endfacet
  facet normal  8.951631e-001  6.774150e-004 -4.457383e-001
    outer loop
      vertex  2.044056e-001 -1.007062e-001 -1.201711e-001
      vertex  2.237992e-001 -1.007062e-001 -8.122367e-002
      vertex  2.217732e-001 -7.500000e-001 -8.627906e-002
    endloop
  endfacet
  facet normal  8.819208e-001 -1.016112e-003 -4.713965e-001
    outer loop
      vertex  2.217732e-001 -7.500000e-001 -8.627906e-002
      vertex  1.999855e-001 -7.500000e-001 -1.270411e-001
      vertex  2.044056e-001 -1.007062e-001 -1.201711e-001
    endloop
  endfacet
  facet normal  7.980167e-001  9.436626e-004 -6.026344e-001
    outer loop
      vertex  1.781857e-001 -1.007062e-001 -1.548919e-001
      vertex  2.044056e-001 -1.007062e-001 -1.201711e-001
      vertex  1.999855e-001 -7.500000e-001 -1.270411e-001
    endloop
  endfacet
  facet normal  7.730098e-001 -1.258176e-003 -6.343928e-001
    outer loop
      vertex  1.999855e-001 -7.500000e-001 -1.270411e-001
      vertex  1.706641e-001 -7.500000e-001 -1.627693e-001
      vertex  1.781857e-001 -1.007062e-001 -1.548919e-001
    endloop
  endfacet
  facet normal  6.736953e-001  1.161551e-003 -7.390084e-001
    outer loop
      vertex  1.460324e-001 -1.007062e-001 -1.842036e-001
      vertex  1.781857e-001 -1.007062e-001 -1.548919e-001
      vertex  1.706641e-001 -7.500000e-001 -1.627693e-001
    endloop
  endfacet
  facet normal  6.343927e-001 -1.451875e-003 -7.730097e-001
    outer loop
      vertex  1.706641e-001 -7.500000e-001 -1.627693e-001
      vertex  1.349358e-001 -7.500000e-001 -1.920907e-001
      vertex  1.460324e-001 -1.007062e-001 -1.842036e-001
    endloop
  endfacet
  facet normal  5.264317e-001  1.331046e-003 -8.502164e-001
    outer loop
      vertex  1.090404e-001 -1.007062e-001 -2.071080e-001
      vertex  1.460324e-001 -1.007062e-001 -1.842036e-001
      vertex  1.349358e-001 -7.500000e-001 -1.920907e-001
    endloop
  endfacet
  facet normal  4.713961e-001 -1.597172e-003 -8.819202e-001
    outer loop
      vertex  1.349358e-001 -7.500000e-001 -1.920907e-001
      vertex  9.417380e-002 -7.500000e-001 -2.138785e-001
      vertex  1.090404e-001 -1.007062e-001 -2.071080e-001
    endloop
  endfacet
  facet normal  3.612412e-001  1.452126e-003 -9.324713e-001
    outer loop
      vertex  6.846972e-002 -1.007062e-001 -2.228252e-001
      vertex  1.090404e-001 -1.007062e-001 -2.071080e-001
      vertex  9.417380e-002 -7.500000e-001 -2.138785e-001
    endloop
  endfacet
  facet normal  2.902843e-001 -1.694038e-003 -9.569390e-001
    outer loop
      vertex  9.417380e-002 -7.500000e-001 -2.138785e-001
      vertex  4.994440e-002 -7.500000e-001 -2.272953e-001
      vertex  6.846972e-002 -1.007062e-001 -2.228252e-001
    endloop
  endfacet
  facet normal  1.837495e-001  1.524785e-003 -9.829720e-001
    outer loop
      vertex  2.570176e-002 -1.007062e-001 -2.308199e-001
      vertex  6.846972e-002 -1.007062e-001 -2.228252e-001
      vertex  4.994440e-002 -7.500000e-001 -2.272953e-001
    endloop
  endfacet
  facet normal  9.801728e-002 -1.742481e-003 -9.951832e-001
    outer loop
      vertex  4.994440e-002 -7.500000e-001 -2.272953e-001
      vertex  3.947368e-003 -7.500000e-001 -2.318257e-001
      vertex  2.570176e-002 -1.007062e-001 -2.308199e-001
    endloop
  endfacet
  facet normal  0.000000e+000  1.549018e-003 -9.999989e-001
    outer loop
      vertex -1.780702e-002 -1.007062e-001 -2.308199e-001
      vertex  2.570176e-002 -1.007062e-001 -2.308199e-001
      vertex  3.947368e-003 -7.500000e-001 -2.318257e-001
    endloop
  endfacet
  facet normal -9.801727e-002 -1.742480e-003 -9.951832e-001
    outer loop
      vertex  3.947368e-003 -7.500000e-001 -2.318257e-001
      vertex -4.204967e-002 -7.500000e-001 -2.272953e-001
      vertex -1.780702e-002 -1.007062e-001 -2.308199e-001
    endloop
  endfacet
  facet normal -1.837495e-001  1.524786e-003 -9.829719e-001
    outer loop
      vertex -1.780702e-002 -1.007062e-001 -2.308199e-001
      vertex -4.204967e-002 -7.500000e-001 -2.272953e-001
      vertex -6.057498e-002 -1.007062e-001 -2.228252e-001
    endloop
  endfacet
  facet normal -2.902842e-001 -1.694037e-003 -9.569389e-001
    outer loop
      vertex -6.057498e-002 -1.007062e-001 -2.228252e-001
      vertex -4.204967e-002 -7.500000e-001 -2.272953e-001
      vertex -8.627906e-002 -7.500000e-001 -2.138785e-001
    endloop
  endfacet
  facet normal -3.612412e-001  1.452127e-003 -9.324713e-001
    outer loop
      vertex -6.057498e-002 -1.007062e-001 -2.228252e-001
      vertex -8.627906e-002 -7.500000e-001 -2.138785e-001
