solid CATIA STL
  facet normal  0.000000e+000  0.000000e+000  1.000000e+000
    outer loop
      vertex  7.111273e-001  7.214422e-001  7.812500e-003
      vertex  7.106780e-001  7.199612e-001  7.812500e-003
      vertex  7.257149e-001  7.214422e-001  7.812500e-003
    endloop
  endfacet
  facet normal  0.000000e+000  0.000000e+000  9.999999e-001
    outer loop
      vertex  7.257149e-001  7.214422e-001  7.812500e-003
      vertex  7.106780e-001  7.199612e-001  7.812500e-003
      vertex  7.261641e-001  7.199612e-001  7.812500e-003
    endloop
  endfacet
  facet normal  0.000000e+000  0.000000e+000  1.000000e+000
    outer loop
      vertex  7.263158e-001  7.184210e-001  7.812500e-003
      vertex  7.106780e-001  7.168809e-001  7.812500e-003
      vertex  7.261641e-001  7.168809e-001  7.812500e-003
    endloop
  endfacet
  facet normal  0.000000e+000  -0.000000e+000  9.999999e-001
    outer loop
      vertex  7.106780e-001  7.168809e-001  7.812500e-003
      vertex  7.111273e-001  7.153999e-001  7.812500e-003
      vertex  7.261641e-001  7.168809e-001  7.812500e-003
    endloop
  endfacet
  facet normal  0.000000e+000  0.000000e+000  1.000000e+000
    outer loop
      vertex  7.261641e-001  7.168809e-001  7.812500e-003
      vertex  7.111273e-001  7.153999e-001  7.812500e-003
      vertex  7.257149e-001  7.153999e-001  7.812500e-003
    endloop
  endfacet
  facet normal  0.000000e+000  -0.000000e+000  1.000000e+000
    outer loop
      vertex  7.111273e-001  7.153999e-001  7.812500e-003
      vertex  7.118568e-001  7.140350e-001  7.812500e-003
      vertex  7.257149e-001  7.153999e-001  7.812500e-003
    endloop
  endfacet
  facet normal  0.000000e+000  0.000000e+000  1.000000e+000
    outer loop
      vertex  7.257149e-001  7.153999e-001  7.812500e-003
      vertex  7.118568e-001  7.140350e-001  7.812500e-003
      vertex  7.249853e-001  7.140350e-001  7.812500e-003
    endloop
  endfacet
  facet normal  0.000000e+000  -0.000000e+000  1.000000e+000
    outer loop
      vertex  7.118568e-001  7.140350e-001  7.812500e-003
      vertex  7.128386e-001  7.128386e-001  7.812500e-003
      vertex  7.249853e-001  7.140350e-001  7.812500e-003
    endloop
  endfacet
  facet normal  -0.000000e+000  0.000000e+000  1.000000e+000
    outer loop
      vertex  7.249853e-001  7.140350e-001  7.812500e-003
      vertex  7.128386e-001  7.128386e-001  7.812500e-003
      vertex  7.140350e-001  7.118568e-001  7.812500e-003
    endloop
  endfacet
  facet normal  0.000000e+000  0.000000e+000  9.999999e-001
    outer loop
      vertex  7.249853e-001  7.140350e-001  7.812500e-003
      vertex  7.140350e-001  7.118568e-001  7.812500e-003
      vertex  7.240035e-001  7.128386e-001  7.812500e-003
    endloop
  endfacet
  facet normal  -0.000000e+000  0.000000e+000  1.000000e+000
    outer loop
      vertex  7.240035e-001  7.128386e-001  7.812500e-003
      vertex  7.140350e-001  7.118568e-001  7.812500e-003
      vertex  7.153999e-001  7.111273e-001  7.812500e-003
    endloop
  endfacet
  facet normal  -0.000000e+000  0.000000e+000  1.000000e+000
    outer loop
      vertex  7.240035e-001  7.128386e-001  7.812500e-003
      vertex  7.153999e-001  7.111273e-001  7.812500e-003
      vertex  7.168809e-001  7.106780e-001  7.812500e-003
    endloop
  endfacet
  facet normal  0.000000e+000  -0.000000e+000  1.000000e+000
    outer loop
      vertex  7.168809e-001  7.106780e-001  7.812500e-003
      vertex  7.184210e-001  7.105263e-001  7.812500e-003
      vertex  7.240035e-001  7.128386e-001  7.812500e-003
    endloop
  endfacet
  facet normal  0.000000e+000  0.000000e+000  1.000000e+000
    outer loop
      vertex  7.228071e-001  7.118568e-001  7.812500e-003
      vertex  7.240035e-001  7.128386e-001  7.812500e-003
      vertex  7.184210e-001  7.105263e-001  7.812500e-003
    endloop
  endfacet
  facet normal  0.000000e+000  0.000000e+000  9.999999e-001
    outer loop
      vertex  7.228071e-001  7.118568e-001  7.812500e-003
      vertex  7.184210e-001  7.105263e-001  7.812500e-003
      vertex  7.199612e-001  7.106780e-001  7.812500e-003
    endloop
  endfacet
  facet normal  0.000000e+000  0.000000e+000  1.000000e+000
    outer loop
      vertex  7.228071e-001  7.118568e-001  7.812500e-003
      vertex  7.199612e-001  7.106780e-001  7.812500e-003
      vertex  7.214422e-001  7.111273e-001  7.812500e-003
    endloop
  endfacet
  facet normal  0.000000e+000  -0.000000e+000  1.000000e+000
    outer loop
      vertex  7.105263e-001  7.184210e-001  7.812500e-003
      vertex  7.106780e-001  7.168809e-001  7.812500e-003
      vertex  7.263158e-001  7.184210e-001  7.812500e-003
    endloop
  endfacet
  facet normal  0.000000e+000  0.000000e+000  1.000000e+000
    outer loop
      vertex  7.105263e-001  7.184210e-001  7.812500e-003
      vertex  7.263158e-001  7.184210e-001  7.812500e-003
      vertex  7.261641e-001  7.199612e-001  7.812500e-003
    endloop
  endfacet
  facet normal  0.000000e+000  0.000000e+000  1.000000e+000
    outer loop
      vertex  7.105263e-001  7.184210e-001  7.812500e-003
      vertex  7.261641e-001  7.199612e-001  7.812500e-003
      vertex  7.106780e-001  7.199612e-001  7.812500e-003
    endloop
  endfacet
  facet normal  0.000000e+000  0.000000e+000  1.000000e+000
    outer loop
      vertex  7.249853e-001  7.228071e-001  7.812500e-003
      vertex  7.240035e-001  7.240035e-001  7.812500e-003
      vertex  7.228071e-001  7.249853e-001  7.812500e-003
    endloop
  endfacet
  facet normal  0.000000e+000  0.000000e+000  1.000000e+000
    outer loop
      vertex  7.249853e-001  7.228071e-001  7.812500e-003
      vertex  7.228071e-001  7.249853e-001  7.812500e-003
      vertex  7.214422e-001  7.257149e-001  7.812500e-003
    endloop
  endfacet
  facet normal  0.000000e+000  0.000000e+000  1.000000e+000
    outer loop
      vertex  7.249853e-001  7.228071e-001  7.812500e-003
      vertex  7.214422e-001  7.257149e-001  7.812500e-003
      vertex  7.199612e-001  7.261641e-001  7.812500e-003
    endloop
  endfacet
  facet normal  0.000000e+000  0.000000e+000  1.000000e+000
    outer loop
      vertex  7.249853e-001  7.228071e-001  7.812500e-003
      vertex  7.199612e-001  7.261641e-001  7.812500e-003
      vertex  7.184210e-001  7.263158e-001  7.812500e-003
    endloop
  endfacet
  facet normal  0.000000e+000  0.000000e+000  1.000000e+000
    outer loop
      vertex  7.249853e-001  7.228071e-001  7.812500e-003
      vertex  7.184210e-001  7.263158e-001  7.812500e-003
      vertex  7.168809e-001  7.261641e-001  7.812500e-003
    endloop
  endfacet
  facet normal  0.000000e+000  0.000000e+000  9.999999e-001
    outer loop
      vertex  7.249853e-001  7.228071e-001  7.812500e-003
      vertex  7.168809e-001  7.261641e-001  7.812500e-003
      vertex  7.153999e-001  7.257149e-001  7.812500e-003
    endloop
  endfacet
  facet normal  0.000000e+000  0.000000e+000  1.000000e+000
    outer loop
      vertex  7.249853e-001  7.228071e-001  7.812500e-003
      vertex  7.153999e-001  7.257149e-001  7.812500e-003
      vertex  7.140350e-001  7.249853e-001  7.812500e-003
    endloop
  endfacet
  facet normal  0.000000e+000  0.000000e+000  9.999999e-001
    outer loop
      vertex  7.249853e-001  7.228071e-001  7.812500e-003
      vertex  7.140350e-001  7.249853e-001  7.812500e-003
      vertex  7.128386e-001  7.240035e-001  7.812500e-003
    endloop
  endfacet
  facet normal  0.000000e+000  0.000000e+000  1.000000e+000
    outer loop
      vertex  7.249853e-001  7.228071e-001  7.812500e-003
      vertex  7.128386e-001  7.240035e-001  7.812500e-003
      vertex  7.118568e-001  7.228071e-001  7.812500e-003
    endloop
  endfacet
  facet normal  -0.000000e+000  0.000000e+000  1.000000e+000
    outer loop
      vertex  7.249853e-001  7.228071e-001  7.812500e-003
      vertex  7.118568e-001  7.228071e-001  7.812500e-003
      vertex  7.111273e-001  7.214422e-001  7.812500e-003
    endloop
  endfacet
  facet normal  0.000000e+000  0.000000e+000  1.000000e+000
    outer loop
      vertex  7.249853e-001  7.228071e-001  7.812500e-003
      vertex  7.111273e-001  7.214422e-001  7.812500e-003
      vertex  7.257149e-001  7.214422e-001  7.812500e-003
    endloop
  endfacet
  facet normal  7.053981e-001 -6.947517e-002 -7.053981e-001
    outer loop
      vertex  7.185033e-001  7.184210e-001  0.000000e+000
      vertex  7.263158e-001  7.184210e-001  7.812500e-003
      vertex  7.261641e-001  7.168809e-001  7.812500e-003
    endloop
  endfacet
  facet normal  6.781552e-001 -2.057092e-001 -7.055418e-001
    outer loop
      vertex  7.185033e-001  7.184210e-001  0.000000e+000
      vertex  7.261641e-001  7.168809e-001  7.812500e-003
      vertex  7.257149e-001  7.153999e-001  7.812500e-003
    endloop
  endfacet
  facet normal  6.247404e-001 -3.339369e-001 -7.058227e-001
    outer loop
      vertex  7.185033e-001  7.184210e-001  0.000000e+000
      vertex  7.257149e-001  7.153999e-001  7.812500e-003
      vertex  7.249853e-001  7.140350e-001  7.812500e-003
    endloop
  endfacet
  facet normal  5.472763e-001 -4.491423e-001 -7.062293e-001
    outer loop
      vertex  7.185033e-001  7.184210e-001  0.000000e+000
      vertex  7.249853e-001  7.140350e-001  7.812500e-003
      vertex  7.240035e-001  7.128386e-001  7.812500e-003
    endloop
  endfacet
  facet normal  4.488021e-001 -5.468890e-001 -7.067454e-001
    outer loop
      vertex  7.185033e-001  7.184210e-001  0.000000e+000
      vertex  7.240035e-001  7.128386e-001  7.812500e-003
      vertex  7.228071e-001  7.118568e-001  7.812500e-003
    endloop
  endfacet
  facet normal  3.332172e-001 -6.233938e-001 -7.073517e-001
    outer loop
      vertex  7.185033e-001  7.184210e-001  0.000000e+000
      vertex  7.228071e-001  7.118568e-001  7.812500e-003
      vertex  7.214422e-001  7.111273e-001  7.812500e-003
    endloop
  endfacet
  facet normal  2.050138e-001 -6.757732e-001 -7.080254e-001
    outer loop
      vertex  7.185033e-001  7.184210e-001  0.000000e+000
      vertex  7.214422e-001  7.111273e-001  7.812500e-003
      vertex  7.199612e-001  7.106780e-001  7.812500e-003
    endloop
  endfacet
  facet normal  6.914782e-002 -7.020745e-001 -7.087383e-001
    outer loop
      vertex  7.185033e-001  7.184210e-001  0.000000e+000
      vertex  7.199612e-001  7.106780e-001  7.812500e-003
      vertex  7.184210e-001  7.105263e-001  7.812500e-003
    endloop
  endfacet
  facet normal -6.907650e-002 -7.013504e-001 -7.094619e-001
    outer loop
      vertex  7.185033e-001  7.184210e-001  0.000000e+000
      vertex  7.184210e-001  7.105263e-001  7.812500e-003
      vertex  7.168809e-001  7.106780e-001  7.812500e-003
    endloop
  endfacet
  facet normal -2.043881e-001 -6.737108e-001 -7.101684e-001
    outer loop
      vertex  7.185033e-001  7.184210e-001  0.000000e+000
      vertex  7.168809e-001  7.106780e-001  7.812500e-003
      vertex  7.153999e-001  7.111273e-001  7.812500e-003
    endloop
  endfacet
  facet normal -3.315674e-001 -6.203074e-001 -7.108316e-001
    outer loop
      vertex  7.185033e-001  7.184210e-001  0.000000e+000
      vertex  7.153999e-001  7.111273e-001  7.812500e-003
      vertex  7.140350e-001  7.118568e-001  7.812500e-003
    endloop
  endfacet
  facet normal -4.458283e-001 -5.432383e-001 -7.114277e-001
    outer loop
      vertex  7.185033e-001  7.184210e-001  0.000000e+000
      vertex  7.140350e-001  7.118568e-001  7.812500e-003
      vertex  7.128386e-001  7.128386e-001  7.812500e-003
    endloop
  endfacet
  facet normal -5.428420e-001 -4.455031e-001 -7.119336e-001
    outer loop
      vertex  7.185033e-001  7.184210e-001  0.000000e+000
      vertex  7.128386e-001  7.128386e-001  7.812500e-003
      vertex  7.118568e-001  7.140350e-001  7.812500e-003
    endloop
  endfacet
  facet normal -6.189685e-001 -3.308518e-001 -7.123308e-001
    outer loop
      vertex  7.185033e-001  7.184210e-001  0.000000e+000
      vertex  7.118568e-001  7.140350e-001  7.812500e-003
      vertex  7.111273e-001  7.153999e-001  7.812500e-003
    endloop
  endfacet
  facet normal -6.713510e-001 -2.036722e-001 -7.126048e-001
    outer loop
      vertex  7.185033e-001  7.184210e-001  0.000000e+000
      vertex  7.111273e-001  7.153999e-001  7.812500e-003
      vertex  7.106780e-001  7.168809e-001  7.812500e-003
    endloop
  endfacet
  facet normal -6.980459e-001 -6.875104e-002 -7.127448e-001
    outer loop
      vertex  7.185033e-001  7.184210e-001  0.000000e+000
      vertex  7.106780e-001  7.168809e-001  7.812500e-003
      vertex  7.105263e-001  7.184210e-001  7.812500e-003
    endloop
  endfacet
  facet normal -6.980459e-001  6.875104e-002 -7.127448e-001
    outer loop
      vertex  7.185033e-001  7.184210e-001  0.000000e+000
      vertex  7.105263e-001  7.184210e-001  7.812500e-003
      vertex  7.106780e-001  7.199612e-001  7.812500e-003
    endloop
  endfacet
  facet normal -6.713510e-001  2.036722e-001 -7.126048e-001
    outer loop
      vertex  7.185033e-001  7.184210e-001  0.000000e+000
      vertex  7.106780e-001  7.199612e-001  7.812500e-003
      vertex  7.111273e-001  7.214422e-001  7.812500e-003
    endloop
  endfacet
  facet normal -6.189685e-001  3.308518e-001 -7.123308e-001
    outer loop
      vertex  7.185033e-001  7.184210e-001  0.000000e+000
      vertex  7.111273e-001  7.214422e-001  7.812500e-003
      vertex  7.118568e-001  7.228071e-001  7.812500e-003
    endloop
  endfacet
  facet normal -5.428522e-001  4.454893e-001 -7.119346e-001
    outer loop
      vertex  7.185033e-001  7.184210e-001  0.000000e+000
      vertex  7.118568e-001  7.228071e-001  7.812500e-003
      vertex  7.128386e-001  7.240035e-001  7.812500e-003
    endloop
  endfacet
  facet normal -4.458270e-001  5.432366e-001 -7.114297e-001
    outer loop
      vertex  7.185033e-001  7.184210e-001  0.000000e+000
      vertex  7.128386e-001  7.240035e-001  7.812500e-003
      vertex  7.140350e-001  7.249853e-001  7.812500e-003
    endloop
  endfacet
  facet normal -3.315664e-001  6.203054e-001 -7.108340e-001
    outer loop
      vertex  7.185033e-001  7.184210e-001  0.000000e+000
      vertex  7.140350e-001  7.249853e-001  7.812500e-003
      vertex  7.153999e-001  7.257149e-001  7.812500e-003
    endloop
  endfacet
  facet normal -2.043630e-001  6.737173e-001 -7.101696e-001
    outer loop
      vertex  7.185033e-001  7.184210e-001  0.000000e+000
      vertex  7.153999e-001  7.257149e-001  7.812500e-003
      vertex  7.168809e-001  7.261641e-001  7.812500e-003
    endloop
  endfacet
  facet normal -6.907650e-002  7.013504e-001 -7.094619e-001
    outer loop
      vertex  7.185033e-001  7.184210e-001  0.000000e+000
      vertex  7.168809e-001  7.261641e-001  7.812500e-003
      vertex  7.184210e-001  7.263158e-001  7.812500e-003
    endloop
  endfacet
  facet normal  6.914782e-002  7.020745e-001 -7.087383e-001
    outer loop
      vertex  7.185033e-001  7.184210e-001  0.000000e+000
      vertex  7.184210e-001  7.263158e-001  7.812500e-003
      vertex  7.199612e-001  7.261641e-001  7.812500e-003
    endloop
  endfacet
  facet normal  2.049885e-001  6.757793e-001 -7.080268e-001
    outer loop
      vertex  7.185033e-001  7.184210e-001  0.000000e+000
      vertex  7.199612e-001  7.261641e-001  7.812500e-003
      vertex  7.214422e-001  7.257149e-001  7.812500e-003
    endloop
  endfacet
  facet normal  3.332160e-001  6.233917e-001 -7.073541e-001
    outer loop
      vertex  7.185033e-001  7.184210e-001  0.000000e+000
      vertex  7.214422e-001  7.257149e-001  7.812500e-003
      vertex  7.228071e-001  7.249853e-001  7.812500e-003
    endloop
  endfacet
  facet normal  4.488008e-001  5.468874e-001 -7.067476e-001
    outer loop
      vertex  7.185033e-001  7.184210e-001  0.000000e+000
      vertex  7.228071e-001  7.249853e-001  7.812500e-003
      vertex  7.240035e-001  7.240035e-001  7.812500e-003
    endloop
  endfacet
  facet normal  5.472867e-001  4.491284e-001 -7.062301e-001
    outer loop
      vertex  7.185033e-001  7.184210e-001  0.000000e+000
      vertex  7.240035e-001  7.240035e-001  7.812500e-003
      vertex  7.249853e-001  7.228071e-001  7.812500e-003
    endloop
  endfacet
  facet normal  6.247404e-001  3.339369e-001 -7.058227e-001
    outer loop
      vertex  7.185033e-001  7.184210e-001  0.000000e+000
      vertex  7.249853e-001  7.228071e-001  7.812500e-003
      vertex  7.257149e-001  7.214422e-001  7.812500e-003
    endloop
  endfacet
  facet normal  6.781552e-001  2.057092e-001 -7.055418e-001
    outer loop
      vertex  7.185033e-001  7.184210e-001  0.000000e+000
      vertex  7.257149e-001  7.214422e-001  7.812500e-003
      vertex  7.261641e-001  7.199612e-001  7.812500e-003
    endloop
  endfacet
  facet normal  7.053981e-001  6.947517e-002 -7.053981e-001
    outer loop
      vertex  7.185033e-001  7.184210e-001  0.000000e+000
      vertex  7.261641e-001  7.199612e-001  7.812500e-003
      vertex  7.263158e-001  7.184210e-001  7.812500e-003
    endloop
  endfacet
endsolid CATIA STL
