solid CATIA STL
  facet normal  0.000000e+000 -9.999999e-001  0.000000e+000
    outer loop
      vertex -7.187500e-001 -7.500000e-001 -7.500000e-001
      vertex  7.500000e-001 -7.500000e-001 -7.500000e-001
      vertex -7.187500e-001 -7.500000e-001  7.500000e-001
    endloop
  endfacet
  facet normal  0.000000e+000 -9.999999e-001  0.000000e+000
    outer loop
      vertex -7.187500e-001 -7.500000e-001  7.500000e-001
      vertex  7.500000e-001 -7.500000e-001 -7.500000e-001
      vertex  7.500000e-001 -7.500000e-001  7.500000e-001
    endloop
  endfacet
  facet normal  0.000000e+000  9.999999e-001  0.000000e+000
    outer loop
      vertex -7.187500e-001  7.500000e-001 -7.500000e-001
      vertex -7.187500e-001  7.500000e-001  7.500000e-001
      vertex  7.500000e-001  7.500000e-001 -7.500000e-001
    endloop
  endfacet
  facet normal  0.000000e+000  9.999999e-001  -0.000000e+000
    outer loop
      vertex  7.500000e-001  7.500000e-001 -7.500000e-001
      vertex -7.187500e-001  7.500000e-001  7.500000e-001
      vertex  7.500000e-001  7.500000e-001  7.500000e-001
    endloop
  endfacet
  facet normal -1.000000e+000  0.000000e+000  0.000000e+000
    outer loop
      vertex -7.500000e-001  3.671875e-001  3.671875e-001
      vertex -7.500000e-001  3.671875e-001 -3.671875e-001
      vertex -7.500000e-001 -3.671875e-001  3.671875e-001
    endloop
  endfacet
  facet normal -1.000000e+000  0.000000e+000  0.000000e+000
    outer loop
      vertex -7.500000e-001 -3.671875e-001  3.671875e-001
      vertex -7.500000e-001  3.671875e-001 -3.671875e-001
      vertex -7.500000e-001 -3.671875e-001 -3.671875e-001
    endloop
  endfacet
  facet normal  -0.000000e+000  0.000000e+000  9.999999e-001
    outer loop
      vertex  7.500000e-001  7.500000e-001  7.500000e-001
      vertex -7.187500e-001  7.500000e-001  7.500000e-001
      vertex  7.500000e-001 -7.500000e-001  7.500000e-001
    endloop
  endfacet
  facet normal  0.000000e+000  0.000000e+000  9.999999e-001
    outer loop
      vertex  7.500000e-001 -7.500000e-001  7.500000e-001
      vertex -7.187500e-001  7.500000e-001  7.500000e-001
      vertex -7.187500e-001 -7.500000e-001  7.500000e-001
    endloop
  endfacet
  facet normal  -0.000000e+000  0.000000e+000 -9.999999e-001
    outer loop
      vertex -7.187500e-001  7.500000e-001 -7.500000e-001
      vertex  7.500000e-001  7.500000e-001 -7.500000e-001
      vertex -7.187500e-001 -7.500000e-001 -7.500000e-001
    endloop
  endfacet
  facet normal  0.000000e+000  0.000000e+000 -9.999999e-001
    outer loop
      vertex -7.187500e-001 -7.500000e-001 -7.500000e-001
      vertex  7.500000e-001  7.500000e-001 -7.500000e-001
      vertex  7.500000e-001 -7.500000e-001 -7.500000e-001
    endloop
  endfacet
  facet normal -9.966846e-001  0.000000e+000  8.136201e-002
    outer loop
      vertex -7.187500e-001 -7.500000e-001  7.500000e-001
      vertex -7.187500e-001  7.500000e-001  7.500000e-001
      vertex -7.500000e-001 -3.671875e-001  3.671875e-001
    endloop
  endfacet
  facet normal -9.966847e-001  0.000000e+000  8.136202e-002
    outer loop
      vertex -7.500000e-001 -3.671875e-001  3.671875e-001
      vertex -7.187500e-001  7.500000e-001  7.500000e-001
      vertex -7.500000e-001  3.671875e-001  3.671875e-001
    endloop
  endfacet
  facet normal -9.966846e-001  8.136201e-002  0.000000e+000
    outer loop
      vertex -7.187500e-001  7.500000e-001 -7.500000e-001
      vertex -7.500000e-001  3.671875e-001 -3.671875e-001
      vertex -7.187500e-001  7.500000e-001  7.500000e-001
    endloop
  endfacet
  facet normal -9.966847e-001  8.136202e-002  0.000000e+000
    outer loop
      vertex -7.187500e-001  7.500000e-001  7.500000e-001
      vertex -7.500000e-001  3.671875e-001 -3.671875e-001
      vertex -7.500000e-001  3.671875e-001  3.671875e-001
    endloop
  endfacet
  facet normal -9.966846e-001  0.000000e+000 -8.136201e-002
    outer loop
      vertex -7.187500e-001  7.500000e-001 -7.500000e-001
      vertex -7.187500e-001 -7.500000e-001 -7.500000e-001
      vertex -7.500000e-001  3.671875e-001 -3.671875e-001
    endloop
  endfacet
  facet normal -9.966847e-001  -0.000000e+000 -8.136202e-002
    outer loop
      vertex -7.500000e-001  3.671875e-001 -3.671875e-001
      vertex -7.187500e-001 -7.500000e-001 -7.500000e-001
      vertex -7.500000e-001 -3.671875e-001 -3.671875e-001
    endloop
  endfacet
  facet normal -9.966846e-001 -8.136201e-002  -0.000000e+000
    outer loop
      vertex -7.187500e-001 -7.500000e-001 -7.500000e-001
      vertex -7.187500e-001 -7.500000e-001  7.500000e-001
      vertex -7.500000e-001 -3.671875e-001 -3.671875e-001
    endloop
  endfacet
  facet normal -9.966847e-001 -8.136202e-002  0.000000e+000
    outer loop
      vertex -7.500000e-001 -3.671875e-001 -3.671875e-001
      vertex -7.187500e-001 -7.500000e-001  7.500000e-001
      vertex -7.500000e-001 -3.671875e-001  3.671875e-001
    endloop
  endfacet
  facet normal  1.000000e+000  0.000000e+000  0.000000e+000
    outer loop
      vertex  7.500000e-001  7.500000e-001 -7.500000e-001
      vertex  7.500000e-001  7.500000e-001  7.500000e-001
      vertex  7.500000e-001 -7.500000e-001 -7.500000e-001
    endloop
  endfacet
  facet normal  1.000000e+000  0.000000e+000  0.000000e+000
    outer loop
      vertex  7.500000e-001 -7.500000e-001 -7.500000e-001
      vertex  7.500000e-001  7.500000e-001  7.500000e-001
      vertex  7.500000e-001 -7.500000e-001  7.500000e-001
    endloop
  endfacet
endsolid CATIA STL
