solid CATIA STL
  facet normal  0.000000e+000  0.000000e+000  1.000000e+000
    outer loop
      vertex  1.562500e-002  7.812500e-003  7.500000e-001
      vertex -7.812500e-003 -7.812500e-003  7.500000e-001
      vertex  1.562500e-002 -7.812500e-003  7.500000e-001
    endloop
  endfacet
  facet normal  0.000000e+000  0.000000e+000  9.999999e-001
    outer loop
      vertex  1.547488e-002  9.336643e-003  7.500000e-001
      vertex  1.503031e-002  1.080221e-002  7.500000e-001
      vertex  1.430836e-002  1.215289e-002  7.500000e-001
    endloop
  endfacet
  facet normal  0.000000e+000  0.000000e+000  9.999999e-001
    outer loop
      vertex  1.547488e-002  9.336643e-003  7.500000e-001
      vertex  1.430836e-002  1.215289e-002  7.500000e-001
      vertex  1.333677e-002  1.333677e-002  7.500000e-001
    endloop
  endfacet
  facet normal  0.000000e+000  0.000000e+000  1.000000e+000
    outer loop
      vertex  1.547488e-002  9.336643e-003  7.500000e-001
      vertex  1.333677e-002  1.333677e-002  7.500000e-001
      vertex  1.215289e-002  1.430836e-002  7.500000e-001
    endloop
  endfacet
  facet normal  0.000000e+000  0.000000e+000  1.000000e+000
    outer loop
      vertex  1.547488e-002  9.336643e-003  7.500000e-001
      vertex  1.215289e-002  1.430836e-002  7.500000e-001
      vertex  1.080221e-002  1.503031e-002  7.500000e-001
    endloop
  endfacet
  facet normal  0.000000e+000  0.000000e+000  1.000000e+000
    outer loop
      vertex  1.547488e-002  9.336643e-003  7.500000e-001
      vertex  1.080221e-002  1.503031e-002  7.500000e-001
      vertex  9.336643e-003  1.547488e-002  7.500000e-001
    endloop
  endfacet
  facet normal  0.000000e+000  0.000000e+000  1.000000e+000
    outer loop
      vertex  1.547488e-002  9.336643e-003  7.500000e-001
      vertex  9.336643e-003  1.547488e-002  7.500000e-001
      vertex  7.812500e-003  1.562500e-002  7.500000e-001
    endloop
  endfacet
  facet normal  0.000000e+000  0.000000e+000  1.000000e+000
    outer loop
      vertex -7.812500e-003  1.562500e-002  7.500000e-001
      vertex -7.812500e-003 -7.812500e-003  7.500000e-001
      vertex  1.562500e-002  7.812500e-003  7.500000e-001
    endloop
  endfacet
  facet normal  0.000000e+000  0.000000e+000  9.999999e-001
    outer loop
      vertex -7.812500e-003  1.562500e-002  7.500000e-001
      vertex  1.562500e-002  7.812500e-003  7.500000e-001
      vertex  1.547488e-002  9.336643e-003  7.500000e-001
    endloop
  endfacet
  facet normal  0.000000e+000  0.000000e+000  1.000000e+000
    outer loop
      vertex -7.812500e-003  1.562500e-002  7.500000e-001
      vertex  1.547488e-002  9.336643e-003  7.500000e-001
      vertex  7.812500e-003  1.562500e-002  7.500000e-001
    endloop
  endfacet
  facet normal  0.000000e+000  0.000000e+000 -1.000000e+000
    outer loop
      vertex  1.562500e-002 -7.812500e-003  0.000000e+000
      vertex -7.812500e-003 -7.812500e-003  0.000000e+000
      vertex  1.562500e-002  7.812500e-003  0.000000e+000
    endloop
  endfacet
  facet normal  0.000000e+000  0.000000e+000 -1.000000e+000
    outer loop
      vertex  1.547488e-002  9.336643e-003  0.000000e+000
      vertex  7.812500e-003  1.562500e-002  0.000000e+000
      vertex  9.336643e-003  1.547488e-002  0.000000e+000
    endloop
  endfacet
  facet normal  0.000000e+000  0.000000e+000 -1.000000e+000
    outer loop
      vertex  1.547488e-002  9.336643e-003  0.000000e+000
      vertex  9.336643e-003  1.547488e-002  0.000000e+000
      vertex  1.080221e-002  1.503031e-002  0.000000e+000
    endloop
  endfacet
  facet normal  0.000000e+000  0.000000e+000 -1.000000e+000
    outer loop
      vertex  1.547488e-002  9.336643e-003  0.000000e+000
      vertex  1.080221e-002  1.503031e-002  0.000000e+000
      vertex  1.215289e-002  1.430836e-002  0.000000e+000
    endloop
  endfacet
  facet normal  0.000000e+000  0.000000e+000 -1.000000e+000
    outer loop
      vertex  1.547488e-002  9.336643e-003  0.000000e+000
      vertex  1.215289e-002  1.430836e-002  0.000000e+000
      vertex  1.333677e-002  1.333677e-002  0.000000e+000
    endloop
  endfacet
  facet normal  0.000000e+000  0.000000e+000 -9.999999e-001
    outer loop
      vertex  1.547488e-002  9.336643e-003  0.000000e+000
      vertex  1.333677e-002  1.333677e-002  0.000000e+000
      vertex  1.430836e-002  1.215289e-002  0.000000e+000
    endloop
  endfacet
  facet normal  0.000000e+000  0.000000e+000 -9.999999e-001
    outer loop
      vertex  1.547488e-002  9.336643e-003  0.000000e+000
      vertex  1.430836e-002  1.215289e-002  0.000000e+000
      vertex  1.503031e-002  1.080221e-002  0.000000e+000
    endloop
  endfacet
  facet normal  -0.000000e+000  -0.000000e+000 -1.000000e+000
    outer loop
      vertex -7.812500e-003  1.562500e-002  0.000000e+000
      vertex  7.812500e-003  1.562500e-002  0.000000e+000
      vertex  1.547488e-002  9.336643e-003  0.000000e+000
    endloop
  endfacet
  facet normal  -0.000000e+000  -0.000000e+000 -9.999999e-001
    outer loop
      vertex -7.812500e-003  1.562500e-002  0.000000e+000
      vertex  1.547488e-002  9.336643e-003  0.000000e+000
      vertex  1.562500e-002  7.812500e-003  0.000000e+000
    endloop
  endfacet
  facet normal  -0.000000e+000  0.000000e+000 -1.000000e+000
    outer loop
      vertex -7.812500e-003  1.562500e-002  0.000000e+000
      vertex  1.562500e-002  7.812500e-003  0.000000e+000
      vertex -7.812500e-003 -7.812500e-003  0.000000e+000
    endloop
  endfacet
  facet normal  0.000000e+000  1.000000e+000  0.000000e+000
    outer loop
      vertex  7.812500e-003  1.562500e-002  0.000000e+000
      vertex -7.812500e-003  1.562500e-002  0.000000e+000
      vertex  7.812500e-003  1.562500e-002  7.500000e-001
    endloop
  endfacet
  facet normal  0.000000e+000  1.000000e+000  0.000000e+000
    outer loop
      vertex  7.812500e-003  1.562500e-002  7.500000e-001
      vertex -7.812500e-003  1.562500e-002  0.000000e+000
      vertex -7.812500e-003  1.562500e-002  7.500000e-001
    endloop
  endfacet
  facet normal  1.000000e+000  0.000000e+000  0.000000e+000
    outer loop
      vertex  1.562500e-002 -7.812500e-003  0.000000e+000
      vertex  1.562500e-002  7.812500e-003  0.000000e+000
      vertex  1.562500e-002 -7.812500e-003  7.500000e-001
    endloop
  endfacet
  facet normal  1.000000e+000  -0.000000e+000  0.000000e+000
    outer loop
      vertex  1.562500e-002 -7.812500e-003  7.500000e-001
      vertex  1.562500e-002  7.812500e-003  0.000000e+000
      vertex  1.562500e-002  7.812500e-003  7.500000e-001
    endloop
  endfacet
  facet normal  9.801731e-002  9.951847e-001  0.000000e+000
    outer loop
      vertex  7.812500e-003  1.562500e-002  0.000000e+000
      vertex  7.812500e-003  1.562500e-002  7.500000e-001
      vertex  9.336643e-003  1.547488e-002  0.000000e+000
    endloop
  endfacet
  facet normal  9.801731e-002  9.951847e-001  -0.000000e+000
    outer loop
      vertex  9.336643e-003  1.547488e-002  0.000000e+000
      vertex  7.812500e-003  1.562500e-002  7.500000e-001
      vertex  9.336643e-003  1.547488e-002  7.500000e-001
    endloop
  endfacet
  facet normal  2.902847e-001  9.569404e-001  0.000000e+000
    outer loop
      vertex  9.336643e-003  1.547488e-002  0.000000e+000
      vertex  9.336643e-003  1.547488e-002  7.500000e-001
      vertex  1.080221e-002  1.503031e-002  0.000000e+000
    endloop
  endfacet
  facet normal  2.902847e-001  9.569404e-001  -0.000000e+000
    outer loop
      vertex  1.080221e-002  1.503031e-002  0.000000e+000
      vertex  9.336643e-003  1.547488e-002  7.500000e-001
      vertex  1.080221e-002  1.503031e-002  7.500000e-001
    endloop
  endfacet
  facet normal  4.713964e-001  8.819215e-001  0.000000e+000
    outer loop
      vertex  1.080221e-002  1.503031e-002  0.000000e+000
      vertex  1.080221e-002  1.503031e-002  7.500000e-001
      vertex  1.215289e-002  1.430836e-002  0.000000e+000
    endloop
  endfacet
  facet normal  4.713964e-001  8.819215e-001  -0.000000e+000
    outer loop
      vertex  1.215289e-002  1.430836e-002  0.000000e+000
      vertex  1.080221e-002  1.503031e-002  7.500000e-001
      vertex  1.215289e-002  1.430836e-002  7.500000e-001
    endloop
  endfacet
  facet normal  6.343932e-001  7.730105e-001  0.000000e+000
    outer loop
      vertex  1.215289e-002  1.430836e-002  0.000000e+000
      vertex  1.215289e-002  1.430836e-002  7.500000e-001
      vertex  1.333677e-002  1.333677e-002  0.000000e+000
    endloop
  endfacet
  facet normal  6.343932e-001  7.730105e-001  -0.000000e+000
    outer loop
      vertex  1.333677e-002  1.333677e-002  0.000000e+000
      vertex  1.215289e-002  1.430836e-002  7.500000e-001
      vertex  1.333677e-002  1.333677e-002  7.500000e-001
    endloop
  endfacet
  facet normal  7.730105e-001  6.343932e-001  0.000000e+000
    outer loop
      vertex  1.333677e-002  1.333677e-002  0.000000e+000
      vertex  1.333677e-002  1.333677e-002  7.500000e-001
      vertex  1.430836e-002  1.215289e-002  0.000000e+000
    endloop
  endfacet
  facet normal  7.730105e-001  6.343932e-001  -0.000000e+000
    outer loop
      vertex  1.430836e-002  1.215289e-002  0.000000e+000
      vertex  1.333677e-002  1.333677e-002  7.500000e-001
      vertex  1.430836e-002  1.215289e-002  7.500000e-001
    endloop
  endfacet
  facet normal  8.819215e-001  4.713964e-001  0.000000e+000
    outer loop
      vertex  1.430836e-002  1.215289e-002  0.000000e+000
      vertex  1.430836e-002  1.215289e-002  7.500000e-001
      vertex  1.503031e-002  1.080221e-002  0.000000e+000
    endloop
  endfacet
  facet normal  8.819215e-001  4.713964e-001  -0.000000e+000
    outer loop
      vertex  1.503031e-002  1.080221e-002  0.000000e+000
      vertex  1.430836e-002  1.215289e-002  7.500000e-001
      vertex  1.503031e-002  1.080221e-002  7.500000e-001
    endloop
  endfacet
  facet normal  9.569404e-001  2.902847e-001  0.000000e+000
    outer loop
      vertex  1.503031e-002  1.080221e-002  0.000000e+000
      vertex  1.503031e-002  1.080221e-002  7.500000e-001
      vertex  1.547488e-002  9.336643e-003  0.000000e+000
    endloop
  endfacet
  facet normal  9.569404e-001  2.902847e-001  -0.000000e+000
    outer loop
      vertex  1.547488e-002  9.336643e-003  0.000000e+000
      vertex  1.503031e-002  1.080221e-002  7.500000e-001
      vertex  1.547488e-002  9.336643e-003  7.500000e-001
    endloop
  endfacet
  facet normal  9.951847e-001  9.801731e-002  0.000000e+000
    outer loop
      vertex  1.547488e-002  9.336643e-003  0.000000e+000
      vertex  1.547488e-002  9.336643e-003  7.500000e-001
      vertex  1.562500e-002  7.812500e-003  0.000000e+000
    endloop
  endfacet
  facet normal  9.951847e-001  9.801731e-002  -0.000000e+000
    outer loop
      vertex  1.562500e-002  7.812500e-003  0.000000e+000
      vertex  1.547488e-002  9.336643e-003  7.500000e-001
      vertex  1.562500e-002  7.812500e-003  7.500000e-001
    endloop
  endfacet
  facet normal -1.000000e+000  0.000000e+000  0.000000e+000
    outer loop
      vertex -7.812500e-003  1.562500e-002  0.000000e+000
      vertex -7.812500e-003 -7.812500e-003  0.000000e+000
      vertex -7.812500e-003  1.562500e-002  7.500000e-001
    endloop
  endfacet
  facet normal -1.000000e+000  -0.000000e+000  0.000000e+000
    outer loop
      vertex -7.812500e-003  1.562500e-002  7.500000e-001
      vertex -7.812500e-003 -7.812500e-003  0.000000e+000
      vertex -7.812500e-003 -7.812500e-003  7.500000e-001
    endloop
  endfacet
  facet normal  0.000000e+000 -1.000000e+000  0.000000e+000
    outer loop
      vertex -7.812500e-003 -7.812500e-003  0.000000e+000
      vertex  1.562500e-002 -7.812500e-003  0.000000e+000
      vertex -7.812500e-003 -7.812500e-003  7.500000e-001
    endloop
  endfacet
  facet normal  0.000000e+000 -1.000000e+000  0.000000e+000
    outer loop
      vertex -7.812500e-003 -7.812500e-003  7.500000e-001
      vertex  1.562500e-002 -7.812500e-003  0.000000e+000
      vertex  1.562500e-002 -7.812500e-003  7.500000e-001
    endloop
  endfacet
endsolid CATIA STL
