solid CATIA STL
  facet normal  0.000000e+000  0.000000e+000  9.999999e-001
    outer loop
      vertex -4.140625e-001  4.218750e-001  3.125000e-002
      vertex -4.140625e-001 -4.140625e-001  3.125000e-002
      vertex  4.218750e-001 -4.140625e-001  3.125000e-002
    endloop
  endfacet
  facet normal  0.000000e+000  -0.000000e+000  9.999999e-001
    outer loop
      vertex -4.140625e-001  4.218750e-001  3.125000e-002
      vertex  4.218750e-001 -4.140625e-001  3.125000e-002
      vertex  4.218750e-001  3.203125e-001  3.125000e-002
    endloop
  endfacet
  facet normal  0.000000e+000  0.000000e+000  1.000000e+000
    outer loop
      vertex -4.140625e-001  4.218750e-001  3.125000e-002
      vertex  4.218750e-001  3.203125e-001  3.125000e-002
      vertex  4.199235e-001  3.401264e-001  3.125000e-002
    endloop
  endfacet
  facet normal  0.000000e+000  0.000000e+000  9.999999e-001
    outer loop
      vertex -4.140625e-001  4.218750e-001  3.125000e-002
      vertex  4.199235e-001  3.401264e-001  3.125000e-002
      vertex  4.141440e-001  3.591788e-001  3.125000e-002
    endloop
  endfacet
  facet normal  0.000000e+000  0.000000e+000  1.000000e+000
    outer loop
      vertex -4.140625e-001  4.218750e-001  3.125000e-002
      vertex  4.141440e-001  3.591788e-001  3.125000e-002
      vertex  4.047586e-001  3.767376e-001  3.125000e-002
    endloop
  endfacet
  facet normal  0.000000e+000  0.000000e+000  1.000000e+000
    outer loop
      vertex -4.140625e-001  4.218750e-001  3.125000e-002
      vertex  4.047586e-001  3.767376e-001  3.125000e-002
      vertex  3.921280e-001  3.921280e-001  3.125000e-002
    endloop
  endfacet
  facet normal  0.000000e+000  0.000000e+000  1.000000e+000
    outer loop
      vertex -4.140625e-001  4.218750e-001  3.125000e-002
      vertex  3.921280e-001  3.921280e-001  3.125000e-002
      vertex  3.767376e-001  4.047586e-001  3.125000e-002
    endloop
  endfacet
  facet normal  0.000000e+000  0.000000e+000  1.000000e+000
    outer loop
      vertex -4.140625e-001  4.218750e-001  3.125000e-002
      vertex  3.767376e-001  4.047586e-001  3.125000e-002
      vertex  3.591788e-001  4.141440e-001  3.125000e-002
    endloop
  endfacet
  facet normal  0.000000e+000  0.000000e+000  1.000000e+000
    outer loop
      vertex -4.140625e-001  4.218750e-001  3.125000e-002
      vertex  3.591788e-001  4.141440e-001  3.125000e-002
      vertex  3.401264e-001  4.199235e-001  3.125000e-002
    endloop
  endfacet
  facet normal  0.000000e+000  0.000000e+000  1.000000e+000
    outer loop
      vertex -4.140625e-001  4.218750e-001  3.125000e-002
      vertex  3.401264e-001  4.199235e-001  3.125000e-002
      vertex  3.203125e-001  4.218750e-001  3.125000e-002
    endloop
  endfacet
  facet normal  -0.000000e+000  -0.000000e+000 -1.000000e+000
    outer loop
      vertex -4.140625e-001  4.218750e-001  0.000000e+000
      vertex  3.203125e-001  4.218750e-001  0.000000e+000
      vertex  3.401264e-001  4.199235e-001  0.000000e+000
    endloop
  endfacet
  facet normal  -0.000000e+000  -0.000000e+000 -1.000000e+000
    outer loop
      vertex -4.140625e-001  4.218750e-001  0.000000e+000
      vertex  3.401264e-001  4.199235e-001  0.000000e+000
      vertex  3.591788e-001  4.141440e-001  0.000000e+000
    endloop
  endfacet
  facet normal  -0.000000e+000  -0.000000e+000 -1.000000e+000
    outer loop
      vertex -4.140625e-001  4.218750e-001  0.000000e+000
      vertex  3.591788e-001  4.141440e-001  0.000000e+000
      vertex  3.767376e-001  4.047586e-001  0.000000e+000
    endloop
  endfacet
  facet normal  -0.000000e+000  -0.000000e+000 -1.000000e+000
    outer loop
      vertex -4.140625e-001  4.218750e-001  0.000000e+000
      vertex  3.767376e-001  4.047586e-001  0.000000e+000
      vertex  3.921280e-001  3.921280e-001  0.000000e+000
    endloop
  endfacet
  facet normal  -0.000000e+000  -0.000000e+000 -1.000000e+000
    outer loop
      vertex -4.140625e-001  4.218750e-001  0.000000e+000
      vertex  3.921280e-001  3.921280e-001  0.000000e+000
      vertex  4.047586e-001  3.767376e-001  0.000000e+000
    endloop
  endfacet
  facet normal  -0.000000e+000  -0.000000e+000 -9.999999e-001
    outer loop
      vertex -4.140625e-001  4.218750e-001  0.000000e+000
      vertex  4.047586e-001  3.767376e-001  0.000000e+000
      vertex  4.141440e-001  3.591788e-001  0.000000e+000
    endloop
  endfacet
  facet normal  -0.000000e+000  -0.000000e+000 -9.999999e-001
    outer loop
      vertex -4.140625e-001  4.218750e-001  0.000000e+000
      vertex  4.141440e-001  3.591788e-001  0.000000e+000
      vertex  4.199235e-001  3.401264e-001  0.000000e+000
    endloop
  endfacet
  facet normal  -0.000000e+000  -0.000000e+000 -1.000000e+000
    outer loop
      vertex -4.140625e-001  4.218750e-001  0.000000e+000
      vertex  4.199235e-001  3.401264e-001  0.000000e+000
      vertex  4.218750e-001  3.203125e-001  0.000000e+000
    endloop
  endfacet
  facet normal  -0.000000e+000  -0.000000e+000 -9.999999e-001
    outer loop
      vertex -4.140625e-001  4.218750e-001  0.000000e+000
      vertex  4.218750e-001  3.203125e-001  0.000000e+000
      vertex  4.218750e-001 -4.140625e-001  0.000000e+000
    endloop
  endfacet
  facet normal  0.000000e+000  0.000000e+000 -9.999999e-001
    outer loop
      vertex -4.140625e-001  4.218750e-001  0.000000e+000
      vertex  4.218750e-001 -4.140625e-001  0.000000e+000
      vertex -4.140625e-001 -4.140625e-001  0.000000e+000
    endloop
  endfacet
  facet normal  0.000000e+000  9.999999e-001  -0.000000e+000
    outer loop
      vertex  3.203125e-001  4.218750e-001  3.125000e-002
      vertex  3.203125e-001  4.218750e-001  0.000000e+000
      vertex -4.140625e-001  4.218750e-001  3.125000e-002
    endloop
  endfacet
  facet normal  0.000000e+000  9.999999e-001  0.000000e+000
    outer loop
      vertex -4.140625e-001  4.218750e-001  3.125000e-002
      vertex  3.203125e-001  4.218750e-001  0.000000e+000
      vertex -4.140625e-001  4.218750e-001  0.000000e+000
    endloop
  endfacet
  facet normal  9.999999e-001  0.000000e+000  0.000000e+000
    outer loop
      vertex  4.218750e-001 -4.140625e-001  3.125000e-002
      vertex  4.218750e-001 -4.140625e-001  0.000000e+000
      vertex  4.218750e-001  3.203125e-001  3.125000e-002
    endloop
  endfacet
  facet normal  9.999999e-001  0.000000e+000  0.000000e+000
    outer loop
      vertex  4.218750e-001  3.203125e-001  3.125000e-002
      vertex  4.218750e-001 -4.140625e-001  0.000000e+000
      vertex  4.218750e-001  3.203125e-001  0.000000e+000
    endloop
  endfacet
  facet normal  9.801666e-002  9.951848e-001  0.000000e+000
    outer loop
      vertex  3.203125e-001  4.218750e-001  0.000000e+000
      vertex  3.203125e-001  4.218750e-001  3.125000e-002
      vertex  3.401264e-001  4.199235e-001  0.000000e+000
    endloop
  endfacet
  facet normal  9.801666e-002  9.951848e-001  -0.000000e+000
    outer loop
      vertex  3.401264e-001  4.199235e-001  0.000000e+000
      vertex  3.203125e-001  4.218750e-001  3.125000e-002
      vertex  3.401264e-001  4.199235e-001  3.125000e-002
    endloop
  endfacet
  facet normal  2.902855e-001  9.569401e-001  0.000000e+000
    outer loop
      vertex  3.401264e-001  4.199235e-001  0.000000e+000
      vertex  3.401264e-001  4.199235e-001  3.125000e-002
      vertex  3.591788e-001  4.141440e-001  0.000000e+000
    endloop
  endfacet
  facet normal  2.902855e-001  9.569401e-001  -0.000000e+000
    outer loop
      vertex  3.591788e-001  4.141440e-001  0.000000e+000
      vertex  3.401264e-001  4.199235e-001  3.125000e-002
      vertex  3.591788e-001  4.141440e-001  3.125000e-002
    endloop
  endfacet
  facet normal  4.713966e-001  8.819214e-001  0.000000e+000
    outer loop
      vertex  3.591788e-001  4.141440e-001  0.000000e+000
      vertex  3.591788e-001  4.141440e-001  3.125000e-002
      vertex  3.767376e-001  4.047586e-001  0.000000e+000
    endloop
  endfacet
  facet normal  4.713966e-001  8.819214e-001  -0.000000e+000
    outer loop
      vertex  3.767376e-001  4.047586e-001  0.000000e+000
      vertex  3.591788e-001  4.141440e-001  3.125000e-002
      vertex  3.767376e-001  4.047586e-001  3.125000e-002
    endloop
  endfacet
  facet normal  6.343938e-001  7.730101e-001  0.000000e+000
    outer loop
      vertex  3.767376e-001  4.047586e-001  0.000000e+000
      vertex  3.767376e-001  4.047586e-001  3.125000e-002
      vertex  3.921280e-001  3.921280e-001  0.000000e+000
    endloop
  endfacet
  facet normal  6.343938e-001  7.730101e-001  -0.000000e+000
    outer loop
      vertex  3.921280e-001  3.921280e-001  0.000000e+000
      vertex  3.767376e-001  4.047586e-001  3.125000e-002
      vertex  3.921280e-001  3.921280e-001  3.125000e-002
    endloop
  endfacet
  facet normal  7.730101e-001  6.343938e-001  0.000000e+000
    outer loop
      vertex  3.921280e-001  3.921280e-001  0.000000e+000
      vertex  3.921280e-001  3.921280e-001  3.125000e-002
      vertex  4.047586e-001  3.767376e-001  0.000000e+000
    endloop
  endfacet
  facet normal  7.730101e-001  6.343938e-001  -0.000000e+000
    outer loop
      vertex  4.047586e-001  3.767376e-001  0.000000e+000
      vertex  3.921280e-001  3.921280e-001  3.125000e-002
      vertex  4.047586e-001  3.767376e-001  3.125000e-002
    endloop
  endfacet
  facet normal  8.819214e-001  4.713966e-001  0.000000e+000
    outer loop
      vertex  4.047586e-001  3.767376e-001  0.000000e+000
      vertex  4.047586e-001  3.767376e-001  3.125000e-002
      vertex  4.141440e-001  3.591788e-001  0.000000e+000
    endloop
  endfacet
  facet normal  8.819214e-001  4.713966e-001  -0.000000e+000
    outer loop
      vertex  4.141440e-001  3.591788e-001  0.000000e+000
      vertex  4.047586e-001  3.767376e-001  3.125000e-002
      vertex  4.141440e-001  3.591788e-001  3.125000e-002
    endloop
  endfacet
  facet normal  9.569401e-001  2.902855e-001  0.000000e+000
    outer loop
      vertex  4.141440e-001  3.591788e-001  0.000000e+000
      vertex  4.141440e-001  3.591788e-001  3.125000e-002
      vertex  4.199235e-001  3.401264e-001  0.000000e+000
    endloop
  endfacet
  facet normal  9.569401e-001  2.902855e-001  -0.000000e+000
    outer loop
      vertex  4.199235e-001  3.401264e-001  0.000000e+000
      vertex  4.141440e-001  3.591788e-001  3.125000e-002
      vertex  4.199235e-001  3.401264e-001  3.125000e-002
    endloop
  endfacet
  facet normal  9.951848e-001  9.801666e-002  0.000000e+000
    outer loop
      vertex  4.199235e-001  3.401264e-001  0.000000e+000
      vertex  4.199235e-001  3.401264e-001  3.125000e-002
      vertex  4.218750e-001  3.203125e-001  0.000000e+000
    endloop
  endfacet
  facet normal  9.951848e-001  9.801666e-002  -0.000000e+000
    outer loop
      vertex  4.218750e-001  3.203125e-001  0.000000e+000
      vertex  4.199235e-001  3.401264e-001  3.125000e-002
      vertex  4.218750e-001  3.203125e-001  3.125000e-002
    endloop
  endfacet
  facet normal -9.999999e-001  0.000000e+000  0.000000e+000
    outer loop
      vertex -4.140625e-001  4.218750e-001  3.125000e-002
      vertex -4.140625e-001  4.218750e-001  0.000000e+000
      vertex -4.140625e-001 -4.140625e-001  3.125000e-002
    endloop
  endfacet
  facet normal -9.999999e-001  0.000000e+000  0.000000e+000
    outer loop
      vertex -4.140625e-001 -4.140625e-001  3.125000e-002
      vertex -4.140625e-001  4.218750e-001  0.000000e+000
      vertex -4.140625e-001 -4.140625e-001  0.000000e+000
    endloop
  endfacet
  facet normal  0.000000e+000 -9.999999e-001  0.000000e+000
    outer loop
      vertex -4.140625e-001 -4.140625e-001  3.125000e-002
      vertex -4.140625e-001 -4.140625e-001  0.000000e+000
      vertex  4.218750e-001 -4.140625e-001  3.125000e-002
    endloop
  endfacet
  facet normal  0.000000e+000 -9.999999e-001  -0.000000e+000
    outer loop
      vertex  4.218750e-001 -4.140625e-001  3.125000e-002
      vertex -4.140625e-001 -4.140625e-001  0.000000e+000
      vertex  4.218750e-001 -4.140625e-001  0.000000e+000
    endloop
  endfacet
endsolid CATIA STL
