solid CATIA STL
  facet normal  0.000000e+000  0.000000e+000 -9.999999e-001
    outer loop
      vertex  0.000000e+000  9.375000e-002  0.000000e+000
      vertex  0.000000e+000  4.296875e-001  0.000000e+000
      vertex  2.849506e-001  9.375000e-002  0.000000e+000
    endloop
  endfacet
  facet normal  0.000000e+000  0.000000e+000 -9.999999e-001
    outer loop
      vertex  2.849506e-001  9.375000e-002  0.000000e+000
      vertex  0.000000e+000  4.296875e-001  0.000000e+000
      vertex  2.849506e-001  4.296875e-001  0.000000e+000
    endloop
  endfacet
  facet normal -1.000000e+000  -0.000000e+000  -0.000000e+000
    outer loop
      vertex  0.000000e+000  0.000000e+000  1.796875e-001
      vertex  0.000000e+000  4.296875e-001  1.796875e-001
      vertex  0.000000e+000  4.296875e-001  0.000000e+000
    endloop
  endfacet
  facet normal -1.000000e+000  0.000000e+000  0.000000e+000
    outer loop
      vertex  0.000000e+000  0.000000e+000  1.796875e-001
      vertex  0.000000e+000  4.296875e-001  0.000000e+000
      vertex  0.000000e+000  9.375000e-002  0.000000e+000
    endloop
  endfacet
  facet normal -1.000000e+000  0.000000e+000  0.000000e+000
    outer loop
      vertex  0.000000e+000  0.000000e+000  1.796875e-001
      vertex  0.000000e+000  9.375000e-002  0.000000e+000
      vertex  0.000000e+000  7.546028e-002  1.801380e-003
    endloop
  endfacet
  facet normal -1.000000e+000  0.000000e+000  0.000000e+000
    outer loop
      vertex  0.000000e+000  0.000000e+000  1.796875e-001
      vertex  0.000000e+000  7.546028e-002  1.801380e-003
      vertex  0.000000e+000  5.787343e-002  7.136294e-003
    endloop
  endfacet
  facet normal -1.000000e+000  0.000000e+000  0.000000e+000
    outer loop
      vertex  0.000000e+000  0.000000e+000  1.796875e-001
      vertex  0.000000e+000  5.787343e-002  7.136294e-003
      vertex  0.000000e+000  4.166529e-002  1.579972e-002
    endloop
  endfacet
  facet normal -1.000000e+000  0.000000e+000  0.000000e+000
    outer loop
      vertex  0.000000e+000  0.000000e+000  1.796875e-001
      vertex  0.000000e+000  4.166529e-002  1.579972e-002
      vertex  0.000000e+000  2.745874e-002  2.745874e-002
    endloop
  endfacet
  facet normal -1.000000e+000  0.000000e+000  0.000000e+000
    outer loop
      vertex  0.000000e+000  0.000000e+000  1.796875e-001
      vertex  0.000000e+000  2.745874e-002  2.745874e-002
      vertex  0.000000e+000  1.579972e-002  4.166529e-002
    endloop
  endfacet
  facet normal -1.000000e+000  0.000000e+000  0.000000e+000
    outer loop
      vertex  0.000000e+000  0.000000e+000  1.796875e-001
      vertex  0.000000e+000  1.579972e-002  4.166529e-002
      vertex  0.000000e+000  7.136294e-003  5.787343e-002
    endloop
  endfacet
  facet normal -1.000000e+000  0.000000e+000  0.000000e+000
    outer loop
      vertex  0.000000e+000  0.000000e+000  1.796875e-001
      vertex  0.000000e+000  7.136294e-003  5.787343e-002
      vertex  0.000000e+000  1.801380e-003  7.546028e-002
    endloop
  endfacet
  facet normal -1.000000e+000  0.000000e+000  0.000000e+000
    outer loop
      vertex  0.000000e+000  0.000000e+000  1.796875e-001
      vertex  0.000000e+000  1.801380e-003  7.546028e-002
      vertex  0.000000e+000  0.000000e+000  9.375000e-002
    endloop
  endfacet
  facet normal  1.000000e+000  0.000000e+000  0.000000e+000
    outer loop
      vertex  2.849506e-001  0.000000e+000  9.375000e-002
      vertex  2.849506e-001  1.801380e-003  7.546028e-002
      vertex  2.849506e-001  0.000000e+000  1.796875e-001
    endloop
  endfacet
  facet normal  1.000000e+000  0.000000e+000  -0.000000e+000
    outer loop
      vertex  2.849506e-001  9.375000e-002  0.000000e+000
      vertex  2.849506e-001  4.296875e-001  0.000000e+000
      vertex  2.849506e-001  4.296875e-001  1.796875e-001
    endloop
  endfacet
  facet normal  1.000000e+000  0.000000e+000  0.000000e+000
    outer loop
      vertex  2.849506e-001  9.375000e-002  0.000000e+000
      vertex  2.849506e-001  4.296875e-001  1.796875e-001
      vertex  2.849506e-001  0.000000e+000  1.796875e-001
    endloop
  endfacet
  facet normal  9.999999e-001  0.000000e+000  0.000000e+000
    outer loop
      vertex  2.849506e-001  9.375000e-002  0.000000e+000
      vertex  2.849506e-001  0.000000e+000  1.796875e-001
      vertex  2.849506e-001  1.801380e-003  7.546028e-002
    endloop
  endfacet
  facet normal  1.000000e+000  0.000000e+000  0.000000e+000
    outer loop
      vertex  2.849506e-001  9.375000e-002  0.000000e+000
      vertex  2.849506e-001  1.801380e-003  7.546028e-002
      vertex  2.849506e-001  7.136294e-003  5.787343e-002
    endloop
  endfacet
  facet normal  1.000000e+000  0.000000e+000  0.000000e+000
    outer loop
      vertex  2.849506e-001  9.375000e-002  0.000000e+000
      vertex  2.849506e-001  7.136294e-003  5.787343e-002
      vertex  2.849506e-001  1.579972e-002  4.166529e-002
    endloop
  endfacet
  facet normal  1.000000e+000  0.000000e+000  0.000000e+000
    outer loop
      vertex  2.849506e-001  9.375000e-002  0.000000e+000
      vertex  2.849506e-001  1.579972e-002  4.166529e-002
      vertex  2.849506e-001  2.745874e-002  2.745874e-002
    endloop
  endfacet
  facet normal  1.000000e+000  0.000000e+000  0.000000e+000
    outer loop
      vertex  2.849506e-001  9.375000e-002  0.000000e+000
      vertex  2.849506e-001  2.745874e-002  2.745874e-002
      vertex  2.849506e-001  4.166529e-002  1.579972e-002
    endloop
  endfacet
  facet normal  9.999999e-001  0.000000e+000  0.000000e+000
    outer loop
      vertex  2.849506e-001  9.375000e-002  0.000000e+000
      vertex  2.849506e-001  4.166529e-002  1.579972e-002
      vertex  2.849506e-001  5.787343e-002  7.136294e-003
    endloop
  endfacet
  facet normal  1.000000e+000  0.000000e+000  0.000000e+000
    outer loop
      vertex  2.849506e-001  9.375000e-002  0.000000e+000
      vertex  2.849506e-001  5.787343e-002  7.136294e-003
      vertex  2.849506e-001  7.546028e-002  1.801380e-003
    endloop
  endfacet
  facet normal  0.000000e+000 -1.000000e+000  0.000000e+000
    outer loop
      vertex  0.000000e+000  0.000000e+000  1.796875e-001
      vertex  0.000000e+000  0.000000e+000  9.375000e-002
      vertex  2.849506e-001  0.000000e+000  1.796875e-001
    endloop
  endfacet
  facet normal  0.000000e+000 -1.000000e+000  -0.000000e+000
    outer loop
      vertex  2.849506e-001  0.000000e+000  1.796875e-001
      vertex  0.000000e+000  0.000000e+000  9.375000e-002
      vertex  2.849506e-001  0.000000e+000  9.375000e-002
    endloop
  endfacet
  facet normal  -0.000000e+000 -9.801716e-002 -9.951847e-001
    outer loop
      vertex  0.000000e+000  9.375000e-002  0.000000e+000
      vertex  2.849506e-001  9.375000e-002  0.000000e+000
      vertex  0.000000e+000  7.546028e-002  1.801380e-003
    endloop
  endfacet
  facet normal  0.000000e+000 -9.801716e-002 -9.951847e-001
    outer loop
      vertex  0.000000e+000  7.546028e-002  1.801380e-003
      vertex  2.849506e-001  9.375000e-002  0.000000e+000
      vertex  2.849506e-001  7.546028e-002  1.801380e-003
    endloop
  endfacet
  facet normal  -0.000000e+000 -2.902846e-001 -9.569404e-001
    outer loop
      vertex  0.000000e+000  7.546028e-002  1.801380e-003
      vertex  2.849506e-001  7.546028e-002  1.801380e-003
      vertex  0.000000e+000  5.787343e-002  7.136294e-003
    endloop
  endfacet
  facet normal  0.000000e+000 -2.902846e-001 -9.569404e-001
    outer loop
      vertex  0.000000e+000  5.787343e-002  7.136294e-003
      vertex  2.849506e-001  7.546028e-002  1.801380e-003
      vertex  2.849506e-001  5.787343e-002  7.136294e-003
    endloop
  endfacet
  facet normal  -0.000000e+000 -4.713967e-001 -8.819213e-001
    outer loop
      vertex  0.000000e+000  5.787343e-002  7.136294e-003
      vertex  2.849506e-001  5.787343e-002  7.136294e-003
      vertex  0.000000e+000  4.166529e-002  1.579972e-002
    endloop
  endfacet
  facet normal  0.000000e+000 -4.713967e-001 -8.819213e-001
    outer loop
      vertex  0.000000e+000  4.166529e-002  1.579972e-002
      vertex  2.849506e-001  5.787343e-002  7.136294e-003
      vertex  2.849506e-001  4.166529e-002  1.579972e-002
    endloop
  endfacet
  facet normal  -0.000000e+000 -6.343933e-001 -7.730105e-001
    outer loop
      vertex  0.000000e+000  4.166529e-002  1.579972e-002
      vertex  2.849506e-001  4.166529e-002  1.579972e-002
      vertex  0.000000e+000  2.745874e-002  2.745874e-002
    endloop
  endfacet
  facet normal  0.000000e+000 -6.343933e-001 -7.730105e-001
    outer loop
      vertex  0.000000e+000  2.745874e-002  2.745874e-002
      vertex  2.849506e-001  4.166529e-002  1.579972e-002
      vertex  2.849506e-001  2.745874e-002  2.745874e-002
    endloop
  endfacet
  facet normal  -0.000000e+000 -7.730105e-001 -6.343933e-001
    outer loop
      vertex  0.000000e+000  2.745874e-002  2.745874e-002
      vertex  2.849506e-001  2.745874e-002  2.745874e-002
      vertex  0.000000e+000  1.579972e-002  4.166529e-002
    endloop
  endfacet
  facet normal  0.000000e+000 -7.730105e-001 -6.343933e-001
    outer loop
      vertex  0.000000e+000  1.579972e-002  4.166529e-002
      vertex  2.849506e-001  2.745874e-002  2.745874e-002
      vertex  2.849506e-001  1.579972e-002  4.166529e-002
    endloop
  endfacet
  facet normal  -0.000000e+000 -8.819213e-001 -4.713967e-001
    outer loop
      vertex  0.000000e+000  1.579972e-002  4.166529e-002
      vertex  2.849506e-001  1.579972e-002  4.166529e-002
      vertex  0.000000e+000  7.136294e-003  5.787343e-002
    endloop
  endfacet
  facet normal  0.000000e+000 -8.819213e-001 -4.713967e-001
    outer loop
      vertex  0.000000e+000  7.136294e-003  5.787343e-002
      vertex  2.849506e-001  1.579972e-002  4.166529e-002
      vertex  2.849506e-001  7.136294e-003  5.787343e-002
    endloop
  endfacet
  facet normal  -0.000000e+000 -9.569404e-001 -2.902846e-001
    outer loop
      vertex  0.000000e+000  7.136294e-003  5.787343e-002
      vertex  2.849506e-001  7.136294e-003  5.787343e-002
      vertex  0.000000e+000  1.801380e-003  7.546028e-002
    endloop
  endfacet
  facet normal  0.000000e+000 -9.569404e-001 -2.902846e-001
    outer loop
      vertex  0.000000e+000  1.801380e-003  7.546028e-002
      vertex  2.849506e-001  7.136294e-003  5.787343e-002
      vertex  2.849506e-001  1.801380e-003  7.546028e-002
    endloop
  endfacet
  facet normal  -0.000000e+000 -9.951847e-001 -9.801716e-002
    outer loop
      vertex  0.000000e+000  1.801380e-003  7.546028e-002
      vertex  2.849506e-001  1.801380e-003  7.546028e-002
      vertex  0.000000e+000  0.000000e+000  9.375000e-002
    endloop
  endfacet
  facet normal  0.000000e+000 -9.951847e-001 -9.801716e-002
    outer loop
      vertex  0.000000e+000  0.000000e+000  9.375000e-002
      vertex  2.849506e-001  1.801380e-003  7.546028e-002
      vertex  2.849506e-001  0.000000e+000  9.375000e-002
    endloop
  endfacet
  facet normal  0.000000e+000  0.000000e+000  1.000000e+000
    outer loop
      vertex  0.000000e+000  0.000000e+000  1.796875e-001
      vertex  2.849506e-001  0.000000e+000  1.796875e-001
      vertex  0.000000e+000  4.296875e-001  1.796875e-001
    endloop
  endfacet
  facet normal  -0.000000e+000  0.000000e+000  1.000000e+000
    outer loop
      vertex  0.000000e+000  4.296875e-001  1.796875e-001
      vertex  2.849506e-001  0.000000e+000  1.796875e-001
      vertex  2.849506e-001  4.296875e-001  1.796875e-001
    endloop
  endfacet
  facet normal  0.000000e+000  1.000000e+000  -0.000000e+000
    outer loop
      vertex  2.849506e-001  4.296875e-001  1.796875e-001
      vertex  2.849506e-001  4.296875e-001  0.000000e+000
      vertex  0.000000e+000  4.296875e-001  1.796875e-001
    endloop
  endfacet
  facet normal  0.000000e+000  1.000000e+000  0.000000e+000
    outer loop
      vertex  0.000000e+000  4.296875e-001  1.796875e-001
      vertex  2.849506e-001  4.296875e-001  0.000000e+000
      vertex  0.000000e+000  4.296875e-001  0.000000e+000
    endloop
  endfacet
endsolid CATIA STL
