solid CATIA STL
  facet normal  0.000000e+000  1.000000e+000  0.000000e+000
    outer loop
      vertex  4.139176e-001  2.500000e-001  4.504934e-001
      vertex  7.500000e-001  2.500000e-001 -4.592425e-017
      vertex  7.812500e-002  2.500000e-001 -4.783777e-018
    endloop
  endfacet
  facet normal  0.000000e+000  1.000000e+000  -0.000000e+000
    outer loop
      vertex  4.139176e-001  2.500000e-001  4.504934e-001
      vertex  7.812500e-002  2.500000e-001 -4.783777e-018
      vertex  6.288357e-002  2.500000e-001  1.501150e-003
    endloop
  endfacet
  facet normal  0.000000e+000  1.000000e+000  -0.000000e+000
    outer loop
      vertex  4.139176e-001  2.500000e-001  4.504934e-001
      vertex  6.288357e-002  2.500000e-001  1.501150e-003
      vertex  4.822786e-002  2.500000e-001  5.946911e-003
    endloop
  endfacet
  facet normal  0.000000e+000  1.000000e+000  -0.000000e+000
    outer loop
      vertex  4.139176e-001  2.500000e-001  4.504934e-001
      vertex  4.822786e-002  2.500000e-001  5.946911e-003
      vertex  3.472108e-002  2.500000e-001  1.316644e-002
    endloop
  endfacet
  facet normal  0.000000e+000  1.000000e+000  -0.000000e+000
    outer loop
      vertex  4.139176e-001  2.500000e-001  4.504934e-001
      vertex  3.472108e-002  2.500000e-001  1.316644e-002
      vertex  2.288228e-002  2.500000e-001  2.288228e-002
    endloop
  endfacet
  facet normal  0.000000e+000  1.000000e+000  -0.000000e+000
    outer loop
      vertex  4.139176e-001  2.500000e-001  4.504934e-001
      vertex  2.288228e-002  2.500000e-001  2.288228e-002
      vertex  1.316644e-002  2.500000e-001  3.472108e-002
    endloop
  endfacet
  facet normal  0.000000e+000  1.000000e+000  -0.000000e+000
    outer loop
      vertex  4.139176e-001  2.500000e-001  4.504934e-001
      vertex  1.316644e-002  2.500000e-001  3.472108e-002
      vertex  5.946911e-003  2.500000e-001  4.822786e-002
    endloop
  endfacet
  facet normal  0.000000e+000  1.000000e+000  -0.000000e+000
    outer loop
      vertex  4.139176e-001  2.500000e-001  4.504934e-001
      vertex  5.946911e-003  2.500000e-001  4.822786e-002
      vertex  1.501150e-003  2.500000e-001  6.288357e-002
    endloop
  endfacet
  facet normal  0.000000e+000  1.000000e+000  -0.000000e+000
    outer loop
      vertex  4.139176e-001  2.500000e-001  4.504934e-001
      vertex  1.501150e-003  2.500000e-001  6.288357e-002
      vertex  4.783777e-018  2.500000e-001  7.812500e-002
    endloop
  endfacet
  facet normal  0.000000e+000  1.000000e+000  0.000000e+000
    outer loop
      vertex  4.139176e-001  2.500000e-001  4.504934e-001
      vertex  4.783777e-018  2.500000e-001  7.812500e-002
      vertex  2.758477e-017  2.500000e-001  4.504934e-001
    endloop
  endfacet
  facet normal -1.000000e+000  5.529626e-017  6.123234e-017
    outer loop
      vertex  5.551115e-017  2.031250e-001  4.973684e-001
      vertex  4.783777e-018 -2.500000e-001  7.812500e-002
      vertex  3.045503e-017 -2.500000e-001  4.973684e-001
    endloop
  endfacet
  facet normal -1.000000e+000  1.238787e-021  6.123420e-017
    outer loop
      vertex  2.961435e-017  2.362706e-001  4.836391e-001
      vertex  3.023655e-017  2.210633e-001  4.938003e-001
      vertex  2.997130e-017  2.291674e-001  4.894685e-001
    endloop
  endfacet
  facet normal -1.000000e+000 -9.595578e-023  6.123220e-017
    outer loop
      vertex  3.039988e-017  2.122699e-001  4.964677e-001
      vertex  3.023655e-017  2.210633e-001  4.938003e-001
      vertex  2.961435e-017  2.362706e-001  4.836391e-001
    endloop
  endfacet
  facet normal -1.000000e+000 -4.637956e-022  6.123151e-017
    outer loop
      vertex  3.039988e-017  2.122699e-001  4.964677e-001
      vertex  2.961435e-017  2.362706e-001  4.836391e-001
      vertex  2.917940e-017  2.421001e-001  4.765358e-001
    endloop
  endfacet
  facet normal -1.000000e+000  3.938766e-022  6.123279e-017
    outer loop
      vertex  3.039988e-017  2.122699e-001  4.964677e-001
      vertex  2.917940e-017  2.421001e-001  4.765358e-001
      vertex  2.868317e-017  2.464319e-001  4.684317e-001
    endloop
  endfacet
  facet normal -9.999999e-001 -1.519974e-022  6.123212e-017
    outer loop
      vertex  3.039988e-017  2.122699e-001  4.964677e-001
      vertex  2.868317e-017  2.464319e-001  4.684317e-001
      vertex  2.814473e-017  2.490993e-001  4.596383e-001
    endloop
  endfacet
  facet normal -1.000000e+000  2.459106e-022  6.123253e-017
    outer loop
      vertex  3.039988e-017  2.122699e-001  4.964677e-001
      vertex  2.814473e-017  2.490993e-001  4.596383e-001
      vertex  2.758477e-017  2.500000e-001  4.504934e-001
    endloop
  endfacet
  facet normal -1.000000e+000  1.806874e-023  6.123234e-017
    outer loop
      vertex  3.039988e-017  2.122699e-001  4.964677e-001
      vertex  2.758477e-017  2.500000e-001  4.504934e-001
      vertex  4.783777e-018  2.500000e-001  7.812500e-002
    endloop
  endfacet
  facet normal -1.000000e+000  0.000000e+000  6.123234e-017
    outer loop
      vertex  3.039988e-017  2.122699e-001  4.964677e-001
      vertex  4.783777e-018  2.500000e-001  7.812500e-002
      vertex  4.783777e-018 -2.500000e-001  7.812500e-002
    endloop
  endfacet
  facet normal -1.000000e+000 -2.470993e-015  2.791686e-015
    outer loop
      vertex  3.039988e-017  2.122699e-001  4.964677e-001
      vertex  4.783777e-018 -2.500000e-001  7.812500e-002
      vertex  5.551115e-017  2.031250e-001  4.973684e-001
    endloop
  endfacet
  facet normal  0.000000e+000 -1.000000e+000  -0.000000e+000
    outer loop
      vertex  3.789474e-001 -2.500000e-001  4.973684e-001
      vertex  3.045503e-017 -2.500000e-001  4.973684e-001
      vertex  4.783777e-018 -2.500000e-001  7.812500e-002
    endloop
  endfacet
  facet normal  0.000000e+000 -1.000000e+000  0.000000e+000
    outer loop
      vertex  3.789474e-001 -2.500000e-001  4.973684e-001
      vertex  4.783777e-018 -2.500000e-001  7.812500e-002
      vertex  1.501150e-003 -2.500000e-001  6.288357e-002
    endloop
  endfacet
  facet normal  0.000000e+000 -1.000000e+000  0.000000e+000
    outer loop
      vertex  3.789474e-001 -2.500000e-001  4.973684e-001
      vertex  1.501150e-003 -2.500000e-001  6.288357e-002
      vertex  5.946911e-003 -2.500000e-001  4.822786e-002
    endloop
  endfacet
  facet normal  0.000000e+000 -1.000000e+000  0.000000e+000
    outer loop
      vertex  3.789474e-001 -2.500000e-001  4.973684e-001
      vertex  5.946911e-003 -2.500000e-001  4.822786e-002
      vertex  1.316644e-002 -2.500000e-001  3.472108e-002
    endloop
  endfacet
  facet normal  0.000000e+000 -1.000000e+000  0.000000e+000
    outer loop
      vertex  3.789474e-001 -2.500000e-001  4.973684e-001
      vertex  1.316644e-002 -2.500000e-001  3.472108e-002
      vertex  2.288228e-002 -2.500000e-001  2.288228e-002
    endloop
  endfacet
  facet normal  0.000000e+000 -1.000000e+000  0.000000e+000
    outer loop
      vertex  3.789474e-001 -2.500000e-001  4.973684e-001
      vertex  2.288228e-002 -2.500000e-001  2.288228e-002
      vertex  3.472108e-002 -2.500000e-001  1.316644e-002
    endloop
  endfacet
  facet normal  0.000000e+000 -1.000000e+000  0.000000e+000
    outer loop
      vertex  3.789474e-001 -2.500000e-001  4.973684e-001
      vertex  3.472108e-002 -2.500000e-001  1.316644e-002
      vertex  4.822786e-002 -2.500000e-001  5.946911e-003
    endloop
  endfacet
  facet normal  0.000000e+000 -1.000000e+000  0.000000e+000
    outer loop
      vertex  3.789474e-001 -2.500000e-001  4.973684e-001
      vertex  4.822786e-002 -2.500000e-001  5.946911e-003
      vertex  6.288357e-002 -2.500000e-001  1.501150e-003
    endloop
  endfacet
  facet normal  0.000000e+000 -1.000000e+000  0.000000e+000
    outer loop
      vertex  3.789474e-001 -2.500000e-001  4.973684e-001
      vertex  6.288357e-002 -2.500000e-001  1.501150e-003
      vertex  7.812500e-002 -2.500000e-001 -4.783777e-018
    endloop
  endfacet
  facet normal  0.000000e+000 -1.000000e+000  0.000000e+000
    outer loop
      vertex  3.789474e-001 -2.500000e-001  4.973684e-001
      vertex  7.812500e-002 -2.500000e-001 -4.783777e-018
      vertex  7.500000e-001 -2.500000e-001 -4.592425e-017
    endloop
  endfacet
  facet normal -6.123234e-017  -0.000000e+000 -1.000000e+000
    outer loop
      vertex  7.812500e-002 -2.500000e-001 -4.783777e-018
      vertex  7.812500e-002  2.500000e-001 -4.783777e-018
      vertex  7.500000e-001 -2.500000e-001 -4.592425e-017
    endloop
  endfacet
  facet normal -6.123234e-017  0.000000e+000 -1.000000e+000
    outer loop
      vertex  7.500000e-001 -2.500000e-001 -4.592425e-017
      vertex  7.812500e-002  2.500000e-001 -4.783777e-018
      vertex  7.500000e-001  2.500000e-001 -4.592425e-017
    endloop
  endfacet
  facet normal -9.801715e-002  0.000000e+000 -9.951847e-001
    outer loop
      vertex  7.812500e-002  2.500000e-001 -4.783777e-018
      vertex  7.812500e-002 -2.500000e-001 -4.783777e-018
      vertex  6.288357e-002  2.500000e-001  1.501150e-003
    endloop
  endfacet
  facet normal -9.801715e-002  -0.000000e+000 -9.951847e-001
    outer loop
      vertex  6.288357e-002  2.500000e-001  1.501150e-003
      vertex  7.812500e-002 -2.500000e-001 -4.783777e-018
      vertex  6.288357e-002 -2.500000e-001  1.501150e-003
    endloop
  endfacet
  facet normal -2.902847e-001  0.000000e+000 -9.569404e-001
    outer loop
      vertex  6.288357e-002  2.500000e-001  1.501150e-003
      vertex  6.288357e-002 -2.500000e-001  1.501150e-003
      vertex  4.822786e-002  2.500000e-001  5.946911e-003
    endloop
  endfacet
  facet normal -2.902847e-001  -0.000000e+000 -9.569404e-001
    outer loop
      vertex  4.822786e-002  2.500000e-001  5.946911e-003
      vertex  6.288357e-002 -2.500000e-001  1.501150e-003
      vertex  4.822786e-002 -2.500000e-001  5.946911e-003
    endloop
  endfacet
  facet normal -4.713967e-001  0.000000e+000 -8.819212e-001
    outer loop
      vertex  4.822786e-002  2.500000e-001  5.946911e-003
      vertex  4.822786e-002 -2.500000e-001  5.946911e-003
      vertex  3.472108e-002  2.500000e-001  1.316644e-002
    endloop
  endfacet
  facet normal -4.713967e-001  -0.000000e+000 -8.819212e-001
    outer loop
      vertex  3.472108e-002  2.500000e-001  1.316644e-002
      vertex  4.822786e-002 -2.500000e-001  5.946911e-003
      vertex  3.472108e-002 -2.500000e-001  1.316644e-002
    endloop
  endfacet
  facet normal -6.343932e-001  0.000000e+000 -7.730105e-001
    outer loop
      vertex  3.472108e-002  2.500000e-001  1.316644e-002
      vertex  3.472108e-002 -2.500000e-001  1.316644e-002
      vertex  2.288228e-002  2.500000e-001  2.288228e-002
    endloop
  endfacet
  facet normal -6.343932e-001  -0.000000e+000 -7.730105e-001
    outer loop
      vertex  2.288228e-002  2.500000e-001  2.288228e-002
      vertex  3.472108e-002 -2.500000e-001  1.316644e-002
      vertex  2.288228e-002 -2.500000e-001  2.288228e-002
    endloop
  endfacet
  facet normal -7.730105e-001  0.000000e+000 -6.343932e-001
    outer loop
      vertex  2.288228e-002  2.500000e-001  2.288228e-002
      vertex  2.288228e-002 -2.500000e-001  2.288228e-002
      vertex  1.316644e-002  2.500000e-001  3.472108e-002
    endloop
  endfacet
  facet normal -7.730105e-001  -0.000000e+000 -6.343932e-001
    outer loop
      vertex  1.316644e-002  2.500000e-001  3.472108e-002
      vertex  2.288228e-002 -2.500000e-001  2.288228e-002
      vertex  1.316644e-002 -2.500000e-001  3.472108e-002
    endloop
  endfacet
  facet normal -8.819212e-001  0.000000e+000 -4.713967e-001
    outer loop
      vertex  1.316644e-002  2.500000e-001  3.472108e-002
      vertex  1.316644e-002 -2.500000e-001  3.472108e-002
      vertex  5.946911e-003  2.500000e-001  4.822786e-002
    endloop
  endfacet
  facet normal -8.819212e-001  -0.000000e+000 -4.713967e-001
    outer loop
      vertex  5.946911e-003  2.500000e-001  4.822786e-002
      vertex  1.316644e-002 -2.500000e-001  3.472108e-002
      vertex  5.946911e-003 -2.500000e-001  4.822786e-002
    endloop
  endfacet
  facet normal -9.569404e-001  0.000000e+000 -2.902847e-001
    outer loop
      vertex  5.946911e-003  2.500000e-001  4.822786e-002
      vertex  5.946911e-003 -2.500000e-001  4.822786e-002
      vertex  1.501150e-003  2.500000e-001  6.288357e-002
    endloop
  endfacet
  facet normal -9.569404e-001  -0.000000e+000 -2.902847e-001
    outer loop
      vertex  1.501150e-003  2.500000e-001  6.288357e-002
      vertex  5.946911e-003 -2.500000e-001  4.822786e-002
      vertex  1.501150e-003 -2.500000e-001  6.288357e-002
    endloop
  endfacet
  facet normal -9.951847e-001  0.000000e+000 -9.801715e-002
    outer loop
      vertex  1.501150e-003  2.500000e-001  6.288357e-002
      vertex  1.501150e-003 -2.500000e-001  6.288357e-002
      vertex  4.783777e-018  2.500000e-001  7.812500e-002
    endloop
  endfacet
  facet normal -9.951847e-001  -0.000000e+000 -9.801715e-002
    outer loop
      vertex  4.783777e-018  2.500000e-001  7.812500e-002
      vertex  1.501150e-003 -2.500000e-001  6.288357e-002
      vertex  4.783777e-018 -2.500000e-001  7.812500e-002
    endloop
  endfacet
  facet normal  -0.000000e+000  0.000000e+000  1.000000e+000
    outer loop
      vertex  3.789474e-001  2.031250e-001  4.973684e-001
      vertex  5.551115e-017  2.031250e-001  4.973684e-001
      vertex  3.789474e-001 -2.500000e-001  4.973684e-001
    endloop
  endfacet
  facet normal  0.000000e+000  0.000000e+000  1.000000e+000
    outer loop
      vertex  3.789474e-001 -2.500000e-001  4.973684e-001
      vertex  5.551115e-017  2.031250e-001  4.973684e-001
      vertex  3.045503e-017 -2.500000e-001  4.973684e-001
    endloop
  endfacet
  facet normal  8.015183e-001  2.866151e-006  5.979702e-001
    outer loop
      vertex  3.789474e-001  2.031250e-001  4.973684e-001
      vertex  3.806656e-001  2.176378e-001  4.950652e-001
      vertex  3.793797e-001  2.104730e-001  4.967889e-001
    endloop
  endfacet
  facet normal  8.015241e-001  -0.000000e+000  5.979624e-001
    outer loop
      vertex  3.789474e-001 -2.500000e-001  4.973684e-001
      vertex  7.500000e-001 -2.500000e-001 -4.592425e-017
      vertex  7.500000e-001  2.500000e-001 -4.592425e-017
    endloop
  endfacet
  facet normal  8.015241e-001  2.314432e-008  5.979624e-001
    outer loop
      vertex  3.789474e-001 -2.500000e-001  4.973684e-001
      vertex  7.500000e-001  2.500000e-001 -4.592425e-017
      vertex  4.139176e-001  2.500000e-001  4.504934e-001
    endloop
  endfacet
  facet normal  8.015252e-001 -1.821250e-007  5.979610e-001
    outer loop
      vertex  3.789474e-001 -2.500000e-001  4.973684e-001
      vertex  4.139176e-001  2.500000e-001  4.504934e-001
      vertex  4.081828e-001  2.493654e-001  4.581805e-001
    endloop
  endfacet
  facet normal  8.015231e-001  1.557743e-007  5.979638e-001
    outer loop
      vertex  3.789474e-001 -2.500000e-001  4.973684e-001
      vertex  4.081828e-001  2.493654e-001  4.581805e-001
      vertex  4.021993e-001  2.472855e-001  4.662010e-001
    endloop
  endfacet
  facet normal  8.015239e-001  4.256819e-008  5.979626e-001
    outer loop
      vertex  3.789474e-001 -2.500000e-001  4.973684e-001
      vertex  4.021993e-001  2.472855e-001  4.662010e-001
      vertex  3.964376e-001  2.437191e-001  4.739240e-001
    endloop
  endfacet
  facet normal  8.015254e-001 -9.435111e-008  5.979608e-001
    outer loop
      vertex  3.789474e-001 -2.500000e-001  4.973684e-001
      vertex  3.964376e-001  2.437191e-001  4.739240e-001
      vertex  3.911247e-001  2.386754e-001  4.810456e-001
    endloop
  endfacet
  facet normal  8.015198e-001  2.877682e-007  5.979681e-001
    outer loop
      vertex  3.789474e-001 -2.500000e-001  4.973684e-001
      vertex  3.911247e-001  2.386754e-001  4.810456e-001
      vertex  3.891191e-001  2.361754e-001  4.837340e-001
    endloop
  endfacet
  facet normal  8.015259e-001 -6.225017e-008  5.979601e-001
    outer loop
      vertex  3.789474e-001 -2.500000e-001  4.973684e-001
      vertex  3.891191e-001  2.361754e-001  4.837340e-001
      vertex  3.856002e-001  2.306296e-001  4.884508e-001
    endloop
  endfacet
  facet normal  8.015222e-001  7.727027e-008  5.979649e-001
    outer loop
      vertex  3.789474e-001 -2.500000e-001  4.973684e-001
      vertex  3.856002e-001  2.306296e-001  4.884508e-001
      vertex  3.827590e-001  2.244060e-001  4.922592e-001
    endloop
  endfacet
  facet normal  8.015246e-001  2.415170e-008  5.979618e-001
    outer loop
      vertex  3.789474e-001 -2.500000e-001  4.973684e-001
      vertex  3.827590e-001  2.244060e-001  4.922592e-001
      vertex  3.806656e-001  2.176378e-001  4.950652e-001
    endloop
  endfacet
  facet normal  8.015270e-001  0.000000e+000  5.979586e-001
    outer loop
      vertex  3.789474e-001 -2.500000e-001  4.973684e-001
      vertex  3.806656e-001  2.176378e-001  4.950652e-001
      vertex  3.789474e-001  2.031250e-001  4.973684e-001
    endloop
  endfacet
  facet normal -3.782706e-004  9.801670e-002  9.951847e-001
    outer loop
      vertex  5.551115e-017  2.031250e-001  4.973684e-001
      vertex  3.793797e-001  2.104730e-001  4.967889e-001
      vertex  3.039988e-017  2.122699e-001  4.964677e-001
    endloop
  endfacet
  facet normal  0.000000e+000  7.862202e-002  9.969046e-001
    outer loop
      vertex  5.551115e-017  2.031250e-001  4.973684e-001
      vertex  3.789474e-001  2.031250e-001  4.973684e-001
      vertex  3.793797e-001  2.104730e-001  4.967889e-001
    endloop
  endfacet
  facet normal  0.000000e+000  9.966097e-001  8.227387e-002
    outer loop
      vertex  2.758477e-017  2.500000e-001  4.504934e-001
      vertex  4.081828e-001  2.493654e-001  4.581805e-001
      vertex  4.139176e-001  2.500000e-001  4.504934e-001
    endloop
  endfacet
  facet normal -2.986937e-004  9.951847e-001  9.801686e-002
    outer loop
      vertex  2.758477e-017  2.500000e-001  4.504934e-001
      vertex  2.814473e-017  2.490993e-001  4.596383e-001
      vertex  4.081828e-001  2.493654e-001  4.581805e-001
    endloop
  endfacet
  facet normal  2.661784e-004  9.679330e-001  2.512084e-001
    outer loop
      vertex  4.021993e-001  2.472855e-001  4.662010e-001
      vertex  4.081828e-001  2.493654e-001  4.581805e-001
      vertex  2.814473e-017  2.490993e-001  4.596383e-001
    endloop
  endfacet
  facet normal -4.209964e-004  9.569404e-001  2.902841e-001
    outer loop
      vertex  2.814473e-017  2.490993e-001  4.596383e-001
      vertex  2.868317e-017  2.464319e-001  4.684317e-001
      vertex  4.021993e-001  2.472855e-001  4.662010e-001
    endloop
  endfacet
  facet normal  3.999976e-004  9.077603e-001  4.194890e-001
    outer loop
      vertex  3.964376e-001  2.437191e-001  4.739240e-001
      vertex  4.021993e-001  2.472855e-001  4.662010e-001
      vertex  2.868317e-017  2.464319e-001  4.684317e-001
    endloop
  endfacet
  facet normal -4.959774e-004  8.819205e-001  4.713979e-001
    outer loop
      vertex  2.868317e-017  2.464319e-001  4.684317e-001
      vertex  2.917940e-017  2.421001e-001  4.765358e-001
      vertex  3.964376e-001  2.437191e-001  4.739240e-001
    endloop
  endfacet
  facet normal  4.772452e-004  8.158964e-001  5.781979e-001
    outer loop
      vertex  3.911247e-001  2.386754e-001  4.810456e-001
      vertex  3.964376e-001  2.437191e-001  4.739240e-001
      vertex  2.917940e-017  2.421001e-001  4.765358e-001
    endloop
  endfacet
  facet normal -5.461981e-004  7.730117e-001  6.343916e-001
    outer loop
      vertex  2.917940e-017  2.421001e-001  4.765358e-001
      vertex  2.961435e-017  2.362706e-001  4.836391e-001
      vertex  3.911247e-001  2.386754e-001  4.810456e-001
    endloop
  endfacet
  facet normal  1.308153e-005  7.322969e-001  6.809855e-001
    outer loop
      vertex  3.911247e-001  2.386754e-001  4.810456e-001
      vertex  2.961435e-017  2.362706e-001  4.836391e-001
      vertex  3.891191e-001  2.361754e-001  4.837340e-001
    endloop
  endfacet
  facet normal -2.728440e-005  6.478873e-001  7.617362e-001
    outer loop
      vertex  3.856002e-001  2.306296e-001  4.884508e-001
      vertex  3.891191e-001  2.361754e-001  4.837340e-001
      vertex  2.961435e-017  2.362706e-001  4.836391e-001
    endloop
  endfacet
  facet normal -3.654231e-004  6.343914e-001  7.730119e-001
    outer loop
      vertex  2.961435e-017  2.362706e-001  4.836391e-001
      vertex  2.997130e-017  2.291674e-001  4.894685e-001
      vertex  3.856002e-001  2.306296e-001  4.884508e-001
    endloop
  endfacet
  facet normal  2.724458e-004  5.218726e-001  8.530234e-001
    outer loop
      vertex  3.827590e-001  2.244060e-001  4.922592e-001
      vertex  3.856002e-001  2.306296e-001  4.884508e-001
      vertex  2.997130e-017  2.291674e-001  4.894685e-001
    endloop
  endfacet
  facet normal -5.661126e-004  4.713985e-001  8.819202e-001
    outer loop
      vertex  2.997130e-017  2.291674e-001  4.894685e-001
      vertex  3.023655e-017  2.210633e-001  4.938003e-001
      vertex  3.827590e-001  2.244060e-001  4.922592e-001
    endloop
  endfacet
  facet normal  3.756155e-004  3.828740e-001  9.238005e-001
    outer loop
      vertex  3.827590e-001  2.244060e-001  4.922592e-001
      vertex  3.023655e-017  2.210633e-001  4.938003e-001
      vertex  3.806656e-001  2.176378e-001  4.950652e-001
    endloop
  endfacet
  facet normal -5.676856e-004  2.902845e-001  9.569401e-001
    outer loop
      vertex  3.806656e-001  2.176378e-001  4.950652e-001
      vertex  3.023655e-017  2.210633e-001  4.938003e-001
      vertex  3.039988e-017  2.122699e-001  4.964677e-001
    endloop
  endfacet
  facet normal  2.845174e-004  2.338566e-001  9.722710e-001
    outer loop
      vertex  3.806656e-001  2.176378e-001  4.950652e-001
      vertex  3.039988e-017  2.122699e-001  4.964677e-001
      vertex  3.793797e-001  2.104730e-001  4.967889e-001
    endloop
  endfacet
endsolid CATIA STL
