solid CATIA STL
  facet normal  0.000000e+000  0.000000e+000 -1.000000e+000
    outer loop
      vertex  1.171875e-001 -7.500000e-001  0.000000e+000
      vertex  1.171875e-001  0.000000e+000  0.000000e+000
      vertex  4.973684e-001 -7.500000e-001  0.000000e+000
    endloop
  endfacet
  facet normal  0.000000e+000  0.000000e+000 -1.000000e+000
    outer loop
      vertex  4.973684e-001 -7.500000e-001  0.000000e+000
      vertex  1.171875e-001  0.000000e+000  0.000000e+000
      vertex  4.973684e-001  0.000000e+000  0.000000e+000
    endloop
  endfacet
  facet normal -1.000000e+000  0.000000e+000  0.000000e+000
    outer loop
      vertex  0.000000e+000  0.000000e+000  6.250000e-001
      vertex  0.000000e+000  0.000000e+000  1.171875e-001
      vertex  0.000000e+000 -7.500000e-001  6.250000e-001
    endloop
  endfacet
  facet normal -1.000000e+000  0.000000e+000  0.000000e+000
    outer loop
      vertex  0.000000e+000 -7.500000e-001  6.250000e-001
      vertex  0.000000e+000  0.000000e+000  1.171875e-001
      vertex  0.000000e+000 -7.500000e-001  1.171875e-001
    endloop
  endfacet
  facet normal  0.000000e+000  1.000000e+000  0.000000e+000
    outer loop
      vertex  1.171875e-001  0.000000e+000  0.000000e+000
      vertex  9.432536e-002  0.000000e+000  2.251725e-003
      vertex  4.973684e-001  0.000000e+000  0.000000e+000
    endloop
  endfacet
  facet normal  -0.000000e+000  1.000000e+000  0.000000e+000
    outer loop
      vertex  0.000000e+000  0.000000e+000  1.171875e-001
      vertex  0.000000e+000  0.000000e+000  6.250000e-001
      vertex  4.973684e-001  0.000000e+000  6.250000e-001
    endloop
  endfacet
  facet normal  0.000000e+000  1.000000e+000  0.000000e+000
    outer loop
      vertex  0.000000e+000  0.000000e+000  1.171875e-001
      vertex  4.973684e-001  0.000000e+000  6.250000e-001
      vertex  4.973684e-001  0.000000e+000  0.000000e+000
    endloop
  endfacet
  facet normal  0.000000e+000  1.000000e+000  0.000000e+000
    outer loop
      vertex  0.000000e+000  0.000000e+000  1.171875e-001
      vertex  4.973684e-001  0.000000e+000  0.000000e+000
      vertex  9.432536e-002  0.000000e+000  2.251725e-003
    endloop
  endfacet
  facet normal  0.000000e+000  9.999999e-001  0.000000e+000
    outer loop
      vertex  0.000000e+000  0.000000e+000  1.171875e-001
      vertex  9.432536e-002  0.000000e+000  2.251725e-003
      vertex  7.234178e-002  0.000000e+000  8.920367e-003
    endloop
  endfacet
  facet normal  0.000000e+000  1.000000e+000  0.000000e+000
    outer loop
      vertex  0.000000e+000  0.000000e+000  1.171875e-001
      vertex  7.234178e-002  0.000000e+000  8.920367e-003
      vertex  5.208161e-002  0.000000e+000  1.974965e-002
    endloop
  endfacet
  facet normal  0.000000e+000  9.999999e-001  0.000000e+000
    outer loop
      vertex  0.000000e+000  0.000000e+000  1.171875e-001
      vertex  5.208161e-002  0.000000e+000  1.974965e-002
      vertex  3.432342e-002  0.000000e+000  3.432342e-002
    endloop
  endfacet
  facet normal  0.000000e+000  1.000000e+000  0.000000e+000
    outer loop
      vertex  0.000000e+000  0.000000e+000  1.171875e-001
      vertex  3.432342e-002  0.000000e+000  3.432342e-002
      vertex  1.974965e-002  0.000000e+000  5.208161e-002
    endloop
  endfacet
  facet normal  0.000000e+000  1.000000e+000  0.000000e+000
    outer loop
      vertex  0.000000e+000  0.000000e+000  1.171875e-001
      vertex  1.974965e-002  0.000000e+000  5.208161e-002
      vertex  8.920367e-003  0.000000e+000  7.234178e-002
    endloop
  endfacet
  facet normal  0.000000e+000  9.999999e-001  0.000000e+000
    outer loop
      vertex  0.000000e+000  0.000000e+000  1.171875e-001
      vertex  8.920367e-003  0.000000e+000  7.234178e-002
      vertex  2.251725e-003  0.000000e+000  9.432536e-002
    endloop
  endfacet
  facet normal  0.000000e+000 -9.999999e-001  0.000000e+000
    outer loop
      vertex  0.000000e+000 -7.500000e-001  1.171875e-001
      vertex  2.251725e-003 -7.500000e-001  9.432536e-002
      vertex  8.920367e-003 -7.500000e-001  7.234178e-002
    endloop
  endfacet
  facet normal  0.000000e+000 -1.000000e+000  0.000000e+000
    outer loop
      vertex  0.000000e+000 -7.500000e-001  1.171875e-001
      vertex  8.920367e-003 -7.500000e-001  7.234178e-002
      vertex  1.974965e-002 -7.500000e-001  5.208161e-002
    endloop
  endfacet
  facet normal  0.000000e+000 -1.000000e+000  0.000000e+000
    outer loop
      vertex  0.000000e+000 -7.500000e-001  1.171875e-001
      vertex  1.974965e-002 -7.500000e-001  5.208161e-002
      vertex  3.432342e-002 -7.500000e-001  3.432342e-002
    endloop
  endfacet
  facet normal  0.000000e+000 -9.999999e-001  0.000000e+000
    outer loop
      vertex  0.000000e+000 -7.500000e-001  1.171875e-001
      vertex  3.432342e-002 -7.500000e-001  3.432342e-002
      vertex  5.208161e-002 -7.500000e-001  1.974965e-002
    endloop
  endfacet
  facet normal  0.000000e+000 -1.000000e+000  0.000000e+000
    outer loop
      vertex  0.000000e+000 -7.500000e-001  1.171875e-001
      vertex  5.208161e-002 -7.500000e-001  1.974965e-002
      vertex  7.234178e-002 -7.500000e-001  8.920367e-003
    endloop
  endfacet
  facet normal  0.000000e+000 -9.999999e-001  0.000000e+000
    outer loop
      vertex  0.000000e+000 -7.500000e-001  1.171875e-001
      vertex  7.234178e-002 -7.500000e-001  8.920367e-003
      vertex  9.432536e-002 -7.500000e-001  2.251725e-003
    endloop
  endfacet
  facet normal  0.000000e+000 -1.000000e+000  0.000000e+000
    outer loop
      vertex  0.000000e+000 -7.500000e-001  1.171875e-001
      vertex  9.432536e-002 -7.500000e-001  2.251725e-003
      vertex  1.171875e-001 -7.500000e-001  0.000000e+000
    endloop
  endfacet
  facet normal  0.000000e+000 -1.000000e+000  0.000000e+000
    outer loop
      vertex  0.000000e+000 -7.500000e-001  1.171875e-001
      vertex  1.171875e-001 -7.500000e-001  0.000000e+000
      vertex  4.973684e-001 -7.500000e-001  0.000000e+000
    endloop
  endfacet
  facet normal  0.000000e+000 -1.000000e+000  0.000000e+000
    outer loop
      vertex  0.000000e+000 -7.500000e-001  1.171875e-001
      vertex  4.973684e-001 -7.500000e-001  0.000000e+000
      vertex  4.973684e-001 -7.500000e-001  6.250000e-001
    endloop
  endfacet
  facet normal  -0.000000e+000 -1.000000e+000  0.000000e+000
    outer loop
      vertex  0.000000e+000 -7.500000e-001  1.171875e-001
      vertex  4.973684e-001 -7.500000e-001  6.250000e-001
      vertex  0.000000e+000 -7.500000e-001  6.250000e-001
    endloop
  endfacet
  facet normal -9.801716e-002  0.000000e+000 -9.951847e-001
    outer loop
      vertex  1.171875e-001  0.000000e+000  0.000000e+000
      vertex  1.171875e-001 -7.500000e-001  0.000000e+000
      vertex  9.432536e-002  0.000000e+000  2.251725e-003
    endloop
  endfacet
  facet normal -9.801716e-002  -0.000000e+000 -9.951847e-001
    outer loop
      vertex  9.432536e-002  0.000000e+000  2.251725e-003
      vertex  1.171875e-001 -7.500000e-001  0.000000e+000
      vertex  9.432536e-002 -7.500000e-001  2.251725e-003
    endloop
  endfacet
  facet normal -2.902846e-001  0.000000e+000 -9.569404e-001
    outer loop
      vertex  9.432536e-002  0.000000e+000  2.251725e-003
      vertex  9.432536e-002 -7.500000e-001  2.251725e-003
      vertex  7.234178e-002  0.000000e+000  8.920367e-003
    endloop
  endfacet
  facet normal -2.902846e-001  -0.000000e+000 -9.569404e-001
    outer loop
      vertex  7.234178e-002  0.000000e+000  8.920367e-003
      vertex  9.432536e-002 -7.500000e-001  2.251725e-003
      vertex  7.234178e-002 -7.500000e-001  8.920367e-003
    endloop
  endfacet
  facet normal -4.713968e-001  0.000000e+000 -8.819213e-001
    outer loop
      vertex  7.234178e-002  0.000000e+000  8.920367e-003
      vertex  7.234178e-002 -7.500000e-001  8.920367e-003
      vertex  5.208161e-002  0.000000e+000  1.974965e-002
    endloop
  endfacet
  facet normal -4.713968e-001  -0.000000e+000 -8.819213e-001
    outer loop
      vertex  5.208161e-002  0.000000e+000  1.974965e-002
      vertex  7.234178e-002 -7.500000e-001  8.920367e-003
      vertex  5.208161e-002 -7.500000e-001  1.974965e-002
    endloop
  endfacet
  facet normal -6.343933e-001  0.000000e+000 -7.730104e-001
    outer loop
      vertex  5.208161e-002  0.000000e+000  1.974965e-002
      vertex  5.208161e-002 -7.500000e-001  1.974965e-002
      vertex  3.432342e-002  0.000000e+000  3.432342e-002
    endloop
  endfacet
  facet normal -6.343933e-001  -0.000000e+000 -7.730104e-001
    outer loop
      vertex  3.432342e-002  0.000000e+000  3.432342e-002
      vertex  5.208161e-002 -7.500000e-001  1.974965e-002
      vertex  3.432342e-002 -7.500000e-001  3.432342e-002
    endloop
  endfacet
  facet normal -7.730104e-001  0.000000e+000 -6.343933e-001
    outer loop
      vertex  3.432342e-002  0.000000e+000  3.432342e-002
      vertex  3.432342e-002 -7.500000e-001  3.432342e-002
      vertex  1.974965e-002  0.000000e+000  5.208161e-002
    endloop
  endfacet
  facet normal -7.730104e-001  -0.000000e+000 -6.343933e-001
    outer loop
      vertex  1.974965e-002  0.000000e+000  5.208161e-002
      vertex  3.432342e-002 -7.500000e-001  3.432342e-002
      vertex  1.974965e-002 -7.500000e-001  5.208161e-002
    endloop
  endfacet
  facet normal -8.819213e-001  0.000000e+000 -4.713968e-001
    outer loop
      vertex  1.974965e-002  0.000000e+000  5.208161e-002
      vertex  1.974965e-002 -7.500000e-001  5.208161e-002
      vertex  8.920367e-003  0.000000e+000  7.234178e-002
    endloop
  endfacet
  facet normal -8.819213e-001  -0.000000e+000 -4.713968e-001
    outer loop
      vertex  8.920367e-003  0.000000e+000  7.234178e-002
      vertex  1.974965e-002 -7.500000e-001  5.208161e-002
      vertex  8.920367e-003 -7.500000e-001  7.234178e-002
    endloop
  endfacet
  facet normal -9.569404e-001  0.000000e+000 -2.902846e-001
    outer loop
      vertex  8.920367e-003  0.000000e+000  7.234178e-002
      vertex  8.920367e-003 -7.500000e-001  7.234178e-002
      vertex  2.251725e-003  0.000000e+000  9.432536e-002
    endloop
  endfacet
  facet normal -9.569404e-001  -0.000000e+000 -2.902846e-001
    outer loop
      vertex  2.251725e-003  0.000000e+000  9.432536e-002
      vertex  8.920367e-003 -7.500000e-001  7.234178e-002
      vertex  2.251725e-003 -7.500000e-001  9.432536e-002
    endloop
  endfacet
  facet normal -9.951847e-001  0.000000e+000 -9.801716e-002
    outer loop
      vertex  2.251725e-003  0.000000e+000  9.432536e-002
      vertex  2.251725e-003 -7.500000e-001  9.432536e-002
      vertex  0.000000e+000  0.000000e+000  1.171875e-001
    endloop
  endfacet
  facet normal -9.951847e-001  -0.000000e+000 -9.801716e-002
    outer loop
      vertex  0.000000e+000  0.000000e+000  1.171875e-001
      vertex  2.251725e-003 -7.500000e-001  9.432536e-002
      vertex  0.000000e+000 -7.500000e-001  1.171875e-001
    endloop
  endfacet
  facet normal  0.000000e+000  0.000000e+000  1.000000e+000
    outer loop
      vertex  0.000000e+000 -7.500000e-001  6.250000e-001
      vertex  4.973684e-001 -7.500000e-001  6.250000e-001
      vertex  0.000000e+000  0.000000e+000  6.250000e-001
    endloop
  endfacet
  facet normal  -0.000000e+000  0.000000e+000  1.000000e+000
    outer loop
      vertex  0.000000e+000  0.000000e+000  6.250000e-001
      vertex  4.973684e-001 -7.500000e-001  6.250000e-001
      vertex  4.973684e-001  0.000000e+000  6.250000e-001
    endloop
  endfacet
  facet normal  1.000000e+000  0.000000e+000  0.000000e+000
    outer loop
      vertex  4.973684e-001 -7.500000e-001  6.250000e-001
      vertex  4.973684e-001 -7.500000e-001  0.000000e+000
      vertex  4.973684e-001  0.000000e+000  6.250000e-001
    endloop
  endfacet
  facet normal  1.000000e+000  0.000000e+000  0.000000e+000
    outer loop
      vertex  4.973684e-001  0.000000e+000  6.250000e-001
      vertex  4.973684e-001 -7.500000e-001  0.000000e+000
      vertex  4.973684e-001  0.000000e+000  0.000000e+000
    endloop
  endfacet
endsolid CATIA STL
