solid CATIA STL
  facet normal  0.000000e+000 -9.999999e-001  0.000000e+000
    outer loop
      vertex -2.217928e-001 -7.500000e-001  2.217928e-001
      vertex -2.217928e-001 -7.500000e-001 -2.217928e-001
      vertex  2.217928e-001 -7.500000e-001 -2.217928e-001
    endloop
  endfacet
  facet normal  0.000000e+000 -1.000000e+000  0.000000e+000
    outer loop
      vertex -2.217928e-001 -7.500000e-001  2.217928e-001
      vertex  2.217928e-001 -7.500000e-001 -2.217928e-001
      vertex  2.217928e-001 -7.500000e-001  8.116776e-002
    endloop
  endfacet
  facet normal  0.000000e+000 -1.000000e+000  0.000000e+000
    outer loop
      vertex -2.217928e-001 -7.500000e-001  2.217928e-001
      vertex  2.217928e-001 -7.500000e-001  8.116776e-002
      vertex  2.190907e-001 -7.500000e-001  1.086023e-001
    endloop
  endfacet
  facet normal  0.000000e+000 -1.000000e+000  0.000000e+000
    outer loop
      vertex -2.217928e-001 -7.500000e-001  2.217928e-001
      vertex  2.190907e-001 -7.500000e-001  1.086023e-001
      vertex  2.110883e-001 -7.500000e-001  1.349826e-001
    endloop
  endfacet
  facet normal  0.000000e+000 -1.000000e+000  0.000000e+000
    outer loop
      vertex -2.217928e-001 -7.500000e-001  2.217928e-001
      vertex  2.110883e-001 -7.500000e-001  1.349826e-001
      vertex  1.980932e-001 -7.500000e-001  1.592948e-001
    endloop
  endfacet
  facet normal  0.000000e+000 -1.000000e+000  0.000000e+000
    outer loop
      vertex -2.217928e-001 -7.500000e-001  2.217928e-001
      vertex  1.980932e-001 -7.500000e-001  1.592948e-001
      vertex  1.806047e-001 -7.500000e-001  1.806047e-001
    endloop
  endfacet
  facet normal  0.000000e+000 -1.000000e+000  0.000000e+000
    outer loop
      vertex -2.217928e-001 -7.500000e-001  2.217928e-001
      vertex  1.806047e-001 -7.500000e-001  1.806047e-001
      vertex  1.592948e-001 -7.500000e-001  1.980932e-001
    endloop
  endfacet
  facet normal  0.000000e+000 -1.000000e+000  0.000000e+000
    outer loop
      vertex -2.217928e-001 -7.500000e-001  2.217928e-001
      vertex  1.592948e-001 -7.500000e-001  1.980932e-001
      vertex  1.349826e-001 -7.500000e-001  2.110883e-001
    endloop
  endfacet
  facet normal  0.000000e+000 -1.000000e+000  0.000000e+000
    outer loop
      vertex -2.217928e-001 -7.500000e-001  2.217928e-001
      vertex  1.349826e-001 -7.500000e-001  2.110883e-001
      vertex  1.086023e-001 -7.500000e-001  2.190907e-001
    endloop
  endfacet
  facet normal  0.000000e+000 -9.999999e-001  0.000000e+000
    outer loop
      vertex -2.217928e-001 -7.500000e-001  2.217928e-001
      vertex  1.086023e-001 -7.500000e-001  2.190907e-001
      vertex  8.116776e-002 -7.500000e-001  2.217928e-001
    endloop
  endfacet
  facet normal -5.551115e-017  9.999999e-001 -5.551084e-017
    outer loop
      vertex -2.217928e-001  2.515349e-017  2.217928e-001
      vertex  8.116776e-002  4.197118e-017  2.217928e-001
      vertex  1.086023e-001  4.334411e-017  2.190907e-001
    endloop
  endfacet
  facet normal -5.551115e-017  1.000000e+000 -5.551120e-017
    outer loop
      vertex -2.217928e-001  2.515349e-017  2.217928e-001
      vertex  1.086023e-001  4.334411e-017  2.190907e-001
      vertex  1.349826e-001  4.436429e-017  2.110883e-001
    endloop
  endfacet
  facet normal -5.551115e-017  1.000000e+000 -5.551109e-017
    outer loop
      vertex -2.217928e-001  2.515349e-017  2.217928e-001
      vertex  1.349826e-001  4.436429e-017  2.110883e-001
      vertex  1.592948e-001  4.499251e-017  1.980932e-001
    endloop
  endfacet
  facet normal -5.551115e-017  1.000000e+000 -5.551110e-017
    outer loop
      vertex -2.217928e-001  2.515349e-017  2.217928e-001
      vertex  1.592948e-001  4.499251e-017  1.980932e-001
      vertex  1.806047e-001  4.520464e-017  1.806047e-001
    endloop
  endfacet
  facet normal -5.551116e-017  1.000000e+000 -5.551120e-017
    outer loop
      vertex -2.217928e-001  2.515349e-017  2.217928e-001
      vertex  1.806047e-001  4.520464e-017  1.806047e-001
      vertex  1.980932e-001  4.499251e-017  1.592948e-001
    endloop
  endfacet
  facet normal -5.551116e-017  1.000000e+000 -5.551119e-017
    outer loop
      vertex -2.217928e-001  2.515349e-017  2.217928e-001
      vertex  1.980932e-001  4.499251e-017  1.592948e-001
      vertex  2.110883e-001  4.436429e-017  1.349826e-001
    endloop
  endfacet
  facet normal -5.551114e-017  1.000000e+000 -5.551113e-017
    outer loop
      vertex -2.217928e-001  2.515349e-017  2.217928e-001
      vertex  2.110883e-001  4.436429e-017  1.349826e-001
      vertex  2.190907e-001  4.334411e-017  1.086023e-001
    endloop
  endfacet
  facet normal -5.551116e-017  1.000000e+000 -5.551118e-017
    outer loop
      vertex -2.217928e-001  2.515349e-017  2.217928e-001
      vertex  2.190907e-001  4.334411e-017  1.086023e-001
      vertex  2.217928e-001  4.197118e-017  8.116776e-002
    endloop
  endfacet
  facet normal -5.551115e-017  1.000000e+000 -5.551115e-017
    outer loop
      vertex -2.217928e-001  2.515349e-017  2.217928e-001
      vertex  2.217928e-001  4.197118e-017  8.116776e-002
      vertex  2.217928e-001  2.515349e-017 -2.217928e-001
    endloop
  endfacet
  facet normal -5.551115e-017  9.999999e-001 -5.551115e-017
    outer loop
      vertex -2.217928e-001  2.515349e-017  2.217928e-001
      vertex  2.217928e-001  2.515349e-017 -2.217928e-001
      vertex -2.217928e-001  5.295472e-019 -2.217928e-001
    endloop
  endfacet
  facet normal  -0.000000e+000  0.000000e+000  9.999999e-001
    outer loop
      vertex  8.116776e-002  4.197118e-017  2.217928e-001
      vertex -2.217928e-001  2.515349e-017  2.217928e-001
      vertex  8.116776e-002 -7.500000e-001  2.217928e-001
    endloop
  endfacet
  facet normal  0.000000e+000  0.000000e+000  9.999999e-001
    outer loop
      vertex  8.116776e-002 -7.500000e-001  2.217928e-001
      vertex -2.217928e-001  2.515349e-017  2.217928e-001
      vertex -2.217928e-001 -7.500000e-001  2.217928e-001
    endloop
  endfacet
  facet normal  9.999999e-001  0.000000e+000  0.000000e+000
    outer loop
      vertex  2.217928e-001  2.515349e-017 -2.217928e-001
      vertex  2.217928e-001  4.197118e-017  8.116776e-002
      vertex  2.217928e-001 -7.500000e-001 -2.217928e-001
    endloop
  endfacet
  facet normal  9.999999e-001  0.000000e+000  0.000000e+000
    outer loop
      vertex  2.217928e-001 -7.500000e-001 -2.217928e-001
      vertex  2.217928e-001  4.197118e-017  8.116776e-002
      vertex  2.217928e-001 -7.500000e-001  8.116776e-002
    endloop
  endfacet
  facet normal  9.801670e-002  -0.000000e+000  9.951848e-001
    outer loop
      vertex  8.116776e-002  4.197118e-017  2.217928e-001
      vertex  8.116776e-002 -7.500000e-001  2.217928e-001
      vertex  1.086023e-001  4.334411e-017  2.190907e-001
    endloop
  endfacet
  facet normal  9.801670e-002  0.000000e+000  9.951848e-001
    outer loop
      vertex  1.086023e-001  4.334411e-017  2.190907e-001
      vertex  8.116776e-002 -7.500000e-001  2.217928e-001
      vertex  1.086023e-001 -7.500000e-001  2.190907e-001
    endloop
  endfacet
  facet normal  2.902847e-001  -0.000000e+000  9.569404e-001
    outer loop
      vertex  1.086023e-001  4.334411e-017  2.190907e-001
      vertex  1.086023e-001 -7.500000e-001  2.190907e-001
      vertex  1.349826e-001  4.436429e-017  2.110883e-001
    endloop
  endfacet
  facet normal  2.902847e-001  0.000000e+000  9.569404e-001
    outer loop
      vertex  1.349826e-001  4.436429e-017  2.110883e-001
      vertex  1.086023e-001 -7.500000e-001  2.190907e-001
      vertex  1.349826e-001 -7.500000e-001  2.110883e-001
    endloop
  endfacet
  facet normal  4.713969e-001  -0.000000e+000  8.819212e-001
    outer loop
      vertex  1.349826e-001  4.436429e-017  2.110883e-001
      vertex  1.349826e-001 -7.500000e-001  2.110883e-001
      vertex  1.592948e-001  4.499251e-017  1.980932e-001
    endloop
  endfacet
  facet normal  4.713969e-001  0.000000e+000  8.819212e-001
    outer loop
      vertex  1.592948e-001  4.499251e-017  1.980932e-001
      vertex  1.349826e-001 -7.500000e-001  2.110883e-001
      vertex  1.592948e-001 -7.500000e-001  1.980932e-001
    endloop
  endfacet
  facet normal  6.343933e-001  -0.000000e+000  7.730103e-001
    outer loop
      vertex  1.592948e-001  4.499251e-017  1.980932e-001
      vertex  1.592948e-001 -7.500000e-001  1.980932e-001
      vertex  1.806047e-001  4.520464e-017  1.806047e-001
    endloop
  endfacet
  facet normal  6.343933e-001  0.000000e+000  7.730103e-001
    outer loop
      vertex  1.806047e-001  4.520464e-017  1.806047e-001
      vertex  1.592948e-001 -7.500000e-001  1.980932e-001
      vertex  1.806047e-001 -7.500000e-001  1.806047e-001
    endloop
  endfacet
  facet normal  7.730103e-001  -0.000000e+000  6.343933e-001
    outer loop
      vertex  1.806047e-001  4.520464e-017  1.806047e-001
      vertex  1.806047e-001 -7.500000e-001  1.806047e-001
      vertex  1.980932e-001  4.499251e-017  1.592948e-001
    endloop
  endfacet
  facet normal  7.730103e-001  0.000000e+000  6.343933e-001
    outer loop
      vertex  1.980932e-001  4.499251e-017  1.592948e-001
      vertex  1.806047e-001 -7.500000e-001  1.806047e-001
      vertex  1.980932e-001 -7.500000e-001  1.592948e-001
    endloop
  endfacet
  facet normal  8.819212e-001  -0.000000e+000  4.713969e-001
    outer loop
      vertex  1.980932e-001  4.499251e-017  1.592948e-001
      vertex  1.980932e-001 -7.500000e-001  1.592948e-001
      vertex  2.110883e-001  4.436429e-017  1.349826e-001
    endloop
  endfacet
  facet normal  8.819212e-001  0.000000e+000  4.713969e-001
    outer loop
      vertex  2.110883e-001  4.436429e-017  1.349826e-001
      vertex  1.980932e-001 -7.500000e-001  1.592948e-001
      vertex  2.110883e-001 -7.500000e-001  1.349826e-001
    endloop
  endfacet
  facet normal  9.569404e-001  -0.000000e+000  2.902847e-001
    outer loop
      vertex  2.110883e-001  4.436429e-017  1.349826e-001
      vertex  2.110883e-001 -7.500000e-001  1.349826e-001
      vertex  2.190907e-001  4.334411e-017  1.086023e-001
    endloop
  endfacet
  facet normal  9.569404e-001  0.000000e+000  2.902847e-001
    outer loop
      vertex  2.190907e-001  4.334411e-017  1.086023e-001
      vertex  2.110883e-001 -7.500000e-001  1.349826e-001
      vertex  2.190907e-001 -7.500000e-001  1.086023e-001
    endloop
  endfacet
  facet normal  9.951848e-001  -0.000000e+000  9.801670e-002
    outer loop
      vertex  2.190907e-001  4.334411e-017  1.086023e-001
      vertex  2.190907e-001 -7.500000e-001  1.086023e-001
      vertex  2.217928e-001  4.197118e-017  8.116776e-002
    endloop
  endfacet
  facet normal  9.951848e-001  0.000000e+000  9.801670e-002
    outer loop
      vertex  2.217928e-001  4.197118e-017  8.116776e-002
      vertex  2.190907e-001 -7.500000e-001  1.086023e-001
      vertex  2.217928e-001 -7.500000e-001  8.116776e-002
    endloop
  endfacet
  facet normal -1.000000e+000  0.000000e+000  0.000000e+000
    outer loop
      vertex -2.217928e-001  2.515349e-017  2.217928e-001
      vertex -2.217928e-001  5.295472e-019 -2.217928e-001
      vertex -2.217928e-001 -7.500000e-001  2.217928e-001
    endloop
  endfacet
  facet normal -1.000000e+000  0.000000e+000  0.000000e+000
    outer loop
      vertex -2.217928e-001 -7.500000e-001  2.217928e-001
      vertex -2.217928e-001  5.295472e-019 -2.217928e-001
      vertex -2.217928e-001 -7.500000e-001 -2.217928e-001
    endloop
  endfacet
  facet normal  0.000000e+000  0.000000e+000 -1.000000e+000
    outer loop
      vertex -2.217928e-001  5.295472e-019 -2.217928e-001
      vertex  2.217928e-001  2.515349e-017 -2.217928e-001
      vertex -2.217928e-001 -7.500000e-001 -2.217928e-001
    endloop
  endfacet
  facet normal  0.000000e+000  0.000000e+000 -1.000000e+000
    outer loop
      vertex -2.217928e-001 -7.500000e-001 -2.217928e-001
      vertex  2.217928e-001  2.515349e-017 -2.217928e-001
      vertex  2.217928e-001 -7.500000e-001 -2.217928e-001
    endloop
  endfacet
endsolid CATIA STL
