solid CATIA STL
  facet normal  0.000000e+000  0.000000e+000 -1.000000e+000
    outer loop
      vertex  0.000000e+000  1.250000e-001  0.000000e+000
      vertex  0.000000e+000  6.078947e-001  0.000000e+000
      vertex  7.500000e-001  1.250000e-001  0.000000e+000
    endloop
  endfacet
  facet normal  0.000000e+000  0.000000e+000 -1.000000e+000
    outer loop
      vertex  7.500000e-001  1.250000e-001  0.000000e+000
      vertex  0.000000e+000  6.078947e-001  0.000000e+000
      vertex  7.500000e-001  6.078947e-001  0.000000e+000
    endloop
  endfacet
  facet normal -1.000000e+000  -0.000000e+000  -0.000000e+000
    outer loop
      vertex  0.000000e+000  0.000000e+000  2.890625e-001
      vertex  0.000000e+000  6.078947e-001  2.890625e-001
      vertex  0.000000e+000  6.078947e-001  0.000000e+000
    endloop
  endfacet
  facet normal -1.000000e+000  0.000000e+000  0.000000e+000
    outer loop
      vertex  0.000000e+000  0.000000e+000  2.890625e-001
      vertex  0.000000e+000  6.078947e-001  0.000000e+000
      vertex  0.000000e+000  1.250000e-001  0.000000e+000
    endloop
  endfacet
  facet normal -1.000000e+000  0.000000e+000  0.000000e+000
    outer loop
      vertex  0.000000e+000  0.000000e+000  2.890625e-001
      vertex  0.000000e+000  1.250000e-001  0.000000e+000
      vertex  0.000000e+000  1.006137e-001  2.401840e-003
    endloop
  endfacet
  facet normal -1.000000e+000  0.000000e+000  0.000000e+000
    outer loop
      vertex  0.000000e+000  0.000000e+000  2.890625e-001
      vertex  0.000000e+000  1.006137e-001  2.401840e-003
      vertex  0.000000e+000  7.716457e-002  9.515058e-003
    endloop
  endfacet
  facet normal -9.999999e-001  0.000000e+000  0.000000e+000
    outer loop
      vertex  0.000000e+000  0.000000e+000  2.890625e-001
      vertex  0.000000e+000  7.716457e-002  9.515058e-003
      vertex  0.000000e+000  5.555372e-002  2.106630e-002
    endloop
  endfacet
  facet normal -1.000000e+000  0.000000e+000  0.000000e+000
    outer loop
      vertex  0.000000e+000  0.000000e+000  2.890625e-001
      vertex  0.000000e+000  5.555372e-002  2.106630e-002
      vertex  0.000000e+000  3.661165e-002  3.661165e-002
    endloop
  endfacet
  facet normal -1.000000e+000  0.000000e+000  0.000000e+000
    outer loop
      vertex  0.000000e+000  0.000000e+000  2.890625e-001
      vertex  0.000000e+000  3.661165e-002  3.661165e-002
      vertex  0.000000e+000  2.106630e-002  5.555372e-002
    endloop
  endfacet
  facet normal -1.000000e+000  0.000000e+000  0.000000e+000
    outer loop
      vertex  0.000000e+000  0.000000e+000  2.890625e-001
      vertex  0.000000e+000  2.106630e-002  5.555372e-002
      vertex  0.000000e+000  9.515058e-003  7.716457e-002
    endloop
  endfacet
  facet normal -1.000000e+000  0.000000e+000  0.000000e+000
    outer loop
      vertex  0.000000e+000  0.000000e+000  2.890625e-001
      vertex  0.000000e+000  9.515058e-003  7.716457e-002
      vertex  0.000000e+000  2.401840e-003  1.006137e-001
    endloop
  endfacet
  facet normal -1.000000e+000  0.000000e+000  0.000000e+000
    outer loop
      vertex  0.000000e+000  0.000000e+000  2.890625e-001
      vertex  0.000000e+000  2.401840e-003  1.006137e-001
      vertex  0.000000e+000  0.000000e+000  1.250000e-001
    endloop
  endfacet
  facet normal  1.000000e+000  0.000000e+000  0.000000e+000
    outer loop
      vertex  7.500000e-001  0.000000e+000  1.250000e-001
      vertex  7.500000e-001  2.401840e-003  1.006137e-001
      vertex  7.500000e-001  0.000000e+000  2.890625e-001
    endloop
  endfacet
  facet normal  1.000000e+000  0.000000e+000  -0.000000e+000
    outer loop
      vertex  7.500000e-001  1.250000e-001  0.000000e+000
      vertex  7.500000e-001  6.078947e-001  0.000000e+000
      vertex  7.500000e-001  6.078947e-001  2.890625e-001
    endloop
  endfacet
  facet normal  1.000000e+000  0.000000e+000  0.000000e+000
    outer loop
      vertex  7.500000e-001  1.250000e-001  0.000000e+000
      vertex  7.500000e-001  6.078947e-001  2.890625e-001
      vertex  7.500000e-001  0.000000e+000  2.890625e-001
    endloop
  endfacet
  facet normal  1.000000e+000  0.000000e+000  0.000000e+000
    outer loop
      vertex  7.500000e-001  1.250000e-001  0.000000e+000
      vertex  7.500000e-001  0.000000e+000  2.890625e-001
      vertex  7.500000e-001  2.401840e-003  1.006137e-001
    endloop
  endfacet
  facet normal  1.000000e+000  0.000000e+000  0.000000e+000
    outer loop
      vertex  7.500000e-001  1.250000e-001  0.000000e+000
      vertex  7.500000e-001  2.401840e-003  1.006137e-001
      vertex  7.500000e-001  9.515058e-003  7.716457e-002
    endloop
  endfacet
  facet normal  1.000000e+000  0.000000e+000  0.000000e+000
    outer loop
      vertex  7.500000e-001  1.250000e-001  0.000000e+000
      vertex  7.500000e-001  9.515058e-003  7.716457e-002
      vertex  7.500000e-001  2.106630e-002  5.555372e-002
    endloop
  endfacet
  facet normal  1.000000e+000  0.000000e+000  0.000000e+000
    outer loop
      vertex  7.500000e-001  1.250000e-001  0.000000e+000
      vertex  7.500000e-001  2.106630e-002  5.555372e-002
      vertex  7.500000e-001  3.661165e-002  3.661165e-002
    endloop
  endfacet
  facet normal  1.000000e+000  0.000000e+000  0.000000e+000
    outer loop
      vertex  7.500000e-001  1.250000e-001  0.000000e+000
      vertex  7.500000e-001  3.661165e-002  3.661165e-002
      vertex  7.500000e-001  5.555372e-002  2.106630e-002
    endloop
  endfacet
  facet normal  1.000000e+000  0.000000e+000  0.000000e+000
    outer loop
      vertex  7.500000e-001  1.250000e-001  0.000000e+000
      vertex  7.500000e-001  5.555372e-002  2.106630e-002
      vertex  7.500000e-001  7.716457e-002  9.515058e-003
    endloop
  endfacet
  facet normal  1.000000e+000  0.000000e+000  0.000000e+000
    outer loop
      vertex  7.500000e-001  1.250000e-001  0.000000e+000
      vertex  7.500000e-001  7.716457e-002  9.515058e-003
      vertex  7.500000e-001  1.006137e-001  2.401840e-003
    endloop
  endfacet
  facet normal  0.000000e+000 -1.000000e+000  0.000000e+000
    outer loop
      vertex  0.000000e+000  0.000000e+000  2.890625e-001
      vertex  0.000000e+000  0.000000e+000  1.250000e-001
      vertex  7.500000e-001  0.000000e+000  2.890625e-001
    endloop
  endfacet
  facet normal  0.000000e+000 -1.000000e+000  -0.000000e+000
    outer loop
      vertex  7.500000e-001  0.000000e+000  2.890625e-001
      vertex  0.000000e+000  0.000000e+000  1.250000e-001
      vertex  7.500000e-001  0.000000e+000  1.250000e-001
    endloop
  endfacet
  facet normal  -0.000000e+000 -9.801715e-002 -9.951847e-001
    outer loop
      vertex  0.000000e+000  1.250000e-001  0.000000e+000
      vertex  7.500000e-001  1.250000e-001  0.000000e+000
      vertex  0.000000e+000  1.006137e-001  2.401840e-003
    endloop
  endfacet
  facet normal  0.000000e+000 -9.801715e-002 -9.951847e-001
    outer loop
      vertex  0.000000e+000  1.006137e-001  2.401840e-003
      vertex  7.500000e-001  1.250000e-001  0.000000e+000
      vertex  7.500000e-001  1.006137e-001  2.401840e-003
    endloop
  endfacet
  facet normal  -0.000000e+000 -2.902846e-001 -9.569404e-001
    outer loop
      vertex  0.000000e+000  1.006137e-001  2.401840e-003
      vertex  7.500000e-001  1.006137e-001  2.401840e-003
      vertex  0.000000e+000  7.716457e-002  9.515058e-003
    endloop
  endfacet
  facet normal  0.000000e+000 -2.902846e-001 -9.569404e-001
    outer loop
      vertex  0.000000e+000  7.716457e-002  9.515058e-003
      vertex  7.500000e-001  1.006137e-001  2.401840e-003
      vertex  7.500000e-001  7.716457e-002  9.515058e-003
    endloop
  endfacet
  facet normal  -0.000000e+000 -4.713968e-001 -8.819212e-001
    outer loop
      vertex  0.000000e+000  7.716457e-002  9.515058e-003
      vertex  7.500000e-001  7.716457e-002  9.515058e-003
      vertex  0.000000e+000  5.555372e-002  2.106630e-002
    endloop
  endfacet
  facet normal  0.000000e+000 -4.713968e-001 -8.819212e-001
    outer loop
      vertex  0.000000e+000  5.555372e-002  2.106630e-002
      vertex  7.500000e-001  7.716457e-002  9.515058e-003
      vertex  7.500000e-001  5.555372e-002  2.106630e-002
    endloop
  endfacet
  facet normal  -0.000000e+000 -6.343934e-001 -7.730104e-001
    outer loop
      vertex  0.000000e+000  5.555372e-002  2.106630e-002
      vertex  7.500000e-001  5.555372e-002  2.106630e-002
      vertex  0.000000e+000  3.661165e-002  3.661165e-002
    endloop
  endfacet
  facet normal  0.000000e+000 -6.343934e-001 -7.730104e-001
    outer loop
      vertex  0.000000e+000  3.661165e-002  3.661165e-002
      vertex  7.500000e-001  5.555372e-002  2.106630e-002
      vertex  7.500000e-001  3.661165e-002  3.661165e-002
    endloop
  endfacet
  facet normal  -0.000000e+000 -7.730104e-001 -6.343934e-001
    outer loop
      vertex  0.000000e+000  3.661165e-002  3.661165e-002
      vertex  7.500000e-001  3.661165e-002  3.661165e-002
      vertex  0.000000e+000  2.106630e-002  5.555372e-002
    endloop
  endfacet
  facet normal  0.000000e+000 -7.730104e-001 -6.343934e-001
    outer loop
      vertex  0.000000e+000  2.106630e-002  5.555372e-002
      vertex  7.500000e-001  3.661165e-002  3.661165e-002
      vertex  7.500000e-001  2.106630e-002  5.555372e-002
    endloop
  endfacet
  facet normal  -0.000000e+000 -8.819212e-001 -4.713968e-001
    outer loop
      vertex  0.000000e+000  2.106630e-002  5.555372e-002
      vertex  7.500000e-001  2.106630e-002  5.555372e-002
      vertex  0.000000e+000  9.515058e-003  7.716457e-002
    endloop
  endfacet
  facet normal  0.000000e+000 -8.819212e-001 -4.713968e-001
    outer loop
      vertex  0.000000e+000  9.515058e-003  7.716457e-002
      vertex  7.500000e-001  2.106630e-002  5.555372e-002
      vertex  7.500000e-001  9.515058e-003  7.716457e-002
    endloop
  endfacet
  facet normal  -0.000000e+000 -9.569404e-001 -2.902846e-001
    outer loop
      vertex  0.000000e+000  9.515058e-003  7.716457e-002
      vertex  7.500000e-001  9.515058e-003  7.716457e-002
      vertex  0.000000e+000  2.401840e-003  1.006137e-001
    endloop
  endfacet
  facet normal  0.000000e+000 -9.569404e-001 -2.902846e-001
    outer loop
      vertex  0.000000e+000  2.401840e-003  1.006137e-001
      vertex  7.500000e-001  9.515058e-003  7.716457e-002
      vertex  7.500000e-001  2.401840e-003  1.006137e-001
    endloop
  endfacet
  facet normal  -0.000000e+000 -9.951847e-001 -9.801715e-002
    outer loop
      vertex  0.000000e+000  2.401840e-003  1.006137e-001
      vertex  7.500000e-001  2.401840e-003  1.006137e-001
      vertex  0.000000e+000  0.000000e+000  1.250000e-001
    endloop
  endfacet
  facet normal  0.000000e+000 -9.951847e-001 -9.801715e-002
    outer loop
      vertex  0.000000e+000  0.000000e+000  1.250000e-001
      vertex  7.500000e-001  2.401840e-003  1.006137e-001
      vertex  7.500000e-001  0.000000e+000  1.250000e-001
    endloop
  endfacet
  facet normal  0.000000e+000  0.000000e+000  1.000000e+000
    outer loop
      vertex  0.000000e+000  0.000000e+000  2.890625e-001
      vertex  7.500000e-001  0.000000e+000  2.890625e-001
      vertex  0.000000e+000  6.078947e-001  2.890625e-001
    endloop
  endfacet
  facet normal  -0.000000e+000  0.000000e+000  1.000000e+000
    outer loop
      vertex  0.000000e+000  6.078947e-001  2.890625e-001
      vertex  7.500000e-001  0.000000e+000  2.890625e-001
      vertex  7.500000e-001  6.078947e-001  2.890625e-001
    endloop
  endfacet
  facet normal  0.000000e+000  1.000000e+000  -0.000000e+000
    outer loop
      vertex  7.500000e-001  6.078947e-001  2.890625e-001
      vertex  7.500000e-001  6.078947e-001  0.000000e+000
      vertex  0.000000e+000  6.078947e-001  2.890625e-001
    endloop
  endfacet
  facet normal  0.000000e+000  1.000000e+000  0.000000e+000
    outer loop
      vertex  0.000000e+000  6.078947e-001  2.890625e-001
      vertex  7.500000e-001  6.078947e-001  0.000000e+000
      vertex  0.000000e+000  6.078947e-001  0.000000e+000
    endloop
  endfacet
endsolid CATIA STL
