solid CATIA STL
  facet normal  0.000000e+000  0.000000e+000  1.000000e+000
    outer loop
      vertex  7.500000e-001  1.718750e-001  7.812500e-002
      vertex  7.388915e-001  2.846616e-001  7.812500e-002
      vertex  7.059929e-001  3.931139e-001  7.812500e-002
    endloop
  endfacet
  facet normal  0.000000e+000  0.000000e+000  1.000000e+000
    outer loop
      vertex  7.500000e-001  1.718750e-001  7.812500e-002
      vertex  7.059929e-001  3.931139e-001  7.812500e-002
      vertex  6.525683e-001  4.930640e-001  7.812500e-002
    endloop
  endfacet
  facet normal  0.000000e+000  0.000000e+000  1.000000e+000
    outer loop
      vertex  7.500000e-001  1.718750e-001  7.812500e-002
      vertex  6.525683e-001  4.930640e-001  7.812500e-002
      vertex  5.806711e-001  5.806711e-001  7.812500e-002
    endloop
  endfacet
  facet normal  0.000000e+000  0.000000e+000  9.999999e-001
    outer loop
      vertex  7.500000e-001  1.718750e-001  7.812500e-002
      vertex  5.806711e-001  5.806711e-001  7.812500e-002
      vertex  4.930640e-001  6.525683e-001  7.812500e-002
    endloop
  endfacet
  facet normal  0.000000e+000  0.000000e+000  1.000000e+000
    outer loop
      vertex  7.500000e-001  1.718750e-001  7.812500e-002
      vertex  4.930640e-001  6.525683e-001  7.812500e-002
      vertex  3.931139e-001  7.059929e-001  7.812500e-002
    endloop
  endfacet
  facet normal  0.000000e+000  0.000000e+000  1.000000e+000
    outer loop
      vertex  7.500000e-001  1.718750e-001  7.812500e-002
      vertex  3.931139e-001  7.059929e-001  7.812500e-002
      vertex  2.846616e-001  7.388915e-001  7.812500e-002
    endloop
  endfacet
  facet normal  0.000000e+000  0.000000e+000  9.999999e-001
    outer loop
      vertex  7.500000e-001  1.718750e-001  7.812500e-002
      vertex  2.846616e-001  7.388915e-001  7.812500e-002
      vertex  1.718750e-001  7.500000e-001  7.812500e-002
    endloop
  endfacet
  facet normal  0.000000e+000  0.000000e+000  1.000000e+000
    outer loop
      vertex  7.500000e-001  1.718750e-001  7.812500e-002
      vertex  1.718750e-001  7.500000e-001  7.812500e-002
      vertex -7.500000e-001  7.500000e-001  7.812500e-002
    endloop
  endfacet
  facet normal  0.000000e+000  0.000000e+000  1.000000e+000
    outer loop
      vertex  7.500000e-001  1.718750e-001  7.812500e-002
      vertex -7.500000e-001  7.500000e-001  7.812500e-002
      vertex -7.500000e-001 -7.500000e-001  7.812500e-002
    endloop
  endfacet
  facet normal  0.000000e+000  0.000000e+000  1.000000e+000
    outer loop
      vertex  7.500000e-001  1.718750e-001  7.812500e-002
      vertex -7.500000e-001 -7.500000e-001  7.812500e-002
      vertex  7.500000e-001 -7.500000e-001  7.812500e-002
    endloop
  endfacet
  facet normal  0.000000e+000  0.000000e+000 -1.000000e+000
    outer loop
      vertex  7.500000e-001  1.718750e-001  0.000000e+000
      vertex  7.500000e-001 -7.500000e-001  0.000000e+000
      vertex -7.500000e-001 -7.500000e-001  0.000000e+000
    endloop
  endfacet
  facet normal  0.000000e+000  0.000000e+000 -1.000000e+000
    outer loop
      vertex  7.500000e-001  1.718750e-001  0.000000e+000
      vertex -7.500000e-001 -7.500000e-001  0.000000e+000
      vertex -7.500000e-001  7.500000e-001  0.000000e+000
    endloop
  endfacet
  facet normal  0.000000e+000  0.000000e+000 -1.000000e+000
    outer loop
      vertex  7.500000e-001  1.718750e-001  0.000000e+000
      vertex -7.500000e-001  7.500000e-001  0.000000e+000
      vertex  1.718750e-001  7.500000e-001  0.000000e+000
    endloop
  endfacet
  facet normal  0.000000e+000  0.000000e+000 -9.999999e-001
    outer loop
      vertex  7.500000e-001  1.718750e-001  0.000000e+000
      vertex  1.718750e-001  7.500000e-001  0.000000e+000
      vertex  2.846616e-001  7.388915e-001  0.000000e+000
    endloop
  endfacet
  facet normal  0.000000e+000  0.000000e+000 -1.000000e+000
    outer loop
      vertex  7.500000e-001  1.718750e-001  0.000000e+000
      vertex  2.846616e-001  7.388915e-001  0.000000e+000
      vertex  3.931139e-001  7.059929e-001  0.000000e+000
    endloop
  endfacet
  facet normal  0.000000e+000  0.000000e+000 -1.000000e+000
    outer loop
      vertex  7.500000e-001  1.718750e-001  0.000000e+000
      vertex  3.931139e-001  7.059929e-001  0.000000e+000
      vertex  4.930640e-001  6.525683e-001  0.000000e+000
    endloop
  endfacet
  facet normal  0.000000e+000  0.000000e+000 -9.999999e-001
    outer loop
      vertex  7.500000e-001  1.718750e-001  0.000000e+000
      vertex  4.930640e-001  6.525683e-001  0.000000e+000
      vertex  5.806711e-001  5.806711e-001  0.000000e+000
    endloop
  endfacet
  facet normal  0.000000e+000  0.000000e+000 -1.000000e+000
    outer loop
      vertex  7.500000e-001  1.718750e-001  0.000000e+000
      vertex  5.806711e-001  5.806711e-001  0.000000e+000
      vertex  6.525683e-001  4.930640e-001  0.000000e+000
    endloop
  endfacet
  facet normal  0.000000e+000  0.000000e+000 -1.000000e+000
    outer loop
      vertex  7.500000e-001  1.718750e-001  0.000000e+000
      vertex  6.525683e-001  4.930640e-001  0.000000e+000
      vertex  7.059929e-001  3.931139e-001  0.000000e+000
    endloop
  endfacet
  facet normal  0.000000e+000  0.000000e+000 -1.000000e+000
    outer loop
      vertex  7.500000e-001  1.718750e-001  0.000000e+000
      vertex  7.059929e-001  3.931139e-001  0.000000e+000
      vertex  7.388915e-001  2.846616e-001  0.000000e+000
    endloop
  endfacet
  facet normal  0.000000e+000  1.000000e+000  -0.000000e+000
    outer loop
      vertex  1.718750e-001  7.500000e-001  7.812500e-002
      vertex  1.718750e-001  7.500000e-001  0.000000e+000
      vertex -7.500000e-001  7.500000e-001  7.812500e-002
    endloop
  endfacet
  facet normal  0.000000e+000  1.000000e+000  0.000000e+000
    outer loop
      vertex -7.500000e-001  7.500000e-001  7.812500e-002
      vertex  1.718750e-001  7.500000e-001  0.000000e+000
      vertex -7.500000e-001  7.500000e-001  0.000000e+000
    endloop
  endfacet
  facet normal  1.000000e+000  0.000000e+000  0.000000e+000
    outer loop
      vertex  7.500000e-001 -7.500000e-001  7.812500e-002
      vertex  7.500000e-001 -7.500000e-001  0.000000e+000
      vertex  7.500000e-001  1.718750e-001  7.812500e-002
    endloop
  endfacet
  facet normal  1.000000e+000  0.000000e+000  0.000000e+000
    outer loop
      vertex  7.500000e-001  1.718750e-001  7.812500e-002
      vertex  7.500000e-001 -7.500000e-001  0.000000e+000
      vertex  7.500000e-001  1.718750e-001  0.000000e+000
    endloop
  endfacet
  facet normal  9.801721e-002  9.951847e-001  0.000000e+000
    outer loop
      vertex  1.718750e-001  7.500000e-001  0.000000e+000
      vertex  1.718750e-001  7.500000e-001  7.812500e-002
      vertex  2.846616e-001  7.388915e-001  0.000000e+000
    endloop
  endfacet
  facet normal  9.801721e-002  9.951847e-001  -0.000000e+000
    outer loop
      vertex  2.846616e-001  7.388915e-001  0.000000e+000
      vertex  1.718750e-001  7.500000e-001  7.812500e-002
      vertex  2.846616e-001  7.388915e-001  7.812500e-002
    endloop
  endfacet
  facet normal  2.902844e-001  9.569404e-001  0.000000e+000
    outer loop
      vertex  2.846616e-001  7.388915e-001  0.000000e+000
      vertex  2.846616e-001  7.388915e-001  7.812500e-002
      vertex  3.931139e-001  7.059929e-001  0.000000e+000
    endloop
  endfacet
  facet normal  2.902844e-001  9.569404e-001  -0.000000e+000
    outer loop
      vertex  3.931139e-001  7.059929e-001  0.000000e+000
      vertex  2.846616e-001  7.388915e-001  7.812500e-002
      vertex  3.931139e-001  7.059929e-001  7.812500e-002
    endloop
  endfacet
  facet normal  4.713970e-001  8.819211e-001  0.000000e+000
    outer loop
      vertex  3.931139e-001  7.059929e-001  0.000000e+000
      vertex  3.931139e-001  7.059929e-001  7.812500e-002
      vertex  4.930640e-001  6.525683e-001  0.000000e+000
    endloop
  endfacet
  facet normal  4.713970e-001  8.819211e-001  -0.000000e+000
    outer loop
      vertex  4.930640e-001  6.525683e-001  0.000000e+000
      vertex  3.931139e-001  7.059929e-001  7.812500e-002
      vertex  4.930640e-001  6.525683e-001  7.812500e-002
    endloop
  endfacet
  facet normal  6.343929e-001  7.730107e-001  0.000000e+000
    outer loop
      vertex  4.930640e-001  6.525683e-001  0.000000e+000
      vertex  4.930640e-001  6.525683e-001  7.812500e-002
      vertex  5.806711e-001  5.806711e-001  0.000000e+000
    endloop
  endfacet
  facet normal  6.343929e-001  7.730107e-001  -0.000000e+000
    outer loop
      vertex  5.806711e-001  5.806711e-001  0.000000e+000
      vertex  4.930640e-001  6.525683e-001  7.812500e-002
      vertex  5.806711e-001  5.806711e-001  7.812500e-002
    endloop
  endfacet
  facet normal  7.730107e-001  6.343929e-001  0.000000e+000
    outer loop
      vertex  5.806711e-001  5.806711e-001  0.000000e+000
      vertex  5.806711e-001  5.806711e-001  7.812500e-002
      vertex  6.525683e-001  4.930640e-001  0.000000e+000
    endloop
  endfacet
  facet normal  7.730107e-001  6.343929e-001  -0.000000e+000
    outer loop
      vertex  6.525683e-001  4.930640e-001  0.000000e+000
      vertex  5.806711e-001  5.806711e-001  7.812500e-002
      vertex  6.525683e-001  4.930640e-001  7.812500e-002
    endloop
  endfacet
  facet normal  8.819211e-001  4.713970e-001  0.000000e+000
    outer loop
      vertex  6.525683e-001  4.930640e-001  0.000000e+000
      vertex  6.525683e-001  4.930640e-001  7.812500e-002
      vertex  7.059929e-001  3.931139e-001  0.000000e+000
    endloop
  endfacet
  facet normal  8.819211e-001  4.713970e-001  -0.000000e+000
    outer loop
      vertex  7.059929e-001  3.931139e-001  0.000000e+000
      vertex  6.525683e-001  4.930640e-001  7.812500e-002
      vertex  7.059929e-001  3.931139e-001  7.812500e-002
    endloop
  endfacet
  facet normal  9.569404e-001  2.902844e-001  0.000000e+000
    outer loop
      vertex  7.059929e-001  3.931139e-001  0.000000e+000
      vertex  7.059929e-001  3.931139e-001  7.812500e-002
      vertex  7.388915e-001  2.846616e-001  0.000000e+000
    endloop
  endfacet
  facet normal  9.569404e-001  2.902844e-001  -0.000000e+000
    outer loop
      vertex  7.388915e-001  2.846616e-001  0.000000e+000
      vertex  7.059929e-001  3.931139e-001  7.812500e-002
      vertex  7.388915e-001  2.846616e-001  7.812500e-002
    endloop
  endfacet
  facet normal  9.951847e-001  9.801721e-002  0.000000e+000
    outer loop
      vertex  7.388915e-001  2.846616e-001  0.000000e+000
      vertex  7.388915e-001  2.846616e-001  7.812500e-002
      vertex  7.500000e-001  1.718750e-001  0.000000e+000
    endloop
  endfacet
  facet normal  9.951847e-001  9.801721e-002  -0.000000e+000
    outer loop
      vertex  7.500000e-001  1.718750e-001  0.000000e+000
      vertex  7.388915e-001  2.846616e-001  7.812500e-002
      vertex  7.500000e-001  1.718750e-001  7.812500e-002
    endloop
  endfacet
  facet normal -1.000000e+000  0.000000e+000  0.000000e+000
    outer loop
      vertex -7.500000e-001  7.500000e-001  7.812500e-002
      vertex -7.500000e-001  7.500000e-001  0.000000e+000
      vertex -7.500000e-001 -7.500000e-001  7.812500e-002
    endloop
  endfacet
  facet normal -1.000000e+000  0.000000e+000  0.000000e+000
    outer loop
      vertex -7.500000e-001 -7.500000e-001  7.812500e-002
      vertex -7.500000e-001  7.500000e-001  0.000000e+000
      vertex -7.500000e-001 -7.500000e-001  0.000000e+000
    endloop
  endfacet
  facet normal  0.000000e+000 -1.000000e+000  0.000000e+000
    outer loop
      vertex -7.500000e-001 -7.500000e-001  7.812500e-002
      vertex -7.500000e-001 -7.500000e-001  0.000000e+000
      vertex  7.500000e-001 -7.500000e-001  7.812500e-002
    endloop
  endfacet
  facet normal  0.000000e+000 -1.000000e+000  -0.000000e+000
    outer loop
      vertex  7.500000e-001 -7.500000e-001  7.812500e-002
      vertex -7.500000e-001 -7.500000e-001  0.000000e+000
      vertex  7.500000e-001 -7.500000e-001  0.000000e+000
    endloop
  endfacet
endsolid CATIA STL
