solid CATIA STL
  facet normal  0.000000e+000  0.000000e+000  1.000000e+000
    outer loop
      vertex  7.500000e-001 -7.500000e-001  3.906250e-002
      vertex  7.500000e-001  3.828125e-001  3.906250e-002
      vertex -7.500000e-001 -3.906250e-002  3.906250e-002
    endloop
  endfacet
  facet normal  0.000000e+000  0.000000e+000  1.000000e+000
    outer loop
      vertex  7.500000e-001 -7.500000e-001  3.906250e-002
      vertex -7.500000e-001 -3.906250e-002  3.906250e-002
      vertex -7.363395e-001 -1.777595e-001  3.906250e-002
    endloop
  endfacet
  facet normal  0.000000e+000  0.000000e+000  1.000000e+000
    outer loop
      vertex  7.500000e-001 -7.500000e-001  3.906250e-002
      vertex -7.363395e-001 -1.777595e-001  3.906250e-002
      vertex -6.958831e-001 -3.111265e-001  3.906250e-002
    endloop
  endfacet
  facet normal  0.000000e+000  0.000000e+000  1.000000e+000
    outer loop
      vertex  7.500000e-001 -7.500000e-001  3.906250e-002
      vertex -6.958831e-001 -3.111265e-001  3.906250e-002
      vertex -6.301854e-001 -4.340382e-001  3.906250e-002
    endloop
  endfacet
  facet normal  0.000000e+000  0.000000e+000  1.000000e+000
    outer loop
      vertex  7.500000e-001 -7.500000e-001  3.906250e-002
      vertex -6.301854e-001 -4.340382e-001  3.906250e-002
      vertex -5.417712e-001 -5.417712e-001  3.906250e-002
    endloop
  endfacet
  facet normal  0.000000e+000  0.000000e+000  1.000000e+000
    outer loop
      vertex  7.500000e-001 -7.500000e-001  3.906250e-002
      vertex -5.417712e-001 -5.417712e-001  3.906250e-002
      vertex -4.340382e-001 -6.301854e-001  3.906250e-002
    endloop
  endfacet
  facet normal  0.000000e+000  0.000000e+000  1.000000e+000
    outer loop
      vertex  7.500000e-001 -7.500000e-001  3.906250e-002
      vertex -4.340382e-001 -6.301854e-001  3.906250e-002
      vertex -3.111265e-001 -6.958831e-001  3.906250e-002
    endloop
  endfacet
  facet normal  0.000000e+000  0.000000e+000  1.000000e+000
    outer loop
      vertex  7.500000e-001 -7.500000e-001  3.906250e-002
      vertex -3.111265e-001 -6.958831e-001  3.906250e-002
      vertex -1.777595e-001 -7.363395e-001  3.906250e-002
    endloop
  endfacet
  facet normal  0.000000e+000  0.000000e+000  1.000000e+000
    outer loop
      vertex  7.500000e-001 -7.500000e-001  3.906250e-002
      vertex -1.777595e-001 -7.363395e-001  3.906250e-002
      vertex -3.906250e-002 -7.500000e-001  3.906250e-002
    endloop
  endfacet
  facet normal  0.000000e+000  0.000000e+000  9.999999e-001
    outer loop
      vertex -7.500000e-001 -3.906250e-002  3.906250e-002
      vertex  7.500000e-001  3.828125e-001  3.906250e-002
      vertex  7.429446e-001  4.544472e-001  3.906250e-002
    endloop
  endfacet
  facet normal  0.000000e+000  0.000000e+000  9.999999e-001
    outer loop
      vertex -7.500000e-001 -3.906250e-002  3.906250e-002
      vertex  7.429446e-001  4.544472e-001  3.906250e-002
      vertex  7.220495e-001  5.233291e-001  3.906250e-002
    endloop
  endfacet
  facet normal  0.000000e+000  0.000000e+000  1.000000e+000
    outer loop
      vertex -7.500000e-001 -3.906250e-002  3.906250e-002
      vertex  7.220495e-001  5.233291e-001  3.906250e-002
      vertex  6.881177e-001  5.868109e-001  3.906250e-002
    endloop
  endfacet
  facet normal  0.000000e+000  0.000000e+000  9.999999e-001
    outer loop
      vertex -7.500000e-001 -3.906250e-002  3.906250e-002
      vertex  6.881177e-001  5.868109e-001  3.906250e-002
      vertex  6.424533e-001  6.424533e-001  3.906250e-002
    endloop
  endfacet
  facet normal  0.000000e+000  0.000000e+000  1.000000e+000
    outer loop
      vertex -7.500000e-001 -3.906250e-002  3.906250e-002
      vertex  6.424533e-001  6.424533e-001  3.906250e-002
      vertex  5.868109e-001  6.881177e-001  3.906250e-002
    endloop
  endfacet
  facet normal  0.000000e+000  0.000000e+000  1.000000e+000
    outer loop
      vertex -7.500000e-001 -3.906250e-002  3.906250e-002
      vertex  5.868109e-001  6.881177e-001  3.906250e-002
      vertex  5.233291e-001  7.220495e-001  3.906250e-002
    endloop
  endfacet
  facet normal  0.000000e+000  0.000000e+000  1.000000e+000
    outer loop
      vertex -7.500000e-001 -3.906250e-002  3.906250e-002
      vertex  5.233291e-001  7.220495e-001  3.906250e-002
      vertex  4.544472e-001  7.429446e-001  3.906250e-002
    endloop
  endfacet
  facet normal  0.000000e+000  0.000000e+000  1.000000e+000
    outer loop
      vertex -7.500000e-001 -3.906250e-002  3.906250e-002
      vertex  4.544472e-001  7.429446e-001  3.906250e-002
      vertex  3.828125e-001  7.500000e-001  3.906250e-002
    endloop
  endfacet
  facet normal  0.000000e+000  0.000000e+000  1.000000e+000
    outer loop
      vertex -7.500000e-001 -3.906250e-002  3.906250e-002
      vertex  3.828125e-001  7.500000e-001  3.906250e-002
      vertex -7.500000e-001  7.500000e-001  3.906250e-002
    endloop
  endfacet
  facet normal  0.000000e+000  0.000000e+000 -1.000000e+000
    outer loop
      vertex  7.500000e-001 -7.500000e-001  0.000000e+000
      vertex -3.906250e-002 -7.500000e-001  0.000000e+000
      vertex -1.777595e-001 -7.363395e-001  0.000000e+000
    endloop
  endfacet
  facet normal  0.000000e+000  0.000000e+000 -1.000000e+000
    outer loop
      vertex  7.500000e-001 -7.500000e-001  0.000000e+000
      vertex -1.777595e-001 -7.363395e-001  0.000000e+000
      vertex -3.111265e-001 -6.958831e-001  0.000000e+000
    endloop
  endfacet
  facet normal  0.000000e+000  0.000000e+000 -1.000000e+000
    outer loop
      vertex  7.500000e-001 -7.500000e-001  0.000000e+000
      vertex -3.111265e-001 -6.958831e-001  0.000000e+000
      vertex -4.340382e-001 -6.301854e-001  0.000000e+000
    endloop
  endfacet
  facet normal  0.000000e+000  0.000000e+000 -1.000000e+000
    outer loop
      vertex  7.500000e-001 -7.500000e-001  0.000000e+000
      vertex -4.340382e-001 -6.301854e-001  0.000000e+000
      vertex -5.417712e-001 -5.417712e-001  0.000000e+000
    endloop
  endfacet
  facet normal  0.000000e+000  0.000000e+000 -1.000000e+000
    outer loop
      vertex  7.500000e-001 -7.500000e-001  0.000000e+000
      vertex -5.417712e-001 -5.417712e-001  0.000000e+000
      vertex -6.301854e-001 -4.340382e-001  0.000000e+000
    endloop
  endfacet
  facet normal  0.000000e+000  0.000000e+000 -1.000000e+000
    outer loop
      vertex  7.500000e-001 -7.500000e-001  0.000000e+000
      vertex -6.301854e-001 -4.340382e-001  0.000000e+000
      vertex -6.958831e-001 -3.111265e-001  0.000000e+000
    endloop
  endfacet
  facet normal  0.000000e+000  0.000000e+000 -1.000000e+000
    outer loop
      vertex  7.500000e-001 -7.500000e-001  0.000000e+000
      vertex -6.958831e-001 -3.111265e-001  0.000000e+000
      vertex -7.363395e-001 -1.777595e-001  0.000000e+000
    endloop
  endfacet
  facet normal  0.000000e+000  0.000000e+000 -1.000000e+000
    outer loop
      vertex  7.500000e-001 -7.500000e-001  0.000000e+000
      vertex -7.363395e-001 -1.777595e-001  0.000000e+000
      vertex -7.500000e-001 -3.906250e-002  0.000000e+000
    endloop
  endfacet
  facet normal  0.000000e+000  0.000000e+000 -1.000000e+000
    outer loop
      vertex  7.500000e-001 -7.500000e-001  0.000000e+000
      vertex -7.500000e-001 -3.906250e-002  0.000000e+000
      vertex  7.500000e-001  3.828125e-001  0.000000e+000
    endloop
  endfacet
  facet normal  0.000000e+000  0.000000e+000 -1.000000e+000
    outer loop
      vertex -7.500000e-001 -3.906250e-002  0.000000e+000
      vertex -7.500000e-001  7.500000e-001  0.000000e+000
      vertex  3.828125e-001  7.500000e-001  0.000000e+000
    endloop
  endfacet
  facet normal  0.000000e+000  -0.000000e+000 -1.000000e+000
    outer loop
      vertex -7.500000e-001 -3.906250e-002  0.000000e+000
      vertex  3.828125e-001  7.500000e-001  0.000000e+000
      vertex  4.544472e-001  7.429446e-001  0.000000e+000
    endloop
  endfacet
  facet normal  0.000000e+000  -0.000000e+000 -1.000000e+000
    outer loop
      vertex -7.500000e-001 -3.906250e-002  0.000000e+000
      vertex  4.544472e-001  7.429446e-001  0.000000e+000
      vertex  5.233291e-001  7.220495e-001  0.000000e+000
    endloop
  endfacet
  facet normal  0.000000e+000  -0.000000e+000 -1.000000e+000
    outer loop
      vertex -7.500000e-001 -3.906250e-002  0.000000e+000
      vertex  5.233291e-001  7.220495e-001  0.000000e+000
      vertex  5.868109e-001  6.881177e-001  0.000000e+000
    endloop
  endfacet
  facet normal  0.000000e+000  -0.000000e+000 -1.000000e+000
    outer loop
      vertex -7.500000e-001 -3.906250e-002  0.000000e+000
      vertex  5.868109e-001  6.881177e-001  0.000000e+000
      vertex  6.424533e-001  6.424533e-001  0.000000e+000
    endloop
  endfacet
  facet normal  0.000000e+000  -0.000000e+000 -9.999999e-001
    outer loop
      vertex -7.500000e-001 -3.906250e-002  0.000000e+000
      vertex  6.424533e-001  6.424533e-001  0.000000e+000
      vertex  6.881177e-001  5.868109e-001  0.000000e+000
    endloop
  endfacet
  facet normal  0.000000e+000  -0.000000e+000 -1.000000e+000
    outer loop
      vertex -7.500000e-001 -3.906250e-002  0.000000e+000
      vertex  6.881177e-001  5.868109e-001  0.000000e+000
      vertex  7.220495e-001  5.233291e-001  0.000000e+000
    endloop
  endfacet
  facet normal  0.000000e+000  -0.000000e+000 -1.000000e+000
    outer loop
      vertex -7.500000e-001 -3.906250e-002  0.000000e+000
      vertex  7.220495e-001  5.233291e-001  0.000000e+000
      vertex  7.429446e-001  4.544472e-001  0.000000e+000
    endloop
  endfacet
  facet normal  0.000000e+000  -0.000000e+000 -9.999999e-001
    outer loop
      vertex -7.500000e-001 -3.906250e-002  0.000000e+000
      vertex  7.429446e-001  4.544472e-001  0.000000e+000
      vertex  7.500000e-001  3.828125e-001  0.000000e+000
    endloop
  endfacet
  facet normal -1.000000e+000  0.000000e+000  0.000000e+000
    outer loop
      vertex -7.500000e-001  7.500000e-001  3.906250e-002
      vertex -7.500000e-001  7.500000e-001  0.000000e+000
      vertex -7.500000e-001 -3.906250e-002  3.906250e-002
    endloop
  endfacet
  facet normal -1.000000e+000  0.000000e+000  0.000000e+000
    outer loop
      vertex -7.500000e-001 -3.906250e-002  3.906250e-002
      vertex -7.500000e-001  7.500000e-001  0.000000e+000
      vertex -7.500000e-001 -3.906250e-002  0.000000e+000
    endloop
  endfacet
  facet normal  0.000000e+000 -1.000000e+000  0.000000e+000
    outer loop
      vertex -3.906250e-002 -7.500000e-001  3.906250e-002
      vertex -3.906250e-002 -7.500000e-001  0.000000e+000
      vertex  7.500000e-001 -7.500000e-001  3.906250e-002
    endloop
  endfacet
  facet normal  0.000000e+000 -1.000000e+000  -0.000000e+000
    outer loop
      vertex  7.500000e-001 -7.500000e-001  3.906250e-002
      vertex -3.906250e-002 -7.500000e-001  0.000000e+000
      vertex  7.500000e-001 -7.500000e-001  0.000000e+000
    endloop
  endfacet
  facet normal -9.801732e-002 -9.951847e-001  -0.000000e+000
    outer loop
      vertex -3.906250e-002 -7.500000e-001  0.000000e+000
      vertex -3.906250e-002 -7.500000e-001  3.906250e-002
      vertex -1.777595e-001 -7.363395e-001  0.000000e+000
    endloop
  endfacet
  facet normal -9.801732e-002 -9.951847e-001  0.000000e+000
    outer loop
      vertex -1.777595e-001 -7.363395e-001  0.000000e+000
      vertex -3.906250e-002 -7.500000e-001  3.906250e-002
      vertex -1.777595e-001 -7.363395e-001  3.906250e-002
    endloop
  endfacet
  facet normal -2.902846e-001 -9.569404e-001  -0.000000e+000
    outer loop
      vertex -1.777595e-001 -7.363395e-001  0.000000e+000
      vertex -1.777595e-001 -7.363395e-001  3.906250e-002
      vertex -3.111265e-001 -6.958831e-001  0.000000e+000
    endloop
  endfacet
  facet normal -2.902846e-001 -9.569404e-001  0.000000e+000
    outer loop
      vertex -3.111265e-001 -6.958831e-001  0.000000e+000
      vertex -1.777595e-001 -7.363395e-001  3.906250e-002
      vertex -3.111265e-001 -6.958831e-001  3.906250e-002
    endloop
  endfacet
  facet normal -4.713967e-001 -8.819213e-001  -0.000000e+000
    outer loop
      vertex -3.111265e-001 -6.958831e-001  0.000000e+000
      vertex -3.111265e-001 -6.958831e-001  3.906250e-002
      vertex -4.340382e-001 -6.301854e-001  0.000000e+000
    endloop
  endfacet
  facet normal -4.713967e-001 -8.819213e-001  0.000000e+000
    outer loop
      vertex -4.340382e-001 -6.301854e-001  0.000000e+000
      vertex -3.111265e-001 -6.958831e-001  3.906250e-002
      vertex -4.340382e-001 -6.301854e-001  3.906250e-002
    endloop
  endfacet
  facet normal -6.343933e-001 -7.730104e-001  -0.000000e+000
    outer loop
      vertex -4.340382e-001 -6.301854e-001  0.000000e+000
      vertex -4.340382e-001 -6.301854e-001  3.906250e-002
      vertex -5.417712e-001 -5.417712e-001  0.000000e+000
    endloop
  endfacet
  facet normal -6.343933e-001 -7.730104e-001  0.000000e+000
    outer loop
      vertex -5.417712e-001 -5.417712e-001  0.000000e+000
      vertex -4.340382e-001 -6.301854e-001  3.906250e-002
      vertex -5.417712e-001 -5.417712e-001  3.906250e-002
    endloop
  endfacet
  facet normal -7.730104e-001 -6.343933e-001  -0.000000e+000
    outer loop
      vertex -5.417712e-001 -5.417712e-001  0.000000e+000
      vertex -5.417712e-001 -5.417712e-001  3.906250e-002
      vertex -6.301854e-001 -4.340382e-001  0.000000e+000
    endloop
  endfacet
  facet normal -7.730104e-001 -6.343933e-001  0.000000e+000
    outer loop
      vertex -6.301854e-001 -4.340382e-001  0.000000e+000
      vertex -5.417712e-001 -5.417712e-001  3.906250e-002
      vertex -6.301854e-001 -4.340382e-001  3.906250e-002
    endloop
  endfacet
  facet normal -8.819213e-001 -4.713967e-001  -0.000000e+000
    outer loop
      vertex -6.301854e-001 -4.340382e-001  0.000000e+000
      vertex -6.301854e-001 -4.340382e-001  3.906250e-002
      vertex -6.958831e-001 -3.111265e-001  0.000000e+000
    endloop
  endfacet
  facet normal -8.819213e-001 -4.713967e-001  0.000000e+000
    outer loop
      vertex -6.958831e-001 -3.111265e-001  0.000000e+000
      vertex -6.301854e-001 -4.340382e-001  3.906250e-002
      vertex -6.958831e-001 -3.111265e-001  3.906250e-002
    endloop
  endfacet
  facet normal -9.569404e-001 -2.902846e-001  -0.000000e+000
    outer loop
      vertex -6.958831e-001 -3.111265e-001  0.000000e+000
      vertex -6.958831e-001 -3.111265e-001  3.906250e-002
      vertex -7.363395e-001 -1.777595e-001  0.000000e+000
    endloop
  endfacet
  facet normal -9.569404e-001 -2.902846e-001  0.000000e+000
    outer loop
      vertex -7.363395e-001 -1.777595e-001  0.000000e+000
      vertex -6.958831e-001 -3.111265e-001  3.906250e-002
      vertex -7.363395e-001 -1.777595e-001  3.906250e-002
    endloop
  endfacet
  facet normal -9.951847e-001 -9.801732e-002  -0.000000e+000
    outer loop
      vertex -7.363395e-001 -1.777595e-001  0.000000e+000
      vertex -7.363395e-001 -1.777595e-001  3.906250e-002
      vertex -7.500000e-001 -3.906250e-002  0.000000e+000
    endloop
  endfacet
  facet normal -9.951847e-001 -9.801732e-002  0.000000e+000
    outer loop
      vertex -7.500000e-001 -3.906250e-002  0.000000e+000
      vertex -7.363395e-001 -1.777595e-001  3.906250e-002
      vertex -7.500000e-001 -3.906250e-002  3.906250e-002
    endloop
  endfacet
  facet normal  0.000000e+000  1.000000e+000  -0.000000e+000
    outer loop
      vertex  3.828125e-001  7.500000e-001  3.906250e-002
      vertex  3.828125e-001  7.500000e-001  0.000000e+000
      vertex -7.500000e-001  7.500000e-001  3.906250e-002
    endloop
  endfacet
  facet normal  0.000000e+000  1.000000e+000  0.000000e+000
    outer loop
      vertex -7.500000e-001  7.500000e-001  3.906250e-002
      vertex  3.828125e-001  7.500000e-001  0.000000e+000
      vertex -7.500000e-001  7.500000e-001  0.000000e+000
    endloop
  endfacet
  facet normal  1.000000e+000  0.000000e+000  0.000000e+000
    outer loop
      vertex  7.500000e-001 -7.500000e-001  3.906250e-002
      vertex  7.500000e-001 -7.500000e-001  0.000000e+000
      vertex  7.500000e-001  3.828125e-001  3.906250e-002
    endloop
  endfacet
  facet normal  1.000000e+000  0.000000e+000  0.000000e+000
    outer loop
      vertex  7.500000e-001  3.828125e-001  3.906250e-002
      vertex  7.500000e-001 -7.500000e-001  0.000000e+000
      vertex  7.500000e-001  3.828125e-001  0.000000e+000
    endloop
  endfacet
  facet normal  9.801709e-002  9.951848e-001  0.000000e+000
    outer loop
      vertex  3.828125e-001  7.500000e-001  0.000000e+000
      vertex  3.828125e-001  7.500000e-001  3.906250e-002
      vertex  4.544472e-001  7.429446e-001  0.000000e+000
    endloop
  endfacet
  facet normal  9.801709e-002  9.951848e-001  -0.000000e+000
    outer loop
      vertex  4.544472e-001  7.429446e-001  0.000000e+000
      vertex  3.828125e-001  7.500000e-001  3.906250e-002
      vertex  4.544472e-001  7.429446e-001  3.906250e-002
    endloop
  endfacet
  facet normal  2.902845e-001  9.569404e-001  0.000000e+000
    outer loop
      vertex  4.544472e-001  7.429446e-001  0.000000e+000
      vertex  4.544472e-001  7.429446e-001  3.906250e-002
      vertex  5.233291e-001  7.220495e-001  0.000000e+000
    endloop
  endfacet
  facet normal  2.902845e-001  9.569404e-001  -0.000000e+000
    outer loop
      vertex  5.233291e-001  7.220495e-001  0.000000e+000
      vertex  4.544472e-001  7.429446e-001  3.906250e-002
      vertex  5.233291e-001  7.220495e-001  3.906250e-002
    endloop
  endfacet
  facet normal  4.713971e-001  8.819212e-001  0.000000e+000
    outer loop
      vertex  5.233291e-001  7.220495e-001  0.000000e+000
      vertex  5.233291e-001  7.220495e-001  3.906250e-002
      vertex  5.868109e-001  6.881177e-001  0.000000e+000
    endloop
  endfacet
  facet normal  4.713971e-001  8.819212e-001  -0.000000e+000
    outer loop
      vertex  5.868109e-001  6.881177e-001  0.000000e+000
      vertex  5.233291e-001  7.220495e-001  3.906250e-002
      vertex  5.868109e-001  6.881177e-001  3.906250e-002
    endloop
  endfacet
  facet normal  6.343936e-001  7.730103e-001  0.000000e+000
    outer loop
      vertex  5.868109e-001  6.881177e-001  0.000000e+000
      vertex  5.868109e-001  6.881177e-001  3.906250e-002
      vertex  6.424533e-001  6.424533e-001  0.000000e+000
    endloop
  endfacet
  facet normal  6.343936e-001  7.730103e-001  -0.000000e+000
    outer loop
      vertex  6.424533e-001  6.424533e-001  0.000000e+000
      vertex  5.868109e-001  6.881177e-001  3.906250e-002
      vertex  6.424533e-001  6.424533e-001  3.906250e-002
    endloop
  endfacet
  facet normal  7.730103e-001  6.343936e-001  0.000000e+000
    outer loop
      vertex  6.424533e-001  6.424533e-001  0.000000e+000
      vertex  6.424533e-001  6.424533e-001  3.906250e-002
      vertex  6.881177e-001  5.868109e-001  0.000000e+000
    endloop
  endfacet
  facet normal  7.730103e-001  6.343936e-001  -0.000000e+000
    outer loop
      vertex  6.881177e-001  5.868109e-001  0.000000e+000
      vertex  6.424533e-001  6.424533e-001  3.906250e-002
      vertex  6.881177e-001  5.868109e-001  3.906250e-002
    endloop
  endfacet
  facet normal  8.819212e-001  4.713971e-001  0.000000e+000
    outer loop
      vertex  6.881177e-001  5.868109e-001  0.000000e+000
      vertex  6.881177e-001  5.868109e-001  3.906250e-002
      vertex  7.220495e-001  5.233291e-001  0.000000e+000
    endloop
  endfacet
  facet normal  8.819212e-001  4.713971e-001  -0.000000e+000
    outer loop
      vertex  7.220495e-001  5.233291e-001  0.000000e+000
      vertex  6.881177e-001  5.868109e-001  3.906250e-002
      vertex  7.220495e-001  5.233291e-001  3.906250e-002
    endloop
  endfacet
  facet normal  9.569404e-001  2.902845e-001  0.000000e+000
    outer loop
      vertex  7.220495e-001  5.233291e-001  0.000000e+000
      vertex  7.220495e-001  5.233291e-001  3.906250e-002
      vertex  7.429446e-001  4.544472e-001  0.000000e+000
    endloop
  endfacet
  facet normal  9.569404e-001  2.902845e-001  -0.000000e+000
    outer loop
      vertex  7.429446e-001  4.544472e-001  0.000000e+000
      vertex  7.220495e-001  5.233291e-001  3.906250e-002
      vertex  7.429446e-001  4.544472e-001  3.906250e-002
    endloop
  endfacet
  facet normal  9.951848e-001  9.801709e-002  0.000000e+000
    outer loop
      vertex  7.429446e-001  4.544472e-001  0.000000e+000
      vertex  7.429446e-001  4.544472e-001  3.906250e-002
      vertex  7.500000e-001  3.828125e-001  0.000000e+000
    endloop
  endfacet
  facet normal  9.951848e-001  9.801709e-002  -0.000000e+000
    outer loop
      vertex  7.500000e-001  3.828125e-001  0.000000e+000
      vertex  7.429446e-001  4.544472e-001  3.906250e-002
      vertex  7.500000e-001  3.828125e-001  3.906250e-002
    endloop
  endfacet
endsolid CATIA STL
