solid CATIA STL
  facet normal  -0.000000e+000 -1.000000e+000  -0.000000e+000
    outer loop
      vertex  7.500000e-001 -1.250000e-001  1.015625e-001
      vertex  7.375405e-001 -1.250000e-001  2.280664e-001
      vertex  7.006406e-001 -1.250000e-001  3.497088e-001
    endloop
  endfacet
  facet normal  -0.000000e+000 -9.999999e-001  -0.000000e+000
    outer loop
      vertex  7.500000e-001 -1.250000e-001  1.015625e-001
      vertex  7.006406e-001 -1.250000e-001  3.497088e-001
      vertex  6.407186e-001 -1.250000e-001  4.618151e-001
    endloop
  endfacet
  facet normal  -0.000000e+000 -1.000000e+000  -0.000000e+000
    outer loop
      vertex  7.500000e-001 -1.250000e-001  1.015625e-001
      vertex  6.407186e-001 -1.250000e-001  4.618151e-001
      vertex  5.600771e-001 -1.250000e-001  5.600771e-001
    endloop
  endfacet
  facet normal  -0.000000e+000 -1.000000e+000  -0.000000e+000
    outer loop
      vertex  7.500000e-001 -1.250000e-001  1.015625e-001
      vertex  5.600771e-001 -1.250000e-001  5.600771e-001
      vertex  4.618151e-001 -1.250000e-001  6.407186e-001
    endloop
  endfacet
  facet normal  -0.000000e+000 -9.999999e-001  -0.000000e+000
    outer loop
      vertex  7.500000e-001 -1.250000e-001  1.015625e-001
      vertex  4.618151e-001 -1.250000e-001  6.407186e-001
      vertex  3.497088e-001 -1.250000e-001  7.006406e-001
    endloop
  endfacet
  facet normal  -0.000000e+000 -1.000000e+000  -0.000000e+000
    outer loop
      vertex  7.500000e-001 -1.250000e-001  1.015625e-001
      vertex  3.497088e-001 -1.250000e-001  7.006406e-001
      vertex  2.280664e-001 -1.250000e-001  7.375405e-001
    endloop
  endfacet
  facet normal  -0.000000e+000 -1.000000e+000  -0.000000e+000
    outer loop
      vertex  7.500000e-001 -1.250000e-001  1.015625e-001
      vertex  2.280664e-001 -1.250000e-001  7.375405e-001
      vertex  1.015625e-001 -1.250000e-001  7.500000e-001
    endloop
  endfacet
  facet normal  -0.000000e+000 -1.000000e+000  -0.000000e+000
    outer loop
      vertex  7.500000e-001 -1.250000e-001  1.015625e-001
      vertex  1.015625e-001 -1.250000e-001  7.500000e-001
      vertex -7.500000e-001 -1.250000e-001  7.500000e-001
    endloop
  endfacet
  facet normal  0.000000e+000 -1.000000e+000  0.000000e+000
    outer loop
      vertex  7.500000e-001 -1.250000e-001  1.015625e-001
      vertex -7.500000e-001 -1.250000e-001  7.500000e-001
      vertex -7.500000e-001 -1.250000e-001 -7.500000e-001
    endloop
  endfacet
  facet normal  0.000000e+000 -1.000000e+000  0.000000e+000
    outer loop
      vertex  7.500000e-001 -1.250000e-001  1.015625e-001
      vertex -7.500000e-001 -1.250000e-001 -7.500000e-001
      vertex  7.500000e-001 -1.250000e-001 -7.500000e-001
    endloop
  endfacet
  facet normal -1.110223e-016  1.000000e+000 -1.110223e-016
    outer loop
      vertex  7.500000e-001  2.610759e-016  1.015625e-001
      vertex  7.500000e-001  1.665335e-016 -7.500000e-001
      vertex -7.500000e-001  0.000000e+000 -7.500000e-001
    endloop
  endfacet
  facet normal -1.110223e-016  1.000000e+000 -1.110223e-016
    outer loop
      vertex  7.500000e-001  2.610759e-016  1.015625e-001
      vertex -7.500000e-001  0.000000e+000 -7.500000e-001
      vertex -7.500000e-001  1.665335e-016  7.500000e-001
    endloop
  endfacet
  facet normal -1.110223e-016  1.000000e+000 -1.110223e-016
    outer loop
      vertex  7.500000e-001  2.610759e-016  1.015625e-001
      vertex -7.500000e-001  1.665335e-016  7.500000e-001
      vertex  1.015625e-001  2.610759e-016  7.500000e-001
    endloop
  endfacet
  facet normal -1.110224e-016  1.000000e+000 -1.110224e-016
    outer loop
      vertex  7.500000e-001  2.610759e-016  1.015625e-001
      vertex  1.015625e-001  2.610759e-016  7.500000e-001
      vertex  2.280664e-001  2.737374e-016  7.375405e-001
    endloop
  endfacet
  facet normal -1.110223e-016  1.000000e+000 -1.110223e-016
    outer loop
      vertex  7.500000e-001  2.610759e-016  1.015625e-001
      vertex  2.280664e-001  2.737374e-016  7.375405e-001
      vertex  3.497088e-001  2.831457e-016  7.006406e-001
    endloop
  endfacet
  facet normal -1.110221e-016  9.999999e-001 -1.110222e-016
    outer loop
      vertex  7.500000e-001  2.610759e-016  1.015625e-001
      vertex  3.497088e-001  2.831457e-016  7.006406e-001
      vertex  4.618151e-001  2.889393e-016  6.407186e-001
    endloop
  endfacet
  facet normal -1.110224e-016  1.000000e+000 -1.110223e-016
    outer loop
      vertex  7.500000e-001  2.610759e-016  1.015625e-001
      vertex  4.618151e-001  2.889393e-016  6.407186e-001
      vertex  5.600771e-001  2.908955e-016  5.600771e-001
    endloop
  endfacet
  facet normal -1.110221e-016  1.000000e+000 -1.110222e-016
    outer loop
      vertex  7.500000e-001  2.610759e-016  1.015625e-001
      vertex  5.600771e-001  2.908955e-016  5.600771e-001
      vertex  6.407186e-001  2.889393e-016  4.618151e-001
    endloop
  endfacet
  facet normal -1.110227e-016  9.999999e-001 -1.110224e-016
    outer loop
      vertex  7.500000e-001  2.610759e-016  1.015625e-001
      vertex  6.407186e-001  2.889393e-016  4.618151e-001
      vertex  7.006406e-001  2.831457e-016  3.497088e-001
    endloop
  endfacet
  facet normal -1.110226e-016  1.000000e+000 -1.110224e-016
    outer loop
      vertex  7.500000e-001  2.610759e-016  1.015625e-001
      vertex  7.006406e-001  2.831457e-016  3.497088e-001
      vertex  7.375405e-001  2.737374e-016  2.280664e-001
    endloop
  endfacet
  facet normal  0.000000e+000  0.000000e+000  9.999999e-001
    outer loop
      vertex  1.015625e-001 -1.250000e-001  7.500000e-001
      vertex  1.015625e-001  2.610759e-016  7.500000e-001
      vertex -7.500000e-001 -1.250000e-001  7.500000e-001
    endloop
  endfacet
  facet normal  0.000000e+000  0.000000e+000  9.999999e-001
    outer loop
      vertex -7.500000e-001 -1.250000e-001  7.500000e-001
      vertex  1.015625e-001  2.610759e-016  7.500000e-001
      vertex -7.500000e-001  1.665335e-016  7.500000e-001
    endloop
  endfacet
  facet normal  9.999999e-001  0.000000e+000  0.000000e+000
    outer loop
      vertex  7.500000e-001 -1.250000e-001 -7.500000e-001
      vertex  7.500000e-001  1.665335e-016 -7.500000e-001
      vertex  7.500000e-001 -1.250000e-001  1.015625e-001
    endloop
  endfacet
  facet normal  9.999999e-001  -0.000000e+000  0.000000e+000
    outer loop
      vertex  7.500000e-001 -1.250000e-001  1.015625e-001
      vertex  7.500000e-001  1.665335e-016 -7.500000e-001
      vertex  7.500000e-001  2.610759e-016  1.015625e-001
    endloop
  endfacet
  facet normal  9.801692e-002  -0.000000e+000  9.951848e-001
    outer loop
      vertex  1.015625e-001  2.610759e-016  7.500000e-001
      vertex  1.015625e-001 -1.250000e-001  7.500000e-001
      vertex  2.280664e-001  2.737374e-016  7.375405e-001
    endloop
  endfacet
  facet normal  9.801692e-002  0.000000e+000  9.951848e-001
    outer loop
      vertex  2.280664e-001  2.737374e-016  7.375405e-001
      vertex  1.015625e-001 -1.250000e-001  7.500000e-001
      vertex  2.280664e-001 -1.250000e-001  7.375405e-001
    endloop
  endfacet
  facet normal  2.902850e-001  -0.000000e+000  9.569403e-001
    outer loop
      vertex  2.280664e-001  2.737374e-016  7.375405e-001
      vertex  2.280664e-001 -1.250000e-001  7.375405e-001
      vertex  3.497088e-001  2.831457e-016  7.006406e-001
    endloop
  endfacet
  facet normal  2.902850e-001  0.000000e+000  9.569403e-001
    outer loop
      vertex  3.497088e-001  2.831457e-016  7.006406e-001
      vertex  2.280664e-001 -1.250000e-001  7.375405e-001
      vertex  3.497088e-001 -1.250000e-001  7.006406e-001
    endloop
  endfacet
  facet normal  4.713967e-001  -0.000000e+000  8.819213e-001
    outer loop
      vertex  3.497088e-001  2.831457e-016  7.006406e-001
      vertex  3.497088e-001 -1.250000e-001  7.006406e-001
      vertex  4.618151e-001  2.889393e-016  6.407186e-001
    endloop
  endfacet
  facet normal  4.713967e-001  0.000000e+000  8.819213e-001
    outer loop
      vertex  4.618151e-001  2.889393e-016  6.407186e-001
      vertex  3.497088e-001 -1.250000e-001  7.006406e-001
      vertex  4.618151e-001 -1.250000e-001  6.407186e-001
    endloop
  endfacet
  facet normal  6.343931e-001  -0.000000e+000  7.730106e-001
    outer loop
      vertex  4.618151e-001  2.889393e-016  6.407186e-001
      vertex  4.618151e-001 -1.250000e-001  6.407186e-001
      vertex  5.600771e-001  2.908955e-016  5.600771e-001
    endloop
  endfacet
  facet normal  6.343931e-001  0.000000e+000  7.730106e-001
    outer loop
      vertex  5.600771e-001  2.908955e-016  5.600771e-001
      vertex  4.618151e-001 -1.250000e-001  6.407186e-001
      vertex  5.600771e-001 -1.250000e-001  5.600771e-001
    endloop
  endfacet
  facet normal  7.730106e-001  -0.000000e+000  6.343931e-001
    outer loop
      vertex  5.600771e-001  2.908955e-016  5.600771e-001
      vertex  5.600771e-001 -1.250000e-001  5.600771e-001
      vertex  6.407186e-001  2.889393e-016  4.618151e-001
    endloop
  endfacet
  facet normal  7.730106e-001  0.000000e+000  6.343931e-001
    outer loop
      vertex  6.407186e-001  2.889393e-016  4.618151e-001
      vertex  5.600771e-001 -1.250000e-001  5.600771e-001
      vertex  6.407186e-001 -1.250000e-001  4.618151e-001
    endloop
  endfacet
  facet normal  8.819213e-001  -0.000000e+000  4.713967e-001
    outer loop
      vertex  6.407186e-001  2.889393e-016  4.618151e-001
      vertex  6.407186e-001 -1.250000e-001  4.618151e-001
      vertex  7.006406e-001  2.831457e-016  3.497088e-001
    endloop
  endfacet
  facet normal  8.819213e-001  0.000000e+000  4.713967e-001
    outer loop
      vertex  7.006406e-001  2.831457e-016  3.497088e-001
      vertex  6.407186e-001 -1.250000e-001  4.618151e-001
      vertex  7.006406e-001 -1.250000e-001  3.497088e-001
    endloop
  endfacet
  facet normal  9.569403e-001  -0.000000e+000  2.902850e-001
    outer loop
      vertex  7.006406e-001  2.831457e-016  3.497088e-001
      vertex  7.006406e-001 -1.250000e-001  3.497088e-001
      vertex  7.375405e-001  2.737374e-016  2.280664e-001
    endloop
  endfacet
  facet normal  9.569403e-001  0.000000e+000  2.902850e-001
    outer loop
      vertex  7.375405e-001  2.737374e-016  2.280664e-001
      vertex  7.006406e-001 -1.250000e-001  3.497088e-001
      vertex  7.375405e-001 -1.250000e-001  2.280664e-001
    endloop
  endfacet
  facet normal  9.951848e-001  -0.000000e+000  9.801692e-002
    outer loop
      vertex  7.375405e-001  2.737374e-016  2.280664e-001
      vertex  7.375405e-001 -1.250000e-001  2.280664e-001
      vertex  7.500000e-001  2.610759e-016  1.015625e-001
    endloop
  endfacet
  facet normal  9.951848e-001  0.000000e+000  9.801692e-002
    outer loop
      vertex  7.500000e-001  2.610759e-016  1.015625e-001
      vertex  7.375405e-001 -1.250000e-001  2.280664e-001
      vertex  7.500000e-001 -1.250000e-001  1.015625e-001
    endloop
  endfacet
  facet normal -1.000000e+000  -0.000000e+000  0.000000e+000
    outer loop
      vertex -7.500000e-001 -1.250000e-001  7.500000e-001
      vertex -7.500000e-001  1.665335e-016  7.500000e-001
      vertex -7.500000e-001 -1.250000e-001 -7.500000e-001
    endloop
  endfacet
  facet normal -1.000000e+000  0.000000e+000  0.000000e+000
    outer loop
      vertex -7.500000e-001 -1.250000e-001 -7.500000e-001
      vertex -7.500000e-001  1.665335e-016  7.500000e-001
      vertex -7.500000e-001  0.000000e+000 -7.500000e-001
    endloop
  endfacet
  facet normal  0.000000e+000  0.000000e+000 -1.000000e+000
    outer loop
      vertex -7.500000e-001 -1.250000e-001 -7.500000e-001
      vertex -7.500000e-001  0.000000e+000 -7.500000e-001
      vertex  7.500000e-001 -1.250000e-001 -7.500000e-001
    endloop
  endfacet
  facet normal  0.000000e+000  0.000000e+000 -1.000000e+000
    outer loop
      vertex  7.500000e-001 -1.250000e-001 -7.500000e-001
      vertex -7.500000e-001  0.000000e+000 -7.500000e-001
      vertex  7.500000e-001  1.665335e-016 -7.500000e-001
    endloop
  endfacet
endsolid CATIA STL
