solid CATIA STL
  facet normal -1.232151e-002 -9.999241e-001  0.000000e+000
    outer loop
      vertex  5.625000e-001  3.671875e-001 -1.718750e-001
      vertex  5.663648e-001  3.671399e-001 -1.718750e-001
      vertex  5.625000e-001  3.671875e-001 -1.707237e-001
    endloop
  endfacet
  facet normal  0.000000e+000 -9.991455e-001  4.132986e-002
    outer loop
      vertex  5.625000e-001  3.671875e-001 -1.707237e-001
      vertex  5.663648e-001  3.671399e-001 -1.718750e-001
      vertex  5.663648e-001  3.671875e-001 -1.707237e-001
    endloop
  endfacet
  facet normal  1.232151e-002  9.999241e-001  0.000000e+000
    outer loop
      vertex  5.625000e-001  3.671875e-001 -1.718750e-001
      vertex  5.625000e-001  3.671875e-001 -1.707237e-001
      vertex  5.663648e-001  3.671399e-001 -1.718750e-001
    endloop
  endfacet
  facet normal  0.000000e+000  9.991455e-001 -4.132986e-002
    outer loop
      vertex  5.663648e-001  3.671399e-001 -1.718750e-001
      vertex  5.625000e-001  3.671875e-001 -1.707237e-001
      vertex  5.663648e-001  3.671875e-001 -1.707237e-001
    endloop
  endfacet
endsolid CATIA STL
