solid CATIA STL
  facet normal -9.801740e-002 -9.951847e-001  -0.000000e+000
    outer loop
      vertex -1.640625e-001 -3.750000e-001  0.000000e+000
      vertex -1.640625e-001 -3.750000e-001  6.250000e-002
      vertex -2.052144e-001 -3.709469e-001  0.000000e+000
    endloop
  endfacet
  facet normal -9.801740e-002 -9.951847e-001  0.000000e+000
    outer loop
      vertex -2.052144e-001 -3.709469e-001  0.000000e+000
      vertex -1.640625e-001 -3.750000e-001  6.250000e-002
      vertex -2.052144e-001 -3.709469e-001  6.250000e-002
    endloop
  endfacet
  facet normal -2.902843e-001 -9.569404e-001  -0.000000e+000
    outer loop
      vertex -2.052144e-001 -3.709469e-001  0.000000e+000
      vertex -2.052144e-001 -3.709469e-001  6.250000e-002
      vertex -2.447848e-001 -3.589433e-001  0.000000e+000
    endloop
  endfacet
  facet normal -2.902843e-001 -9.569404e-001  0.000000e+000
    outer loop
      vertex -2.447848e-001 -3.589433e-001  0.000000e+000
      vertex -2.052144e-001 -3.709469e-001  6.250000e-002
      vertex -2.447848e-001 -3.589433e-001  6.250000e-002
    endloop
  endfacet
  facet normal -4.713967e-001 -8.819213e-001  -0.000000e+000
    outer loop
      vertex -2.447848e-001 -3.589433e-001  0.000000e+000
      vertex -2.447848e-001 -3.589433e-001  6.250000e-002
      vertex -2.812531e-001 -3.394506e-001  0.000000e+000
    endloop
  endfacet
  facet normal -4.713967e-001 -8.819213e-001  0.000000e+000
    outer loop
      vertex -2.812531e-001 -3.394506e-001  0.000000e+000
      vertex -2.447848e-001 -3.589433e-001  6.250000e-002
      vertex -2.812531e-001 -3.394506e-001  6.250000e-002
    endloop
  endfacet
  facet normal -6.343931e-001 -7.730106e-001  -0.000000e+000
    outer loop
      vertex -2.812531e-001 -3.394506e-001  0.000000e+000
      vertex -2.812531e-001 -3.394506e-001  6.250000e-002
      vertex -3.132178e-001 -3.132178e-001  0.000000e+000
    endloop
  endfacet
  facet normal -6.343931e-001 -7.730106e-001  0.000000e+000
    outer loop
      vertex -3.132178e-001 -3.132178e-001  0.000000e+000
      vertex -2.812531e-001 -3.394506e-001  6.250000e-002
      vertex -3.132178e-001 -3.132178e-001  6.250000e-002
    endloop
  endfacet
  facet normal -7.730106e-001 -6.343931e-001  -0.000000e+000
    outer loop
      vertex -3.132178e-001 -3.132178e-001  0.000000e+000
      vertex -3.132178e-001 -3.132178e-001  6.250000e-002
      vertex -3.394506e-001 -2.812531e-001  0.000000e+000
    endloop
  endfacet
  facet normal -7.730106e-001 -6.343931e-001  0.000000e+000
    outer loop
      vertex -3.394506e-001 -2.812531e-001  0.000000e+000
      vertex -3.132178e-001 -3.132178e-001  6.250000e-002
      vertex -3.394506e-001 -2.812531e-001  6.250000e-002
    endloop
  endfacet
  facet normal -8.819213e-001 -4.713967e-001  -0.000000e+000
    outer loop
      vertex -3.394506e-001 -2.812531e-001  0.000000e+000
      vertex -3.394506e-001 -2.812531e-001  6.250000e-002
      vertex -3.589433e-001 -2.447848e-001  0.000000e+000
    endloop
  endfacet
  facet normal -8.819213e-001 -4.713967e-001  0.000000e+000
    outer loop
      vertex -3.589433e-001 -2.447848e-001  0.000000e+000
      vertex -3.394506e-001 -2.812531e-001  6.250000e-002
      vertex -3.589433e-001 -2.447848e-001  6.250000e-002
    endloop
  endfacet
  facet normal -9.569404e-001 -2.902843e-001  -0.000000e+000
    outer loop
      vertex -3.589433e-001 -2.447848e-001  0.000000e+000
      vertex -3.589433e-001 -2.447848e-001  6.250000e-002
      vertex -3.709469e-001 -2.052144e-001  0.000000e+000
    endloop
  endfacet
  facet normal -9.569404e-001 -2.902843e-001  0.000000e+000
    outer loop
      vertex -3.709469e-001 -2.052144e-001  0.000000e+000
      vertex -3.589433e-001 -2.447848e-001  6.250000e-002
      vertex -3.709469e-001 -2.052144e-001  6.250000e-002
    endloop
  endfacet
  facet normal -9.951847e-001 -9.801740e-002  -0.000000e+000
    outer loop
      vertex -3.709469e-001 -2.052144e-001  0.000000e+000
      vertex -3.709469e-001 -2.052144e-001  6.250000e-002
      vertex -3.750000e-001 -1.640625e-001  0.000000e+000
    endloop
  endfacet
  facet normal -9.951847e-001 -9.801740e-002  0.000000e+000
    outer loop
      vertex -3.750000e-001 -1.640625e-001  0.000000e+000
      vertex -3.709469e-001 -2.052144e-001  6.250000e-002
      vertex -3.750000e-001 -1.640625e-001  6.250000e-002
    endloop
  endfacet
  facet normal  0.000000e+000  0.000000e+000  1.000000e+000
    outer loop
      vertex -3.281250e-001  3.125000e-001  7.500000e-001
      vertex  3.750000e-001  3.125000e-001  7.500000e-001
      vertex -3.750000e-001  3.678454e-001  7.500000e-001
    endloop
  endfacet
  facet normal  -0.000000e+000  0.000000e+000  1.000000e+000
    outer loop
      vertex -3.750000e-001  3.678454e-001  7.500000e-001
      vertex  3.750000e-001  3.125000e-001  7.500000e-001
      vertex  3.750000e-001  3.678454e-001  7.500000e-001
    endloop
  endfacet
  facet normal -1.000000e+000  0.000000e+000  0.000000e+000
    outer loop
      vertex -3.750000e-001  3.756579e-001  7.109375e-001
      vertex -3.750000e-001  3.671875e-001  6.250000e-002
      vertex -3.750000e-001  3.678454e-001  7.500000e-001
    endloop
  endfacet
  facet normal -1.000000e+000  0.000000e+000  0.000000e+000
    outer loop
      vertex -3.750000e-001 -1.640625e-001  0.000000e+000
      vertex -3.750000e-001 -1.640625e-001  6.250000e-002
      vertex -3.750000e-001  3.756579e-001  0.000000e+000
    endloop
  endfacet
  facet normal -1.000000e+000  0.000000e+000  0.000000e+000
    outer loop
      vertex -3.750000e-001  3.756579e-001  0.000000e+000
      vertex -3.750000e-001 -1.640625e-001  6.250000e-002
      vertex -3.750000e-001  3.671875e-001  6.250000e-002
    endloop
  endfacet
  facet normal -1.000000e+000  0.000000e+000  0.000000e+000
    outer loop
      vertex -3.750000e-001  3.756579e-001  0.000000e+000
      vertex -3.750000e-001  3.671875e-001  6.250000e-002
      vertex -3.750000e-001  3.756579e-001  7.109375e-001
    endloop
  endfacet
  facet normal  9.356596e-004 -9.999991e-001  9.569246e-004
    outer loop
      vertex -3.281250e-001  3.118421e-001  6.250000e-002
      vertex  3.750000e-001  3.125000e-001  6.250000e-002
      vertex -3.281250e-001  3.125000e-001  7.500000e-001
    endloop
  endfacet
  facet normal  0.000000e+000 -1.000000e+000  0.000000e+000
    outer loop
      vertex -3.281250e-001  3.125000e-001  7.500000e-001
      vertex  3.750000e-001  3.125000e-001  6.250000e-002
      vertex  3.750000e-001  3.125000e-001  7.500000e-001
    endloop
  endfacet
  facet normal  -0.000000e+000  -0.000000e+000  1.000000e+000
    outer loop
      vertex -3.750000e-001 -1.640625e-001  6.250000e-002
      vertex -3.709469e-001 -2.052144e-001  6.250000e-002
      vertex -3.589433e-001 -2.447848e-001  6.250000e-002
    endloop
  endfacet
  facet normal  -0.000000e+000  -0.000000e+000  1.000000e+000
    outer loop
      vertex -3.750000e-001 -1.640625e-001  6.250000e-002
      vertex -3.589433e-001 -2.447848e-001  6.250000e-002
      vertex -3.394506e-001 -2.812531e-001  6.250000e-002
    endloop
  endfacet
  facet normal  -0.000000e+000  -0.000000e+000  1.000000e+000
    outer loop
      vertex -3.750000e-001 -1.640625e-001  6.250000e-002
      vertex -3.394506e-001 -2.812531e-001  6.250000e-002
      vertex -3.132178e-001 -3.132178e-001  6.250000e-002
    endloop
  endfacet
  facet normal  -0.000000e+000  -0.000000e+000  1.000000e+000
    outer loop
      vertex -3.750000e-001 -1.640625e-001  6.250000e-002
      vertex -3.132178e-001 -3.132178e-001  6.250000e-002
      vertex -2.812531e-001 -3.394506e-001  6.250000e-002
    endloop
  endfacet
  facet normal  -0.000000e+000  -0.000000e+000  9.999999e-001
    outer loop
      vertex -3.750000e-001 -1.640625e-001  6.250000e-002
      vertex -2.812531e-001 -3.394506e-001  6.250000e-002
      vertex -2.447848e-001 -3.589433e-001  6.250000e-002
    endloop
  endfacet
  facet normal  -0.000000e+000  -0.000000e+000  1.000000e+000
    outer loop
      vertex -3.750000e-001 -1.640625e-001  6.250000e-002
      vertex -2.447848e-001 -3.589433e-001  6.250000e-002
      vertex -2.052144e-001 -3.709469e-001  6.250000e-002
    endloop
  endfacet
  facet normal  -0.000000e+000  -0.000000e+000  1.000000e+000
    outer loop
      vertex -3.750000e-001 -1.640625e-001  6.250000e-002
      vertex -2.052144e-001 -3.709469e-001  6.250000e-002
      vertex -1.640625e-001 -3.750000e-001  6.250000e-002
    endloop
  endfacet
  facet normal  0.000000e+000  -0.000000e+000  1.000000e+000
    outer loop
      vertex -3.750000e-001 -1.640625e-001  6.250000e-002
      vertex -1.640625e-001 -3.750000e-001  6.250000e-002
      vertex  3.750000e-001 -3.750000e-001  6.250000e-002
    endloop
  endfacet
  facet normal  0.000000e+000  -0.000000e+000  1.000000e+000
    outer loop
      vertex -3.750000e-001 -1.640625e-001  6.250000e-002
      vertex  3.750000e-001 -3.750000e-001  6.250000e-002
      vertex  3.750000e-001  3.125000e-001  6.250000e-002
    endloop
  endfacet
  facet normal  0.000000e+000  0.000000e+000  1.000000e+000
    outer loop
      vertex -3.750000e-001 -1.640625e-001  6.250000e-002
      vertex  3.750000e-001  3.125000e-001  6.250000e-002
      vertex -3.281250e-001  3.118421e-001  6.250000e-002
    endloop
  endfacet
  facet normal  0.000000e+000  0.000000e+000  1.000000e+000
    outer loop
      vertex -3.750000e-001 -1.640625e-001  6.250000e-002
      vertex -3.281250e-001  3.118421e-001  6.250000e-002
      vertex -3.750000e-001  3.671875e-001  6.250000e-002
    endloop
  endfacet
  facet normal  0.000000e+000  9.805807e-001  1.961161e-001
    outer loop
      vertex -3.750000e-001  3.678454e-001  7.500000e-001
      vertex  3.750000e-001  3.678454e-001  7.500000e-001
      vertex -3.750000e-001  3.756579e-001  7.109375e-001
    endloop
  endfacet
  facet normal  -0.000000e+000  9.805807e-001  1.961161e-001
    outer loop
      vertex -3.750000e-001  3.756579e-001  7.109375e-001
      vertex  3.750000e-001  3.678454e-001  7.500000e-001
      vertex  3.750000e-001  3.756579e-001  7.109375e-001
    endloop
  endfacet
  facet normal  0.000000e+000  0.000000e+000 -1.000000e+000
    outer loop
      vertex -3.750000e-001 -1.640625e-001  0.000000e+000
      vertex -3.750000e-001  3.756579e-001  0.000000e+000
      vertex  3.359375e-001  3.756579e-001  0.000000e+000
    endloop
  endfacet
  facet normal  0.000000e+000  -0.000000e+000 -1.000000e+000
    outer loop
      vertex -3.750000e-001 -1.640625e-001  0.000000e+000
      vertex  3.359375e-001  3.756579e-001  0.000000e+000
      vertex  3.359375e-001 -3.750000e-001  0.000000e+000
    endloop
  endfacet
  facet normal  0.000000e+000  0.000000e+000 -1.000000e+000
    outer loop
      vertex -3.750000e-001 -1.640625e-001  0.000000e+000
      vertex  3.359375e-001 -3.750000e-001  0.000000e+000
      vertex -1.640625e-001 -3.750000e-001  0.000000e+000
    endloop
  endfacet
  facet normal  0.000000e+000  0.000000e+000 -1.000000e+000
    outer loop
      vertex -3.750000e-001 -1.640625e-001  0.000000e+000
      vertex -1.640625e-001 -3.750000e-001  0.000000e+000
      vertex -2.052144e-001 -3.709469e-001  0.000000e+000
    endloop
  endfacet
  facet normal  0.000000e+000  0.000000e+000 -1.000000e+000
    outer loop
      vertex -3.750000e-001 -1.640625e-001  0.000000e+000
      vertex -2.052144e-001 -3.709469e-001  0.000000e+000
      vertex -2.447848e-001 -3.589433e-001  0.000000e+000
    endloop
  endfacet
  facet normal  0.000000e+000  0.000000e+000 -9.999999e-001
    outer loop
      vertex -3.750000e-001 -1.640625e-001  0.000000e+000
      vertex -2.447848e-001 -3.589433e-001  0.000000e+000
      vertex -2.812531e-001 -3.394506e-001  0.000000e+000
    endloop
  endfacet
  facet normal  0.000000e+000  0.000000e+000 -1.000000e+000
    outer loop
      vertex -3.750000e-001 -1.640625e-001  0.000000e+000
      vertex -2.812531e-001 -3.394506e-001  0.000000e+000
      vertex -3.132178e-001 -3.132178e-001  0.000000e+000
    endloop
  endfacet
  facet normal  0.000000e+000  0.000000e+000 -1.000000e+000
    outer loop
      vertex -3.750000e-001 -1.640625e-001  0.000000e+000
      vertex -3.132178e-001 -3.132178e-001  0.000000e+000
      vertex -3.394506e-001 -2.812531e-001  0.000000e+000
    endloop
  endfacet
  facet normal  0.000000e+000  0.000000e+000 -1.000000e+000
    outer loop
      vertex -3.750000e-001 -1.640625e-001  0.000000e+000
      vertex -3.394506e-001 -2.812531e-001  0.000000e+000
      vertex -3.589433e-001 -2.447848e-001  0.000000e+000
    endloop
  endfacet
  facet normal  0.000000e+000  0.000000e+000 -1.000000e+000
    outer loop
      vertex -3.750000e-001 -1.640625e-001  0.000000e+000
      vertex -3.589433e-001 -2.447848e-001  0.000000e+000
      vertex -3.709469e-001 -2.052144e-001  0.000000e+000
    endloop
  endfacet
  facet normal -7.630849e-001 -6.462979e-001  6.184590e-004
    outer loop
      vertex -3.750000e-001  3.678454e-001  7.500000e-001
      vertex -3.750000e-001  3.671875e-001  6.250000e-002
      vertex -3.281250e-001  3.125000e-001  7.500000e-001
    endloop
  endfacet
  facet normal -7.630849e-001 -6.462979e-001  6.184590e-004
    outer loop
      vertex -3.281250e-001  3.125000e-001  7.500000e-001
      vertex -3.750000e-001  3.671875e-001  6.250000e-002
      vertex -3.281250e-001  3.118421e-001  6.250000e-002
    endloop
  endfacet
  facet normal  0.000000e+000  1.000000e+000  0.000000e+000
    outer loop
      vertex -3.750000e-001  3.756579e-001  7.109375e-001
      vertex  3.750000e-001  3.756579e-001  7.109375e-001
      vertex -3.750000e-001  3.756579e-001  0.000000e+000
    endloop
  endfacet
  facet normal  0.000000e+000  1.000000e+000  0.000000e+000
    outer loop
      vertex -3.750000e-001  3.756579e-001  0.000000e+000
      vertex  3.750000e-001  3.756579e-001  7.109375e-001
      vertex  3.750000e-001  3.756579e-001  3.906250e-002
    endloop
  endfacet
  facet normal  0.000000e+000  1.000000e+000  0.000000e+000
    outer loop
      vertex -3.750000e-001  3.756579e-001  0.000000e+000
      vertex  3.750000e-001  3.756579e-001  3.906250e-002
      vertex  3.359375e-001  3.756579e-001  0.000000e+000
    endloop
  endfacet
  facet normal  1.000000e+000  0.000000e+000  -0.000000e+000
    outer loop
      vertex  3.750000e-001  3.678454e-001  7.500000e-001
      vertex  3.750000e-001  3.756579e-001  3.906250e-002
      vertex  3.750000e-001  3.756579e-001  7.109375e-001
    endloop
  endfacet
  facet normal  1.000000e+000  -0.000000e+000  0.000000e+000
    outer loop
      vertex  3.750000e-001  3.678454e-001  7.500000e-001
      vertex  3.750000e-001  3.125000e-001  7.500000e-001
      vertex  3.750000e-001  3.756579e-001  3.906250e-002
    endloop
  endfacet
  facet normal  1.000000e+000  0.000000e+000  0.000000e+000
    outer loop
      vertex  3.750000e-001  3.756579e-001  3.906250e-002
      vertex  3.750000e-001  3.125000e-001  7.500000e-001
      vertex  3.750000e-001  3.125000e-001  6.250000e-002
    endloop
  endfacet
  facet normal  1.000000e+000  0.000000e+000  0.000000e+000
    outer loop
      vertex  3.750000e-001  3.756579e-001  3.906250e-002
      vertex  3.750000e-001  3.125000e-001  6.250000e-002
      vertex  3.750000e-001 -3.750000e-001  3.906250e-002
    endloop
  endfacet
  facet normal  1.000000e+000  0.000000e+000  0.000000e+000
    outer loop
      vertex  3.750000e-001 -3.750000e-001  3.906250e-002
      vertex  3.750000e-001  3.125000e-001  6.250000e-002
      vertex  3.750000e-001 -3.750000e-001  6.250000e-002
    endloop
  endfacet
  facet normal  0.000000e+000 -1.000000e+000  0.000000e+000
    outer loop
      vertex -1.640625e-001 -3.750000e-001  6.250000e-002
      vertex -1.640625e-001 -3.750000e-001  0.000000e+000
      vertex  3.750000e-001 -3.750000e-001  6.250000e-002
    endloop
  endfacet
  facet normal  0.000000e+000 -1.000000e+000  0.000000e+000
    outer loop
      vertex  3.750000e-001 -3.750000e-001  6.250000e-002
      vertex -1.640625e-001 -3.750000e-001  0.000000e+000
      vertex  3.359375e-001 -3.750000e-001  0.000000e+000
    endloop
  endfacet
  facet normal  0.000000e+000 -1.000000e+000  0.000000e+000
    outer loop
      vertex  3.750000e-001 -3.750000e-001  6.250000e-002
      vertex  3.359375e-001 -3.750000e-001  0.000000e+000
      vertex  3.750000e-001 -3.750000e-001  3.906250e-002
    endloop
  endfacet
  facet normal  7.071068e-001  0.000000e+000 -7.071068e-001
    outer loop
      vertex  3.750000e-001 -3.750000e-001  3.906250e-002
      vertex  3.359375e-001 -3.750000e-001  0.000000e+000
      vertex  3.750000e-001  3.756579e-001  3.906250e-002
    endloop
  endfacet
  facet normal  7.071068e-001  0.000000e+000 -7.071068e-001
    outer loop
      vertex  3.750000e-001  3.756579e-001  3.906250e-002
      vertex  3.359375e-001 -3.750000e-001  0.000000e+000
      vertex  3.359375e-001  3.756579e-001  0.000000e+000
    endloop
  endfacet
endsolid CATIA STL
