solid CATIA STL
  facet normal  1.000000e+000  -0.000000e+000  0.000000e+000
    outer loop
      vertex  1.093750e-001  4.592425e-017  7.500000e-001
      vertex  1.093750e-001  1.148106e-017  1.875000e-001
      vertex  1.093750e-001  7.500000e-001 -4.592425e-017
    endloop
  endfacet
  facet normal  1.000000e+000  0.000000e+000  -0.000000e+000
    outer loop
      vertex  1.093750e-001  4.592425e-017  7.500000e-001
      vertex  1.093750e-001  7.500000e-001 -4.592425e-017
      vertex  1.093750e-001  7.500000e-001  5.625000e-001
    endloop
  endfacet
  facet normal  9.999999e-001  0.000000e+000  0.000000e+000
    outer loop
      vertex  1.093750e-001  4.592425e-017  7.500000e-001
      vertex  1.093750e-001  7.500000e-001  5.625000e-001
      vertex  1.093750e-001  7.463973e-001  5.990794e-001
    endloop
  endfacet
  facet normal  1.000000e+000  0.000000e+000  0.000000e+000
    outer loop
      vertex  1.093750e-001  4.592425e-017  7.500000e-001
      vertex  1.093750e-001  7.463973e-001  5.990794e-001
      vertex  1.093750e-001  7.357274e-001  6.342531e-001
    endloop
  endfacet
  facet normal  9.999999e-001  0.000000e+000  0.000000e+000
    outer loop
      vertex  1.093750e-001  4.592425e-017  7.500000e-001
      vertex  1.093750e-001  7.357274e-001  6.342531e-001
      vertex  1.093750e-001  7.184005e-001  6.666694e-001
    endloop
  endfacet
  facet normal  1.000000e+000  0.000000e+000  0.000000e+000
    outer loop
      vertex  1.093750e-001  4.592425e-017  7.500000e-001
      vertex  1.093750e-001  7.184005e-001  6.666694e-001
      vertex  1.093750e-001  6.950825e-001  6.950825e-001
    endloop
  endfacet
  facet normal  9.999999e-001  0.000000e+000  0.000000e+000
    outer loop
      vertex  1.093750e-001  4.592425e-017  7.500000e-001
      vertex  1.093750e-001  6.950825e-001  6.950825e-001
      vertex  1.093750e-001  6.666694e-001  7.184005e-001
    endloop
  endfacet
  facet normal  1.000000e+000  0.000000e+000  0.000000e+000
    outer loop
      vertex  1.093750e-001  4.592425e-017  7.500000e-001
      vertex  1.093750e-001  6.666694e-001  7.184005e-001
      vertex  1.093750e-001  6.342531e-001  7.357274e-001
    endloop
  endfacet
  facet normal  1.000000e+000  0.000000e+000  0.000000e+000
    outer loop
      vertex  1.093750e-001  4.592425e-017  7.500000e-001
      vertex  1.093750e-001  6.342531e-001  7.357274e-001
      vertex  1.093750e-001  5.990794e-001  7.463973e-001
    endloop
  endfacet
  facet normal  1.000000e+000  0.000000e+000  0.000000e+000
    outer loop
      vertex  1.093750e-001  4.592425e-017  7.500000e-001
      vertex  1.093750e-001  5.990794e-001  7.463973e-001
      vertex  1.093750e-001  5.625000e-001  7.500000e-001
    endloop
  endfacet
  facet normal  1.000000e+000  -0.000000e+000  -0.000000e+000
    outer loop
      vertex  1.093750e-001  1.148106e-017  1.875000e-001
      vertex  1.093750e-001  3.602760e-003  1.509206e-001
      vertex  1.093750e-001  1.427259e-002  1.157469e-001
    endloop
  endfacet
  facet normal  9.999999e-001  -0.000000e+000  -0.000000e+000
    outer loop
      vertex  1.093750e-001  1.148106e-017  1.875000e-001
      vertex  1.093750e-001  1.427259e-002  1.157469e-001
      vertex  1.093750e-001  3.159945e-002  8.333058e-002
    endloop
  endfacet
  facet normal  1.000000e+000  -0.000000e+000  -0.000000e+000
    outer loop
      vertex  1.093750e-001  1.148106e-017  1.875000e-001
      vertex  1.093750e-001  3.159945e-002  8.333058e-002
      vertex  1.093750e-001  5.491748e-002  5.491748e-002
    endloop
  endfacet
  facet normal  1.000000e+000  -0.000000e+000  -0.000000e+000
    outer loop
      vertex  1.093750e-001  1.148106e-017  1.875000e-001
      vertex  1.093750e-001  5.491748e-002  5.491748e-002
      vertex  1.093750e-001  8.333058e-002  3.159945e-002
    endloop
  endfacet
  facet normal  1.000000e+000  -0.000000e+000  -0.000000e+000
    outer loop
      vertex  1.093750e-001  1.148106e-017  1.875000e-001
      vertex  1.093750e-001  8.333058e-002  3.159945e-002
      vertex  1.093750e-001  1.157469e-001  1.427259e-002
    endloop
  endfacet
  facet normal  1.000000e+000  -0.000000e+000  -0.000000e+000
    outer loop
      vertex  1.093750e-001  1.148106e-017  1.875000e-001
      vertex  1.093750e-001  1.157469e-001  1.427259e-002
      vertex  1.093750e-001  1.509206e-001  3.602760e-003
    endloop
  endfacet
  facet normal  1.000000e+000  -0.000000e+000  -0.000000e+000
    outer loop
      vertex  1.093750e-001  1.148106e-017  1.875000e-001
      vertex  1.093750e-001  1.509206e-001  3.602760e-003
      vertex  1.093750e-001  1.875000e-001 -1.148106e-017
    endloop
  endfacet
  facet normal  1.000000e+000  -0.000000e+000  -0.000000e+000
    outer loop
      vertex  1.093750e-001  1.148106e-017  1.875000e-001
      vertex  1.093750e-001  1.875000e-001 -1.148106e-017
      vertex  1.093750e-001  7.500000e-001 -4.592425e-017
    endloop
  endfacet
  facet normal -1.000000e+000  -0.000000e+000  -0.000000e+000
    outer loop
      vertex  0.000000e+000  4.592425e-017  7.500000e-001
      vertex  0.000000e+000  5.625000e-001  7.500000e-001
      vertex  0.000000e+000  5.990794e-001  7.463973e-001
    endloop
  endfacet
  facet normal -1.000000e+000  -0.000000e+000  -0.000000e+000
    outer loop
      vertex  0.000000e+000  4.592425e-017  7.500000e-001
      vertex  0.000000e+000  5.990794e-001  7.463973e-001
      vertex  0.000000e+000  6.342531e-001  7.357274e-001
    endloop
  endfacet
  facet normal -1.000000e+000  -0.000000e+000  -0.000000e+000
    outer loop
      vertex  0.000000e+000  4.592425e-017  7.500000e-001
      vertex  0.000000e+000  6.342531e-001  7.357274e-001
      vertex  0.000000e+000  6.666694e-001  7.184005e-001
    endloop
  endfacet
  facet normal -9.999999e-001  -0.000000e+000  -0.000000e+000
    outer loop
      vertex  0.000000e+000  4.592425e-017  7.500000e-001
      vertex  0.000000e+000  6.666694e-001  7.184005e-001
      vertex  0.000000e+000  6.950825e-001  6.950825e-001
    endloop
  endfacet
  facet normal -1.000000e+000  -0.000000e+000  -0.000000e+000
    outer loop
      vertex  0.000000e+000  4.592425e-017  7.500000e-001
      vertex  0.000000e+000  6.950825e-001  6.950825e-001
      vertex  0.000000e+000  7.184005e-001  6.666694e-001
    endloop
  endfacet
  facet normal -9.999999e-001  -0.000000e+000  -0.000000e+000
    outer loop
      vertex  0.000000e+000  4.592425e-017  7.500000e-001
      vertex  0.000000e+000  7.184005e-001  6.666694e-001
      vertex  0.000000e+000  7.357274e-001  6.342531e-001
    endloop
  endfacet
  facet normal -1.000000e+000  -0.000000e+000  -0.000000e+000
    outer loop
      vertex  0.000000e+000  4.592425e-017  7.500000e-001
      vertex  0.000000e+000  7.357274e-001  6.342531e-001
      vertex  0.000000e+000  7.463973e-001  5.990794e-001
    endloop
  endfacet
  facet normal -9.999999e-001  -0.000000e+000  -0.000000e+000
    outer loop
      vertex  0.000000e+000  4.592425e-017  7.500000e-001
      vertex  0.000000e+000  7.463973e-001  5.990794e-001
      vertex  0.000000e+000  7.500000e-001  5.625000e-001
    endloop
  endfacet
  facet normal -1.000000e+000  -0.000000e+000  -0.000000e+000
    outer loop
      vertex  0.000000e+000  4.592425e-017  7.500000e-001
      vertex  0.000000e+000  7.500000e-001  5.625000e-001
      vertex  0.000000e+000  7.500000e-001 -4.592425e-017
    endloop
  endfacet
  facet normal -1.000000e+000  0.000000e+000  0.000000e+000
    outer loop
      vertex  0.000000e+000  4.592425e-017  7.500000e-001
      vertex  0.000000e+000  7.500000e-001 -4.592425e-017
      vertex  0.000000e+000  1.148106e-017  1.875000e-001
    endloop
  endfacet
  facet normal -1.000000e+000  0.000000e+000  0.000000e+000
    outer loop
      vertex  0.000000e+000  1.148106e-017  1.875000e-001
      vertex  0.000000e+000  7.500000e-001 -4.592425e-017
      vertex  0.000000e+000  1.875000e-001 -1.148106e-017
    endloop
  endfacet
  facet normal -1.000000e+000  0.000000e+000  0.000000e+000
    outer loop
      vertex  0.000000e+000  1.148106e-017  1.875000e-001
      vertex  0.000000e+000  1.875000e-001 -1.148106e-017
      vertex  0.000000e+000  1.509206e-001  3.602760e-003
    endloop
  endfacet
  facet normal -1.000000e+000  0.000000e+000  0.000000e+000
    outer loop
      vertex  0.000000e+000  1.148106e-017  1.875000e-001
      vertex  0.000000e+000  1.509206e-001  3.602760e-003
      vertex  0.000000e+000  1.157469e-001  1.427259e-002
    endloop
  endfacet
  facet normal -1.000000e+000  0.000000e+000  0.000000e+000
    outer loop
      vertex  0.000000e+000  1.148106e-017  1.875000e-001
      vertex  0.000000e+000  1.157469e-001  1.427259e-002
      vertex  0.000000e+000  8.333058e-002  3.159945e-002
    endloop
  endfacet
  facet normal -1.000000e+000  0.000000e+000  0.000000e+000
    outer loop
      vertex  0.000000e+000  1.148106e-017  1.875000e-001
      vertex  0.000000e+000  8.333058e-002  3.159945e-002
      vertex  0.000000e+000  5.491748e-002  5.491748e-002
    endloop
  endfacet
  facet normal -1.000000e+000  0.000000e+000  0.000000e+000
    outer loop
      vertex  0.000000e+000  1.148106e-017  1.875000e-001
      vertex  0.000000e+000  5.491748e-002  5.491748e-002
      vertex  0.000000e+000  3.159945e-002  8.333058e-002
    endloop
  endfacet
  facet normal -9.999999e-001  0.000000e+000  0.000000e+000
    outer loop
      vertex  0.000000e+000  1.148106e-017  1.875000e-001
      vertex  0.000000e+000  3.159945e-002  8.333058e-002
      vertex  0.000000e+000  1.427259e-002  1.157469e-001
    endloop
  endfacet
  facet normal -1.000000e+000  0.000000e+000  0.000000e+000
    outer loop
      vertex  0.000000e+000  1.148106e-017  1.875000e-001
      vertex  0.000000e+000  1.427259e-002  1.157469e-001
      vertex  0.000000e+000  3.602760e-003  1.509206e-001
    endloop
  endfacet
  facet normal  0.000000e+000 -1.000000e+000  6.123234e-017
    outer loop
      vertex  1.093750e-001  4.592425e-017  7.500000e-001
      vertex  0.000000e+000  4.592425e-017  7.500000e-001
      vertex  1.093750e-001  1.148106e-017  1.875000e-001
    endloop
  endfacet
  facet normal  0.000000e+000 -1.000000e+000  6.123234e-017
    outer loop
      vertex  1.093750e-001  1.148106e-017  1.875000e-001
      vertex  0.000000e+000  4.592425e-017  7.500000e-001
      vertex  0.000000e+000  1.148106e-017  1.875000e-001
    endloop
  endfacet
  facet normal  0.000000e+000 -6.123234e-017 -1.000000e+000
    outer loop
      vertex  1.093750e-001  1.875000e-001 -1.148106e-017
      vertex  0.000000e+000  1.875000e-001 -1.148106e-017
      vertex  1.093750e-001  7.500000e-001 -4.592425e-017
    endloop
  endfacet
  facet normal  -0.000000e+000 -6.123234e-017 -1.000000e+000
    outer loop
      vertex  1.093750e-001  7.500000e-001 -4.592425e-017
      vertex  0.000000e+000  1.875000e-001 -1.148106e-017
      vertex  0.000000e+000  7.500000e-001 -4.592425e-017
    endloop
  endfacet
  facet normal  -0.000000e+000 -9.801716e-002 -9.951847e-001
    outer loop
      vertex  0.000000e+000  1.875000e-001 -1.148106e-017
      vertex  1.093750e-001  1.875000e-001 -1.148106e-017
      vertex  0.000000e+000  1.509206e-001  3.602760e-003
    endloop
  endfacet
  facet normal  0.000000e+000 -9.801716e-002 -9.951847e-001
    outer loop
      vertex  0.000000e+000  1.509206e-001  3.602760e-003
      vertex  1.093750e-001  1.875000e-001 -1.148106e-017
      vertex  1.093750e-001  1.509206e-001  3.602760e-003
    endloop
  endfacet
  facet normal  -0.000000e+000 -2.902846e-001 -9.569403e-001
    outer loop
      vertex  0.000000e+000  1.509206e-001  3.602760e-003
      vertex  1.093750e-001  1.509206e-001  3.602760e-003
      vertex  0.000000e+000  1.157469e-001  1.427259e-002
    endloop
  endfacet
  facet normal  0.000000e+000 -2.902846e-001 -9.569403e-001
    outer loop
      vertex  0.000000e+000  1.157469e-001  1.427259e-002
      vertex  1.093750e-001  1.509206e-001  3.602760e-003
      vertex  1.093750e-001  1.157469e-001  1.427259e-002
    endloop
  endfacet
  facet normal  -0.000000e+000 -4.713967e-001 -8.819213e-001
    outer loop
      vertex  0.000000e+000  1.157469e-001  1.427259e-002
      vertex  1.093750e-001  1.157469e-001  1.427259e-002
      vertex  0.000000e+000  8.333058e-002  3.159945e-002
    endloop
  endfacet
  facet normal  0.000000e+000 -4.713967e-001 -8.819213e-001
    outer loop
      vertex  0.000000e+000  8.333058e-002  3.159945e-002
      vertex  1.093750e-001  1.157469e-001  1.427259e-002
      vertex  1.093750e-001  8.333058e-002  3.159945e-002
    endloop
  endfacet
  facet normal  -0.000000e+000 -6.343933e-001 -7.730104e-001
    outer loop
      vertex  0.000000e+000  8.333058e-002  3.159945e-002
      vertex  1.093750e-001  8.333058e-002  3.159945e-002
      vertex  0.000000e+000  5.491748e-002  5.491748e-002
    endloop
  endfacet
  facet normal  0.000000e+000 -6.343933e-001 -7.730104e-001
    outer loop
      vertex  0.000000e+000  5.491748e-002  5.491748e-002
      vertex  1.093750e-001  8.333058e-002  3.159945e-002
      vertex  1.093750e-001  5.491748e-002  5.491748e-002
    endloop
  endfacet
  facet normal  -0.000000e+000 -7.730104e-001 -6.343933e-001
    outer loop
      vertex  0.000000e+000  5.491748e-002  5.491748e-002
      vertex  1.093750e-001  5.491748e-002  5.491748e-002
      vertex  0.000000e+000  3.159945e-002  8.333058e-002
    endloop
  endfacet
  facet normal  0.000000e+000 -7.730104e-001 -6.343933e-001
    outer loop
      vertex  0.000000e+000  3.159945e-002  8.333058e-002
      vertex  1.093750e-001  5.491748e-002  5.491748e-002
      vertex  1.093750e-001  3.159945e-002  8.333058e-002
    endloop
  endfacet
  facet normal  -0.000000e+000 -8.819213e-001 -4.713967e-001
    outer loop
      vertex  0.000000e+000  3.159945e-002  8.333058e-002
      vertex  1.093750e-001  3.159945e-002  8.333058e-002
      vertex  0.000000e+000  1.427259e-002  1.157469e-001
    endloop
  endfacet
  facet normal  0.000000e+000 -8.819213e-001 -4.713967e-001
    outer loop
      vertex  0.000000e+000  1.427259e-002  1.157469e-001
      vertex  1.093750e-001  3.159945e-002  8.333058e-002
      vertex  1.093750e-001  1.427259e-002  1.157469e-001
    endloop
  endfacet
  facet normal  -0.000000e+000 -9.569403e-001 -2.902846e-001
    outer loop
      vertex  0.000000e+000  1.427259e-002  1.157469e-001
      vertex  1.093750e-001  1.427259e-002  1.157469e-001
      vertex  0.000000e+000  3.602760e-003  1.509206e-001
    endloop
  endfacet
  facet normal  0.000000e+000 -9.569403e-001 -2.902846e-001
    outer loop
      vertex  0.000000e+000  3.602760e-003  1.509206e-001
      vertex  1.093750e-001  1.427259e-002  1.157469e-001
      vertex  1.093750e-001  3.602760e-003  1.509206e-001
    endloop
  endfacet
  facet normal  -0.000000e+000 -9.951847e-001 -9.801716e-002
    outer loop
      vertex  0.000000e+000  3.602760e-003  1.509206e-001
      vertex  1.093750e-001  3.602760e-003  1.509206e-001
      vertex  0.000000e+000  1.148106e-017  1.875000e-001
    endloop
  endfacet
  facet normal  0.000000e+000 -9.951847e-001 -9.801716e-002
    outer loop
      vertex  0.000000e+000  1.148106e-017  1.875000e-001
      vertex  1.093750e-001  3.602760e-003  1.509206e-001
      vertex  1.093750e-001  1.148106e-017  1.875000e-001
    endloop
  endfacet
  facet normal  -0.000000e+000  0.000000e+000  1.000000e+000
    outer loop
      vertex  1.093750e-001  5.625000e-001  7.500000e-001
      vertex  0.000000e+000  5.625000e-001  7.500000e-001
      vertex  1.093750e-001  4.592425e-017  7.500000e-001
    endloop
  endfacet
  facet normal  0.000000e+000  0.000000e+000  1.000000e+000
    outer loop
      vertex  1.093750e-001  4.592425e-017  7.500000e-001
      vertex  0.000000e+000  5.625000e-001  7.500000e-001
      vertex  0.000000e+000  4.592425e-017  7.500000e-001
    endloop
  endfacet
  facet normal  0.000000e+000  1.000000e+000  0.000000e+000
    outer loop
      vertex  1.093750e-001  7.500000e-001 -4.592425e-017
      vertex  0.000000e+000  7.500000e-001 -4.592425e-017
      vertex  1.093750e-001  7.500000e-001  5.625000e-001
    endloop
  endfacet
  facet normal  0.000000e+000  1.000000e+000  0.000000e+000
    outer loop
      vertex  1.093750e-001  7.500000e-001  5.625000e-001
      vertex  0.000000e+000  7.500000e-001 -4.592425e-017
      vertex  0.000000e+000  7.500000e-001  5.625000e-001
    endloop
  endfacet
  facet normal  0.000000e+000  9.801670e-002  9.951847e-001
    outer loop
      vertex  0.000000e+000  5.625000e-001  7.500000e-001
      vertex  1.093750e-001  5.625000e-001  7.500000e-001
      vertex  0.000000e+000  5.990794e-001  7.463973e-001
    endloop
  endfacet
  facet normal  -0.000000e+000  9.801670e-002  9.951847e-001
    outer loop
      vertex  0.000000e+000  5.990794e-001  7.463973e-001
      vertex  1.093750e-001  5.625000e-001  7.500000e-001
      vertex  1.093750e-001  5.990794e-001  7.463973e-001
    endloop
  endfacet
  facet normal  0.000000e+000  2.902846e-001  9.569403e-001
    outer loop
      vertex  0.000000e+000  5.990794e-001  7.463973e-001
      vertex  1.093750e-001  5.990794e-001  7.463973e-001
      vertex  0.000000e+000  6.342531e-001  7.357274e-001
    endloop
  endfacet
  facet normal  -0.000000e+000  2.902846e-001  9.569403e-001
    outer loop
      vertex  0.000000e+000  6.342531e-001  7.357274e-001
      vertex  1.093750e-001  5.990794e-001  7.463973e-001
      vertex  1.093750e-001  6.342531e-001  7.357274e-001
    endloop
  endfacet
  facet normal  0.000000e+000  4.713973e-001  8.819209e-001
    outer loop
      vertex  0.000000e+000  6.342531e-001  7.357274e-001
      vertex  1.093750e-001  6.342531e-001  7.357274e-001
      vertex  0.000000e+000  6.666694e-001  7.184005e-001
    endloop
  endfacet
  facet normal  -0.000000e+000  4.713973e-001  8.819209e-001
    outer loop
      vertex  0.000000e+000  6.666694e-001  7.184005e-001
      vertex  1.093750e-001  6.342531e-001  7.357274e-001
      vertex  1.093750e-001  6.666694e-001  7.184005e-001
    endloop
  endfacet
  facet normal  0.000000e+000  6.343925e-001  7.730111e-001
    outer loop
      vertex  0.000000e+000  6.666694e-001  7.184005e-001
      vertex  1.093750e-001  6.666694e-001  7.184005e-001
      vertex  0.000000e+000  6.950825e-001  6.950825e-001
    endloop
  endfacet
  facet normal  -0.000000e+000  6.343925e-001  7.730111e-001
    outer loop
      vertex  0.000000e+000  6.950825e-001  6.950825e-001
      vertex  1.093750e-001  6.666694e-001  7.184005e-001
      vertex  1.093750e-001  6.950825e-001  6.950825e-001
    endloop
  endfacet
  facet normal  0.000000e+000  7.730111e-001  6.343925e-001
    outer loop
      vertex  0.000000e+000  6.950825e-001  6.950825e-001
      vertex  1.093750e-001  6.950825e-001  6.950825e-001
      vertex  0.000000e+000  7.184005e-001  6.666694e-001
    endloop
  endfacet
  facet normal  -0.000000e+000  7.730111e-001  6.343925e-001
    outer loop
      vertex  0.000000e+000  7.184005e-001  6.666694e-001
      vertex  1.093750e-001  6.950825e-001  6.950825e-001
      vertex  1.093750e-001  7.184005e-001  6.666694e-001
    endloop
  endfacet
  facet normal  0.000000e+000  8.819209e-001  4.713973e-001
    outer loop
      vertex  0.000000e+000  7.184005e-001  6.666694e-001
      vertex  1.093750e-001  7.184005e-001  6.666694e-001
      vertex  0.000000e+000  7.357274e-001  6.342531e-001
    endloop
  endfacet
  facet normal  -0.000000e+000  8.819209e-001  4.713973e-001
    outer loop
      vertex  0.000000e+000  7.357274e-001  6.342531e-001
      vertex  1.093750e-001  7.184005e-001  6.666694e-001
      vertex  1.093750e-001  7.357274e-001  6.342531e-001
    endloop
  endfacet
  facet normal  0.000000e+000  9.569403e-001  2.902846e-001
    outer loop
      vertex  0.000000e+000  7.357274e-001  6.342531e-001
      vertex  1.093750e-001  7.357274e-001  6.342531e-001
      vertex  0.000000e+000  7.463973e-001  5.990794e-001
    endloop
  endfacet
  facet normal  -0.000000e+000  9.569403e-001  2.902846e-001
    outer loop
      vertex  0.000000e+000  7.463973e-001  5.990794e-001
      vertex  1.093750e-001  7.357274e-001  6.342531e-001
      vertex  1.093750e-001  7.463973e-001  5.990794e-001
    endloop
  endfacet
  facet normal  0.000000e+000  9.951847e-001  9.801670e-002
    outer loop
      vertex  0.000000e+000  7.463973e-001  5.990794e-001
      vertex  1.093750e-001  7.463973e-001  5.990794e-001
      vertex  0.000000e+000  7.500000e-001  5.625000e-001
    endloop
  endfacet
  facet normal  -0.000000e+000  9.951847e-001  9.801670e-002
    outer loop
      vertex  0.000000e+000  7.500000e-001  5.625000e-001
      vertex  1.093750e-001  7.463973e-001  5.990794e-001
      vertex  1.093750e-001  7.500000e-001  5.625000e-001
    endloop
  endfacet
endsolid CATIA STL
