solid CATIA STL
  facet normal  0.000000e+000 -7.071068e-001 -7.071068e-001
    outer loop
      vertex  7.812500e-002  7.812500e-002  0.000000e+000
      vertex  7.812500e-002  0.000000e+000  7.812500e-002
      vertex  3.906250e-002  3.906250e-002  3.906250e-002
    endloop
  endfacet
  facet normal  0.000000e+000 -7.071068e-001 -7.071068e-001
    outer loop
      vertex  7.109375e-001  3.906250e-002  3.906250e-002
      vertex  6.718750e-001  0.000000e+000  7.812500e-002
      vertex  6.718750e-001  7.812500e-002  0.000000e+000
    endloop
  endfacet
  facet normal  0.000000e+000 -7.071067e-001 -7.071067e-001
    outer loop
      vertex  6.718750e-001  7.812500e-002  0.000000e+000
      vertex  6.718750e-001  0.000000e+000  7.812500e-002
      vertex  7.812500e-002  0.000000e+000  7.812500e-002
    endloop
  endfacet
  facet normal  0.000000e+000 -7.071067e-001 -7.071067e-001
    outer loop
      vertex  6.718750e-001  7.812500e-002  0.000000e+000
      vertex  7.812500e-002  0.000000e+000  7.812500e-002
      vertex  7.812500e-002  7.812500e-002  0.000000e+000
    endloop
  endfacet
  facet normal -7.071068e-001 -7.071068e-001  0.000000e+000
    outer loop
      vertex  3.906250e-002  3.906250e-002  3.906250e-002
      vertex  7.812500e-002  0.000000e+000  7.812500e-002
      vertex  0.000000e+000  7.812500e-002  7.812500e-002
    endloop
  endfacet
  facet normal -7.071067e-001 -7.071067e-001  0.000000e+000
    outer loop
      vertex  0.000000e+000  7.812500e-002  7.812500e-002
      vertex  7.812500e-002  0.000000e+000  7.812500e-002
      vertex  0.000000e+000  7.812500e-002  6.718750e-001
    endloop
  endfacet
  facet normal -7.071067e-001 -7.071067e-001  0.000000e+000
    outer loop
      vertex  0.000000e+000  7.812500e-002  6.718750e-001
      vertex  7.812500e-002  0.000000e+000  7.812500e-002
      vertex  7.812500e-002  0.000000e+000  6.718750e-001
    endloop
  endfacet
  facet normal -7.071068e-001 -7.071068e-001  0.000000e+000
    outer loop
      vertex  0.000000e+000  7.812500e-002  6.718750e-001
      vertex  7.812500e-002  0.000000e+000  6.718750e-001
      vertex  3.906250e-002  3.906250e-002  7.109375e-001
    endloop
  endfacet
  facet normal  0.000000e+000  0.000000e+000 -1.000000e+000
    outer loop
      vertex  7.812500e-002  7.812500e-002  0.000000e+000
      vertex  7.812500e-002  6.718750e-001  0.000000e+000
      vertex  6.718750e-001  7.812500e-002  0.000000e+000
    endloop
  endfacet
  facet normal  0.000000e+000  0.000000e+000 -1.000000e+000
    outer loop
      vertex  6.718750e-001  7.812500e-002  0.000000e+000
      vertex  7.812500e-002  6.718750e-001  0.000000e+000
      vertex  6.718750e-001  6.718750e-001  0.000000e+000
    endloop
  endfacet
  facet normal -1.000000e+000  0.000000e+000  0.000000e+000
    outer loop
      vertex  0.000000e+000  6.718750e-001  7.812500e-002
      vertex  0.000000e+000  7.812500e-002  7.812500e-002
      vertex  0.000000e+000  6.718750e-001  6.718750e-001
    endloop
  endfacet
  facet normal -1.000000e+000  -0.000000e+000  0.000000e+000
    outer loop
      vertex  0.000000e+000  6.718750e-001  6.718750e-001
      vertex  0.000000e+000  7.812500e-002  7.812500e-002
      vertex  0.000000e+000  7.812500e-002  6.718750e-001
    endloop
  endfacet
  facet normal -7.071068e-001  7.071068e-001  0.000000e+000
    outer loop
      vertex  0.000000e+000  6.718750e-001  7.812500e-002
      vertex  7.812500e-002  7.500000e-001  7.812500e-002
      vertex  3.906250e-002  7.109375e-001  3.906250e-002
    endloop
  endfacet
  facet normal -7.071068e-001  7.071068e-001  0.000000e+000
    outer loop
      vertex  3.906250e-002  7.109375e-001  7.109375e-001
      vertex  7.812500e-002  7.500000e-001  6.718750e-001
      vertex  0.000000e+000  6.718750e-001  6.718750e-001
    endloop
  endfacet
  facet normal -7.071067e-001  7.071067e-001  0.000000e+000
    outer loop
      vertex  0.000000e+000  6.718750e-001  6.718750e-001
      vertex  7.812500e-002  7.500000e-001  6.718750e-001
      vertex  7.812500e-002  7.500000e-001  7.812500e-002
    endloop
  endfacet
  facet normal -7.071067e-001  7.071067e-001  0.000000e+000
    outer loop
      vertex  0.000000e+000  6.718750e-001  6.718750e-001
      vertex  7.812500e-002  7.500000e-001  7.812500e-002
      vertex  0.000000e+000  6.718750e-001  7.812500e-002
    endloop
  endfacet
  facet normal  0.000000e+000  7.071068e-001 -7.071068e-001
    outer loop
      vertex  7.109375e-001  7.109375e-001  3.906250e-002
      vertex  6.718750e-001  6.718750e-001  0.000000e+000
      vertex  6.718750e-001  7.500000e-001  7.812500e-002
    endloop
  endfacet
  facet normal  0.000000e+000  7.071068e-001 -7.071068e-001
    outer loop
      vertex  3.906250e-002  7.109375e-001  3.906250e-002
      vertex  7.812500e-002  7.500000e-001  7.812500e-002
      vertex  7.812500e-002  6.718750e-001  0.000000e+000
    endloop
  endfacet
  facet normal  0.000000e+000  7.071067e-001 -7.071067e-001
    outer loop
      vertex  7.812500e-002  6.718750e-001  0.000000e+000
      vertex  7.812500e-002  7.500000e-001  7.812500e-002
      vertex  6.718750e-001  7.500000e-001  7.812500e-002
    endloop
  endfacet
  facet normal  0.000000e+000  7.071067e-001 -7.071067e-001
    outer loop
      vertex  7.812500e-002  6.718750e-001  0.000000e+000
      vertex  6.718750e-001  7.500000e-001  7.812500e-002
      vertex  6.718750e-001  6.718750e-001  0.000000e+000
    endloop
  endfacet
  facet normal -7.071068e-001  0.000000e+000 -7.071068e-001
    outer loop
      vertex  3.906250e-002  7.109375e-001  3.906250e-002
      vertex  7.812500e-002  6.718750e-001  0.000000e+000
      vertex  0.000000e+000  6.718750e-001  7.812500e-002
    endloop
  endfacet
  facet normal -7.071068e-001  0.000000e+000 -7.071068e-001
    outer loop
      vertex  3.906250e-002  3.906250e-002  3.906250e-002
      vertex  0.000000e+000  7.812500e-002  7.812500e-002
      vertex  7.812500e-002  7.812500e-002  0.000000e+000
    endloop
  endfacet
  facet normal -7.071067e-001  0.000000e+000 -7.071067e-001
    outer loop
      vertex  7.812500e-002  7.812500e-002  0.000000e+000
      vertex  0.000000e+000  7.812500e-002  7.812500e-002
      vertex  0.000000e+000  6.718750e-001  7.812500e-002
    endloop
  endfacet
  facet normal -7.071067e-001  0.000000e+000 -7.071067e-001
    outer loop
      vertex  7.812500e-002  7.812500e-002  0.000000e+000
      vertex  0.000000e+000  6.718750e-001  7.812500e-002
      vertex  7.812500e-002  6.718750e-001  0.000000e+000
    endloop
  endfacet
  facet normal  0.000000e+000 -1.000000e+000  0.000000e+000
    outer loop
      vertex  7.812500e-002  0.000000e+000  7.812500e-002
      vertex  6.718750e-001  0.000000e+000  7.812500e-002
      vertex  7.812500e-002  0.000000e+000  6.718750e-001
    endloop
  endfacet
  facet normal  0.000000e+000 -1.000000e+000  0.000000e+000
    outer loop
      vertex  7.812500e-002  0.000000e+000  6.718750e-001
      vertex  6.718750e-001  0.000000e+000  7.812500e-002
      vertex  6.718750e-001  0.000000e+000  6.718750e-001
    endloop
  endfacet
  facet normal  7.071068e-001  0.000000e+000 -7.071068e-001
    outer loop
      vertex  6.718750e-001  7.812500e-002  0.000000e+000
      vertex  7.500000e-001  7.812500e-002  7.812500e-002
      vertex  7.109375e-001  3.906250e-002  3.906250e-002
    endloop
  endfacet
  facet normal  7.071068e-001  0.000000e+000 -7.071068e-001
    outer loop
      vertex  7.109375e-001  7.109375e-001  3.906250e-002
      vertex  7.500000e-001  6.718750e-001  7.812500e-002
      vertex  6.718750e-001  6.718750e-001  0.000000e+000
    endloop
  endfacet
  facet normal  7.071067e-001  0.000000e+000 -7.071067e-001
    outer loop
      vertex  6.718750e-001  6.718750e-001  0.000000e+000
      vertex  7.500000e-001  6.718750e-001  7.812500e-002
      vertex  7.500000e-001  7.812500e-002  7.812500e-002
    endloop
  endfacet
  facet normal  7.071067e-001  0.000000e+000 -7.071067e-001
    outer loop
      vertex  6.718750e-001  6.718750e-001  0.000000e+000
      vertex  7.500000e-001  7.812500e-002  7.812500e-002
      vertex  6.718750e-001  7.812500e-002  0.000000e+000
    endloop
  endfacet
  facet normal  7.071068e-001 -7.071068e-001  0.000000e+000
    outer loop
      vertex  7.109375e-001  3.906250e-002  3.906250e-002
      vertex  7.500000e-001  7.812500e-002  7.812500e-002
      vertex  6.718750e-001  0.000000e+000  7.812500e-002
    endloop
  endfacet
  facet normal  7.071067e-001 -7.071067e-001  0.000000e+000
    outer loop
      vertex  6.718750e-001  0.000000e+000  7.812500e-002
      vertex  7.500000e-001  7.812500e-002  7.812500e-002
      vertex  6.718750e-001  0.000000e+000  6.718750e-001
    endloop
  endfacet
  facet normal  7.071067e-001 -7.071067e-001  0.000000e+000
    outer loop
      vertex  6.718750e-001  0.000000e+000  6.718750e-001
      vertex  7.500000e-001  7.812500e-002  7.812500e-002
      vertex  7.500000e-001  7.812500e-002  6.718750e-001
    endloop
  endfacet
  facet normal  7.071068e-001 -7.071068e-001  0.000000e+000
    outer loop
      vertex  6.718750e-001  0.000000e+000  6.718750e-001
      vertex  7.500000e-001  7.812500e-002  6.718750e-001
      vertex  7.109375e-001  3.906250e-002  7.109375e-001
    endloop
  endfacet
  facet normal -7.071068e-001  0.000000e+000  7.071068e-001
    outer loop
      vertex  3.906250e-002  7.109375e-001  7.109375e-001
      vertex  0.000000e+000  6.718750e-001  6.718750e-001
      vertex  7.812500e-002  6.718750e-001  7.500000e-001
    endloop
  endfacet
  facet normal -7.071068e-001  0.000000e+000  7.071068e-001
    outer loop
      vertex  3.906250e-002  3.906250e-002  7.109375e-001
      vertex  7.812500e-002  7.812500e-002  7.500000e-001
      vertex  0.000000e+000  7.812500e-002  6.718750e-001
    endloop
  endfacet
  facet normal -7.071067e-001  0.000000e+000  7.071067e-001
    outer loop
      vertex  0.000000e+000  7.812500e-002  6.718750e-001
      vertex  7.812500e-002  7.812500e-002  7.500000e-001
      vertex  7.812500e-002  6.718750e-001  7.500000e-001
    endloop
  endfacet
  facet normal -7.071067e-001  0.000000e+000  7.071067e-001
    outer loop
      vertex  0.000000e+000  7.812500e-002  6.718750e-001
      vertex  7.812500e-002  6.718750e-001  7.500000e-001
      vertex  0.000000e+000  6.718750e-001  6.718750e-001
    endloop
  endfacet
  facet normal  0.000000e+000 -7.071068e-001  7.071068e-001
    outer loop
      vertex  7.812500e-002  0.000000e+000  6.718750e-001
      vertex  7.812500e-002  7.812500e-002  7.500000e-001
      vertex  3.906250e-002  3.906250e-002  7.109375e-001
    endloop
  endfacet
  facet normal  0.000000e+000 -7.071067e-001  7.071067e-001
    outer loop
      vertex  7.812500e-002  7.812500e-002  7.500000e-001
      vertex  7.812500e-002  0.000000e+000  6.718750e-001
      vertex  6.718750e-001  7.812500e-002  7.500000e-001
    endloop
  endfacet
  facet normal  0.000000e+000 -7.071067e-001  7.071067e-001
    outer loop
      vertex  6.718750e-001  7.812500e-002  7.500000e-001
      vertex  7.812500e-002  0.000000e+000  6.718750e-001
      vertex  6.718750e-001  0.000000e+000  6.718750e-001
    endloop
  endfacet
  facet normal  0.000000e+000 -7.071068e-001  7.071068e-001
    outer loop
      vertex  6.718750e-001  7.812500e-002  7.500000e-001
      vertex  6.718750e-001  0.000000e+000  6.718750e-001
      vertex  7.109375e-001  3.906250e-002  7.109375e-001
    endloop
  endfacet
  facet normal  0.000000e+000  1.000000e+000  0.000000e+000
    outer loop
      vertex  6.718750e-001  7.500000e-001  7.812500e-002
      vertex  7.812500e-002  7.500000e-001  7.812500e-002
      vertex  6.718750e-001  7.500000e-001  6.718750e-001
    endloop
  endfacet
  facet normal  0.000000e+000  1.000000e+000  0.000000e+000
    outer loop
      vertex  6.718750e-001  7.500000e-001  6.718750e-001
      vertex  7.812500e-002  7.500000e-001  7.812500e-002
      vertex  7.812500e-002  7.500000e-001  6.718750e-001
    endloop
  endfacet
  facet normal  0.000000e+000  7.071068e-001  7.071068e-001
    outer loop
      vertex  7.109375e-001  7.109375e-001  7.109375e-001
      vertex  6.718750e-001  7.500000e-001  6.718750e-001
      vertex  6.718750e-001  6.718750e-001  7.500000e-001
    endloop
  endfacet
  facet normal  0.000000e+000  7.071068e-001  7.071068e-001
    outer loop
      vertex  3.906250e-002  7.109375e-001  7.109375e-001
      vertex  7.812500e-002  6.718750e-001  7.500000e-001
      vertex  7.812500e-002  7.500000e-001  6.718750e-001
    endloop
  endfacet
  facet normal  0.000000e+000  7.071067e-001  7.071067e-001
    outer loop
      vertex  7.812500e-002  7.500000e-001  6.718750e-001
      vertex  7.812500e-002  6.718750e-001  7.500000e-001
      vertex  6.718750e-001  6.718750e-001  7.500000e-001
    endloop
  endfacet
  facet normal  0.000000e+000  7.071067e-001  7.071067e-001
    outer loop
      vertex  7.812500e-002  7.500000e-001  6.718750e-001
      vertex  6.718750e-001  6.718750e-001  7.500000e-001
      vertex  6.718750e-001  7.500000e-001  6.718750e-001
    endloop
  endfacet
  facet normal  7.071068e-001  7.071068e-001  0.000000e+000
    outer loop
      vertex  6.718750e-001  7.500000e-001  7.812500e-002
      vertex  7.500000e-001  6.718750e-001  7.812500e-002
      vertex  7.109375e-001  7.109375e-001  3.906250e-002
    endloop
  endfacet
  facet normal  7.071068e-001  7.071068e-001  0.000000e+000
    outer loop
      vertex  7.109375e-001  7.109375e-001  7.109375e-001
      vertex  7.500000e-001  6.718750e-001  6.718750e-001
      vertex  6.718750e-001  7.500000e-001  6.718750e-001
    endloop
  endfacet
  facet normal  7.071067e-001  7.071067e-001  0.000000e+000
    outer loop
      vertex  6.718750e-001  7.500000e-001  6.718750e-001
      vertex  7.500000e-001  6.718750e-001  6.718750e-001
      vertex  7.500000e-001  6.718750e-001  7.812500e-002
    endloop
  endfacet
  facet normal  7.071067e-001  7.071067e-001  0.000000e+000
    outer loop
      vertex  6.718750e-001  7.500000e-001  6.718750e-001
      vertex  7.500000e-001  6.718750e-001  7.812500e-002
      vertex  6.718750e-001  7.500000e-001  7.812500e-002
    endloop
  endfacet
  facet normal  1.000000e+000  0.000000e+000  0.000000e+000
    outer loop
      vertex  7.500000e-001  7.812500e-002  7.812500e-002
      vertex  7.500000e-001  6.718750e-001  7.812500e-002
      vertex  7.500000e-001  7.812500e-002  6.718750e-001
    endloop
  endfacet
  facet normal  1.000000e+000  -0.000000e+000  0.000000e+000
    outer loop
      vertex  7.500000e-001  7.812500e-002  6.718750e-001
      vertex  7.500000e-001  6.718750e-001  7.812500e-002
      vertex  7.500000e-001  6.718750e-001  6.718750e-001
    endloop
  endfacet
  facet normal  7.071068e-001  0.000000e+000  7.071068e-001
    outer loop
      vertex  7.109375e-001  3.906250e-002  7.109375e-001
      vertex  7.500000e-001  7.812500e-002  6.718750e-001
      vertex  6.718750e-001  7.812500e-002  7.500000e-001
    endloop
  endfacet
  facet normal  7.071068e-001  0.000000e+000  7.071068e-001
    outer loop
      vertex  7.109375e-001  7.109375e-001  7.109375e-001
      vertex  6.718750e-001  6.718750e-001  7.500000e-001
      vertex  7.500000e-001  6.718750e-001  6.718750e-001
    endloop
  endfacet
  facet normal  7.071067e-001  0.000000e+000  7.071067e-001
    outer loop
      vertex  7.500000e-001  6.718750e-001  6.718750e-001
      vertex  6.718750e-001  6.718750e-001  7.500000e-001
      vertex  6.718750e-001  7.812500e-002  7.500000e-001
    endloop
  endfacet
  facet normal  7.071067e-001  0.000000e+000  7.071067e-001
    outer loop
      vertex  7.500000e-001  6.718750e-001  6.718750e-001
      vertex  6.718750e-001  7.812500e-002  7.500000e-001
      vertex  7.500000e-001  7.812500e-002  6.718750e-001
    endloop
  endfacet
  facet normal  0.000000e+000  0.000000e+000  1.000000e+000
    outer loop
      vertex  7.812500e-002  7.812500e-002  7.500000e-001
      vertex  6.718750e-001  7.812500e-002  7.500000e-001
      vertex  7.812500e-002  6.718750e-001  7.500000e-001
    endloop
  endfacet
  facet normal  -0.000000e+000  0.000000e+000  1.000000e+000
    outer loop
      vertex  7.812500e-002  6.718750e-001  7.500000e-001
      vertex  6.718750e-001  7.812500e-002  7.500000e-001
      vertex  6.718750e-001  6.718750e-001  7.500000e-001
    endloop
  endfacet
endsolid CATIA STL
