solid CATIA STL
  facet normal  0.000000e+000  0.000000e+000 -1.000000e+000
    outer loop
      vertex  1.484375e-001  1.484375e-001  7.812500e-002
      vertex -1.484375e-001  1.484375e-001  7.812500e-002
      vertex -1.484375e-001  2.265625e-001  7.812500e-002
    endloop
  endfacet
  facet normal  0.000000e+000  0.000000e+000 -1.000000e+000
    outer loop
      vertex  1.484375e-001  1.484375e-001  7.812500e-002
      vertex -1.484375e-001  2.265625e-001  7.812500e-002
      vertex  1.484375e-001  2.265625e-001  7.812500e-002
    endloop
  endfacet
  facet normal  0.000000e+000  0.000000e+000 -1.000000e+000
    outer loop
      vertex  1.484375e-001  1.484375e-001  7.812500e-002
      vertex  1.484375e-001  2.265625e-001  7.812500e-002
      vertex  1.636789e-001  2.250614e-001  7.812500e-002
    endloop
  endfacet
  facet normal  0.000000e+000  -0.000000e+000 -1.000000e+000
    outer loop
      vertex  1.484375e-001  1.484375e-001  7.812500e-002
      vertex  1.636789e-001  2.250614e-001  7.812500e-002
      vertex  1.783346e-001  2.206156e-001  7.812500e-002
    endloop
  endfacet
  facet normal  0.000000e+000  -0.000000e+000 -1.000000e+000
    outer loop
      vertex  1.484375e-001  1.484375e-001  7.812500e-002
      vertex  1.783346e-001  2.206156e-001  7.812500e-002
      vertex  1.918414e-001  2.133961e-001  7.812500e-002
    endloop
  endfacet
  facet normal  0.000000e+000  -0.000000e+000 -1.000000e+000
    outer loop
      vertex  1.484375e-001  1.484375e-001  7.812500e-002
      vertex  1.918414e-001  2.133961e-001  7.812500e-002
      vertex  2.036802e-001  2.036802e-001  7.812500e-002
    endloop
  endfacet
  facet normal  0.000000e+000  -0.000000e+000 -1.000000e+000
    outer loop
      vertex  1.484375e-001  1.484375e-001  7.812500e-002
      vertex  2.036802e-001  2.036802e-001  7.812500e-002
      vertex  2.133961e-001  1.918414e-001  7.812500e-002
    endloop
  endfacet
  facet normal  0.000000e+000  -0.000000e+000 -1.000000e+000
    outer loop
      vertex  1.484375e-001  1.484375e-001  7.812500e-002
      vertex  2.133961e-001  1.918414e-001  7.812500e-002
      vertex  2.206156e-001  1.783346e-001  7.812500e-002
    endloop
  endfacet
  facet normal  0.000000e+000  -0.000000e+000 -1.000000e+000
    outer loop
      vertex  1.484375e-001  1.484375e-001  7.812500e-002
      vertex  2.206156e-001  1.783346e-001  7.812500e-002
      vertex  2.250614e-001  1.636789e-001  7.812500e-002
    endloop
  endfacet
  facet normal  0.000000e+000  -0.000000e+000 -1.000000e+000
    outer loop
      vertex  1.484375e-001  1.484375e-001  7.812500e-002
      vertex  2.250614e-001  1.636789e-001  7.812500e-002
      vertex  2.265625e-001  1.484375e-001  7.812500e-002
    endloop
  endfacet
  facet normal  -0.000000e+000  -0.000000e+000 -1.000000e+000
    outer loop
      vertex  1.484375e-001  1.484375e-001  7.812500e-002
      vertex  2.265625e-001  1.484375e-001  7.812500e-002
      vertex  2.265625e-001 -1.484375e-001  7.812500e-002
    endloop
  endfacet
  facet normal  0.000000e+000  0.000000e+000 -1.000000e+000
    outer loop
      vertex  1.484375e-001  1.484375e-001  7.812500e-002
      vertex  2.265625e-001 -1.484375e-001  7.812500e-002
      vertex  1.484375e-001 -1.484375e-001  7.812500e-002
    endloop
  endfacet
  facet normal  -0.000000e+000  -0.000000e+000 -1.000000e+000
    outer loop
      vertex -1.484375e-001 -1.484375e-001  7.812500e-002
      vertex  1.484375e-001 -1.484375e-001  7.812500e-002
      vertex  1.484375e-001 -2.265625e-001  7.812500e-002
    endloop
  endfacet
  facet normal  0.000000e+000  0.000000e+000 -1.000000e+000
    outer loop
      vertex -1.484375e-001 -1.484375e-001  7.812500e-002
      vertex  1.484375e-001 -2.265625e-001  7.812500e-002
      vertex -1.484375e-001 -2.265625e-001  7.812500e-002
    endloop
  endfacet
  facet normal  0.000000e+000  0.000000e+000 -1.000000e+000
    outer loop
      vertex -1.484375e-001 -1.484375e-001  7.812500e-002
      vertex -1.484375e-001 -2.265625e-001  7.812500e-002
      vertex -1.636789e-001 -2.250614e-001  7.812500e-002
    endloop
  endfacet
  facet normal  0.000000e+000  0.000000e+000 -1.000000e+000
    outer loop
      vertex -1.484375e-001 -1.484375e-001  7.812500e-002
      vertex -1.636789e-001 -2.250614e-001  7.812500e-002
      vertex -1.783346e-001 -2.206156e-001  7.812500e-002
    endloop
  endfacet
  facet normal  0.000000e+000  0.000000e+000 -1.000000e+000
    outer loop
      vertex -1.484375e-001 -1.484375e-001  7.812500e-002
      vertex -1.783346e-001 -2.206156e-001  7.812500e-002
      vertex -1.918414e-001 -2.133961e-001  7.812500e-002
    endloop
  endfacet
  facet normal  0.000000e+000  0.000000e+000 -1.000000e+000
    outer loop
      vertex -1.484375e-001 -1.484375e-001  7.812500e-002
      vertex -1.918414e-001 -2.133961e-001  7.812500e-002
      vertex -2.036802e-001 -2.036802e-001  7.812500e-002
    endloop
  endfacet
  facet normal  0.000000e+000  0.000000e+000 -1.000000e+000
    outer loop
      vertex -1.484375e-001 -1.484375e-001  7.812500e-002
      vertex -2.036802e-001 -2.036802e-001  7.812500e-002
      vertex -2.133961e-001 -1.918414e-001  7.812500e-002
    endloop
  endfacet
  facet normal  0.000000e+000  0.000000e+000 -1.000000e+000
    outer loop
      vertex -1.484375e-001 -1.484375e-001  7.812500e-002
      vertex -2.133961e-001 -1.918414e-001  7.812500e-002
      vertex -2.206156e-001 -1.783346e-001  7.812500e-002
    endloop
  endfacet
  facet normal  0.000000e+000  0.000000e+000 -1.000000e+000
    outer loop
      vertex -1.484375e-001 -1.484375e-001  7.812500e-002
      vertex -2.206156e-001 -1.783346e-001  7.812500e-002
      vertex -2.250614e-001 -1.636789e-001  7.812500e-002
    endloop
  endfacet
  facet normal  0.000000e+000  0.000000e+000 -1.000000e+000
    outer loop
      vertex -1.484375e-001 -1.484375e-001  7.812500e-002
      vertex -2.250614e-001 -1.636789e-001  7.812500e-002
      vertex -2.265625e-001 -1.484375e-001  7.812500e-002
    endloop
  endfacet
  facet normal  0.000000e+000  0.000000e+000 -1.000000e+000
    outer loop
      vertex -1.484375e-001 -1.484375e-001  7.812500e-002
      vertex -2.265625e-001 -1.484375e-001  7.812500e-002
      vertex -2.265625e-001  1.484375e-001  7.812500e-002
    endloop
  endfacet
  facet normal  0.000000e+000  0.000000e+000 -1.000000e+000
    outer loop
      vertex -1.484375e-001 -1.484375e-001  7.812500e-002
      vertex -2.265625e-001  1.484375e-001  7.812500e-002
      vertex -1.484375e-001  1.484375e-001  7.812500e-002
    endloop
  endfacet
  facet normal  -0.000000e+000  0.000000e+000 -1.000000e+000
    outer loop
      vertex  1.484375e-001 -1.484375e-001  7.812500e-002
      vertex  2.265625e-001 -1.484375e-001  7.812500e-002
      vertex  2.250614e-001 -1.636789e-001  7.812500e-002
    endloop
  endfacet
  facet normal  -0.000000e+000  0.000000e+000 -1.000000e+000
    outer loop
      vertex  1.484375e-001 -1.484375e-001  7.812500e-002
      vertex  2.250614e-001 -1.636789e-001  7.812500e-002
      vertex  2.206156e-001 -1.783346e-001  7.812500e-002
    endloop
  endfacet
  facet normal  -0.000000e+000  0.000000e+000 -1.000000e+000
    outer loop
      vertex  1.484375e-001 -1.484375e-001  7.812500e-002
      vertex  2.206156e-001 -1.783346e-001  7.812500e-002
      vertex  2.133961e-001 -1.918414e-001  7.812500e-002
    endloop
  endfacet
  facet normal  -0.000000e+000  0.000000e+000 -1.000000e+000
    outer loop
      vertex  1.484375e-001 -1.484375e-001  7.812500e-002
      vertex  2.133961e-001 -1.918414e-001  7.812500e-002
      vertex  2.036802e-001 -2.036802e-001  7.812500e-002
    endloop
  endfacet
  facet normal  -0.000000e+000  0.000000e+000 -1.000000e+000
    outer loop
      vertex  1.484375e-001 -1.484375e-001  7.812500e-002
      vertex  2.036802e-001 -2.036802e-001  7.812500e-002
      vertex  1.918414e-001 -2.133961e-001  7.812500e-002
    endloop
  endfacet
  facet normal  -0.000000e+000  0.000000e+000 -1.000000e+000
    outer loop
      vertex  1.484375e-001 -1.484375e-001  7.812500e-002
      vertex  1.918414e-001 -2.133961e-001  7.812500e-002
      vertex  1.783346e-001 -2.206156e-001  7.812500e-002
    endloop
  endfacet
  facet normal  -0.000000e+000  0.000000e+000 -1.000000e+000
    outer loop
      vertex  1.484375e-001 -1.484375e-001  7.812500e-002
      vertex  1.783346e-001 -2.206156e-001  7.812500e-002
      vertex  1.636789e-001 -2.250614e-001  7.812500e-002
    endloop
  endfacet
  facet normal  -0.000000e+000  0.000000e+000 -1.000000e+000
    outer loop
      vertex  1.484375e-001 -1.484375e-001  7.812500e-002
      vertex  1.636789e-001 -2.250614e-001  7.812500e-002
      vertex  1.484375e-001 -2.265625e-001  7.812500e-002
    endloop
  endfacet
  facet normal  0.000000e+000  0.000000e+000 -1.000000e+000
    outer loop
      vertex -1.484375e-001  1.484375e-001  7.812500e-002
      vertex -2.265625e-001  1.484375e-001  7.812500e-002
      vertex -2.250614e-001  1.636789e-001  7.812500e-002
    endloop
  endfacet
  facet normal  0.000000e+000  0.000000e+000 -1.000000e+000
    outer loop
      vertex -1.484375e-001  1.484375e-001  7.812500e-002
      vertex -2.250614e-001  1.636789e-001  7.812500e-002
      vertex -2.206156e-001  1.783346e-001  7.812500e-002
    endloop
  endfacet
  facet normal  0.000000e+000  0.000000e+000 -1.000000e+000
    outer loop
      vertex -1.484375e-001  1.484375e-001  7.812500e-002
      vertex -2.206156e-001  1.783346e-001  7.812500e-002
      vertex -2.133961e-001  1.918414e-001  7.812500e-002
    endloop
  endfacet
  facet normal  0.000000e+000  0.000000e+000 -1.000000e+000
    outer loop
      vertex -1.484375e-001  1.484375e-001  7.812500e-002
      vertex -2.133961e-001  1.918414e-001  7.812500e-002
      vertex -2.036802e-001  2.036802e-001  7.812500e-002
    endloop
  endfacet
  facet normal  0.000000e+000  0.000000e+000 -1.000000e+000
    outer loop
      vertex -1.484375e-001  1.484375e-001  7.812500e-002
      vertex -2.036802e-001  2.036802e-001  7.812500e-002
      vertex -1.918414e-001  2.133961e-001  7.812500e-002
    endloop
  endfacet
  facet normal  0.000000e+000  0.000000e+000 -1.000000e+000
    outer loop
      vertex -1.484375e-001  1.484375e-001  7.812500e-002
      vertex -1.918414e-001  2.133961e-001  7.812500e-002
      vertex -1.783346e-001  2.206156e-001  7.812500e-002
    endloop
  endfacet
  facet normal  0.000000e+000  0.000000e+000 -1.000000e+000
    outer loop
      vertex -1.484375e-001  1.484375e-001  7.812500e-002
      vertex -1.783346e-001  2.206156e-001  7.812500e-002
      vertex -1.636789e-001  2.250614e-001  7.812500e-002
    endloop
  endfacet
  facet normal  0.000000e+000  0.000000e+000 -1.000000e+000
    outer loop
      vertex -1.484375e-001  1.484375e-001  7.812500e-002
      vertex -1.636789e-001  2.250614e-001  7.812500e-002
      vertex -1.484375e-001  2.265625e-001  7.812500e-002
    endloop
  endfacet
  facet normal  0.000000e+000  1.000000e+000  0.000000e+000
    outer loop
      vertex -1.484375e-001 -2.265625e-001  7.812500e-002
      vertex  1.484375e-001 -2.265625e-001  7.812500e-002
      vertex -1.484375e-001 -2.265625e-001  0.000000e+000
    endloop
  endfacet
  facet normal  0.000000e+000  1.000000e+000  0.000000e+000
    outer loop
      vertex -1.484375e-001 -2.265625e-001  0.000000e+000
      vertex  1.484375e-001 -2.265625e-001  7.812500e-002
      vertex  1.484375e-001 -2.265625e-001  0.000000e+000
    endloop
  endfacet
  facet normal  1.000000e+000  -0.000000e+000  0.000000e+000
    outer loop
      vertex -2.265625e-001  1.484375e-001  7.812500e-002
      vertex -2.265625e-001 -1.484375e-001  7.812500e-002
      vertex -2.265625e-001  1.484375e-001  0.000000e+000
    endloop
  endfacet
  facet normal  1.000000e+000  0.000000e+000  0.000000e+000
    outer loop
      vertex -2.265625e-001  1.484375e-001  0.000000e+000
      vertex -2.265625e-001 -1.484375e-001  7.812500e-002
      vertex -2.265625e-001 -1.484375e-001  0.000000e+000
    endloop
  endfacet
  facet normal  -0.000000e+000  -0.000000e+000 -1.000000e+000
    outer loop
      vertex -1.484375e-001 -2.265625e-001  0.000000e+000
      vertex  1.484375e-001 -2.265625e-001  0.000000e+000
      vertex  2.968750e-001 -3.750000e-001  0.000000e+000
    endloop
  endfacet
  facet normal  0.000000e+000  0.000000e+000 -1.000000e+000
    outer loop
      vertex -1.484375e-001 -2.265625e-001  0.000000e+000
      vertex  2.968750e-001 -3.750000e-001  0.000000e+000
      vertex -2.968750e-001 -3.750000e-001  0.000000e+000
    endloop
  endfacet
  facet normal  0.000000e+000  0.000000e+000 -1.000000e+000
    outer loop
      vertex -1.484375e-001 -2.265625e-001  0.000000e+000
      vertex -2.968750e-001 -3.750000e-001  0.000000e+000
      vertex -3.121164e-001 -3.734989e-001  0.000000e+000
    endloop
  endfacet
  facet normal  0.000000e+000  0.000000e+000 -1.000000e+000
    outer loop
      vertex -1.484375e-001 -2.265625e-001  0.000000e+000
      vertex -3.121164e-001 -3.734989e-001  0.000000e+000
      vertex -3.267722e-001 -3.690531e-001  0.000000e+000
    endloop
  endfacet
  facet normal  0.000000e+000  0.000000e+000 -1.000000e+000
    outer loop
      vertex -1.484375e-001 -2.265625e-001  0.000000e+000
      vertex -3.267722e-001 -3.690531e-001  0.000000e+000
      vertex -3.402789e-001 -3.618336e-001  0.000000e+000
    endloop
  endfacet
  facet normal  0.000000e+000  0.000000e+000 -1.000000e+000
    outer loop
      vertex -1.484375e-001 -2.265625e-001  0.000000e+000
      vertex -3.402789e-001 -3.618336e-001  0.000000e+000
      vertex -3.521177e-001 -3.521177e-001  0.000000e+000
    endloop
  endfacet
  facet normal  0.000000e+000  0.000000e+000 -1.000000e+000
    outer loop
      vertex -1.484375e-001 -2.265625e-001  0.000000e+000
      vertex -3.521177e-001 -3.521177e-001  0.000000e+000
      vertex -3.618336e-001 -3.402789e-001  0.000000e+000
    endloop
  endfacet
  facet normal  0.000000e+000  0.000000e+000 -1.000000e+000
    outer loop
      vertex -1.484375e-001 -2.265625e-001  0.000000e+000
      vertex -3.618336e-001 -3.402789e-001  0.000000e+000
      vertex -3.690531e-001 -3.267722e-001  0.000000e+000
    endloop
  endfacet
  facet normal  0.000000e+000  0.000000e+000 -9.999999e-001
    outer loop
      vertex -1.484375e-001 -2.265625e-001  0.000000e+000
      vertex -3.690531e-001 -3.267722e-001  0.000000e+000
      vertex -3.734989e-001 -3.121164e-001  0.000000e+000
    endloop
  endfacet
  facet normal  0.000000e+000  0.000000e+000 -1.000000e+000
    outer loop
      vertex -1.484375e-001 -2.265625e-001  0.000000e+000
      vertex -3.734989e-001 -3.121164e-001  0.000000e+000
      vertex -3.750000e-001 -2.968750e-001  0.000000e+000
    endloop
  endfacet
  facet normal  -0.000000e+000  0.000000e+000 -1.000000e+000
    outer loop
      vertex  1.484375e-001 -2.265625e-001  0.000000e+000
      vertex  3.750000e-001 -2.968750e-001  0.000000e+000
      vertex  3.734989e-001 -3.121164e-001  0.000000e+000
    endloop
  endfacet
  facet normal  -0.000000e+000  0.000000e+000 -9.999999e-001
    outer loop
      vertex  1.484375e-001 -2.265625e-001  0.000000e+000
      vertex  3.734989e-001 -3.121164e-001  0.000000e+000
      vertex  3.690531e-001 -3.267722e-001  0.000000e+000
    endloop
  endfacet
  facet normal  -0.000000e+000  0.000000e+000 -1.000000e+000
    outer loop
      vertex  1.484375e-001 -2.265625e-001  0.000000e+000
      vertex  3.690531e-001 -3.267722e-001  0.000000e+000
      vertex  3.618336e-001 -3.402789e-001  0.000000e+000
    endloop
  endfacet
  facet normal  -0.000000e+000  0.000000e+000 -1.000000e+000
    outer loop
      vertex  1.484375e-001 -2.265625e-001  0.000000e+000
      vertex  3.618336e-001 -3.402789e-001  0.000000e+000
      vertex  3.521177e-001 -3.521177e-001  0.000000e+000
    endloop
  endfacet
  facet normal  -0.000000e+000  0.000000e+000 -1.000000e+000
    outer loop
      vertex  1.484375e-001 -2.265625e-001  0.000000e+000
      vertex  3.521177e-001 -3.521177e-001  0.000000e+000
      vertex  3.402789e-001 -3.618336e-001  0.000000e+000
    endloop
  endfacet
  facet normal  -0.000000e+000  0.000000e+000 -1.000000e+000
    outer loop
      vertex  1.484375e-001 -2.265625e-001  0.000000e+000
      vertex  3.402789e-001 -3.618336e-001  0.000000e+000
      vertex  3.267722e-001 -3.690531e-001  0.000000e+000
    endloop
  endfacet
  facet normal  -0.000000e+000  0.000000e+000 -1.000000e+000
    outer loop
      vertex  1.484375e-001 -2.265625e-001  0.000000e+000
      vertex  3.267722e-001 -3.690531e-001  0.000000e+000
      vertex  3.121164e-001 -3.734989e-001  0.000000e+000
    endloop
  endfacet
  facet normal  -0.000000e+000  0.000000e+000 -1.000000e+000
    outer loop
      vertex  1.484375e-001 -2.265625e-001  0.000000e+000
      vertex  3.121164e-001 -3.734989e-001  0.000000e+000
      vertex  2.968750e-001 -3.750000e-001  0.000000e+000
    endloop
  endfacet
  facet normal  0.000000e+000  0.000000e+000 -1.000000e+000
    outer loop
      vertex -1.484375e-001  2.265625e-001  0.000000e+000
      vertex -3.750000e-001  2.968750e-001  0.000000e+000
      vertex -3.734989e-001  3.121164e-001  0.000000e+000
    endloop
  endfacet
  facet normal  0.000000e+000  0.000000e+000 -9.999999e-001
    outer loop
      vertex -1.484375e-001  2.265625e-001  0.000000e+000
      vertex -3.734989e-001  3.121164e-001  0.000000e+000
      vertex -3.690531e-001  3.267722e-001  0.000000e+000
    endloop
  endfacet
  facet normal  0.000000e+000  0.000000e+000 -1.000000e+000
    outer loop
      vertex -1.484375e-001  2.265625e-001  0.000000e+000
      vertex -3.690531e-001  3.267722e-001  0.000000e+000
      vertex -3.618336e-001  3.402789e-001  0.000000e+000
    endloop
  endfacet
  facet normal  0.000000e+000  0.000000e+000 -1.000000e+000
    outer loop
      vertex -1.484375e-001  2.265625e-001  0.000000e+000
      vertex -3.618336e-001  3.402789e-001  0.000000e+000
      vertex -3.521177e-001  3.521177e-001  0.000000e+000
    endloop
  endfacet
  facet normal  0.000000e+000  0.000000e+000 -1.000000e+000
    outer loop
      vertex -1.484375e-001  2.265625e-001  0.000000e+000
      vertex -3.521177e-001  3.521177e-001  0.000000e+000
      vertex -3.402789e-001  3.618336e-001  0.000000e+000
    endloop
  endfacet
  facet normal  0.000000e+000  0.000000e+000 -1.000000e+000
    outer loop
      vertex -1.484375e-001  2.265625e-001  0.000000e+000
      vertex -3.402789e-001  3.618336e-001  0.000000e+000
      vertex -3.267722e-001  3.690531e-001  0.000000e+000
    endloop
  endfacet
  facet normal  0.000000e+000  0.000000e+000 -1.000000e+000
    outer loop
      vertex -1.484375e-001  2.265625e-001  0.000000e+000
      vertex -3.267722e-001  3.690531e-001  0.000000e+000
      vertex -3.121164e-001  3.734989e-001  0.000000e+000
    endloop
  endfacet
  facet normal  0.000000e+000  0.000000e+000 -1.000000e+000
    outer loop
      vertex -1.484375e-001  2.265625e-001  0.000000e+000
      vertex -3.121164e-001  3.734989e-001  0.000000e+000
      vertex -2.968750e-001  3.750000e-001  0.000000e+000
    endloop
  endfacet
  facet normal  0.000000e+000  0.000000e+000 -1.000000e+000
    outer loop
      vertex -1.484375e-001  2.265625e-001  0.000000e+000
      vertex -2.968750e-001  3.750000e-001  0.000000e+000
      vertex  2.968750e-001  3.750000e-001  0.000000e+000
    endloop
  endfacet
  facet normal  0.000000e+000  0.000000e+000 -1.000000e+000
    outer loop
      vertex -1.484375e-001  2.265625e-001  0.000000e+000
      vertex  2.968750e-001  3.750000e-001  0.000000e+000
      vertex  1.484375e-001  2.265625e-001  0.000000e+000
    endloop
  endfacet
  facet normal  0.000000e+000  -0.000000e+000 -1.000000e+000
    outer loop
      vertex  1.484375e-001  2.265625e-001  0.000000e+000
      vertex  2.968750e-001  3.750000e-001  0.000000e+000
      vertex  3.121164e-001  3.734989e-001  0.000000e+000
    endloop
  endfacet
  facet normal  0.000000e+000  -0.000000e+000 -1.000000e+000
    outer loop
      vertex  1.484375e-001  2.265625e-001  0.000000e+000
      vertex  3.121164e-001  3.734989e-001  0.000000e+000
      vertex  3.267722e-001  3.690531e-001  0.000000e+000
    endloop
  endfacet
  facet normal  0.000000e+000  -0.000000e+000 -1.000000e+000
    outer loop
      vertex  1.484375e-001  2.265625e-001  0.000000e+000
      vertex  3.267722e-001  3.690531e-001  0.000000e+000
      vertex  3.402789e-001  3.618336e-001  0.000000e+000
    endloop
  endfacet
  facet normal  0.000000e+000  -0.000000e+000 -1.000000e+000
    outer loop
      vertex  1.484375e-001  2.265625e-001  0.000000e+000
      vertex  3.402789e-001  3.618336e-001  0.000000e+000
      vertex  3.521177e-001  3.521177e-001  0.000000e+000
    endloop
  endfacet
  facet normal  0.000000e+000  -0.000000e+000 -1.000000e+000
    outer loop
      vertex  1.484375e-001  2.265625e-001  0.000000e+000
      vertex  3.521177e-001  3.521177e-001  0.000000e+000
      vertex  3.618336e-001  3.402789e-001  0.000000e+000
    endloop
  endfacet
  facet normal  0.000000e+000  -0.000000e+000 -1.000000e+000
    outer loop
      vertex  1.484375e-001  2.265625e-001  0.000000e+000
      vertex  3.618336e-001  3.402789e-001  0.000000e+000
      vertex  3.690531e-001  3.267722e-001  0.000000e+000
    endloop
  endfacet
  facet normal  0.000000e+000  -0.000000e+000 -9.999999e-001
    outer loop
      vertex  1.484375e-001  2.265625e-001  0.000000e+000
      vertex  3.690531e-001  3.267722e-001  0.000000e+000
      vertex  3.734989e-001  3.121164e-001  0.000000e+000
    endloop
  endfacet
  facet normal  0.000000e+000  -0.000000e+000 -1.000000e+000
    outer loop
      vertex  1.484375e-001  2.265625e-001  0.000000e+000
      vertex  3.734989e-001  3.121164e-001  0.000000e+000
      vertex  3.750000e-001  2.968750e-001  0.000000e+000
    endloop
  endfacet
  facet normal  0.000000e+000  -0.000000e+000 -1.000000e+000
    outer loop
      vertex -3.750000e-001 -2.968750e-001  0.000000e+000
      vertex -2.265625e-001  1.484375e-001  0.000000e+000
      vertex -2.265625e-001 -1.484375e-001  0.000000e+000
    endloop
  endfacet
  facet normal  0.000000e+000  -0.000000e+000 -1.000000e+000
    outer loop
      vertex -3.750000e-001 -2.968750e-001  0.000000e+000
      vertex -2.265625e-001 -1.484375e-001  0.000000e+000
      vertex -2.250614e-001 -1.636789e-001  0.000000e+000
    endloop
  endfacet
  facet normal  0.000000e+000  -0.000000e+000 -1.000000e+000
    outer loop
      vertex -3.750000e-001 -2.968750e-001  0.000000e+000
      vertex -2.250614e-001 -1.636789e-001  0.000000e+000
      vertex -2.206156e-001 -1.783346e-001  0.000000e+000
    endloop
  endfacet
  facet normal  0.000000e+000  -0.000000e+000 -9.999999e-001
    outer loop
      vertex -3.750000e-001 -2.968750e-001  0.000000e+000
      vertex -2.206156e-001 -1.783346e-001  0.000000e+000
      vertex -2.133961e-001 -1.918414e-001  0.000000e+000
    endloop
  endfacet
  facet normal  0.000000e+000  -0.000000e+000 -1.000000e+000
    outer loop
      vertex -3.750000e-001 -2.968750e-001  0.000000e+000
      vertex -2.133961e-001 -1.918414e-001  0.000000e+000
      vertex -2.036802e-001 -2.036802e-001  0.000000e+000
    endloop
  endfacet
  facet normal  0.000000e+000  -0.000000e+000 -1.000000e+000
    outer loop
      vertex -3.750000e-001 -2.968750e-001  0.000000e+000
      vertex -2.036802e-001 -2.036802e-001  0.000000e+000
      vertex -1.918414e-001 -2.133961e-001  0.000000e+000
    endloop
  endfacet
  facet normal  0.000000e+000  -0.000000e+000 -1.000000e+000
    outer loop
      vertex -3.750000e-001 -2.968750e-001  0.000000e+000
      vertex -1.918414e-001 -2.133961e-001  0.000000e+000
      vertex -1.783346e-001 -2.206156e-001  0.000000e+000
    endloop
  endfacet
  facet normal  0.000000e+000  -0.000000e+000 -1.000000e+000
    outer loop
      vertex -3.750000e-001 -2.968750e-001  0.000000e+000
      vertex -1.783346e-001 -2.206156e-001  0.000000e+000
      vertex -1.636789e-001 -2.250614e-001  0.000000e+000
    endloop
  endfacet
  facet normal  0.000000e+000  -0.000000e+000 -1.000000e+000
    outer loop
      vertex -3.750000e-001 -2.968750e-001  0.000000e+000
      vertex -1.636789e-001 -2.250614e-001  0.000000e+000
      vertex -1.484375e-001 -2.265625e-001  0.000000e+000
    endloop
  endfacet
  facet normal  -0.000000e+000  0.000000e+000 -1.000000e+000
    outer loop
      vertex -3.750000e-001  2.968750e-001  0.000000e+000
      vertex -1.484375e-001  2.265625e-001  0.000000e+000
      vertex -1.636789e-001  2.250614e-001  0.000000e+000
    endloop
  endfacet
  facet normal  -0.000000e+000  0.000000e+000 -1.000000e+000
    outer loop
      vertex -3.750000e-001  2.968750e-001  0.000000e+000
      vertex -1.636789e-001  2.250614e-001  0.000000e+000
      vertex -1.783346e-001  2.206156e-001  0.000000e+000
    endloop
  endfacet
  facet normal  -0.000000e+000  0.000000e+000 -1.000000e+000
    outer loop
      vertex -3.750000e-001  2.968750e-001  0.000000e+000
      vertex -1.783346e-001  2.206156e-001  0.000000e+000
      vertex -1.918414e-001  2.133961e-001  0.000000e+000
    endloop
  endfacet
  facet normal  -0.000000e+000  0.000000e+000 -1.000000e+000
    outer loop
      vertex -3.750000e-001  2.968750e-001  0.000000e+000
      vertex -1.918414e-001  2.133961e-001  0.000000e+000
      vertex -2.036802e-001  2.036802e-001  0.000000e+000
    endloop
  endfacet
  facet normal  -0.000000e+000  0.000000e+000 -1.000000e+000
    outer loop
      vertex -3.750000e-001  2.968750e-001  0.000000e+000
      vertex -2.036802e-001  2.036802e-001  0.000000e+000
      vertex -2.133961e-001  1.918414e-001  0.000000e+000
    endloop
  endfacet
  facet normal  -0.000000e+000  0.000000e+000 -9.999999e-001
    outer loop
      vertex -3.750000e-001  2.968750e-001  0.000000e+000
      vertex -2.133961e-001  1.918414e-001  0.000000e+000
      vertex -2.206156e-001  1.783346e-001  0.000000e+000
    endloop
  endfacet
  facet normal  -0.000000e+000  0.000000e+000 -1.000000e+000
    outer loop
      vertex -3.750000e-001  2.968750e-001  0.000000e+000
      vertex -2.206156e-001  1.783346e-001  0.000000e+000
      vertex -2.250614e-001  1.636789e-001  0.000000e+000
    endloop
  endfacet
  facet normal  -0.000000e+000  0.000000e+000 -1.000000e+000
    outer loop
      vertex -3.750000e-001  2.968750e-001  0.000000e+000
      vertex -2.250614e-001  1.636789e-001  0.000000e+000
      vertex -2.265625e-001  1.484375e-001  0.000000e+000
    endloop
  endfacet
  facet normal  -0.000000e+000  0.000000e+000 -1.000000e+000
    outer loop
      vertex -3.750000e-001  2.968750e-001  0.000000e+000
      vertex -2.265625e-001  1.484375e-001  0.000000e+000
      vertex -3.750000e-001 -2.968750e-001  0.000000e+000
    endloop
  endfacet
  facet normal  0.000000e+000  0.000000e+000 -1.000000e+000
    outer loop
      vertex  3.750000e-001 -2.968750e-001  0.000000e+000
      vertex  1.484375e-001 -2.265625e-001  0.000000e+000
      vertex  1.636789e-001 -2.250614e-001  0.000000e+000
    endloop
  endfacet
  facet normal  0.000000e+000  0.000000e+000 -1.000000e+000
    outer loop
      vertex  3.750000e-001 -2.968750e-001  0.000000e+000
      vertex  1.636789e-001 -2.250614e-001  0.000000e+000
      vertex  1.783346e-001 -2.206156e-001  0.000000e+000
    endloop
  endfacet
  facet normal  0.000000e+000  0.000000e+000 -1.000000e+000
    outer loop
      vertex  3.750000e-001 -2.968750e-001  0.000000e+000
      vertex  1.783346e-001 -2.206156e-001  0.000000e+000
      vertex  1.918414e-001 -2.133961e-001  0.000000e+000
    endloop
  endfacet
  facet normal  0.000000e+000  0.000000e+000 -1.000000e+000
    outer loop
      vertex  3.750000e-001 -2.968750e-001  0.000000e+000
      vertex  1.918414e-001 -2.133961e-001  0.000000e+000
      vertex  2.036802e-001 -2.036802e-001  0.000000e+000
    endloop
  endfacet
  facet normal  0.000000e+000  0.000000e+000 -1.000000e+000
    outer loop
      vertex  3.750000e-001 -2.968750e-001  0.000000e+000
      vertex  2.036802e-001 -2.036802e-001  0.000000e+000
      vertex  2.133961e-001 -1.918414e-001  0.000000e+000
    endloop
  endfacet
  facet normal  0.000000e+000  0.000000e+000 -9.999999e-001
    outer loop
      vertex  3.750000e-001 -2.968750e-001  0.000000e+000
      vertex  2.133961e-001 -1.918414e-001  0.000000e+000
      vertex  2.206156e-001 -1.783346e-001  0.000000e+000
    endloop
  endfacet
  facet normal  0.000000e+000  0.000000e+000 -1.000000e+000
    outer loop
      vertex  3.750000e-001 -2.968750e-001  0.000000e+000
      vertex  2.206156e-001 -1.783346e-001  0.000000e+000
      vertex  2.250614e-001 -1.636789e-001  0.000000e+000
    endloop
  endfacet
  facet normal  0.000000e+000  0.000000e+000 -1.000000e+000
    outer loop
      vertex  3.750000e-001 -2.968750e-001  0.000000e+000
      vertex  2.250614e-001 -1.636789e-001  0.000000e+000
      vertex  2.265625e-001 -1.484375e-001  0.000000e+000
    endloop
  endfacet
  facet normal  0.000000e+000  0.000000e+000 -1.000000e+000
    outer loop
      vertex  3.750000e-001 -2.968750e-001  0.000000e+000
      vertex  2.265625e-001 -1.484375e-001  0.000000e+000
      vertex  2.265625e-001  1.484375e-001  0.000000e+000
    endloop
  endfacet
  facet normal  0.000000e+000  0.000000e+000 -1.000000e+000
    outer loop
      vertex  3.750000e-001  2.968750e-001  0.000000e+000
      vertex  3.750000e-001 -2.968750e-001  0.000000e+000
      vertex  2.265625e-001  1.484375e-001  0.000000e+000
    endloop
  endfacet
  facet normal  0.000000e+000  0.000000e+000 -1.000000e+000
    outer loop
      vertex  3.750000e-001  2.968750e-001  0.000000e+000
      vertex  2.265625e-001  1.484375e-001  0.000000e+000
      vertex  2.250614e-001  1.636789e-001  0.000000e+000
    endloop
  endfacet
  facet normal  0.000000e+000  0.000000e+000 -1.000000e+000
    outer loop
      vertex  3.750000e-001  2.968750e-001  0.000000e+000
      vertex  2.250614e-001  1.636789e-001  0.000000e+000
      vertex  2.206156e-001  1.783346e-001  0.000000e+000
    endloop
  endfacet
  facet normal  0.000000e+000  0.000000e+000 -9.999999e-001
    outer loop
      vertex  3.750000e-001  2.968750e-001  0.000000e+000
      vertex  2.206156e-001  1.783346e-001  0.000000e+000
      vertex  2.133961e-001  1.918414e-001  0.000000e+000
    endloop
  endfacet
  facet normal  0.000000e+000  0.000000e+000 -1.000000e+000
    outer loop
      vertex  3.750000e-001  2.968750e-001  0.000000e+000
      vertex  2.133961e-001  1.918414e-001  0.000000e+000
      vertex  2.036802e-001  2.036802e-001  0.000000e+000
    endloop
  endfacet
  facet normal  0.000000e+000  0.000000e+000 -1.000000e+000
    outer loop
      vertex  3.750000e-001  2.968750e-001  0.000000e+000
      vertex  2.036802e-001  2.036802e-001  0.000000e+000
      vertex  1.918414e-001  2.133961e-001  0.000000e+000
    endloop
  endfacet
  facet normal  0.000000e+000  0.000000e+000 -1.000000e+000
    outer loop
      vertex  3.750000e-001  2.968750e-001  0.000000e+000
      vertex  1.918414e-001  2.133961e-001  0.000000e+000
      vertex  1.783346e-001  2.206156e-001  0.000000e+000
    endloop
  endfacet
  facet normal  0.000000e+000  0.000000e+000 -1.000000e+000
    outer loop
      vertex  3.750000e-001  2.968750e-001  0.000000e+000
      vertex  1.783346e-001  2.206156e-001  0.000000e+000
      vertex  1.636789e-001  2.250614e-001  0.000000e+000
    endloop
  endfacet
  facet normal  0.000000e+000  0.000000e+000 -1.000000e+000
    outer loop
      vertex  3.750000e-001  2.968750e-001  0.000000e+000
      vertex  1.636789e-001  2.250614e-001  0.000000e+000
      vertex  1.484375e-001  2.265625e-001  0.000000e+000
    endloop
  endfacet
  facet normal  6.343930e-001  7.730107e-001  0.000000e+000
    outer loop
      vertex -2.036802e-001 -2.036802e-001  0.000000e+000
      vertex -1.918414e-001 -2.133961e-001  7.812500e-002
      vertex -1.918414e-001 -2.133961e-001  0.000000e+000
    endloop
  endfacet
  facet normal  4.713973e-001  8.819210e-001  -0.000000e+000
    outer loop
      vertex -1.918414e-001 -2.133961e-001  0.000000e+000
      vertex -1.918414e-001 -2.133961e-001  7.812500e-002
      vertex -1.783346e-001 -2.206156e-001  7.812500e-002
    endloop
  endfacet
  facet normal  4.713973e-001  8.819210e-001  0.000000e+000
    outer loop
      vertex -1.918414e-001 -2.133961e-001  0.000000e+000
      vertex -1.783346e-001 -2.206156e-001  7.812500e-002
      vertex -1.783346e-001 -2.206156e-001  0.000000e+000
    endloop
  endfacet
  facet normal  2.902847e-001  9.569403e-001  -0.000000e+000
    outer loop
      vertex -1.783346e-001 -2.206156e-001  0.000000e+000
      vertex -1.783346e-001 -2.206156e-001  7.812500e-002
      vertex -1.636789e-001 -2.250614e-001  7.812500e-002
    endloop
  endfacet
  facet normal  2.902847e-001  9.569403e-001  0.000000e+000
    outer loop
      vertex -1.783346e-001 -2.206156e-001  0.000000e+000
      vertex -1.636789e-001 -2.250614e-001  7.812500e-002
      vertex -1.636789e-001 -2.250614e-001  0.000000e+000
    endloop
  endfacet
  facet normal  9.801670e-002  9.951848e-001  -0.000000e+000
    outer loop
      vertex -1.636789e-001 -2.250614e-001  0.000000e+000
      vertex -1.636789e-001 -2.250614e-001  7.812500e-002
      vertex -1.484375e-001 -2.265625e-001  7.812500e-002
    endloop
  endfacet
  facet normal  9.801670e-002  9.951848e-001  0.000000e+000
    outer loop
      vertex -1.636789e-001 -2.250614e-001  0.000000e+000
      vertex -1.484375e-001 -2.265625e-001  7.812500e-002
      vertex -1.484375e-001 -2.265625e-001  0.000000e+000
    endloop
  endfacet
  facet normal  6.343930e-001  7.730107e-001  -0.000000e+000
    outer loop
      vertex -1.918414e-001 -2.133961e-001  7.812500e-002
      vertex -2.036802e-001 -2.036802e-001  0.000000e+000
      vertex -2.036802e-001 -2.036802e-001  7.812500e-002
    endloop
  endfacet
  facet normal  7.730107e-001  6.343930e-001  0.000000e+000
    outer loop
      vertex -2.036802e-001 -2.036802e-001  7.812500e-002
      vertex -2.036802e-001 -2.036802e-001  0.000000e+000
      vertex -2.133961e-001 -1.918414e-001  0.000000e+000
    endloop
  endfacet
  facet normal  7.730107e-001  6.343930e-001  -0.000000e+000
    outer loop
      vertex -2.036802e-001 -2.036802e-001  7.812500e-002
      vertex -2.133961e-001 -1.918414e-001  0.000000e+000
      vertex -2.133961e-001 -1.918414e-001  7.812500e-002
    endloop
  endfacet
  facet normal  8.819210e-001  4.713973e-001  0.000000e+000
    outer loop
      vertex -2.133961e-001 -1.918414e-001  7.812500e-002
      vertex -2.133961e-001 -1.918414e-001  0.000000e+000
      vertex -2.206156e-001 -1.783346e-001  0.000000e+000
    endloop
  endfacet
  facet normal  8.819210e-001  4.713973e-001  -0.000000e+000
    outer loop
      vertex -2.133961e-001 -1.918414e-001  7.812500e-002
      vertex -2.206156e-001 -1.783346e-001  0.000000e+000
      vertex -2.206156e-001 -1.783346e-001  7.812500e-002
    endloop
  endfacet
  facet normal  9.569403e-001  2.902847e-001  0.000000e+000
    outer loop
      vertex -2.206156e-001 -1.783346e-001  7.812500e-002
      vertex -2.206156e-001 -1.783346e-001  0.000000e+000
      vertex -2.250614e-001 -1.636789e-001  0.000000e+000
    endloop
  endfacet
  facet normal  9.569403e-001  2.902847e-001  -0.000000e+000
    outer loop
      vertex -2.206156e-001 -1.783346e-001  7.812500e-002
      vertex -2.250614e-001 -1.636789e-001  0.000000e+000
      vertex -2.250614e-001 -1.636789e-001  7.812500e-002
    endloop
  endfacet
  facet normal  9.951848e-001  9.801670e-002  0.000000e+000
    outer loop
      vertex -2.250614e-001 -1.636789e-001  7.812500e-002
      vertex -2.250614e-001 -1.636789e-001  0.000000e+000
      vertex -2.265625e-001 -1.484375e-001  0.000000e+000
    endloop
  endfacet
  facet normal  9.951848e-001  9.801670e-002  -0.000000e+000
    outer loop
      vertex -2.250614e-001 -1.636789e-001  7.812500e-002
      vertex -2.265625e-001 -1.484375e-001  0.000000e+000
      vertex -2.265625e-001 -1.484375e-001  7.812500e-002
    endloop
  endfacet
  facet normal -1.000000e+000  -0.000000e+000  0.000000e+000
    outer loop
      vertex  2.265625e-001 -1.484375e-001  7.812500e-002
      vertex  2.265625e-001  1.484375e-001  7.812500e-002
      vertex  2.265625e-001 -1.484375e-001  0.000000e+000
    endloop
  endfacet
  facet normal -1.000000e+000  0.000000e+000  0.000000e+000
    outer loop
      vertex  2.265625e-001 -1.484375e-001  0.000000e+000
      vertex  2.265625e-001  1.484375e-001  7.812500e-002
      vertex  2.265625e-001  1.484375e-001  0.000000e+000
    endloop
  endfacet
  facet normal -7.730107e-001  6.343930e-001  0.000000e+000
    outer loop
      vertex  2.036802e-001 -2.036802e-001  0.000000e+000
      vertex  2.133961e-001 -1.918414e-001  7.812500e-002
      vertex  2.133961e-001 -1.918414e-001  0.000000e+000
    endloop
  endfacet
  facet normal -8.819210e-001  4.713973e-001  0.000000e+000
    outer loop
      vertex  2.133961e-001 -1.918414e-001  0.000000e+000
      vertex  2.133961e-001 -1.918414e-001  7.812500e-002
      vertex  2.206156e-001 -1.783346e-001  7.812500e-002
    endloop
  endfacet
  facet normal -8.819210e-001  4.713973e-001  0.000000e+000
    outer loop
      vertex  2.133961e-001 -1.918414e-001  0.000000e+000
      vertex  2.206156e-001 -1.783346e-001  7.812500e-002
      vertex  2.206156e-001 -1.783346e-001  0.000000e+000
    endloop
  endfacet
  facet normal -9.569403e-001  2.902847e-001  0.000000e+000
    outer loop
      vertex  2.206156e-001 -1.783346e-001  0.000000e+000
      vertex  2.206156e-001 -1.783346e-001  7.812500e-002
      vertex  2.250614e-001 -1.636789e-001  7.812500e-002
    endloop
  endfacet
  facet normal -9.569403e-001  2.902847e-001  0.000000e+000
    outer loop
      vertex  2.206156e-001 -1.783346e-001  0.000000e+000
      vertex  2.250614e-001 -1.636789e-001  7.812500e-002
      vertex  2.250614e-001 -1.636789e-001  0.000000e+000
    endloop
  endfacet
  facet normal -9.951848e-001  9.801670e-002  0.000000e+000
    outer loop
      vertex  2.250614e-001 -1.636789e-001  0.000000e+000
      vertex  2.250614e-001 -1.636789e-001  7.812500e-002
      vertex  2.265625e-001 -1.484375e-001  7.812500e-002
    endloop
  endfacet
  facet normal -9.951848e-001  9.801670e-002  0.000000e+000
    outer loop
      vertex  2.250614e-001 -1.636789e-001  0.000000e+000
      vertex  2.265625e-001 -1.484375e-001  7.812500e-002
      vertex  2.265625e-001 -1.484375e-001  0.000000e+000
    endloop
  endfacet
  facet normal -7.730107e-001  6.343930e-001  0.000000e+000
    outer loop
      vertex  2.133961e-001 -1.918414e-001  7.812500e-002
      vertex  2.036802e-001 -2.036802e-001  0.000000e+000
      vertex  2.036802e-001 -2.036802e-001  7.812500e-002
    endloop
  endfacet
  facet normal -6.343930e-001  7.730107e-001  0.000000e+000
    outer loop
      vertex  2.036802e-001 -2.036802e-001  7.812500e-002
      vertex  2.036802e-001 -2.036802e-001  0.000000e+000
      vertex  1.918414e-001 -2.133961e-001  0.000000e+000
    endloop
  endfacet
  facet normal -6.343930e-001  7.730107e-001  0.000000e+000
    outer loop
      vertex  2.036802e-001 -2.036802e-001  7.812500e-002
      vertex  1.918414e-001 -2.133961e-001  0.000000e+000
      vertex  1.918414e-001 -2.133961e-001  7.812500e-002
    endloop
  endfacet
  facet normal -4.713973e-001  8.819210e-001  0.000000e+000
    outer loop
      vertex  1.918414e-001 -2.133961e-001  7.812500e-002
      vertex  1.918414e-001 -2.133961e-001  0.000000e+000
      vertex  1.783346e-001 -2.206156e-001  0.000000e+000
    endloop
  endfacet
  facet normal -4.713973e-001  8.819210e-001  0.000000e+000
    outer loop
      vertex  1.918414e-001 -2.133961e-001  7.812500e-002
      vertex  1.783346e-001 -2.206156e-001  0.000000e+000
      vertex  1.783346e-001 -2.206156e-001  7.812500e-002
    endloop
  endfacet
  facet normal -2.902847e-001  9.569403e-001  0.000000e+000
    outer loop
      vertex  1.783346e-001 -2.206156e-001  7.812500e-002
      vertex  1.783346e-001 -2.206156e-001  0.000000e+000
