solid CATIA STL
  facet normal  0.000000e+000  0.000000e+000 -1.000000e+000
    outer loop
      vertex  2.734375e-001 -1.232595e-032 -2.734375e-001
      vertex  2.734375e-001  2.343750e-002 -2.734375e-001
      vertex  2.812500e-001  3.079134e-017 -2.734375e-001
    endloop
  endfacet
  facet normal  0.000000e+000  -0.000000e+000 -1.000000e+000
    outer loop
      vertex  2.734375e-001 -1.232595e-032 -2.734375e-001
      vertex  2.812500e-001  3.079134e-017 -2.734375e-001
      vertex  2.812500e-001 -2.343750e-002 -2.734375e-001
    endloop
  endfacet
  facet normal  0.000000e+000  0.000000e+000 -9.999999e-001
    outer loop
      vertex  2.734375e-001 -1.232595e-032 -2.734375e-001
      vertex  2.812500e-001 -2.343750e-002 -2.734375e-001
      vertex -1.484375e-001 -2.343750e-002 -2.734375e-001
    endloop
  endfacet
  facet normal  0.000000e+000  0.000000e+000 -1.000000e+000
    outer loop
      vertex  2.734375e-001 -1.232595e-032 -2.734375e-001
      vertex -1.484375e-001 -2.343750e-002 -2.734375e-001
      vertex -1.484375e-001  6.938894e-018 -2.734375e-001
    endloop
  endfacet
  facet normal  0.000000e+000  0.000000e+000 -9.999999e-001
    outer loop
      vertex  2.812500e-001  3.079134e-017 -2.734375e-001
      vertex  2.734375e-001  2.343750e-002 -2.734375e-001
      vertex  7.463816e-001  2.625367e-017 -2.734375e-001
    endloop
  endfacet
  facet normal  0.000000e+000  0.000000e+000 -1.000000e+000
    outer loop
      vertex  7.463816e-001  2.625367e-017 -2.734375e-001
      vertex  2.734375e-001  2.343750e-002 -2.734375e-001
      vertex  7.463816e-001  2.343750e-002 -2.734375e-001
    endloop
  endfacet
  facet normal  -0.000000e+000  0.000000e+000  1.000000e+000
    outer loop
      vertex  2.734375e-001  2.343750e-002  2.812500e-001
      vertex  2.734375e-001  6.114900e-017  2.812500e-001
      vertex  2.812500e-001 -2.343750e-002  2.812500e-001
    endloop
  endfacet
  facet normal  0.000000e+000  -0.000000e+000  1.000000e+000
    outer loop
      vertex  2.734375e-001  2.343750e-002  2.812500e-001
      vertex  2.812500e-001 -2.343750e-002  2.812500e-001
      vertex  2.812500e-001  3.122502e-017  2.812500e-001
    endloop
  endfacet
  facet normal  0.000000e+000  -0.000000e+000  9.999999e-001
    outer loop
      vertex  2.734375e-001  2.343750e-002  2.812500e-001
      vertex  2.812500e-001  3.122502e-017  2.812500e-001
      vertex  7.463816e-001  5.704501e-017  2.812500e-001
    endloop
  endfacet
  facet normal  0.000000e+000  -0.000000e+000  1.000000e+000
    outer loop
      vertex  2.734375e-001  2.343750e-002  2.812500e-001
      vertex  7.463816e-001  5.704501e-017  2.812500e-001
      vertex  7.463816e-001  2.343750e-002  2.812500e-001
    endloop
  endfacet
  facet normal  0.000000e+000  0.000000e+000  1.000000e+000
    outer loop
      vertex  2.812500e-001 -2.343750e-002  2.812500e-001
      vertex  2.734375e-001  6.114900e-017  2.812500e-001
      vertex -2.734375e-001 -2.343750e-002  2.812500e-001
    endloop
  endfacet
  facet normal  0.000000e+000  0.000000e+000  1.000000e+000
    outer loop
      vertex -2.734375e-001 -2.343750e-002  2.812500e-001
      vertex  2.734375e-001  6.114900e-017  2.812500e-001
      vertex -2.734375e-001  3.079134e-017  2.812500e-001
    endloop
  endfacet
  facet normal  0.000000e+000  1.000000e+000  0.000000e+000
    outer loop
      vertex  2.734375e-001  2.343750e-002 -2.734375e-001
      vertex  2.734375e-001  2.343750e-002  2.812500e-001
      vertex  7.463816e-001  2.343750e-002 -2.734375e-001
    endloop
  endfacet
  facet normal  0.000000e+000  1.000000e+000  -0.000000e+000
    outer loop
      vertex  7.463816e-001  2.343750e-002 -2.734375e-001
      vertex  2.734375e-001  2.343750e-002  2.812500e-001
      vertex  7.463816e-001  2.343750e-002  2.812500e-001
    endloop
  endfacet
  facet normal  1.000000e+000  0.000000e+000  0.000000e+000
    outer loop
      vertex  7.463816e-001  2.343750e-002 -2.734375e-001
      vertex  7.463816e-001  2.343750e-002  2.812500e-001
      vertex  7.463816e-001  2.625367e-017 -2.734375e-001
    endloop
  endfacet
  facet normal  1.000000e+000  0.000000e+000  0.000000e+000
    outer loop
      vertex  7.463816e-001  2.625367e-017 -2.734375e-001
      vertex  7.463816e-001  2.343750e-002  2.812500e-001
      vertex  7.463816e-001  5.704501e-017  2.812500e-001
    endloop
  endfacet
  facet normal -9.755673e-018 -1.000000e+000  7.818472e-019
    outer loop
      vertex  2.812500e-001  3.079134e-017 -2.734375e-001
      vertex  7.463816e-001  2.625367e-017 -2.734375e-001
      vertex  2.812500e-001  3.122502e-017  2.812500e-001
    endloop
  endfacet
  facet normal  5.551114e-017 -1.000000e+000  5.551114e-017
    outer loop
      vertex  2.812500e-001  3.122502e-017  2.812500e-001
      vertex  7.463816e-001  2.625367e-017 -2.734375e-001
      vertex  7.463816e-001  5.704501e-017  2.812500e-001
    endloop
  endfacet
  facet normal -5.551115e-017  9.999999e-001 -5.551115e-017
    outer loop
      vertex -2.734375e-001  6.938894e-018 -1.484375e-001
      vertex -2.734375e-001  3.079134e-017  2.812500e-001
      vertex  2.734375e-001  6.114900e-017  2.812500e-001
    endloop
  endfacet
  facet normal -1.250955e-017  9.999999e-001 -1.102405e-016
    outer loop
      vertex -2.734375e-001  6.938894e-018 -1.484375e-001
      vertex  2.734375e-001  6.114900e-017  2.812500e-001
      vertex  2.734375e-001 -1.232595e-032 -2.734375e-001
    endloop
  endfacet
  facet normal  1.644775e-017  1.000000e+000  1.644775e-017
    outer loop
      vertex -2.734375e-001  6.938894e-018 -1.484375e-001
      vertex  2.734375e-001 -1.232595e-032 -2.734375e-001
      vertex -1.484375e-001  6.938894e-018 -2.734375e-001
    endloop
  endfacet
  facet normal -5.551113e-017  1.000000e+000 -5.551113e-017
    outer loop
      vertex -2.734375e-001  6.938894e-018 -1.484375e-001
      vertex -1.484375e-001  6.938894e-018 -2.734375e-001
      vertex -1.728238e-001  5.718512e-018 -2.710357e-001
    endloop
  endfacet
  facet normal -5.551115e-017  1.000000e+000 -5.551115e-017
    outer loop
      vertex -2.734375e-001  6.938894e-018 -1.484375e-001
      vertex -1.728238e-001  5.718512e-018 -2.710357e-001
      vertex -1.962729e-001  4.811686e-018 -2.639225e-001
    endloop
  endfacet
  facet normal -5.551121e-017  1.000000e+000 -5.551118e-017
    outer loop
      vertex -2.734375e-001  6.938894e-018 -1.484375e-001
      vertex -1.962729e-001  4.811686e-018 -2.639225e-001
      vertex -2.178838e-001  4.253266e-018 -2.523712e-001
    endloop
  endfacet
  facet normal -5.551104e-017  1.000000e+000 -5.551110e-017
    outer loop
      vertex -2.734375e-001  6.938894e-018 -1.484375e-001
      vertex -2.178838e-001  4.253266e-018 -2.523712e-001
      vertex -2.368259e-001  4.064710e-018 -2.368259e-001
    endloop
  endfacet
  facet normal -5.551129e-017  1.000000e+000 -5.551120e-017
    outer loop
      vertex -2.734375e-001  6.938894e-018 -1.484375e-001
      vertex -2.368259e-001  4.064710e-018 -2.368259e-001
      vertex -2.523712e-001  4.253266e-018 -2.178838e-001
    endloop
  endfacet
  facet normal -5.551101e-017  1.000000e+000 -5.551111e-017
    outer loop
      vertex -2.734375e-001  6.938894e-018 -1.484375e-001
      vertex -2.523712e-001  4.253266e-018 -2.178838e-001
      vertex -2.639225e-001  4.811686e-018 -1.962729e-001
    endloop
  endfacet
  facet normal -5.551107e-017  1.000000e+000 -5.551113e-017
    outer loop
      vertex -2.734375e-001  6.938894e-018 -1.484375e-001
      vertex -2.639225e-001  4.811686e-018 -1.962729e-001
      vertex -2.710357e-001  5.718512e-018 -1.728238e-001
    endloop
  endfacet
  facet normal  1.000000e+000  0.000000e+000  0.000000e+000
    outer loop
      vertex  2.812500e-001 -2.343750e-002 -2.734375e-001
      vertex  2.812500e-001  3.079134e-017 -2.734375e-001
      vertex  2.812500e-001 -2.343750e-002  2.812500e-001
    endloop
  endfacet
  facet normal  1.000000e+000  -0.000000e+000  0.000000e+000
    outer loop
      vertex  2.812500e-001 -2.343750e-002  2.812500e-001
      vertex  2.812500e-001  3.079134e-017 -2.734375e-001
      vertex  2.812500e-001  3.122502e-017  2.812500e-001
    endloop
  endfacet
  facet normal -1.000000e+000  0.000000e+000  0.000000e+000
    outer loop
      vertex  2.734375e-001  2.343750e-002  2.812500e-001
      vertex  2.734375e-001  2.343750e-002 -2.734375e-001
      vertex  2.734375e-001  6.114900e-017  2.812500e-001
    endloop
  endfacet
  facet normal -1.000000e+000  0.000000e+000  -0.000000e+000
    outer loop
      vertex  2.734375e-001  6.114900e-017  2.812500e-001
      vertex  2.734375e-001  2.343750e-002 -2.734375e-001
      vertex  2.734375e-001 -1.232595e-032 -2.734375e-001
    endloop
  endfacet
  facet normal  0.000000e+000  1.000000e+000  0.000000e+000
    outer loop
      vertex -7.500000e-001  2.343750e-002 -2.734375e-001
      vertex -7.500000e-001  2.343750e-002  2.812500e-001
      vertex -2.770559e-001  2.343750e-002 -2.734375e-001
    endloop
  endfacet
  facet normal  0.000000e+000  1.000000e+000  -0.000000e+000
    outer loop
      vertex -2.770559e-001  2.343750e-002 -2.734375e-001
      vertex -7.500000e-001  2.343750e-002  2.812500e-001
      vertex -2.770559e-001  2.343750e-002  2.812500e-001
    endloop
  endfacet
  facet normal  1.110223e-016 -1.000000e+000  5.551115e-017
    outer loop
      vertex -7.500000e-001  0.000000e+000 -2.734375e-001
      vertex -2.770559e-001  5.250734e-017 -2.734375e-001
      vertex -7.500000e-001  3.079134e-017  2.812500e-001
    endloop
  endfacet
  facet normal  1.110223e-016 -1.000000e+000  5.551115e-017
    outer loop
      vertex -7.500000e-001  3.079134e-017  2.812500e-001
      vertex -2.770559e-001  5.250734e-017 -2.734375e-001
      vertex -2.770559e-001  8.329868e-017  2.812500e-001
    endloop
  endfacet
  facet normal -1.000000e+000  0.000000e+000  0.000000e+000
    outer loop
      vertex -7.500000e-001  2.343750e-002  2.812500e-001
      vertex -7.500000e-001  2.343750e-002 -2.734375e-001
      vertex -7.500000e-001  3.079134e-017  2.812500e-001
    endloop
  endfacet
  facet normal -1.000000e+000  0.000000e+000  -0.000000e+000
    outer loop
      vertex -7.500000e-001  3.079134e-017  2.812500e-001
      vertex -7.500000e-001  2.343750e-002 -2.734375e-001
      vertex -7.500000e-001  0.000000e+000 -2.734375e-001
    endloop
  endfacet
  facet normal  -0.000000e+000  0.000000e+000  1.000000e+000
    outer loop
      vertex -2.770559e-001  2.343750e-002  2.812500e-001
      vertex -7.500000e-001  2.343750e-002  2.812500e-001
      vertex -2.770559e-001  8.329868e-017  2.812500e-001
    endloop
  endfacet
  facet normal  0.000000e+000  0.000000e+000  1.000000e+000
    outer loop
      vertex -2.770559e-001  8.329868e-017  2.812500e-001
      vertex -7.500000e-001  2.343750e-002  2.812500e-001
      vertex -7.500000e-001  3.079134e-017  2.812500e-001
    endloop
  endfacet
  facet normal  1.000000e+000  0.000000e+000  0.000000e+000
    outer loop
      vertex -2.770559e-001  2.343750e-002 -2.734375e-001
      vertex -2.770559e-001  2.343750e-002  2.812500e-001
      vertex -2.770559e-001  5.250734e-017 -2.734375e-001
    endloop
  endfacet
  facet normal  1.000000e+000  0.000000e+000  0.000000e+000
    outer loop
      vertex -2.770559e-001  5.250734e-017 -2.734375e-001
      vertex -2.770559e-001  2.343750e-002  2.812500e-001
      vertex -2.770559e-001  8.329868e-017  2.812500e-001
    endloop
  endfacet
  facet normal  -0.000000e+000  0.000000e+000 -1.000000e+000
    outer loop
      vertex -7.500000e-001  2.343750e-002 -2.734375e-001
      vertex -2.770559e-001  2.343750e-002 -2.734375e-001
      vertex -7.500000e-001  0.000000e+000 -2.734375e-001
    endloop
  endfacet
  facet normal  0.000000e+000  0.000000e+000 -1.000000e+000
    outer loop
      vertex -7.500000e-001  0.000000e+000 -2.734375e-001
      vertex -2.770559e-001  2.343750e-002 -2.734375e-001
      vertex -2.770559e-001  5.250734e-017 -2.734375e-001
    endloop
  endfacet
  facet normal  0.000000e+000 -1.000000e+000  0.000000e+000
    outer loop
      vertex -2.734375e-001 -2.343750e-002 -1.484375e-001
      vertex -2.710357e-001 -2.343750e-002 -1.728238e-001
      vertex -2.639225e-001 -2.343750e-002 -1.962729e-001
    endloop
  endfacet
  facet normal  0.000000e+000 -1.000000e+000  0.000000e+000
    outer loop
      vertex -2.734375e-001 -2.343750e-002 -1.484375e-001
      vertex -2.639225e-001 -2.343750e-002 -1.962729e-001
      vertex -2.523712e-001 -2.343750e-002 -2.178838e-001
    endloop
  endfacet
  facet normal  0.000000e+000 -1.000000e+000  0.000000e+000
    outer loop
      vertex -2.734375e-001 -2.343750e-002 -1.484375e-001
      vertex -2.523712e-001 -2.343750e-002 -2.178838e-001
      vertex -2.368259e-001 -2.343750e-002 -2.368259e-001
    endloop
  endfacet
  facet normal  0.000000e+000 -1.000000e+000  0.000000e+000
    outer loop
      vertex -2.734375e-001 -2.343750e-002 -1.484375e-001
      vertex -2.368259e-001 -2.343750e-002 -2.368259e-001
      vertex -2.178838e-001 -2.343750e-002 -2.523712e-001
    endloop
  endfacet
  facet normal  0.000000e+000 -1.000000e+000  0.000000e+000
    outer loop
      vertex -2.734375e-001 -2.343750e-002 -1.484375e-001
      vertex -2.178838e-001 -2.343750e-002 -2.523712e-001
      vertex -1.962729e-001 -2.343750e-002 -2.639225e-001
    endloop
  endfacet
  facet normal  0.000000e+000 -1.000000e+000  0.000000e+000
    outer loop
      vertex -2.734375e-001 -2.343750e-002 -1.484375e-001
      vertex -1.962729e-001 -2.343750e-002 -2.639225e-001
      vertex -1.728238e-001 -2.343750e-002 -2.710357e-001
    endloop
  endfacet
  facet normal  0.000000e+000 -1.000000e+000  0.000000e+000
    outer loop
      vertex -2.734375e-001 -2.343750e-002 -1.484375e-001
      vertex -1.728238e-001 -2.343750e-002 -2.710357e-001
      vertex -1.484375e-001 -2.343750e-002 -2.734375e-001
    endloop
  endfacet
  facet normal  0.000000e+000 -9.999999e-001  0.000000e+000
    outer loop
      vertex -2.734375e-001 -2.343750e-002 -1.484375e-001
      vertex -1.484375e-001 -2.343750e-002 -2.734375e-001
      vertex  2.812500e-001 -2.343750e-002 -2.734375e-001
    endloop
  endfacet
  facet normal  0.000000e+000 -1.000000e+000  0.000000e+000
    outer loop
      vertex -2.734375e-001 -2.343750e-002 -1.484375e-001
      vertex  2.812500e-001 -2.343750e-002 -2.734375e-001
      vertex  2.812500e-001 -2.343750e-002  2.812500e-001
    endloop
  endfacet
  facet normal  -0.000000e+000 -1.000000e+000  0.000000e+000
    outer loop
      vertex -2.734375e-001 -2.343750e-002 -1.484375e-001
      vertex  2.812500e-001 -2.343750e-002  2.812500e-001
      vertex -2.734375e-001 -2.343750e-002  2.812500e-001
    endloop
  endfacet
  facet normal -9.999999e-001  -0.000000e+000  0.000000e+000
    outer loop
      vertex -2.734375e-001 -2.343750e-002  2.812500e-001
      vertex -2.734375e-001  3.079134e-017  2.812500e-001
      vertex -2.734375e-001 -2.343750e-002 -1.484375e-001
    endloop
  endfacet
  facet normal -9.999999e-001  0.000000e+000  0.000000e+000
    outer loop
      vertex -2.734375e-001 -2.343750e-002 -1.484375e-001
      vertex -2.734375e-001  3.079134e-017  2.812500e-001
      vertex -2.734375e-001  6.938894e-018 -1.484375e-001
    endloop
  endfacet
  facet normal -9.801669e-002  0.000000e+000 -9.951847e-001
    outer loop
      vertex -1.484375e-001  6.938894e-018 -2.734375e-001
      vertex -1.484375e-001 -2.343750e-002 -2.734375e-001
      vertex -1.728238e-001  5.718512e-018 -2.710357e-001
    endloop
  endfacet
  facet normal -9.801669e-002  -0.000000e+000 -9.951847e-001
    outer loop
      vertex -1.728238e-001  5.718512e-018 -2.710357e-001
      vertex -1.484375e-001 -2.343750e-002 -2.734375e-001
      vertex -1.728238e-001 -2.343750e-002 -2.710357e-001
    endloop
  endfacet
  facet normal -2.902847e-001  0.000000e+000 -9.569404e-001
    outer loop
      vertex -1.728238e-001  5.718512e-018 -2.710357e-001
      vertex -1.728238e-001 -2.343750e-002 -2.710357e-001
      vertex -1.962729e-001  4.811686e-018 -2.639225e-001
    endloop
  endfacet
  facet normal -2.902847e-001  -0.000000e+000 -9.569404e-001
    outer loop
      vertex -1.962729e-001  4.811686e-018 -2.639225e-001
      vertex -1.728238e-001 -2.343750e-002 -2.710357e-001
      vertex -1.962729e-001 -2.343750e-002 -2.639225e-001
    endloop
  endfacet
  facet normal -4.713973e-001  0.000000e+000 -8.819210e-001
    outer loop
      vertex -1.962729e-001  4.811686e-018 -2.639225e-001
      vertex -1.962729e-001 -2.343750e-002 -2.639225e-001
      vertex -2.178838e-001  4.253266e-018 -2.523712e-001
    endloop
  endfacet
  facet normal -4.713973e-001  -0.000000e+000 -8.819210e-001
    outer loop
      vertex -2.178838e-001  4.253266e-018 -2.523712e-001
      vertex -1.962729e-001 -2.343750e-002 -2.639225e-001
      vertex -2.178838e-001 -2.343750e-002 -2.523712e-001
    endloop
  endfacet
  facet normal -6.343928e-001  0.000000e+000 -7.730108e-001
    outer loop
      vertex -2.178838e-001  4.253266e-018 -2.523712e-001
      vertex -2.178838e-001 -2.343750e-002 -2.523712e-001
      vertex -2.368259e-001  4.064710e-018 -2.368259e-001
    endloop
  endfacet
  facet normal -6.343928e-001  -0.000000e+000 -7.730108e-001
    outer loop
      vertex -2.368259e-001  4.064710e-018 -2.368259e-001
      vertex -2.178838e-001 -2.343750e-002 -2.523712e-001
      vertex -2.368259e-001 -2.343750e-002 -2.368259e-001
    endloop
  endfacet
  facet normal -7.730108e-001  0.000000e+000 -6.343928e-001
    outer loop
      vertex -2.368259e-001  4.064710e-018 -2.368259e-001
      vertex -2.368259e-001 -2.343750e-002 -2.368259e-001
      vertex -2.523712e-001  4.253266e-018 -2.178838e-001
    endloop
  endfacet
  facet normal -7.730108e-001  -0.000000e+000 -6.343928e-001
    outer loop
      vertex -2.523712e-001  4.253266e-018 -2.178838e-001
      vertex -2.368259e-001 -2.343750e-002 -2.368259e-001
      vertex -2.523712e-001 -2.343750e-002 -2.178838e-001
    endloop
  endfacet
  facet normal -8.819210e-001  0.000000e+000 -4.713973e-001
    outer loop
      vertex -2.523712e-001  4.253266e-018 -2.178838e-001
      vertex -2.523712e-001 -2.343750e-002 -2.178838e-001
      vertex -2.639225e-001  4.811686e-018 -1.962729e-001
    endloop
  endfacet
  facet normal -8.819210e-001  -0.000000e+000 -4.713973e-001
    outer loop
      vertex -2.639225e-001  4.811686e-018 -1.962729e-001
      vertex -2.523712e-001 -2.343750e-002 -2.178838e-001
      vertex -2.639225e-001 -2.343750e-002 -1.962729e-001
    endloop
  endfacet
  facet normal -9.569404e-001  0.000000e+000 -2.902847e-001
    outer loop
      vertex -2.639225e-001  4.811686e-018 -1.962729e-001
      vertex -2.639225e-001 -2.343750e-002 -1.962729e-001
      vertex -2.710357e-001  5.718512e-018 -1.728238e-001
    endloop
  endfacet
  facet normal -9.569404e-001  -0.000000e+000 -2.902847e-001
    outer loop
      vertex -2.710357e-001  5.718512e-018 -1.728238e-001
      vertex -2.639225e-001 -2.343750e-002 -1.962729e-001
      vertex -2.710357e-001 -2.343750e-002 -1.728238e-001
    endloop
  endfacet
  facet normal -9.951847e-001  0.000000e+000 -9.801669e-002
    outer loop
      vertex -2.710357e-001  5.718512e-018 -1.728238e-001
      vertex -2.710357e-001 -2.343750e-002 -1.728238e-001
      vertex -2.734375e-001  6.938894e-018 -1.484375e-001
    endloop
  endfacet
  facet normal -9.951847e-001  -0.000000e+000 -9.801669e-002
    outer loop
      vertex -2.734375e-001  6.938894e-018 -1.484375e-001
      vertex -2.710357e-001 -2.343750e-002 -1.728238e-001
      vertex -2.734375e-001 -2.343750e-002 -1.484375e-001
    endloop
  endfacet
endsolid CATIA STL
