solid CATIA STL
  facet normal  0.000000e+000  0.000000e+000  1.000000e+000
    outer loop
      vertex  3.437500e-001  3.750000e-001  7.500000e-001
      vertex  3.557089e-001  3.726212e-001  7.500000e-001
      vertex  3.498466e-001  3.743995e-001  7.500000e-001
    endloop
  endfacet
  facet normal  0.000000e+000  0.000000e+000  1.000000e+000
    outer loop
      vertex -3.750000e-001  3.750000e-001  7.500000e-001
      vertex -3.750000e-001 -3.750000e-001  7.500000e-001
      vertex  3.750000e-001 -3.750000e-001  7.500000e-001
    endloop
  endfacet
  facet normal  0.000000e+000  -0.000000e+000  1.000000e+000
    outer loop
      vertex -3.750000e-001  3.750000e-001  7.500000e-001
      vertex  3.750000e-001 -3.750000e-001  7.500000e-001
      vertex  3.750000e-001  3.437500e-001  7.500000e-001
    endloop
  endfacet
  facet normal  0.000000e+000  0.000000e+000  1.000000e+000
    outer loop
      vertex -3.750000e-001  3.750000e-001  7.500000e-001
      vertex  3.750000e-001  3.437500e-001  7.500000e-001
      vertex  3.743995e-001  3.498466e-001  7.500000e-001
    endloop
  endfacet
  facet normal  0.000000e+000  0.000000e+000  9.999999e-001
    outer loop
      vertex -3.750000e-001  3.750000e-001  7.500000e-001
      vertex  3.743995e-001  3.498466e-001  7.500000e-001
      vertex  3.726212e-001  3.557089e-001  7.500000e-001
    endloop
  endfacet
  facet normal  0.000000e+000  0.000000e+000  1.000000e+000
    outer loop
      vertex -3.750000e-001  3.750000e-001  7.500000e-001
      vertex  3.726212e-001  3.557089e-001  7.500000e-001
      vertex  3.697334e-001  3.611116e-001  7.500000e-001
    endloop
  endfacet
  facet normal  0.000000e+000  0.000000e+000  1.000000e+000
    outer loop
      vertex -3.750000e-001  3.750000e-001  7.500000e-001
      vertex  3.697334e-001  3.611116e-001  7.500000e-001
      vertex  3.658471e-001  3.658471e-001  7.500000e-001
    endloop
  endfacet
  facet normal  0.000000e+000  0.000000e+000  1.000000e+000
    outer loop
      vertex -3.750000e-001  3.750000e-001  7.500000e-001
      vertex  3.658471e-001  3.658471e-001  7.500000e-001
      vertex  3.611116e-001  3.697334e-001  7.500000e-001
    endloop
  endfacet
  facet normal  0.000000e+000  0.000000e+000  1.000000e+000
    outer loop
      vertex -3.750000e-001  3.750000e-001  7.500000e-001
      vertex  3.611116e-001  3.697334e-001  7.500000e-001
      vertex  3.557089e-001  3.726212e-001  7.500000e-001
    endloop
  endfacet
  facet normal  0.000000e+000  0.000000e+000  1.000000e+000
    outer loop
      vertex -3.750000e-001  3.750000e-001  7.500000e-001
      vertex  3.557089e-001  3.726212e-001  7.500000e-001
      vertex  3.437500e-001  3.750000e-001  7.500000e-001
    endloop
  endfacet
  facet normal  0.000000e+000  0.000000e+000 -1.000000e+000
    outer loop
      vertex  3.498466e-001  3.743995e-001  0.000000e+000
      vertex  3.557089e-001  3.726212e-001  0.000000e+000
      vertex  3.437500e-001  3.750000e-001  0.000000e+000
    endloop
  endfacet
  facet normal  -0.000000e+000  -0.000000e+000 -9.999999e-001
    outer loop
      vertex -3.750000e-001  3.750000e-001  0.000000e+000
      vertex  3.437500e-001  3.750000e-001  0.000000e+000
      vertex  3.557089e-001  3.726212e-001  0.000000e+000
    endloop
  endfacet
  facet normal  -0.000000e+000  -0.000000e+000 -1.000000e+000
    outer loop
      vertex -3.750000e-001  3.750000e-001  0.000000e+000
      vertex  3.557089e-001  3.726212e-001  0.000000e+000
      vertex  3.611116e-001  3.697334e-001  0.000000e+000
    endloop
  endfacet
  facet normal  -0.000000e+000  -0.000000e+000 -1.000000e+000
    outer loop
      vertex -3.750000e-001  3.750000e-001  0.000000e+000
      vertex  3.611116e-001  3.697334e-001  0.000000e+000
      vertex  3.658471e-001  3.658471e-001  0.000000e+000
    endloop
  endfacet
  facet normal  -0.000000e+000  -0.000000e+000 -1.000000e+000
    outer loop
      vertex -3.750000e-001  3.750000e-001  0.000000e+000
      vertex  3.658471e-001  3.658471e-001  0.000000e+000
      vertex  3.697334e-001  3.611116e-001  0.000000e+000
    endloop
  endfacet
  facet normal  -0.000000e+000  -0.000000e+000 -1.000000e+000
    outer loop
      vertex -3.750000e-001  3.750000e-001  0.000000e+000
      vertex  3.697334e-001  3.611116e-001  0.000000e+000
      vertex  3.726212e-001  3.557089e-001  0.000000e+000
    endloop
  endfacet
  facet normal  -0.000000e+000  -0.000000e+000 -9.999999e-001
    outer loop
      vertex -3.750000e-001  3.750000e-001  0.000000e+000
      vertex  3.726212e-001  3.557089e-001  0.000000e+000
      vertex  3.743995e-001  3.498466e-001  0.000000e+000
    endloop
  endfacet
  facet normal  -0.000000e+000  -0.000000e+000 -1.000000e+000
    outer loop
      vertex -3.750000e-001  3.750000e-001  0.000000e+000
      vertex  3.743995e-001  3.498466e-001  0.000000e+000
      vertex  3.750000e-001  3.437500e-001  0.000000e+000
    endloop
  endfacet
  facet normal  -0.000000e+000  -0.000000e+000 -1.000000e+000
    outer loop
      vertex -3.750000e-001  3.750000e-001  0.000000e+000
      vertex  3.750000e-001  3.437500e-001  0.000000e+000
      vertex  3.750000e-001 -3.750000e-001  0.000000e+000
    endloop
  endfacet
  facet normal  0.000000e+000  0.000000e+000 -1.000000e+000
    outer loop
      vertex -3.750000e-001  3.750000e-001  0.000000e+000
      vertex  3.750000e-001 -3.750000e-001  0.000000e+000
      vertex -3.750000e-001 -3.750000e-001  0.000000e+000
    endloop
  endfacet
  facet normal  0.000000e+000  1.000000e+000  0.000000e+000
    outer loop
      vertex  3.437500e-001  3.750000e-001  0.000000e+000
      vertex -3.750000e-001  3.750000e-001  0.000000e+000
      vertex  3.437500e-001  3.750000e-001  7.500000e-001
    endloop
  endfacet
  facet normal  0.000000e+000  1.000000e+000  0.000000e+000
    outer loop
      vertex  3.437500e-001  3.750000e-001  7.500000e-001
      vertex -3.750000e-001  3.750000e-001  0.000000e+000
      vertex -3.750000e-001  3.750000e-001  7.500000e-001
    endloop
  endfacet
  facet normal  1.000000e+000  0.000000e+000  0.000000e+000
    outer loop
      vertex  3.750000e-001 -3.750000e-001  0.000000e+000
      vertex  3.750000e-001  3.437500e-001  0.000000e+000
      vertex  3.750000e-001 -3.750000e-001  7.500000e-001
    endloop
  endfacet
  facet normal  1.000000e+000  -0.000000e+000  0.000000e+000
    outer loop
      vertex  3.750000e-001 -3.750000e-001  7.500000e-001
      vertex  3.750000e-001  3.437500e-001  0.000000e+000
      vertex  3.750000e-001  3.437500e-001  7.500000e-001
    endloop
  endfacet
  facet normal  9.801669e-002  9.951847e-001  0.000000e+000
    outer loop
      vertex  3.437500e-001  3.750000e-001  0.000000e+000
      vertex  3.437500e-001  3.750000e-001  7.500000e-001
      vertex  3.498466e-001  3.743995e-001  0.000000e+000
    endloop
  endfacet
  facet normal  9.801669e-002  9.951847e-001  -0.000000e+000
    outer loop
      vertex  3.498466e-001  3.743995e-001  0.000000e+000
      vertex  3.437500e-001  3.750000e-001  7.500000e-001
      vertex  3.498466e-001  3.743995e-001  7.500000e-001
    endloop
  endfacet
  facet normal  2.902842e-001  9.569405e-001  0.000000e+000
    outer loop
      vertex  3.498466e-001  3.743995e-001  0.000000e+000
      vertex  3.498466e-001  3.743995e-001  7.500000e-001
      vertex  3.557089e-001  3.726212e-001  0.000000e+000
    endloop
  endfacet
  facet normal  2.902842e-001  9.569405e-001  -0.000000e+000
    outer loop
      vertex  3.557089e-001  3.726212e-001  0.000000e+000
      vertex  3.498466e-001  3.743995e-001  7.500000e-001
      vertex  3.557089e-001  3.726212e-001  7.500000e-001
    endloop
  endfacet
  facet normal  4.713973e-001  8.819210e-001  0.000000e+000
    outer loop
      vertex  3.557089e-001  3.726212e-001  0.000000e+000
      vertex  3.557089e-001  3.726212e-001  7.500000e-001
      vertex  3.611116e-001  3.697334e-001  0.000000e+000
    endloop
  endfacet
  facet normal  4.713973e-001  8.819210e-001  -0.000000e+000
    outer loop
      vertex  3.611116e-001  3.697334e-001  0.000000e+000
      vertex  3.557089e-001  3.726212e-001  7.500000e-001
      vertex  3.611116e-001  3.697334e-001  7.500000e-001
    endloop
  endfacet
  facet normal  6.343951e-001  7.730091e-001  0.000000e+000
    outer loop
      vertex  3.611116e-001  3.697334e-001  0.000000e+000
      vertex  3.611116e-001  3.697334e-001  7.500000e-001
      vertex  3.658471e-001  3.658471e-001  0.000000e+000
    endloop
  endfacet
  facet normal  6.343951e-001  7.730091e-001  -0.000000e+000
    outer loop
      vertex  3.658471e-001  3.658471e-001  0.000000e+000
      vertex  3.611116e-001  3.697334e-001  7.500000e-001
      vertex  3.658471e-001  3.658471e-001  7.500000e-001
    endloop
  endfacet
  facet normal  7.730091e-001  6.343951e-001  0.000000e+000
    outer loop
      vertex  3.658471e-001  3.658471e-001  0.000000e+000
      vertex  3.658471e-001  3.658471e-001  7.500000e-001
      vertex  3.697334e-001  3.611116e-001  0.000000e+000
    endloop
  endfacet
  facet normal  7.730091e-001  6.343951e-001  -0.000000e+000
    outer loop
      vertex  3.697334e-001  3.611116e-001  0.000000e+000
      vertex  3.658471e-001  3.658471e-001  7.500000e-001
      vertex  3.697334e-001  3.611116e-001  7.500000e-001
    endloop
  endfacet
  facet normal  8.819210e-001  4.713973e-001  0.000000e+000
    outer loop
      vertex  3.697334e-001  3.611116e-001  0.000000e+000
      vertex  3.697334e-001  3.611116e-001  7.500000e-001
      vertex  3.726212e-001  3.557089e-001  0.000000e+000
    endloop
  endfacet
  facet normal  8.819210e-001  4.713973e-001  -0.000000e+000
    outer loop
      vertex  3.726212e-001  3.557089e-001  0.000000e+000
      vertex  3.697334e-001  3.611116e-001  7.500000e-001
      vertex  3.726212e-001  3.557089e-001  7.500000e-001
    endloop
  endfacet
  facet normal  9.569405e-001  2.902842e-001  0.000000e+000
    outer loop
      vertex  3.726212e-001  3.557089e-001  0.000000e+000
      vertex  3.726212e-001  3.557089e-001  7.500000e-001
      vertex  3.743995e-001  3.498466e-001  0.000000e+000
    endloop
  endfacet
  facet normal  9.569405e-001  2.902842e-001  -0.000000e+000
    outer loop
      vertex  3.743995e-001  3.498466e-001  0.000000e+000
      vertex  3.726212e-001  3.557089e-001  7.500000e-001
      vertex  3.743995e-001  3.498466e-001  7.500000e-001
    endloop
  endfacet
  facet normal  9.951847e-001  9.801669e-002  0.000000e+000
    outer loop
      vertex  3.743995e-001  3.498466e-001  0.000000e+000
      vertex  3.743995e-001  3.498466e-001  7.500000e-001
      vertex  3.750000e-001  3.437500e-001  0.000000e+000
    endloop
  endfacet
  facet normal  9.951847e-001  9.801669e-002  -0.000000e+000
    outer loop
      vertex  3.750000e-001  3.437500e-001  0.000000e+000
      vertex  3.743995e-001  3.498466e-001  7.500000e-001
      vertex  3.750000e-001  3.437500e-001  7.500000e-001
    endloop
  endfacet
  facet normal -1.000000e+000  0.000000e+000  0.000000e+000
    outer loop
      vertex -3.750000e-001  3.750000e-001  0.000000e+000
      vertex -3.750000e-001 -3.750000e-001  0.000000e+000
      vertex -3.750000e-001  3.750000e-001  7.500000e-001
    endloop
  endfacet
  facet normal -1.000000e+000  -0.000000e+000  0.000000e+000
    outer loop
      vertex -3.750000e-001  3.750000e-001  7.500000e-001
      vertex -3.750000e-001 -3.750000e-001  0.000000e+000
      vertex -3.750000e-001 -3.750000e-001  7.500000e-001
    endloop
  endfacet
  facet normal  0.000000e+000 -1.000000e+000  0.000000e+000
    outer loop
      vertex -3.750000e-001 -3.750000e-001  0.000000e+000
      vertex  3.750000e-001 -3.750000e-001  0.000000e+000
      vertex -3.750000e-001 -3.750000e-001  7.500000e-001
    endloop
  endfacet
  facet normal  0.000000e+000 -1.000000e+000  0.000000e+000
    outer loop
      vertex -3.750000e-001 -3.750000e-001  7.500000e-001
      vertex  3.750000e-001 -3.750000e-001  0.000000e+000
      vertex  3.750000e-001 -3.750000e-001  7.500000e-001
    endloop
  endfacet
endsolid CATIA STL
