solid CATIA STL
  facet normal  0.000000e+000  0.000000e+000  1.000000e+000
    outer loop
      vertex -2.187500e-001 -2.343750e-001  4.609375e-001
      vertex  2.265625e-001 -2.343750e-001  4.609375e-001
      vertex -2.331856e-001 -2.247294e-001  4.609375e-001
    endloop
  endfacet
  facet normal  -0.000000e+000  0.000000e+000  1.000000e+000
    outer loop
      vertex  2.265625e-001  2.265625e-001  4.609375e-001
      vertex -2.343750e-001  2.265625e-001  4.609375e-001
      vertex -2.343750e-001 -2.187500e-001  4.609375e-001
    endloop
  endfacet
  facet normal  -0.000000e+000  0.000000e+000  1.000000e+000
    outer loop
      vertex  2.265625e-001  2.265625e-001  4.609375e-001
      vertex -2.343750e-001 -2.187500e-001  4.609375e-001
      vertex -2.340748e-001 -2.217983e-001  4.609375e-001
    endloop
  endfacet
  facet normal  -0.000000e+000  0.000000e+000  1.000000e+000
    outer loop
      vertex  2.265625e-001  2.265625e-001  4.609375e-001
      vertex -2.340748e-001 -2.217983e-001  4.609375e-001
      vertex -2.331856e-001 -2.247294e-001  4.609375e-001
    endloop
  endfacet
  facet normal  -0.000000e+000  0.000000e+000  1.000000e+000
    outer loop
      vertex  2.265625e-001  2.265625e-001  4.609375e-001
      vertex -2.331856e-001 -2.247294e-001  4.609375e-001
      vertex  2.265625e-001 -2.343750e-001  4.609375e-001
    endloop
  endfacet
  facet normal  0.000000e+000  0.000000e+000  1.000000e+000
    outer loop
      vertex -2.217983e-001 -2.340748e-001  4.609375e-001
      vertex -2.187500e-001 -2.343750e-001  4.609375e-001
      vertex -2.331856e-001 -2.247294e-001  4.609375e-001
    endloop
  endfacet
  facet normal  0.000000e+000  0.000000e+000  1.000000e+000
    outer loop
      vertex -2.217983e-001 -2.340748e-001  4.609375e-001
      vertex -2.331856e-001 -2.247294e-001  4.609375e-001
      vertex -2.317417e-001 -2.274308e-001  4.609375e-001
    endloop
  endfacet
  facet normal  0.000000e+000  0.000000e+000  1.000000e+000
    outer loop
      vertex -2.217983e-001 -2.340748e-001  4.609375e-001
      vertex -2.317417e-001 -2.274308e-001  4.609375e-001
      vertex -2.297985e-001 -2.297985e-001  4.609375e-001
    endloop
  endfacet
  facet normal  0.000000e+000  0.000000e+000  1.000000e+000
    outer loop
      vertex -2.217983e-001 -2.340748e-001  4.609375e-001
      vertex -2.297985e-001 -2.297985e-001  4.609375e-001
      vertex -2.274308e-001 -2.317417e-001  4.609375e-001
    endloop
  endfacet
  facet normal  0.000000e+000  0.000000e+000  1.000000e+000
    outer loop
      vertex -2.217983e-001 -2.340748e-001  4.609375e-001
      vertex -2.274308e-001 -2.317417e-001  4.609375e-001
      vertex -2.247294e-001 -2.331856e-001  4.609375e-001
    endloop
  endfacet
  facet normal  0.000000e+000  0.000000e+000 -1.000000e+000
    outer loop
      vertex -2.331856e-001 -2.247294e-001  0.000000e+000
      vertex  2.265625e-001 -2.343750e-001  0.000000e+000
      vertex -2.187500e-001 -2.343750e-001  0.000000e+000
    endloop
  endfacet
  facet normal  0.000000e+000  0.000000e+000 -1.000000e+000
    outer loop
      vertex  2.265625e-001  2.265625e-001  0.000000e+000
      vertex  2.265625e-001 -2.343750e-001  0.000000e+000
      vertex -2.331856e-001 -2.247294e-001  0.000000e+000
    endloop
  endfacet
  facet normal  0.000000e+000  0.000000e+000 -1.000000e+000
    outer loop
      vertex  2.265625e-001  2.265625e-001  0.000000e+000
      vertex -2.331856e-001 -2.247294e-001  0.000000e+000
      vertex -2.340748e-001 -2.217983e-001  0.000000e+000
    endloop
  endfacet
  facet normal  0.000000e+000  0.000000e+000 -1.000000e+000
    outer loop
      vertex  2.265625e-001  2.265625e-001  0.000000e+000
      vertex -2.340748e-001 -2.217983e-001  0.000000e+000
      vertex -2.343750e-001 -2.187500e-001  0.000000e+000
    endloop
  endfacet
  facet normal  0.000000e+000  0.000000e+000 -1.000000e+000
    outer loop
      vertex  2.265625e-001  2.265625e-001  0.000000e+000
      vertex -2.343750e-001 -2.187500e-001  0.000000e+000
      vertex -2.343750e-001  2.265625e-001  0.000000e+000
    endloop
  endfacet
  facet normal  0.000000e+000  0.000000e+000 -1.000000e+000
    outer loop
      vertex -2.217983e-001 -2.340748e-001  0.000000e+000
      vertex -2.247294e-001 -2.331856e-001  0.000000e+000
      vertex -2.274308e-001 -2.317417e-001  0.000000e+000
    endloop
  endfacet
  facet normal  0.000000e+000  0.000000e+000 -1.000000e+000
    outer loop
      vertex -2.217983e-001 -2.340748e-001  0.000000e+000
      vertex -2.274308e-001 -2.317417e-001  0.000000e+000
      vertex -2.297985e-001 -2.297985e-001  0.000000e+000
    endloop
  endfacet
  facet normal  0.000000e+000  0.000000e+000 -1.000000e+000
    outer loop
      vertex -2.217983e-001 -2.340748e-001  0.000000e+000
      vertex -2.297985e-001 -2.297985e-001  0.000000e+000
      vertex -2.317417e-001 -2.274308e-001  0.000000e+000
    endloop
  endfacet
  facet normal  0.000000e+000  0.000000e+000 -1.000000e+000
    outer loop
      vertex -2.217983e-001 -2.340748e-001  0.000000e+000
      vertex -2.317417e-001 -2.274308e-001  0.000000e+000
      vertex -2.331856e-001 -2.247294e-001  0.000000e+000
    endloop
  endfacet
  facet normal  0.000000e+000  0.000000e+000 -1.000000e+000
    outer loop
      vertex -2.217983e-001 -2.340748e-001  0.000000e+000
      vertex -2.331856e-001 -2.247294e-001  0.000000e+000
      vertex -2.187500e-001 -2.343750e-001  0.000000e+000
    endloop
  endfacet
  facet normal -1.000000e+000  0.000000e+000  0.000000e+000
    outer loop
      vertex -2.343750e-001  2.265625e-001  0.000000e+000
      vertex -2.343750e-001 -2.187500e-001  0.000000e+000
      vertex -2.343750e-001  2.265625e-001  4.609375e-001
    endloop
  endfacet
  facet normal -1.000000e+000  -0.000000e+000  0.000000e+000
    outer loop
      vertex -2.343750e-001  2.265625e-001  4.609375e-001
      vertex -2.343750e-001 -2.187500e-001  0.000000e+000
      vertex -2.343750e-001 -2.187500e-001  4.609375e-001
    endloop
  endfacet
  facet normal  0.000000e+000 -1.000000e+000  0.000000e+000
    outer loop
      vertex -2.187500e-001 -2.343750e-001  0.000000e+000
      vertex  2.265625e-001 -2.343750e-001  0.000000e+000
      vertex -2.187500e-001 -2.343750e-001  4.609375e-001
    endloop
  endfacet
  facet normal  0.000000e+000 -1.000000e+000  0.000000e+000
    outer loop
      vertex -2.187500e-001 -2.343750e-001  4.609375e-001
      vertex  2.265625e-001 -2.343750e-001  0.000000e+000
      vertex  2.265625e-001 -2.343750e-001  4.609375e-001
    endloop
  endfacet
  facet normal -9.801671e-002 -9.951848e-001  -0.000000e+000
    outer loop
      vertex -2.187500e-001 -2.343750e-001  0.000000e+000
      vertex -2.187500e-001 -2.343750e-001  4.609375e-001
      vertex -2.217983e-001 -2.340748e-001  0.000000e+000
    endloop
  endfacet
  facet normal -9.801671e-002 -9.951848e-001  0.000000e+000
    outer loop
      vertex -2.217983e-001 -2.340748e-001  0.000000e+000
      vertex -2.187500e-001 -2.343750e-001  4.609375e-001
      vertex -2.217983e-001 -2.340748e-001  4.609375e-001
    endloop
  endfacet
  facet normal -2.902842e-001 -9.569405e-001  -0.000000e+000
    outer loop
      vertex -2.217983e-001 -2.340748e-001  0.000000e+000
      vertex -2.217983e-001 -2.340748e-001  4.609375e-001
      vertex -2.247294e-001 -2.331856e-001  0.000000e+000
    endloop
  endfacet
  facet normal -2.902842e-001 -9.569405e-001  0.000000e+000
    outer loop
      vertex -2.247294e-001 -2.331856e-001  0.000000e+000
      vertex -2.217983e-001 -2.340748e-001  4.609375e-001
      vertex -2.247294e-001 -2.331856e-001  4.609375e-001
    endloop
  endfacet
  facet normal -4.713973e-001 -8.819209e-001  -0.000000e+000
    outer loop
      vertex -2.247294e-001 -2.331856e-001  0.000000e+000
      vertex -2.247294e-001 -2.331856e-001  4.609375e-001
      vertex -2.274308e-001 -2.317417e-001  0.000000e+000
    endloop
  endfacet
  facet normal -4.713973e-001 -8.819209e-001  0.000000e+000
    outer loop
      vertex -2.274308e-001 -2.317417e-001  0.000000e+000
      vertex -2.247294e-001 -2.331856e-001  4.609375e-001
      vertex -2.274308e-001 -2.317417e-001  4.609375e-001
    endloop
  endfacet
  facet normal -6.343951e-001 -7.730091e-001  -0.000000e+000
    outer loop
      vertex -2.274308e-001 -2.317417e-001  0.000000e+000
      vertex -2.274308e-001 -2.317417e-001  4.609375e-001
      vertex -2.297985e-001 -2.297985e-001  0.000000e+000
    endloop
  endfacet
  facet normal -6.343951e-001 -7.730091e-001  0.000000e+000
    outer loop
      vertex -2.297985e-001 -2.297985e-001  0.000000e+000
      vertex -2.274308e-001 -2.317417e-001  4.609375e-001
      vertex -2.297985e-001 -2.297985e-001  4.609375e-001
    endloop
  endfacet
  facet normal -7.730091e-001 -6.343951e-001  -0.000000e+000
    outer loop
      vertex -2.297985e-001 -2.297985e-001  0.000000e+000
      vertex -2.297985e-001 -2.297985e-001  4.609375e-001
      vertex -2.317417e-001 -2.274308e-001  0.000000e+000
    endloop
  endfacet
  facet normal -7.730091e-001 -6.343951e-001  0.000000e+000
    outer loop
      vertex -2.317417e-001 -2.274308e-001  0.000000e+000
      vertex -2.297985e-001 -2.297985e-001  4.609375e-001
      vertex -2.317417e-001 -2.274308e-001  4.609375e-001
    endloop
  endfacet
  facet normal -8.819209e-001 -4.713973e-001  -0.000000e+000
    outer loop
      vertex -2.317417e-001 -2.274308e-001  0.000000e+000
      vertex -2.317417e-001 -2.274308e-001  4.609375e-001
      vertex -2.331856e-001 -2.247294e-001  0.000000e+000
    endloop
  endfacet
  facet normal -8.819209e-001 -4.713973e-001  0.000000e+000
    outer loop
      vertex -2.331856e-001 -2.247294e-001  0.000000e+000
      vertex -2.317417e-001 -2.274308e-001  4.609375e-001
      vertex -2.331856e-001 -2.247294e-001  4.609375e-001
    endloop
  endfacet
  facet normal -9.569405e-001 -2.902842e-001  -0.000000e+000
    outer loop
      vertex -2.331856e-001 -2.247294e-001  0.000000e+000
      vertex -2.331856e-001 -2.247294e-001  4.609375e-001
      vertex -2.340748e-001 -2.217983e-001  0.000000e+000
    endloop
  endfacet
  facet normal -9.569405e-001 -2.902842e-001  0.000000e+000
    outer loop
      vertex -2.340748e-001 -2.217983e-001  0.000000e+000
      vertex -2.331856e-001 -2.247294e-001  4.609375e-001
      vertex -2.340748e-001 -2.217983e-001  4.609375e-001
    endloop
  endfacet
  facet normal -9.951848e-001 -9.801671e-002  -0.000000e+000
    outer loop
      vertex -2.340748e-001 -2.217983e-001  0.000000e+000
      vertex -2.340748e-001 -2.217983e-001  4.609375e-001
      vertex -2.343750e-001 -2.187500e-001  0.000000e+000
    endloop
  endfacet
  facet normal -9.951848e-001 -9.801671e-002  0.000000e+000
    outer loop
      vertex -2.343750e-001 -2.187500e-001  0.000000e+000
      vertex -2.340748e-001 -2.217983e-001  4.609375e-001
      vertex -2.343750e-001 -2.187500e-001  4.609375e-001
    endloop
  endfacet
  facet normal  0.000000e+000  1.000000e+000  0.000000e+000
    outer loop
      vertex  2.265625e-001  2.265625e-001  0.000000e+000
      vertex -2.343750e-001  2.265625e-001  0.000000e+000
      vertex  2.265625e-001  2.265625e-001  4.609375e-001
    endloop
  endfacet
  facet normal  0.000000e+000  1.000000e+000  0.000000e+000
    outer loop
      vertex  2.265625e-001  2.265625e-001  4.609375e-001
      vertex -2.343750e-001  2.265625e-001  0.000000e+000
      vertex -2.343750e-001  2.265625e-001  4.609375e-001
    endloop
  endfacet
  facet normal  1.000000e+000  0.000000e+000  0.000000e+000
    outer loop
      vertex  2.265625e-001 -2.343750e-001  0.000000e+000
      vertex  2.265625e-001  2.265625e-001  0.000000e+000
      vertex  2.265625e-001 -2.343750e-001  4.609375e-001
    endloop
  endfacet
  facet normal  1.000000e+000  -0.000000e+000  0.000000e+000
    outer loop
      vertex  2.265625e-001 -2.343750e-001  4.609375e-001
      vertex  2.265625e-001  2.265625e-001  0.000000e+000
      vertex  2.265625e-001  2.265625e-001  4.609375e-001
    endloop
  endfacet
endsolid CATIA STL
