solid CATIA STL
  facet normal  0.000000e+000 -1.000000e+000  -0.000000e+000
    outer loop
      vertex  2.343750e-001  3.203125e-001  0.000000e+000
      vertex  2.343750e-001  3.203125e-001  3.906250e-002
      vertex -3.281250e-001  3.203125e-001  0.000000e+000
    endloop
  endfacet
  facet normal  0.000000e+000 -1.000000e+000  0.000000e+000
    outer loop
      vertex -3.281250e-001  3.203125e-001  0.000000e+000
      vertex  2.343750e-001  3.203125e-001  3.906250e-002
      vertex -3.281250e-001  3.203125e-001  3.906250e-002
    endloop
  endfacet
  facet normal -1.000000e+000  0.000000e+000  0.000000e+000
    outer loop
      vertex  3.203125e-001 -3.281250e-001  0.000000e+000
      vertex  3.203125e-001 -3.281250e-001  3.906250e-002
      vertex  3.203125e-001  2.343750e-001  0.000000e+000
    endloop
  endfacet
  facet normal -1.000000e+000  0.000000e+000  0.000000e+000
    outer loop
      vertex  3.203125e-001  2.343750e-001  0.000000e+000
      vertex  3.203125e-001 -3.281250e-001  3.906250e-002
      vertex  3.203125e-001  2.343750e-001  3.906250e-002
    endloop
  endfacet
  facet normal  -0.000000e+000  0.000000e+000  9.999999e-001
    outer loop
      vertex  7.500000e-001  7.500000e-001  3.906250e-002
      vertex -7.500000e-001  7.500000e-001  3.906250e-002
      vertex -3.281250e-001  3.203125e-001  3.906250e-002
    endloop
  endfacet
  facet normal  0.000000e+000  0.000000e+000  1.000000e+000
    outer loop
      vertex  7.500000e-001  7.500000e-001  3.906250e-002
      vertex -3.281250e-001  3.203125e-001  3.906250e-002
      vertex  2.343750e-001  3.203125e-001  3.906250e-002
    endloop
  endfacet
  facet normal  -0.000000e+000  0.000000e+000  1.000000e+000
    outer loop
      vertex  7.500000e-001  7.500000e-001  3.906250e-002
      vertex  2.343750e-001  3.203125e-001  3.906250e-002
      vertex  2.511406e-001  3.186612e-001  3.906250e-002
    endloop
  endfacet
  facet normal  -0.000000e+000  0.000000e+000  1.000000e+000
    outer loop
      vertex  7.500000e-001  7.500000e-001  3.906250e-002
      vertex  2.511406e-001  3.186612e-001  3.906250e-002
      vertex  2.672619e-001  3.137709e-001  3.906250e-002
    endloop
  endfacet
  facet normal  -0.000000e+000  0.000000e+000  9.999999e-001
    outer loop
      vertex  7.500000e-001  7.500000e-001  3.906250e-002
      vertex  2.672619e-001  3.137709e-001  3.906250e-002
      vertex  2.821193e-001  3.058294e-001  3.906250e-002
    endloop
  endfacet
  facet normal  -0.000000e+000  0.000000e+000  1.000000e+000
    outer loop
      vertex  7.500000e-001  7.500000e-001  3.906250e-002
      vertex  2.821193e-001  3.058294e-001  3.906250e-002
      vertex  2.951420e-001  2.951420e-001  3.906250e-002
    endloop
  endfacet
  facet normal  -0.000000e+000  0.000000e+000  1.000000e+000
    outer loop
      vertex  7.500000e-001  7.500000e-001  3.906250e-002
      vertex  2.951420e-001  2.951420e-001  3.906250e-002
      vertex  3.058294e-001  2.821193e-001  3.906250e-002
    endloop
  endfacet
  facet normal  -0.000000e+000  0.000000e+000  9.999999e-001
    outer loop
      vertex  7.500000e-001  7.500000e-001  3.906250e-002
      vertex  3.058294e-001  2.821193e-001  3.906250e-002
      vertex  3.137709e-001  2.672619e-001  3.906250e-002
    endloop
  endfacet
  facet normal  -0.000000e+000  0.000000e+000  1.000000e+000
    outer loop
      vertex  7.500000e-001  7.500000e-001  3.906250e-002
      vertex  3.137709e-001  2.672619e-001  3.906250e-002
      vertex  3.186612e-001  2.511406e-001  3.906250e-002
    endloop
  endfacet
  facet normal  -0.000000e+000  0.000000e+000  1.000000e+000
    outer loop
      vertex  7.500000e-001  7.500000e-001  3.906250e-002
      vertex  3.186612e-001  2.511406e-001  3.906250e-002
      vertex  3.203125e-001  2.343750e-001  3.906250e-002
    endloop
  endfacet
  facet normal  -0.000000e+000  0.000000e+000  1.000000e+000
    outer loop
      vertex  7.500000e-001  7.500000e-001  3.906250e-002
      vertex  3.203125e-001  2.343750e-001  3.906250e-002
      vertex  3.203125e-001 -3.281250e-001  3.906250e-002
    endloop
  endfacet
  facet normal  -0.000000e+000  0.000000e+000  9.999999e-001
    outer loop
      vertex  7.500000e-001  7.500000e-001  3.906250e-002
      vertex  3.203125e-001 -3.281250e-001  3.906250e-002
      vertex  7.500000e-001 -7.500000e-001  3.906250e-002
    endloop
  endfacet
  facet normal  0.000000e+000  0.000000e+000  1.000000e+000
    outer loop
      vertex  7.500000e-001 -7.500000e-001  3.906250e-002
      vertex  3.203125e-001 -3.281250e-001  3.906250e-002
      vertex -7.500000e-001 -7.500000e-001  3.906250e-002
    endloop
  endfacet
  facet normal  0.000000e+000  0.000000e+000  1.000000e+000
    outer loop
      vertex -7.500000e-001 -7.500000e-001  3.906250e-002
      vertex  3.203125e-001 -3.281250e-001  3.906250e-002
      vertex -3.281250e-001 -3.281250e-001  3.906250e-002
    endloop
  endfacet
  facet normal  0.000000e+000  0.000000e+000  1.000000e+000
    outer loop
      vertex -7.500000e-001 -7.500000e-001  3.906250e-002
      vertex -3.281250e-001 -3.281250e-001  3.906250e-002
      vertex -7.500000e-001  7.500000e-001  3.906250e-002
    endloop
  endfacet
  facet normal  0.000000e+000  0.000000e+000  1.000000e+000
    outer loop
      vertex -7.500000e-001  7.500000e-001  3.906250e-002
      vertex -3.281250e-001 -3.281250e-001  3.906250e-002
      vertex -3.281250e-001  3.203125e-001  3.906250e-002
    endloop
  endfacet
  facet normal  0.000000e+000  0.000000e+000 -9.999999e-001
    outer loop
      vertex  7.500000e-001  7.500000e-001  0.000000e+000
      vertex  7.500000e-001 -7.500000e-001  0.000000e+000
      vertex  3.203125e-001 -3.281250e-001  0.000000e+000
    endloop
  endfacet
  facet normal  0.000000e+000  0.000000e+000 -1.000000e+000
    outer loop
      vertex  7.500000e-001  7.500000e-001  0.000000e+000
      vertex  3.203125e-001 -3.281250e-001  0.000000e+000
      vertex  3.203125e-001  2.343750e-001  0.000000e+000
    endloop
  endfacet
  facet normal  0.000000e+000  0.000000e+000 -1.000000e+000
    outer loop
      vertex  7.500000e-001  7.500000e-001  0.000000e+000
      vertex  3.203125e-001  2.343750e-001  0.000000e+000
      vertex  3.186612e-001  2.511406e-001  0.000000e+000
    endloop
  endfacet
  facet normal  0.000000e+000  0.000000e+000 -1.000000e+000
    outer loop
      vertex  7.500000e-001  7.500000e-001  0.000000e+000
      vertex  3.186612e-001  2.511406e-001  0.000000e+000
      vertex  3.137709e-001  2.672619e-001  0.000000e+000
    endloop
  endfacet
  facet normal  0.000000e+000  0.000000e+000 -9.999999e-001
    outer loop
      vertex  7.500000e-001  7.500000e-001  0.000000e+000
      vertex  3.137709e-001  2.672619e-001  0.000000e+000
      vertex  3.058294e-001  2.821193e-001  0.000000e+000
    endloop
  endfacet
  facet normal  0.000000e+000  0.000000e+000 -1.000000e+000
    outer loop
      vertex  7.500000e-001  7.500000e-001  0.000000e+000
      vertex  3.058294e-001  2.821193e-001  0.000000e+000
      vertex  2.951420e-001  2.951420e-001  0.000000e+000
    endloop
  endfacet
  facet normal  0.000000e+000  0.000000e+000 -1.000000e+000
    outer loop
      vertex  7.500000e-001  7.500000e-001  0.000000e+000
      vertex  2.951420e-001  2.951420e-001  0.000000e+000
      vertex  2.821193e-001  3.058294e-001  0.000000e+000
    endloop
  endfacet
  facet normal  0.000000e+000  0.000000e+000 -9.999999e-001
    outer loop
      vertex  7.500000e-001  7.500000e-001  0.000000e+000
      vertex  2.821193e-001  3.058294e-001  0.000000e+000
      vertex  2.672619e-001  3.137709e-001  0.000000e+000
    endloop
  endfacet
  facet normal  0.000000e+000  0.000000e+000 -1.000000e+000
    outer loop
      vertex  7.500000e-001  7.500000e-001  0.000000e+000
      vertex  2.672619e-001  3.137709e-001  0.000000e+000
      vertex  2.511406e-001  3.186612e-001  0.000000e+000
    endloop
  endfacet
  facet normal  0.000000e+000  0.000000e+000 -1.000000e+000
    outer loop
      vertex  7.500000e-001  7.500000e-001  0.000000e+000
      vertex  2.511406e-001  3.186612e-001  0.000000e+000
      vertex  2.343750e-001  3.203125e-001  0.000000e+000
    endloop
  endfacet
  facet normal  0.000000e+000  0.000000e+000 -1.000000e+000
    outer loop
      vertex  7.500000e-001  7.500000e-001  0.000000e+000
      vertex  2.343750e-001  3.203125e-001  0.000000e+000
      vertex -3.281250e-001  3.203125e-001  0.000000e+000
    endloop
  endfacet
  facet normal  0.000000e+000  0.000000e+000 -9.999999e-001
    outer loop
      vertex  7.500000e-001  7.500000e-001  0.000000e+000
      vertex -3.281250e-001  3.203125e-001  0.000000e+000
      vertex -7.500000e-001  7.500000e-001  0.000000e+000
    endloop
  endfacet
  facet normal  0.000000e+000  0.000000e+000 -1.000000e+000
    outer loop
      vertex  7.500000e-001 -7.500000e-001  0.000000e+000
      vertex -7.500000e-001 -7.500000e-001  0.000000e+000
      vertex  3.203125e-001 -3.281250e-001  0.000000e+000
    endloop
  endfacet
  facet normal  -0.000000e+000  0.000000e+000 -1.000000e+000
    outer loop
      vertex  3.203125e-001 -3.281250e-001  0.000000e+000
      vertex -7.500000e-001 -7.500000e-001  0.000000e+000
      vertex -3.281250e-001 -3.281250e-001  0.000000e+000
    endloop
  endfacet
  facet normal  0.000000e+000  0.000000e+000 -1.000000e+000
    outer loop
      vertex -7.500000e-001 -7.500000e-001  0.000000e+000
      vertex -7.500000e-001  7.500000e-001  0.000000e+000
      vertex -3.281250e-001 -3.281250e-001  0.000000e+000
    endloop
  endfacet
  facet normal  0.000000e+000  0.000000e+000 -1.000000e+000
    outer loop
      vertex -3.281250e-001 -3.281250e-001  0.000000e+000
      vertex -7.500000e-001  7.500000e-001  0.000000e+000
      vertex -3.281250e-001  3.203125e-001  0.000000e+000
    endloop
  endfacet
  facet normal -7.730115e-001 -6.343921e-001  0.000000e+000
    outer loop
      vertex  2.951420e-001  2.951420e-001  3.906250e-002
      vertex  3.058294e-001  2.821193e-001  0.000000e+000
      vertex  3.058294e-001  2.821193e-001  3.906250e-002
    endloop
  endfacet
  facet normal -8.819208e-001 -4.713975e-001  -0.000000e+000
    outer loop
      vertex  3.058294e-001  2.821193e-001  3.906250e-002
      vertex  3.058294e-001  2.821193e-001  0.000000e+000
      vertex  3.137709e-001  2.672619e-001  0.000000e+000
    endloop
  endfacet
  facet normal -8.819208e-001 -4.713975e-001  0.000000e+000
    outer loop
      vertex  3.058294e-001  2.821193e-001  3.906250e-002
      vertex  3.137709e-001  2.672619e-001  0.000000e+000
      vertex  3.137709e-001  2.672619e-001  3.906250e-002
    endloop
  endfacet
  facet normal -9.569402e-001 -2.902852e-001  -0.000000e+000
    outer loop
      vertex  3.137709e-001  2.672619e-001  3.906250e-002
      vertex  3.137709e-001  2.672619e-001  0.000000e+000
      vertex  3.186612e-001  2.511406e-001  0.000000e+000
    endloop
  endfacet
  facet normal -9.569402e-001 -2.902852e-001  0.000000e+000
    outer loop
      vertex  3.137709e-001  2.672619e-001  3.906250e-002
      vertex  3.186612e-001  2.511406e-001  0.000000e+000
      vertex  3.186612e-001  2.511406e-001  3.906250e-002
    endloop
  endfacet
  facet normal -9.951848e-001 -9.801675e-002  -0.000000e+000
    outer loop
      vertex  3.186612e-001  2.511406e-001  3.906250e-002
      vertex  3.186612e-001  2.511406e-001  0.000000e+000
      vertex  3.203125e-001  2.343750e-001  0.000000e+000
    endloop
  endfacet
  facet normal -9.951848e-001 -9.801675e-002  0.000000e+000
    outer loop
      vertex  3.186612e-001  2.511406e-001  3.906250e-002
      vertex  3.203125e-001  2.343750e-001  0.000000e+000
      vertex  3.203125e-001  2.343750e-001  3.906250e-002
    endloop
  endfacet
  facet normal -7.730115e-001 -6.343921e-001  -0.000000e+000
    outer loop
      vertex  3.058294e-001  2.821193e-001  0.000000e+000
      vertex  2.951420e-001  2.951420e-001  3.906250e-002
      vertex  2.951420e-001  2.951420e-001  0.000000e+000
    endloop
  endfacet
  facet normal -6.343921e-001 -7.730115e-001  0.000000e+000
    outer loop
      vertex  2.951420e-001  2.951420e-001  0.000000e+000
      vertex  2.951420e-001  2.951420e-001  3.906250e-002
      vertex  2.821193e-001  3.058294e-001  3.906250e-002
    endloop
  endfacet
  facet normal -6.343921e-001 -7.730115e-001  -0.000000e+000
    outer loop
      vertex  2.951420e-001  2.951420e-001  0.000000e+000
      vertex  2.821193e-001  3.058294e-001  3.906250e-002
      vertex  2.821193e-001  3.058294e-001  0.000000e+000
    endloop
  endfacet
  facet normal -4.713975e-001 -8.819208e-001  0.000000e+000
    outer loop
      vertex  2.821193e-001  3.058294e-001  0.000000e+000
      vertex  2.821193e-001  3.058294e-001  3.906250e-002
      vertex  2.672619e-001  3.137709e-001  3.906250e-002
    endloop
  endfacet
  facet normal -4.713975e-001 -8.819208e-001  -0.000000e+000
    outer loop
      vertex  2.821193e-001  3.058294e-001  0.000000e+000
      vertex  2.672619e-001  3.137709e-001  3.906250e-002
      vertex  2.672619e-001  3.137709e-001  0.000000e+000
    endloop
  endfacet
  facet normal -2.902852e-001 -9.569402e-001  0.000000e+000
    outer loop
      vertex  2.672619e-001  3.137709e-001  0.000000e+000
      vertex  2.672619e-001  3.137709e-001  3.906250e-002
      vertex  2.511406e-001  3.186612e-001  3.906250e-002
    endloop
  endfacet
  facet normal -2.902852e-001 -9.569402e-001  -0.000000e+000
    outer loop
      vertex  2.672619e-001  3.137709e-001  0.000000e+000
      vertex  2.511406e-001  3.186612e-001  3.906250e-002
      vertex  2.511406e-001  3.186612e-001  0.000000e+000
    endloop
  endfacet
  facet normal -9.801675e-002 -9.951848e-001  0.000000e+000
    outer loop
      vertex  2.511406e-001  3.186612e-001  0.000000e+000
      vertex  2.511406e-001  3.186612e-001  3.906250e-002
      vertex  2.343750e-001  3.203125e-001  3.906250e-002
    endloop
  endfacet
  facet normal -9.801675e-002 -9.951848e-001  -0.000000e+000
    outer loop
      vertex  2.511406e-001  3.186612e-001  0.000000e+000
      vertex  2.343750e-001  3.203125e-001  3.906250e-002
      vertex  2.343750e-001  3.203125e-001  0.000000e+000
    endloop
  endfacet
  facet normal  0.000000e+000  1.000000e+000  0.000000e+000
    outer loop
      vertex -3.281250e-001 -3.281250e-001  0.000000e+000
      vertex -3.281250e-001 -3.281250e-001  3.906250e-002
      vertex  3.203125e-001 -3.281250e-001  0.000000e+000
    endloop
  endfacet
  facet normal  0.000000e+000  1.000000e+000  -0.000000e+000
    outer loop
      vertex  3.203125e-001 -3.281250e-001  0.000000e+000
      vertex -3.281250e-001 -3.281250e-001  3.906250e-002
      vertex  3.203125e-001 -3.281250e-001  3.906250e-002
    endloop
  endfacet
  facet normal  1.000000e+000  0.000000e+000  0.000000e+000
    outer loop
      vertex -3.281250e-001  3.203125e-001  0.000000e+000
      vertex -3.281250e-001  3.203125e-001  3.906250e-002
      vertex -3.281250e-001 -3.281250e-001  0.000000e+000
    endloop
  endfacet
  facet normal  1.000000e+000  0.000000e+000  0.000000e+000
    outer loop
      vertex -3.281250e-001 -3.281250e-001  0.000000e+000
      vertex -3.281250e-001  3.203125e-001  3.906250e-002
      vertex -3.281250e-001 -3.281250e-001  3.906250e-002
    endloop
  endfacet
  facet normal -1.000000e+000  0.000000e+000  0.000000e+000
    outer loop
      vertex -7.500000e-001  7.500000e-001  3.906250e-002
      vertex -7.500000e-001  7.500000e-001  0.000000e+000
      vertex -7.500000e-001 -7.500000e-001  3.906250e-002
    endloop
  endfacet
  facet normal -1.000000e+000  0.000000e+000  0.000000e+000
    outer loop
      vertex -7.500000e-001 -7.500000e-001  3.906250e-002
      vertex -7.500000e-001  7.500000e-001  0.000000e+000
      vertex -7.500000e-001 -7.500000e-001  0.000000e+000
    endloop
  endfacet
  facet normal  0.000000e+000  1.000000e+000  -0.000000e+000
    outer loop
      vertex  7.500000e-001  7.500000e-001  3.906250e-002
      vertex  7.500000e-001  7.500000e-001  0.000000e+000
      vertex -7.500000e-001  7.500000e-001  3.906250e-002
    endloop
  endfacet
  facet normal  0.000000e+000  1.000000e+000  0.000000e+000
    outer loop
      vertex -7.500000e-001  7.500000e-001  3.906250e-002
      vertex  7.500000e-001  7.500000e-001  0.000000e+000
      vertex -7.500000e-001  7.500000e-001  0.000000e+000
    endloop
  endfacet
  facet normal  1.000000e+000  0.000000e+000  0.000000e+000
    outer loop
      vertex  7.500000e-001 -7.500000e-001  3.906250e-002
      vertex  7.500000e-001 -7.500000e-001  0.000000e+000
      vertex  7.500000e-001  7.500000e-001  3.906250e-002
    endloop
  endfacet
  facet normal  1.000000e+000  0.000000e+000  0.000000e+000
    outer loop
      vertex  7.500000e-001  7.500000e-001  3.906250e-002
      vertex  7.500000e-001 -7.500000e-001  0.000000e+000
      vertex  7.500000e-001  7.500000e-001  0.000000e+000
    endloop
  endfacet
  facet normal  0.000000e+000 -1.000000e+000  0.000000e+000
    outer loop
      vertex -7.500000e-001 -7.500000e-001  3.906250e-002
      vertex -7.500000e-001 -7.500000e-001  0.000000e+000
      vertex  7.500000e-001 -7.500000e-001  3.906250e-002
    endloop
  endfacet
  facet normal  0.000000e+000 -1.000000e+000  -0.000000e+000
    outer loop
      vertex  7.500000e-001 -7.500000e-001  3.906250e-002
      vertex -7.500000e-001 -7.500000e-001  0.000000e+000
      vertex  7.500000e-001 -7.500000e-001  0.000000e+000
    endloop
  endfacet
endsolid CATIA STL
