solid CATIA STL
  facet normal  0.000000e+000  0.000000e+000  9.999999e-001
    outer loop
      vertex -4.531250e-001  4.453125e-001  7.500000e-001
      vertex -4.531250e-001 -4.531250e-001  7.500000e-001
      vertex  4.453125e-001 -4.531250e-001  7.500000e-001
    endloop
  endfacet
  facet normal  0.000000e+000  -0.000000e+000  1.000000e+000
    outer loop
      vertex -4.531250e-001  4.453125e-001  7.500000e-001
      vertex  4.453125e-001 -4.531250e-001  7.500000e-001
      vertex  4.453125e-001  2.968750e-001  7.500000e-001
    endloop
  endfacet
  facet normal  0.000000e+000  0.000000e+000  1.000000e+000
    outer loop
      vertex -4.531250e-001  4.453125e-001  7.500000e-001
      vertex  4.453125e-001  2.968750e-001  7.500000e-001
      vertex  4.424603e-001  3.258337e-001  7.500000e-001
    endloop
  endfacet
  facet normal  0.000000e+000  0.000000e+000  1.000000e+000
    outer loop
      vertex -4.531250e-001  4.453125e-001  7.500000e-001
      vertex  4.424603e-001  3.258337e-001  7.500000e-001
      vertex  4.340134e-001  3.536796e-001  7.500000e-001
    endloop
  endfacet
  facet normal  0.000000e+000  0.000000e+000  1.000000e+000
    outer loop
      vertex -4.531250e-001  4.453125e-001  7.500000e-001
      vertex  4.340134e-001  3.536796e-001  7.500000e-001
      vertex  4.202963e-001  3.793425e-001  7.500000e-001
    endloop
  endfacet
  facet normal  0.000000e+000  0.000000e+000  1.000000e+000
    outer loop
      vertex -4.531250e-001  4.453125e-001  7.500000e-001
      vertex  4.202963e-001  3.793425e-001  7.500000e-001
      vertex  4.018362e-001  4.018362e-001  7.500000e-001
    endloop
  endfacet
  facet normal  0.000000e+000  0.000000e+000  1.000000e+000
    outer loop
      vertex -4.531250e-001  4.453125e-001  7.500000e-001
      vertex  4.018362e-001  4.018362e-001  7.500000e-001
      vertex  3.793425e-001  4.202963e-001  7.500000e-001
    endloop
  endfacet
  facet normal  0.000000e+000  0.000000e+000  1.000000e+000
    outer loop
      vertex -4.531250e-001  4.453125e-001  7.500000e-001
      vertex  3.793425e-001  4.202963e-001  7.500000e-001
      vertex  3.536796e-001  4.340134e-001  7.500000e-001
    endloop
  endfacet
  facet normal  0.000000e+000  0.000000e+000  9.999999e-001
    outer loop
      vertex -4.531250e-001  4.453125e-001  7.500000e-001
      vertex  3.536796e-001  4.340134e-001  7.500000e-001
      vertex  3.258337e-001  4.424603e-001  7.500000e-001
    endloop
  endfacet
  facet normal  0.000000e+000  0.000000e+000  1.000000e+000
    outer loop
      vertex -4.531250e-001  4.453125e-001  7.500000e-001
      vertex  3.258337e-001  4.424603e-001  7.500000e-001
      vertex  2.968750e-001  4.453125e-001  7.500000e-001
    endloop
  endfacet
  facet normal  -0.000000e+000  -0.000000e+000 -1.000000e+000
    outer loop
      vertex -4.531250e-001  4.453125e-001  0.000000e+000
      vertex  2.968750e-001  4.453125e-001  0.000000e+000
      vertex  3.258337e-001  4.424603e-001  0.000000e+000
    endloop
  endfacet
  facet normal  -0.000000e+000  -0.000000e+000 -9.999999e-001
    outer loop
      vertex -4.531250e-001  4.453125e-001  0.000000e+000
      vertex  3.258337e-001  4.424603e-001  0.000000e+000
      vertex  3.536796e-001  4.340134e-001  0.000000e+000
    endloop
  endfacet
  facet normal  -0.000000e+000  -0.000000e+000 -1.000000e+000
    outer loop
      vertex -4.531250e-001  4.453125e-001  0.000000e+000
      vertex  3.536796e-001  4.340134e-001  0.000000e+000
      vertex  3.793425e-001  4.202963e-001  0.000000e+000
    endloop
  endfacet
  facet normal  -0.000000e+000  -0.000000e+000 -1.000000e+000
    outer loop
      vertex -4.531250e-001  4.453125e-001  0.000000e+000
      vertex  3.793425e-001  4.202963e-001  0.000000e+000
      vertex  4.018362e-001  4.018362e-001  0.000000e+000
    endloop
  endfacet
  facet normal  -0.000000e+000  -0.000000e+000 -1.000000e+000
    outer loop
      vertex -4.531250e-001  4.453125e-001  0.000000e+000
      vertex  4.018362e-001  4.018362e-001  0.000000e+000
      vertex  4.202963e-001  3.793425e-001  0.000000e+000
    endloop
  endfacet
  facet normal  -0.000000e+000  -0.000000e+000 -1.000000e+000
    outer loop
      vertex -4.531250e-001  4.453125e-001  0.000000e+000
      vertex  4.202963e-001  3.793425e-001  0.000000e+000
      vertex  4.340134e-001  3.536796e-001  0.000000e+000
    endloop
  endfacet
  facet normal  -0.000000e+000  -0.000000e+000 -1.000000e+000
    outer loop
      vertex -4.531250e-001  4.453125e-001  0.000000e+000
      vertex  4.340134e-001  3.536796e-001  0.000000e+000
      vertex  4.424603e-001  3.258337e-001  0.000000e+000
    endloop
  endfacet
  facet normal  -0.000000e+000  -0.000000e+000 -1.000000e+000
    outer loop
      vertex -4.531250e-001  4.453125e-001  0.000000e+000
      vertex  4.424603e-001  3.258337e-001  0.000000e+000
      vertex  4.453125e-001  2.968750e-001  0.000000e+000
    endloop
  endfacet
  facet normal  -0.000000e+000  -0.000000e+000 -1.000000e+000
    outer loop
      vertex -4.531250e-001  4.453125e-001  0.000000e+000
      vertex  4.453125e-001  2.968750e-001  0.000000e+000
      vertex  4.453125e-001 -4.531250e-001  0.000000e+000
    endloop
  endfacet
  facet normal  0.000000e+000  0.000000e+000 -9.999999e-001
    outer loop
      vertex -4.531250e-001  4.453125e-001  0.000000e+000
      vertex  4.453125e-001 -4.531250e-001  0.000000e+000
      vertex -4.531250e-001 -4.531250e-001  0.000000e+000
    endloop
  endfacet
  facet normal  0.000000e+000  1.000000e+000  -0.000000e+000
    outer loop
      vertex  2.968750e-001  4.453125e-001  7.500000e-001
      vertex  2.968750e-001  4.453125e-001  0.000000e+000
      vertex -4.531250e-001  4.453125e-001  7.500000e-001
    endloop
  endfacet
  facet normal  0.000000e+000  1.000000e+000  0.000000e+000
    outer loop
      vertex -4.531250e-001  4.453125e-001  7.500000e-001
      vertex  2.968750e-001  4.453125e-001  0.000000e+000
      vertex -4.531250e-001  4.453125e-001  0.000000e+000
    endloop
  endfacet
  facet normal  1.000000e+000  0.000000e+000  0.000000e+000
    outer loop
      vertex  4.453125e-001 -4.531250e-001  7.500000e-001
      vertex  4.453125e-001 -4.531250e-001  0.000000e+000
      vertex  4.453125e-001  2.968750e-001  7.500000e-001
    endloop
  endfacet
  facet normal  1.000000e+000  0.000000e+000  0.000000e+000
    outer loop
      vertex  4.453125e-001  2.968750e-001  7.500000e-001
      vertex  4.453125e-001 -4.531250e-001  0.000000e+000
      vertex  4.453125e-001  2.968750e-001  0.000000e+000
    endloop
  endfacet
  facet normal  9.801672e-002  9.951847e-001  0.000000e+000
    outer loop
      vertex  2.968750e-001  4.453125e-001  0.000000e+000
      vertex  2.968750e-001  4.453125e-001  7.500000e-001
      vertex  3.258337e-001  4.424603e-001  0.000000e+000
    endloop
  endfacet
  facet normal  9.801672e-002  9.951847e-001  -0.000000e+000
    outer loop
      vertex  3.258337e-001  4.424603e-001  0.000000e+000
      vertex  2.968750e-001  4.453125e-001  7.500000e-001
      vertex  3.258337e-001  4.424603e-001  7.500000e-001
    endloop
  endfacet
  facet normal  2.902851e-001  9.569402e-001  0.000000e+000
    outer loop
      vertex  3.258337e-001  4.424603e-001  0.000000e+000
      vertex  3.258337e-001  4.424603e-001  7.500000e-001
      vertex  3.536796e-001  4.340134e-001  0.000000e+000
    endloop
  endfacet
  facet normal  2.902851e-001  9.569402e-001  -0.000000e+000
    outer loop
      vertex  3.536796e-001  4.340134e-001  0.000000e+000
      vertex  3.258337e-001  4.424603e-001  7.500000e-001
      vertex  3.536796e-001  4.340134e-001  7.500000e-001
    endloop
  endfacet
  facet normal  4.713962e-001  8.819215e-001  0.000000e+000
    outer loop
      vertex  3.536796e-001  4.340134e-001  0.000000e+000
      vertex  3.536796e-001  4.340134e-001  7.500000e-001
      vertex  3.793425e-001  4.202963e-001  0.000000e+000
    endloop
  endfacet
  facet normal  4.713962e-001  8.819215e-001  -0.000000e+000
    outer loop
      vertex  3.793425e-001  4.202963e-001  0.000000e+000
      vertex  3.536796e-001  4.340134e-001  7.500000e-001
      vertex  3.793425e-001  4.202963e-001  7.500000e-001
    endloop
  endfacet
  facet normal  6.343939e-001  7.730100e-001  0.000000e+000
    outer loop
      vertex  3.793425e-001  4.202963e-001  0.000000e+000
      vertex  3.793425e-001  4.202963e-001  7.500000e-001
      vertex  4.018362e-001  4.018362e-001  0.000000e+000
    endloop
  endfacet
  facet normal  6.343939e-001  7.730100e-001  -0.000000e+000
    outer loop
      vertex  4.018362e-001  4.018362e-001  0.000000e+000
      vertex  3.793425e-001  4.202963e-001  7.500000e-001
      vertex  4.018362e-001  4.018362e-001  7.500000e-001
    endloop
  endfacet
  facet normal  7.730100e-001  6.343939e-001  0.000000e+000
    outer loop
      vertex  4.018362e-001  4.018362e-001  0.000000e+000
      vertex  4.018362e-001  4.018362e-001  7.500000e-001
      vertex  4.202963e-001  3.793425e-001  0.000000e+000
    endloop
  endfacet
  facet normal  7.730100e-001  6.343939e-001  -0.000000e+000
    outer loop
      vertex  4.202963e-001  3.793425e-001  0.000000e+000
      vertex  4.018362e-001  4.018362e-001  7.500000e-001
      vertex  4.202963e-001  3.793425e-001  7.500000e-001
    endloop
  endfacet
  facet normal  8.819215e-001  4.713962e-001  0.000000e+000
    outer loop
      vertex  4.202963e-001  3.793425e-001  0.000000e+000
      vertex  4.202963e-001  3.793425e-001  7.500000e-001
      vertex  4.340134e-001  3.536796e-001  0.000000e+000
    endloop
  endfacet
  facet normal  8.819215e-001  4.713962e-001  -0.000000e+000
    outer loop
      vertex  4.340134e-001  3.536796e-001  0.000000e+000
      vertex  4.202963e-001  3.793425e-001  7.500000e-001
      vertex  4.340134e-001  3.536796e-001  7.500000e-001
    endloop
  endfacet
  facet normal  9.569402e-001  2.902851e-001  0.000000e+000
    outer loop
      vertex  4.340134e-001  3.536796e-001  0.000000e+000
      vertex  4.340134e-001  3.536796e-001  7.500000e-001
      vertex  4.424603e-001  3.258337e-001  0.000000e+000
    endloop
  endfacet
  facet normal  9.569402e-001  2.902851e-001  -0.000000e+000
    outer loop
      vertex  4.424603e-001  3.258337e-001  0.000000e+000
      vertex  4.340134e-001  3.536796e-001  7.500000e-001
      vertex  4.424603e-001  3.258337e-001  7.500000e-001
    endloop
  endfacet
  facet normal  9.951847e-001  9.801672e-002  0.000000e+000
    outer loop
      vertex  4.424603e-001  3.258337e-001  0.000000e+000
      vertex  4.424603e-001  3.258337e-001  7.500000e-001
      vertex  4.453125e-001  2.968750e-001  0.000000e+000
    endloop
  endfacet
  facet normal  9.951847e-001  9.801672e-002  -0.000000e+000
    outer loop
      vertex  4.453125e-001  2.968750e-001  0.000000e+000
      vertex  4.424603e-001  3.258337e-001  7.500000e-001
      vertex  4.453125e-001  2.968750e-001  7.500000e-001
    endloop
  endfacet
  facet normal -1.000000e+000  0.000000e+000  0.000000e+000
    outer loop
      vertex -4.531250e-001  4.453125e-001  7.500000e-001
      vertex -4.531250e-001  4.453125e-001  0.000000e+000
      vertex -4.531250e-001 -4.531250e-001  7.500000e-001
    endloop
  endfacet
  facet normal -1.000000e+000  0.000000e+000  0.000000e+000
    outer loop
      vertex -4.531250e-001 -4.531250e-001  7.500000e-001
      vertex -4.531250e-001  4.453125e-001  0.000000e+000
      vertex -4.531250e-001 -4.531250e-001  0.000000e+000
    endloop
  endfacet
  facet normal  0.000000e+000 -1.000000e+000  0.000000e+000
    outer loop
      vertex -4.531250e-001 -4.531250e-001  7.500000e-001
      vertex -4.531250e-001 -4.531250e-001  0.000000e+000
      vertex  4.453125e-001 -4.531250e-001  7.500000e-001
    endloop
  endfacet
  facet normal  0.000000e+000 -1.000000e+000  -0.000000e+000
    outer loop
      vertex  4.453125e-001 -4.531250e-001  7.500000e-001
      vertex -4.531250e-001 -4.531250e-001  0.000000e+000
      vertex  4.453125e-001 -4.531250e-001  0.000000e+000
    endloop
  endfacet
endsolid CATIA STL
