solid CATIA STL
  facet normal  0.000000e+000  0.000000e+000  1.000000e+000
    outer loop
      vertex -4.218750e-001  3.642919e-017  3.281250e-001
      vertex -4.218750e-001  2.187500e-001  3.281250e-001
      vertex -7.500000e-001  2.230645e-033  3.281250e-001
    endloop
  endfacet
  facet normal  0.000000e+000  0.000000e+000  1.000000e+000
    outer loop
      vertex -7.500000e-001  2.230645e-033  3.281250e-001
      vertex -4.218750e-001  2.187500e-001  3.281250e-001
      vertex -7.500000e-001  2.187500e-001  3.281250e-001
    endloop
  endfacet
  facet normal  0.000000e+000  1.000000e+000  0.000000e+000
    outer loop
      vertex -7.500000e-001  3.281250e-001 -3.281250e-001
      vertex -7.500000e-001  3.281250e-001  2.187500e-001
      vertex -4.218750e-001  3.281250e-001 -3.281250e-001
    endloop
  endfacet
  facet normal  0.000000e+000  1.000000e+000  -0.000000e+000
    outer loop
      vertex -4.218750e-001  3.281250e-001 -3.281250e-001
      vertex -7.500000e-001  3.281250e-001  2.187500e-001
      vertex -4.218750e-001  3.281250e-001  2.187500e-001
    endloop
  endfacet
  facet normal  1.000000e+000  -0.000000e+000  0.000000e+000
    outer loop
      vertex -4.218750e-001  2.187500e-001  3.281250e-001
      vertex -4.218750e-001  3.642919e-017  3.281250e-001
      vertex -4.218750e-001  3.642919e-017 -2.009186e-017
    endloop
  endfacet
  facet normal  1.000000e+000  0.000000e+000  -0.000000e+000
    outer loop
      vertex -4.218750e-001  3.642919e-017 -3.281250e-001
      vertex -4.218750e-001  3.281250e-001 -3.281250e-001
      vertex -4.218750e-001  3.281250e-001  2.187500e-001
    endloop
  endfacet
  facet normal  1.000000e+000  0.000000e+000  0.000000e+000
    outer loop
      vertex -4.218750e-001  3.642919e-017 -3.281250e-001
      vertex -4.218750e-001  3.281250e-001  2.187500e-001
      vertex -4.218750e-001  3.260234e-001  2.400880e-001
    endloop
  endfacet
  facet normal  1.000000e+000  0.000000e+000  0.000000e+000
    outer loop
      vertex -4.218750e-001  3.642919e-017 -3.281250e-001
      vertex -4.218750e-001  3.260234e-001  2.400880e-001
      vertex -4.218750e-001  3.197993e-001  2.606060e-001
    endloop
  endfacet
  facet normal  1.000000e+000  0.000000e+000  0.000000e+000
    outer loop
      vertex -4.218750e-001  3.642919e-017 -3.281250e-001
      vertex -4.218750e-001  3.197993e-001  2.606060e-001
      vertex -4.218750e-001  3.096920e-001  2.795155e-001
    endloop
  endfacet
  facet normal  1.000000e+000  0.000000e+000  0.000000e+000
    outer loop
      vertex -4.218750e-001  3.642919e-017 -3.281250e-001
      vertex -4.218750e-001  3.096920e-001  2.795155e-001
      vertex -4.218750e-001  2.960898e-001  2.960898e-001
    endloop
  endfacet
  facet normal  1.000000e+000  0.000000e+000  0.000000e+000
    outer loop
      vertex -4.218750e-001  3.642919e-017 -3.281250e-001
      vertex -4.218750e-001  2.960898e-001  2.960898e-001
      vertex -4.218750e-001  2.795155e-001  3.096920e-001
    endloop
  endfacet
  facet normal  1.000000e+000  0.000000e+000  0.000000e+000
    outer loop
      vertex -4.218750e-001  3.642919e-017 -3.281250e-001
      vertex -4.218750e-001  2.795155e-001  3.096920e-001
      vertex -4.218750e-001  2.606060e-001  3.197993e-001
    endloop
  endfacet
  facet normal  1.000000e+000  0.000000e+000  0.000000e+000
    outer loop
      vertex -4.218750e-001  3.642919e-017 -3.281250e-001
      vertex -4.218750e-001  2.606060e-001  3.197993e-001
      vertex -4.218750e-001  2.400880e-001  3.260234e-001
    endloop
  endfacet
  facet normal  1.000000e+000  0.000000e+000  0.000000e+000
    outer loop
      vertex -4.218750e-001  3.642919e-017 -3.281250e-001
      vertex -4.218750e-001  2.400880e-001  3.260234e-001
      vertex -4.218750e-001  2.187500e-001  3.281250e-001
    endloop
  endfacet
  facet normal  1.000000e+000  0.000000e+000  0.000000e+000
    outer loop
      vertex -4.218750e-001  3.642919e-017 -3.281250e-001
      vertex -4.218750e-001  2.187500e-001  3.281250e-001
      vertex -4.218750e-001  3.642919e-017 -2.009186e-017
    endloop
  endfacet
  facet normal -1.000000e+000  -0.000000e+000  -0.000000e+000
    outer loop
      vertex -7.500000e-001  2.187500e-001  3.281250e-001
      vertex -7.500000e-001  2.400880e-001  3.260234e-001
      vertex -7.500000e-001  2.606060e-001  3.197993e-001
    endloop
  endfacet
  facet normal -1.000000e+000  -0.000000e+000  -0.000000e+000
    outer loop
      vertex -7.500000e-001  2.187500e-001  3.281250e-001
      vertex -7.500000e-001  2.606060e-001  3.197993e-001
      vertex -7.500000e-001  2.795155e-001  3.096920e-001
    endloop
  endfacet
  facet normal -1.000000e+000  -0.000000e+000  -0.000000e+000
    outer loop
      vertex -7.500000e-001  2.187500e-001  3.281250e-001
      vertex -7.500000e-001  2.795155e-001  3.096920e-001
      vertex -7.500000e-001  2.960898e-001  2.960898e-001
    endloop
  endfacet
  facet normal -1.000000e+000  -0.000000e+000  -0.000000e+000
    outer loop
      vertex -7.500000e-001  2.187500e-001  3.281250e-001
      vertex -7.500000e-001  2.960898e-001  2.960898e-001
      vertex -7.500000e-001  3.096920e-001  2.795155e-001
    endloop
  endfacet
  facet normal -1.000000e+000  -0.000000e+000  -0.000000e+000
    outer loop
      vertex -7.500000e-001  2.187500e-001  3.281250e-001
      vertex -7.500000e-001  3.096920e-001  2.795155e-001
      vertex -7.500000e-001  3.197993e-001  2.606060e-001
    endloop
  endfacet
  facet normal -1.000000e+000  -0.000000e+000  -0.000000e+000
    outer loop
      vertex -7.500000e-001  2.187500e-001  3.281250e-001
      vertex -7.500000e-001  3.197993e-001  2.606060e-001
      vertex -7.500000e-001  3.260234e-001  2.400880e-001
    endloop
  endfacet
  facet normal -1.000000e+000  -0.000000e+000  -0.000000e+000
    outer loop
      vertex -7.500000e-001  2.187500e-001  3.281250e-001
      vertex -7.500000e-001  3.260234e-001  2.400880e-001
      vertex -7.500000e-001  3.281250e-001  2.187500e-001
    endloop
  endfacet
  facet normal -9.999999e-001  -0.000000e+000  -0.000000e+000
    outer loop
      vertex -7.500000e-001  2.187500e-001  3.281250e-001
      vertex -7.500000e-001  3.281250e-001  2.187500e-001
      vertex -7.500000e-001  3.281250e-001 -3.281250e-001
    endloop
  endfacet
  facet normal -1.000000e+000  0.000000e+000  0.000000e+000
    outer loop
      vertex -7.500000e-001  2.187500e-001  3.281250e-001
      vertex -7.500000e-001  3.281250e-001 -3.281250e-001
      vertex -7.500000e-001  0.000000e+000  0.000000e+000
    endloop
  endfacet
  facet normal -1.000000e+000  0.000000e+000  0.000000e+000
    outer loop
      vertex -7.500000e-001  2.187500e-001  3.281250e-001
      vertex -7.500000e-001  0.000000e+000  0.000000e+000
      vertex -7.500000e-001  2.230645e-033  3.281250e-001
    endloop
  endfacet
  facet normal -1.000000e+000  0.000000e+000  0.000000e+000
    outer loop
      vertex -7.500000e-001  0.000000e+000  0.000000e+000
      vertex -7.500000e-001  3.281250e-001 -3.281250e-001
      vertex -7.500000e-001 -3.281250e-001  0.000000e+000
    endloop
  endfacet
  facet normal -1.000000e+000  0.000000e+000  0.000000e+000
    outer loop
      vertex -7.500000e-001 -3.281250e-001  0.000000e+000
      vertex -7.500000e-001  3.281250e-001 -3.281250e-001
      vertex -7.500000e-001 -3.281250e-001 -3.281250e-001
    endloop
  endfacet
  facet normal  -0.000000e+000  9.951847e-001  9.801670e-002
    outer loop
      vertex -4.218750e-001  3.281250e-001  2.187500e-001
      vertex -7.500000e-001  3.281250e-001  2.187500e-001
      vertex -4.218750e-001  3.260234e-001  2.400880e-001
    endloop
  endfacet
  facet normal  0.000000e+000  9.951847e-001  9.801670e-002
    outer loop
      vertex -4.218750e-001  3.260234e-001  2.400880e-001
      vertex -7.500000e-001  3.281250e-001  2.187500e-001
      vertex -7.500000e-001  3.260234e-001  2.400880e-001
    endloop
  endfacet
  facet normal  -0.000000e+000  9.569404e-001  2.902848e-001
    outer loop
      vertex -4.218750e-001  3.260234e-001  2.400880e-001
      vertex -7.500000e-001  3.260234e-001  2.400880e-001
      vertex -4.218750e-001  3.197993e-001  2.606060e-001
    endloop
  endfacet
  facet normal  0.000000e+000  9.569404e-001  2.902848e-001
    outer loop
      vertex -4.218750e-001  3.197993e-001  2.606060e-001
      vertex -7.500000e-001  3.260234e-001  2.400880e-001
      vertex -7.500000e-001  3.197993e-001  2.606060e-001
    endloop
  endfacet
  facet normal  -0.000000e+000  8.819214e-001  4.713965e-001
    outer loop
      vertex -4.218750e-001  3.197993e-001  2.606060e-001
      vertex -7.500000e-001  3.197993e-001  2.606060e-001
      vertex -4.218750e-001  3.096920e-001  2.795155e-001
    endloop
  endfacet
  facet normal  0.000000e+000  8.819214e-001  4.713965e-001
    outer loop
      vertex -4.218750e-001  3.096920e-001  2.795155e-001
      vertex -7.500000e-001  3.197993e-001  2.606060e-001
      vertex -7.500000e-001  3.096920e-001  2.795155e-001
    endloop
  endfacet
  facet normal  -0.000000e+000  7.730098e-001  6.343940e-001
    outer loop
      vertex -4.218750e-001  3.096920e-001  2.795155e-001
      vertex -7.500000e-001  3.096920e-001  2.795155e-001
      vertex -4.218750e-001  2.960898e-001  2.960898e-001
    endloop
  endfacet
  facet normal  0.000000e+000  7.730098e-001  6.343940e-001
    outer loop
      vertex -4.218750e-001  2.960898e-001  2.960898e-001
      vertex -7.500000e-001  3.096920e-001  2.795155e-001
      vertex -7.500000e-001  2.960898e-001  2.960898e-001
    endloop
  endfacet
  facet normal  -0.000000e+000  6.343940e-001  7.730098e-001
    outer loop
      vertex -4.218750e-001  2.960898e-001  2.960898e-001
      vertex -7.500000e-001  2.960898e-001  2.960898e-001
      vertex -4.218750e-001  2.795155e-001  3.096920e-001
    endloop
  endfacet
  facet normal  0.000000e+000  6.343940e-001  7.730098e-001
    outer loop
      vertex -4.218750e-001  2.795155e-001  3.096920e-001
      vertex -7.500000e-001  2.960898e-001  2.960898e-001
      vertex -7.500000e-001  2.795155e-001  3.096920e-001
    endloop
  endfacet
  facet normal  -0.000000e+000  4.713965e-001  8.819214e-001
    outer loop
      vertex -4.218750e-001  2.795155e-001  3.096920e-001
      vertex -7.500000e-001  2.795155e-001  3.096920e-001
      vertex -4.218750e-001  2.606060e-001  3.197993e-001
    endloop
  endfacet
  facet normal  0.000000e+000  4.713965e-001  8.819214e-001
    outer loop
      vertex -4.218750e-001  2.606060e-001  3.197993e-001
      vertex -7.500000e-001  2.795155e-001  3.096920e-001
      vertex -7.500000e-001  2.606060e-001  3.197993e-001
    endloop
  endfacet
  facet normal  -0.000000e+000  2.902848e-001  9.569404e-001
    outer loop
      vertex -4.218750e-001  2.606060e-001  3.197993e-001
      vertex -7.500000e-001  2.606060e-001  3.197993e-001
      vertex -4.218750e-001  2.400880e-001  3.260234e-001
    endloop
  endfacet
  facet normal  0.000000e+000  2.902848e-001  9.569404e-001
    outer loop
      vertex -4.218750e-001  2.400880e-001  3.260234e-001
      vertex -7.500000e-001  2.606060e-001  3.197993e-001
      vertex -7.500000e-001  2.400880e-001  3.260234e-001
    endloop
  endfacet
  facet normal  -0.000000e+000  9.801670e-002  9.951847e-001
    outer loop
      vertex -4.218750e-001  2.400880e-001  3.260234e-001
      vertex -7.500000e-001  2.400880e-001  3.260234e-001
      vertex -4.218750e-001  2.187500e-001  3.281250e-001
    endloop
  endfacet
  facet normal  0.000000e+000  9.801670e-002  9.951847e-001
    outer loop
      vertex -4.218750e-001  2.187500e-001  3.281250e-001
      vertex -7.500000e-001  2.400880e-001  3.260234e-001
      vertex -7.500000e-001  2.187500e-001  3.281250e-001
    endloop
  endfacet
  facet normal  0.000000e+000  0.000000e+000 -1.000000e+000
    outer loop
      vertex -7.500000e-001 -3.281250e-001 -3.281250e-001
      vertex -7.500000e-001  3.281250e-001 -3.281250e-001
      vertex -4.218750e-001  3.281250e-001 -3.281250e-001
    endloop
  endfacet
  facet normal  0.000000e+000  -0.000000e+000 -1.000000e+000
    outer loop
      vertex -7.500000e-001 -3.281250e-001 -3.281250e-001
      vertex -4.218750e-001  3.281250e-001 -3.281250e-001
      vertex -4.218750e-001  3.642919e-017 -3.281250e-001
    endloop
  endfacet
  facet normal  0.000000e+000  -0.000000e+000 -1.000000e+000
    outer loop
      vertex -7.500000e-001 -3.281250e-001 -3.281250e-001
      vertex -4.218750e-001  3.642919e-017 -3.281250e-001
      vertex -1.015625e-001  3.556183e-017 -3.281250e-001
    endloop
  endfacet
  facet normal  0.000000e+000  -0.000000e+000 -1.000000e+000
    outer loop
      vertex -7.500000e-001 -3.281250e-001 -3.281250e-001
      vertex -1.015625e-001  3.556183e-017 -3.281250e-001
      vertex -1.015625e-001 -3.281250e-001 -3.281250e-001
    endloop
  endfacet
  facet normal  6.123234e-017  6.123234e-017  1.000000e+000
    outer loop
      vertex -4.218750e-001  3.642919e-017 -2.009186e-017
      vertex -7.500000e-001  0.000000e+000  0.000000e+000
      vertex -4.218750e-001 -3.281250e-001  0.000000e+000
    endloop
  endfacet
  facet normal  0.000000e+000  0.000000e+000  1.000000e+000
    outer loop
      vertex -4.218750e-001 -3.281250e-001  0.000000e+000
      vertex -7.500000e-001  0.000000e+000  0.000000e+000
      vertex -7.500000e-001 -3.281250e-001  0.000000e+000
    endloop
  endfacet
  facet normal  7.609382e-004  0.000000e+000  9.999997e-001
    outer loop
      vertex  2.265625e-001 -3.281250e-001 -4.934210e-004
      vertex  2.265625e-001  9.015084e-017 -4.934210e-004
      vertex -4.218750e-001 -3.281250e-001  0.000000e+000
    endloop
  endfacet
  facet normal  7.609382e-004  6.123232e-017  9.999997e-001
    outer loop
      vertex -4.218750e-001 -3.281250e-001  0.000000e+000
      vertex  2.265625e-001  9.015084e-017 -4.934210e-004
      vertex -4.218750e-001  3.642919e-017 -2.009186e-017
    endloop
  endfacet
  facet normal -8.284784e-017  9.999999e-001  0.000000e+000
    outer loop
      vertex -4.218750e-001  3.642919e-017 -2.009186e-017
      vertex  2.265625e-001  9.015084e-017 -4.934210e-004
      vertex -4.218750e-001  3.642919e-017 -3.281250e-001
    endloop
  endfacet
  facet normal  2.707861e-018  1.000000e+000 -1.693290e-016
    outer loop
      vertex -4.218750e-001  3.642919e-017 -3.281250e-001
      vertex  2.265625e-001  9.015084e-017 -4.934210e-004
      vertex -1.015625e-001  3.556183e-017 -3.281250e-001
    endloop
  endfacet
  facet normal -5.551115e-017  1.000000e+000 -1.110223e-016
    outer loop
      vertex  2.265625e-001  9.015084e-017 -4.934210e-004
      vertex  2.265625e-001  1.821460e-017 -6.484375e-001
      vertex -1.015625e-001  3.556183e-017 -3.281250e-001
    endloop
  endfacet
  facet normal -5.551115e-017  1.000000e+000 -1.110223e-016
    outer loop
      vertex -1.015625e-001  3.556183e-017 -3.281250e-001
      vertex  2.265625e-001  1.821460e-017 -6.484375e-001
      vertex -1.015625e-001  0.000000e+000 -6.484375e-001
    endloop
  endfacet
  facet normal  1.110223e-016 -1.000000e+000  0.000000e+000
    outer loop
      vertex -7.500000e-001  0.000000e+000  0.000000e+000
      vertex -4.218750e-001  3.642919e-017 -2.009186e-017
      vertex -7.500000e-001  2.230645e-033  3.281250e-001
    endloop
  endfacet
  facet normal  1.110223e-016 -1.000000e+000  0.000000e+000
    outer loop
      vertex -7.500000e-001  2.230645e-033  3.281250e-001
      vertex -4.218750e-001  3.642919e-017 -2.009186e-017
      vertex -4.218750e-001  3.642919e-017  3.281250e-001
    endloop
  endfacet
  facet normal  0.000000e+000 -9.999999e-001  0.000000e+000
    outer loop
      vertex -1.015625e-001 -3.281250e-001 -3.203125e-001
      vertex -7.500000e-001 -3.281250e-001 -3.281250e-001
      vertex -1.015625e-001 -3.281250e-001 -3.281250e-001
    endloop
  endfacet
  facet normal  0.000000e+000 -1.000000e+000  -0.000000e+000
    outer loop
      vertex  2.265625e-001 -3.281250e-001 -3.203125e-001
      vertex  2.265625e-001 -3.281250e-001 -4.934210e-004
      vertex -1.015625e-001 -3.281250e-001 -3.203125e-001
    endloop
  endfacet
  facet normal  0.000000e+000 -1.000000e+000  0.000000e+000
    outer loop
      vertex -1.015625e-001 -3.281250e-001 -3.203125e-001
      vertex  2.265625e-001 -3.281250e-001 -4.934210e-004
      vertex -4.218750e-001 -3.281250e-001  0.000000e+000
    endloop
  endfacet
  facet normal  0.000000e+000 -1.000000e+000  -0.000000e+000
    outer loop
      vertex -1.015625e-001 -3.281250e-001 -3.203125e-001
      vertex -4.218750e-001 -3.281250e-001  0.000000e+000
      vertex -7.500000e-001 -3.281250e-001 -3.281250e-001
    endloop
  endfacet
  facet normal  0.000000e+000 -1.000000e+000  0.000000e+000
    outer loop
      vertex -7.500000e-001 -3.281250e-001 -3.281250e-001
      vertex -4.218750e-001 -3.281250e-001  0.000000e+000
      vertex -7.500000e-001 -3.281250e-001  0.000000e+000
    endloop
  endfacet
  facet normal -1.000000e+000  0.000000e+000  0.000000e+000
    outer loop
      vertex -1.015625e-001 -6.484375e-001 -6.484375e-001
      vertex -1.015625e-001 -6.484375e-001 -3.203125e-001
      vertex -1.015625e-001 -3.281250e-001 -3.203125e-001
    endloop
  endfacet
  facet normal -9.999999e-001  0.000000e+000  -0.000000e+000
    outer loop
      vertex -1.015625e-001 -6.484375e-001 -6.484375e-001
      vertex -1.015625e-001 -3.281250e-001 -3.203125e-001
      vertex -1.015625e-001 -3.281250e-001 -3.281250e-001
    endloop
  endfacet
  facet normal -1.000000e+000  0.000000e+000  -0.000000e+000
    outer loop
      vertex -1.015625e-001 -6.484375e-001 -6.484375e-001
      vertex -1.015625e-001 -3.281250e-001 -3.281250e-001
      vertex -1.015625e-001  3.556183e-017 -3.281250e-001
    endloop
  endfacet
  facet normal -9.999999e-001  0.000000e+000  0.000000e+000
    outer loop
      vertex -1.015625e-001 -6.484375e-001 -6.484375e-001
      vertex -1.015625e-001  3.556183e-017 -3.281250e-001
      vertex -1.015625e-001  0.000000e+000 -6.484375e-001
    endloop
  endfacet
  facet normal  0.000000e+000  0.000000e+000 -1.000000e+000
    outer loop
      vertex -1.015625e-001  0.000000e+000 -6.484375e-001
      vertex  2.265625e-001  1.821460e-017 -6.484375e-001
      vertex -1.015625e-001 -6.484375e-001 -6.484375e-001
    endloop
  endfacet
  facet normal  0.000000e+000  0.000000e+000 -1.000000e+000
    outer loop
      vertex -1.015625e-001 -6.484375e-001 -6.484375e-001
      vertex  2.265625e-001  1.821460e-017 -6.484375e-001
      vertex  2.265625e-001 -6.484375e-001 -6.484375e-001
    endloop
  endfacet
  facet normal  1.000000e+000  0.000000e+000  0.000000e+000
    outer loop
      vertex  2.265625e-001  1.821460e-017 -6.484375e-001
      vertex  2.265625e-001  9.015084e-017 -4.934210e-004
      vertex  2.265625e-001 -3.281250e-001 -4.934210e-004
    endloop
  endfacet
  facet normal  1.000000e+000  0.000000e+000  0.000000e+000
    outer loop
      vertex  2.265625e-001  1.821460e-017 -6.484375e-001
      vertex  2.265625e-001 -3.281250e-001 -4.934210e-004
      vertex  2.265625e-001 -3.281250e-001 -3.203125e-001
    endloop
  endfacet
  facet normal  1.000000e+000  0.000000e+000  0.000000e+000
    outer loop
      vertex  2.265625e-001  1.821460e-017 -6.484375e-001
      vertex  2.265625e-001 -3.281250e-001 -3.203125e-001
      vertex  2.265625e-001 -6.484375e-001 -3.203125e-001
    endloop
  endfacet
  facet normal  1.000000e+000  0.000000e+000  0.000000e+000
    outer loop
      vertex  2.265625e-001  1.821460e-017 -6.484375e-001
      vertex  2.265625e-001 -6.484375e-001 -3.203125e-001
      vertex  2.265625e-001 -6.484375e-001 -6.484375e-001
    endloop
  endfacet
  facet normal  -0.000000e+000  0.000000e+000  1.000000e+000
    outer loop
      vertex  2.265625e-001 -3.281250e-001 -3.203125e-001
      vertex -1.015625e-001 -3.281250e-001 -3.203125e-001
      vertex  2.265625e-001 -6.484375e-001 -3.203125e-001
    endloop
  endfacet
  facet normal  0.000000e+000  0.000000e+000  1.000000e+000
    outer loop
      vertex  2.265625e-001 -6.484375e-001 -3.203125e-001
      vertex -1.015625e-001 -3.281250e-001 -3.203125e-001
      vertex -1.015625e-001 -6.484375e-001 -3.203125e-001
    endloop
  endfacet
  facet normal  0.000000e+000 -1.000000e+000  0.000000e+000
    outer loop
      vertex -1.015625e-001 -6.484375e-001 -6.484375e-001
      vertex  2.265625e-001 -6.484375e-001 -6.484375e-001
      vertex -1.015625e-001 -6.484375e-001 -3.203125e-001
    endloop
  endfacet
  facet normal  0.000000e+000 -1.000000e+000  0.000000e+000
    outer loop
      vertex -1.015625e-001 -6.484375e-001 -3.203125e-001
      vertex  2.265625e-001 -6.484375e-001 -6.484375e-001
      vertex  2.265625e-001 -6.484375e-001 -3.203125e-001
    endloop
  endfacet
endsolid CATIA STL
