solid CATIA STL
  facet normal  -0.000000e+000  -0.000000e+000  1.000000e+000
    outer loop
      vertex -2.812500e-001 -2.109375e-001  7.500000e-001
      vertex -2.798990e-001 -2.246548e-001  7.500000e-001
      vertex -2.758978e-001 -2.378449e-001  7.500000e-001
    endloop
  endfacet
  facet normal  -0.000000e+000  -0.000000e+000  9.999999e-001
    outer loop
      vertex -2.812500e-001 -2.109375e-001  7.500000e-001
      vertex -2.758978e-001 -2.378449e-001  7.500000e-001
      vertex -2.694002e-001 -2.500010e-001  7.500000e-001
    endloop
  endfacet
  facet normal  -0.000000e+000  -0.000000e+000  9.999999e-001
    outer loop
      vertex -2.812500e-001 -2.109375e-001  7.500000e-001
      vertex -2.694002e-001 -2.500010e-001  7.500000e-001
      vertex -2.606559e-001 -2.606559e-001  7.500000e-001
    endloop
  endfacet
  facet normal  -0.000000e+000  -0.000000e+000  1.000000e+000
    outer loop
      vertex -2.812500e-001 -2.109375e-001  7.500000e-001
      vertex -2.606559e-001 -2.606559e-001  7.500000e-001
      vertex -2.500010e-001 -2.694002e-001  7.500000e-001
    endloop
  endfacet
  facet normal  -0.000000e+000  -0.000000e+000  1.000000e+000
    outer loop
      vertex -2.812500e-001 -2.109375e-001  7.500000e-001
      vertex -2.500010e-001 -2.694002e-001  7.500000e-001
      vertex -2.378449e-001 -2.758978e-001  7.500000e-001
    endloop
  endfacet
  facet normal  -0.000000e+000  -0.000000e+000  1.000000e+000
    outer loop
      vertex -2.812500e-001 -2.109375e-001  7.500000e-001
      vertex -2.378449e-001 -2.758978e-001  7.500000e-001
      vertex -2.246548e-001 -2.798990e-001  7.500000e-001
    endloop
  endfacet
  facet normal  -0.000000e+000  -0.000000e+000  1.000000e+000
    outer loop
      vertex -2.812500e-001 -2.109375e-001  7.500000e-001
      vertex -2.246548e-001 -2.798990e-001  7.500000e-001
      vertex -2.109375e-001 -2.812500e-001  7.500000e-001
    endloop
  endfacet
  facet normal  0.000000e+000  -0.000000e+000  9.999999e-001
    outer loop
      vertex -2.812500e-001 -2.109375e-001  7.500000e-001
      vertex -2.109375e-001 -2.812500e-001  7.500000e-001
      vertex  2.812500e-001 -2.812500e-001  7.500000e-001
    endloop
  endfacet
  facet normal  0.000000e+000  -0.000000e+000  1.000000e+000
    outer loop
      vertex -2.812500e-001 -2.109375e-001  7.500000e-001
      vertex  2.812500e-001 -2.812500e-001  7.500000e-001
      vertex  2.812500e-001  2.812500e-001  7.500000e-001
    endloop
  endfacet
  facet normal  0.000000e+000  0.000000e+000  9.999999e-001
    outer loop
      vertex -2.812500e-001 -2.109375e-001  7.500000e-001
      vertex  2.812500e-001  2.812500e-001  7.500000e-001
      vertex -2.812500e-001  2.812500e-001  7.500000e-001
    endloop
  endfacet
  facet normal  0.000000e+000  0.000000e+000 -9.999999e-001
    outer loop
      vertex -2.812500e-001 -2.109375e-001  0.000000e+000
      vertex -2.812500e-001  2.812500e-001  0.000000e+000
      vertex  2.812500e-001  2.812500e-001  0.000000e+000
    endloop
  endfacet
  facet normal  0.000000e+000  -0.000000e+000 -1.000000e+000
    outer loop
      vertex -2.812500e-001 -2.109375e-001  0.000000e+000
      vertex  2.812500e-001  2.812500e-001  0.000000e+000
      vertex  2.812500e-001 -2.812500e-001  0.000000e+000
    endloop
  endfacet
  facet normal  0.000000e+000  0.000000e+000 -9.999999e-001
    outer loop
      vertex -2.812500e-001 -2.109375e-001  0.000000e+000
      vertex  2.812500e-001 -2.812500e-001  0.000000e+000
      vertex -2.109375e-001 -2.812500e-001  0.000000e+000
    endloop
  endfacet
  facet normal  0.000000e+000  0.000000e+000 -1.000000e+000
    outer loop
      vertex -2.812500e-001 -2.109375e-001  0.000000e+000
      vertex -2.109375e-001 -2.812500e-001  0.000000e+000
      vertex -2.246548e-001 -2.798990e-001  0.000000e+000
    endloop
  endfacet
  facet normal  0.000000e+000  0.000000e+000 -1.000000e+000
    outer loop
      vertex -2.812500e-001 -2.109375e-001  0.000000e+000
      vertex -2.246548e-001 -2.798990e-001  0.000000e+000
      vertex -2.378449e-001 -2.758978e-001  0.000000e+000
    endloop
  endfacet
  facet normal  0.000000e+000  0.000000e+000 -1.000000e+000
    outer loop
      vertex -2.812500e-001 -2.109375e-001  0.000000e+000
      vertex -2.378449e-001 -2.758978e-001  0.000000e+000
      vertex -2.500010e-001 -2.694002e-001  0.000000e+000
    endloop
  endfacet
  facet normal  0.000000e+000  0.000000e+000 -1.000000e+000
    outer loop
      vertex -2.812500e-001 -2.109375e-001  0.000000e+000
      vertex -2.500010e-001 -2.694002e-001  0.000000e+000
      vertex -2.606559e-001 -2.606559e-001  0.000000e+000
    endloop
  endfacet
  facet normal  0.000000e+000  0.000000e+000 -9.999999e-001
    outer loop
      vertex -2.812500e-001 -2.109375e-001  0.000000e+000
      vertex -2.606559e-001 -2.606559e-001  0.000000e+000
      vertex -2.694002e-001 -2.500010e-001  0.000000e+000
    endloop
  endfacet
  facet normal  0.000000e+000  0.000000e+000 -9.999999e-001
    outer loop
      vertex -2.812500e-001 -2.109375e-001  0.000000e+000
      vertex -2.694002e-001 -2.500010e-001  0.000000e+000
      vertex -2.758978e-001 -2.378449e-001  0.000000e+000
    endloop
  endfacet
  facet normal  0.000000e+000  0.000000e+000 -1.000000e+000
    outer loop
      vertex -2.812500e-001 -2.109375e-001  0.000000e+000
      vertex -2.758978e-001 -2.378449e-001  0.000000e+000
      vertex -2.798990e-001 -2.246548e-001  0.000000e+000
    endloop
  endfacet
  facet normal -9.999999e-001  0.000000e+000  0.000000e+000
    outer loop
      vertex -2.812500e-001  2.812500e-001  0.000000e+000
      vertex -2.812500e-001 -2.109375e-001  0.000000e+000
      vertex -2.812500e-001  2.812500e-001  7.500000e-001
    endloop
  endfacet
  facet normal -9.999999e-001  -0.000000e+000  0.000000e+000
    outer loop
      vertex -2.812500e-001  2.812500e-001  7.500000e-001
      vertex -2.812500e-001 -2.109375e-001  0.000000e+000
      vertex -2.812500e-001 -2.109375e-001  7.500000e-001
    endloop
  endfacet
  facet normal  0.000000e+000 -9.999999e-001  0.000000e+000
    outer loop
      vertex -2.109375e-001 -2.812500e-001  0.000000e+000
      vertex  2.812500e-001 -2.812500e-001  0.000000e+000
      vertex -2.109375e-001 -2.812500e-001  7.500000e-001
    endloop
  endfacet
  facet normal  0.000000e+000 -9.999999e-001  0.000000e+000
    outer loop
      vertex -2.109375e-001 -2.812500e-001  7.500000e-001
      vertex  2.812500e-001 -2.812500e-001  0.000000e+000
      vertex  2.812500e-001 -2.812500e-001  7.500000e-001
    endloop
  endfacet
  facet normal -9.801666e-002 -9.951848e-001  -0.000000e+000
    outer loop
      vertex -2.109375e-001 -2.812500e-001  0.000000e+000
      vertex -2.109375e-001 -2.812500e-001  7.500000e-001
      vertex -2.246548e-001 -2.798990e-001  0.000000e+000
    endloop
  endfacet
  facet normal -9.801666e-002 -9.951848e-001  0.000000e+000
    outer loop
      vertex -2.246548e-001 -2.798990e-001  0.000000e+000
      vertex -2.109375e-001 -2.812500e-001  7.500000e-001
      vertex -2.246548e-001 -2.798990e-001  7.500000e-001
    endloop
  endfacet
  facet normal -2.902858e-001 -9.569400e-001  -0.000000e+000
    outer loop
      vertex -2.246548e-001 -2.798990e-001  0.000000e+000
      vertex -2.246548e-001 -2.798990e-001  7.500000e-001
      vertex -2.378449e-001 -2.758978e-001  0.000000e+000
    endloop
  endfacet
  facet normal -2.902858e-001 -9.569400e-001  0.000000e+000
    outer loop
      vertex -2.378449e-001 -2.758978e-001  0.000000e+000
      vertex -2.246548e-001 -2.798990e-001  7.500000e-001
      vertex -2.378449e-001 -2.758978e-001  7.500000e-001
    endloop
  endfacet
  facet normal -4.713958e-001 -8.819218e-001  -0.000000e+000
    outer loop
      vertex -2.378449e-001 -2.758978e-001  0.000000e+000
      vertex -2.378449e-001 -2.758978e-001  7.500000e-001
      vertex -2.500010e-001 -2.694002e-001  0.000000e+000
    endloop
  endfacet
  facet normal -4.713958e-001 -8.819218e-001  0.000000e+000
    outer loop
      vertex -2.500010e-001 -2.694002e-001  0.000000e+000
      vertex -2.378449e-001 -2.758978e-001  7.500000e-001
      vertex -2.500010e-001 -2.694002e-001  7.500000e-001
    endloop
  endfacet
  facet normal -6.343942e-001 -7.730097e-001  -0.000000e+000
    outer loop
      vertex -2.500010e-001 -2.694002e-001  0.000000e+000
      vertex -2.500010e-001 -2.694002e-001  7.500000e-001
      vertex -2.606559e-001 -2.606559e-001  0.000000e+000
    endloop
  endfacet
  facet normal -6.343942e-001 -7.730097e-001  0.000000e+000
    outer loop
      vertex -2.606559e-001 -2.606559e-001  0.000000e+000
      vertex -2.500010e-001 -2.694002e-001  7.500000e-001
      vertex -2.606559e-001 -2.606559e-001  7.500000e-001
    endloop
  endfacet
  facet normal -7.730097e-001 -6.343942e-001  -0.000000e+000
    outer loop
      vertex -2.606559e-001 -2.606559e-001  0.000000e+000
      vertex -2.606559e-001 -2.606559e-001  7.500000e-001
      vertex -2.694002e-001 -2.500010e-001  0.000000e+000
    endloop
  endfacet
  facet normal -7.730097e-001 -6.343942e-001  0.000000e+000
    outer loop
      vertex -2.694002e-001 -2.500010e-001  0.000000e+000
      vertex -2.606559e-001 -2.606559e-001  7.500000e-001
      vertex -2.694002e-001 -2.500010e-001  7.500000e-001
    endloop
  endfacet
  facet normal -8.819218e-001 -4.713958e-001  -0.000000e+000
    outer loop
      vertex -2.694002e-001 -2.500010e-001  0.000000e+000
      vertex -2.694002e-001 -2.500010e-001  7.500000e-001
      vertex -2.758978e-001 -2.378449e-001  0.000000e+000
    endloop
  endfacet
  facet normal -8.819218e-001 -4.713958e-001  0.000000e+000
    outer loop
      vertex -2.758978e-001 -2.378449e-001  0.000000e+000
      vertex -2.694002e-001 -2.500010e-001  7.500000e-001
      vertex -2.758978e-001 -2.378449e-001  7.500000e-001
    endloop
  endfacet
  facet normal -9.569400e-001 -2.902858e-001  -0.000000e+000
    outer loop
      vertex -2.758978e-001 -2.378449e-001  0.000000e+000
      vertex -2.758978e-001 -2.378449e-001  7.500000e-001
      vertex -2.798990e-001 -2.246548e-001  0.000000e+000
    endloop
  endfacet
  facet normal -9.569400e-001 -2.902858e-001  0.000000e+000
    outer loop
      vertex -2.798990e-001 -2.246548e-001  0.000000e+000
      vertex -2.758978e-001 -2.378449e-001  7.500000e-001
      vertex -2.798990e-001 -2.246548e-001  7.500000e-001
    endloop
  endfacet
  facet normal -9.951848e-001 -9.801666e-002  -0.000000e+000
    outer loop
      vertex -2.798990e-001 -2.246548e-001  0.000000e+000
      vertex -2.798990e-001 -2.246548e-001  7.500000e-001
      vertex -2.812500e-001 -2.109375e-001  0.000000e+000
    endloop
  endfacet
  facet normal -9.951848e-001 -9.801666e-002  0.000000e+000
    outer loop
      vertex -2.812500e-001 -2.109375e-001  0.000000e+000
      vertex -2.798990e-001 -2.246548e-001  7.500000e-001
      vertex -2.812500e-001 -2.109375e-001  7.500000e-001
    endloop
  endfacet
  facet normal  0.000000e+000  1.000000e+000  0.000000e+000
    outer loop
      vertex  2.812500e-001  2.812500e-001  0.000000e+000
      vertex -2.812500e-001  2.812500e-001  0.000000e+000
      vertex  2.812500e-001  2.812500e-001  7.500000e-001
    endloop
  endfacet
  facet normal  0.000000e+000  1.000000e+000  0.000000e+000
    outer loop
      vertex  2.812500e-001  2.812500e-001  7.500000e-001
      vertex -2.812500e-001  2.812500e-001  0.000000e+000
      vertex -2.812500e-001  2.812500e-001  7.500000e-001
    endloop
  endfacet
  facet normal  1.000000e+000  0.000000e+000  0.000000e+000
    outer loop
      vertex  2.812500e-001 -2.812500e-001  0.000000e+000
      vertex  2.812500e-001  2.812500e-001  0.000000e+000
      vertex  2.812500e-001 -2.812500e-001  7.500000e-001
    endloop
  endfacet
  facet normal  1.000000e+000  -0.000000e+000  0.000000e+000
    outer loop
      vertex  2.812500e-001 -2.812500e-001  7.500000e-001
      vertex  2.812500e-001  2.812500e-001  0.000000e+000
      vertex  2.812500e-001  2.812500e-001  7.500000e-001
    endloop
  endfacet
endsolid CATIA STL
