solid CATIA STL
  facet normal  -0.000000e+000 -1.000000e+000  -0.000000e+000
    outer loop
      vertex  7.500000e-001 -2.343750e-001 -7.421875e-001
      vertex  7.500000e-001 -2.343750e-001  7.500000e-001
      vertex -7.500000e-001 -2.343750e-001  7.500000e-001
    endloop
  endfacet
  facet normal  0.000000e+000 -1.000000e+000  0.000000e+000
    outer loop
      vertex  7.500000e-001 -2.343750e-001 -7.421875e-001
      vertex -7.500000e-001 -2.343750e-001  7.500000e-001
      vertex -7.500000e-001 -2.343750e-001 -6.015625e-001
    endloop
  endfacet
  facet normal  0.000000e+000 -1.000000e+000  0.000000e+000
    outer loop
      vertex  7.500000e-001 -2.343750e-001 -7.421875e-001
      vertex -7.500000e-001 -2.343750e-001 -6.015625e-001
      vertex -7.471478e-001 -2.343750e-001 -6.305212e-001
    endloop
  endfacet
  facet normal  0.000000e+000 -1.000000e+000  0.000000e+000
    outer loop
      vertex  7.500000e-001 -2.343750e-001 -7.421875e-001
      vertex -7.471478e-001 -2.343750e-001 -6.305212e-001
      vertex -7.387009e-001 -2.343750e-001 -6.583671e-001
    endloop
  endfacet
  facet normal  0.000000e+000 -9.999999e-001  0.000000e+000
    outer loop
      vertex  7.500000e-001 -2.343750e-001 -7.421875e-001
      vertex -7.387009e-001 -2.343750e-001 -6.583671e-001
      vertex -7.249838e-001 -2.343750e-001 -6.840299e-001
    endloop
  endfacet
  facet normal  0.000000e+000 -1.000000e+000  0.000000e+000
    outer loop
      vertex  7.500000e-001 -2.343750e-001 -7.421875e-001
      vertex -7.249838e-001 -2.343750e-001 -6.840299e-001
      vertex -7.065237e-001 -2.343750e-001 -7.065237e-001
    endloop
  endfacet
  facet normal  0.000000e+000 -1.000000e+000  0.000000e+000
    outer loop
      vertex  7.500000e-001 -2.343750e-001 -7.421875e-001
      vertex -7.065237e-001 -2.343750e-001 -7.065237e-001
      vertex -6.840299e-001 -2.343750e-001 -7.249838e-001
    endloop
  endfacet
  facet normal  0.000000e+000 -1.000000e+000  0.000000e+000
    outer loop
      vertex  7.500000e-001 -2.343750e-001 -7.421875e-001
      vertex -6.840299e-001 -2.343750e-001 -7.249838e-001
      vertex -6.583671e-001 -2.343750e-001 -7.387009e-001
    endloop
  endfacet
  facet normal  0.000000e+000 -1.000000e+000  0.000000e+000
    outer loop
      vertex  7.500000e-001 -2.343750e-001 -7.421875e-001
      vertex -6.583671e-001 -2.343750e-001 -7.387009e-001
      vertex -6.305212e-001 -2.343750e-001 -7.471478e-001
    endloop
  endfacet
  facet normal  0.000000e+000 -1.000000e+000  0.000000e+000
    outer loop
      vertex  7.500000e-001 -2.343750e-001 -7.421875e-001
      vertex -6.305212e-001 -2.343750e-001 -7.471478e-001
      vertex -6.015625e-001 -2.343750e-001 -7.500000e-001
    endloop
  endfacet
  facet normal  0.000000e+000 -9.999999e-001  0.000000e+000
    outer loop
      vertex  7.500000e-001 -2.343750e-001 -7.421875e-001
      vertex -6.015625e-001 -2.343750e-001 -7.500000e-001
      vertex  6.875000e-001 -2.343750e-001 -7.500000e-001
    endloop
  endfacet
  facet normal -1.110223e-016  9.999999e-001 -1.110223e-016
    outer loop
      vertex  7.500000e-001  1.674008e-016 -7.421875e-001
      vertex  6.875000e-001  1.595946e-016 -7.500000e-001
      vertex -6.015625e-001  1.647987e-017 -7.500000e-001
    endloop
  endfacet
  facet normal -1.110223e-016  1.000000e+000 -1.110223e-016
    outer loop
      vertex  7.500000e-001  1.674008e-016 -7.421875e-001
      vertex -6.015625e-001  1.647987e-017 -7.500000e-001
      vertex -6.305212e-001  1.358147e-017 -7.471478e-001
    endloop
  endfacet
  facet normal -1.110223e-016  1.000000e+000 -1.110226e-016
    outer loop
      vertex  7.500000e-001  1.674008e-016 -7.421875e-001
      vertex -6.305212e-001  1.358147e-017 -7.471478e-001
      vertex -6.583671e-001  1.142775e-017 -7.387009e-001
    endloop
  endfacet
  facet normal -1.110223e-016  1.000000e+000 -1.110218e-016
    outer loop
      vertex  7.500000e-001  1.674008e-016 -7.421875e-001
      vertex -6.583671e-001  1.142775e-017 -7.387009e-001
      vertex -6.840299e-001  1.010151e-017 -7.249838e-001
    endloop
  endfacet
  facet normal -1.110223e-016  1.000000e+000 -1.110224e-016
    outer loop
      vertex  7.500000e-001  1.674008e-016 -7.421875e-001
      vertex -6.840299e-001  1.010151e-017 -7.249838e-001
      vertex -7.065237e-001  9.653686e-018 -7.065237e-001
    endloop
  endfacet
  facet normal -1.110223e-016  1.000000e+000 -1.110222e-016
    outer loop
      vertex  7.500000e-001  1.674008e-016 -7.421875e-001
      vertex -7.065237e-001  9.653686e-018 -7.065237e-001
      vertex -7.249838e-001  1.010151e-017 -6.840299e-001
    endloop
  endfacet
  facet normal -1.110223e-016  9.999999e-001 -1.110226e-016
    outer loop
      vertex  7.500000e-001  1.674008e-016 -7.421875e-001
      vertex -7.249838e-001  1.010151e-017 -6.840299e-001
      vertex -7.387009e-001  1.142775e-017 -6.583671e-001
    endloop
  endfacet
  facet normal -1.110223e-016  1.000000e+000 -1.110222e-016
    outer loop
      vertex  7.500000e-001  1.674008e-016 -7.421875e-001
      vertex -7.387009e-001  1.142775e-017 -6.583671e-001
      vertex -7.471478e-001  1.358147e-017 -6.305212e-001
    endloop
  endfacet
  facet normal -1.110223e-016  1.000000e+000 -1.110223e-016
    outer loop
      vertex  7.500000e-001  1.674008e-016 -7.421875e-001
      vertex -7.471478e-001  1.358147e-017 -6.305212e-001
      vertex -7.500000e-001  1.647987e-017 -6.015625e-001
    endloop
  endfacet
  facet normal -1.110223e-016  1.000000e+000 -1.110223e-016
    outer loop
      vertex  7.500000e-001  1.674008e-016 -7.421875e-001
      vertex -7.500000e-001  1.647987e-017 -6.015625e-001
      vertex -7.500000e-001  1.665335e-016  7.500000e-001
    endloop
  endfacet
  facet normal -1.110223e-016  1.000000e+000 -1.110223e-016
    outer loop
      vertex  7.500000e-001  1.674008e-016 -7.421875e-001
      vertex -7.500000e-001  1.665335e-016  7.500000e-001
      vertex  7.500000e-001  3.330669e-016  7.500000e-001
    endloop
  endfacet
  facet normal  0.000000e+000  0.000000e+000 -1.000000e+000
    outer loop
      vertex -6.015625e-001 -2.343750e-001 -7.500000e-001
      vertex -6.015625e-001  1.647987e-017 -7.500000e-001
      vertex  6.875000e-001 -2.343750e-001 -7.500000e-001
    endloop
  endfacet
  facet normal  0.000000e+000  0.000000e+000 -1.000000e+000
    outer loop
      vertex  6.875000e-001 -2.343750e-001 -7.500000e-001
      vertex -6.015625e-001  1.647987e-017 -7.500000e-001
      vertex  6.875000e-001  1.595946e-016 -7.500000e-001
    endloop
  endfacet
  facet normal -1.000000e+000  -0.000000e+000  0.000000e+000
    outer loop
      vertex -7.500000e-001 -2.343750e-001  7.500000e-001
      vertex -7.500000e-001  1.665335e-016  7.500000e-001
      vertex -7.500000e-001 -2.343750e-001 -6.015625e-001
    endloop
  endfacet
  facet normal -1.000000e+000  0.000000e+000  0.000000e+000
    outer loop
      vertex -7.500000e-001 -2.343750e-001 -6.015625e-001
      vertex -7.500000e-001  1.665335e-016  7.500000e-001
      vertex -7.500000e-001  1.647987e-017 -6.015625e-001
    endloop
  endfacet
  facet normal -9.801764e-002  0.000000e+000 -9.951847e-001
    outer loop
      vertex -6.015625e-001  1.647987e-017 -7.500000e-001
      vertex -6.015625e-001 -2.343750e-001 -7.500000e-001
      vertex -6.305212e-001  1.358147e-017 -7.471478e-001
    endloop
  endfacet
  facet normal -9.801764e-002  -0.000000e+000 -9.951847e-001
    outer loop
      vertex -6.305212e-001  1.358147e-017 -7.471478e-001
      vertex -6.015625e-001 -2.343750e-001 -7.500000e-001
      vertex -6.305212e-001 -2.343750e-001 -7.471478e-001
    endloop
  endfacet
  facet normal -2.902842e-001  0.000000e+000 -9.569405e-001
    outer loop
      vertex -6.305212e-001  1.358147e-017 -7.471478e-001
      vertex -6.305212e-001 -2.343750e-001 -7.471478e-001
      vertex -6.583671e-001  1.142775e-017 -7.387009e-001
    endloop
  endfacet
  facet normal -2.902842e-001  -0.000000e+000 -9.569405e-001
    outer loop
      vertex -6.583671e-001  1.142775e-017 -7.387009e-001
      vertex -6.305212e-001 -2.343750e-001 -7.471478e-001
      vertex -6.583671e-001 -2.343750e-001 -7.387009e-001
    endloop
  endfacet
  facet normal -4.713978e-001  0.000000e+000 -8.819207e-001
    outer loop
      vertex -6.583671e-001  1.142775e-017 -7.387009e-001
      vertex -6.583671e-001 -2.343750e-001 -7.387009e-001
      vertex -6.840299e-001  1.010151e-017 -7.249838e-001
    endloop
  endfacet
  facet normal -4.713978e-001  -0.000000e+000 -8.819207e-001
    outer loop
      vertex -6.840299e-001  1.010151e-017 -7.249838e-001
      vertex -6.583671e-001 -2.343750e-001 -7.387009e-001
      vertex -6.840299e-001 -2.343750e-001 -7.249838e-001
    endloop
  endfacet
  facet normal -6.343928e-001  0.000000e+000 -7.730109e-001
    outer loop
      vertex -6.840299e-001  1.010151e-017 -7.249838e-001
      vertex -6.840299e-001 -2.343750e-001 -7.249838e-001
      vertex -7.065237e-001  9.653686e-018 -7.065237e-001
    endloop
  endfacet
  facet normal -6.343928e-001  -0.000000e+000 -7.730109e-001
    outer loop
      vertex -7.065237e-001  9.653686e-018 -7.065237e-001
      vertex -6.840299e-001 -2.343750e-001 -7.249838e-001
      vertex -7.065237e-001 -2.343750e-001 -7.065237e-001
    endloop
  endfacet
  facet normal -7.730109e-001  0.000000e+000 -6.343928e-001
    outer loop
      vertex -7.065237e-001  9.653686e-018 -7.065237e-001
      vertex -7.065237e-001 -2.343750e-001 -7.065237e-001
      vertex -7.249838e-001  1.010151e-017 -6.840299e-001
    endloop
  endfacet
  facet normal -7.730109e-001  -0.000000e+000 -6.343928e-001
    outer loop
      vertex -7.249838e-001  1.010151e-017 -6.840299e-001
      vertex -7.065237e-001 -2.343750e-001 -7.065237e-001
      vertex -7.249838e-001 -2.343750e-001 -6.840299e-001
    endloop
  endfacet
  facet normal -8.819207e-001  0.000000e+000 -4.713978e-001
    outer loop
      vertex -7.249838e-001  1.010151e-017 -6.840299e-001
      vertex -7.249838e-001 -2.343750e-001 -6.840299e-001
      vertex -7.387009e-001  1.142775e-017 -6.583671e-001
    endloop
  endfacet
  facet normal -8.819207e-001  -0.000000e+000 -4.713978e-001
    outer loop
      vertex -7.387009e-001  1.142775e-017 -6.583671e-001
      vertex -7.249838e-001 -2.343750e-001 -6.840299e-001
      vertex -7.387009e-001 -2.343750e-001 -6.583671e-001
    endloop
  endfacet
  facet normal -9.569405e-001  0.000000e+000 -2.902842e-001
    outer loop
      vertex -7.387009e-001  1.142775e-017 -6.583671e-001
      vertex -7.387009e-001 -2.343750e-001 -6.583671e-001
      vertex -7.471478e-001  1.358147e-017 -6.305212e-001
    endloop
  endfacet
  facet normal -9.569405e-001  -0.000000e+000 -2.902842e-001
    outer loop
      vertex -7.471478e-001  1.358147e-017 -6.305212e-001
      vertex -7.387009e-001 -2.343750e-001 -6.583671e-001
      vertex -7.471478e-001 -2.343750e-001 -6.305212e-001
    endloop
  endfacet
  facet normal -9.951847e-001  0.000000e+000 -9.801764e-002
    outer loop
      vertex -7.471478e-001  1.358147e-017 -6.305212e-001
      vertex -7.471478e-001 -2.343750e-001 -6.305212e-001
      vertex -7.500000e-001  1.647987e-017 -6.015625e-001
    endloop
  endfacet
  facet normal -9.951847e-001  -0.000000e+000 -9.801764e-002
    outer loop
      vertex -7.500000e-001  1.647987e-017 -6.015625e-001
      vertex -7.471478e-001 -2.343750e-001 -6.305212e-001
      vertex -7.500000e-001 -2.343750e-001 -6.015625e-001
    endloop
  endfacet
  facet normal  1.000000e+000  0.000000e+000  0.000000e+000
    outer loop
      vertex  7.500000e-001 -2.343750e-001 -7.421875e-001
      vertex  7.500000e-001  1.674008e-016 -7.421875e-001
      vertex  7.500000e-001 -2.343750e-001  7.500000e-001
    endloop
  endfacet
  facet normal  1.000000e+000  -0.000000e+000  0.000000e+000
    outer loop
      vertex  7.500000e-001 -2.343750e-001  7.500000e-001
      vertex  7.500000e-001  1.674008e-016 -7.421875e-001
      vertex  7.500000e-001  3.330669e-016  7.500000e-001
    endloop
  endfacet
  facet normal  1.240347e-001  0.000000e+000 -9.922779e-001
    outer loop
      vertex  6.875000e-001 -2.343750e-001 -7.500000e-001
      vertex  6.875000e-001  1.595946e-016 -7.500000e-001
      vertex  7.500000e-001 -2.343750e-001 -7.421875e-001
    endloop
  endfacet
  facet normal  1.240347e-001  0.000000e+000 -9.922779e-001
    outer loop
      vertex  7.500000e-001 -2.343750e-001 -7.421875e-001
      vertex  6.875000e-001  1.595946e-016 -7.500000e-001
      vertex  7.500000e-001  1.674008e-016 -7.421875e-001
    endloop
  endfacet
  facet normal  0.000000e+000  0.000000e+000  1.000000e+000
    outer loop
      vertex  7.500000e-001 -2.343750e-001  7.500000e-001
      vertex  7.500000e-001  3.330669e-016  7.500000e-001
      vertex -7.500000e-001 -2.343750e-001  7.500000e-001
    endloop
  endfacet
  facet normal  0.000000e+000  0.000000e+000  1.000000e+000
    outer loop
      vertex -7.500000e-001 -2.343750e-001  7.500000e-001
      vertex  7.500000e-001  3.330669e-016  7.500000e-001
      vertex -7.500000e-001  1.665335e-016  7.500000e-001
    endloop
  endfacet
endsolid CATIA STL
