solid CATIA STL
  facet normal  0.000000e+000 -1.000000e+000  0.000000e+000
    outer loop
      vertex  1.250000e-001 -7.500000e-001 -7.654043e-018
      vertex  5.781250e-001 -7.500000e-001 -3.539995e-017
      vertex  6.116561e-001 -7.500000e-001  3.302530e-003
    endloop
  endfacet
  facet normal  0.000000e+000 -1.000000e+000  0.000000e+000
    outer loop
      vertex  4.592425e-017 -7.500000e-001  7.500000e-001
      vertex  2.870266e-018 -7.500000e-001  4.687500e-002
      vertex  7.500000e-001 -7.500000e-001  1.718750e-001
    endloop
  endfacet
  facet normal  0.000000e+000 -1.000000e+000  0.000000e+000
    outer loop
      vertex  4.592425e-017 -7.500000e-001  7.500000e-001
      vertex  7.500000e-001 -7.500000e-001  1.718750e-001
      vertex  7.500000e-001 -7.500000e-001  6.875000e-001
    endloop
  endfacet
  facet normal  0.000000e+000 -1.000000e+000  0.000000e+000
    outer loop
      vertex  4.592425e-017 -7.500000e-001  7.500000e-001
      vertex  7.500000e-001 -7.500000e-001  6.875000e-001
      vertex  7.487991e-001 -7.500000e-001  6.996931e-001
    endloop
  endfacet
  facet normal  0.000000e+000 -1.000000e+000  0.000000e+000
    outer loop
      vertex  4.592425e-017 -7.500000e-001  7.500000e-001
      vertex  7.487991e-001 -7.500000e-001  6.996931e-001
      vertex  7.452425e-001 -7.500000e-001  7.114177e-001
    endloop
  endfacet
  facet normal  0.000000e+000 -1.000000e+000  0.000000e+000
    outer loop
      vertex  4.592425e-017 -7.500000e-001  7.500000e-001
      vertex  7.452425e-001 -7.500000e-001  7.114177e-001
      vertex  7.394668e-001 -7.500000e-001  7.222232e-001
    endloop
  endfacet
  facet normal  0.000000e+000 -1.000000e+000  0.000000e+000
    outer loop
      vertex  4.592425e-017 -7.500000e-001  7.500000e-001
      vertex  7.394668e-001 -7.500000e-001  7.222232e-001
      vertex  7.316942e-001 -7.500000e-001  7.316942e-001
    endloop
  endfacet
  facet normal  0.000000e+000 -1.000000e+000  0.000000e+000
    outer loop
      vertex  4.592425e-017 -7.500000e-001  7.500000e-001
      vertex  7.316942e-001 -7.500000e-001  7.316942e-001
      vertex  7.222232e-001 -7.500000e-001  7.394668e-001
    endloop
  endfacet
  facet normal  0.000000e+000 -1.000000e+000  0.000000e+000
    outer loop
      vertex  4.592425e-017 -7.500000e-001  7.500000e-001
      vertex  7.222232e-001 -7.500000e-001  7.394668e-001
      vertex  7.114177e-001 -7.500000e-001  7.452425e-001
    endloop
  endfacet
  facet normal  0.000000e+000 -1.000000e+000  0.000000e+000
    outer loop
      vertex  4.592425e-017 -7.500000e-001  7.500000e-001
      vertex  7.114177e-001 -7.500000e-001  7.452425e-001
      vertex  6.996931e-001 -7.500000e-001  7.487991e-001
    endloop
  endfacet
  facet normal  0.000000e+000 -9.999999e-001  0.000000e+000
    outer loop
      vertex  4.592425e-017 -7.500000e-001  7.500000e-001
      vertex  6.996931e-001 -7.500000e-001  7.487991e-001
      vertex  6.875000e-001 -7.500000e-001  7.500000e-001
    endloop
  endfacet
  facet normal  0.000000e+000 -9.999999e-001  0.000000e+000
    outer loop
      vertex  2.870266e-018 -7.500000e-001  4.687500e-002
      vertex  1.250000e-001 -7.500000e-001 -7.654043e-018
      vertex  6.116561e-001 -7.500000e-001  3.302530e-003
    endloop
  endfacet
  facet normal  0.000000e+000 -1.000000e+000  0.000000e+000
    outer loop
      vertex  2.870266e-018 -7.500000e-001  4.687500e-002
      vertex  6.116561e-001 -7.500000e-001  3.302530e-003
      vertex  6.438987e-001 -7.500000e-001  1.308321e-002
    endloop
  endfacet
  facet normal  0.000000e+000 -1.000000e+000  0.000000e+000
    outer loop
      vertex  2.870266e-018 -7.500000e-001  4.687500e-002
      vertex  6.438987e-001 -7.500000e-001  1.308321e-002
      vertex  6.736136e-001 -7.500000e-001  2.896616e-002
    endloop
  endfacet
  facet normal  0.000000e+000 -1.000000e+000  0.000000e+000
    outer loop
      vertex  2.870266e-018 -7.500000e-001  4.687500e-002
      vertex  6.736136e-001 -7.500000e-001  2.896616e-002
      vertex  6.996590e-001 -7.500000e-001  5.034102e-002
    endloop
  endfacet
  facet normal  -0.000000e+000 -1.000000e+000  0.000000e+000
    outer loop
      vertex  2.870266e-018 -7.500000e-001  4.687500e-002
      vertex  6.996590e-001 -7.500000e-001  5.034102e-002
      vertex  7.210338e-001 -7.500000e-001  7.638637e-002
    endloop
  endfacet
  facet normal  -0.000000e+000 -1.000000e+000  0.000000e+000
    outer loop
      vertex  2.870266e-018 -7.500000e-001  4.687500e-002
      vertex  7.210338e-001 -7.500000e-001  7.638637e-002
      vertex  7.369168e-001 -7.500000e-001  1.061013e-001
    endloop
  endfacet
  facet normal  -0.000000e+000 -9.999999e-001  0.000000e+000
    outer loop
      vertex  2.870266e-018 -7.500000e-001  4.687500e-002
      vertex  7.369168e-001 -7.500000e-001  1.061013e-001
      vertex  7.466975e-001 -7.500000e-001  1.383439e-001
    endloop
  endfacet
  facet normal  -0.000000e+000 -1.000000e+000  0.000000e+000
    outer loop
      vertex  2.870266e-018 -7.500000e-001  4.687500e-002
      vertex  7.466975e-001 -7.500000e-001  1.383439e-001
      vertex  7.500000e-001 -7.500000e-001  1.718750e-001
    endloop
  endfacet
  facet normal  0.000000e+000  1.000000e+000  -0.000000e+000
    outer loop
      vertex  6.116561e-001  0.000000e+000  3.302530e-003
      vertex  5.781250e-001  0.000000e+000 -3.539995e-017
      vertex  1.250000e-001  0.000000e+000 -7.654043e-018
    endloop
  endfacet
  facet normal  0.000000e+000  9.999999e-001  0.000000e+000
    outer loop
      vertex  4.592425e-017  0.000000e+000  7.500000e-001
      vertex  6.875000e-001  0.000000e+000  7.500000e-001
      vertex  6.996931e-001  0.000000e+000  7.487991e-001
    endloop
  endfacet
  facet normal  0.000000e+000  1.000000e+000  0.000000e+000
    outer loop
      vertex  4.592425e-017  0.000000e+000  7.500000e-001
      vertex  6.996931e-001  0.000000e+000  7.487991e-001
      vertex  7.114177e-001  0.000000e+000  7.452425e-001
    endloop
  endfacet
  facet normal  0.000000e+000  1.000000e+000  0.000000e+000
    outer loop
      vertex  4.592425e-017  0.000000e+000  7.500000e-001
      vertex  7.114177e-001  0.000000e+000  7.452425e-001
      vertex  7.222232e-001  0.000000e+000  7.394668e-001
    endloop
  endfacet
  facet normal  0.000000e+000  1.000000e+000  0.000000e+000
    outer loop
      vertex  4.592425e-017  0.000000e+000  7.500000e-001
      vertex  7.222232e-001  0.000000e+000  7.394668e-001
      vertex  7.316942e-001  0.000000e+000  7.316942e-001
    endloop
  endfacet
  facet normal  0.000000e+000  1.000000e+000  0.000000e+000
    outer loop
      vertex  4.592425e-017  0.000000e+000  7.500000e-001
      vertex  7.316942e-001  0.000000e+000  7.316942e-001
      vertex  7.394668e-001  0.000000e+000  7.222232e-001
    endloop
  endfacet
  facet normal  0.000000e+000  1.000000e+000  0.000000e+000
    outer loop
      vertex  4.592425e-017  0.000000e+000  7.500000e-001
      vertex  7.394668e-001  0.000000e+000  7.222232e-001
      vertex  7.452425e-001  0.000000e+000  7.114177e-001
    endloop
  endfacet
  facet normal  0.000000e+000  1.000000e+000  0.000000e+000
    outer loop
      vertex  4.592425e-017  0.000000e+000  7.500000e-001
      vertex  7.452425e-001  0.000000e+000  7.114177e-001
      vertex  7.487991e-001  0.000000e+000  6.996931e-001
    endloop
  endfacet
  facet normal  0.000000e+000  1.000000e+000  0.000000e+000
    outer loop
      vertex  4.592425e-017  0.000000e+000  7.500000e-001
      vertex  7.487991e-001  0.000000e+000  6.996931e-001
      vertex  7.500000e-001  0.000000e+000  6.875000e-001
    endloop
  endfacet
  facet normal  0.000000e+000  1.000000e+000  0.000000e+000
    outer loop
      vertex  4.592425e-017  0.000000e+000  7.500000e-001
      vertex  7.500000e-001  0.000000e+000  6.875000e-001
      vertex  7.500000e-001  0.000000e+000  1.718750e-001
    endloop
  endfacet
  facet normal  0.000000e+000  1.000000e+000  0.000000e+000
    outer loop
      vertex  4.592425e-017  0.000000e+000  7.500000e-001
      vertex  7.500000e-001  0.000000e+000  1.718750e-001
      vertex  2.870266e-018  0.000000e+000  4.687500e-002
    endloop
  endfacet
  facet normal  0.000000e+000  1.000000e+000  0.000000e+000
    outer loop
      vertex  2.870266e-018  0.000000e+000  4.687500e-002
      vertex  7.500000e-001  0.000000e+000  1.718750e-001
      vertex  7.466975e-001  0.000000e+000  1.383439e-001
    endloop
  endfacet
  facet normal  0.000000e+000  9.999999e-001  0.000000e+000
    outer loop
      vertex  2.870266e-018  0.000000e+000  4.687500e-002
      vertex  7.466975e-001  0.000000e+000  1.383439e-001
      vertex  7.369168e-001  0.000000e+000  1.061013e-001
    endloop
  endfacet
  facet normal  0.000000e+000  1.000000e+000  0.000000e+000
    outer loop
      vertex  2.870266e-018  0.000000e+000  4.687500e-002
      vertex  7.369168e-001  0.000000e+000  1.061013e-001
      vertex  7.210338e-001  0.000000e+000  7.638637e-002
    endloop
  endfacet
  facet normal  0.000000e+000  1.000000e+000  0.000000e+000
    outer loop
      vertex  2.870266e-018  0.000000e+000  4.687500e-002
      vertex  7.210338e-001  0.000000e+000  7.638637e-002
      vertex  6.996590e-001  0.000000e+000  5.034102e-002
    endloop
  endfacet
  facet normal  0.000000e+000  1.000000e+000  0.000000e+000
    outer loop
      vertex  2.870266e-018  0.000000e+000  4.687500e-002
      vertex  6.996590e-001  0.000000e+000  5.034102e-002
      vertex  6.736136e-001  0.000000e+000  2.896616e-002
    endloop
  endfacet
  facet normal  0.000000e+000  1.000000e+000  0.000000e+000
    outer loop
      vertex  2.870266e-018  0.000000e+000  4.687500e-002
      vertex  6.736136e-001  0.000000e+000  2.896616e-002
      vertex  6.438987e-001  0.000000e+000  1.308321e-002
    endloop
  endfacet
  facet normal  0.000000e+000  1.000000e+000  0.000000e+000
    outer loop
      vertex  2.870266e-018  0.000000e+000  4.687500e-002
      vertex  6.438987e-001  0.000000e+000  1.308321e-002
      vertex  6.116561e-001  0.000000e+000  3.302530e-003
    endloop
  endfacet
  facet normal  0.000000e+000  9.999999e-001  0.000000e+000
    outer loop
      vertex  2.870266e-018  0.000000e+000  4.687500e-002
      vertex  6.116561e-001  0.000000e+000  3.302530e-003
      vertex  1.250000e-001  0.000000e+000 -7.654043e-018
    endloop
  endfacet
  facet normal -6.123234e-017  0.000000e+000 -1.000000e+000
    outer loop
      vertex  1.250000e-001  0.000000e+000 -7.654043e-018
      vertex  5.781250e-001  0.000000e+000 -3.539995e-017
      vertex  1.250000e-001 -7.500000e-001 -7.654043e-018
    endloop
  endfacet
  facet normal -6.123234e-017  0.000000e+000 -1.000000e+000
    outer loop
      vertex  1.250000e-001 -7.500000e-001 -7.654043e-018
      vertex  5.781250e-001  0.000000e+000 -3.539995e-017
      vertex  5.781250e-001 -7.500000e-001 -3.539995e-017
    endloop
  endfacet
  facet normal -1.000000e+000  0.000000e+000  6.123234e-017
    outer loop
      vertex  4.592425e-017  0.000000e+000  7.500000e-001
      vertex  2.870266e-018  0.000000e+000  4.687500e-002
      vertex  4.592425e-017 -7.500000e-001  7.500000e-001
    endloop
  endfacet
  facet normal -1.000000e+000  0.000000e+000  6.123234e-017
    outer loop
      vertex  4.592425e-017 -7.500000e-001  7.500000e-001
      vertex  2.870266e-018  0.000000e+000  4.687500e-002
      vertex  2.870266e-018 -7.500000e-001  4.687500e-002
    endloop
  endfacet
  facet normal -3.511235e-001  -0.000000e+000 -9.363292e-001
    outer loop
      vertex  2.870266e-018 -7.500000e-001  4.687500e-002
      vertex  2.870266e-018  0.000000e+000  4.687500e-002
      vertex  1.250000e-001 -7.500000e-001 -7.654043e-018
    endloop
  endfacet
  facet normal -3.511235e-001  0.000000e+000 -9.363292e-001
    outer loop
      vertex  1.250000e-001 -7.500000e-001 -7.654043e-018
      vertex  2.870266e-018  0.000000e+000  4.687500e-002
      vertex  1.250000e-001  0.000000e+000 -7.654043e-018
    endloop
  endfacet
  facet normal  1.000000e+000  0.000000e+000  0.000000e+000
    outer loop
      vertex  7.500000e-001  0.000000e+000  1.718750e-001
      vertex  7.500000e-001  0.000000e+000  6.875000e-001
      vertex  7.500000e-001 -7.500000e-001  1.718750e-001
    endloop
  endfacet
  facet normal  1.000000e+000  0.000000e+000  0.000000e+000
    outer loop
      vertex  7.500000e-001 -7.500000e-001  1.718750e-001
      vertex  7.500000e-001  0.000000e+000  6.875000e-001
      vertex  7.500000e-001 -7.500000e-001  6.875000e-001
    endloop
  endfacet
  facet normal  -0.000000e+000  0.000000e+000  1.000000e+000
    outer loop
      vertex  6.875000e-001  0.000000e+000  7.500000e-001
      vertex  4.592425e-017  0.000000e+000  7.500000e-001
      vertex  6.875000e-001 -7.500000e-001  7.500000e-001
    endloop
  endfacet
  facet normal  0.000000e+000  0.000000e+000  1.000000e+000
    outer loop
      vertex  6.875000e-001 -7.500000e-001  7.500000e-001
      vertex  4.592425e-017  0.000000e+000  7.500000e-001
      vertex  4.592425e-017 -7.500000e-001  7.500000e-001
    endloop
  endfacet
  facet normal  9.801669e-002  -0.000000e+000  9.951847e-001
    outer loop
      vertex  6.875000e-001  0.000000e+000  7.500000e-001
      vertex  6.875000e-001 -7.500000e-001  7.500000e-001
      vertex  6.996931e-001  0.000000e+000  7.487991e-001
    endloop
  endfacet
  facet normal  9.801669e-002  0.000000e+000  9.951847e-001
    outer loop
      vertex  6.996931e-001  0.000000e+000  7.487991e-001
      vertex  6.875000e-001 -7.500000e-001  7.500000e-001
      vertex  6.996931e-001 -7.500000e-001  7.487991e-001
    endloop
  endfacet
  facet normal  2.902842e-001  -0.000000e+000  9.569405e-001
    outer loop
      vertex  6.996931e-001  0.000000e+000  7.487991e-001
      vertex  6.996931e-001 -7.500000e-001  7.487991e-001
      vertex  7.114177e-001  0.000000e+000  7.452425e-001
    endloop
  endfacet
  facet normal  2.902842e-001  0.000000e+000  9.569405e-001
    outer loop
      vertex  7.114177e-001  0.000000e+000  7.452425e-001
      vertex  6.996931e-001 -7.500000e-001  7.487991e-001
      vertex  7.114177e-001 -7.500000e-001  7.452425e-001
    endloop
  endfacet
  facet normal  4.713973e-001  -0.000000e+000  8.819210e-001
    outer loop
      vertex  7.114177e-001  0.000000e+000  7.452425e-001
      vertex  7.114177e-001 -7.500000e-001  7.452425e-001
      vertex  7.222232e-001  0.000000e+000  7.394668e-001
    endloop
  endfacet
  facet normal  4.713973e-001  0.000000e+000  8.819210e-001
    outer loop
      vertex  7.222232e-001  0.000000e+000  7.394668e-001
      vertex  7.114177e-001 -7.500000e-001  7.452425e-001
      vertex  7.222232e-001 -7.500000e-001  7.394668e-001
    endloop
  endfacet
  facet normal  6.343951e-001  -0.000000e+000  7.730091e-001
    outer loop
      vertex  7.222232e-001  0.000000e+000  7.394668e-001
      vertex  7.222232e-001 -7.500000e-001  7.394668e-001
      vertex  7.316942e-001  0.000000e+000  7.316942e-001
    endloop
  endfacet
  facet normal  6.343951e-001  0.000000e+000  7.730091e-001
    outer loop
      vertex  7.316942e-001  0.000000e+000  7.316942e-001
      vertex  7.222232e-001 -7.500000e-001  7.394668e-001
      vertex  7.316942e-001 -7.500000e-001  7.316942e-001
    endloop
  endfacet
  facet normal  7.730091e-001  -0.000000e+000  6.343951e-001
    outer loop
      vertex  7.316942e-001  0.000000e+000  7.316942e-001
      vertex  7.316942e-001 -7.500000e-001  7.316942e-001
      vertex  7.394668e-001  0.000000e+000  7.222232e-001
    endloop
  endfacet
  facet normal  7.730091e-001  0.000000e+000  6.343951e-001
    outer loop
      vertex  7.394668e-001  0.000000e+000  7.222232e-001
      vertex  7.316942e-001 -7.500000e-001  7.316942e-001
      vertex  7.394668e-001 -7.500000e-001  7.222232e-001
    endloop
  endfacet
  facet normal  8.819210e-001  -0.000000e+000  4.713973e-001
    outer loop
      vertex  7.394668e-001  0.000000e+000  7.222232e-001
      vertex  7.394668e-001 -7.500000e-001  7.222232e-001
      vertex  7.452425e-001  0.000000e+000  7.114177e-001
    endloop
  endfacet
  facet normal  8.819210e-001  0.000000e+000  4.713973e-001
    outer loop
      vertex  7.452425e-001  0.000000e+000  7.114177e-001
      vertex  7.394668e-001 -7.500000e-001  7.222232e-001
      vertex  7.452425e-001 -7.500000e-001  7.114177e-001
    endloop
  endfacet
  facet normal  9.569405e-001  -0.000000e+000  2.902842e-001
    outer loop
      vertex  7.452425e-001  0.000000e+000  7.114177e-001
      vertex  7.452425e-001 -7.500000e-001  7.114177e-001
      vertex  7.487991e-001  0.000000e+000  6.996931e-001
    endloop
  endfacet
  facet normal  9.569405e-001  0.000000e+000  2.902842e-001
    outer loop
      vertex  7.487991e-001  0.000000e+000  6.996931e-001
      vertex  7.452425e-001 -7.500000e-001  7.114177e-001
      vertex  7.487991e-001 -7.500000e-001  6.996931e-001
    endloop
  endfacet
  facet normal  9.951847e-001  -0.000000e+000  9.801669e-002
    outer loop
      vertex  7.487991e-001  0.000000e+000  6.996931e-001
      vertex  7.487991e-001 -7.500000e-001  6.996931e-001
      vertex  7.500000e-001  0.000000e+000  6.875000e-001
    endloop
  endfacet
  facet normal  9.951847e-001  0.000000e+000  9.801669e-002
    outer loop
      vertex  7.500000e-001  0.000000e+000  6.875000e-001
      vertex  7.487991e-001 -7.500000e-001  6.996931e-001
      vertex  7.500000e-001 -7.500000e-001  6.875000e-001
    endloop
  endfacet
  facet normal  9.951848e-001  0.000000e+000 -9.801671e-002
    outer loop
      vertex  7.500000e-001  0.000000e+000  1.718750e-001
      vertex  7.500000e-001 -7.500000e-001  1.718750e-001
      vertex  7.466975e-001  0.000000e+000  1.383439e-001
    endloop
  endfacet
  facet normal  9.951848e-001  0.000000e+000 -9.801671e-002
    outer loop
      vertex  7.466975e-001  0.000000e+000  1.383439e-001
      vertex  7.500000e-001 -7.500000e-001  1.718750e-001
      vertex  7.466975e-001 -7.500000e-001  1.383439e-001
    endloop
  endfacet
  facet normal  9.569401e-001  0.000000e+000 -2.902854e-001
    outer loop
      vertex  7.466975e-001  0.000000e+000  1.383439e-001
      vertex  7.466975e-001 -7.500000e-001  1.383439e-001
      vertex  7.369168e-001  0.000000e+000  1.061013e-001
    endloop
  endfacet
  facet normal  9.569401e-001  0.000000e+000 -2.902854e-001
    outer loop
      vertex  7.369168e-001  0.000000e+000  1.061013e-001
      vertex  7.466975e-001 -7.500000e-001  1.383439e-001
      vertex  7.369168e-001 -7.500000e-001  1.061013e-001
    endloop
  endfacet
  facet normal  8.819210e-001  0.000000e+000 -4.713971e-001
    outer loop
      vertex  7.369168e-001  0.000000e+000  1.061013e-001
      vertex  7.369168e-001 -7.500000e-001  1.061013e-001
      vertex  7.210338e-001  0.000000e+000  7.638637e-002
    endloop
  endfacet
  facet normal  8.819210e-001  0.000000e+000 -4.713971e-001
    outer loop
      vertex  7.210338e-001  0.000000e+000  7.638637e-002
      vertex  7.369168e-001 -7.500000e-001  1.061013e-001
      vertex  7.210338e-001 -7.500000e-001  7.638637e-002
    endloop
  endfacet
  facet normal  7.730111e-001  0.000000e+000 -6.343926e-001
    outer loop
      vertex  7.210338e-001  0.000000e+000  7.638637e-002
      vertex  7.210338e-001 -7.500000e-001  7.638637e-002
      vertex  6.996590e-001  0.000000e+000  5.034102e-002
    endloop
  endfacet
  facet normal  7.730111e-001  0.000000e+000 -6.343926e-001
    outer loop
      vertex  6.996590e-001  0.000000e+000  5.034102e-002
      vertex  7.210338e-001 -7.500000e-001  7.638637e-002
      vertex  6.996590e-001 -7.500000e-001  5.034102e-002
    endloop
  endfacet
  facet normal  6.343927e-001  0.000000e+000 -7.730109e-001
    outer loop
      vertex  6.996590e-001  0.000000e+000  5.034102e-002
      vertex  6.996590e-001 -7.500000e-001  5.034102e-002
      vertex  6.736136e-001  0.000000e+000  2.896616e-002
    endloop
  endfacet
  facet normal  6.343927e-001  0.000000e+000 -7.730109e-001
    outer loop
      vertex  6.736136e-001  0.000000e+000  2.896616e-002
      vertex  6.996590e-001 -7.500000e-001  5.034102e-002
      vertex  6.736136e-001 -7.500000e-001  2.896616e-002
    endloop
  endfacet
  facet normal  4.713971e-001  0.000000e+000 -8.819210e-001
    outer loop
      vertex  6.736136e-001  0.000000e+000  2.896616e-002
      vertex  6.736136e-001 -7.500000e-001  2.896616e-002
      vertex  6.438987e-001  0.000000e+000  1.308321e-002
    endloop
  endfacet
  facet normal  4.713971e-001  0.000000e+000 -8.819210e-001
    outer loop
      vertex  6.438987e-001  0.000000e+000  1.308321e-002
      vertex  6.736136e-001 -7.500000e-001  2.896616e-002
      vertex  6.438987e-001 -7.500000e-001  1.308321e-002
    endloop
  endfacet
  facet normal  2.902844e-001  0.000000e+000 -9.569404e-001
    outer loop
      vertex  6.438987e-001  0.000000e+000  1.308321e-002
      vertex  6.438987e-001 -7.500000e-001  1.308321e-002
      vertex  6.116561e-001  0.000000e+000  3.302530e-003
    endloop
  endfacet
  facet normal  2.902844e-001  0.000000e+000 -9.569404e-001
    outer loop
      vertex  6.116561e-001  0.000000e+000  3.302530e-003
      vertex  6.438987e-001 -7.500000e-001  1.308321e-002
      vertex  6.116561e-001 -7.500000e-001  3.302530e-003
    endloop
  endfacet
  facet normal  9.801720e-002  0.000000e+000 -9.951847e-001
    outer loop
      vertex  6.116561e-001  0.000000e+000  3.302530e-003
      vertex  6.116561e-001 -7.500000e-001  3.302530e-003
      vertex  5.781250e-001  0.000000e+000 -3.539995e-017
    endloop
  endfacet
  facet normal  9.801720e-002  0.000000e+000 -9.951847e-001
    outer loop
      vertex  5.781250e-001  0.000000e+000 -3.539995e-017
      vertex  6.116561e-001 -7.500000e-001  3.302530e-003
      vertex  5.781250e-001 -7.500000e-001 -3.539995e-017
    endloop
  endfacet
endsolid CATIA STL
