solid CATIA STL
  facet normal -1.000000e+000  0.000000e+000  0.000000e+000
    outer loop
      vertex  0.000000e+000  1.685855e-001  7.500000e-001
      vertex  0.000000e+000  1.685855e-001  1.406250e-001
      vertex  0.000000e+000  0.000000e+000  1.406250e-001
    endloop
  endfacet
  facet normal -1.000000e+000  0.000000e+000  0.000000e+000
    outer loop
      vertex  0.000000e+000  1.685855e-001  7.500000e-001
      vertex  0.000000e+000  0.000000e+000  1.406250e-001
      vertex  0.000000e+000  0.000000e+000  6.171875e-001
    endloop
  endfacet
  facet normal -1.000000e+000  0.000000e+000  0.000000e+000
    outer loop
      vertex  0.000000e+000  1.685855e-001  7.500000e-001
      vertex  0.000000e+000  0.000000e+000  6.171875e-001
      vertex  0.000000e+000  2.551955e-003  6.430979e-001
    endloop
  endfacet
  facet normal -1.000000e+000  0.000000e+000  0.000000e+000
    outer loop
      vertex  0.000000e+000  1.685855e-001  7.500000e-001
      vertex  0.000000e+000  2.551955e-003  6.430979e-001
      vertex  0.000000e+000  1.010975e-002  6.680126e-001
    endloop
  endfacet
  facet normal -1.000000e+000  0.000000e+000  0.000000e+000
    outer loop
      vertex  0.000000e+000  1.685855e-001  7.500000e-001
      vertex  0.000000e+000  1.010975e-002  6.680126e-001
      vertex  0.000000e+000  2.238294e-002  6.909742e-001
    endloop
  endfacet
  facet normal -1.000000e+000  0.000000e+000  0.000000e+000
    outer loop
      vertex  0.000000e+000  1.685855e-001  7.500000e-001
      vertex  0.000000e+000  2.238294e-002  6.909742e-001
      vertex  0.000000e+000  3.889988e-002  7.111001e-001
    endloop
  endfacet
  facet normal -9.999999e-001  0.000000e+000  0.000000e+000
    outer loop
      vertex  0.000000e+000  1.685855e-001  7.500000e-001
      vertex  0.000000e+000  3.889988e-002  7.111001e-001
      vertex  0.000000e+000  5.902583e-002  7.276171e-001
    endloop
  endfacet
  facet normal -1.000000e+000  0.000000e+000  0.000000e+000
    outer loop
      vertex  0.000000e+000  1.685855e-001  7.500000e-001
      vertex  0.000000e+000  5.902583e-002  7.276171e-001
      vertex  0.000000e+000  8.198736e-002  7.398903e-001
    endloop
  endfacet
  facet normal -1.000000e+000  0.000000e+000  0.000000e+000
    outer loop
      vertex  0.000000e+000  1.685855e-001  7.500000e-001
      vertex  0.000000e+000  8.198736e-002  7.398903e-001
      vertex  0.000000e+000  1.069021e-001  7.474480e-001
    endloop
  endfacet
  facet normal -1.000000e+000  0.000000e+000  0.000000e+000
    outer loop
      vertex  0.000000e+000  1.685855e-001  7.500000e-001
      vertex  0.000000e+000  1.069021e-001  7.474480e-001
      vertex  0.000000e+000  1.328125e-001  7.500000e-001
    endloop
  endfacet
  facet normal  0.000000e+000 -9.999999e-001  0.000000e+000
    outer loop
      vertex  0.000000e+000  0.000000e+000  1.406250e-001
      vertex  2.702070e-003  0.000000e+000  1.131904e-001
      vertex  1.070444e-002  0.000000e+000  8.681014e-002
    endloop
  endfacet
  facet normal  0.000000e+000 -1.000000e+000  0.000000e+000
    outer loop
      vertex  0.000000e+000  0.000000e+000  1.406250e-001
      vertex  1.070444e-002  0.000000e+000  8.681014e-002
      vertex  2.369959e-002  0.000000e+000  6.249794e-002
    endloop
  endfacet
  facet normal  0.000000e+000 -9.999999e-001  0.000000e+000
    outer loop
      vertex  0.000000e+000  0.000000e+000  1.406250e-001
      vertex  2.369959e-002  0.000000e+000  6.249794e-002
      vertex  4.118811e-002  0.000000e+000  4.118811e-002
    endloop
  endfacet
  facet normal  0.000000e+000 -1.000000e+000  0.000000e+000
    outer loop
      vertex  0.000000e+000  0.000000e+000  1.406250e-001
      vertex  4.118811e-002  0.000000e+000  4.118811e-002
      vertex  6.249794e-002  0.000000e+000  2.369959e-002
    endloop
  endfacet
  facet normal  0.000000e+000 -1.000000e+000  0.000000e+000
    outer loop
      vertex  0.000000e+000  0.000000e+000  1.406250e-001
      vertex  6.249794e-002  0.000000e+000  2.369959e-002
      vertex  8.681014e-002  0.000000e+000  1.070444e-002
    endloop
  endfacet
  facet normal  0.000000e+000 -1.000000e+000  0.000000e+000
    outer loop
      vertex  0.000000e+000  0.000000e+000  1.406250e-001
      vertex  8.681014e-002  0.000000e+000  1.070444e-002
      vertex  1.131904e-001  0.000000e+000  2.702070e-003
    endloop
  endfacet
  facet normal  0.000000e+000 -1.000000e+000  0.000000e+000
    outer loop
      vertex  0.000000e+000  0.000000e+000  1.406250e-001
      vertex  1.131904e-001  0.000000e+000  2.702070e-003
      vertex  1.406250e-001  0.000000e+000  0.000000e+000
    endloop
  endfacet
  facet normal  0.000000e+000 -1.000000e+000  0.000000e+000
    outer loop
      vertex  0.000000e+000  0.000000e+000  1.406250e-001
      vertex  1.406250e-001  0.000000e+000  0.000000e+000
      vertex  1.953125e-001  0.000000e+000  0.000000e+000
    endloop
  endfacet
  facet normal  0.000000e+000 -1.000000e+000  0.000000e+000
    outer loop
      vertex  0.000000e+000  0.000000e+000  1.406250e-001
      vertex  1.953125e-001  0.000000e+000  0.000000e+000
      vertex  1.953125e-001  0.000000e+000  6.171875e-001
    endloop
  endfacet
  facet normal  -0.000000e+000 -1.000000e+000  0.000000e+000
    outer loop
      vertex  0.000000e+000  0.000000e+000  1.406250e-001
      vertex  1.953125e-001  0.000000e+000  6.171875e-001
      vertex  0.000000e+000  0.000000e+000  6.171875e-001
    endloop
  endfacet
  facet normal  0.000000e+000  0.000000e+000 -1.000000e+000
    outer loop
      vertex  1.406250e-001  0.000000e+000  0.000000e+000
      vertex  1.406250e-001  1.685855e-001  0.000000e+000
      vertex  1.953125e-001  0.000000e+000  0.000000e+000
    endloop
  endfacet
  facet normal  0.000000e+000  0.000000e+000 -1.000000e+000
    outer loop
      vertex  1.953125e-001  0.000000e+000  0.000000e+000
      vertex  1.406250e-001  1.685855e-001  0.000000e+000
      vertex  1.953125e-001  1.685855e-001  0.000000e+000
    endloop
  endfacet
  facet normal  0.000000e+000  1.000000e+000  0.000000e+000
    outer loop
      vertex  1.406250e-001  1.685855e-001  0.000000e+000
      vertex  1.131904e-001  1.685855e-001  2.702070e-003
      vertex  1.953125e-001  1.685855e-001  0.000000e+000
    endloop
  endfacet
  facet normal  -0.000000e+000  9.999999e-001  0.000000e+000
    outer loop
      vertex  0.000000e+000  1.685855e-001  1.406250e-001
      vertex  0.000000e+000  1.685855e-001  7.500000e-001
      vertex  1.953125e-001  1.685855e-001  7.500000e-001
    endloop
  endfacet
  facet normal  0.000000e+000  1.000000e+000  0.000000e+000
    outer loop
      vertex  0.000000e+000  1.685855e-001  1.406250e-001
      vertex  1.953125e-001  1.685855e-001  7.500000e-001
      vertex  1.953125e-001  1.685855e-001  0.000000e+000
    endloop
  endfacet
  facet normal  0.000000e+000  1.000000e+000  0.000000e+000
    outer loop
      vertex  0.000000e+000  1.685855e-001  1.406250e-001
      vertex  1.953125e-001  1.685855e-001  0.000000e+000
      vertex  1.131904e-001  1.685855e-001  2.702070e-003
    endloop
  endfacet
  facet normal  0.000000e+000  1.000000e+000  0.000000e+000
    outer loop
      vertex  0.000000e+000  1.685855e-001  1.406250e-001
      vertex  1.131904e-001  1.685855e-001  2.702070e-003
      vertex  8.681014e-002  1.685855e-001  1.070444e-002
    endloop
  endfacet
  facet normal  0.000000e+000  1.000000e+000  0.000000e+000
    outer loop
      vertex  0.000000e+000  1.685855e-001  1.406250e-001
      vertex  8.681014e-002  1.685855e-001  1.070444e-002
      vertex  6.249794e-002  1.685855e-001  2.369959e-002
    endloop
  endfacet
  facet normal  0.000000e+000  1.000000e+000  0.000000e+000
    outer loop
      vertex  0.000000e+000  1.685855e-001  1.406250e-001
      vertex  6.249794e-002  1.685855e-001  2.369959e-002
      vertex  4.118811e-002  1.685855e-001  4.118811e-002
    endloop
  endfacet
  facet normal  0.000000e+000  1.000000e+000  0.000000e+000
    outer loop
      vertex  0.000000e+000  1.685855e-001  1.406250e-001
      vertex  4.118811e-002  1.685855e-001  4.118811e-002
      vertex  2.369959e-002  1.685855e-001  6.249794e-002
    endloop
  endfacet
  facet normal  0.000000e+000  1.000000e+000  0.000000e+000
    outer loop
      vertex  0.000000e+000  1.685855e-001  1.406250e-001
      vertex  2.369959e-002  1.685855e-001  6.249794e-002
      vertex  1.070444e-002  1.685855e-001  8.681014e-002
    endloop
  endfacet
  facet normal  0.000000e+000  1.000000e+000  0.000000e+000
    outer loop
      vertex  0.000000e+000  1.685855e-001  1.406250e-001
      vertex  1.070444e-002  1.685855e-001  8.681014e-002
      vertex  2.702070e-003  1.685855e-001  1.131904e-001
    endloop
  endfacet
  facet normal -9.801713e-002  0.000000e+000 -9.951847e-001
    outer loop
      vertex  1.406250e-001  1.685855e-001  0.000000e+000
      vertex  1.406250e-001  0.000000e+000  0.000000e+000
      vertex  1.131904e-001  1.685855e-001  2.702070e-003
    endloop
  endfacet
  facet normal -9.801713e-002  -0.000000e+000 -9.951847e-001
    outer loop
      vertex  1.131904e-001  1.685855e-001  2.702070e-003
      vertex  1.406250e-001  0.000000e+000  0.000000e+000
      vertex  1.131904e-001  0.000000e+000  2.702070e-003
    endloop
  endfacet
  facet normal -2.902847e-001  0.000000e+000 -9.569404e-001
    outer loop
      vertex  1.131904e-001  1.685855e-001  2.702070e-003
      vertex  1.131904e-001  0.000000e+000  2.702070e-003
      vertex  8.681014e-002  1.685855e-001  1.070444e-002
    endloop
  endfacet
  facet normal -2.902847e-001  -0.000000e+000 -9.569404e-001
    outer loop
      vertex  8.681014e-002  1.685855e-001  1.070444e-002
      vertex  1.131904e-001  0.000000e+000  2.702070e-003
      vertex  8.681014e-002  0.000000e+000  1.070444e-002
    endloop
  endfacet
  facet normal -4.713967e-001  0.000000e+000 -8.819213e-001
    outer loop
      vertex  8.681014e-002  1.685855e-001  1.070444e-002
      vertex  8.681014e-002  0.000000e+000  1.070444e-002
      vertex  6.249794e-002  1.685855e-001  2.369959e-002
    endloop
  endfacet
  facet normal -4.713967e-001  -0.000000e+000 -8.819213e-001
    outer loop
      vertex  6.249794e-002  1.685855e-001  2.369959e-002
      vertex  8.681014e-002  0.000000e+000  1.070444e-002
      vertex  6.249794e-002  0.000000e+000  2.369959e-002
    endloop
  endfacet
  facet normal -6.343934e-001  0.000000e+000 -7.730105e-001
    outer loop
      vertex  6.249794e-002  1.685855e-001  2.369959e-002
      vertex  6.249794e-002  0.000000e+000  2.369959e-002
      vertex  4.118811e-002  1.685855e-001  4.118811e-002
    endloop
  endfacet
  facet normal -6.343934e-001  -0.000000e+000 -7.730105e-001
    outer loop
      vertex  4.118811e-002  1.685855e-001  4.118811e-002
      vertex  6.249794e-002  0.000000e+000  2.369959e-002
      vertex  4.118811e-002  0.000000e+000  4.118811e-002
    endloop
  endfacet
  facet normal -7.730105e-001  0.000000e+000 -6.343934e-001
    outer loop
      vertex  4.118811e-002  1.685855e-001  4.118811e-002
      vertex  4.118811e-002  0.000000e+000  4.118811e-002
      vertex  2.369959e-002  1.685855e-001  6.249794e-002
    endloop
  endfacet
  facet normal -7.730105e-001  -0.000000e+000 -6.343934e-001
    outer loop
      vertex  2.369959e-002  1.685855e-001  6.249794e-002
      vertex  4.118811e-002  0.000000e+000  4.118811e-002
      vertex  2.369959e-002  0.000000e+000  6.249794e-002
    endloop
  endfacet
  facet normal -8.819213e-001  0.000000e+000 -4.713967e-001
    outer loop
      vertex  2.369959e-002  1.685855e-001  6.249794e-002
      vertex  2.369959e-002  0.000000e+000  6.249794e-002
      vertex  1.070444e-002  1.685855e-001  8.681014e-002
    endloop
  endfacet
  facet normal -8.819213e-001  -0.000000e+000 -4.713967e-001
    outer loop
      vertex  1.070444e-002  1.685855e-001  8.681014e-002
      vertex  2.369959e-002  0.000000e+000  6.249794e-002
      vertex  1.070444e-002  0.000000e+000  8.681014e-002
    endloop
  endfacet
  facet normal -9.569404e-001  0.000000e+000 -2.902847e-001
    outer loop
      vertex  1.070444e-002  1.685855e-001  8.681014e-002
      vertex  1.070444e-002  0.000000e+000  8.681014e-002
      vertex  2.702070e-003  1.685855e-001  1.131904e-001
    endloop
  endfacet
  facet normal -9.569404e-001  -0.000000e+000 -2.902847e-001
    outer loop
      vertex  2.702070e-003  1.685855e-001  1.131904e-001
      vertex  1.070444e-002  0.000000e+000  8.681014e-002
      vertex  2.702070e-003  0.000000e+000  1.131904e-001
    endloop
  endfacet
  facet normal -9.951847e-001  0.000000e+000 -9.801713e-002
    outer loop
      vertex  2.702070e-003  1.685855e-001  1.131904e-001
      vertex  2.702070e-003  0.000000e+000  1.131904e-001
      vertex  0.000000e+000  1.685855e-001  1.406250e-001
    endloop
  endfacet
  facet normal -9.951847e-001  -0.000000e+000 -9.801713e-002
    outer loop
      vertex  0.000000e+000  1.685855e-001  1.406250e-001
      vertex  2.702070e-003  0.000000e+000  1.131904e-001
      vertex  0.000000e+000  0.000000e+000  1.406250e-001
    endloop
  endfacet
  facet normal  0.000000e+000  0.000000e+000  1.000000e+000
    outer loop
      vertex  0.000000e+000  1.328125e-001  7.500000e-001
      vertex  1.953125e-001  1.328125e-001  7.500000e-001
      vertex  0.000000e+000  1.685855e-001  7.500000e-001
    endloop
  endfacet
  facet normal  -0.000000e+000  0.000000e+000  1.000000e+000
    outer loop
      vertex  0.000000e+000  1.685855e-001  7.500000e-001
      vertex  1.953125e-001  1.328125e-001  7.500000e-001
      vertex  1.953125e-001  1.685855e-001  7.500000e-001
    endloop
  endfacet
  facet normal  1.000000e+000  -0.000000e+000  0.000000e+000
    outer loop
      vertex  1.953125e-001  1.685855e-001  7.500000e-001
      vertex  1.953125e-001  1.328125e-001  7.500000e-001
      vertex  1.953125e-001  1.069021e-001  7.474480e-001
    endloop
  endfacet
  facet normal  1.000000e+000  -0.000000e+000  0.000000e+000
    outer loop
      vertex  1.953125e-001  1.685855e-001  7.500000e-001
      vertex  1.953125e-001  1.069021e-001  7.474480e-001
      vertex  1.953125e-001  8.198736e-002  7.398903e-001
    endloop
  endfacet
  facet normal  1.000000e+000  -0.000000e+000  0.000000e+000
    outer loop
      vertex  1.953125e-001  1.685855e-001  7.500000e-001
      vertex  1.953125e-001  8.198736e-002  7.398903e-001
      vertex  1.953125e-001  5.902583e-002  7.276171e-001
    endloop
  endfacet
  facet normal  9.999999e-001  -0.000000e+000  0.000000e+000
    outer loop
      vertex  1.953125e-001  1.685855e-001  7.500000e-001
      vertex  1.953125e-001  5.902583e-002  7.276171e-001
      vertex  1.953125e-001  3.889988e-002  7.111001e-001
    endloop
  endfacet
  facet normal  1.000000e+000  -0.000000e+000  0.000000e+000
    outer loop
      vertex  1.953125e-001  1.685855e-001  7.500000e-001
      vertex  1.953125e-001  3.889988e-002  7.111001e-001
      vertex  1.953125e-001  2.238294e-002  6.909742e-001
    endloop
  endfacet
  facet normal  1.000000e+000  -0.000000e+000  0.000000e+000
    outer loop
      vertex  1.953125e-001  1.685855e-001  7.500000e-001
      vertex  1.953125e-001  2.238294e-002  6.909742e-001
      vertex  1.953125e-001  1.010975e-002  6.680126e-001
    endloop
  endfacet
  facet normal  1.000000e+000  -0.000000e+000  0.000000e+000
    outer loop
      vertex  1.953125e-001  1.685855e-001  7.500000e-001
      vertex  1.953125e-001  1.010975e-002  6.680126e-001
      vertex  1.953125e-001  2.551955e-003  6.430979e-001
    endloop
  endfacet
  facet normal  1.000000e+000  -0.000000e+000  0.000000e+000
    outer loop
      vertex  1.953125e-001  1.685855e-001  7.500000e-001
      vertex  1.953125e-001  2.551955e-003  6.430979e-001
      vertex  1.953125e-001  0.000000e+000  6.171875e-001
    endloop
  endfacet
  facet normal  1.000000e+000  -0.000000e+000  0.000000e+000
    outer loop
      vertex  1.953125e-001  1.685855e-001  7.500000e-001
      vertex  1.953125e-001  0.000000e+000  6.171875e-001
      vertex  1.953125e-001  0.000000e+000  0.000000e+000
    endloop
  endfacet
  facet normal  1.000000e+000  0.000000e+000  0.000000e+000
    outer loop
      vertex  1.953125e-001  1.685855e-001  7.500000e-001
      vertex  1.953125e-001  0.000000e+000  0.000000e+000
      vertex  1.953125e-001  1.685855e-001  0.000000e+000
    endloop
  endfacet
  facet normal  0.000000e+000 -9.951847e-001  9.801713e-002
    outer loop
      vertex  0.000000e+000  0.000000e+000  6.171875e-001
      vertex  1.953125e-001  0.000000e+000  6.171875e-001
      vertex  0.000000e+000  2.551955e-003  6.430979e-001
    endloop
  endfacet
  facet normal  0.000000e+000 -9.951847e-001  9.801713e-002
    outer loop
      vertex  0.000000e+000  2.551955e-003  6.430979e-001
      vertex  1.953125e-001  0.000000e+000  6.171875e-001
      vertex  1.953125e-001  2.551955e-003  6.430979e-001
    endloop
  endfacet
  facet normal  0.000000e+000 -9.569402e-001  2.902850e-001
    outer loop
      vertex  0.000000e+000  2.551955e-003  6.430979e-001
      vertex  1.953125e-001  2.551955e-003  6.430979e-001
      vertex  0.000000e+000  1.010975e-002  6.680126e-001
    endloop
  endfacet
  facet normal  0.000000e+000 -9.569402e-001  2.902850e-001
    outer loop
      vertex  0.000000e+000  1.010975e-002  6.680126e-001
      vertex  1.953125e-001  2.551955e-003  6.430979e-001
      vertex  1.953125e-001  1.010975e-002  6.680126e-001
    endloop
  endfacet
  facet normal  0.000000e+000 -8.819215e-001  4.713963e-001
    outer loop
      vertex  0.000000e+000  1.010975e-002  6.680126e-001
      vertex  1.953125e-001  1.010975e-002  6.680126e-001
      vertex  0.000000e+000  2.238294e-002  6.909742e-001
    endloop
  endfacet
  facet normal  0.000000e+000 -8.819215e-001  4.713963e-001
    outer loop
      vertex  0.000000e+000  2.238294e-002  6.909742e-001
      vertex  1.953125e-001  1.010975e-002  6.680126e-001
      vertex  1.953125e-001  2.238294e-002  6.909742e-001
    endloop
  endfacet
  facet normal  0.000000e+000 -7.730102e-001  6.343938e-001
    outer loop
      vertex  0.000000e+000  2.238294e-002  6.909742e-001
      vertex  1.953125e-001  2.238294e-002  6.909742e-001
      vertex  0.000000e+000  3.889988e-002  7.111001e-001
    endloop
  endfacet
  facet normal  0.000000e+000 -7.730102e-001  6.343938e-001
    outer loop
      vertex  0.000000e+000  3.889988e-002  7.111001e-001
      vertex  1.953125e-001  2.238294e-002  6.909742e-001
      vertex  1.953125e-001  3.889988e-002  7.111001e-001
    endloop
  endfacet
  facet normal  0.000000e+000 -6.343943e-001  7.730096e-001
    outer loop
      vertex  0.000000e+000  3.889988e-002  7.111001e-001
      vertex  1.953125e-001  3.889988e-002  7.111001e-001
      vertex  0.000000e+000  5.902583e-002  7.276171e-001
    endloop
  endfacet
  facet normal  0.000000e+000 -6.343943e-001  7.730096e-001
    outer loop
      vertex  0.000000e+000  5.902583e-002  7.276171e-001
      vertex  1.953125e-001  3.889988e-002  7.111001e-001
      vertex  1.953125e-001  5.902583e-002  7.276171e-001
    endloop
  endfacet
  facet normal  0.000000e+000 -4.713967e-001  8.819213e-001
    outer loop
      vertex  0.000000e+000  5.902583e-002  7.276171e-001
      vertex  1.953125e-001  5.902583e-002  7.276171e-001
      vertex  0.000000e+000  8.198736e-002  7.398903e-001
    endloop
  endfacet
  facet normal  0.000000e+000 -4.713967e-001  8.819213e-001
    outer loop
      vertex  0.000000e+000  8.198736e-002  7.398903e-001
      vertex  1.953125e-001  5.902583e-002  7.276171e-001
      vertex  1.953125e-001  8.198736e-002  7.398903e-001
    endloop
  endfacet
  facet normal  0.000000e+000 -2.902832e-001  9.569408e-001
    outer loop
      vertex  0.000000e+000  8.198736e-002  7.398903e-001
      vertex  1.953125e-001  8.198736e-002  7.398903e-001
      vertex  0.000000e+000  1.069021e-001  7.474480e-001
    endloop
  endfacet
  facet normal  0.000000e+000 -2.902832e-001  9.569408e-001
    outer loop
      vertex  0.000000e+000  1.069021e-001  7.474480e-001
      vertex  1.953125e-001  8.198736e-002  7.398903e-001
      vertex  1.953125e-001  1.069021e-001  7.474480e-001
    endloop
  endfacet
  facet normal  0.000000e+000 -9.801781e-002  9.951847e-001
    outer loop
      vertex  0.000000e+000  1.069021e-001  7.474480e-001
      vertex  1.953125e-001  1.069021e-001  7.474480e-001
      vertex  0.000000e+000  1.328125e-001  7.500000e-001
    endloop
  endfacet
  facet normal  0.000000e+000 -9.801781e-002  9.951847e-001
    outer loop
      vertex  0.000000e+000  1.328125e-001  7.500000e-001
      vertex  1.953125e-001  1.069021e-001  7.474480e-001
      vertex  1.953125e-001  1.328125e-001  7.500000e-001
    endloop
  endfacet
endsolid CATIA STL
