solid CATIA STL
  facet normal  0.000000e+000 -1.000000e+000  0.000000e+000
    outer loop
      vertex  5.740532e-018 -3.359375e-001  9.375000e-002
      vertex  1.801380e-003 -3.359375e-001  7.546028e-002
      vertex  7.136294e-003 -3.359375e-001  5.787343e-002
    endloop
  endfacet
  facet normal  0.000000e+000 -9.999999e-001  0.000000e+000
    outer loop
      vertex  5.740532e-018 -3.359375e-001  9.375000e-002
      vertex  7.136294e-003 -3.359375e-001  5.787343e-002
      vertex  1.579972e-002 -3.359375e-001  4.166529e-002
    endloop
  endfacet
  facet normal  0.000000e+000 -1.000000e+000  0.000000e+000
    outer loop
      vertex  5.740532e-018 -3.359375e-001  9.375000e-002
      vertex  1.579972e-002 -3.359375e-001  4.166529e-002
      vertex  2.745874e-002 -3.359375e-001  2.745874e-002
    endloop
  endfacet
  facet normal  0.000000e+000 -1.000000e+000  0.000000e+000
    outer loop
      vertex  5.740532e-018 -3.359375e-001  9.375000e-002
      vertex  2.745874e-002 -3.359375e-001  2.745874e-002
      vertex  4.166529e-002 -3.359375e-001  1.579972e-002
    endloop
  endfacet
  facet normal  0.000000e+000 -1.000000e+000  0.000000e+000
    outer loop
      vertex  5.740532e-018 -3.359375e-001  9.375000e-002
      vertex  4.166529e-002 -3.359375e-001  1.579972e-002
      vertex  5.787343e-002 -3.359375e-001  7.136294e-003
    endloop
  endfacet
  facet normal  0.000000e+000 -1.000000e+000  0.000000e+000
    outer loop
      vertex  5.740532e-018 -3.359375e-001  9.375000e-002
      vertex  5.787343e-002 -3.359375e-001  7.136294e-003
      vertex  7.546028e-002 -3.359375e-001  1.801380e-003
    endloop
  endfacet
  facet normal  0.000000e+000 -1.000000e+000  0.000000e+000
    outer loop
      vertex  5.740532e-018 -3.359375e-001  9.375000e-002
      vertex  7.546028e-002 -3.359375e-001  1.801380e-003
      vertex  9.375000e-002 -3.359375e-001 -5.740532e-018
    endloop
  endfacet
  facet normal  0.000000e+000 -1.000000e+000  0.000000e+000
    outer loop
      vertex  5.740532e-018 -3.359375e-001  9.375000e-002
      vertex  9.375000e-002 -3.359375e-001 -5.740532e-018
      vertex  7.500000e-001 -3.359375e-001 -4.592425e-017
    endloop
  endfacet
  facet normal  0.000000e+000 -1.000000e+000  0.000000e+000
    outer loop
      vertex  5.740532e-018 -3.359375e-001  9.375000e-002
      vertex  7.500000e-001 -3.359375e-001 -4.592425e-017
      vertex  7.500000e-001 -3.359375e-001  4.661184e-001
    endloop
  endfacet
  facet normal  -0.000000e+000 -1.000000e+000  0.000000e+000
    outer loop
      vertex  5.740532e-018 -3.359375e-001  9.375000e-002
      vertex  7.500000e-001 -3.359375e-001  4.661184e-001
      vertex  2.854152e-017 -3.359375e-001  4.661184e-001
    endloop
  endfacet
  facet normal -1.000000e+000  0.000000e+000  6.123234e-017
    outer loop
      vertex  2.854152e-017 -3.359375e-001  4.661184e-001
      vertex  5.740532e-018  0.000000e+000  9.375000e-002
      vertex  5.740532e-018 -3.359375e-001  9.375000e-002
    endloop
  endfacet
  facet normal -1.000000e+000 -1.667724e-021  6.123390e-017
    outer loop
      vertex  3.013255e-017 -3.220491e-001  4.921018e-001
      vertex  2.927379e-017 -3.335587e-001  4.780773e-001
      vertex  2.960461e-017 -3.306709e-001  4.834800e-001
    endloop
  endfacet
  facet normal -1.000000e+000  6.277319e-022  6.123161e-017
    outer loop
      vertex  3.013255e-017 -3.220491e-001  4.921018e-001
      vertex  2.960461e-017 -3.306709e-001  4.834800e-001
      vertex  2.989458e-017 -3.267846e-001  4.882155e-001
    endloop
  endfacet
  facet normal -1.000000e+000  1.060680e-021  6.123166e-017
    outer loop
      vertex  2.891483e-017 -3.353370e-001  4.722150e-001
      vertex  2.927379e-017 -3.335587e-001  4.780773e-001
      vertex  3.013255e-017 -3.220491e-001  4.921018e-001
    endloop
  endfacet
  facet normal -1.000000e+000 -8.717285e-022  6.123295e-017
    outer loop
      vertex  2.891483e-017 -3.353370e-001  4.722150e-001
      vertex  3.013255e-017 -3.220491e-001  4.921018e-001
      vertex  3.030937e-017 -3.166464e-001  4.949897e-001
    endloop
  endfacet
  facet normal -1.000000e+000  1.106893e-022  6.123215e-017
    outer loop
      vertex  2.891483e-017 -3.353370e-001  4.722150e-001
      vertex  3.030937e-017 -3.166464e-001  4.949897e-001
      vertex  3.041826e-017 -3.107841e-001  4.967680e-001
    endloop
  endfacet
  facet normal -1.000000e+000 -5.541193e-015  5.602425e-015
    outer loop
      vertex  2.891483e-017 -3.353370e-001  4.722150e-001
      vertex  3.041826e-017 -3.107841e-001  4.967680e-001
      vertex  0.000000e+000 -3.046875e-001  4.973684e-001
    endloop
  endfacet
  facet normal -9.999999e-001  9.995498e-017 -1.271334e-015
    outer loop
      vertex  2.891483e-017 -3.353370e-001  4.722150e-001
      vertex  0.000000e+000 -3.046875e-001  4.973684e-001
      vertex  3.045503e-017  0.000000e+000  4.973684e-001
    endloop
  endfacet
  facet normal -1.000000e+000  9.009409e-025  6.123234e-017
    outer loop
      vertex  2.891483e-017 -3.353370e-001  4.722150e-001
      vertex  3.045503e-017  0.000000e+000  4.973684e-001
      vertex  5.740532e-018  0.000000e+000  9.375000e-002
    endloop
  endfacet
  facet normal -1.000000e+000 -1.267196e-022  6.123223e-017
    outer loop
      vertex  2.891483e-017 -3.353370e-001  4.722150e-001
      vertex  5.740532e-018  0.000000e+000  9.375000e-002
      vertex  2.854152e-017 -3.359375e-001  4.661184e-001
    endloop
  endfacet
  facet normal  -0.000000e+000  1.000000e+000  0.000000e+000
    outer loop
      vertex  5.740532e-018  0.000000e+000  9.375000e-002
      vertex  3.045503e-017  0.000000e+000  4.973684e-001
      vertex  7.500000e-001  0.000000e+000  4.973684e-001
    endloop
  endfacet
  facet normal  0.000000e+000  1.000000e+000  0.000000e+000
    outer loop
      vertex  5.740532e-018  0.000000e+000  9.375000e-002
      vertex  7.500000e-001  0.000000e+000  4.973684e-001
      vertex  7.500000e-001  0.000000e+000 -4.592425e-017
    endloop
  endfacet
  facet normal  0.000000e+000  1.000000e+000  0.000000e+000
    outer loop
      vertex  5.740532e-018  0.000000e+000  9.375000e-002
      vertex  7.500000e-001  0.000000e+000 -4.592425e-017
      vertex  9.375000e-002  0.000000e+000 -5.740532e-018
    endloop
  endfacet
  facet normal  0.000000e+000  1.000000e+000  0.000000e+000
    outer loop
      vertex  5.740532e-018  0.000000e+000  9.375000e-002
      vertex  9.375000e-002  0.000000e+000 -5.740532e-018
      vertex  7.546028e-002  0.000000e+000  1.801380e-003
    endloop
  endfacet
  facet normal  0.000000e+000  1.000000e+000  0.000000e+000
    outer loop
      vertex  5.740532e-018  0.000000e+000  9.375000e-002
      vertex  7.546028e-002  0.000000e+000  1.801380e-003
      vertex  5.787343e-002  0.000000e+000  7.136294e-003
    endloop
  endfacet
  facet normal  0.000000e+000  1.000000e+000  0.000000e+000
    outer loop
      vertex  5.740532e-018  0.000000e+000  9.375000e-002
      vertex  5.787343e-002  0.000000e+000  7.136294e-003
      vertex  4.166529e-002  0.000000e+000  1.579972e-002
    endloop
  endfacet
  facet normal  0.000000e+000  1.000000e+000  0.000000e+000
    outer loop
      vertex  5.740532e-018  0.000000e+000  9.375000e-002
      vertex  4.166529e-002  0.000000e+000  1.579972e-002
      vertex  2.745874e-002  0.000000e+000  2.745874e-002
    endloop
  endfacet
  facet normal  0.000000e+000  1.000000e+000  0.000000e+000
    outer loop
      vertex  5.740532e-018  0.000000e+000  9.375000e-002
      vertex  2.745874e-002  0.000000e+000  2.745874e-002
      vertex  1.579972e-002  0.000000e+000  4.166529e-002
    endloop
  endfacet
  facet normal  0.000000e+000  9.999999e-001  0.000000e+000
    outer loop
      vertex  5.740532e-018  0.000000e+000  9.375000e-002
      vertex  1.579972e-002  0.000000e+000  4.166529e-002
      vertex  7.136294e-003  0.000000e+000  5.787343e-002
    endloop
  endfacet
  facet normal  0.000000e+000  1.000000e+000  0.000000e+000
    outer loop
      vertex  5.740532e-018  0.000000e+000  9.375000e-002
      vertex  7.136294e-003  0.000000e+000  5.787343e-002
      vertex  1.801380e-003  0.000000e+000  7.546028e-002
    endloop
  endfacet
  facet normal -6.123234e-017  -0.000000e+000 -1.000000e+000
    outer loop
      vertex  9.375000e-002 -3.359375e-001 -5.740532e-018
      vertex  9.375000e-002  0.000000e+000 -5.740532e-018
      vertex  7.500000e-001 -3.359375e-001 -4.592425e-017
    endloop
  endfacet
  facet normal -6.123234e-017  0.000000e+000 -1.000000e+000
    outer loop
      vertex  7.500000e-001 -3.359375e-001 -4.592425e-017
      vertex  9.375000e-002  0.000000e+000 -5.740532e-018
      vertex  7.500000e-001  0.000000e+000 -4.592425e-017
    endloop
  endfacet
  facet normal -9.801715e-002  0.000000e+000 -9.951847e-001
    outer loop
      vertex  9.375000e-002  0.000000e+000 -5.740532e-018
      vertex  9.375000e-002 -3.359375e-001 -5.740532e-018
      vertex  7.546028e-002  0.000000e+000  1.801380e-003
    endloop
  endfacet
  facet normal -9.801715e-002  -0.000000e+000 -9.951847e-001
    outer loop
      vertex  7.546028e-002  0.000000e+000  1.801380e-003
      vertex  9.375000e-002 -3.359375e-001 -5.740532e-018
      vertex  7.546028e-002 -3.359375e-001  1.801380e-003
    endloop
  endfacet
  facet normal -2.902846e-001  0.000000e+000 -9.569404e-001
    outer loop
      vertex  7.546028e-002  0.000000e+000  1.801380e-003
      vertex  7.546028e-002 -3.359375e-001  1.801380e-003
      vertex  5.787343e-002  0.000000e+000  7.136294e-003
    endloop
  endfacet
  facet normal -2.902846e-001  -0.000000e+000 -9.569404e-001
    outer loop
      vertex  5.787343e-002  0.000000e+000  7.136294e-003
      vertex  7.546028e-002 -3.359375e-001  1.801380e-003
      vertex  5.787343e-002 -3.359375e-001  7.136294e-003
    endloop
  endfacet
  facet normal -4.713967e-001  0.000000e+000 -8.819213e-001
    outer loop
      vertex  5.787343e-002  0.000000e+000  7.136294e-003
      vertex  5.787343e-002 -3.359375e-001  7.136294e-003
      vertex  4.166529e-002  0.000000e+000  1.579972e-002
    endloop
  endfacet
  facet normal -4.713967e-001  -0.000000e+000 -8.819213e-001
    outer loop
      vertex  4.166529e-002  0.000000e+000  1.579972e-002
      vertex  5.787343e-002 -3.359375e-001  7.136294e-003
      vertex  4.166529e-002 -3.359375e-001  1.579972e-002
    endloop
  endfacet
  facet normal -6.343933e-001  0.000000e+000 -7.730104e-001
    outer loop
      vertex  4.166529e-002  0.000000e+000  1.579972e-002
      vertex  4.166529e-002 -3.359375e-001  1.579972e-002
      vertex  2.745874e-002  0.000000e+000  2.745874e-002
    endloop
  endfacet
  facet normal -6.343933e-001  -0.000000e+000 -7.730104e-001
    outer loop
      vertex  2.745874e-002  0.000000e+000  2.745874e-002
      vertex  4.166529e-002 -3.359375e-001  1.579972e-002
      vertex  2.745874e-002 -3.359375e-001  2.745874e-002
    endloop
  endfacet
  facet normal -7.730104e-001  0.000000e+000 -6.343933e-001
    outer loop
      vertex  2.745874e-002  0.000000e+000  2.745874e-002
      vertex  2.745874e-002 -3.359375e-001  2.745874e-002
      vertex  1.579972e-002  0.000000e+000  4.166529e-002
    endloop
  endfacet
  facet normal -7.730104e-001  -0.000000e+000 -6.343933e-001
    outer loop
      vertex  1.579972e-002  0.000000e+000  4.166529e-002
      vertex  2.745874e-002 -3.359375e-001  2.745874e-002
      vertex  1.579972e-002 -3.359375e-001  4.166529e-002
    endloop
  endfacet
  facet normal -8.819213e-001  0.000000e+000 -4.713967e-001
    outer loop
      vertex  1.579972e-002  0.000000e+000  4.166529e-002
      vertex  1.579972e-002 -3.359375e-001  4.166529e-002
      vertex  7.136294e-003  0.000000e+000  5.787343e-002
    endloop
  endfacet
  facet normal -8.819213e-001  -0.000000e+000 -4.713967e-001
    outer loop
      vertex  7.136294e-003  0.000000e+000  5.787343e-002
      vertex  1.579972e-002 -3.359375e-001  4.166529e-002
      vertex  7.136294e-003 -3.359375e-001  5.787343e-002
    endloop
  endfacet
  facet normal -9.569404e-001  0.000000e+000 -2.902846e-001
    outer loop
      vertex  7.136294e-003  0.000000e+000  5.787343e-002
      vertex  7.136294e-003 -3.359375e-001  5.787343e-002
      vertex  1.801380e-003  0.000000e+000  7.546028e-002
    endloop
  endfacet
  facet normal -9.569404e-001  -0.000000e+000 -2.902846e-001
    outer loop
      vertex  1.801380e-003  0.000000e+000  7.546028e-002
      vertex  7.136294e-003 -3.359375e-001  5.787343e-002
      vertex  1.801380e-003 -3.359375e-001  7.546028e-002
    endloop
  endfacet
  facet normal -9.951847e-001  0.000000e+000 -9.801715e-002
    outer loop
      vertex  1.801380e-003  0.000000e+000  7.546028e-002
      vertex  1.801380e-003 -3.359375e-001  7.546028e-002
      vertex  5.740532e-018  0.000000e+000  9.375000e-002
    endloop
  endfacet
  facet normal -9.951847e-001  -0.000000e+000 -9.801715e-002
    outer loop
      vertex  5.740532e-018  0.000000e+000  9.375000e-002
      vertex  1.801380e-003 -3.359375e-001  7.546028e-002
      vertex  5.740532e-018 -3.359375e-001  9.375000e-002
    endloop
  endfacet
  facet normal  0.000000e+000  0.000000e+000  1.000000e+000
    outer loop
      vertex  7.500000e-001 -3.046875e-001  4.973684e-001
      vertex  7.500000e-001  0.000000e+000  4.973684e-001
      vertex  0.000000e+000 -3.046875e-001  4.973684e-001
    endloop
  endfacet
  facet normal  0.000000e+000  0.000000e+000  1.000000e+000
    outer loop
      vertex  0.000000e+000 -3.046875e-001  4.973684e-001
      vertex  7.500000e-001  0.000000e+000  4.973684e-001
      vertex  3.045503e-017  0.000000e+000  4.973684e-001
    endloop
  endfacet
  facet normal  1.000000e+000  -0.000000e+000  0.000000e+000
    outer loop
      vertex  7.500000e-001 -3.046875e-001  4.973684e-001
      vertex  7.500000e-001 -3.107841e-001  4.967680e-001
      vertex  7.500000e-001 -3.166464e-001  4.949897e-001
    endloop
  endfacet
  facet normal  1.000000e+000  -0.000000e+000  0.000000e+000
    outer loop
      vertex  7.500000e-001  0.000000e+000  4.973684e-001
      vertex  7.500000e-001 -3.046875e-001  4.973684e-001
      vertex  7.500000e-001 -3.166464e-001  4.949897e-001
    endloop
  endfacet
  facet normal  1.000000e+000  -0.000000e+000  0.000000e+000
    outer loop
      vertex  7.500000e-001  0.000000e+000  4.973684e-001
      vertex  7.500000e-001 -3.166464e-001  4.949897e-001
      vertex  7.500000e-001 -3.220491e-001  4.921018e-001
    endloop
  endfacet
  facet normal  1.000000e+000  -0.000000e+000  0.000000e+000
    outer loop
      vertex  7.500000e-001  0.000000e+000  4.973684e-001
      vertex  7.500000e-001 -3.220491e-001  4.921018e-001
      vertex  7.500000e-001 -3.267846e-001  4.882155e-001
    endloop
  endfacet
  facet normal  1.000000e+000  -0.000000e+000  0.000000e+000
    outer loop
      vertex  7.500000e-001  0.000000e+000  4.973684e-001
      vertex  7.500000e-001 -3.267846e-001  4.882155e-001
      vertex  7.500000e-001 -3.306709e-001  4.834800e-001
    endloop
  endfacet
  facet normal  9.999999e-001  -0.000000e+000  0.000000e+000
    outer loop
      vertex  7.500000e-001  0.000000e+000  4.973684e-001
      vertex  7.500000e-001 -3.306709e-001  4.834800e-001
      vertex  7.500000e-001 -3.335587e-001  4.780773e-001
    endloop
  endfacet
  facet normal  9.999999e-001  -0.000000e+000  0.000000e+000
    outer loop
      vertex  7.500000e-001  0.000000e+000  4.973684e-001
      vertex  7.500000e-001 -3.335587e-001  4.780773e-001
      vertex  7.500000e-001 -3.353370e-001  4.722150e-001
    endloop
  endfacet
  facet normal  1.000000e+000  -0.000000e+000  0.000000e+000
    outer loop
      vertex  7.500000e-001  0.000000e+000  4.973684e-001
      vertex  7.500000e-001 -3.353370e-001  4.722150e-001
      vertex  7.500000e-001 -3.359375e-001  4.661184e-001
    endloop
  endfacet
  facet normal  1.000000e+000  -0.000000e+000  0.000000e+000
    outer loop
      vertex  7.500000e-001  0.000000e+000  4.973684e-001
      vertex  7.500000e-001 -3.359375e-001  4.661184e-001
      vertex  7.500000e-001 -3.359375e-001 -4.592425e-017
    endloop
  endfacet
  facet normal  1.000000e+000  0.000000e+000  0.000000e+000
    outer loop
      vertex  7.500000e-001  0.000000e+000  4.973684e-001
      vertex  7.500000e-001 -3.359375e-001 -4.592425e-017
      vertex  7.500000e-001  0.000000e+000 -4.592425e-017
    endloop
  endfacet
  facet normal  0.000000e+000 -9.801669e-002  9.951847e-001
    outer loop
      vertex  7.500000e-001 -3.046875e-001  4.973684e-001
      vertex  0.000000e+000 -3.046875e-001  4.973684e-001
      vertex  7.500000e-001 -3.107841e-001  4.967680e-001
    endloop
  endfacet
  facet normal  0.000000e+000 -9.801669e-002  9.951847e-001
    outer loop
      vertex  7.500000e-001 -3.107841e-001  4.967680e-001
      vertex  0.000000e+000 -3.046875e-001  4.973684e-001
      vertex  3.041826e-017 -3.107841e-001  4.967680e-001
    endloop
  endfacet
  facet normal  0.000000e+000 -2.902842e-001  9.569405e-001
    outer loop
      vertex  7.500000e-001 -3.107841e-001  4.967680e-001
      vertex  3.041826e-017 -3.107841e-001  4.967680e-001
      vertex  7.500000e-001 -3.166464e-001  4.949897e-001
    endloop
  endfacet
  facet normal  0.000000e+000 -2.902842e-001  9.569405e-001
    outer loop
      vertex  7.500000e-001 -3.166464e-001  4.949897e-001
      vertex  3.041826e-017 -3.107841e-001  4.967680e-001
      vertex  3.030937e-017 -3.166464e-001  4.949897e-001
    endloop
  endfacet
  facet normal  0.000000e+000 -4.713973e-001  8.819210e-001
    outer loop
      vertex  7.500000e-001 -3.166464e-001  4.949897e-001
      vertex  3.030937e-017 -3.166464e-001  4.949897e-001
      vertex  7.500000e-001 -3.220491e-001  4.921018e-001
    endloop
  endfacet
  facet normal  0.000000e+000 -4.713973e-001  8.819210e-001
    outer loop
      vertex  7.500000e-001 -3.220491e-001  4.921018e-001
      vertex  3.030937e-017 -3.166464e-001  4.949897e-001
      vertex  3.013255e-017 -3.220491e-001  4.921018e-001
    endloop
  endfacet
  facet normal  0.000000e+000 -6.343951e-001  7.730091e-001
    outer loop
      vertex  7.500000e-001 -3.220491e-001  4.921018e-001
      vertex  3.013255e-017 -3.220491e-001  4.921018e-001
      vertex  7.500000e-001 -3.267846e-001  4.882155e-001
    endloop
  endfacet
  facet normal  0.000000e+000 -6.343951e-001  7.730091e-001
    outer loop
      vertex  7.500000e-001 -3.267846e-001  4.882155e-001
      vertex  3.013255e-017 -3.220491e-001  4.921018e-001
      vertex  2.989458e-017 -3.267846e-001  4.882155e-001
    endloop
  endfacet
  facet normal  0.000000e+000 -7.730109e-001  6.343926e-001
    outer loop
      vertex  7.500000e-001 -3.267846e-001  4.882155e-001
      vertex  2.989458e-017 -3.267846e-001  4.882155e-001
      vertex  7.500000e-001 -3.306709e-001  4.834800e-001
    endloop
  endfacet
  facet normal  0.000000e+000 -7.730109e-001  6.343926e-001
    outer loop
      vertex  7.500000e-001 -3.306709e-001  4.834800e-001
      vertex  2.989458e-017 -3.267846e-001  4.882155e-001
      vertex  2.960461e-017 -3.306709e-001  4.834800e-001
    endloop
  endfacet
  facet normal  0.000000e+000 -8.819199e-001  4.713993e-001
    outer loop
      vertex  7.500000e-001 -3.306709e-001  4.834800e-001
      vertex  2.960461e-017 -3.306709e-001  4.834800e-001
      vertex  7.500000e-001 -3.335587e-001  4.780773e-001
    endloop
  endfacet
  facet normal  0.000000e+000 -8.819199e-001  4.713993e-001
    outer loop
      vertex  7.500000e-001 -3.335587e-001  4.780773e-001
      vertex  2.960461e-017 -3.306709e-001  4.834800e-001
      vertex  2.927379e-017 -3.335587e-001  4.780773e-001
    endloop
  endfacet
  facet normal  0.000000e+000 -9.569405e-001  2.902842e-001
    outer loop
      vertex  7.500000e-001 -3.335587e-001  4.780773e-001
      vertex  2.927379e-017 -3.335587e-001  4.780773e-001
      vertex  7.500000e-001 -3.353370e-001  4.722150e-001
    endloop
  endfacet
  facet normal  0.000000e+000 -9.569405e-001  2.902842e-001
    outer loop
      vertex  7.500000e-001 -3.353370e-001  4.722150e-001
      vertex  2.927379e-017 -3.335587e-001  4.780773e-001
      vertex  2.891483e-017 -3.353370e-001  4.722150e-001
    endloop
  endfacet
  facet normal  0.000000e+000 -9.951847e-001  9.801669e-002
    outer loop
      vertex  7.500000e-001 -3.353370e-001  4.722150e-001
      vertex  2.891483e-017 -3.353370e-001  4.722150e-001
      vertex  7.500000e-001 -3.359375e-001  4.661184e-001
    endloop
  endfacet
  facet normal  0.000000e+000 -9.951847e-001  9.801669e-002
    outer loop
      vertex  7.500000e-001 -3.359375e-001  4.661184e-001
      vertex  2.891483e-017 -3.353370e-001  4.722150e-001
      vertex  2.854152e-017 -3.359375e-001  4.661184e-001
    endloop
  endfacet
endsolid CATIA STL
